//NbTournees
14
//IdTournes NbColis
1 6
//IdColis IdCommandeInColis NbProducts IdProd1 QtyProd1 IdProd2 QtyProd2 ...
1 1 11 3 2 127 1 150 3 153 3 29 3 58 4 112 1 141 2 163 1 211 2 166 1
14 2 12 3 2 12 1 127 2 150 2 153 2 29 2 58 4 110 1 112 2 141 1 211 1 1 1
4 1 12 187 2 188 5 18 3 128 1 151 1 193 2 7 4 28 4 23 4 31 3 37 1 21 1
8 1 15 177 1 183 5 190 1 194 1 1 4 4 4 14 1 32 3 54 3 48 3 49 1 25 1 66 3 75 1 94 1
17 2 18 18 1 128 2 151 2 193 3 13 1 7 3 15 2 16 1 34 3 44 1 28 1 23 2 31 1 19 2 37 2 21 2 59 1 64 1
28 3 16 187 1 176 3 196 3 10 1 18 3 128 3 151 2 193 3 13 1 19 2 7 2 21 2 15 2 16 1 28 1 17 1
//IdTournes NbColis
2 6
//IdColis IdCommandeInColis NbProducts IdProd1 QtyProd1 IdProd2 QtyProd2 ...
32 3 12 170 6 174 2 184 2 177 5 194 2 1 4 4 2 14 2 32 1 48 3 25 2 66 1
40 4 20 18 1 128 2 151 3 193 2 22 2 13 1 23 1 19 2 21 1 7 1 15 2 16 1 44 1 35 1 59 1 34 5 31 1 82 1 83 1 84 1
50 5 14 151 1 193 1 28 2 23 1 31 1 19 1 15 1 7 2 34 5 59 2 64 2 65 1 74 6 95 5
58 6 18 128 1 151 1 23 2 35 1 31 1 19 1 37 1 21 1 15 1 7 1 28 1 64 1 65 1 59 2 95 6 97 2 74 6 82 1
60 6 14 132 1 137 2 136 1 135 1 146 1 162 3 170 6 177 5 183 5 164 1 174 3 1 1 4 1 68 1
67 7 21 158 2 152 2 155 1 149 3 176 4 10 1 18 3 128 1 151 1 7 2 13 1 37 1 21 1 41 1 15 1 16 1 44 1 28 1 23 1 31 1 8 1
//IdTournes NbColis
3 6
//IdColis IdCommandeInColis NbProducts IdProd1 QtyProd1 IdProd2 QtyProd2 ...
71 7 20 175 3 4 1 14 2 1 1 48 2 49 2 25 1 32 1 66 1 54 1 75 1 71 2 81 3 107 1 103 1 129 1 118 3 157 2 167 3 43 1
78 8 19 187 2 188 2 18 2 128 1 151 1 28 1 7 1 23 1 31 1 19 2 37 2 21 1 15 1 64 2 65 2 70 1 72 1 59 1 74 6
81 8 21 174 1 175 6 14 1 32 1 1 3 54 1 66 1 71 1 48 2 25 1 75 1 81 1 118 2 103 1 157 1 173 2 167 1 43 1 57 3 120 1 27 1
87 9 13 128 2 151 3 193 2 28 3 23 2 7 3 19 1 21 1 15 1 34 5 65 3 86 1 74 4
90 9 16 184 4 177 5 164 1 194 1 201 1 203 2 204 1 4 2 14 2 1 2 48 2 25 2 66 2 75 2 71 2 107 1
91 9 17 107 2 103 1 81 2 118 3 157 2 173 2 167 1 195 2 43 1 57 1 120 2 133 3 134 3 178 4 199 2 30 2 17 1
//IdTournes NbColis
4 6
//IdColis IdCommandeInColis NbProducts IdProd1 QtyProd1 IdProd2 QtyProd2 ...
65 7 17 51 1 127 2 150 2 153 3 38 1 39 3 42 1 29 1 50 1 110 1 112 1 165 1 163 1 5 2 6 2 2 3 98 1
2 1 10 211 2 2 4 5 1 6 1 47 3 56 3 26 5 62 3 85 4 90 4
15 2 15 211 3 198 1 2 1 5 2 6 2 26 4 24 1 56 1 47 3 62 2 79 1 85 3 90 1 108 3 126 2
38 4 15 127 2 150 1 153 2 29 2 58 2 141 1 211 3 2 3 5 2 6 2 24 1 47 2 56 1 26 3 62 1
56 6 16 127 1 150 2 153 1 29 3 58 3 112 1 163 1 141 2 2 3 5 1 6 1 47 2 56 1 62 1 26 4 79 1
76 8 16 127 1 150 2 153 1 29 3 58 4 112 2 163 2 141 2 2 1 5 1 6 1 47 2 56 1 62 1 26 3 4 1
//IdTournes NbColis
5 6
//IdColis IdCommandeInColis NbProducts IdProd1 QtyProd1 IdProd2 QtyProd2 ...
21 2 21 203 2 4 1 14 2 25 2 32 1 48 3 66 1 54 1 75 1 71 2 81 1 103 1 129 1 118 2 157 2 173 3 167 2 195 1 213 1 43 1 57 2
26 3 14 51 1 127 2 161 2 150 2 153 2 29 2 58 2 141 2 179 3 5 2 6 2 24 1 26 3 191 1
48 5 16 127 1 150 2 153 1 29 3 58 3 141 2 179 2 211 1 26 3 5 1 6 1 56 2 62 1 47 1 79 2 85 2
85 9 14 127 3 161 3 150 2 29 1 58 1 179 1 198 1 5 2 6 2 47 2 62 3 26 4 85 2 209 1
16 2 13 126 1 138 3 139 3 158 2 152 2 155 3 149 4 176 3 187 2 172 1 196 4 10 1 18 1
39 4 15 62 1 85 3 126 3 149 2 138 4 152 1 155 1 139 3 158 1 176 4 187 1 196 3 10 1 18 2 77 1
//IdTournes NbColis
6 6
//IdColis IdCommandeInColis NbProducts IdProd1 QtyProd1 IdProd2 QtyProd2 ...
23 2 32 144 3 168 1 186 1 205 1 206 2 94 1 181 2 197 3 192 3 46 1 93 1 11 1 60 1 166 1 36 1 45 1 61 3 67 2 55 2 111 2 123 2 117 3 115 1 143 1 169 1 154 1 180 1 182 2 216 1 68 1 148 1 142 1
73 7 26 92 1 96 2 109 1 104 1 124 2 144 4 168 3 94 1 40 1 11 1 166 1 36 3 45 1 55 2 61 3 67 3 111 2 119 1 123 2 117 2 115 1 143 1 154 1 68 1 142 1 148 1
93 9 32 186 3 205 1 206 1 89 1 208 1 94 1 197 1 40 1 140 1 46 2 63 1 185 2 60 1 55 3 61 3 67 3 123 2 111 2 119 1 117 2 115 2 143 1 182 1 180 1 88 1 160 1 53 1 87 1 68 1 148 2 142 1 210 2
43 4 19 177 3 174 3 194 1 201 1 203 1 14 2 32 1 54 2 48 2 25 2 81 1 66 1 71 2 129 1 118 3 157 2 173 2 167 2 46 1
52 5 20 170 4 162 3 177 5 174 3 203 1 204 1 25 1 14 1 32 1 48 1 66 1 71 1 54 1 103 2 81 1 118 1 157 1 173 1 167 1 195 1
61 6 25 14 1 32 1 54 2 66 1 48 2 25 1 81 2 71 1 107 1 103 1 118 1 157 1 173 2 167 1 43 2 57 2 120 1 133 1 134 1 156 2 171 1 30 1 20 1 8 3 166 1
//IdTournes NbColis
7 6
//IdColis IdCommandeInColis NbProducts IdProd1 QtyProd1 IdProd2 QtyProd2 ...
29 3 13 28 1 23 1 34 5 31 3 44 1 64 1 65 3 73 1 70 2 72 1 74 7 82 2 83 3
66 7 12 47 2 26 4 24 1 56 1 62 3 79 3 85 3 90 2 108 1 126 3 138 4 139 3
62 6 25 8 1 9 1 27 2 92 3 109 2 104 1 96 2 130 3 124 1 131 3 144 3 168 1 36 1 55 2 61 2 67 1 111 1 115 2 123 1 117 2 154 2 143 1 169 1 148 1 142 1
10 1 15 156 1 171 1 212 3 8 5 9 3 27 4 30 3 20 1 33 2 69 4 76 2 80 1 92 4 109 1 55 1
22 2 19 120 2 133 2 134 2 156 2 171 2 212 2 8 4 9 1 27 2 30 1 20 1 80 2 92 2 96 2 109 1 104 1 130 3 124 1 131 2
44 4 19 195 1 213 1 57 2 120 2 134 3 133 2 156 1 171 3 178 2 20 1 8 3 9 2 30 1 80 3 96 1 109 1 104 2 130 3 131 1
//IdTournes NbColis
8 6
//IdColis IdCommandeInColis NbProducts IdProd1 QtyProd1 IdProd2 QtyProd2 ...
53 5 25 57 1 133 1 134 1 120 1 156 1 171 1 178 1 217 1 27 1 30 1 20 1 8 3 9 1 33 1 96 3 104 1 80 2 130 3 131 3 144 3 168 1 98 1 206 1 208 2 214 1
72 7 16 173 2 57 3 120 2 133 4 134 2 156 2 171 2 8 3 9 1 33 1 27 1 30 2 20 2 69 3 76 2 80 3
82 8 21 133 1 134 1 156 4 171 1 30 1 20 1 8 4 69 3 96 1 80 2 92 1 109 1 104 1 130 3 124 2 144 3 168 1 67 1 111 1 117 2 123 1
92 9 18 30 1 20 1 8 4 27 2 33 1 96 1 109 4 104 2 80 2 92 2 130 3 131 3 124 2 144 3 168 1 200 2 113 2 209 1
49 5 13 85 1 126 3 149 3 158 2 138 4 152 1 155 1 139 3 176 3 196 4 202 3 18 2 77 1
57 6 12 85 3 90 1 108 2 126 3 138 3 149 3 158 1 152 2 155 2 139 3 176 4 18 3
//IdTournes NbColis
9 6
//IdColis IdCommandeInColis NbProducts IdProd1 QtyProd1 IdProd2 QtyProd2 ...
86 9 14 79 3 90 1 108 1 126 2 138 3 139 3 149 1 152 3 176 4 172 1 196 3 202 3 18 2 207 1
34 3 16 133 1 134 5 156 1 171 2 178 3 20 2 8 4 9 1 27 1 33 1 92 2 109 1 104 2 130 3 124 3 131 3
5 1 13 41 1 15 1 59 3 64 3 65 3 74 6 70 2 72 1 86 2 82 1 83 1 84 4 95 3
35 3 26 144 3 168 3 91 1 192 1 140 1 93 1 159 1 52 1 185 1 60 1 45 1 55 3 61 4 67 3 111 2 123 2 117 3 115 2 154 2 143 4 169 1 182 3 180 1 53 2 68 1 87 1
45 4 26 131 1 144 4 168 1 113 1 205 1 208 1 192 2 181 1 60 2 166 1 45 1 55 2 67 2 111 2 115 1 123 2 117 2 154 1 169 1 182 2 180 2 68 1 148 1 142 1 210 1 209 2
33 3 16 71 3 54 1 75 3 81 3 107 1 103 2 129 1 118 3 157 2 173 3 167 3 195 2 43 1 57 1 120 2 133 2
//IdTournes NbColis
10 6
//IdColis IdCommandeInColis NbProducts IdProd1 QtyProd1 IdProd2 QtyProd2 ...
27 3 16 26 1 56 1 62 3 47 3 85 2 90 2 79 3 108 2 126 2 138 3 152 1 149 2 155 1 139 2 158 1 187 1
11 1 21 109 3 96 3 104 3 130 1 124 4 144 4 168 1 55 1 61 2 67 3 123 1 111 1 117 3 115 2 143 1 154 1 169 1 182 1 180 1 68 1 142 2
9 1 14 75 1 71 1 81 4 107 2 103 4 118 3 157 1 173 3 167 3 57 4 120 1 133 3 134 1 156 2
54 5 24 208 1 181 1 192 1 159 1 218 1 60 1 78 1 102 1 166 1 61 3 67 1 111 1 123 1 117 1 115 1 143 1 180 2 182 1 169 2 68 1 148 2 142 1 207 1 209 3
18 2 12 65 3 73 1 72 1 86 1 74 6 70 1 95 6 97 2 82 2 83 2 84 2 100 4
41 4 12 64 1 65 2 73 1 86 2 74 6 70 1 95 6 114 5 116 1 100 5 101 1 214 1
//IdTournes NbColis
11 6
//IdColis IdCommandeInColis NbProducts IdProd1 QtyProd1 IdProd2 QtyProd2 ...
68 7 13 59 1 64 1 65 2 73 1 74 7 70 2 72 1 97 2 82 1 83 2 84 3 99 1 95 7
3 1 11 79 1 108 4 126 4 139 4 149 4 152 4 155 3 158 3 172 2 187 1 77 1
77 8 13 26 1 79 1 85 3 90 3 108 2 138 3 139 3 126 3 149 3 158 1 152 2 155 2 176 3
88 9 15 74 3 70 2 72 1 84 1 95 7 101 4 105 1 106 2 97 1 82 1 83 1 121 1 114 5 116 1 209 1
59 6 11 83 1 70 2 84 2 114 5 116 1 100 5 101 3 105 4 106 2 121 1 132 5
6 1 10 95 3 105 4 106 3 97 1 121 4 114 5 116 1 100 5 101 3 132 2
//IdTournes NbColis
12 6
//IdColis IdCommandeInColis NbProducts IdProd1 QtyProd1 IdProd2 QtyProd2 ...
30 3 9 84 3 95 7 100 5 101 4 105 2 106 3 97 3 121 2 114 2
51 5 14 95 1 100 5 101 3 105 3 106 1 84 1 121 1 132 6 135 1 114 5 146 1 137 1 170 2 214 1
79 8 11 95 6 97 1 82 1 83 1 84 3 114 5 116 1 100 5 101 3 105 4 106 1
19 2 12 100 1 101 3 105 3 106 3 121 1 125 1 132 6 114 5 116 2 137 3 136 2 135 1
69 7 10 100 5 101 4 105 6 106 3 121 1 122 1 125 1 114 5 116 2 132 3
80 8 12 106 1 132 6 137 2 121 1 136 1 135 2 146 2 162 3 164 1 177 5 183 5 174 2
//IdTournes NbColis
13 6
//IdColis IdCommandeInColis NbProducts IdProd1 QtyProd1 IdProd2 QtyProd2 ...
31 3 12 114 3 116 3 132 7 137 1 136 2 135 3 125 1 146 2 147 3 162 3 164 2 170 1
42 4 15 101 2 105 2 106 2 97 1 125 1 132 6 136 1 135 2 146 2 137 1 162 2 164 1 170 6 177 2 209 1
7 1 11 132 4 137 2 136 1 135 2 146 1 147 2 162 5 164 1 174 3 175 6 177 4
70 7 14 132 3 137 1 136 1 135 3 145 1 162 2 164 1 146 1 177 3 189 1 183 5 190 1 174 4 175 4
89 9 8 100 5 132 7 136 1 135 3 146 5 162 3 170 7 209 1
20 2 11 135 1 146 2 147 2 162 4 164 2 170 6 177 5 183 2 174 3 194 2 201 2
//IdTournes NbColis
14 2
//IdColis IdCommandeInColis NbProducts IdProd1 QtyProd1 IdProd2 QtyProd2 ...
36 3 2 148 1 142 2
24 2 1 215 2
