//NbTournees
6
//IdTournes NbColis
1 6
//IdColis IdCommandeInColis NbProducts IdProd1 QtyProd1 IdProd2 QtyProd2 ...
2 1 27 14 1 21 1 24 1 16 1 22 1 178 1 137 1 11 1 6 5 1 1 29 1 13 1 25 1 28 1 31 2 141 1 19 1 201 1 286 1 290 1 105 1 147 1 107 1 166 1 236 2 154 1 251 1
19 5 20 85 1 299 1 27 1 301 1 34 1 313 1 108 1 74 1 211 1 305 1 314 1 303 1 311 2 317 1 6 5 1 1 91 1 71 1 13 1 147 1
32 8 22 175 1 39 2 48 1 34 1 178 1 22 1 50 1 6 5 1 1 171 1 89 1 13 1 174 2 25 1 170 1 292 1 293 1 107 2 294 1 166 1 236 1 162 1
3 1 39 166 1 227 3 15 1 165 5 2 3 12 2 10 1 18 1 26 1 30 1 163 1 164 2 167 2 257 1 20 1 8 1 3 1 256 1 9 1 35 1 155 1 99 1 224 1 121 2 187 1 241 1 289 1 255 1 5 1 253 1 100 1 144 1 270 1 254 1 232 1 122 1 156 1 4 2 140 1
6 2 33 46 1 52 1 165 5 12 1 43 1 38 2 41 1 189 1 164 2 167 2 188 1 3 1 44 1 47 1 9 2 35 1 155 1 99 1 224 1 53 1 117 3 187 1 94 5 185 1 248 1 250 1 154 1 184 1 144 1 37 1 156 1 4 1 140 2
10 3 54 55 1 331 1 148 1 263 1 70 1 133 1 136 1 105 1 285 1 325 1 312 1 101 1 308 1 107 2 93 1 66 2 104 1 236 1 310 2 329 1 65 1 191 1 38 1 197 5 283 1 316 1 198 1 63 1 3 1 47 1 61 2 155 1 62 1 302 1 333 1 282 1 142 1 121 1 103 1 92 1 196 1 153 1 284 1 214 2 130 1 150 1 154 1 261 1 100 1 77 2 160 1 144 1 192 2 193 1
//IdTournes NbColis
2 6
//IdColis IdCommandeInColis NbProducts IdProd1 QtyProd1 IdProd2 QtyProd2 ...
16 4 44 65 1 191 1 2 1 197 5 18 1 239 1 278 1 3 1 47 1 243 1 328 1 35 1 320 1 62 2 304 1 99 1 87 1 121 1 187 1 203 1 94 5 241 1 103 1 196 1 153 1 157 1 92 1 214 2 154 1 238 1 100 2 77 2 160 1 204 1 144 1 161 2 192 2 193 3 158 2 159 3 95 1 242 1 237 2 218 5
21 5 41 197 5 316 1 198 1 63 1 3 1 47 1 61 2 155 1 35 1 300 1 302 1 304 1 99 1 121 1 187 1 309 1 94 5 103 1 92 1 196 1 153 2 157 1 214 2 261 1 100 1 120 1 96 1 160 1 77 1 144 1 192 2 193 3 158 2 159 3 161 2 95 1 237 2 218 5 98 1 190 1 156 1
25 6 45 141 1 344 1 306 1 265 2 170 1 107 2 227 5 236 1 348 1 165 5 346 1 2 1 164 2 167 2 189 1 26 2 351 1 296 2 198 2 3 1 47 1 268 2 9 3 35 1 155 1 224 1 347 1 117 2 121 2 230 1 100 1 266 1 120 1 162 1 267 1 144 1 95 1 229 1 270 1 235 1 122 1 269 2 156 1 4 1 140 2
30 7 30 197 4 3 1 47 1 35 1 155 1 62 1 99 1 206 1 121 1 187 1 103 1 153 1 157 1 196 1 92 1 214 2 150 1 100 1 77 2 160 1 144 1 158 2 159 2 161 2 192 2 193 2 95 1 205 2 218 5 140 1
33 8 36 166 4 275 1 279 1 165 5 43 2 163 1 164 2 167 2 10 1 41 1 296 1 278 1 198 1 8 1 47 1 3 1 35 1 155 1 277 1 117 1 121 2 187 1 94 3 274 1 154 2 162 1 144 1 169 1 276 1 168 1 177 1 122 1 190 1 156 1 4 1 140 2
9 3 18 211 1 314 1 317 1 303 1 311 2 6 5 1 1 134 1 71 2 91 1 259 2 336 1 69 1 141 1 258 1 209 1 19 1 35 1
//IdTournes NbColis
3 6
//IdColis IdCommandeInColis NbProducts IdProd1 QtyProd1 IdProd2 QtyProd2 ...
4 2 17 36 1 181 1 213 1 182 1 186 1 233 1 123 1 17 2 226 1 97 1 249 1 49 1 40 1 42 1 45 1 102 1 33 1
14 4 22 172 1 244 1 139 1 246 1 34 1 313 1 50 1 211 1 16 1 321 1 305 1 6 5 1 1 80 1 83 1 86 1 199 2 210 1 202 1 322 1 162 1 140 1
8 3 20 27 1 332 2 327 1 335 1 32 1 132 1 143 1 113 1 139 1 334 1 34 1 313 1 56 1 72 1 74 1 50 1 137 2 211 1 305 1 140 1
28 7 24 102 1 221 1 337 1 78 1 59 1 64 1 339 1 340 1 342 1 327 1 208 1 220 1 338 1 34 1 178 1 211 1 50 1 305 1 6 4 202 1 147 1 162 1 156 1 140 1
29 7 33 6 1 1 1 343 1 83 1 199 1 210 1 80 1 207 1 341 1 51 1 209 1 25 1 323 1 148 1 147 3 222 1 105 1 325 1 312 1 146 1 308 1 107 1 93 1 66 2 212 2 104 1 310 2 329 1 65 1 191 1 38 1 197 1 154 1
15 4 30 81 1 88 1 89 1 207 1 247 1 51 2 209 1 25 1 19 1 323 1 306 1 201 1 240 1 148 2 147 4 105 1 325 1 312 1 101 1 308 1 107 2 93 1 66 2 245 1 104 1 236 1 310 2 329 2 324 1 156 1
//IdTournes NbColis
4 6
//IdColis IdCommandeInColis NbProducts IdProd1 QtyProd1 IdProd2 QtyProd2 ...
20 5 32 207 1 259 1 69 1 51 2 258 1 209 1 25 1 19 1 55 1 306 1 194 1 148 2 263 1 90 1 105 1 106 1 147 1 312 1 101 1 307 1 308 1 107 2 93 1 66 2 104 1 195 1 310 2 15 1 65 1 191 1 2 1 154 1
24 6 21 124 2 126 1 128 1 129 1 223 1 137 1 22 1 127 1 349 1 350 1 11 1 353 1 6 5 1 1 112 1 81 1 111 1 125 1 51 1 163 1 162 1
13 4 20 123 1 225 2 97 1 78 3 79 1 82 1 84 2 85 1 102 1 135 1 280 2 299 1 318 1 319 1 68 1 326 1 327 1 172 1 200 1 155 1
23 6 22 17 2 226 1 352 1 271 1 272 1 225 2 97 1 231 2 135 1 345 1 318 1 57 1 340 1 332 1 172 1 173 1 234 1 113 1 114 1 301 1 110 1 232 1
5 2 19 32 2 183 1 39 1 48 1 34 1 50 1 178 1 6 5 1 1 171 1 25 1 51 2 141 1 54 1 105 1 101 1 107 1 166 5 163 1
31 8 19 115 1 213 1 273 1 260 1 123 1 17 2 291 1 297 1 97 1 102 1 180 1 45 2 295 1 42 1 172 1 173 1 32 1 179 1 176 1
//IdTournes NbColis
5 6
//IdColis IdCommandeInColis NbProducts IdProd1 QtyProd1 IdProd2 QtyProd2 ...
18 5 14 262 1 298 1 36 1 213 1 182 1 260 1 75 1 315 1 97 1 102 1 78 1 60 1 79 1 109 1
1 1 15 213 1 76 1 287 1 182 1 228 2 186 1 7 1 17 1 226 1 23 1 97 2 252 1 27 1 135 1 288 1
22 6 13 36 1 115 1 116 1 118 1 213 1 264 1 149 1 228 1 260 1 233 1 123 2 17 1 119 1
7 3 21 36 1 76 1 149 1 75 1 330 1 97 1 249 1 57 1 58 1 59 1 60 1 64 1 67 1 68 1 73 1 131 1 135 1 138 1 82 1 299 1 25 1
11 3 9 193 2 158 2 159 3 161 2 95 1 205 2 218 5 156 1 4 2
27 7 13 145 1 151 1 152 1 116 1 213 1 215 1 216 1 217 1 149 1 75 1 97 1 219 1 34 1
//IdTournes NbColis
6 1
//IdColis IdCommandeInColis NbProducts IdProd1 QtyProd1 IdProd2 QtyProd2 ...
12 4 13 76 1 145 1 215 1 216 1 213 1 217 1 151 1 152 1 149 1 281 1 75 1 123 1 117 1
