//NbTournees
5
//IdTournes NbColis
1 6
//IdColis IdCommandeInColis NbProducts IdProd1 QtyProd1 IdProd2 QtyProd2 ...
14 4 15 74 1 79 1 91 1 95 1 96 1 132 1 133 1 183 1 171 1 181 2 33 1 167 1 219 1 86 1 76 1
28 7 21 109 1 168 1 170 1 195 1 174 1 36 1 103 1 223 2 226 1 100 1 29 1 40 2 130 3 78 1 41 1 58 3 173 1 227 1 80 1 178 2 81 1
12 3 33 169 1 192 1 36 1 59 1 185 1 208 1 226 1 8 1 21 2 157 2 188 1 78 1 49 1 207 1 210 1 227 1 80 2 153 2 216 1 81 2 31 1 70 2 63 1 62 2 12 2 5 1 125 1 88 2 89 2 1 4 18 3 20 5 7 1
18 5 19 166 1 150 1 45 1 57 1 172 1 181 1 186 1 205 1 231 1 38 1 184 1 86 5 177 1 198 1 200 1 201 1 48 1 190 2 77 1
27 7 16 166 1 241 1 131 2 225 1 99 1 175 1 181 1 197 1 199 1 203 1 211 1 46 1 86 5 220 1 105 1 40 1
36 9 22 135 1 136 1 176 1 35 1 86 5 194 1 209 1 214 1 222 1 236 1 101 1 196 1 228 2 36 1 233 1 100 1 56 1 106 1 51 1 78 1 147 1 1 1
//IdTournes NbColis
2 6
//IdColis IdCommandeInColis NbProducts IdProd1 QtyProd1 IdProd2 QtyProd2 ...
19 5 37 190 1 206 1 52 1 180 1 71 1 234 2 56 1 29 1 78 1 224 3 80 1 178 1 81 1 31 1 27 1 25 1 44 1 28 3 93 2 3 1 67 1 92 1 24 1 62 1 12 1 5 1 69 2 88 2 89 2 151 1 32 1 145 1 1 5 16 1 18 7 20 5 155 2
15 4 31 86 4 220 1 179 1 229 1 236 1 157 1 191 1 202 1 204 1 87 1 240 1 182 1 78 1 224 1 80 1 81 1 31 1 94 1 37 2 93 1 3 1 62 1 12 1 5 1 69 1 88 2 89 2 90 2 32 1 1 5 20 5
7 2 20 267 1 181 2 199 1 217 1 35 1 184 1 50 1 86 5 114 1 54 1 215 1 64 1 190 1 232 1 236 2 212 1 180 1 213 1 84 1 88 1
1 1 15 74 1 79 1 91 1 95 1 96 1 132 1 163 1 34 1 43 1 45 1 57 1 181 2 252 1 33 1 156 1
2 1 23 46 1 184 1 86 5 250 1 114 1 198 1 201 1 113 1 247 1 64 1 236 1 226 1 248 1 234 1 255 1 8 1 21 1 121 1 254 1 193 1 40 3 130 3 153 1
37 9 29 193 1 218 1 102 1 49 2 187 1 189 1 221 1 239 2 144 1 149 1 81 1 31 1 154 1 53 1 3 1 147 1 238 1 65 1 13 2 12 2 5 1 148 1 88 2 89 3 42 1 32 2 1 4 18 3 20 5
//IdTournes NbColis
3 6
//IdColis IdCommandeInColis NbProducts IdProd1 QtyProd1 IdProd2 QtyProd2 ...
23 6 22 86 3 220 1 64 1 110 1 190 2 249 1 229 1 59 2 208 3 29 1 117 1 87 1 152 1 60 1 188 1 40 3 123 1 130 3 78 1 41 2 115 1 155 1
32 8 22 64 1 190 3 195 1 242 1 36 1 196 1 213 1 223 1 253 1 244 1 8 1 21 2 265 2 245 1 29 1 260 1 60 1 188 1 40 3 130 3 78 1 80 1
24 6 46 41 1 58 2 243 1 116 1 80 2 11 2 81 2 31 1 9 2 156 5 118 5 22 1 44 1 37 2 53 1 83 1 93 1 3 1 142 1 65 1 122 2 13 2 23 2 12 2 66 1 5 1 120 1 69 1 125 2 30 1 68 1 88 2 89 3 151 1 10 3 17 2 42 1 143 1 4 1 2 1 1 4 16 1 18 5 20 5 155 1 7 5
31 8 13 91 1 132 1 133 1 95 1 268 1 267 1 160 1 108 1 262 1 46 1 86 5 198 1 246 1
22 6 13 91 1 132 1 133 1 164 1 134 1 135 1 136 1 137 1 160 1 256 1 46 1 86 2 216 1
29 7 28 216 1 31 1 156 5 119 1 118 4 97 2 44 1 19 1 28 3 37 1 70 2 83 1 3 1 98 1 62 2 12 2 5 1 125 2 68 1 88 2 89 3 10 2 14 1 32 4 18 6 20 5 1 5 7 6
//IdTournes NbColis
4 6
//IdColis IdCommandeInColis NbProducts IdProd1 QtyProd1 IdProd2 QtyProd2 ...
11 3 12 165 1 137 1 166 2 241 2 158 1 237 1 45 1 55 1 219 1 86 5 53 1 1 1
3 1 48 78 1 41 1 251 1 263 1 112 1 80 2 128 1 61 1 11 4 81 2 31 1 9 1 156 1 119 1 124 1 154 1 118 5 19 1 37 1 53 2 93 2 129 1 3 1 67 1 15 1 39 1 126 1 26 1 62 2 6 1 12 2 5 1 127 1 69 3 125 1 68 1 88 2 89 3 90 1 14 3 2 2 32 1 1 5 18 8 20 5 82 1 155 1 7 4
8 2 31 234 2 8 1 230 1 56 1 51 1 40 3 130 3 78 1 235 1 80 1 81 1 31 1 154 1 94 1 53 1 3 1 67 1 92 1 62 2 12 2 5 1 69 1 89 3 141 1 32 5 1 5 18 7 20 5 139 1 155 2 7 2
21 6 9 159 1 162 1 74 1 75 2 111 2 79 2 91 1 72 1 1 1
33 8 39 58 1 263 1 140 1 104 3 81 2 11 2 31 1 9 4 156 5 94 5 118 5 261 2 264 1 44 1 146 1 70 2 28 2 93 1 129 1 3 1 257 1 259 1 266 1 62 2 12 2 5 1 69 1 125 2 68 1 88 2 89 3 14 3 258 1 2 1 32 2 1 5 16 1 18 4 20 5
10 3 12 74 1 79 2 91 2 132 1 95 1 96 1 163 1 134 1 43 1 44 1 32 1 47 1
//IdTournes NbColis
5 6
//IdColis IdCommandeInColis NbProducts IdProd1 QtyProd1 IdProd2 QtyProd2 ...
26 7 13 74 1 79 1 91 1 132 1 133 1 95 1 163 1 134 1 135 1 137 1 43 1 118 1 32 1
5 2 8 159 1 74 1 75 2 111 2 79 2 91 2 45 1 118 1
17 5 13 74 1 79 1 91 1 132 1 133 1 95 1 163 1 134 1 135 1 137 1 73 1 77 1 47 1
35 9 12 74 1 75 1 137 1 111 1 79 1 91 1 132 1 133 1 164 1 134 1 57 1 80 1
30 8 11 134 1 135 1 136 1 74 1 75 1 138 1 111 1 79 2 91 1 107 1 80 1
6 2 12 161 1 132 1 133 1 164 1 134 1 135 1 136 1 137 1 150 1 85 1 160 1 88 1
