//NbTournees
21
//IdTournes NbColis
1 6
//IdColis IdCommandeInColis NbProducts IdProd1 QtyProd1 IdProd2 QtyProd2 ...
1 1 14 24 1 57 1 7 1 21 1 237 1 121 1 442 1 34 1 157 1 11 1 118 1 1 1 4 1 9 1
2 1 33 17 1 18 1 31 1 33 1 64 1 110 1 140 1 13 1 14 1 441 1 148 1 446 1 443 1 181 1 183 1 338 1 144 1 6 1 16 1 27 1 286 1 324 1 186 1 185 1 304 1 333 1 193 1 2 1 23 1 173 1 362 1 204 1 216 1
5 2 23 34 1 157 1 133 1 11 1 1 2 3 1 4 1 9 1 17 1 31 1 33 2 64 1 110 1 452 1 140 1 13 1 14 1 148 1 241 1 441 1 179 1 181 1 206 1
6 2 15 32 1 144 1 190 1 239 1 6 1 16 1 27 1 12 1 213 1 159 1 185 1 219 1 2 1 30 1 35 1
7 3 15 24 1 57 1 21 1 407 1 137 1 308 1 388 1 34 1 409 1 157 1 11 1 1 1 4 1 9 1 32 1
8 3 31 18 1 31 1 33 1 64 1 140 1 13 1 14 1 420 1 148 2 181 1 183 1 307 1 6 1 16 1 27 1 12 1 286 1 425 1 22 1 86 1 141 1 19 1 186 1 185 1 193 1 2 1 30 1 173 1 204 1 216 1 294 1
//IdTournes NbColis
2 6
//IdColis IdCommandeInColis NbProducts IdProd1 QtyProd1 IdProd2 QtyProd2 ...
10 4 13 57 1 7 2 21 1 137 1 237 1 257 1 121 1 457 1 246 1 157 1 11 1 1 1 153 1
12 4 14 159 1 341 1 22 1 220 1 219 1 193 1 2 1 5 1 23 1 35 1 342 1 323 1 320 1 206 1
13 5 12 20 1 24 1 57 1 21 1 137 1 237 1 121 1 419 1 157 1 11 1 1 1 140 1
14 5 33 1 1 4 1 9 1 31 1 64 1 13 1 14 1 148 1 181 1 183 1 142 1 284 1 123 1 144 1 422 1 6 1 16 1 27 1 111 1 311 1 159 1 22 1 429 1 324 1 186 1 426 1 185 1 333 1 193 1 2 1 23 1 206 1 315 1
17 6 30 9 1 17 1 26 2 31 1 115 1 117 1 140 1 13 1 14 1 476 1 454 2 148 1 179 1 181 1 28 1 32 1 144 1 16 1 27 1 12 1 213 1 484 1 159 1 22 1 219 1 193 1 2 1 30 1 35 1 206 1
20 7 36 127 1 143 1 13 1 14 1 148 1 39 1 129 2 179 1 180 1 181 1 142 1 28 2 144 1 145 1 191 1 6 1 16 1 51 1 27 1 12 1 159 1 22 1 186 1 185 1 219 1 193 1 2 1 30 1 173 1 178 1 225 1 206 3 209 1 226 1 199 1 195 1
//IdTournes NbColis
3 6
//IdColis IdCommandeInColis NbProducts IdProd1 QtyProd1 IdProd2 QtyProd2 ...
23 8 36 115 1 117 1 279 1 143 1 479 1 13 1 45 1 148 1 150 1 480 1 256 1 42 1 179 1 181 1 414 1 28 1 472 1 144 1 6 1 16 1 27 1 12 1 213 1 159 1 38 1 217 1 219 1 193 1 2 1 55 1 30 1 35 1 178 1 267 1 206 1 209 1
26 9 36 13 1 14 1 148 1 131 1 181 1 183 1 153 1 211 1 123 1 144 1 145 1 149 1 6 1 16 1 27 1 215 1 218 1 12 1 124 1 155 1 159 1 38 1 54 1 186 1 223 1 185 1 219 1 193 1 2 1 30 1 203 1 173 1 222 1 204 1 216 1 231 1
29 10 30 9 1 44 1 17 1 26 2 31 1 64 1 468 1 110 1 13 1 14 1 148 1 181 1 183 1 470 1 32 1 144 1 6 1 16 1 27 1 111 1 213 1 471 1 159 1 185 1 219 1 193 1 2 1 23 1 35 1 206 1
32 11 36 70 1 143 1 13 1 14 1 148 1 150 1 179 1 181 1 61 1 36 1 47 1 69 1 32 1 144 1 16 1 27 1 60 1 213 1 274 1 159 1 135 1 247 1 168 1 56 1 192 1 250 1 185 1 219 1 193 1 2 1 46 1 50 1 30 1 35 1 206 1 270 1
36 12 18 166 1 177 1 159 1 192 1 186 1 122 1 185 1 200 1 430 1 53 1 219 1 187 1 193 1 2 1 30 1 173 1 204 1 216 1
38 13 26 17 1 18 1 31 1 64 1 110 1 140 1 13 1 14 1 83 1 148 1 181 1 183 1 144 1 6 1 16 1 27 1 86 1 411 1 186 1 185 1 193 1 2 1 23 1 173 1 204 1 216 1
//IdTournes NbColis
4 6
//IdColis IdCommandeInColis NbProducts IdProd1 QtyProd1 IdProd2 QtyProd2 ...
42 14 11 185 1 345 1 436 2 343 1 219 1 193 1 2 1 71 1 30 1 35 1 206 1
44 15 29 72 1 74 1 17 1 26 2 462 1 31 1 115 1 117 1 463 1 13 1 14 1 76 1 148 1 150 1 181 1 32 1 144 1 6 1 16 1 27 1 401 1 159 1 22 1 86 1 185 1 193 1 2 1 384 1 35 1
49 16 19 15 1 16 1 27 1 12 1 159 1 186 1 272 1 185 1 304 1 293 1 291 1 193 1 2 1 82 1 30 2 173 1 204 1 216 1 301 1
51 17 28 64 1 13 1 148 1 179 1 181 1 61 1 32 1 144 1 6 1 16 1 27 1 12 1 410 1 213 1 159 1 22 1 86 1 185 1 219 1 464 1 193 1 2 1 30 1 35 1 81 1 84 1 320 1 206 1
55 18 42 13 1 14 1 148 1 179 1 181 1 189 1 29 1 210 1 144 1 465 2 6 1 75 1 15 1 16 1 27 1 152 1 111 1 196 1 213 1 159 1 135 1 141 1 126 1 168 1 217 1 201 1 212 1 185 1 193 1 2 1 73 1 30 1 107 1 182 2 202 1 214 1 172 1 174 1 188 1 197 1 227 1 230 2
58 19 29 4 1 31 1 33 1 64 1 143 1 13 1 14 1 455 1 148 1 232 1 181 1 183 1 144 1 459 1 6 1 16 1 27 1 111 1 159 1 22 1 450 1 185 1 219 1 193 1 2 1 95 1 30 1 460 1 84 1
//IdTournes NbColis
5 6
//IdColis IdCommandeInColis NbProducts IdProd1 QtyProd1 IdProd2 QtyProd2 ...
62 20 19 144 1 16 1 27 1 12 1 213 1 159 1 22 1 337 1 440 1 325 1 185 1 94 1 219 1 193 1 2 1 30 1 35 1 398 1 264 1
65 21 26 259 1 144 1 32 1 16 1 27 1 87 1 91 1 12 1 196 1 311 1 159 1 22 1 186 1 201 1 185 1 219 1 193 1 2 1 5 1 89 1 50 1 292 1 396 1 95 1 30 1 35 1
69 22 24 88 1 15 1 16 1 27 1 321 1 111 1 22 1 86 1 141 1 186 1 304 1 2 1 23 1 173 1 172 1 204 1 225 1 318 1 216 1 328 1 315 1 319 1 184 1 270 1
73 23 26 144 1 6 1 16 1 27 1 215 1 12 1 213 1 159 1 324 1 325 1 185 1 219 1 193 1 2 1 30 2 35 1 317 1 221 1 228 1 305 1 229 1 224 1 225 2 328 1 227 1 230 1
78 24 14 144 1 6 1 15 1 16 1 27 1 159 1 186 1 185 1 193 1 2 1 30 1 275 1 173 1 216 1
82 25 16 165 1 12 1 100 1 196 1 483 1 159 1 282 1 277 1 201 1 185 2 2 1 82 1 30 1 35 1 216 1 195 1
//IdTournes NbColis
6 6
//IdColis IdCommandeInColis NbProducts IdProd1 QtyProd1 IdProd2 QtyProd2 ...
85 26 41 148 2 150 1 179 1 181 1 32 1 144 1 163 1 208 1 16 1 27 1 154 1 165 1 167 1 87 1 410 1 177 1 213 1 159 1 22 1 194 1 185 1 436 2 219 1 193 1 170 1 2 1 95 1 108 1 30 2 35 1 398 1 203 1 173 1 204 1 207 1 171 1 206 1 216 1 184 1 195 1 448 1
88 27 31 140 2 13 1 14 1 240 1 148 1 252 1 181 1 29 1 259 1 144 1 6 1 15 1 16 1 27 1 218 1 111 1 159 1 22 1 186 1 260 1 185 1 219 1 261 1 273 1 193 1 2 1 23 1 107 1 263 1 206 1 268 1
99 30 31 9 1 381 1 17 1 105 1 119 1 143 1 148 1 150 1 13 1 45 1 242 1 179 1 181 1 29 1 32 1 27 1 75 1 15 1 12 1 161 1 213 1 233 1 155 1 159 1 254 2 185 1 107 1 30 1 2 1 206 1 335 3
102 31 35 148 1 13 1 183 1 36 1 375 1 125 1 144 1 151 1 6 1 16 1 27 1 215 1 111 1 161 1 213 1 198 1 159 1 22 1 220 1 185 1 219 2 193 2 2 1 30 1 35 1 169 1 221 1 228 2 229 1 176 1 224 1 225 1 216 1 205 1 270 1
105 32 33 117 1 140 1 241 1 148 1 13 1 14 1 256 1 181 1 183 1 189 1 238 1 28 1 234 2 236 1 144 2 27 1 12 1 159 1 186 1 272 1 185 1 271 1 219 1 193 1 265 1 2 1 71 1 30 1 392 1 173 1 204 1 225 1 216 1
108 33 31 64 1 110 1 148 1 13 1 14 1 179 1 181 1 251 1 29 1 211 1 144 1 32 1 6 1 15 1 16 1 27 1 111 1 155 1 159 1 185 1 219 1 193 1 2 1 23 1 107 1 173 1 204 1 264 2 267 1 225 1 216 1
//IdTournes NbColis
7 6
//IdColis IdCommandeInColis NbProducts IdProd1 QtyProd1 IdProd2 QtyProd2 ...
111 34 28 148 1 13 1 14 1 181 1 183 1 289 1 134 1 284 2 144 1 191 1 6 1 16 1 27 1 111 1 213 1 159 1 186 1 374 1 185 1 219 1 193 1 2 1 30 1 305 1 173 1 204 1 306 1 216 1
112 35 17 57 1 24 1 137 1 297 1 237 1 121 1 157 1 11 1 1 1 4 1 9 1 26 1 31 1 64 1 120 1 140 1 22 1
113 35 28 148 1 13 1 14 1 181 1 183 1 144 1 6 1 16 1 27 1 111 1 286 1 194 1 186 1 185 1 200 1 219 1 273 1 193 1 292 1 2 1 23 1 203 1 173 1 300 1 204 1 216 1 290 1 184 1
114 36 19 21 1 347 1 137 1 237 1 281 1 121 1 283 1 157 1 11 1 1 2 4 1 9 1 349 1 31 1 64 1 279 1 248 1 140 1 144 1
115 36 25 148 1 13 1 14 1 181 1 183 1 6 1 346 1 16 1 27 1 111 1 286 1 356 1 22 1 277 1 186 1 296 1 185 1 219 1 193 1 2 1 23 1 173 1 295 1 204 1 216 1
117 37 26 181 1 371 1 29 1 144 1 6 1 15 1 16 1 27 1 111 1 159 1 22 1 186 1 299 1 303 1 185 1 219 1 193 1 2 1 23 1 173 1 204 1 264 1 216 1 226 1 184 2 270 1
//IdTournes NbColis
8 6
//IdColis IdCommandeInColis NbProducts IdProd1 QtyProd1 IdProd2 QtyProd2 ...
119 38 25 181 1 183 1 144 1 32 1 16 1 27 1 327 1 159 1 22 1 186 1 185 1 370 1 219 1 175 1 193 2 2 2 30 1 323 1 173 1 295 1 204 1 318 1 320 1 216 1 329 1
121 39 23 181 1 183 1 29 1 144 1 236 1 15 1 16 1 27 1 111 1 314 1 286 1 135 1 22 1 186 1 393 1 185 1 219 1 193 1 2 1 23 1 173 1 204 1 216 1
123 40 23 6 1 15 1 16 1 27 1 376 1 111 1 159 1 22 1 337 1 186 1 325 1 185 1 304 1 333 1 193 1 2 1 23 1 107 1 173 1 204 1 336 1 216 1 329 1
125 41 21 32 1 387 1 144 1 6 1 15 1 16 1 27 1 166 1 111 1 356 1 159 1 186 1 382 1 185 1 219 1 193 1 2 1 30 1 173 1 204 1 216 1
127 42 18 6 1 16 1 27 1 154 1 334 1 159 1 22 1 331 1 186 1 185 1 219 1 193 1 2 1 30 1 81 1 173 1 204 1 216 1
129 43 19 16 1 27 1 111 1 159 1 22 1 282 1 186 1 185 1 291 1 193 1 2 1 23 1 398 1 173 1 204 1 320 1 216 1 226 1 335 1
//IdTournes NbColis
9 6
//IdColis IdCommandeInColis NbProducts IdProd1 QtyProd1 IdProd2 QtyProd2 ...
130 44 24 21 1 137 1 308 1 281 1 121 1 157 1 11 1 4 1 9 1 18 1 31 1 64 1 140 1 148 1 13 1 14 1 181 1 183 1 29 1 144 1 6 1 15 1 16 1 2 1
132 45 24 137 1 308 1 388 1 34 1 157 1 160 1 11 1 4 2 31 1 33 1 64 1 377 1 140 1 148 1 13 1 14 1 181 1 183 1 29 1 375 1 32 1 307 1 6 1 2 1
135 46 13 27 1 386 1 111 1 22 1 304 1 193 1 2 1 23 1 317 1 173 1 204 1 216 1 315 1
137 47 11 286 1 22 1 141 1 340 1 185 1 304 1 193 1 2 1 396 1 23 1 344 1
139 48 20 16 1 27 1 215 1 218 1 22 1 186 1 325 1 185 1 219 2 193 1 2 1 384 1 228 1 173 1 222 1 204 1 225 1 320 1 216 1 231 1
140 49 23 350 1 354 1 235 1 34 1 118 1 1 1 18 1 33 1 355 1 148 1 361 1 129 1 32 1 125 1 353 1 192 1 186 1 360 1 333 1 173 1 362 1 204 1 216 1
//IdTournes NbColis
10 6
//IdColis IdCommandeInColis NbProducts IdProd1 QtyProd1 IdProd2 QtyProd2 ...
142 50 23 52 1 7 1 58 1 139 1 160 1 1 2 351 1 359 1 240 1 357 1 364 1 134 1 282 1 365 1 186 1 325 1 323 1 173 1 363 1 204 1 216 1 205 1 367 1
144 51 17 57 1 24 1 7 1 21 1 34 2 1 2 33 1 32 1 307 1 86 1 186 1 173 1 348 1 204 1 216 1 197 1 366 1
146 52 15 57 1 24 1 34 1 358 1 1 1 18 1 33 1 253 1 352 1 86 1 186 1 108 1 173 1 204 1 216 1
11 4 28 3 1 4 1 9 1 17 1 25 1 31 1 33 1 64 1 110 1 453 1 253 1 127 1 140 1 13 1 14 1 148 1 179 1 181 1 29 1 387 1 144 1 6 1 15 1 16 1 27 1 111 1 213 1 185 1
16 6 15 10 1 7 1 8 1 136 1 146 1 121 1 473 1 474 1 139 1 157 1 481 1 482 1 3 1 4 1 185 1
22 8 17 8 1 43 1 136 1 146 1 121 1 139 1 475 1 157 1 3 2 4 1 9 1 17 1 26 2 31 1 62 1 65 1 185 1
//IdTournes NbColis
11 6
//IdColis IdCommandeInColis NbProducts IdProd1 QtyProd1 IdProd2 QtyProd2 ...
28 10 14 7 2 58 1 137 1 478 1 391 1 59 1 146 1 121 1 157 1 130 1 439 1 3 1 4 1 140 1
31 11 18 24 1 136 1 146 1 121 1 139 1 269 2 246 1 249 1 157 1 40 1 3 1 4 1 41 1 63 1 64 1 66 1 67 1 37 1
35 12 25 139 1 133 2 157 1 130 1 160 1 11 1 49 1 3 1 4 1 31 1 115 1 143 1 13 1 45 1 148 1 232 1 181 1 183 1 134 1 28 1 32 1 144 1 145 1 190 1 27 1
41 14 25 146 1 121 1 157 1 358 1 3 1 4 1 9 1 17 1 31 1 26 2 115 1 117 1 13 1 14 1 148 1 181 1 183 1 144 2 16 1 27 1 12 1 213 1 159 1 22 1 221 1
43 15 12 77 1 7 2 373 1 136 1 146 1 139 1 157 1 11 1 3 1 4 1 9 1 143 1
50 17 14 77 1 52 1 58 1 137 1 146 1 121 1 157 1 11 1 3 1 4 1 9 1 26 1 31 1 140 1
//IdTournes NbColis
12 6
//IdColis IdCommandeInColis NbProducts IdProd1 QtyProd1 IdProd2 QtyProd2 ...
61 20 23 157 1 244 1 11 1 3 3 4 1 9 1 17 1 26 2 31 1 115 1 117 1 13 1 14 1 148 1 150 1 252 1 129 1 181 1 183 1 332 1 338 1 32 1 206 1
72 23 24 137 1 121 1 157 1 417 1 11 1 439 1 3 1 4 1 9 1 31 1 26 2 115 1 312 1 140 1 13 1 148 1 83 1 42 1 181 1 183 1 326 1 93 1 32 1 193 1
98 30 17 383 1 146 1 235 1 139 1 257 1 133 1 157 1 244 1 118 1 40 1 31 1 115 1 116 1 117 1 3 1 4 1 145 1
101 31 17 52 1 136 1 146 1 156 1 121 1 139 1 269 2 133 1 157 1 11 1 3 1 4 1 104 1 31 1 115 1 140 1 181 1
19 7 14 48 1 8 1 132 1 136 1 146 1 121 1 139 1 157 1 4 1 9 1 17 1 26 2 31 1 138 1
25 9 15 57 1 24 1 58 1 137 1 146 1 121 1 157 1 11 1 4 1 9 1 26 2 31 1 64 1 120 1 140 1
//IdTournes NbColis
13 6
//IdColis IdCommandeInColis NbProducts IdProd1 QtyProd1 IdProd2 QtyProd2 ...
37 13 15 57 1 7 1 21 1 467 1 137 1 79 1 237 1 477 1 121 1 34 1 157 1 11 1 4 1 9 1 304 1
48 16 25 121 1 157 1 11 1 4 1 9 1 74 1 17 1 18 1 31 1 33 1 26 1 64 1 110 1 377 1 451 1 13 1 14 1 148 1 181 1 183 1 251 1 29 2 144 1 190 1 294 1
54 18 18 109 1 121 1 139 1 128 1 157 1 158 1 11 1 80 1 4 1 9 1 17 1 18 1 31 1 408 1 64 1 110 1 143 1 219 1
64 21 24 157 1 417 1 11 1 4 1 9 1 17 1 18 1 26 2 31 1 408 1 64 1 110 1 313 1 423 1 140 1 13 1 14 1 148 1 415 1 179 1 181 1 189 1 322 1 309 1
68 22 26 308 1 121 1 157 1 11 1 4 1 9 1 17 1 31 1 64 1 110 1 253 1 138 1 312 1 140 1 13 1 14 1 148 1 454 1 181 1 183 1 29 1 211 1 307 1 190 1 6 1 185 1
77 24 22 21 2 137 1 157 1 4 1 9 1 17 1 64 1 117 1 31 1 248 1 140 1 13 1 14 1 241 1 148 1 420 1 129 1 179 1 181 1 29 1 234 1 239 1
//IdTournes NbColis
14 6
//IdColis IdCommandeInColis NbProducts IdProd1 QtyProd1 IdProd2 QtyProd2 ...
80 25 16 8 1 466 1 136 1 288 1 59 1 146 2 139 1 278 1 249 1 157 1 4 1 9 1 98 1 102 1 17 1 219 1
84 26 22 59 1 146 1 121 1 139 1 157 1 302 1 4 1 9 1 101 1 17 1 18 1 26 2 31 1 408 1 115 1 117 1 147 1 162 1 143 1 13 1 14 1 164 1
87 27 16 7 2 58 1 137 1 237 1 121 1 157 1 4 1 9 1 17 1 31 1 33 1 64 1 110 1 253 1 266 1 179 1
104 32 18 7 1 21 1 137 1 146 1 121 1 255 1 258 1 249 1 157 1 11 1 4 1 9 1 97 1 17 1 18 1 26 1 31 1 115 1
107 33 17 8 1 372 1 136 1 146 1 235 1 243 1 139 1 121 1 157 1 130 1 11 1 4 1 9 1 17 1 368 1 31 1 143 1
110 34 18 58 1 373 1 43 1 137 1 237 1 287 1 121 1 157 1 302 1 11 1 4 1 9 1 26 2 31 1 64 1 147 1 140 1 22 1
//IdTournes NbColis
15 6
//IdColis IdCommandeInColis NbProducts IdProd1 QtyProd1 IdProd2 QtyProd2 ...
116 37 18 57 1 58 1 136 1 146 1 139 1 121 1 157 1 11 1 4 1 9 2 18 1 31 1 143 1 148 1 13 1 14 1 378 1 179 1
118 38 20 58 1 137 1 146 1 121 1 379 1 157 1 11 1 4 1 9 1 368 1 26 2 31 1 64 1 380 2 248 1 140 1 148 1 13 1 14 1 328 1
120 39 20 7 1 316 1 137 1 308 1 310 1 121 1 157 1 4 1 9 1 17 1 18 1 395 1 31 1 64 1 140 1 148 1 13 1 14 1 241 1 6 1
122 40 22 57 1 146 1 121 1 139 1 157 1 160 1 11 1 4 1 18 1 31 1 64 1 377 1 143 1 148 1 13 1 14 1 181 1 183 1 369 1 29 1 210 1 144 1
124 41 23 136 1 146 1 330 1 258 1 121 1 139 1 157 1 11 1 49 1 4 1 9 1 31 1 64 1 138 1 140 1 148 1 13 1 14 1 385 1 181 1 183 1 29 1 151 1
128 43 24 58 1 136 1 146 1 121 1 139 1 157 1 11 1 4 1 9 1 31 1 64 1 339 1 140 1 148 1 13 1 14 1 179 1 181 1 29 1 125 1 144 1 6 1 15 1 219 1
//IdTournes NbColis
16 6
//IdColis IdCommandeInColis NbProducts IdProd1 QtyProd1 IdProd2 QtyProd2 ...
134 46 22 57 1 389 1 137 1 121 1 390 1 11 1 4 1 31 1 64 1 380 1 140 1 148 1 13 1 14 1 181 1 183 1 29 1 211 1 190 1 6 1 15 1 16 1
136 47 25 21 1 137 1 237 1 121 1 157 1 11 1 4 1 9 1 31 1 64 1 140 1 148 1 13 1 14 1 181 1 183 1 29 1 144 1 6 1 15 1 16 1 27 1 376 1 401 1 111 1
138 48 23 137 1 391 1 237 1 121 1 157 2 11 1 4 1 9 1 18 1 26 1 31 1 138 1 140 1 148 1 13 1 14 1 181 1 183 1 211 1 32 1 144 1 6 1 159 1
4 2 10 57 1 24 1 7 2 58 1 137 1 59 1 146 1 121 1 139 1 34 1
40 14 7 77 1 438 1 7 2 78 1 58 1 137 1 140 1
46 16 4 85 1 106 2 7 1 58 1
//IdTournes NbColis
17 6
//IdColis IdCommandeInColis NbProducts IdProd1 QtyProd1 IdProd2 QtyProd2 ...
60 20 9 57 1 24 1 7 2 433 1 58 1 137 1 146 1 121 1 140 1
66 22 6 85 1 113 1 114 1 7 1 137 1 193 1
67 22 5 106 2 109 1 7 1 449 1 286 1
76 24 6 109 1 85 1 435 1 7 2 121 1 219 1
92 28 17 7 1 58 1 266 1 241 1 148 1 180 1 445 1 134 1 149 1 86 1 444 1 99 1 186 1 173 1 204 1 447 1 216 1
126 42 20 7 1 58 1 136 1 146 1 121 1 139 1 157 1 158 1 130 1 138 1 120 1 140 1 148 1 14 1 181 1 183 1 234 2 32 1 123 1 144 1
//IdTournes NbColis
18 6
//IdColis IdCommandeInColis NbProducts IdProd1 QtyProd1 IdProd2 QtyProd2 ...
53 18 5 106 2 109 1 8 1 136 1 175 1
63 21 8 77 1 48 1 8 2 58 1 137 1 146 1 121 1 413 1
83 26 8 438 1 57 1 24 1 8 1 437 1 78 1 136 1 120 1
96 30 5 106 2 109 1 8 1 136 1 193 1
74 24 5 90 1 114 1 106 1 24 1 262 1
90 28 5 106 2 109 1 24 1 97 1 196 1
//IdTournes NbColis
19 6
//IdColis IdCommandeInColis NbProducts IdProd1 QtyProd1 IdProd2 QtyProd2 ...
57 19 11 77 1 24 1 57 1 96 1 92 1 136 1 146 1 121 1 139 1 157 1 11 1
81 25 27 104 1 26 2 31 1 66 1 115 1 117 1 469 1 285 1 143 1 13 1 14 1 148 1 150 1 181 1 183 1 280 1 298 1 189 1 112 1 210 1 32 1 144 1 16 1 27 1 276 1 165 2 193 1
147 53 10 58 1 133 1 402 1 400 1 32 1 399 1 397 1 394 1 263 1 188 1
71 23 6 77 2 57 1 24 1 434 1 58 1 237 1
131 44 14 27 1 111 1 286 1 22 1 99 1 186 1 185 1 219 1 333 1 193 1 30 1 173 1 204 1 216 1
133 45 8 15 1 16 1 27 1 286 1 185 1 304 1 193 1 23 1
//IdTournes NbColis
20 6
//IdColis IdCommandeInColis NbProducts IdProd1 QtyProd1 IdProd2 QtyProd2 ...
148 54 21 404 1 58 2 262 1 418 1 18 1 241 1 412 1 32 1 191 1 410 1 186 1 431 1 430 1 432 1 403 1 50 1 173 1 204 1 216 1 427 1 230 1
94 29 9 106 1 109 1 85 1 458 1 158 1 103 1 399 1 144 1 276 1
149 55 19 21 1 417 1 18 1 406 1 241 1 414 1 28 1 424 1 86 1 141 1 411 1 421 1 186 1 173 1 222 1 428 1 300 1 204 1 216 1
34 12 8 438 1 52 1 57 1 24 1 136 1 68 2 146 1 121 1
150 56 12 139 1 416 1 253 1 241 1 386 1 213 1 405 1 396 1 398 1 204 1 225 1 206 1
52 18 5 85 1 113 1 114 1 57 1 59 1
//IdTournes NbColis
21 5
//IdColis IdCommandeInColis NbProducts IdProd1 QtyProd1 IdProd2 QtyProd2 ...
75 24 6 106 1 113 1 461 1 57 1 237 1 204 1
91 28 6 85 1 114 1 113 1 57 1 402 1 124 1
47 16 7 109 1 113 1 114 1 137 1 237 1 139 1 140 1
95 29 8 113 1 114 1 456 1 154 1 167 1 424 1 429 1 336 1
97 30 6 85 1 113 1 114 1 136 1 245 2 144 1
