//NbTournees
4
//IdTournes NbColis
1 6
//IdColis IdCommandeInColis NbProducts IdProd1 QtyProd1 IdProd2 QtyProd2 ...
4 1 29 285 1 1 1 2 1 20 1 73 1 21 1 70 3 57 1 96 1 119 1 126 1 19 2 31 1 129 1 133 1 135 1 136 1 152 1 163 2 169 1 216 1 230 1 241 1 247 1 4 1 12 2 283 1 270 1 252 1
8 2 27 192 1 80 1 193 1 84 1 175 1 240 1 233 1 27 1 91 1 199 1 220 1 281 1 1 1 32 1 195 1 244 2 287 1 221 1 247 1 4 1 245 1 92 2 77 1 254 1 255 3 183 2 184 3
11 3 23 242 1 3 1 33 1 158 1 144 1 101 1 63 1 120 1 141 1 100 1 69 2 156 1 231 1 267 1 80 1 76 1 154 2 26 1 132 1 139 1 140 1 175 1 209 2
13 3 33 64 1 71 1 58 1 62 1 151 3 78 2 108 1 163 1 169 2 174 1 148 2 4 2 266 1 157 3 272 1 179 1 253 1 275 1 51 1 181 1 182 2 257 1 210 1 251 2 254 2 255 4 262 1 180 2 183 2 184 3 109 1 209 3 178 3
19 4 29 126 1 41 1 48 2 107 1 133 1 185 1 165 1 169 1 174 1 216 1 221 1 273 1 4 1 12 2 157 2 92 2 49 1 274 3 51 2 207 3 206 3 210 4 255 7 278 4 205 3 265 4 183 7 184 7 109 1
12 3 23 160 1 6 3 53 3 117 1 164 1 224 1 102 1 112 2 104 1 232 1 67 1 237 3 5 3 11 1 18 1 208 1 8 1 118 3 21 1 57 1 64 1 51 1 209 1
//IdTournes NbColis
2 6
//IdColis IdCommandeInColis NbProducts IdProd1 QtyProd1 IdProd2 QtyProd2 ...
18 4 22 202 1 235 1 240 1 243 1 6 3 53 3 65 1 155 1 224 1 27 1 189 1 256 1 67 1 220 1 237 1 264 1 15 1 45 1 58 2 62 1 64 3 106 1
22 5 17 79 1 130 1 88 2 55 2 81 2 83 1 89 2 131 1 217 1 223 1 263 1 158 1 218 1 173 1 239 1 7 1 252 1
1 1 14 303 1 289 1 43 3 36 1 87 2 59 1 103 1 9 1 25 2 54 1 75 3 124 1 125 1 209 1
5 1 26 270 2 284 1 157 2 272 2 215 1 35 1 10 1 16 1 296 1 207 1 206 2 182 1 288 1 204 1 246 1 299 1 210 3 211 5 213 1 251 3 255 5 205 2 183 5 184 5 209 4 178 3
10 3 17 259 1 269 1 277 1 95 1 61 1 128 1 150 2 258 1 13 1 74 1 30 2 50 1 121 1 219 1 242 1 144 1 99 1
16 4 17 127 2 13 1 23 2 29 1 54 1 75 2 38 1 39 3 34 1 44 1 97 1 89 1 219 2 238 1 242 2 158 1 252 1
//IdTournes NbColis
3 6
//IdColis IdCommandeInColis NbProducts IdProd1 QtyProd1 IdProd2 QtyProd2 ...
17 4 19 248 1 249 1 261 1 263 1 63 2 98 1 123 1 90 1 192 1 69 3 191 1 40 1 76 1 154 2 14 1 113 1 114 1 115 1 186 1
2 1 22 17 1 131 2 134 1 137 1 149 1 153 1 177 1 197 1 217 1 234 1 248 1 238 1 105 1 122 1 110 1 167 1 144 1 63 1 161 1 207 1 209 1 178 1
7 2 21 290 2 52 1 60 1 17 1 47 2 81 2 89 1 93 1 137 1 194 1 242 2 279 1 238 1 56 1 218 1 167 1 196 1 86 1 90 1 257 1 291 1
15 4 11 276 1 68 1 143 1 145 2 22 3 24 3 188 1 190 1 66 1 130 1 28 1
21 5 12 271 1 300 1 301 1 269 1 302 1 282 1 142 1 143 1 61 1 37 1 36 1 87 2
23 5 21 161 1 231 1 82 1 85 1 228 1 240 1 227 1 293 1 147 2 71 1 146 3 298 3 41 1 287 1 42 2 78 2 165 1 166 1 169 1 170 1 148 1
//IdTournes NbColis
4 3
//IdColis IdCommandeInColis NbProducts IdProd1 QtyProd1 IdProd2 QtyProd2 ...
6 2 9 271 1 94 1 46 1 286 6 187 1 59 1 225 1 290 4 72 1
24 5 29 201 1 148 2 283 1 270 1 245 2 157 3 272 2 215 1 92 5 49 2 179 1 181 2 257 1 299 1 292 2 226 1 254 1 260 1 294 2 295 1 212 2 250 1 278 2 205 1 268 2 297 1 214 2 183 5 184 5
3 1 22 159 1 236 1 111 1 116 1 138 1 162 1 168 1 172 1 176 1 203 1 229 1 280 1 160 1 155 1 164 1 171 1 222 1 224 1 200 1 198 1 285 1 64 1
