//NbTournees
4
//IdTournes NbColis
1 6
//IdColis IdCommandeInColis NbProducts IdProd1 QtyProd1 IdProd2 QtyProd2 ...
3 1 29 148 1 19 1 108 1 54 1 82 1 188 1 18 1 136 3 185 1 52 1 174 2 149 1 197 1 154 1 1 1 11 1 15 2 34 1 55 1 116 1 117 1 193 1 189 1 143 1 161 2 142 2 150 1 190 1 139 2
7 2 24 196 1 85 1 54 1 63 1 136 1 149 1 154 1 1 1 34 1 116 1 117 2 115 1 122 1 138 1 143 1 145 1 161 2 142 1 150 1 129 2 134 1 151 1 156 1 139 1
12 3 18 179 1 29 1 149 1 154 1 1 1 25 1 34 2 38 1 116 1 125 1 117 1 23 1 143 2 145 1 147 1 144 1 150 1 139 1
15 4 21 60 1 102 1 107 1 110 1 163 1 30 1 33 1 46 1 51 1 162 2 5 1 164 2 6 1 167 1 24 1 81 1 203 1 61 1 75 2 84 1 17 1
17 4 16 188 1 149 1 154 1 34 1 1 1 15 3 187 1 202 1 125 1 199 1 153 1 41 2 122 1 200 1 134 2 201 1
19 5 39 67 1 71 1 127 1 72 1 61 1 10 1 20 1 133 1 140 1 176 1 59 1 101 1 40 1 168 1 28 1 39 1 159 1 148 1 57 1 106 1 108 1 128 1 157 1 136 1 149 1 154 1 1 1 34 1 38 1 116 1 153 1 117 1 124 1 137 1 143 1 145 1 155 1 150 1 139 1
//IdTournes NbColis
2 6
//IdColis IdCommandeInColis NbProducts IdProd1 QtyProd1 IdProd2 QtyProd2 ...
21 6 19 2 1 178 1 171 1 80 1 95 1 83 1 102 1 126 2 5 1 6 1 24 1 33 1 46 1 51 1 77 1 72 1 61 1 10 1 1 1
1 1 16 26 1 2 1 73 1 74 1 95 1 66 1 83 1 100 1 79 1 102 1 7 1 5 1 6 1 24 1 33 1 27 1
5 2 13 16 1 2 1 35 1 36 1 73 1 182 2 95 1 66 1 83 1 102 1 7 1 21 1 118 1
10 3 8 44 2 2 1 36 1 91 1 95 1 83 1 102 1 133 1
14 4 11 16 1 2 2 35 1 48 1 53 2 198 1 95 1 83 1 87 1 96 1 190 1
11 3 29 181 1 13 1 24 1 31 1 33 1 46 1 51 2 184 1 94 1 72 1 10 1 61 1 140 1 177 1 40 1 101 1 89 1 3 1 8 1 28 1 39 1 183 1 130 1 148 1 114 1 108 1 54 1 14 1 136 1
//IdTournes NbColis
3 6
//IdColis IdCommandeInColis NbProducts IdProd1 QtyProd1 IdProd2 QtyProd2 ...
6 2 29 5 1 6 1 24 1 33 1 46 1 173 1 51 1 72 1 10 1 20 1 61 1 68 1 75 1 133 1 140 1 180 1 4 1 22 1 40 1 89 2 101 1 28 1 39 1 65 1 9 1 148 1 108 1 113 1 12 1
18 5 15 175 1 169 1 95 2 98 1 66 1 83 1 102 1 109 1 166 1 7 1 5 1 30 1 33 1 51 2 142 1
16 4 31 10 1 69 1 140 1 133 1 45 1 88 1 49 1 22 2 59 1 40 1 64 1 92 1 93 1 101 1 194 1 39 2 148 1 50 2 62 1 108 1 112 1 186 1 47 1 54 1 63 1 90 1 119 1 27 1 165 4 170 1 136 1
22 6 40 132 1 133 1 140 1 22 1 101 1 194 1 8 1 39 1 120 1 152 1 148 1 121 1 103 1 108 1 196 1 111 2 165 3 131 1 160 1 136 1 174 1 149 1 154 1 25 1 34 2 55 1 146 1 116 1 158 1 117 1 195 1 135 1 143 1 145 1 141 1 142 1 150 1 123 1 129 1 139 1
9 3 4 42 2 43 1 26 1 7 1
2 1 28 33 1 46 1 51 2 76 1 56 1 104 1 72 1 105 1 10 1 20 1 61 1 192 1 70 1 86 1 78 1 133 1 140 1 88 1 191 1 22 1 99 1 40 1 58 1 89 1 97 1 101 1 28 1 39 1
//IdTournes NbColis
4 1
//IdColis IdCommandeInColis NbProducts IdProd1 QtyProd1 IdProd2 QtyProd2 ...
8 3 4 32 1 37 2 172 1 142 1
