//NbTournees
19
//IdTournes NbColis
1 6
//IdColis IdCommandeInColis NbProducts IdProd1 QtyProd1 IdProd2 QtyProd2 ...
1 1 12 359 1 339 1 341 1 338 1 351 1 6 1 4 1 21 1 104 1 17 1 2 1 8 1
29 8 10 368 1 474 1 351 1 503 1 338 1 425 1 200 2 265 1 4 1 77 1
33 9 12 403 1 338 1 492 1 351 1 314 1 231 1 270 1 311 1 229 1 6 1 91 1 85 1
42 10 10 455 1 403 1 351 1 492 1 338 1 498 1 96 1 102 1 332 1 99 1
45 11 9 399 1 403 1 478 1 338 1 494 1 492 1 351 1 231 1 200 1
53 12 13 368 1 351 1 365 1 338 1 136 1 202 1 200 1 117 1 21 1 40 1 48 1 274 1 116 1
//IdTournes NbColis
2 6
//IdColis IdCommandeInColis NbProducts IdProd1 QtyProd1 IdProd2 QtyProd2 ...
60 14 7 508 1 474 1 403 1 338 1 339 2 341 1 492 1
65 15 18 338 1 351 1 136 1 104 1 2 1 135 2 46 1 141 1 140 1 67 1 146 1 145 2 65 2 372 1 138 1 357 1 382 1 143 1
74 18 9 504 1 506 1 351 1 339 1 341 1 338 1 21 1 57 1 167 2
116 30 11 353 1 339 1 341 1 338 1 351 1 354 1 202 1 211 2 223 1 209 1 46 1
123 32 15 338 1 339 1 341 1 351 1 224 1 340 1 223 1 209 1 220 1 212 1 46 1 41 1 342 1 343 1 346 1
128 34 15 363 1 362 1 341 1 338 1 351 1 223 1 104 1 129 1 46 1 41 1 242 1 31 1 350 1 349 1 216 1
//IdTournes NbColis
3 6
//IdColis IdCommandeInColis NbProducts IdProd1 QtyProd1 IdProd2 QtyProd2 ...
137 39 10 403 1 390 1 491 1 338 1 339 1 341 1 492 1 351 1 64 1 41 1
61 14 15 351 1 102 1 231 1 229 1 99 1 133 1 105 1 322 1 48 1 46 1 8 1 226 1 141 1 26 4 34 1
11 4 13 368 1 378 1 53 1 54 1 6 1 57 1 4 1 129 1 185 1 17 1 2 3 46 1 381 1
126 33 14 390 1 175 1 244 2 104 1 99 1 28 1 46 1 342 1 343 1 344 1 347 2 348 2 31 2 243 2
140 40 12 508 1 403 1 492 1 354 1 412 1 54 1 30 1 21 1 28 1 512 1 329 1 44 1
67 16 13 410 1 513 1 503 1 365 1 425 1 21 1 157 1 151 1 46 1 28 1 26 1 158 1 44 1
//IdTournes NbColis
4 6
//IdColis IdCommandeInColis NbProducts IdProd1 QtyProd1 IdProd2 QtyProd2 ...
93 23 31 62 1 65 1 398 1 372 1 243 1 304 1 80 1 138 1 402 1 349 1 173 1 256 1 192 2 227 1 404 1 406 1 217 1 310 2 401 1 408 1 407 1 73 1 13 1 19 1 134 1 183 1 176 1 103 1 139 1 114 1 409 1
15 5 16 410 1 412 1 64 1 332 1 4 1 21 1 17 1 204 2 2 1 46 1 26 1 7 1 20 1 1 1 67 1 377 1
18 6 8 399 2 368 1 518 1 478 1 491 1 6 1 64 1 39 1
91 23 11 399 1 403 1 96 1 30 1 175 1 102 1 64 1 332 1 244 1 99 2 190 1
5 2 28 45 1 148 1 37 1 29 1 422 1 416 1 350 2 357 1 366 1 374 1 423 1 32 1 370 1 371 1 373 1 375 1 18 2 23 1 154 1 101 1 421 1 320 1 103 2 35 1 222 1 298 3 3 1 42 1
8 3 26 274 1 276 1 28 1 43 1 46 1 26 1 38 1 278 1 31 1 36 1 45 1 427 1 357 1 374 1 366 1 430 2 423 1 32 1 367 1 370 1 371 1 373 1 375 1 101 1 154 1 50 1
//IdTournes NbColis
5 6
//IdColis IdCommandeInColis NbProducts IdProd1 QtyProd1 IdProd2 QtyProd2 ...
19 6 21 4 1 21 1 57 1 17 1 267 1 283 1 46 1 8 2 5 1 70 2 20 1 63 1 65 1 416 1 374 1 366 1 370 1 371 1 373 1 375 1 367 1
37 9 21 67 1 59 1 44 1 9 2 242 1 31 3 1 1 292 1 87 1 289 3 62 1 65 1 269 1 254 1 268 1 294 1 295 1 168 2 312 1 138 1 366 1
54 12 25 46 1 28 1 247 1 41 1 38 1 282 1 259 1 44 1 31 1 67 1 106 1 260 2 128 1 45 1 36 1 148 1 372 1 138 1 366 1 350 1 357 1 374 1 369 1 32 1 227 1
104 26 27 38 1 259 1 296 1 195 1 69 1 44 1 106 1 260 1 128 1 31 2 36 1 45 1 148 1 29 1 138 1 159 1 416 1 366 1 357 1 374 1 418 1 423 1 370 1 371 1 373 1 375 1 245 1
109 27 32 233 1 148 1 37 1 29 1 520 1 372 1 198 1 235 1 366 1 357 1 374 1 32 1 370 1 371 1 373 1 375 1 177 1 23 1 101 1 154 1 480 1 50 1 103 1 199 1 3 1 98 1 77 1 110 3 34 1 39 1 155 1 355 1
120 31 23 326 1 172 1 274 1 257 1 28 1 8 1 82 1 70 1 38 1 259 1 260 1 148 3 36 1 45 1 366 1 357 1 374 1 434 1 394 1 419 1 386 1 423 1 77 1
//IdTournes NbColis
6 6
//IdColis IdCommandeInColis NbProducts IdProd1 QtyProd1 IdProd2 QtyProd2 ...
141 40 30 374 1 366 1 357 1 423 1 216 1 32 1 373 1 420 1 370 1 371 1 375 1 467 3 16 1 101 1 154 1 50 2 120 1 103 1 95 1 61 1 271 2 300 1 52 1 3 1 98 1 488 1 435 1 511 1 376 1 487 1
12 4 23 135 1 41 1 26 2 5 1 7 1 253 1 20 1 1 1 59 1 251 1 254 1 372 1 168 1 331 1 379 1 357 1 382 1 383 1 385 1 386 1 387 1 32 2 58 3
130 35 12 54 1 203 1 44 1 438 1 207 1 32 1 16 1 439 1 147 1 421 1 42 1 34 1
80 19 9 24 1 79 1 300 3 178 1 428 1 443 1 143 1 445 1 376 1
31 8 24 501 1 349 1 58 1 266 1 440 1 346 1 467 1 16 1 345 1 25 1 19 1 255 1 81 1 15 1 10 1 264 1 61 1 24 1 47 3 79 1 52 1 178 1 502 1 56 1
38 9 26 350 1 501 3 173 1 32 1 58 1 192 1 266 1 280 2 89 2 16 1 18 1 217 4 177 1 310 1 50 1 19 1 115 1 255 1 285 1 103 1 142 2 320 1 95 1 94 1 199 1 15 1
//IdTournes NbColis
7 6
//IdColis IdCommandeInColis NbProducts IdProd1 QtyProd1 IdProd2 QtyProd2 ...
75 18 17 167 1 4 1 17 2 226 3 7 1 75 1 1 1 9 2 62 2 65 1 254 2 350 1 505 3 417 1 507 1 58 1 358 1
16 5 29 69 1 66 1 62 1 63 1 65 1 254 1 372 1 416 1 357 1 418 1 413 1 414 1 382 1 383 1 385 1 387 1 417 1 419 2 207 1 280 1 266 1 384 1 415 2 16 1 13 1 25 1 176 1 255 1 61 1
68 16 34 148 1 372 1 131 1 159 1 447 1 357 1 514 1 382 1 383 1 385 1 32 1 384 1 444 1 101 1 152 1 154 1 144 1 103 1 50 2 115 2 149 1 153 1 150 1 55 1 3 1 98 1 495 1 155 1 143 1 405 1 517 1 515 2 516 1 156 1
66 15 15 383 1 385 1 496 1 371 1 384 1 16 1 144 1 147 1 407 1 139 2 142 2 73 2 137 2 495 1 497 1
131 36 22 399 1 339 1 341 1 31 1 228 1 372 1 448 1 447 1 357 1 382 1 383 1 385 1 417 1 207 1 112 1 216 1 384 1 444 1 415 1 81 1 125 1 121 1
20 6 19 420 1 16 1 101 1 25 2 19 1 255 1 142 1 281 1 252 2 24 2 60 1 178 1 300 1 411 1 388 1 56 1 476 1 477 1 519 3
//IdTournes NbColis
8 6
//IdColis IdCommandeInColis NbProducts IdProd1 QtyProd1 IdProd2 QtyProd2 ...
127 33 18 394 1 173 1 391 1 392 1 396 1 397 1 154 1 139 1 95 1 245 2 52 2 77 4 246 1 388 1 155 1 393 1 389 1 395 1
24 7 16 48 1 274 1 157 1 151 1 239 1 307 1 2 1 257 1 28 1 234 1 135 1 41 1 226 1 5 1 449 6 329 1
25 7 23 449 4 282 1 259 1 20 1 75 1 67 1 1 1 106 1 9 1 31 1 260 1 36 1 45 1 148 1 63 1 37 1 65 1 254 1 372 1 159 1 331 1 357 1 384 1
102 26 10 432 1 431 1 368 1 200 1 211 1 202 1 117 1 99 1 21 1 40 1
95 24 14 451 1 429 1 184 1 185 1 99 1 187 1 104 1 274 1 151 1 2 1 257 1 46 1 342 1 343 1
55 12 26 280 1 367 1 370 1 371 1 373 1 375 1 101 1 154 1 13 1 50 1 19 2 103 1 95 1 61 1 281 1 10 1 42 1 3 1 98 1 77 1 201 1 118 1 39 1 155 1 377 1 376 1
//IdTournes NbColis
9 6
//IdColis IdCommandeInColis NbProducts IdProd1 QtyProd1 IdProd2 QtyProd2 ...
115 29 25 420 1 367 1 370 2 375 1 101 1 154 1 453 1 103 1 50 1 115 1 130 1 271 1 178 2 42 1 3 1 98 1 77 1 118 1 34 1 205 1 155 1 275 1 454 1 389 1 435 1
81 20 12 455 1 359 1 119 1 54 1 96 1 170 1 184 1 129 1 104 1 172 1 274 2 174 1
49 11 28 36 1 45 1 148 1 288 1 286 1 350 1 452 1 479 1 414 2 112 1 58 1 216 1 32 1 248 1 261 1 440 1 89 1 217 1 177 1 101 1 122 1 154 1 456 1 480 4 465 1 493 1 50 1 19 1
83 20 28 16 3 71 1 217 1 152 1 456 1 25 1 50 1 124 1 236 1 116 1 120 1 142 1 72 1 149 1 466 1 153 1 97 1 126 1 61 1 10 1 279 1 245 1 84 1 271 1 47 3 98 3 237 1 178 2
7 3 11 426 1 410 1 429 1 425 1 30 1 202 1 200 1 21 1 104 1 49 1 48 1
57 13 14 461 1 410 1 119 1 54 1 123 1 129 1 41 1 5 4 259 1 128 1 31 1 372 1 462 1 81 1
//IdTournes NbColis
10 6
//IdColis IdCommandeInColis NbProducts IdProd1 QtyProd1 IdProd2 QtyProd2 ...
78 19 16 410 1 441 1 6 1 4 1 21 1 57 1 169 1 104 1 17 1 284 1 46 1 82 1 26 1 7 1 20 1 16 1
85 21 16 410 1 175 1 6 1 340 1 4 1 21 1 2 1 41 2 5 2 259 2 1 1 62 1 65 1 372 1 447 1 465 1
88 22 16 410 1 179 1 6 1 4 1 21 1 57 1 17 1 249 1 2 1 46 1 82 1 26 2 7 1 75 1 1 1 24 1
107 27 12 410 1 461 1 429 1 200 1 30 1 202 1 197 1 117 1 99 1 21 1 40 1 70 1
111 28 14 410 1 30 1 202 1 200 1 21 1 40 1 273 1 104 2 267 1 49 1 48 1 274 1 43 1 46 1
114 29 18 410 1 30 1 200 1 202 1 21 1 4 1 274 1 43 1 46 1 28 1 31 2 106 1 44 1 128 1 452 1 423 1 32 1 130 1
//IdTournes NbColis
11 6
//IdColis IdCommandeInColis NbProducts IdProd1 QtyProd1 IdProd2 QtyProd2 ...
119 31 11 410 1 425 1 200 1 335 2 202 1 437 1 332 2 104 2 21 1 326 1 52 1
6 2 10 98 1 33 1 34 1 39 1 272 1 155 1 275 1 389 1 405 1 395 1
44 10 11 271 1 252 1 3 1 47 1 98 1 100 1 476 2 389 1 395 1 499 1 334 2
84 20 8 137 1 240 1 318 2 155 1 328 1 241 1 389 1 376 4
100 25 25 254 2 243 3 447 1 434 1 423 1 58 1 192 1 392 1 370 1 467 3 391 1 120 1 139 1 142 1 466 2 97 1 271 1 47 1 468 1 205 1 143 2 313 3 389 3 395 2 445 1
22 7 14 339 1 341 1 54 1 74 1 200 1 30 1 175 1 202 1 64 1 6 1 332 1 244 1 76 1 46 1
//IdTournes NbColis
12 6
//IdColis IdCommandeInColis NbProducts IdProd1 QtyProd1 IdProd2 QtyProd2 ...
133 37 16 469 1 211 2 470 1 104 1 267 1 290 2 151 1 2 1 46 1 207 1 404 1 16 1 408 1 222 1 79 1 334 1
135 38 23 341 1 96 1 175 1 184 1 104 1 472 1 46 1 471 1 304 1 394 1 112 1 256 1 227 1 440 1 391 1 392 1 444 1 236 1 139 1 94 1 199 1 241 1 393 1
97 24 21 173 1 227 1 266 1 391 2 392 1 50 2 183 1 139 1 176 1 125 1 97 3 298 1 264 1 279 1 11 1 300 1 240 1 201 1 186 1 299 1 355 1
117 30 28 204 1 41 1 203 1 5 1 31 1 37 1 350 1 357 1 349 1 206 1 207 1 112 1 346 1 177 1 210 1 139 1 208 1 81 1 15 1 121 1 98 1 127 1 201 1 205 1 356 1 355 1 358 1 27 1
79 19 30 324 1 59 1 63 1 65 1 372 1 168 1 357 1 442 1 382 1 383 1 385 1 387 1 58 3 266 1 440 1 384 1 444 1 71 1 116 1 25 1 13 1 19 1 139 1 142 1 320 1 103 2 255 1 10 1 98 1 446 1
4 2 20 424 1 30 1 202 1 21 1 40 1 204 1 274 1 28 1 43 1 46 1 41 1 26 1 38 1 20 1 31 1 44 1 106 1 128 1 36 1 420 1
//IdTournes NbColis
13 6
//IdColis IdCommandeInColis NbProducts IdProd1 QtyProd1 IdProd2 QtyProd2 ...
94 23 14 125 1 97 2 10 2 264 1 11 1 84 1 271 1 201 1 137 1 240 1 181 1 205 2 400 1 405 1
86 21 31 416 1 357 1 464 1 382 1 383 1 385 1 206 1 280 1 391 1 384 1 444 1 177 1 16 1 330 1 23 1 176 1 50 1 19 1 25 1 255 1 61 1 84 1 47 2 100 3 178 1 24 1 300 1 137 1 318 3 405 1 377 1
58 13 27 459 1 447 2 357 1 460 1 382 1 383 1 385 1 387 1 112 2 207 1 280 1 384 1 122 1 120 1 50 1 124 1 208 1 95 1 81 1 125 1 126 1 11 1 121 1 98 1 127 1 463 1 409 4
112 28 27 28 1 26 1 70 1 259 1 69 1 44 1 106 1 128 1 36 1 45 1 148 1 372 1 159 1 447 1 460 1 382 1 383 1 385 1 32 2 207 1 384 1 444 1 415 1 101 1 154 1 142 2 11 1
13 4 21 280 1 384 1 16 1 250 1 217 1 13 1 25 1 255 1 149 1 55 1 11 1 252 1 24 1 60 1 47 6 121 2 178 1 300 1 56 1 380 1 377 1
9 3 20 50 4 103 1 35 1 277 1 61 1 279 1 3 1 47 1 52 1 42 1 100 2 98 2 33 2 428 1 51 1 246 1 34 1 272 1 155 2 275 1
//IdTournes NbColis
14 6
//IdColis IdCommandeInColis NbProducts IdProd1 QtyProd1 IdProd2 QtyProd2 ...
72 17 27 308 1 303 2 148 1 304 1 243 3 350 1 32 1 227 1 248 1 207 1 391 1 392 1 161 1 152 1 154 1 160 1 116 1 120 1 306 1 153 1 125 1 97 2 10 1 150 3 281 1 252 1 42 1
82 20 22 157 1 151 1 490 1 239 1 46 1 26 2 238 1 329 1 489 1 278 1 324 1 67 1 31 1 457 1 243 2 168 1 447 1 58 2 173 1 171 1 391 1 392 1
89 22 28 9 1 228 1 180 4 65 1 254 1 372 1 459 1 447 1 357 1 382 1 383 1 385 1 458 2 384 1 444 1 16 1 436 1 19 1 25 1 255 1 55 1 61 1 100 1 178 1 240 1 22 1 377 1 156 1
39 9 34 81 1 15 1 10 1 61 2 316 1 279 1 84 1 11 2 130 1 252 1 271 1 93 1 60 1 47 1 98 2 121 1 178 1 300 1 214 1 201 3 240 1 287 1 318 1 509 1 174 1 246 1 319 1 323 1 317 1 205 1 313 1 510 1 499 1 215 2
62 14 23 225 1 20 2 324 1 67 1 44 1 228 1 131 1 138 1 350 1 349 1 227 2 192 3 346 1 392 1 89 2 16 1 177 1 330 1 19 1 134 2 120 3 103 1 320 1
36 9 20 293 1 2 1 46 1 28 1 86 1 92 1 41 1 8 1 433 1 343 1 344 1 347 2 348 2 226 1 26 1 5 1 291 1 75 1 195 1 309 1
//IdTournes NbColis
15 6
//IdColis IdCommandeInColis NbProducts IdProd1 QtyProd1 IdProd2 QtyProd2 ...
48 11 15 41 1 347 2 348 2 481 2 433 1 344 1 82 1 70 1 296 1 75 2 44 1 106 1 128 1 260 6 77 1
103 26 18 209 1 104 1 472 1 194 1 48 1 274 1 85 1 258 1 43 1 28 1 41 1 433 1 343 1 344 1 347 2 348 2 70 1 32 1
108 27 18 129 1 104 1 49 1 196 1 43 1 46 1 234 2 28 1 41 1 433 1 347 1 348 2 481 1 44 2 128 1 106 1 36 1 45 1
96 24 20 344 1 347 2 348 2 226 1 26 2 450 1 282 1 291 1 20 1 296 2 75 1 128 2 9 1 297 1 65 1 80 1 188 1 423 1 58 1 246 1
124 32 19 344 1 347 1 348 1 221 1 31 1 350 1 349 1 207 1 112 1 217 5 345 1 222 1 81 1 15 1 121 1 98 1 24 1 201 1 352 1
2 1 33 5 1 26 1 7 1 20 1 1 1 9 1 65 1 350 1 349 1 207 1 280 1 346 1 16 1 18 1 345 1 360 1 23 1 13 1 19 1 25 1 255 1 10 1 15 1 11 1 3 1 24 1 300 1 178 1 14 1 22 1 361 1 12 1 27 1
//IdTournes NbColis
16 6
//IdColis IdCommandeInColis NbProducts IdProd1 QtyProd1 IdProd2 QtyProd2 ...
76 18 24 58 1 166 1 346 1 16 1 345 1 483 3 13 1 19 1 25 1 142 2 176 1 255 1 10 1 24 1 60 1 300 2 178 1 78 1 77 1 201 1 14 2 51 1 395 1 484 1
129 34 12 364 1 207 1 112 1 346 1 345 1 208 1 81 1 15 1 98 1 121 1 201 1 358 1
138 39 22 91 1 129 1 26 1 259 1 67 1 31 1 486 1 350 1 349 1 173 1 216 1 227 1 346 1 345 1 134 1 95 1 81 1 15 1 485 1 252 1 98 1 205 1
17 5 10 10 1 55 2 24 1 300 1 178 1 411 1 56 1 68 1 205 2 333 1
121 31 21 32 1 371 1 384 1 375 1 154 1 101 1 407 1 436 1 103 1 50 1 61 2 279 1 42 1 3 1 98 1 137 2 352 1 155 1 272 1 275 1 435 1
73 17 10 47 1 178 1 78 1 77 1 34 1 163 1 205 1 155 1 305 1 393 1
//IdTournes NbColis
17 6
//IdColis IdCommandeInColis NbProducts IdProd1 QtyProd1 IdProd2 QtyProd2 ...
51 11 15 137 2 287 1 318 1 107 1 463 1 110 1 109 1 39 1 272 1 299 2 155 1 476 1 482 1 445 1 111 1
43 10 27 104 1 105 1 46 1 28 1 92 1 141 1 26 1 5 1 38 1 282 1 259 1 44 1 106 1 350 1 414 1 32 1 373 1 500 1 101 1 154 1 103 1 50 1 94 1 97 1 10 1 11 1 155 1
23 7 17 21 1 99 1 187 1 40 1 170 1 129 1 4 1 104 1 326 1 17 1 189 1 284 1 83 1 283 1 249 1 327 1 382 1
26 7 32 383 1 385 1 387 1 166 1 32 1 256 1 227 1 219 1 266 1 415 1 71 1 16 1 18 2 310 1 325 1 330 1 101 1 152 1 154 1 73 1 13 1 50 1 19 1 25 1 124 1 176 1 120 1 255 1 103 2 142 1 320 1 72 1
30 8 20 21 1 17 1 83 1 249 2 2 1 46 1 234 1 82 1 26 2 5 1 75 1 1 1 67 1 9 1 63 1 62 1 65 1 254 1 80 1 350 1
113 28 15 142 1 208 1 120 1 103 1 11 3 271 1 52 1 3 1 98 1 100 1 33 1 34 1 272 1 155 1 405 1
//IdTournes NbColis
18 6
//IdColis IdCommandeInColis NbProducts IdProd1 QtyProd1 IdProd2 QtyProd2 ...
105 26 20 89 1 154 1 101 1 13 1 103 1 208 1 245 1 222 1 271 1 42 1 3 1 98 1 33 1 39 1 155 1 272 1 445 1 473 1 435 1 376 1
63 14 18 94 1 153 3 15 3 132 2 230 1 316 1 130 1 60 3 178 2 47 1 98 1 121 1 232 1 475 1 454 1 473 3 435 1 376 1
70 17 13 231 1 211 1 265 1 102 1 64 1 229 1 165 1 4 2 190 3 105 1 337 1 17 1 397 1
27 7 27 149 1 218 1 10 1 61 1 252 1 271 1 24 1 60 1 52 1 98 1 3 1 47 1 100 1 178 1 300 3 78 1 77 1 137 1 14 1 51 1 56 1 34 1 118 1 39 1 68 1 328 1 155 1
47 11 17 263 1 104 2 336 1 322 1 337 1 17 1 108 1 48 1 274 1 85 1 113 1 212 1 213 1 220 1 43 1 28 1 59 1
35 9 15 322 1 267 1 189 1 290 1 88 1 274 1 315 1 212 2 213 1 220 1 151 4 321 1 90 1 162 1 14 1
//IdTournes NbColis
19 6
//IdColis IdCommandeInColis NbProducts IdProd1 QtyProd1 IdProd2 QtyProd2 ...
99 25 14 175 1 30 1 102 1 193 1 190 2 191 1 273 1 189 1 46 1 26 2 5 4 145 1 62 1 177 1
50 11 27 115 1 262 1 236 1 120 2 285 1 103 1 142 1 81 1 15 3 114 1 126 1 61 1 150 1 10 1 316 1 11 1 130 1 52 1 3 1 47 7 98 1 100 2 121 1 237 1 300 1 214 1 137 1
92 23 21 104 1 326 1 48 1 274 1 2 1 257 1 46 1 182 1 226 1 141 1 26 2 5 1 282 1 20 1 75 1 278 1 31 1 251 1 260 1 297 1 58 1
71 17 17 284 1 49 1 83 1 249 1 151 2 162 1 307 1 46 1 28 1 247 1 41 1 26 1 164 1 1 4 146 1 301 1 302 1
34 9 11 244 1 76 2 167 1 21 1 99 1 184 5 4 1 185 1 129 1 104 1 17 1
46 11 11 211 3 30 1 202 1 265 1 229 1 470 1 76 2 21 1 99 1 187 2 40 1
