//NbTournees
10
//IdTournes NbColis
1 6
//IdColis IdCommandeInColis NbProducts IdProd1 QtyProd1 IdProd2 QtyProd2 ...
30 9 7 175 2 177 1 178 1 179 1 180 2 181 2 42 1
31 9 8 182 1 183 1 185 2 188 1 190 1 191 2 193 1 324 1
1 1 12 7 1 17 1 318 1 153 1 18 3 2 1 3 2 38 1 154 2 22 1 103 1 94 1
29 9 7 172 1 207 1 216 1 7 1 184 1 171 1 173 1
23 8 8 194 1 121 1 192 1 193 1 310 2 42 2 18 2 312 1
45 10 10 121 2 17 1 151 1 279 1 42 1 3 3 22 1 103 1 38 1 154 2
//IdTournes NbColis
2 6
//IdColis IdCommandeInColis NbProducts IdProd1 QtyProd1 IdProd2 QtyProd2 ...
60 14 13 121 1 124 1 137 1 151 1 160 1 141 1 150 2 21 1 74 1 42 1 149 1 153 1 72 1
53 12 11 201 1 193 1 17 1 200 1 43 1 29 1 42 1 3 3 22 1 103 1 79 1
32 9 8 193 1 208 1 192 2 17 2 212 1 323 1 174 1 325 1
33 9 12 174 1 189 1 124 1 233 1 224 1 325 1 375 1 256 1 151 1 337 2 160 1 204 1
37 9 18 340 2 331 2 281 2 367 1 376 2 297 2 16 1 13 2 349 2 95 1 259 1 106 1 261 3 186 1 187 1 215 1 220 2 225 1
49 11 13 194 1 17 1 208 1 52 1 74 1 42 1 18 1 3 2 22 1 103 1 38 1 154 1 12 1
//IdTournes NbColis
3 6
//IdColis IdCommandeInColis NbProducts IdProd1 QtyProd1 IdProd2 QtyProd2 ...
50 11 22 154 1 100 3 50 1 109 1 107 1 108 1 281 1 55 1 13 1 56 2 16 1 106 2 27 1 15 2 105 1 6 1 8 1 125 1 10 1 122 1 33 1 14 1
63 14 20 13 2 56 2 64 1 16 2 127 1 123 1 10 2 119 1 120 1 122 3 6 2 8 2 125 1 76 1 14 1 15 2 88 1 4 1 136 2 45 1
6 2 22 154 2 103 1 330 1 286 1 290 1 291 1 108 1 129 1 331 2 281 1 104 1 13 1 16 1 27 2 6 2 8 1 24 1 10 1 25 1 14 1 15 2 264 1
4 1 10 344 1 61 1 280 1 44 1 9 1 116 2 11 2 317 1 19 1 343 1
27 8 7 284 5 61 1 60 3 77 2 11 1 117 2 195 1
55 12 13 46 1 49 2 298 3 12 1 295 1 288 1 294 1 296 1 283 1 110 1 11 1 98 1 39 2
//IdTournes NbColis
4 6
//IdColis IdCommandeInColis NbProducts IdProd1 QtyProd1 IdProd2 QtyProd2 ...
38 9 22 225 1 247 1 85 2 86 1 87 1 88 2 28 1 203 1 10 1 217 2 36 1 8 1 226 1 227 1 228 2 202 1 197 3 235 1 238 2 242 2 245 1 82 2
8 2 10 292 1 306 2 158 1 60 1 44 2 287 1 19 1 162 1 23 1 26 1
10 3 30 95 1 6 1 8 1 10 1 33 1 34 1 36 1 45 1 46 1 49 1 298 2 1 2 4 1 12 1 305 1 307 1 169 1 96 1 30 1 166 1 271 1 303 1 62 1 359 2 360 1 288 1 161 2 301 1 294 1 19 1
13 4 15 10 1 34 1 36 1 45 1 46 1 49 1 298 2 4 1 12 1 41 1 47 1 316 1 61 1 44 1 39 1
54 12 22 38 1 154 2 100 2 50 1 291 1 108 1 293 1 129 1 297 1 16 1 31 1 13 1 35 2 37 1 36 1 6 1 8 1 10 1 202 1 34 2 4 1 45 1
34 9 12 160 1 370 2 373 1 204 1 205 1 206 2 211 1 324 1 327 2 338 2 372 1 48 1
//IdTournes NbColis
5 6
//IdColis IdCommandeInColis NbProducts IdProd1 QtyProd1 IdProd2 QtyProd2 ...
46 10 23 100 1 72 1 51 1 274 1 275 1 104 1 144 1 199 1 31 1 13 2 35 2 16 1 37 1 15 2 198 2 6 1 8 1 10 1 14 1 4 1 136 2 45 1 46 1
56 13 9 194 1 17 1 310 2 42 1 345 1 346 1 18 3 3 3 71 1
7 2 26 28 1 1 1 4 1 136 2 45 1 46 1 49 2 12 1 96 1 169 2 163 1 115 2 132 2 47 1 282 2 62 2 166 1 300 1 288 1 161 1 264 1 289 2 283 1 59 1 285 1 284 2
5 2 13 17 1 151 1 21 1 114 1 42 3 153 1 18 2 20 1 130 1 22 1 3 2 38 1 113 1
12 4 20 17 1 43 1 42 1 2 1 38 1 154 1 3 2 22 1 103 1 100 1 50 1 31 1 13 1 35 1 16 1 37 1 40 1 6 1 8 1 48 1
14 5 15 17 1 52 1 29 1 42 1 3 2 22 1 103 1 154 1 38 1 72 2 50 1 51 3 314 1 55 1 13 1
//IdTournes NbColis
6 6
//IdColis IdCommandeInColis NbProducts IdProd1 QtyProd1 IdProd2 QtyProd2 ...
17 6 11 67 1 17 1 42 1 153 2 131 1 168 1 63 2 38 1 133 2 154 2 3 2
15 5 24 56 1 16 1 54 1 6 1 8 1 10 1 14 1 15 1 4 1 136 1 45 1 46 1 49 1 12 1 58 1 53 1 300 4 316 1 284 1 19 2 315 1 313 3 39 2 57 2
64 14 25 45 1 46 1 49 2 165 2 12 1 143 2 169 1 53 1 128 1 163 3 132 1 140 1 142 1 166 1 161 1 134 1 75 1 48 2 145 1 158 2 138 2 44 3 118 1 19 1 162 1
59 13 9 306 1 61 3 347 1 138 1 44 1 112 1 102 1 219 1 111 1
2 1 16 100 4 5 1 311 2 267 1 152 2 129 2 13 2 16 1 319 2 6 2 8 1 10 1 14 1 15 2 1 2 12 1
18 6 24 3 1 22 1 103 1 50 1 299 1 64 1 31 1 13 1 56 2 16 1 135 1 6 1 8 1 10 1 34 1 14 1 15 1 136 3 45 1 46 1 49 2 4 1 12 1 62 1
//IdTournes NbColis
7 6
//IdColis IdCommandeInColis NbProducts IdProd1 QtyProd1 IdProd2 QtyProd2 ...
21 7 29 100 1 50 1 71 1 104 1 321 1 13 1 56 1 16 1 37 1 31 1 14 1 6 1 15 1 8 1 10 1 4 1 136 1 45 1 46 1 49 1 12 1 69 1 73 1 320 1 75 1 280 1 19 2 317 1 65 1
26 8 22 82 1 6 2 8 2 10 2 196 1 197 2 1 1 4 1 136 2 45 1 46 1 49 1 12 2 96 2 300 1 161 2 273 1 296 2 283 2 81 2 48 1 292 2
57 13 21 38 1 154 2 22 1 103 1 72 1 100 1 50 1 314 1 129 1 104 4 37 1 31 1 13 1 56 1 35 1 16 1 218 1 220 1 6 1 8 1 161 1
40 9 25 230 1 232 1 234 2 240 1 58 1 243 2 222 1 12 1 253 2 255 1 305 1 30 1 239 2 210 1 97 1 263 1 336 1 348 1 350 2 362 1 163 2 369 2 128 3 381 1 237 1
25 8 18 109 2 341 1 89 1 311 3 129 2 13 2 56 2 16 2 31 1 64 1 78 1 27 2 76 1 14 1 15 2 79 2 82 1 96 1
20 7 12 70 1 52 1 279 1 74 1 3 2 22 1 103 1 154 1 38 1 72 5 100 2 321 1
//IdTournes NbColis
8 6
//IdColis IdCommandeInColis NbProducts IdProd1 QtyProd1 IdProd2 QtyProd2 ...
19 6 15 62 1 300 2 359 1 59 2 361 3 61 1 48 1 75 4 60 1 44 1 116 2 66 1 68 1 57 2 65 1
42 9 15 241 1 57 1 229 1 195 1 92 1 363 1 176 1 236 2 244 1 257 1 258 1 266 1 328 1 335 1 365 1
39 9 22 246 2 248 1 249 1 250 2 251 1 252 2 34 2 254 1 45 2 46 1 49 2 298 3 4 1 380 1 322 2 329 1 351 2 374 1 84 1 213 1 214 1 230 1
41 9 24 265 2 282 2 332 3 262 2 270 2 264 1 304 2 355 1 358 1 333 2 48 1 61 1 158 3 347 1 339 1 379 2 90 1 280 3 44 1 269 1 99 1 83 1 91 1 231 1
58 13 25 10 1 76 1 223 1 14 1 15 2 4 1 136 2 45 1 46 1 308 3 49 2 1 1 221 1 222 1 12 1 169 1 142 1 276 1 304 1 309 1 283 3 134 2 75 1 48 2 284 1
51 11 17 1 1 4 1 136 2 45 1 46 1 49 2 210 1 209 1 166 2 132 1 282 2 272 2 276 2 283 1 75 1 158 1 280 1
//IdTournes NbColis
9 6
//IdColis IdCommandeInColis NbProducts IdProd1 QtyProd1 IdProd2 QtyProd2 ...
62 14 15 38 1 63 2 100 4 159 1 51 4 126 1 109 1 148 1 108 1 129 1 144 1 146 1 152 1 55 2 147 1
9 3 20 32 1 29 1 42 1 153 1 154 1 38 1 3 2 22 1 103 1 100 1 50 1 104 1 94 1 31 1 13 1 35 1 16 1 37 1 356 1 98 1
47 10 16 49 2 12 2 271 2 272 2 273 1 276 2 277 1 145 1 48 1 44 2 99 1 278 1 98 3 19 2 102 1 101 1
61 14 15 155 1 164 1 170 1 156 1 131 1 139 1 168 1 130 1 167 1 80 2 22 2 133 2 154 2 157 1 135 1
36 9 15 100 4 50 1 260 1 352 1 364 1 368 2 378 2 89 1 93 1 94 1 267 3 268 1 326 2 334 2 96 1
3 1 16 4 1 136 2 45 1 46 1 308 1 49 2 96 2 169 3 132 2 332 3 273 4 283 2 75 5 145 1 48 3 344 2
//IdTournes NbColis
10 3
//IdColis IdCommandeInColis NbProducts IdProd1 QtyProd1 IdProd2 QtyProd2 ...
11 3 15 302 1 276 2 277 1 304 2 283 2 355 2 357 1 358 1 361 1 306 1 284 1 354 1 344 2 61 2 75 1
24 8 13 18 1 312 1 20 1 80 2 38 1 154 2 22 1 103 1 100 2 51 3 342 3 109 2 300 1
35 9 13 372 1 21 1 377 1 74 2 18 1 353 1 371 2 38 1 154 2 366 1 103 1 3 3 22 1
