//NbTournees
2
//IdTournes NbColis
1 6
//IdColis IdCommandeInColis NbProducts IdProd1 QtyProd1 IdProd2 QtyProd2 ...
1 1 12 138 1 17 1 123 1 1 3 14 2 15 1 3 1 37 1 22 1 20 1 25 2 146 1
6 2 13 1 2 14 1 3 1 65 2 54 2 59 1 118 1 4 1 71 2 107 4 57 2 13 1 112 1
9 3 8 138 1 153 3 17 1 29 1 1 3 14 2 49 1 143 1
12 3 17 8 1 33 3 36 6 62 1 64 2 2 3 35 1 52 2 16 2 39 2 53 1 21 2 11 3 41 2 42 1 43 3 121 1
10 3 14 3 1 18 1 19 3 28 1 40 2 38 2 116 1 120 2 70 3 77 3 114 1 75 2 98 1 89 1
11 3 17 4 1 48 1 56 1 71 1 83 1 88 3 85 2 45 3 82 3 10 2 7 2 26 2 27 1 66 2 97 2 115 2 127 1
//IdTournes NbColis
2 6
//IdColis IdCommandeInColis NbProducts IdProd1 QtyProd1 IdProd2 QtyProd2 ...
2 1 18 55 1 141 1 77 3 73 1 74 2 48 1 80 1 108 2 5 1 81 1 84 2 31 1 34 1 129 1 147 1 6 2 139 1 89 1
13 3 26 46 1 60 3 76 1 78 3 79 1 68 2 109 2 119 1 122 1 9 2 67 5 93 2 103 1 23 2 140 2 127 1 142 1 136 2 137 2 145 1 125 1 146 1 104 2 128 1 151 1 89 1
5 2 6 138 1 17 1 63 3 12 3 24 4 51 1
7 2 27 58 1 87 3 30 1 33 1 44 3 53 1 131 1 50 1 60 1 61 1 68 1 69 1 79 1 110 1 112 1 143 1 127 2 142 1 136 2 137 2 145 1 146 1 90 1 102 2 148 2 113 1 89 5
3 1 32 62 1 64 1 32 2 52 1 53 2 72 2 46 1 76 1 79 1 68 1 86 1 106 1 111 1 101 1 143 1 127 2 142 1 99 1 136 2 137 2 145 1 130 2 132 1 102 1 117 1 144 1 124 3 126 1 135 1 89 4 91 2 92 2
14 3 18 94 3 128 2 134 2 151 2 95 3 154 1 100 1 150 2 133 1 149 1 105 2 47 2 113 7 89 3 96 3 152 5 91 1 92 3
