//NbTournees
6
//IdTournes NbColis
1 6
//IdColis IdCommandeInColis NbProducts IdProd1 QtyProd1 IdProd2 QtyProd2 ...
1 1 18 326 1 332 1 333 1 336 1 330 1 1 1 8 1 38 1 46 2 72 1 78 1 100 1 120 1 127 1 129 1 133 1 267 1 315 1
4 1 31 226 1 234 1 237 1 246 1 252 1 206 1 348 1 350 1 60 1 267 6 352 1 354 2 281 2 259 1 263 2 311 1 351 1 235 1 262 1 313 1 2 1 59 1 62 3 285 1 288 1 308 1 342 1 299 1 279 1 302 1 346 1
7 2 19 115 1 151 1 152 1 120 1 126 1 192 1 161 1 215 2 241 1 243 1 69 1 207 1 181 1 53 1 141 1 145 2 149 1 3 1 260 1
2 1 22 138 1 218 1 182 1 242 1 248 1 77 1 134 1 136 1 176 1 228 1 249 1 47 1 112 1 139 1 169 1 4 1 17 1 34 1 41 1 65 1 99 1 289 1
19 3 25 239 2 20 1 105 1 86 1 87 2 119 1 199 1 314 1 321 1 5 1 27 2 44 1 79 1 71 2 73 2 75 1 104 1 108 1 110 1 184 1 190 1 194 1 345 1 339 1 264 1
25 4 22 121 2 253 1 7 1 52 1 162 3 164 1 244 1 247 1 254 1 5 1 27 1 68 1 75 1 104 1 163 2 190 1 170 1 220 1 184 1 226 1 354 1 298 1
//IdTournes NbColis
2 6
//IdColis IdCommandeInColis NbProducts IdProd1 QtyProd1 IdProd2 QtyProd2 ...
21 3 25 6 1 278 2 305 1 22 3 21 1 98 2 307 1 286 1 289 1 293 1 309 1 337 1 310 1 349 1 296 1 291 1 306 1 301 1 316 1 322 2 304 1 283 1 284 1 318 1 264 2
6 2 21 82 1 240 1 156 2 8 1 38 1 48 1 66 1 67 1 72 1 80 1 84 1 57 2 58 1 131 1 133 1 78 1 143 1 218 1 261 1 382 1 260 2
13 3 18 334 1 336 1 94 1 153 1 156 2 30 1 8 1 31 1 32 1 48 1 49 1 84 2 57 1 58 1 89 1 67 3 354 1 292 1
18 3 16 121 1 165 2 197 1 222 1 253 1 7 1 9 2 15 1 23 2 164 3 244 1 247 4 251 1 231 1 282 1 260 1
23 4 21 331 1 328 1 8 1 24 1 38 1 58 1 78 1 155 1 120 1 159 1 193 1 209 1 178 1 230 1 242 1 243 1 147 1 181 1 64 1 282 1 315 2
3 1 21 101 1 109 2 135 2 172 1 214 1 224 1 229 1 130 1 33 1 9 1 45 1 239 1 317 2 119 1 225 1 27 1 44 1 110 2 137 1 208 1 283 1
//IdTournes NbColis
3 6
//IdColis IdCommandeInColis NbProducts IdProd1 QtyProd1 IdProd2 QtyProd2 ...
8 2 21 173 1 183 1 228 1 236 1 180 1 47 1 158 1 10 1 14 1 16 1 28 1 65 1 70 1 81 1 93 1 103 1 109 2 144 1 172 1 380 1 264 1
16 3 15 236 1 275 1 295 1 146 1 47 2 112 3 10 1 83 2 95 1 74 2 103 1 107 1 109 3 172 1 294 1
30 5 19 176 1 183 1 201 1 205 1 236 1 132 1 47 1 169 1 10 1 14 1 99 2 107 1 175 1 189 1 202 2 125 1 121 1 319 1 286 1
36 6 25 130 1 179 1 25 1 186 2 45 1 244 1 247 1 11 1 195 1 317 1 102 1 314 1 43 1 71 1 108 1 110 1 170 1 184 1 270 1 226 1 232 1 237 1 246 2 204 1 303 1
10 2 24 257 1 86 2 317 1 85 2 321 1 379 1 27 1 75 1 104 2 108 1 163 1 211 1 212 1 184 1 190 1 232 2 204 1 206 1 345 1 12 1 354 3 267 7 259 1 339 1
31 5 30 96 1 239 1 27 1 73 1 104 1 171 1 200 1 204 1 206 1 303 1 12 1 267 6 339 3 324 2 323 1 293 1 279 1 297 1 300 1 302 1 309 1 343 1 337 1 277 1 310 1 291 1 335 2 322 1 260 2 315 1
//IdTournes NbColis
4 6
//IdColis IdCommandeInColis NbProducts IdProd1 QtyProd1 IdProd2 QtyProd2 ...
24 4 20 64 1 176 1 183 3 295 1 160 1 13 1 169 1 18 1 34 1 74 1 140 1 103 1 221 1 258 1 125 2 19 1 26 1 50 1 76 1 222 1
17 3 19 189 1 174 1 214 1 175 1 221 1 224 2 245 1 250 1 256 1 272 1 238 1 125 3 19 1 26 2 50 1 63 1 88 2 121 1 321 1
26 4 25 226 1 246 2 271 2 232 1 354 2 267 6 54 1 312 1 356 1 148 1 339 2 324 2 327 1 355 1 290 1 338 2 22 1 299 1 300 1 309 2 291 1 294 1 316 2 287 1 347 1
9 2 20 175 2 224 1 227 1 233 1 238 1 256 1 26 2 35 2 88 1 76 1 154 1 223 1 23 1 162 1 164 2 213 1 231 1 239 1 244 1 266 1
28 5 18 329 1 341 1 24 1 29 1 38 1 42 1 46 1 55 1 56 1 57 1 58 1 61 1 78 1 97 1 116 1 118 1 120 1 187 1
33 6 18 375 1 376 1 378 1 330 1 357 1 36 1 37 1 38 2 49 1 55 1 58 1 61 1 67 1 78 1 100 2 106 1 114 1 367 1
//IdTournes NbColis
5 6
//IdColis IdCommandeInColis NbProducts IdProd1 QtyProd1 IdProd2 QtyProd2 ...
15 3 16 230 1 255 2 242 1 203 2 90 1 142 1 111 1 157 2 181 1 39 2 92 1 210 2 217 1 201 1 228 1 276 1
29 5 19 122 1 126 1 133 1 161 1 177 1 178 1 203 1 273 1 242 1 111 1 124 1 181 1 39 2 53 1 113 1 77 1 173 1 340 2 320 1
35 6 20 40 1 180 1 47 1 117 1 169 1 70 1 95 1 103 1 123 1 166 1 174 2 268 1 269 1 202 1 233 1 238 1 245 1 130 1 63 1 266 1
34 6 20 115 1 120 1 128 1 131 1 133 1 182 1 185 1 243 1 188 1 198 1 51 1 181 1 53 1 77 2 168 1 183 1 196 1 228 1 340 1 282 1
20 3 23 208 2 211 2 200 1 226 2 246 2 204 1 206 2 232 1 274 2 348 1 325 1 267 9 54 1 263 1 356 1 311 2 148 1 280 1 353 1 339 2 313 1 324 1 301 1
37 6 47 206 1 345 1 348 1 354 4 325 1 356 1 312 1 150 2 311 1 351 2 353 1 339 1 262 1 324 2 59 1 282 1 355 2 361 1 305 1 299 1 286 1 289 2 360 2 368 1 369 1 372 1 359 2 297 1 300 1 302 1 309 1 343 1 362 2 381 1 371 2 301 2 364 1 365 1 370 1 383 1 366 1 283 1 358 1 363 1 377 1 266 1 315 1
//IdTournes NbColis
6 2
//IdColis IdCommandeInColis NbProducts IdProd1 QtyProd1 IdProd2 QtyProd2 ...
14 3 19 91 1 97 1 100 2 131 2 143 1 116 1 128 1 161 1 167 1 191 1 192 1 193 1 216 1 218 1 178 1 182 1 230 1 339 1 344 1
11 2 12 263 2 219 1 311 1 148 1 353 1 262 2 373 3 384 1 324 1 355 1 374 2 265 1
