//NbTournees
5
//IdTournes NbColis
1 6
//IdColis IdCommandeInColis NbProducts IdProd1 QtyProd1 IdProd2 QtyProd2 ...
3 1 24 185 1 180 1 1 1 23 1 26 2 44 1 207 1 89 1 157 1 182 1 167 1 193 1 191 1 163 1 196 1 165 1 159 1 162 1 174 1 160 1 173 2 190 1 194 1 197 1
6 2 20 54 1 42 1 226 1 161 1 40 1 195 1 185 1 1 1 44 1 155 1 164 1 241 1 236 1 239 1 238 1 246 1 229 1 235 2 194 1 186 1
9 3 36 127 1 143 1 152 1 108 3 112 1 172 1 134 1 124 1 16 1 47 1 156 1 206 2 224 1 245 1 27 1 151 1 43 1 234 1 175 1 40 1 80 2 195 2 185 1 1 1 44 1 89 5 179 1 155 1 164 1 177 1 48 1 236 1 239 1 162 1 238 1 231 1
13 4 25 203 1 151 1 153 1 43 1 116 1 176 1 233 1 178 1 175 1 232 1 248 1 14 1 80 1 195 1 166 1 185 2 1 1 44 1 243 1 183 1 249 1 174 2 238 1 160 1 230 1
20 5 29 175 1 17 1 58 1 87 2 80 4 195 1 185 1 1 1 12 1 26 3 57 1 62 1 44 1 89 4 90 1 94 1 164 1 260 1 59 1 221 1 251 1 236 1 239 1 250 1 255 1 238 1 246 1 194 1 186 1
27 6 38 78 2 84 1 124 1 125 1 130 1 169 1 30 1 47 1 140 1 189 1 245 1 262 1 142 1 151 1 11 1 198 1 10 1 184 1 261 1 263 1 257 1 175 1 80 1 195 1 187 1 88 1 185 1 1 1 26 3 44 1 183 1 227 1 154 1 164 1 238 1 246 1 265 1 258 1
//IdTournes NbColis
2 6
//IdColis IdCommandeInColis NbProducts IdProd1 QtyProd1 IdProd2 QtyProd2 ...
7 3 14 82 1 4 1 200 1 118 1 91 1 114 1 126 1 95 1 120 1 146 1 144 1 210 1 2 2 141 1
8 3 20 2 1 3 1 9 1 25 1 35 1 37 1 46 3 49 1 51 3 53 1 79 1 81 1 211 1 213 1 121 1 22 1 24 1 117 1 127 1 228 1
17 5 18 144 1 216 1 170 2 256 2 20 1 208 1 2 1 3 1 5 1 9 1 15 1 36 1 60 2 61 1 46 3 49 1 51 1 155 1
2 1 29 120 1 144 1 20 1 3 1 9 1 46 1 49 1 51 1 79 1 121 1 22 1 24 1 107 1 127 1 171 1 172 1 133 1 139 1 78 1 124 1 47 1 151 1 132 1 149 2 105 1 175 1 192 1 212 1 195 1
4 2 16 4 1 31 1 118 1 100 1 110 1 126 2 95 1 120 1 144 1 3 1 9 1 37 1 38 1 41 1 49 1 156 1
11 4 17 4 1 13 1 118 1 33 1 45 1 126 1 95 1 120 1 144 1 148 1 3 1 9 1 37 1 46 2 49 1 51 1 108 1
//IdTournes NbColis
3 6
//IdColis IdCommandeInColis NbProducts IdProd1 QtyProd1 IdProd2 QtyProd2 ...
26 6 25 256 1 3 1 9 1 25 2 36 1 63 1 49 1 79 1 81 1 119 1 188 1 121 1 22 1 24 1 115 1 127 1 266 1 168 1 172 1 171 1 133 1 64 1 70 1 78 2 160 1
14 5 5 7 1 68 1 4 2 28 2 33 1
24 6 4 72 1 202 2 4 1 200 1
5 2 23 51 2 53 2 79 1 81 1 104 1 121 1 22 1 24 1 127 1 108 2 228 1 172 1 181 1 242 1 50 1 124 1 130 1 6 1 34 1 47 1 156 5 245 1 151 1
19 5 29 147 1 111 1 222 1 8 3 78 5 18 1 98 1 99 1 103 1 124 1 214 1 219 1 206 1 150 1 223 1 55 1 97 1 151 1 220 1 122 1 10 3 65 2 253 1 254 1 263 1 56 1 105 1 264 1 252 1
22 6 4 67 1 69 2 19 1 33 1
//IdTournes NbColis
4 6
//IdColis IdCommandeInColis NbProducts IdProd1 QtyProd1 IdProd2 QtyProd2 ...
1 1 11 32 1 28 1 77 1 29 1 21 1 129 1 91 1 209 1 126 1 158 1 95 1
12 4 31 51 1 79 1 81 1 109 1 119 1 101 1 225 1 121 1 22 1 24 1 127 1 108 1 171 1 172 1 123 1 136 1 244 1 242 1 50 1 124 1 131 1 34 1 39 1 47 1 247 1 102 1 135 1 52 1 55 1 203 1 240 1
18 5 19 51 2 74 2 53 3 79 1 92 1 93 1 81 1 145 1 22 1 24 1 106 1 115 2 127 1 128 1 108 3 171 1 172 1 86 1 47 1
15 5 10 205 1 31 1 66 1 77 1 204 1 75 1 85 1 33 1 91 2 83 1
23 6 5 69 1 71 1 72 1 82 1 33 1
25 6 15 199 1 201 1 75 1 85 1 33 1 83 1 91 1 126 1 95 1 120 1 137 1 138 1 144 1 170 1 50 1
//IdTournes NbColis
5 2
//IdColis IdCommandeInColis NbProducts IdProd1 QtyProd1 IdProd2 QtyProd2 ...
16 5 12 83 2 126 1 217 1 95 1 113 2 120 1 215 1 218 1 259 4 73 2 76 2 96 1
10 3 4 246 1 229 1 237 1 186 1
