//NbTournees
8
//IdTournes NbColis
1 6
//IdColis IdCommandeInColis NbProducts IdProd1 QtyProd1 IdProd2 QtyProd2 ...
17 3 17 309 1 279 1 280 1 316 1 317 2 362 1 144 1 196 1 252 1 277 1 300 1 330 2 359 2 226 1 301 1 302 2 352 1
23 4 17 60 2 77 1 116 2 143 2 150 2 154 1 158 2 173 2 175 1 178 1 210 1 183 2 225 1 234 1 197 2 47 1 101 1
25 4 15 342 1 369 2 309 2 156 1 230 1 273 1 274 1 279 3 144 1 148 2 270 1 277 1 205 1 281 1 85 1
32 5 13 92 1 60 1 74 2 77 2 70 3 116 1 141 6 142 1 143 1 150 1 154 3 170 1 65 1
40 6 13 244 1 138 1 69 2 132 1 142 5 143 2 154 1 155 1 173 1 176 2 178 1 183 2 335 1
42 6 18 336 3 341 1 342 2 280 1 316 1 339 1 304 1 146 1 148 1 196 1 281 1 300 1 177 2 264 1 299 1 333 1 83 1 52 1
//IdTournes NbColis
2 6
//IdColis IdCommandeInColis NbProducts IdProd1 QtyProd1 IdProd2 QtyProd2 ...
48 7 40 87 1 125 1 48 1 145 1 151 2 153 2 189 2 268 1 291 1 326 1 340 1 357 1 367 2 298 1 337 1 343 1 345 1 57 1 63 1 25 1 23 2 65 3 159 1 193 7 194 2 184 1 372 2 169 3 166 1 370 1 14 1 373 1 379 1 26 1 56 1 72 1 12 1 118 3 80 1 375 5
14 3 14 92 2 147 1 239 1 74 4 150 1 154 2 172 1 173 2 175 1 183 4 225 1 232 1 234 2 181 1
22 4 10 40 1 54 2 140 3 69 4 92 3 147 1 239 1 60 1 75 1 44 1
35 5 18 358 1 360 1 341 1 369 1 273 1 274 1 279 1 280 1 316 1 317 1 328 2 362 1 349 4 364 1 148 1 252 1 44 2 80 1
45 7 17 147 1 286 2 69 3 74 1 116 1 141 1 150 1 154 1 173 1 175 2 183 2 225 2 240 1 197 2 266 1 249 1 378 1
50 8 22 82 1 69 2 74 1 207 1 150 1 172 1 173 1 175 1 183 1 197 1 203 1 208 1 209 1 296 1 329 1 336 1 358 1 202 1 347 1 148 1 85 1 376 1
//IdTournes NbColis
3 6
//IdColis IdCommandeInColis NbProducts IdProd1 QtyProd1 IdProd2 QtyProd2 ...
1 1 9 244 1 41 1 139 1 140 1 120 1 69 6 92 4 150 1 1 1
8 2 14 82 1 282 2 92 2 142 5 150 1 154 1 173 1 183 2 225 1 197 2 242 1 247 1 200 1 75 1
27 4 33 198 1 87 3 125 3 149 1 288 1 319 1 338 1 161 1 168 1 174 3 48 4 73 1 152 1 153 2 326 1 340 2 361 1 368 1 195 1 297 3 355 1 337 1 251 1 221 1 91 2 165 1 160 1 217 5 190 2 57 1 162 1 167 2 214 2
5 1 29 182 1 236 1 257 1 29 1 36 1 115 1 255 1 76 1 103 1 111 1 113 1 119 2 127 1 42 1 157 1 235 1 254 2 52 3 256 1 258 1 306 1 322 1 87 1 125 1 319 1 48 1 73 1 151 1 75 1
6 1 50 151 1 324 1 357 1 340 1 195 1 297 2 355 1 337 1 343 1 216 1 220 1 222 1 160 1 217 1 190 2 57 1 22 1 23 1 167 2 214 1 186 1 65 1 371 3 61 2 187 7 372 3 370 3 9 1 3 1 15 1 37 1 38 1 109 1 97 1 86 1 124 1 6 1 136 1 67 1 35 1 50 4 53 2 56 1 72 3 12 1 27 1 16 1 4 1 11 1 58 1
18 3 27 257 1 20 2 47 1 212 1 255 2 344 1 108 1 83 1 293 2 52 2 90 5 237 1 310 1 322 1 227 1 231 1 87 1 192 1 288 1 243 1 112 1 34 3 151 2 152 1 153 1 315 1 85 1
//IdTournes NbColis
4 6
//IdColis IdCommandeInColis NbProducts IdProd1 QtyProd1 IdProd2 QtyProd2 ...
37 5 30 104 2 119 1 181 1 42 1 157 1 254 2 269 1 259 1 52 4 90 3 308 1 310 1 223 1 87 3 192 1 319 1 161 1 243 2 48 2 152 1 340 1 367 1 195 1 355 1 337 1 216 1 160 1 57 1 62 1 63 2
2 1 16 74 5 132 1 141 1 154 4 170 1 172 1 173 2 175 1 211 1 183 2 218 1 225 2 234 1 240 1 334 1 80 1
19 3 26 356 1 195 1 31 1 85 1 91 1 160 3 190 3 217 4 57 1 25 1 167 2 186 1 19 2 191 1 21 2 61 1 134 1 187 3 169 4 166 4 24 1 109 1 28 1 26 4 89 3 136 1
31 5 7 139 1 39 1 40 3 54 2 140 2 69 5 161 1
28 4 38 214 1 186 1 65 1 191 2 224 1 193 3 194 1 371 1 163 2 61 1 122 2 131 1 187 3 184 2 372 2 169 1 123 1 166 2 370 4 109 2 95 1 68 2 124 1 128 3 89 5 45 1 94 1 67 1 53 1 56 2 66 1 72 3 27 1 59 1 110 3 107 1 78 1 118 1
51 8 35 196 1 204 1 205 1 206 1 350 1 177 1 352 1 351 1 20 1 108 1 334 1 90 1 198 1 87 2 125 2 357 1 297 1 345 1 164 1 91 1 188 1 190 2 63 2 23 1 186 1 193 1 194 2 371 1 187 1 372 1 373 1 50 1 53 1 72 1 110 2
//IdTournes NbColis
5 6
//IdColis IdCommandeInColis NbProducts IdProd1 QtyProd1 IdProd2 QtyProd2 ...
38 5 32 105 2 106 1 121 1 167 2 65 2 193 3 194 3 371 2 61 3 187 2 184 1 372 1 169 1 166 1 370 4 71 1 377 1 64 1 88 1 89 5 67 1 50 1 53 3 56 1 72 2 110 4 2 2 374 2 44 1 80 3 1 6 375 7
43 6 28 255 1 126 1 259 2 293 1 334 1 284 1 87 2 73 3 291 1 195 1 75 2 190 1 167 1 65 1 191 1 193 3 98 1 134 3 171 1 184 1 129 1 100 1 89 4 50 1 53 1 56 1 72 2 99 1
33 5 13 173 3 176 2 210 1 183 2 225 2 229 1 234 1 238 1 197 4 242 1 84 1 78 1 80 1
3 1 12 197 1 245 1 260 1 261 1 203 1 307 3 296 2 314 2 303 1 329 2 348 3 174 1
26 4 27 290 1 300 1 354 1 177 1 323 1 302 1 353 2 366 1 236 1 294 1 283 1 115 1 272 1 344 2 233 1 263 1 108 1 83 2 325 1 334 1 52 1 90 1 246 1 308 1 135 1 213 1 231 1
47 7 23 185 1 252 3 350 1 271 1 177 3 301 1 323 3 331 1 352 2 180 2 182 2 265 2 344 1 20 1 380 1 293 1 262 1 288 1 327 1 332 1 338 1 48 1 80 1
//IdTournes NbColis
6 6
//IdColis IdCommandeInColis NbProducts IdProd1 QtyProd1 IdProd2 QtyProd2 ...
4 1 18 360 1 365 1 305 1 279 1 280 1 347 1 362 2 185 2 252 1 253 1 312 1 330 1 350 1 354 1 359 1 321 1 179 2 20 1
36 5 23 276 2 281 1 205 1 290 1 330 1 354 1 271 1 320 1 366 1 179 1 180 3 182 1 294 2 114 2 255 1 313 1 344 1 285 1 76 1 102 1 83 1 117 1 44 1
10 2 28 278 1 316 1 290 1 300 1 350 1 299 1 84 1 366 1 182 2 20 1 241 1 181 1 235 1 254 1 30 1 83 1 96 1 33 1 259 1 293 2 52 1 246 1 256 1 284 1 219 1 231 1 87 2 18 1
21 4 6 82 2 130 4 133 2 39 1 40 1 215 1
11 2 46 87 1 250 1 338 1 48 1 73 1 297 1 298 1 75 2 31 1 85 1 91 1 13 1 217 1 57 1 62 2 93 1 25 2 23 2 371 1 372 1 370 4 9 3 10 2 79 2 81 2 95 2 55 1 86 1 46 1 51 1 45 3 94 1 53 1 5 1 7 1 17 1 66 1 72 1 12 1 27 1 59 1 49 4 78 1 44 6 1 5 80 6
9 2 12 203 1 208 1 295 1 209 3 296 2 329 3 348 3 342 2 228 1 300 1 14 1 1 1
//IdTournes NbColis
7 6
//IdColis IdCommandeInColis NbProducts IdProd1 QtyProd1 IdProd2 QtyProd2 ...
15 3 13 234 1 197 1 200 2 248 1 249 1 242 2 203 2 287 1 292 1 303 1 307 4 296 1 38 1
41 6 14 199 1 200 1 201 1 197 1 242 2 203 1 208 1 209 3 303 1 296 2 329 3 252 1 46 1 80 1
13 3 9 244 1 130 2 137 1 39 1 40 1 54 1 69 3 92 3 102 1
24 4 13 245 1 267 1 203 1 209 3 296 2 329 3 348 1 336 1 360 1 363 1 342 2 349 1 86 1
34 5 13 199 1 201 1 203 1 289 1 303 1 307 2 296 2 314 1 329 3 348 3 358 1 342 1 44 2
46 7 12 249 1 203 1 292 1 209 3 296 2 311 1 329 3 336 3 317 1 328 1 275 1 1 1
//IdTournes NbColis
8 5
//IdColis IdCommandeInColis NbProducts IdProd1 QtyProd1 IdProd2 QtyProd2 ...
16 3 11 296 5 311 1 314 1 318 1 346 1 348 6 360 1 363 1 342 1 83 1 44 1
7 1 7 110 2 49 1 32 1 2 1 8 1 101 2 78 1
20 3 9 89 1 35 2 50 3 53 1 56 3 72 2 12 1 110 1 101 1
49 7 1 26 1
30 5 4 82 3 130 3 43 3 138 1
