//NbTournees
19
//IdTournes NbColis
1 6
//IdColis IdCommandeInColis NbProducts IdProd1 QtyProd1 IdProd2 QtyProd2 ...
2 1 34 155 1 4 1 25 1 338 1 263 1 135 1 92 1 1 1 3 1 32 1 54 1 240 1 98 1 181 2 45 1 51 1 248 1 251 1 364 1 56 2 44 2 426 1 244 2 257 2 259 1 47 1 147 1 150 2 153 2 154 1 157 1 159 2 137 1 216 1
26 8 19 40 1 20 1 85 1 236 1 86 1 133 1 231 1 239 1 105 2 111 3 113 2 255 1 118 2 119 1 126 3 138 1 131 1 1 1 266 1
6 2 29 140 2 240 1 24 1 96 1 98 1 226 1 163 1 143 2 45 1 51 1 247 2 251 2 31 1 43 2 326 1 2 1 44 2 56 2 244 2 245 1 249 2 47 1 137 2 141 1 147 1 150 2 153 3 154 1 433 1
37 11 33 267 1 64 1 143 1 45 1 241 1 51 1 247 1 251 1 31 1 43 1 2 1 44 2 56 2 244 2 257 2 259 1 47 1 137 1 141 1 147 1 151 1 153 2 154 1 157 1 159 1 27 1 52 2 250 2 70 1 229 1 93 1 99 1 66 1
5 2 16 113 3 102 3 118 3 131 3 132 2 142 4 148 1 158 1 350 1 174 1 92 1 441 1 3 1 54 2 200 1 110 1
9 3 26 10 1 274 1 15 1 21 1 41 1 362 1 118 1 131 1 132 1 142 2 4 1 48 1 92 1 3 1 33 1 240 2 24 1 144 1 181 1 45 1 51 1 247 1 251 1 364 1 44 1 47 1
//IdTournes NbColis
2 6
//IdColis IdCommandeInColis NbProducts IdProd1 QtyProd1 IdProd2 QtyProd2 ...
70 25 31 37 1 67 1 210 1 192 1 86 1 235 1 113 1 102 1 111 1 118 1 131 1 132 1 142 1 258 1 3 1 234 1 54 2 200 1 240 1 208 1 96 1 143 1 45 1 51 1 247 1 251 1 31 1 43 1 227 1 5 1 97 1
31 9 32 4 1 92 1 110 2 96 1 144 1 81 1 121 1 287 1 45 1 51 1 127 1 247 1 251 1 31 1 43 1 44 2 56 2 244 2 245 1 249 2 47 1 137 2 141 1 147 1 150 1 27 1 52 2 250 2 65 1 286 1 66 1 93 2
36 11 22 37 1 109 1 20 1 85 1 149 1 86 1 133 1 76 1 105 2 111 2 113 2 242 1 158 1 4 1 48 1 92 1 32 2 54 1 61 1 110 1 96 1 93 1
39 12 28 37 1 67 1 86 1 133 1 246 1 102 1 111 2 113 1 237 1 118 1 131 1 132 1 138 1 142 2 4 1 48 1 135 1 233 1 24 1 261 1 144 1 143 2 45 1 51 1 247 1 251 1 31 1 89 1
45 14 27 18 1 49 1 67 1 260 1 133 1 86 1 102 1 111 2 113 2 265 1 155 1 4 1 230 1 48 1 253 1 263 1 254 1 110 1 140 2 177 1 45 1 51 1 247 1 251 1 31 1 43 1 44 1
57 19 25 37 1 67 1 195 1 192 1 86 1 23 1 111 2 113 1 102 1 118 1 131 1 132 1 142 2 4 1 48 1 186 1 32 1 54 1 200 1 61 1 110 1 96 1 193 1 143 2 181 2
//IdTournes NbColis
3 6
//IdColis IdCommandeInColis NbProducts IdProd1 QtyProd1 IdProd2 QtyProd2 ...
62 21 27 37 1 20 1 274 1 133 1 86 1 113 1 102 1 111 2 276 1 4 1 48 1 50 1 207 1 144 1 143 1 45 1 51 1 127 1 247 1 251 1 31 1 43 1 44 1 56 2 244 1 245 1 249 2
98 39 35 67 1 86 1 133 1 102 1 111 2 113 1 4 1 48 1 92 1 144 1 143 1 45 1 51 1 247 1 251 1 31 1 43 1 44 1 56 1 244 1 245 1 257 1 47 1 137 1 141 1 147 1 150 1 153 1 154 1 157 1 27 1 52 1 250 1 66 1 93 3
74 27 32 272 1 59 1 192 1 86 1 11 1 277 1 113 1 102 1 111 1 118 1 131 1 132 1 142 1 30 1 135 1 197 1 140 1 96 1 45 1 51 1 247 1 251 1 31 1 43 1 227 1 5 1 7 2 9 1 17 1 44 1 56 2 89 1
81 30 25 176 1 141 1 147 1 151 1 153 1 154 1 157 1 159 1 232 1 27 1 250 1 290 1 288 1 170 1 280 1 83 1 269 1 281 1 292 1 289 1 283 1 93 2 293 1 123 1 72 2
94 37 36 192 1 86 1 183 1 102 1 113 1 132 1 118 1 131 1 142 1 207 1 163 1 295 1 144 1 45 1 51 1 248 1 251 1 31 1 43 1 227 1 5 1 7 1 9 1 17 1 44 1 56 1 244 1 257 1 259 1 47 1 147 1 151 1 153 1 215 1 204 1 159 1
86 33 32 272 1 67 1 133 1 86 1 102 1 111 1 113 1 270 1 131 1 132 1 118 1 142 1 258 1 324 1 296 1 50 1 96 1 45 1 51 1 247 1 251 1 31 1 43 1 44 1 56 2 244 1 257 2 259 1 47 1 176 1 147 1 286 1
//IdTournes NbColis
4 6
//IdColis IdCommandeInColis NbProducts IdProd1 QtyProd1 IdProd2 QtyProd2 ...
13 4 28 295 1 144 1 181 2 177 1 143 2 45 1 51 1 247 2 251 2 31 1 43 2 315 1 262 1 308 1 5 1 7 2 9 1 17 2 44 2 56 2 244 2 245 2 249 2 47 2 147 1 150 2 152 1 89 1
40 12 31 43 1 262 1 5 1 7 2 17 2 44 2 56 2 244 2 245 1 249 2 47 1 137 1 141 1 147 1 151 1 153 2 154 1 157 1 159 1 27 1 52 2 250 2 89 1 243 1 97 2 172 1 268 1 156 1 93 2 66 1 161 1
43 13 34 251 2 31 1 43 2 5 1 7 2 9 2 17 2 44 2 56 2 244 2 245 1 249 2 47 1 176 1 141 1 147 1 151 1 153 2 154 1 27 1 52 2 250 2 89 2 95 1 301 1 167 1 303 1 97 3 314 1 108 1 103 1 156 1 93 1 101 1
30 9 21 37 1 49 1 146 1 10 1 274 1 85 1 282 1 78 1 86 1 133 1 277 1 102 1 111 2 113 1 270 1 271 1 278 1 118 1 131 1 132 1 142 2
14 4 22 152 2 153 3 154 1 157 1 182 2 137 2 141 1 27 2 52 2 250 2 196 1 89 2 430 1 6 1 275 2 97 3 218 1 57 1 212 1 180 1 66 1 93 2
71 25 24 7 1 9 1 17 1 44 1 56 1 244 1 257 1 259 1 47 1 176 1 141 1 147 1 151 1 153 2 154 1 204 1 159 1 27 1 52 1 250 1 89 2 170 1 97 1 66 1
//IdTournes NbColis
5 6
//IdColis IdCommandeInColis NbProducts IdProd1 QtyProd1 IdProd2 QtyProd2 ...
8 3 9 38 1 14 1 39 1 411 1 412 1 40 1 18 1 8 1 282 1
16 5 17 40 1 18 1 49 2 109 1 8 1 10 1 274 1 149 1 15 1 21 2 59 1 133 1 86 1 11 1 23 1 435 1 172 1
11 4 18 37 1 46 1 49 1 60 1 10 1 20 1 274 1 67 1 16 1 59 1 86 1 133 1 76 1 220 1 42 2 105 2 111 1 73 1
23 7 27 300 1 37 1 10 1 86 1 133 1 102 1 111 2 113 1 304 1 258 1 98 1 226 1 309 1 144 1 181 2 318 1 45 1 51 1 63 1 80 1 94 1 127 1 247 1 251 1 299 1 31 1 43 1
42 13 22 18 1 10 1 149 1 162 1 86 1 133 1 246 1 102 1 111 2 113 2 118 1 126 2 131 2 132 1 230 1 129 1 140 1 143 1 45 1 51 1 247 2 321 1
53 17 24 18 1 10 1 85 1 325 1 312 1 192 1 86 1 235 1 111 2 113 1 322 1 102 1 258 1 186 1 185 1 92 1 54 1 197 1 96 1 144 2 45 1 51 1 248 1 306 1
//IdTournes NbColis
6 6
//IdColis IdCommandeInColis NbProducts IdProd1 QtyProd1 IdProd2 QtyProd2 ...
68 24 28 272 1 10 1 20 1 192 1 86 1 113 1 102 1 111 1 118 1 131 1 132 1 142 1 155 1 230 1 50 1 140 1 317 1 267 1 45 1 51 1 247 1 251 1 31 1 43 1 44 1 56 2 244 1 104 1
4 2 16 39 1 37 1 46 1 49 1 26 1 67 1 29 1 223 1 16 1 192 2 86 2 11 1 12 1 53 1 111 4 317 1
93 36 12 153 1 215 1 204 1 159 1 176 1 141 1 27 1 52 1 250 1 297 1 329 1 328 1
101 40 15 157 1 182 1 27 1 52 2 250 1 297 1 145 1 203 1 198 1 202 1 348 1 268 1 66 1 349 1 93 1
27 8 25 131 1 132 1 155 4 129 1 140 1 96 2 64 1 144 2 143 1 177 1 181 1 45 1 51 1 247 2 251 2 228 1 31 1 43 2 262 1 44 2 56 2 244 2 245 1 249 2 47 1
50 16 25 184 1 37 1 354 1 133 1 86 1 239 1 12 1 53 1 345 1 111 2 113 1 102 1 342 1 346 1 118 1 131 1 132 1 142 2 148 1 350 1 155 1 230 1 258 1 188 1 96 1
//IdTournes NbColis
7 6
//IdColis IdCommandeInColis NbProducts IdProd1 QtyProd1 IdProd2 QtyProd2 ...
85 32 10 153 1 215 1 204 1 159 1 176 1 141 1 232 1 27 1 250 1 330 1
63 21 16 47 1 137 1 141 1 147 1 150 1 153 2 154 1 157 1 159 1 27 1 52 2 250 1 284 1 229 1 275 1 66 1
20 6 12 34 1 35 1 36 1 37 1 274 1 418 1 282 1 19 1 13 1 55 1 397 1 66 1
60 20 30 39 1 272 1 133 1 86 1 53 2 113 1 102 1 111 1 331 1 30 1 234 1 96 1 163 1 45 1 51 1 247 1 251 1 31 1 43 1 44 1 56 2 244 1 257 2 259 1 47 1 137 2 141 1 147 1 150 1 66 1
56 18 21 244 1 245 1 249 1 257 1 47 1 137 1 141 1 147 1 151 1 153 2 154 1 157 1 159 1 27 1 52 2 250 1 70 1 351 1 332 1 310 1 187 1
79 29 19 249 2 47 1 137 1 141 1 147 1 150 1 153 2 154 1 157 1 182 1 27 1 52 2 250 1 332 1 343 1 347 1 238 1 66 2 93 1
//IdTournes NbColis
8 6
//IdColis IdCommandeInColis NbProducts IdProd1 QtyProd1 IdProd2 QtyProd2 ...
55 18 25 272 2 325 1 352 1 192 1 86 1 111 2 113 2 102 1 258 1 191 1 341 1 186 1 337 1 140 1 353 1 190 1 45 1 51 1 247 1 251 1 31 1 43 1 333 1 44 1 56 2
92 36 34 225 1 194 1 298 1 192 1 86 1 307 1 183 1 102 1 113 1 311 1 132 1 118 1 131 1 142 1 230 1 32 1 96 1 190 1 143 1 45 1 51 1 247 1 251 1 31 1 43 1 44 1 56 1 244 1 245 1 257 1 47 1 147 1 151 1 305 1
47 15 22 18 1 26 1 194 1 195 1 16 1 192 1 86 1 183 2 113 1 102 1 118 1 131 1 132 1 142 2 367 1 258 1 186 1 140 2 144 1 45 1 51 1 247 1
1 1 10 34 1 36 1 38 1 18 2 28 1 131 1 132 1 118 1 138 1 142 2
90 35 26 360 1 219 1 355 1 133 1 86 1 102 1 111 2 113 1 342 1 131 1 132 1 142 2 118 1 135 1 92 1 110 1 140 1 144 2 45 1 51 1 248 1 251 1 31 1 43 1 326 1 44 1
102 41 37 356 1 363 1 373 1 118 1 131 1 132 1 142 1 258 1 96 1 45 1 51 1 248 1 306 1 364 1 44 1 56 1 244 1 257 1 259 1 179 1 47 1 176 1 141 1 147 1 151 1 153 1 215 1 204 1 159 1 82 1 365 1 366 1 368 1 370 1 170 1 374 1 165 1
//IdTournes NbColis
9 6
//IdColis IdCommandeInColis NbProducts IdProd1 QtyProd1 IdProd2 QtyProd2 ...
104 42 33 372 1 357 1 49 1 86 1 133 1 102 1 111 1 113 1 186 1 45 1 51 1 248 1 251 1 31 1 43 1 44 1 56 1 244 1 257 1 259 1 47 1 137 1 141 1 147 1 150 1 153 1 154 1 157 1 159 1 232 1 27 1 250 1 70 1
106 43 33 358 1 86 1 192 1 102 1 111 1 113 1 230 1 96 1 98 1 45 1 51 1 248 1 306 1 31 1 43 1 44 1 56 1 244 1 257 1 259 1 47 1 176 1 141 1 147 1 151 1 153 1 154 1 204 1 159 1 232 1 27 1 250 1 361 1
33 10 27 37 1 385 1 384 2 86 1 133 1 387 1 105 1 111 2 113 1 379 1 118 1 126 2 131 1 132 1 138 1 148 1 155 1 230 1 258 1 116 1 135 1 324 1 383 1 81 2 130 1 45 1 79 1
67 23 17 245 1 249 2 47 1 137 2 141 1 147 1 150 2 153 3 154 1 157 1 182 2 27 1 52 2 250 1 82 1 359 1 369 1
80 30 33 211 1 192 1 86 1 279 1 183 1 102 1 113 1 131 1 132 1 142 1 265 1 118 1 230 1 129 1 197 1 140 1 33 1 96 1 163 1 143 2 45 1 51 1 248 1 251 1 31 1 43 1 44 1 56 1 244 1 257 1 259 1 47 1 291 1
82 31 25 35 1 394 1 325 1 113 1 131 1 132 1 118 1 142 1 230 1 140 1 96 1 143 1 45 1 51 1 247 1 251 1 364 1 44 1 56 1 244 1 245 1 249 1 47 1 137 1 168 1
//IdTournes NbColis
10 6
//IdColis IdCommandeInColis NbProducts IdProd1 QtyProd1 IdProd2 QtyProd2 ...
84 32 31 335 1 339 1 192 1 86 1 334 1 307 1 102 1 111 1 113 1 131 1 132 1 118 1 142 1 230 1 338 1 135 1 96 1 45 1 51 1 248 1 251 1 31 1 43 1 44 1 56 1 244 1 257 1 259 1 47 1 147 1 151 1
96 38 33 20 1 67 1 86 1 133 1 102 1 111 1 113 1 376 1 148 1 230 1 61 1 188 1 140 2 221 1 45 1 51 1 248 1 306 1 31 1 43 1 44 1 56 1 244 1 257 1 259 1 47 1 147 1 151 1 153 1 215 1 204 1 159 1 108 1
108 44 34 272 1 380 1 41 1 86 1 133 1 102 1 111 1 113 1 118 1 126 1 131 1 132 1 230 1 378 1 144 1 45 1 51 1 248 1 306 1 31 1 43 1 44 1 56 1 244 1 257 1 259 1 47 1 137 1 141 1 147 1 232 1 27 1 250 1 386 1
110 45 32 85 1 194 1 388 1 86 1 192 1 183 1 102 1 113 1 118 1 131 1 132 1 142 1 230 1 96 1 143 1 45 1 51 1 247 1 251 1 31 1 43 1 44 1 56 1 244 1 257 1 259 1 47 1 176 1 141 1 27 1 52 1 250 1
112 46 32 389 1 86 1 192 1 277 1 102 1 111 1 113 1 230 2 96 1 45 1 51 1 247 1 251 1 31 1 43 1 44 1 56 1 244 1 257 1 259 1 47 1 137 1 141 1 147 1 150 1 153 1 154 1 157 1 159 1 27 1 52 1 250 1
114 47 37 86 1 133 1 102 1 111 2 113 1 158 1 230 1 92 1 144 1 45 1 51 1 247 1 251 1 31 1 43 1 44 1 56 1 244 1 257 1 259 1 47 1 137 1 141 1 147 1 151 1 153 1 154 1 157 1 159 1 27 1 52 1 250 1 391 1 122 1 66 1 93 2 168 1
//IdTournes NbColis
11 6
//IdColis IdCommandeInColis NbProducts IdProd1 QtyProd1 IdProd2 QtyProd2 ...
116 48 32 86 1 192 1 183 1 102 1 113 1 230 1 135 1 140 1 45 1 51 1 247 1 251 1 31 1 43 1 44 1 56 1 244 1 257 1 259 1 47 1 176 1 141 1 147 1 151 1 153 1 154 1 204 1 159 1 27 1 52 1 250 1 168 1
17 5 31 102 1 111 2 113 1 155 1 48 1 116 1 135 4 324 1 129 1 22 1 436 1 33 1 240 1 163 1 98 1 309 1 409 1 226 1 143 2 181 1 121 1 318 1 81 1 45 1 51 1 127 1 247 1 251 1 31 1 43 1 315 1
51 16 30 144 1 143 1 181 1 45 1 51 1 127 1 248 1 251 1 31 1 43 1 262 1 44 1 56 2 244 1 257 2 259 1 47 1 137 2 141 1 147 1 150 2 153 2 154 1 157 1 159 2 232 2 27 1 250 1 344 1 93 1
54 17 26 31 1 43 1 326 1 44 1 56 1 244 1 257 1 259 1 47 1 176 1 141 1 147 1 151 1 153 2 154 1 204 1 159 1 232 1 27 1 250 1 196 1 290 1 145 1 199 1 198 1 66 1
58 19 31 181 1 45 1 51 1 248 1 251 1 31 1 43 1 262 1 44 2 56 2 244 2 257 2 259 1 47 1 201 1 176 2 141 1 147 1 151 2 153 3 154 1 157 1 159 2 232 2 27 1 250 2 117 1 203 1 202 1 66 1 93 2
73 26 24 244 1 257 2 259 1 47 1 176 1 141 1 147 1 151 1 153 2 154 1 204 1 159 1 232 2 27 1 250 1 170 1 414 1 281 1 292 1 160 1 66 1 93 1 316 1 168 1
//IdTournes NbColis
12 6
//IdColis IdCommandeInColis NbProducts IdProd1 QtyProd1 IdProd2 QtyProd2 ...
77 28 27 51 1 248 1 251 1 31 1 43 1 44 1 56 1 244 1 257 2 259 1 47 1 137 1 141 1 147 1 151 1 153 2 154 1 157 1 159 1 232 2 27 1 250 1 199 2 213 1 66 1 93 1 400 1
87 33 12 151 1 153 2 154 1 204 1 159 1 141 1 232 2 27 1 250 1 302 1 66 1 93 1
89 34 19 56 1 244 1 257 2 259 1 47 1 137 1 141 1 147 1 151 1 153 2 154 1 157 1 159 1 232 2 27 1 250 1 216 1 66 1 93 1
91 35 20 56 2 244 1 257 2 259 1 47 1 137 1 141 1 147 1 150 1 153 2 154 1 157 1 159 1 232 2 27 1 250 1 198 1 310 1 66 1 93 1
95 37 12 176 1 141 1 232 1 27 1 250 1 89 2 281 1 97 2 214 1 294 1 66 1 93 1
97 38 13 176 1 141 1 232 1 27 1 250 1 288 1 145 2 198 1 214 1 202 1 180 1 392 1 316 1
//IdTournes NbColis
13 6
//IdColis IdCommandeInColis NbProducts IdProd1 QtyProd1 IdProd2 QtyProd2 ...
117 49 34 211 1 395 1 282 1 86 1 192 1 102 1 111 1 113 1 118 1 131 1 132 1 142 1 393 1 54 1 45 1 51 1 248 1 306 1 31 1 43 1 44 1 56 1 244 1 257 1 259 1 47 1 176 1 141 1 147 1 151 1 153 1 232 1 27 1 250 1
119 50 29 86 1 192 1 183 1 102 1 113 1 396 1 45 1 51 1 248 1 306 1 31 1 43 1 44 1 56 1 244 1 257 1 259 1 47 1 176 1 141 1 147 1 151 1 153 1 215 1 204 1 159 1 232 1 27 1 250 1
120 51 30 49 1 86 1 133 1 102 1 111 1 113 1 163 1 45 1 51 1 248 1 251 1 31 1 43 1 44 1 56 1 244 1 257 1 259 1 47 1 137 1 141 1 147 1 150 1 153 1 154 1 157 1 159 1 232 1 27 1 250 1
121 52 36 149 1 86 1 192 1 277 1 183 1 102 1 113 1 140 1 96 1 402 1 295 1 144 1 45 1 51 1 248 1 251 1 31 1 43 1 326 1 44 1 56 1 244 1 257 1 259 1 47 1 176 1 141 1 147 1 151 1 153 1 154 1 204 1 159 1 232 1 27 1 250 1
123 53 36 86 1 192 1 334 1 102 1 111 1 113 1 118 1 131 1 132 1 142 1 158 1 96 1 163 1 287 1 45 1 51 1 248 1 251 1 31 1 43 1 44 1 56 1 244 1 257 1 259 1 47 1 137 1 141 1 147 1 151 1 153 1 154 1 157 1 232 1 27 1 250 1
125 54 29 401 1 67 2 86 1 192 1 102 1 111 2 113 1 186 1 135 1 129 1 110 1 45 1 51 1 248 1 251 1 31 1 43 1 44 1 56 1 244 1 257 1 259 1 47 1 176 1 141 1 147 1 232 1 27 1 250 1
//IdTournes NbColis
14 6
//IdColis IdCommandeInColis NbProducts IdProd1 QtyProd1 IdProd2 QtyProd2 ...
127 55 35 403 1 86 1 192 1 102 1 111 1 113 1 118 1 131 1 132 1 142 1 404 1 116 1 393 1 240 1 96 1 410 1 45 1 51 1 247 1 251 1 31 1 43 1 44 1 56 1 244 1 257 1 259 1 47 1 137 1 141 1 147 1 232 1 27 1 250 1 286 1
129 56 32 37 1 86 1 102 1 111 2 113 1 258 1 407 1 405 1 408 1 409 1 177 1 143 2 45 1 51 1 247 1 251 1 31 1 43 1 44 1 56 2 244 1 257 2 259 1 47 1 137 1 141 1 232 2 27 1 250 1 170 1 122 1 66 1
12 4 23 111 2 113 2 118 2 119 1 124 1 126 3 131 2 132 1 155 2 258 1 174 1 32 2 50 1 54 2 428 1 61 1 207 1 24 1 261 1 96 1 221 1 98 1 58 1
21 6 31 132 1 118 1 126 2 131 1 30 1 304 1 135 1 92 1 54 1 140 1 33 1 24 1 221 1 144 1 181 1 45 1 51 1 247 1 251 1 364 1 44 2 56 2 244 2 245 1 249 2 47 1 147 1 150 2 153 2 154 1 157 1
34 10 37 241 1 51 1 69 1 63 1 247 1 251 1 31 1 43 1 44 2 56 2 244 2 245 1 249 2 47 1 137 2 141 1 147 1 150 2 152 1 153 2 154 1 157 1 27 1 52 2 381 1 250 2 382 1 377 1 75 2 122 1 65 1 390 1 156 1 66 1 93 1 79 1 136 1
7 2 14 157 1 159 2 27 1 52 2 250 2 196 1 82 1 95 1 170 1 437 1 180 1 439 1 93 2 101 1
//IdTournes NbColis
15 6
//IdColis IdCommandeInColis NbProducts IdProd1 QtyProd1 IdProd2 QtyProd2 ...
18 5 36 44 2 56 2 244 2 257 2 259 1 179 1 429 1 84 1 47 1 137 2 141 1 147 1 431 1 150 2 153 3 154 1 157 1 159 2 27 1 52 2 250 2 114 1 134 1 178 1 430 1 70 1 117 1 170 1 175 1 427 1 145 1 199 1 314 1 432 1 440 1 442 1
24 7 39 315 1 262 1 125 1 308 1 44 1 56 2 244 1 245 1 249 2 84 1 179 1 47 1 137 2 141 1 147 1 150 2 153 2 154 1 157 1 182 2 27 1 52 2 250 1 82 1 196 1 70 1 95 1 112 1 114 1 134 1 285 1 100 1 117 1 288 1 106 1 83 1 145 1 199 1 203 1
28 8 21 107 1 179 1 137 2 141 1 147 1 151 2 153 3 154 1 157 1 159 2 27 1 52 2 250 2 238 1 199 1 202 2 264 1 71 1 93 1 256 1 72 1
46 14 20 44 1 56 2 244 2 245 1 249 2 47 1 137 2 141 1 147 1 150 2 153 3 154 1 157 1 159 2 27 1 52 2 250 2 82 1 252 1 166 1
48 15 25 251 1 31 1 43 1 262 1 44 2 56 2 244 2 245 1 257 2 47 1 176 1 141 1 147 1 151 1 153 2 154 1 157 1 159 1 27 1 52 2 250 2 252 1 189 1 375 2 93 3
61 20 12 150 1 153 2 154 1 157 1 159 2 27 1 52 2 250 1 285 1 70 1 340 1 66 1
//IdTournes NbColis
16 6
//IdColis IdCommandeInColis NbProducts IdProd1 QtyProd1 IdProd2 QtyProd2 ...
65 22 20 47 1 137 1 141 1 147 1 150 1 153 2 154 1 157 1 159 1 27 1 52 1 250 1 288 1 93 2 136 1 161 1 168 1 101 1 104 1 422 1
69 24 21 245 1 257 2 179 1 47 1 137 1 141 1 147 1 151 1 153 2 154 1 157 1 159 1 27 1 52 2 250 1 327 2 66 1 323 1 93 1 316 1 168 1
75 27 24 244 1 245 1 257 2 47 1 137 1 141 1 147 1 151 1 153 2 154 1 157 1 159 1 27 1 52 2 250 1 285 1 89 1 238 1 273 1 97 2 212 1 214 1 66 1 169 1
131 57 34 211 1 86 1 192 1 102 1 111 1 113 1 417 1 45 1 51 1 247 1 251 1 31 1 43 1 44 1 56 1 244 1 257 1 259 1 47 1 137 1 141 1 147 1 150 1 153 1 154 1 157 1 159 1 27 1 52 1 250 1 199 1 203 1 198 1 202 1
133 58 35 424 1 195 1 425 1 413 1 420 1 86 1 192 1 183 1 102 1 113 1 416 1 415 1 61 1 419 1 421 1 193 1 45 1 51 1 247 1 251 1 31 1 43 1 44 1 56 1 244 1 257 1 259 1 47 1 176 1 141 1 147 1 27 1 52 1 250 1 266 1
66 23 26 335 1 37 1 133 1 86 1 362 1 113 2 105 1 111 2 205 1 206 1 138 1 350 1 30 1 371 1 54 1 181 1 209 1 45 1 51 1 247 1 251 1 31 1 43 1 44 1 56 2 244 1
//IdTournes NbColis
17 6
//IdColis IdCommandeInColis NbProducts IdProd1 QtyProd1 IdProd2 QtyProd2 ...
64 22 30 37 1 133 1 86 1 113 1 102 1 111 2 118 1 131 1 132 1 138 1 126 2 30 1 404 1 423 1 32 1 54 2 110 1 45 1 51 1 247 1 251 1 31 1 43 1 262 1 44 1 56 1 244 1 245 1 257 1 66 1
76 28 24 37 1 60 1 149 1 192 1 86 1 387 1 397 1 113 1 183 2 102 1 118 1 131 1 132 1 142 2 398 1 30 1 399 2 191 1 135 1 92 1 309 1 144 1 45 1 56 1
88 34 29 37 1 192 1 86 1 102 1 111 2 113 1 131 1 132 1 138 1 118 1 142 2 30 1 135 1 92 1 54 1 110 1 140 1 144 1 181 1 143 1 45 1 51 1 406 1 247 1 251 1 31 1 43 1 44 1 56 1
72 26 25 272 1 380 1 192 1 86 1 239 1 113 2 102 1 111 2 118 1 131 2 132 1 142 2 258 1 200 1 110 1 144 1 45 1 51 1 248 1 251 1 31 1 43 1 262 1 44 1 56 2
78 29 28 39 1 37 1 67 1 133 1 86 1 279 1 102 1 111 1 113 1 118 1 131 1 132 1 142 1 336 1 135 2 140 1 33 1 96 1 45 1 51 1 247 1 251 1 31 1 43 1 44 1 56 2 244 1 245 1
100 40 31 272 1 149 1 425 1 86 1 192 1 102 1 111 1 113 1 258 1 54 1 96 1 193 2 45 1 51 1 247 1 251 1 31 1 43 1 44 1 56 2 244 1 257 2 259 1 47 1 443 1 137 1 141 1 147 1 150 1 153 2 154 1
//IdTournes NbColis
18 6
//IdColis IdCommandeInColis NbProducts IdProd1 QtyProd1 IdProd2 QtyProd2 ...
10 3 26 44 1 56 2 244 2 245 1 249 2 137 2 141 1 147 1 150 2 153 2 154 1 157 1 182 2 365 1 366 1 368 2 370 2 170 1 122 1 375 1 160 1 103 1 93 2 164 1 161 2 171 1
135 59 11 86 1 133 1 277 1 102 1 111 1 113 1 96 1 410 1 143 1 94 1 117 1
3 1 13 137 1 141 1 196 1 365 1 366 1 368 2 370 2 288 1 117 1 281 1 217 1 66 1 93 2
22 6 8 159 2 137 2 141 1 365 1 366 1 368 2 370 2 316 1
83 31 11 147 1 150 1 153 1 154 1 157 1 159 1 141 1 365 1 366 1 368 1 370 1
19 5 28 203 1 198 1 108 1 139 1 212 1 88 1 434 1 202 1 128 1 180 1 286 1 165 1 268 1 310 1 156 1 99 1 173 1 283 1 438 1 439 1 256 1 123 1 168 1 169 1 101 1 316 1 104 1 422 1
//IdTournes NbColis
19 2
//IdColis IdCommandeInColis NbProducts IdProd1 QtyProd1 IdProd2 QtyProd2 ...
25 7 30 314 1 108 1 139 1 222 1 120 1 68 1 88 1 214 1 202 1 319 1 128 1 103 1 310 1 66 2 77 1 90 1 91 1 93 2 99 1 320 1 224 1 256 1 74 1 123 1 62 1 87 1 101 1 104 1 115 1 313 1
136 60 9 86 1 133 1 105 1 111 1 113 1 258 1 371 1 96 1 410 1
