//NbTournees
28
//IdTournes NbColis
1 6
//IdColis IdCommandeInColis NbProducts IdProd1 QtyProd1 IdProd2 QtyProd2 ...
24 7 19 524 1 59 1 80 2 370 1 354 1 355 1 322 1 515 1 521 1 522 1 430 2 94 2 525 1 65 1 84 1 202 1 67 1 109 2 410 1
29 8 20 374 2 360 1 403 1 574 1 425 1 259 1 59 1 248 1 184 1 478 1 155 1 492 1 303 2 481 2 400 1 98 1 284 1 332 1 501 1 17 1
32 9 19 270 1 425 1 59 1 68 1 273 1 395 1 107 1 109 1 44 2 7 1 27 1 506 1 471 1 501 1 26 1 512 1 500 1 406 1 17 1
16 5 21 133 1 298 1 103 1 183 1 423 1 359 2 295 1 340 1 403 1 391 1 302 1 60 3 80 1 153 1 175 1 244 1 249 1 310 1 44 1 17 1 25 2
35 10 16 236 1 305 1 382 1 392 1 403 1 237 1 259 1 60 1 68 3 74 1 148 1 174 2 175 1 249 1 345 3 66 1
40 11 21 199 1 293 1 299 2 103 1 381 1 183 1 188 1 450 1 262 1 75 2 95 1 213 1 382 1 378 1 391 1 259 1 60 1 235 1 563 1 17 1 25 1
//IdTournes NbColis
2 6
//IdColis IdCommandeInColis NbProducts IdProd1 QtyProd1 IdProd2 QtyProd2 ...
41 11 20 60 1 80 2 215 1 147 1 315 1 155 1 202 1 156 1 247 3 321 1 385 1 443 1 48 1 132 1 98 1 297 1 332 2 520 1 88 1 26 1
1 1 12 35 1 45 1 46 1 54 1 56 1 38 1 34 1 61 2 62 1 106 1 177 2 140 1
12 4 17 61 1 62 1 106 1 177 1 102 1 185 1 316 1 389 1 203 1 78 1 93 3 96 1 99 3 103 1 104 1 143 1 51 1
15 5 14 61 2 62 1 64 1 106 1 177 2 102 1 316 2 72 1 78 1 92 3 96 2 241 1 133 1 57 1
19 6 15 47 1 61 1 62 1 64 1 106 1 177 2 102 1 316 1 30 1 78 1 92 3 96 2 133 3 262 1 52 1
22 7 15 61 2 62 1 177 2 102 1 106 1 185 1 316 2 71 2 78 1 92 3 96 2 124 1 500 1 17 1 528 2
//IdTournes NbColis
3 6
//IdColis IdCommandeInColis NbProducts IdProd1 QtyProd1 IdProd2 QtyProd2 ...
33 10 17 575 1 70 1 61 1 62 1 64 1 106 1 177 2 102 1 316 1 92 3 96 2 119 1 133 2 100 1 468 1 465 1 17 1
39 11 15 61 1 62 1 64 1 177 2 102 1 106 1 316 1 389 1 78 1 89 1 92 3 96 2 196 1 133 2 563 1
43 12 13 36 1 509 1 45 1 555 1 377 1 47 3 61 2 62 1 106 1 177 2 102 1 185 1 27 1
47 13 15 566 1 61 2 62 1 64 1 106 1 177 2 102 1 316 2 119 1 122 1 128 1 92 4 96 1 467 1 406 1
52 14 14 61 2 62 1 177 2 102 1 106 1 185 1 316 2 389 1 118 2 120 1 78 1 89 1 92 3 39 1
57 15 14 61 2 62 1 64 1 102 1 106 1 177 2 316 2 115 1 119 1 124 1 92 4 96 2 52 1 406 1
//IdTournes NbColis
4 6
//IdColis IdCommandeInColis NbProducts IdProd1 QtyProd1 IdProd2 QtyProd2 ...
62 16 18 356 2 268 2 61 1 62 1 106 1 177 2 102 1 185 1 316 1 479 1 115 1 116 1 119 1 120 1 121 1 92 2 7 1 406 2
66 17 13 36 1 509 1 45 1 46 1 54 1 61 2 62 1 106 2 102 1 177 3 185 1 409 1 17 1
73 18 16 586 1 61 2 62 1 64 1 106 1 177 2 102 1 316 2 78 1 92 3 96 1 133 2 157 1 580 1 418 1 17 1
76 19 15 61 1 62 1 106 1 177 1 102 1 185 1 316 1 135 2 115 1 78 1 93 3 99 2 103 2 104 1 73 1
5 2 17 63 1 90 1 102 1 106 1 108 1 110 1 324 1 190 1 78 1 99 3 101 1 154 3 261 1 188 1 270 1 44 1 17 1
8 3 14 35 1 36 1 37 1 45 1 46 1 54 1 22 1 47 1 62 1 90 1 102 1 106 1 24 1 9 1
//IdTournes NbColis
5 6
//IdColis IdCommandeInColis NbProducts IdProd1 QtyProd1 IdProd2 QtyProd2 ...
27 8 15 34 1 47 1 62 1 86 1 90 1 106 1 102 1 110 1 324 2 78 1 92 3 96 2 103 2 104 1 189 1
31 9 20 70 1 63 1 90 1 102 1 106 1 108 1 110 1 324 1 78 1 93 2 99 1 100 1 101 1 104 1 111 1 112 1 261 1 320 1 505 1 48 1
79 20 16 62 1 90 1 102 1 106 1 185 1 110 1 324 1 116 3 78 1 99 2 154 2 101 1 104 2 205 1 91 1 17 1
81 21 18 548 1 62 1 86 1 90 1 102 1 106 1 110 1 324 1 160 1 78 1 93 3 99 2 101 1 178 1 183 1 189 1 44 1 29 1
83 22 18 62 1 90 1 177 1 102 1 106 1 185 1 316 1 115 1 78 1 93 3 99 3 103 1 183 1 270 1 165 1 467 1 17 1 29 1
85 23 19 62 1 86 1 90 1 102 1 106 1 110 1 324 1 78 1 93 2 99 2 173 1 101 1 157 1 183 1 187 1 270 1 30 1 438 1 534 1
//IdTournes NbColis
6 6
//IdColis IdCommandeInColis NbProducts IdProd1 QtyProd1 IdProd2 QtyProd2 ...
87 24 20 62 1 86 1 90 1 102 1 106 1 110 1 324 1 78 1 93 2 168 1 99 1 172 1 101 1 183 1 270 1 180 1 75 1 392 1 57 1 26 1
89 25 20 171 1 62 1 86 1 90 1 102 1 106 1 110 1 324 1 78 1 93 2 99 1 101 1 182 1 104 1 188 1 261 1 270 1 325 1 164 1 442 1
91 26 16 377 1 62 1 90 1 106 1 177 2 102 1 185 1 316 1 389 1 161 2 116 1 78 1 139 1 163 1 92 2 158 1
96 27 16 62 1 86 1 90 1 106 1 102 1 110 1 324 1 389 1 115 1 78 1 196 1 93 3 96 1 104 2 99 2 33 1
100 28 15 566 1 356 2 268 2 62 1 90 1 86 1 102 1 106 1 110 1 324 2 116 4 192 1 193 2 582 1 17 1
104 29 15 508 1 36 1 509 1 45 1 46 1 511 1 62 1 86 1 90 1 102 1 106 1 110 1 324 1 203 1 17 1
//IdTournes NbColis
7 6
//IdColis IdCommandeInColis NbProducts IdProd1 QtyProd1 IdProd2 QtyProd2 ...
107 30 16 62 1 86 1 90 2 102 1 106 1 110 2 324 2 78 1 92 2 96 1 99 2 103 1 104 2 66 1 452 1 17 1
110 31 18 62 1 86 1 90 1 106 1 102 1 110 1 324 1 190 1 78 1 197 1 93 3 99 2 103 1 104 1 172 1 293 1 7 1 412 1
113 32 15 35 1 45 1 46 1 36 1 54 1 451 1 62 1 90 1 102 1 106 1 185 1 110 1 324 1 71 1 426 1
116 33 15 35 1 45 1 46 1 54 1 56 1 38 1 70 1 62 1 86 1 90 1 106 1 102 1 110 1 324 1 13 1
119 34 19 584 1 566 1 62 1 86 1 90 1 106 1 102 1 110 1 324 1 190 1 78 1 206 1 93 2 99 2 104 1 293 1 101 1 44 1 529 1
122 35 17 62 1 86 1 90 1 106 1 102 1 110 1 212 1 203 1 116 2 78 1 207 1 214 1 218 1 104 2 154 2 101 1 198 1
//IdTournes NbColis
8 6
//IdColis IdCommandeInColis NbProducts IdProd1 QtyProd1 IdProd2 QtyProd2 ...
125 36 17 493 1 554 1 62 1 90 1 106 1 102 1 185 1 110 1 324 1 115 1 78 1 93 3 104 2 99 2 293 1 181 1 17 1
129 37 14 36 1 576 1 509 1 45 1 46 1 511 1 70 1 62 1 86 1 90 2 106 1 102 1 203 1 17 1
133 38 16 356 2 268 2 62 1 90 1 106 1 102 1 185 1 110 1 324 2 221 1 78 1 93 3 96 2 99 1 199 1 17 2
136 39 18 557 1 62 1 90 1 106 1 177 1 102 1 185 1 110 1 113 1 115 1 78 1 227 1 214 2 104 1 154 3 101 1 465 1 17 1
140 40 16 568 1 62 1 90 1 106 1 102 1 185 1 110 1 324 1 203 2 115 1 78 1 93 3 96 1 99 3 165 1 17 1
144 41 18 47 2 554 1 62 1 90 1 106 1 102 1 185 1 110 1 324 2 72 1 223 1 225 1 78 1 92 3 96 1 133 1 468 1 501 1
//IdTournes NbColis
9 6
//IdColis IdCommandeInColis NbProducts IdProd1 QtyProd1 IdProd2 QtyProd2 ...
148 42 19 477 1 47 1 62 1 90 1 177 1 102 1 106 1 185 1 316 1 226 1 307 1 115 1 116 3 120 1 78 1 139 1 92 1 238 1 407 1
152 43 15 509 1 555 1 62 1 90 2 106 1 177 2 102 1 185 1 316 2 222 1 223 1 78 1 93 3 443 1 58 1
156 44 17 36 1 509 1 45 1 46 1 62 1 90 1 106 1 102 1 185 1 110 1 324 1 203 2 115 1 193 1 78 1 93 1 7 1
160 45 15 62 1 86 1 90 1 106 1 102 1 110 1 324 2 116 1 230 1 78 1 92 3 96 1 133 3 103 1 44 1
164 46 17 36 1 509 1 45 1 46 1 569 1 62 1 86 1 90 1 106 1 102 1 110 1 324 1 161 2 78 1 231 1 17 1 29 1
168 47 21 63 1 90 1 102 1 106 1 108 1 110 1 324 1 193 1 78 1 232 1 93 1 99 2 101 1 104 1 188 1 261 1 270 1 262 1 504 1 17 1 25 1
//IdTournes NbColis
10 6
//IdColis IdCommandeInColis NbProducts IdProd1 QtyProd1 IdProd2 QtyProd2 ...
170 48 19 472 1 63 1 86 1 90 1 102 1 106 1 110 1 324 1 203 1 190 1 78 1 93 2 99 2 101 1 104 1 238 1 183 1 44 1 17 1
172 49 19 63 1 90 1 102 1 106 1 108 1 110 1 324 1 78 1 214 2 154 2 101 1 253 1 104 1 256 1 188 1 261 1 270 1 486 1 498 1
174 50 20 494 1 493 1 63 1 90 1 102 1 106 1 108 1 110 1 324 1 161 1 78 1 93 1 99 1 101 1 261 1 270 1 41 1 77 1 180 1 467 1
176 51 18 356 1 268 1 63 1 90 1 102 1 106 1 108 1 110 1 324 1 389 1 78 1 214 2 154 2 101 1 104 1 261 1 270 1 24 1
179 52 18 495 1 63 1 90 1 102 1 106 1 108 1 110 1 324 1 161 1 116 1 78 1 93 2 99 1 101 1 264 1 261 1 320 1 270 1
186 55 21 63 1 90 1 102 1 106 1 108 1 110 1 324 1 78 1 214 2 154 1 101 1 261 1 270 1 401 1 66 1 396 1 337 1 321 1 369 1 414 1 17 1
//IdTournes NbColis
11 6
//IdColis IdCommandeInColis NbProducts IdProd1 QtyProd1 IdProd2 QtyProd2 ...
188 56 22 63 1 90 1 102 1 106 1 108 1 110 1 324 1 78 1 214 1 154 1 101 1 104 1 261 1 270 1 150 1 350 1 386 1 85 1 416 1 27 1 76 1 26 1
44 12 13 316 2 113 1 78 1 129 1 92 3 96 2 133 2 103 2 183 1 188 2 269 1 484 1 17 1
67 17 15 185 1 316 2 114 1 226 1 118 1 119 1 78 1 92 4 96 3 206 1 196 2 474 1 563 2 17 1 528 1
131 37 21 213 3 152 2 317 2 250 1 322 1 66 1 138 1 204 1 109 1 48 1 44 2 7 2 439 1 510 1 415 1 32 1 465 1 553 1 26 1 570 1 29 3
175 50 20 480 1 75 1 257 1 397 1 482 1 391 1 150 1 246 1 250 1 322 1 66 1 73 1 492 1 88 1 57 1 49 1 127 1 418 1 489 1 26 1
77 19 18 104 1 285 1 183 1 318 1 189 1 323 1 270 2 136 1 149 1 257 1 425 2 175 1 250 3 313 1 315 1 155 1 448 1 17 1
//IdTournes NbColis
12 6
//IdColis IdCommandeInColis NbProducts IdProd1 QtyProd1 IdProd2 QtyProd2 ...
190 57 22 116 1 78 1 93 1 99 1 285 1 103 1 183 1 205 1 270 1 24 1 213 1 131 1 68 1 246 1 250 1 399 1 402 1 258 1 408 1 415 1 419 1 410 1
36 10 20 254 1 387 2 273 1 427 1 169 1 344 1 155 1 202 1 67 3 138 1 134 1 303 2 308 1 267 2 321 1 83 1 201 1 284 1 468 1 33 1
45 12 18 187 1 455 1 359 3 432 1 365 1 41 1 296 1 382 1 403 1 131 2 174 1 244 1 294 1 250 1 184 1 67 1 558 1 44 1
64 16 23 313 2 155 1 67 1 337 1 385 1 338 2 444 1 83 1 97 1 201 2 328 2 297 2 33 1 49 1 81 1 15 1 487 1 496 1 26 1 406 1 407 1 17 1 29 1
102 28 28 346 1 263 1 259 1 80 1 150 1 283 1 363 1 94 1 169 1 155 1 67 1 338 2 585 1 284 1 386 2 458 1 88 1 456 1 81 1 304 1 44 2 194 1 7 1 27 2 76 1 526 1 51 2 32 1
54 14 20 236 2 374 1 376 1 403 1 150 1 174 1 265 1 84 1 533 1 117 1 247 1 385 1 523 1 461 1 485 1 83 1 132 1 279 2 348 1 541 1
//IdTournes NbColis
13 6
//IdColis IdCommandeInColis NbProducts IdProd1 QtyProd1 IdProd2 QtyProd2 ...
59 15 19 281 1 342 1 425 1 259 2 68 1 80 1 174 1 250 1 287 1 345 2 354 1 322 1 245 2 126 1 353 1 109 2 443 1 467 1 52 1
70 17 16 376 1 342 1 425 1 68 2 80 1 147 2 174 2 175 1 250 2 254 1 184 1 322 4 515 1 504 1 468 1 25 1
71 17 21 399 2 117 2 134 1 303 1 109 1 350 3 321 3 476 1 81 1 44 2 7 1 541 1 491 1 31 2 9 1 417 1 13 2 32 1 527 1 501 1 26 1
105 29 20 78 1 93 2 99 1 199 2 101 1 104 2 205 1 188 1 261 1 270 1 349 1 68 1 184 1 468 2 55 1 44 4 12 1 502 1 419 1 26 1
120 34 20 183 1 323 1 270 1 361 1 365 1 189 1 165 1 216 1 482 1 579 1 68 1 140 2 174 1 283 1 314 1 315 1 521 2 522 1 44 1 17 1
123 35 20 366 1 306 1 330 1 261 1 188 1 270 1 394 1 220 1 390 1 68 1 150 1 175 1 184 1 310 2 84 1 155 1 393 1 386 1 210 1 76 3
//IdTournes NbColis
14 6
//IdColis IdCommandeInColis NbProducts IdProd1 QtyProd1 IdProd2 QtyProd2 ...
126 36 19 101 1 261 1 319 1 323 1 270 1 432 2 77 1 165 2 191 1 68 1 140 1 170 1 309 1 310 1 314 2 322 1 273 1 88 1 418 1
141 40 19 103 1 104 1 173 1 183 1 320 1 189 1 24 1 165 1 295 1 263 1 543 1 425 1 259 2 68 1 74 3 148 1 175 1 49 1 562 1
158 44 27 148 1 174 1 175 1 176 1 249 1 310 1 314 1 322 1 426 2 181 1 117 1 443 1 467 2 334 1 468 3 85 1 488 1 44 2 510 1 166 1 52 2 571 1 31 3 445 1 26 1 29 1 528 1
37 10 18 386 1 125 1 88 1 18 2 81 3 39 2 7 2 550 1 69 1 142 1 27 1 91 2 418 1 76 4 79 1 31 1 26 1 454 1
50 13 25 362 1 83 1 130 1 328 1 311 2 334 1 386 1 85 1 88 1 57 3 379 1 127 1 44 2 7 1 69 1 27 1 91 2 418 1 31 1 9 1 410 1 490 1 449 2 2 1 414 3
98 27 18 296 2 288 1 257 1 397 1 382 2 433 1 191 1 80 1 314 3 181 1 134 1 204 1 292 1 336 1 459 1 461 1 44 2 448 1
//IdTournes NbColis
15 6
//IdColis IdCommandeInColis NbProducts IdProd1 QtyProd1 IdProd2 QtyProd2 ...
177 51 30 149 1 224 1 148 1 249 1 184 1 169 1 469 1 338 1 132 1 311 1 468 1 239 1 44 2 7 2 12 1 69 1 123 1 240 1 198 1 166 1 466 1 52 1 409 1 442 1 20 1 465 1 26 1 473 1 17 1 29 1
192 58 24 78 1 93 1 99 1 101 1 205 1 261 1 323 1 270 1 189 1 180 1 95 1 398 1 191 1 140 1 387 1 73 1 350 1 400 1 304 1 82 1 209 1 417 1 415 1 410 1
182 53 17 36 1 509 1 45 1 46 1 511 1 70 1 78 1 93 1 99 1 101 1 157 1 261 1 269 1 270 1 271 1 272 1 180 1
10 3 15 262 1 346 1 482 2 259 4 74 1 175 2 314 3 73 1 155 2 303 2 109 1 371 1 132 1 97 1 39 1
17 5 21 422 1 426 1 402 1 427 1 19 2 245 1 73 1 235 3 420 1 357 1 362 1 83 1 97 3 201 2 297 1 312 1 49 1 81 1 424 1 44 1 434 1
49 13 21 317 1 339 1 403 1 215 1 148 1 246 1 283 1 395 1 430 1 19 1 73 1 155 2 533 1 492 1 134 1 303 2 385 1 393 1 362 1 83 1 17 1
//IdTournes NbColis
16 6
//IdColis IdCommandeInColis NbProducts IdProd1 QtyProd1 IdProd2 QtyProd2 ...
86 23 16 180 1 170 1 174 1 426 1 73 1 321 1 523 1 461 1 540 1 91 1 76 1 3 1 532 1 26 1 449 1 29 1
88 24 12 174 1 175 1 176 1 314 1 422 1 73 1 169 1 134 1 447 1 7 1 82 1 166 1
90 25 12 180 1 151 1 184 1 73 1 179 1 53 1 44 2 7 1 166 1 20 1 419 1 26 1
92 26 16 92 1 96 2 167 1 145 1 121 2 99 1 133 1 199 1 103 2 253 1 104 1 178 1 183 1 188 1 272 1 73 1
180 52 19 180 2 317 1 259 1 349 1 249 1 265 1 310 1 426 1 405 1 73 2 247 1 485 1 242 1 48 1 312 1 497 1 82 1 491 1 26 1
183 53 21 361 1 483 1 243 1 260 1 482 1 574 1 245 1 73 1 267 1 578 1 558 1 258 1 266 1 55 1 416 1 44 1 194 1 491 1 415 1 552 1 410 1
//IdTournes NbColis
17 6
//IdColis IdCommandeInColis NbProducts IdProd1 QtyProd1 IdProd2 QtyProd2 ...
185 54 23 251 1 262 1 255 1 263 1 482 1 244 1 248 1 254 1 273 1 73 2 134 1 252 1 57 1 44 1 7 1 91 1 565 1 51 1 415 1 552 1 410 1 453 1 29 1
13 4 24 104 1 183 1 421 1 188 2 325 1 432 1 151 1 236 1 397 1 343 1 428 1 74 1 146 1 176 2 158 1 8 1 443 1 437 1 49 1 53 1 127 1 91 1 17 1 29 1
53 14 16 96 1 133 2 157 2 103 1 183 1 187 1 188 1 238 1 359 1 251 1 483 1 213 4 289 1 290 1 74 1 406 1
63 16 17 92 1 96 2 133 2 103 1 199 1 183 1 188 1 238 3 262 1 483 1 339 1 403 2 259 1 74 1 250 1 444 1 2 1
150 42 25 360 1 224 1 259 1 74 1 80 1 170 1 148 1 174 1 176 1 314 1 181 1 83 2 462 1 467 1 332 1 311 1 468 1 476 1 57 1 33 1 44 3 7 1 448 1 51 1 26 1
171 48 19 188 1 270 1 165 1 74 1 235 2 181 1 457 1 468 1 424 1 44 2 7 2 87 1 76 1 79 1 5 1 475 1 26 1 463 1 412 1
//IdTournes NbColis
18 6
//IdColis IdCommandeInColis NbProducts IdProd1 QtyProd1 IdProd2 QtyProd2 ...
20 6 22 103 1 199 1 183 1 111 1 188 1 404 1 75 1 95 1 280 1 397 1 403 1 50 1 259 1 310 1 405 1 158 1 155 1 156 1 159 1 109 1 321 1 411 1
145 41 21 133 1 103 1 104 1 199 1 293 1 183 1 331 2 205 1 111 1 188 1 320 1 323 1 24 1 262 1 340 2 75 1 543 1 474 1 468 1 418 1 17 2
7 2 14 18 1 44 1 6 1 7 1 27 1 91 1 76 1 5 2 3 1 32 1 26 1 43 1 2 1 17 2
18 5 7 44 2 7 2 27 2 76 3 21 1 5 1 26 1
25 7 25 267 1 350 1 321 1 362 1 8 1 276 1 517 1 132 3 98 2 279 1 332 2 386 1 458 1 85 3 488 1 535 1 416 1 33 1 81 1 7 1 27 1 76 1 79 3 526 1 413 1
30 8 19 312 1 334 1 457 1 437 1 468 1 57 1 33 1 81 1 44 2 6 1 27 1 91 1 76 3 441 1 79 2 445 1 26 1 498 1 25 1
//IdTournes NbColis
19 6
//IdColis IdCommandeInColis NbProducts IdProd1 QtyProd1 IdProd2 QtyProd2 ...
55 14 33 348 1 311 1 334 1 372 1 386 2 460 1 468 1 476 2 85 2 88 1 55 2 369 1 537 1 81 1 127 2 39 3 58 1 76 2 531 2 452 3 31 2 23 1 411 3 489 1 465 1 445 1 26 1 454 1 406 1 407 2 17 1 538 2 29 1
60 15 30 275 1 514 1 467 1 132 1 97 1 98 1 201 2 334 1 520 1 88 1 239 1 518 1 55 1 18 1 33 2 456 1 49 1 127 1 44 2 123 3 76 3 79 1 542 1 409 1 23 1 527 1 419 1 26 1 530 1 29 2
78 19 20 402 1 155 1 181 1 470 1 138 1 303 1 321 1 28 1 130 1 386 1 44 5 27 1 76 1 79 1 448 1 452 1 552 1 419 3 26 1 549 1
80 20 16 261 1 270 1 141 1 152 1 346 1 273 1 155 1 470 1 436 1 332 3 44 2 76 1 144 1 464 1 471 1 26 1
94 26 20 427 1 84 1 169 1 155 2 132 3 49 1 44 3 82 1 91 1 76 1 409 2 14 1 31 3 4 1 13 1 26 1 454 1 40 1 25 2 29 1
111 31 25 329 1 183 1 256 2 323 1 270 1 165 1 180 1 343 1 131 2 143 1 181 2 202 1 303 1 81 1 7 2 82 3 27 2 91 3 418 1 76 1 409 1 32 2 26 1 406 1 17 1
//IdTournes NbColis
20 6
//IdColis IdCommandeInColis NbProducts IdProd1 QtyProd1 IdProd2 QtyProd2 ...
142 40 19 333 1 314 1 521 1 522 1 560 1 235 2 181 1 559 1 362 1 297 1 332 1 44 7 7 1 76 1 452 1 31 1 23 1 411 1 26 1
146 41 22 403 1 391 3 342 1 259 1 283 1 155 2 476 2 18 1 33 2 137 3 81 3 44 3 439 1 556 1 76 1 51 1 52 3 501 1 26 1 40 1 25 1 528 2
82 21 17 323 1 270 1 186 1 482 1 519 1 162 1 499 1 551 1 57 1 550 1 497 1 142 1 409 1 31 1 9 1 26 1 43 1
75 18 17 48 1 297 1 85 1 55 1 57 1 137 1 44 2 7 3 142 1 79 1 52 1 501 1 583 1 581 1 410 1 25 3 29 3
118 33 24 215 1 170 1 322 1 19 1 311 1 334 3 85 1 55 1 57 1 137 1 53 1 44 3 82 1 27 2 91 1 209 2 448 2 440 1 411 1 445 1 26 1 2 1 17 1 25 1
154 43 25 547 1 248 1 273 2 545 1 492 1 83 1 57 3 379 1 456 1 137 2 81 2 53 1 304 1 44 3 7 1 87 1 3 1 409 1 413 2 502 1 442 1 13 1 553 1 26 1 43 1
//IdTournes NbColis
21 6
//IdColis IdCommandeInColis NbProducts IdProd1 QtyProd1 IdProd2 QtyProd2 ...
162 45 25 387 1 519 1 19 3 235 1 155 1 138 1 303 1 308 1 336 1 337 1 485 1 130 1 132 1 284 1 499 1 460 1 53 2 44 2 539 1 91 1 529 1 26 1 2 1 406 2 17 1
23 7 17 133 2 103 2 104 3 366 1 183 1 256 1 187 1 77 1 262 1 373 1 536 1 288 1 317 1 403 1 342 1 425 1 433 1
157 44 20 93 1 99 3 103 1 183 1 187 1 188 1 238 1 270 1 77 1 165 1 213 1 360 1 403 1 482 1 425 1 349 1 80 1 140 1 418 1 17 1
2 1 15 102 1 185 1 316 2 203 1 24 1 41 1 78 1 139 1 93 3 145 2 99 3 104 1 101 1 28 1 17 1
9 3 17 177 1 185 1 110 1 324 1 78 1 93 3 99 2 199 1 219 1 104 1 101 1 183 1 187 1 238 1 270 1 180 2 17 2
101 28 16 78 1 92 3 96 1 99 2 199 1 282 1 103 1 104 1 238 1 183 1 318 1 388 1 262 1 278 1 288 1 195 1
//IdTournes NbColis
22 6
//IdColis IdCommandeInColis NbProducts IdProd1 QtyProd1 IdProd2 QtyProd2 ...
114 32 19 78 1 92 3 96 1 99 2 103 1 104 1 183 1 264 1 238 1 320 1 200 1 94 1 84 1 97 1 201 1 328 1 284 1 81 1 52 1
117 33 18 324 1 78 1 93 2 99 3 217 1 103 1 104 1 183 1 238 1 270 1 346 1 317 1 446 1 425 1 433 1 140 1 85 1 449 1
130 37 16 110 2 324 2 78 1 122 1 93 3 211 1 99 2 104 1 101 1 183 1 238 1 270 1 325 1 272 1 31 1 25 1
184 54 16 36 1 509 1 45 1 46 1 511 1 567 1 78 1 93 1 241 1 99 1 101 1 261 1 270 1 325 1 180 1 259 1
137 39 19 178 1 261 1 188 1 238 1 323 1 270 1 432 1 165 1 236 1 346 1 257 1 360 1 482 1 195 1 131 1 140 3 228 1 558 1 52 1
3 1 25 306 1 261 1 320 1 323 1 270 1 141 1 326 1 150 1 314 3 308 1 312 1 88 3 33 1 44 3 7 1 42 1 58 2 79 1 16 1 52 3 14 1 23 3 26 1 1 1 17 1
//IdTournes NbColis
23 6
//IdColis IdCommandeInColis NbProducts IdProd1 QtyProd1 IdProd2 QtyProd2 ...
11 3 14 332 1 499 1 57 1 11 1 367 1 368 1 44 1 12 1 42 2 79 2 52 1 4 1 26 1 43 1
14 4 11 44 2 7 1 15 4 79 1 31 1 20 1 442 1 13 1 26 1 40 1 10 1
166 46 25 80 1 233 1 273 1 426 1 181 1 443 1 83 3 561 1 97 1 98 1 332 1 311 2 334 3 460 1 49 2 39 2 7 1 82 1 491 2 79 2 565 1 52 2 496 2 26 1 564 1
169 47 22 236 2 425 1 98 1 431 1 57 1 49 1 81 1 44 2 7 1 507 1 142 1 27 1 79 1 144 1 452 1 501 1 465 1 26 1 454 1 513 1 10 1 2 1
93 26 21 189 1 544 1 24 1 262 1 340 1 280 1 257 1 378 1 403 1 446 1 342 1 425 1 259 1 80 3 174 2 310 1 399 1 44 1 17 1 538 1 25 1
108 30 23 183 1 323 1 429 1 450 1 80 1 175 1 430 1 19 1 202 1 436 1 321 1 438 1 444 1 125 1 18 1 447 1 368 1 44 3 439 1 27 1 411 1 26 1 454 1
//IdTournes NbColis
24 6
//IdColis IdCommandeInColis NbProducts IdProd1 QtyProd1 IdProd2 QtyProd2 ...
173 49 20 95 1 397 1 263 2 317 1 259 1 140 1 314 1 169 1 486 1 467 1 57 1 33 1 53 1 44 3 82 2 198 2 418 1 448 1 26 1 17 1
42 11 8 88 1 55 1 33 1 39 4 7 1 87 1 82 1 27 3
84 22 17 482 1 313 1 143 1 181 1 83 1 48 1 386 2 460 1 488 1 53 1 44 2 7 3 510 1 82 1 27 1 503 1 26 1
121 34 17 181 1 303 1 347 1 362 1 558 1 208 1 348 1 351 1 488 1 44 2 82 1 27 2 434 1 452 1 31 1 20 1 26 1
58 15 17 121 1 133 3 285 1 286 2 103 2 183 1 264 1 188 1 359 1 189 1 450 1 30 1 483 2 352 1 438 1 28 1 17 1
68 17 10 197 1 121 3 168 1 103 3 253 1 133 4 172 1 282 1 285 3 238 1
//IdTournes NbColis
25 6
//IdColis IdCommandeInColis NbProducts IdProd1 QtyProd1 IdProd2 QtyProd2 ...
21 6 10 83 1 48 1 55 1 44 2 413 1 419 1 26 1 406 1 407 1 17 1
115 32 14 386 1 431 1 44 5 7 2 142 1 418 1 441 1 445 1 587 1 26 1 435 1 453 2 406 1 17 1
46 12 17 134 1 303 1 321 2 130 1 132 3 386 1 125 1 488 1 456 1 304 1 44 1 91 1 14 1 13 1 415 1 26 1 490 1
99 27 12 386 1 460 1 458 1 44 1 7 2 510 1 87 1 27 1 198 1 577 1 573 1 26 1
135 38 14 126 1 303 2 338 2 229 1 48 1 431 1 416 1 39 2 6 1 7 1 510 2 572 2 465 1 26 1
127 36 18 273 1 402 1 159 1 132 3 311 1 460 2 88 1 57 1 447 1 537 1 44 3 491 1 562 1 3 1 32 1 411 1 489 1 26 1
//IdTournes NbColis
26 6
//IdColis IdCommandeInColis NbProducts IdProd1 QtyProd1 IdProd2 QtyProd2 ...
165 46 18 92 2 96 1 103 1 133 1 199 1 178 1 183 1 330 1 188 1 341 1 359 2 24 1 278 1 343 1 403 1 342 1 143 1 91 1
6 2 20 165 1 213 1 237 1 174 3 314 1 169 1 234 1 181 1 303 1 337 1 350 2 267 1 48 1 201 1 348 1 311 1 312 1 334 3 57 1 44 1
97 27 19 99 1 291 1 178 1 219 1 103 1 238 1 183 1 318 1 264 1 455 1 404 1 165 1 95 2 213 1 151 1 216 1 278 1 433 1 17 1
149 42 16 92 2 96 1 99 3 285 2 103 1 253 1 104 1 183 1 111 3 188 1 320 1 165 1 305 1 474 1 44 1 17 1
134 38 20 99 1 199 1 103 1 104 2 183 1 256 1 331 1 361 1 432 1 262 1 346 1 237 1 259 1 349 1 175 1 273 1 560 1 94 1 155 1 8 1
34 10 17 172 1 199 1 219 1 103 2 306 1 183 1 383 1 188 2 388 1 359 3 180 1 262 1 483 1 536 1 95 1 277 1 468 1
//IdTournes NbColis
27 6
//IdColis IdCommandeInColis NbProducts IdProd1 QtyProd1 IdProd2 QtyProd2 ...
48 13 15 96 1 133 4 298 1 219 1 300 1 301 1 103 2 253 2 183 1 331 1 188 1 238 1 359 2 48 1 465 1
153 43 19 96 1 145 1 99 2 103 1 104 1 285 1 218 2 183 1 375 1 238 1 320 1 189 1 323 1 429 1 180 1 360 1 546 1 558 1 17 1
161 45 18 104 1 199 3 183 1 238 1 383 1 516 1 24 1 262 1 213 2 280 1 236 1 335 1 391 1 326 1 259 1 153 1 11 1 414 1
69 17 16 285 1 178 1 183 1 256 1 331 2 111 1 384 1 188 1 320 1 388 1 359 2 180 1 274 1 151 1 152 1 263 2
74 18 19 103 1 293 1 183 1 359 1 271 1 340 1 360 1 147 1 148 2 153 1 313 1 355 1 363 1 522 1 350 1 357 3 358 1 364 1 449 1
138 39 16 314 1 519 2 169 1 181 1 158 1 247 1 311 1 380 1 458 1 460 2 456 1 304 1 44 2 7 1 32 1 26 1
//IdTournes NbColis
28 3
//IdColis IdCommandeInColis NbProducts IdProd1 QtyProd1 IdProd2 QtyProd2 ...
28 8 16 104 1 99 2 199 1 293 1 329 1 182 1 219 2 183 1 271 1 272 1 262 2 105 1 327 1 257 1 317 2 407 1
194 59 5 356 2 268 1 338 1 53 1 39 2
103 28 3 26 1 2 1 414 1
