//NbTournees
8
//IdTournes NbColis
1 6
//IdColis IdCommandeInColis NbProducts IdProd1 QtyProd1 IdProd2 QtyProd2 ...
2 1 17 157 1 243 1 247 1 288 1 329 1 121 2 211 1 177 1 199 1 223 1 298 1 307 2 344 1 175 2 190 2 234 1 1 2
16 3 21 173 1 216 1 247 1 224 1 248 1 288 1 304 1 121 2 252 2 98 2 129 1 126 1 221 1 269 1 272 1 277 1 303 1 130 1 119 1 3 1 48 2
44 6 17 383 1 138 3 188 1 74 1 289 1 290 1 311 1 302 1 160 1 163 1 172 1 224 1 226 1 168 1 241 1 121 1 51 1
12 2 24 179 1 183 3 267 1 306 1 60 1 295 1 332 2 341 1 342 2 343 1 351 1 164 1 170 1 218 1 340 2 92 1 118 1 123 1 166 1 260 1 274 1 331 1 6 1 5 1
32 5 15 47 1 69 1 383 1 73 1 74 1 188 2 379 1 231 1 122 1 153 3 173 3 157 1 84 1 3 1 48 1
38 5 12 325 1 261 5 316 3 301 2 305 2 309 1 312 1 361 1 124 1 337 2 137 1 13 1
//IdTournes NbColis
2 6
//IdColis IdCommandeInColis NbProducts IdProd1 QtyProd1 IdProd2 QtyProd2 ...
27 4 18 244 1 251 1 256 1 268 1 238 1 327 2 300 1 261 3 335 1 336 1 309 1 62 2 125 1 137 1 158 2 259 3 286 1 109 1
9 2 14 252 2 126 2 177 1 257 2 263 1 269 1 275 1 277 1 298 1 315 1 334 1 338 2 307 1 303 1
35 5 10 252 2 98 2 126 1 177 6 258 3 272 2 275 1 277 1 255 1 303 1
45 6 12 180 3 245 2 228 2 271 1 304 1 329 2 203 1 252 5 308 1 126 1 39 1 45 1
11 2 20 270 1 292 1 316 1 333 1 336 1 339 1 77 1 127 1 156 1 182 1 137 2 158 2 259 3 294 1 174 1 155 2 179 2 26 1 105 1 40 1
17 3 17 314 1 338 2 315 1 344 2 130 1 133 1 328 1 346 1 81 2 128 2 204 1 208 1 220 1 225 1 227 1 373 1 99 1
//IdTournes NbColis
3 6
//IdColis IdCommandeInColis NbProducts IdProd1 QtyProd1 IdProd2 QtyProd2 ...
26 4 18 338 1 307 1 344 1 355 2 39 1 68 1 132 1 133 1 278 1 328 2 356 2 56 1 81 1 128 1 136 1 185 1 175 1 118 1
37 5 12 128 1 193 1 136 1 185 2 175 3 244 2 256 3 276 1 279 5 280 1 297 1 325 1
47 6 16 344 1 338 1 219 1 222 1 395 1 128 1 208 1 233 1 237 1 175 3 251 1 279 5 256 2 297 1 300 1 392 1
8 2 17 153 1 172 1 180 1 228 2 243 1 245 1 247 1 248 3 224 1 266 1 281 1 293 1 352 1 386 1 130 1 49 1 1 1
36 5 16 303 1 330 1 344 3 315 2 338 1 116 2 130 1 171 2 222 1 319 1 278 1 328 1 346 1 75 1 81 1 236 1
10 2 14 345 1 353 1 303 2 344 2 133 1 171 2 278 1 328 1 346 1 131 1 256 2 261 3 265 1 236 1
//IdTournes NbColis
4 6
//IdColis IdCommandeInColis NbProducts IdProd1 QtyProd1 IdProd2 QtyProd2 ...
5 1 36 369 1 120 1 105 4 29 1 32 1 144 5 374 1 375 1 45 1 71 1 134 4 381 1 377 4 382 1 141 2 109 1 10 2 12 2 97 1 104 2 13 2 14 2 21 2 35 2 50 2 65 2 7 1 112 1 79 1 368 1 24 1 88 1 94 1 101 1 191 1 107 2
4 1 29 137 1 158 1 195 1 259 4 373 1 183 2 357 1 365 1 60 1 113 1 31 1 198 1 106 2 202 1 92 1 366 1 16 1 376 2 201 1 6 1 19 1 89 1 103 1 192 1 87 1 83 2 371 1 142 1 114 1
19 3 18 316 1 364 1 360 2 155 3 179 1 183 1 249 1 273 2 287 2 57 1 60 1 146 2 213 1 106 2 139 3 176 1 194 1 48 1
50 6 27 313 1 317 1 6 1 89 1 105 3 393 1 148 6 144 5 134 6 70 1 10 1 12 1 20 2 22 1 389 1 13 2 14 2 21 2 35 2 50 1 65 1 33 1 388 1 390 1 100 1 85 1 394 2
28 4 23 135 1 155 1 179 3 250 2 296 1 60 1 295 1 332 2 341 1 342 2 343 2 351 1 146 1 67 1 92 1 149 1 150 1 162 1 165 1 166 1 184 1 9 1 40 1
39 5 12 137 2 158 4 212 1 259 5 286 1 110 1 373 1 155 5 135 1 179 3 183 1 82 1
//IdTournes NbColis
5 6
//IdColis IdCommandeInColis NbProducts IdProd1 QtyProd1 IdProd2 QtyProd2 ...
3 1 19 136 1 208 1 210 1 220 1 225 1 238 1 240 1 358 2 292 1 301 1 261 1 305 1 339 1 309 1 312 1 361 2 137 2 373 1 370 1
20 3 39 196 1 264 1 340 3 385 1 349 1 162 1 291 1 260 1 217 1 59 1 78 2 6 2 19 2 89 1 96 1 103 1 372 1 87 1 82 1 151 1 120 1 53 1 105 4 148 5 76 1 10 2 12 2 20 1 27 1 13 2 14 2 21 2 35 2 50 2 65 2 4 1 18 1 33 1 8 1
1 1 16 69 1 61 2 378 1 138 1 231 1 232 1 359 1 63 1 153 2 159 1 160 1 168 1 180 2 186 2 98 1 118 1
23 4 24 383 1 138 1 231 1 289 1 140 1 145 1 152 1 157 1 161 1 169 1 178 1 189 1 153 1 207 1 163 1 214 1 172 1 228 1 186 1 98 2 49 1 1 1 40 1 84 1
48 6 13 299 1 301 1 305 1 309 1 312 1 325 1 261 3 137 2 158 4 259 5 360 2 155 1 106 1
40 5 15 183 4 249 3 273 1 321 1 287 1 324 1 60 1 139 2 218 2 340 1 349 3 16 1 93 1 197 1 200 1
//IdTournes NbColis
6 6
//IdColis IdCommandeInColis NbProducts IdProd1 QtyProd1 IdProd2 QtyProd2 ...
49 6 22 155 1 179 1 183 2 249 2 306 1 60 1 146 2 213 1 139 1 349 2 92 1 391 1 197 1 200 2 149 1 206 1 235 1 239 2 274 2 6 1 105 1 367 1
13 2 31 115 1 117 4 111 1 52 1 371 2 120 3 114 1 148 1 147 1 70 1 141 2 109 2 10 1 12 1 86 1 97 1 25 1 13 2 14 2 21 2 35 2 38 1 44 1 50 1 65 1 4 2 79 1 85 1 40 4 37 4 41 4
15 3 19 47 1 383 1 73 1 74 1 188 2 230 1 143 1 232 1 289 1 290 1 283 2 302 1 215 1 159 1 163 1 173 1 119 1 1 3 84 1
7 2 17 64 1 55 1 58 1 54 1 383 2 74 1 188 2 145 1 152 1 154 1 161 1 167 1 169 1 187 1 153 1 116 1 90 1
41 5 38 260 1 362 2 313 1 66 1 217 1 78 1 6 1 19 3 96 1 115 2 103 1 151 1 120 1 114 1 105 5 148 4 15 2 71 1 381 1 384 1 72 3 382 1 109 2 10 2 12 2 13 1 14 2 21 2 35 2 50 2 65 2 100 1 79 2 95 1 88 1 94 1 101 1 107 2
46 6 10 205 1 181 1 177 4 257 4 307 2 310 1 303 3 344 1 39 1 83 1
//IdTournes NbColis
7 6
//IdColis IdCommandeInColis NbProducts IdProd1 QtyProd1 IdProd2 QtyProd2 ...
33 5 11 209 1 216 1 224 1 207 3 159 2 168 2 242 1 180 2 243 4 245 1 322 1
25 4 15 329 1 354 1 181 2 177 3 255 1 258 1 221 1 275 1 282 1 284 1 285 1 320 1 303 1 330 1 338 1
24 4 16 229 1 243 2 245 2 246 1 247 2 253 1 254 2 262 1 224 1 266 1 293 1 326 2 329 1 98 2 91 1 40 1
18 3 17 244 1 233 1 236 1 237 1 251 1 276 1 279 3 280 2 256 2 238 1 297 1 261 3 305 1 339 1 312 1 363 1 105 1
34 5 6 245 1 247 4 248 3 323 3 329 5 252 3
29 4 44 317 1 318 1 260 3 348 1 350 1 313 2 387 1 66 1 6 3 347 2 19 1 80 2 82 1 83 1 400 1 396 2 120 1 53 1 397 1 9 1 11 2 20 1 22 2 28 3 30 1 14 2 21 2 35 1 36 1 38 1 43 2 44 2 46 1 7 2 17 2 33 1 399 1 23 1 100 2 102 1 108 1 85 1 99 1 51 1
//IdTournes NbColis
8 2
//IdColis IdCommandeInColis NbProducts IdProd1 QtyProd1 IdProd2 QtyProd2 ...
30 4 11 95 2 2 3 42 1 398 1 88 1 94 1 101 1 107 2 40 2 37 4 41 1
21 3 12 34 1 100 1 108 1 79 1 85 1 95 2 380 1 401 1 88 1 94 1 101 1 107 2
