//NbTournees
7
//IdTournes NbColis
1 6
//IdColis IdCommandeInColis NbProducts IdProd1 QtyProd1 IdProd2 QtyProd2 ...
21 7 20 141 1 63 1 77 1 85 1 95 1 145 1 65 1 78 1 72 1 101 2 136 1 48 1 55 1 67 1 127 3 146 1 147 2 133 1 236 1 1 2
3 1 18 95 2 65 1 78 1 93 1 10 1 14 1 15 1 69 1 107 1 101 2 136 1 49 4 164 1 17 1 176 1 67 1 159 1 109 1
1 1 11 36 1 31 1 38 1 44 1 46 1 71 1 106 1 86 1 170 1 50 2 163 1
2 1 16 50 1 66 2 130 1 54 1 59 3 167 1 112 1 117 1 160 1 141 1 58 1 63 1 70 1 84 2 114 1 1 2
6 2 12 24 1 73 1 64 1 82 1 50 3 66 2 57 1 144 1 54 1 59 1 141 1 1 3
12 4 19 36 1 73 1 157 1 50 1 66 1 54 1 59 1 80 1 58 1 63 1 174 1 193 1 155 1 109 2 103 1 102 1 94 2 62 1 1 5
//IdTournes NbColis
2 6
//IdColis IdCommandeInColis NbProducts IdProd1 QtyProd1 IdProd2 QtyProd2 ...
20 7 12 24 1 237 1 73 1 86 1 50 2 66 2 130 1 140 1 54 1 59 2 198 1 1 2
25 8 11 24 1 71 1 64 2 82 1 87 1 50 2 66 1 54 1 59 2 162 1 164 2
28 9 13 24 1 33 1 38 1 240 1 46 1 73 1 232 1 86 1 50 1 66 1 140 1 141 1 1 1
34 11 20 36 1 73 1 50 1 66 1 54 1 59 1 156 1 183 1 195 1 165 1 119 4 155 1 102 1 96 1 139 1 148 1 40 1 187 1 20 1 1 4
39 13 13 50 3 66 2 144 1 54 1 59 3 256 1 255 1 141 1 63 1 70 2 85 2 250 1 1 2
31 10 15 200 1 33 1 38 1 46 1 56 1 66 1 54 1 80 1 51 1 75 1 77 1 95 1 93 2 217 1 221 1
//IdTournes NbColis
3 6
//IdColis IdCommandeInColis NbProducts IdProd1 QtyProd1 IdProd2 QtyProd2 ...
22 7 18 153 1 205 1 149 1 152 2 155 1 135 3 138 2 102 1 9 1 60 2 74 1 88 1 90 4 113 1 99 1 52 3 92 1 1 1
32 10 25 229 1 97 1 154 1 195 2 155 1 102 1 53 1 88 1 83 1 94 2 100 1 98 1 139 1 150 1 151 1 192 1 89 1 81 4 104 2 40 1 187 2 20 2 39 1 34 2 1 2
10 3 20 24 1 56 1 106 1 66 1 172 1 54 1 194 1 180 1 169 1 55 1 155 1 16 1 102 1 22 3 185 2 88 1 98 1 139 1 148 2 1 2
14 5 16 24 1 73 1 232 1 64 2 86 1 66 1 54 1 59 1 141 1 77 1 84 1 78 1 93 1 108 1 124 1 220 1
17 6 11 24 1 33 1 38 1 44 1 46 1 73 1 66 2 172 1 54 1 59 2 40 1
29 9 24 54 1 59 1 63 1 77 1 84 1 85 1 95 1 145 1 65 1 76 1 78 1 101 1 136 1 211 1 155 1 222 1 91 1 103 3 102 1 60 1 99 2 238 1 40 1 220 1
//IdTournes NbColis
4 6
//IdColis IdCommandeInColis NbProducts IdProd1 QtyProd1 IdProd2 QtyProd2 ...
36 12 25 200 1 56 1 168 1 66 1 54 1 178 2 191 2 155 3 102 1 11 1 90 1 158 1 139 1 40 1 20 2 39 1 34 1 35 2 42 1 2 1 199 1 6 1 47 1 189 1 1 5
15 5 24 136 1 213 1 215 1 234 1 129 1 203 1 55 1 147 1 211 1 119 1 155 1 102 1 18 3 120 1 126 1 166 1 139 1 204 1 207 1 209 2 148 1 19 1 23 1 1 2
18 6 17 59 1 132 1 202 2 210 1 101 2 231 1 164 3 55 1 128 2 154 1 119 1 131 2 155 1 225 1 227 1 115 1 1 2
26 8 23 55 1 171 1 153 1 173 2 149 2 184 1 88 1 90 2 92 1 100 1 98 1 175 3 148 1 150 1 151 1 192 1 18 3 61 1 197 1 81 1 198 1 20 1 1 3
42 13 9 42 1 21 1 43 1 241 1 253 1 250 1 257 1 26 1 47 1
7 2 17 59 2 58 2 63 1 70 1 85 1 95 1 210 1 78 1 122 1 101 1 226 2 206 1 176 1 123 1 134 1 154 3 40 1
//IdTournes NbColis
5 6
//IdColis IdCommandeInColis NbProducts IdProd1 QtyProd1 IdProd2 QtyProd2 ...
9 2 13 216 1 228 1 61 1 143 3 212 1 104 1 20 2 39 1 187 2 32 1 34 2 41 2 30 1
41 13 28 201 1 214 1 9 1 22 2 88 1 242 1 99 1 246 1 100 1 236 1 79 1 98 1 137 1 247 1 148 1 248 1 179 2 251 1 18 3 61 1 143 3 254 2 252 1 20 2 39 1 34 2 35 2 1 2
4 1 29 8 2 111 2 119 1 177 1 155 1 7 1 11 1 102 1 182 1 110 1 118 1 161 1 94 1 100 1 62 1 18 1 68 1 121 1 137 2 166 1 179 1 28 1 13 2 40 1 20 2 39 1 34 2 35 1 3 1
38 13 9 24 1 33 2 38 2 46 1 71 1 64 1 86 2 170 1 40 1
8 2 25 147 1 211 1 178 1 153 1 12 1 155 1 142 1 9 3 102 1 214 1 219 1 90 1 116 1 99 2 18 1 105 1 121 1 98 1 137 1 209 1 148 1 150 1 179 1 1 2 218 2
40 13 22 95 2 145 2 210 1 78 1 243 1 101 1 136 1 176 1 249 1 127 1 244 1 195 2 245 1 173 2 155 1 142 1 227 1 115 1 102 1 185 1 187 1 1 1
//IdTournes NbColis
6 6
//IdColis IdCommandeInColis NbProducts IdProd1 QtyProd1 IdProd2 QtyProd2 ...
30 9 17 96 1 79 1 139 1 148 1 143 1 239 1 20 2 39 1 34 2 35 2 42 1 2 1 43 1 26 1 5 1 220 2 1 4
23 7 20 92 1 100 3 96 3 139 1 148 1 150 1 151 1 192 1 228 2 143 1 198 1 40 1 20 2 39 1 34 2 35 2 42 1 43 1 233 3 230 2
19 6 20 102 1 201 1 214 1 125 1 120 2 137 1 139 1 148 1 150 1 179 1 192 1 39 1 187 2 20 2 34 2 41 2 42 1 30 1 235 2 1 3
13 4 13 18 1 139 1 148 1 40 1 20 2 39 1 34 2 35 2 42 1 2 1 43 1 37 1 186 1
33 10 6 41 2 42 1 43 1 208 1 221 2 1 3
16 5 17 148 2 150 1 151 1 181 1 223 1 40 1 39 1 187 1 20 2 34 1 41 2 42 1 30 1 45 1 186 1 224 1 1 3
//IdTournes NbColis
7 4
//IdColis IdCommandeInColis NbProducts IdProd1 QtyProd1 IdProd2 QtyProd2 ...
11 3 17 150 1 151 1 181 1 192 1 40 1 20 2 39 1 187 2 34 2 41 2 42 1 43 1 188 1 190 1 25 1 27 1 1 2
5 1 14 35 1 42 1 2 1 21 2 43 1 4 1 3 1 29 1 6 1 26 1 47 3 25 2 5 1 1 3
27 8 4 20 1 35 2 4 3 1 2
35 11 7 20 1 39 1 34 1 41 2 42 1 43 1 196 1
