//NbTournees
8
//IdTournes NbColis
1 6
//IdColis IdCommandeInColis NbProducts IdProd1 QtyProd1 IdProd2 QtyProd2 ...
2 1 6 124 1 159 1 108 1 109 2 79 1 89 1
3 1 7 133 1 158 1 53 1 5 1 110 1 111 3 2 1
4 1 6 111 1 113 3 118 3 114 1 116 1 104 1
21 2 6 111 3 116 2 126 1 123 2 120 1 177 1
33 3 5 111 3 116 2 123 2 125 2 227 1
45 4 5 112 2 113 3 114 1 111 3 2 1
//IdTournes NbColis
2 6
//IdColis IdCommandeInColis NbProducts IdProd1 QtyProd1 IdProd2 QtyProd2 ...
46 4 6 111 1 115 1 120 2 121 1 122 4 279 1
5 1 5 116 2 127 2 121 3 128 2 211 1
20 2 6 4 1 131 1 33 1 113 3 114 1 19 1
32 3 7 144 1 142 1 48 1 53 1 113 3 114 1 190 1
6 1 5 120 3 126 1 123 3 76 2 151 1
22 2 5 120 2 121 2 128 3 118 2 178 1
//IdTournes NbColis
3 6
//IdColis IdCommandeInColis NbProducts IdProd1 QtyProd1 IdProd2 QtyProd2 ...
34 3 6 126 1 121 2 122 1 128 2 120 3 249 1
47 4 5 126 1 123 3 132 2 125 3 249 1
48 4 12 136 1 138 1 150 1 151 1 205 2 278 1 243 1 323 2 324 1 315 1 89 1 65 1
7 1 12 119 1 147 1 222 1 239 1 205 1 286 1 290 1 299 1 289 1 218 1 241 3 263 1
31 3 4 117 1 124 2 4 1 33 2
52 4 26 203 1 6 2 63 1 67 1 135 1 139 1 58 1 206 1 191 2 280 1 52 2 148 1 21 1 47 1 277 1 282 1 62 1 157 2 87 1 199 1 208 1 242 2 273 1 271 5 274 1 85 1
//IdTournes NbColis
4 6
//IdColis IdCommandeInColis NbProducts IdProd1 QtyProd1 IdProd2 QtyProd2 ...
51 4 23 86 1 156 1 198 1 66 1 3 1 59 1 29 1 56 3 134 1 140 1 146 1 149 1 61 1 32 3 13 2 14 2 16 1 152 1 153 1 25 1 27 3 200 1 250 1
1 1 3 4 3 124 2 141 1
44 4 7 4 1 124 1 137 1 33 1 60 1 53 1 147 1
13 1 23 13 1 14 2 16 1 73 1 74 1 32 3 80 1 43 2 25 1 27 3 200 3 203 1 259 1 6 1 26 1 329 1 7 1 81 1 58 1 63 1 297 2 209 1 206 1
27 2 24 25 1 27 2 32 2 13 2 14 2 16 1 26 1 6 1 168 2 31 1 297 2 244 1 246 1 18 1 21 1 82 1 181 3 247 1 231 1 301 2 87 1 242 1 240 1 251 1
39 3 21 98 3 45 1 51 1 56 1 9 1 41 1 13 2 43 2 14 2 16 1 25 1 27 2 32 2 8 1 143 2 200 2 203 1 259 1 26 2 50 1 6 1
//IdTournes NbColis
5 6
//IdColis IdCommandeInColis NbProducts IdProd1 QtyProd1 IdProd2 QtyProd2 ...
40 3 27 168 2 311 1 46 1 58 1 7 1 145 1 297 2 191 1 21 1 47 1 52 1 82 1 181 3 231 1 247 1 308 1 301 2 55 1 208 2 242 3 265 1 267 1 305 1 298 1 273 1 226 1 42 1
12 1 22 303 5 316 1 327 2 258 1 260 1 326 1 86 2 212 1 236 1 198 1 235 1 3 1 9 1 12 1 71 1 29 1 149 1 45 1 56 1 68 1 8 1 13 1
23 2 13 19 1 232 2 100 2 179 1 239 1 205 1 299 1 243 1 300 1 129 1 130 1 249 1 331 1
16 1 28 314 1 183 6 253 3 20 1 171 2 233 3 283 3 318 1 306 1 72 1 162 1 106 2 193 1 213 1 287 1 336 2 331 1 15 1 165 1 11 1 54 1 77 1 160 1 161 1 164 1 24 1 163 1 10 1
41 3 26 256 1 271 3 274 1 304 1 188 1 189 1 270 1 314 1 183 3 253 1 20 1 306 1 283 2 172 1 193 1 302 2 309 1 15 1 34 1 22 1 54 2 11 1 24 1 10 2 17 2 23 1
53 4 23 325 1 194 2 188 1 189 1 255 1 276 1 84 1 20 1 171 1 283 2 83 1 302 1 91 1 15 1 54 1 11 4 22 1 24 2 64 1 154 1 17 2 10 2 23 1
//IdTournes NbColis
6 6
//IdColis IdCommandeInColis NbProducts IdProd1 QtyProd1 IdProd2 QtyProd2 ...
28 2 19 298 2 254 1 271 2 248 1 295 1 270 1 183 3 253 1 20 1 171 1 283 1 250 1 22 1 34 2 24 1 30 1 17 2 23 1 10 2
17 1 4 10 1 17 1 23 1 166 1
50 4 16 207 1 92 1 275 1 284 3 195 1 321 1 36 3 88 3 90 1 204 1 322 1 245 1 281 1 201 2 202 1 155 1
14 1 20 191 1 244 1 317 3 330 1 69 1 75 1 52 1 70 1 82 2 216 1 231 2 181 6 301 4 1 1 210 1 221 1 240 1 261 1 262 4 265 1
38 3 16 229 1 35 1 40 3 97 2 225 2 303 1 187 2 44 1 49 1 57 1 174 2 176 2 38 1 99 1 175 3 269 3
26 2 17 170 1 97 2 40 3 103 1 245 1 281 1 292 1 303 3 174 2 176 2 175 2 269 2 296 1 99 1 98 2 28 1 29 1
//IdTournes NbColis
7 6
//IdColis IdCommandeInColis NbProducts IdProd1 QtyProd1 IdProd2 QtyProd2 ...
8 1 11 288 1 266 2 307 1 328 1 332 1 315 2 324 1 293 1 89 1 102 5 78 1
15 1 17 265 2 267 2 298 2 305 1 217 2 254 3 256 1 271 7 274 1 319 2 85 1 215 2 219 3 255 4 270 2 314 1 15 1
25 2 16 268 1 169 1 195 1 173 2 94 2 334 1 182 1 272 2 36 3 39 1 90 1 252 1 294 1 95 3 335 1 172 1
24 2 11 266 1 333 1 293 1 89 1 102 3 197 2 312 5 101 1 167 1 268 1 180 1
36 3 12 315 1 101 1 102 3 197 2 312 4 313 1 184 1 37 1 167 1 230 1 268 1 186 1
10 1 12 93 1 291 1 320 2 105 1 220 1 195 2 185 1 272 4 36 6 88 1 223 1 97 1
//IdTournes NbColis
8 5
//IdColis IdCommandeInColis NbProducts IdProd1 QtyProd1 IdProd2 QtyProd2 ...
37 3 13 268 1 310 1 228 1 96 1 264 1 94 3 173 2 185 1 272 2 36 3 39 2 95 3 294 1
11 1 13 95 5 322 2 97 3 40 6 107 1 214 1 234 1 237 1 238 1 257 1 245 1 285 1 303 1
35 3 9 19 2 232 3 100 3 205 1 179 1 243 1 192 1 266 1 307 1
9 1 6 102 1 197 4 312 8 101 3 93 1 224 1
49 4 7 197 2 312 5 101 1 102 3 93 4 196 2 82 1
