//NbTournees
10
//IdTournes NbColis
1 6
//IdColis IdCommandeInColis NbProducts IdProd1 QtyProd1 IdProd2 QtyProd2 ...
3 1 26 20 1 131 1 219 1 221 1 99 1 170 1 171 1 172 1 108 1 57 2 169 1 74 3 1 2 189 1 87 1 124 1 196 1 133 1 71 1 88 1 63 1 201 1 61 3 66 2 188 3 68 1
10 2 24 114 1 202 1 72 3 87 1 83 2 145 1 109 3 120 4 196 1 133 1 187 1 71 1 63 1 2 1 137 1 194 1 39 2 55 2 64 1 65 2 191 1 103 1 112 1 121 3
16 3 33 126 2 79 3 133 3 63 1 2 1 188 1 137 1 55 1 39 2 64 1 65 2 89 1 104 1 191 1 93 1 9 1 18 1 98 1 179 1 84 1 86 1 90 1 95 1 100 1 103 1 115 2 117 2 118 1 112 1 121 2 122 2 134 2 176 1
19 4 7 26 1 27 2 10 1 30 2 239 1 3 1 175 1
25 5 30 174 1 189 1 164 1 87 1 83 3 124 1 126 3 79 1 133 1 88 1 63 1 201 1 39 1 64 1 65 2 104 1 204 3 4 1 190 1 98 1 100 1 103 1 112 1 115 2 117 2 118 1 121 2 122 2 205 1 192 1
30 6 7 5 1 138 1 195 1 129 1 186 1 80 1 232 3
//IdTournes NbColis
2 6
//IdColis IdCommandeInColis NbProducts IdProd1 QtyProd1 IdProd2 QtyProd2 ...
1 1 8 6 1 10 1 11 1 12 1 41 1 30 1 128 1 42 1
6 2 6 6 3 15 1 21 1 25 1 147 1 184 1
13 3 8 6 1 10 1 12 1 15 1 21 1 25 1 147 1 19 1
18 4 5 6 2 12 2 8 2 7 1 131 1
23 5 8 6 1 10 1 12 1 15 1 21 1 25 1 14 1 13 1
27 6 8 6 1 8 1 10 1 12 1 15 1 25 1 230 1 217 1
//IdTournes NbColis
3 6
//IdColis IdCommandeInColis NbProducts IdProd1 QtyProd1 IdProd2 QtyProd2 ...
31 7 9 6 1 21 1 10 1 12 1 15 1 25 1 168 1 173 1 181 1
34 8 6 6 2 12 2 15 1 21 1 17 1 131 1
39 9 6 6 2 12 2 15 1 21 1 128 1 59 1
45 10 6 6 2 12 2 8 1 10 1 128 1 228 1
50 11 8 6 1 8 1 10 1 12 1 28 1 30 1 128 1 219 1
54 12 8 6 1 8 1 10 1 12 1 47 1 48 1 128 1 23 1
//IdTournes NbColis
4 6
//IdColis IdCommandeInColis NbProducts IdProd1 QtyProd1 IdProd2 QtyProd2 ...
58 13 7 6 2 21 2 25 1 26 1 245 1 52 1 249 1
35 8 7 21 1 25 1 10 1 26 1 27 2 17 1 182 1
40 9 7 21 1 25 1 26 1 10 1 27 2 128 1 170 1
7 2 6 26 1 27 3 10 1 12 1 110 1 34 1
14 3 10 26 1 27 2 30 1 49 1 147 1 131 1 91 1 198 1 53 1 196 1
24 5 10 26 1 27 2 30 1 49 1 110 2 108 1 107 1 74 1 174 1 55 1
//IdTournes NbColis
5 6
//IdColis IdCommandeInColis NbProducts IdProd1 QtyProd1 IdProd2 QtyProd2 ...
28 6 9 26 1 27 2 30 1 49 1 231 2 106 1 108 2 181 1 76 1
32 7 13 26 1 27 2 30 1 49 1 78 1 85 1 106 1 33 1 74 1 174 1 189 1 88 1 63 1
55 12 12 51 1 26 1 27 1 30 1 46 1 96 1 131 1 69 1 52 1 53 1 59 1 92 1
59 13 6 27 3 10 1 12 2 214 1 52 1 76 1
42 9 29 57 2 169 1 74 2 82 2 31 1 114 1 132 1 70 1 141 1 145 1 109 1 120 2 126 1 102 1 88 1 63 1 75 1 188 3 137 1 194 1 153 2 39 2 55 1 64 1 65 2 104 1 93 1 9 1 73 1
57 12 9 122 2 134 1 84 1 67 1 60 1 22 1 135 1 138 1 77 1
//IdTournes NbColis
6 6
//IdColis IdCommandeInColis NbProducts IdProd1 QtyProd1 IdProd2 QtyProd2 ...
60 13 9 15 1 30 2 49 2 244 2 246 1 52 1 221 1 259 1 225 1
63 13 16 148 1 22 1 149 3 135 4 138 1 76 2 116 3 183 2 260 2 258 1 129 3 251 5 197 3 94 2 256 3 252 2
8 2 6 12 1 30 2 38 1 49 2 96 1 34 1
4 1 36 39 1 55 1 64 1 65 2 191 2 89 1 104 1 93 1 98 1 179 2 84 1 86 1 90 1 95 3 100 1 103 1 112 1 115 2 241 1 117 2 118 1 121 2 122 2 16 1 45 1 62 3 175 1 135 1 138 1 209 1 243 3 235 2 183 1 242 3 186 1 197 2
37 8 34 181 1 40 1 169 1 226 1 74 1 174 1 189 1 213 1 199 1 200 1 72 1 83 3 126 2 79 2 88 1 63 1 24 1 39 1 55 1 64 1 65 1 104 1 227 1 98 1 215 2 84 1 86 1 95 1 100 1 103 1 112 1 115 2 117 1 119 1
41 9 12 30 2 49 1 128 1 17 1 96 2 131 1 182 2 171 2 172 1 106 1 35 1 16 1
//IdTournes NbColis
7 6
//IdColis IdCommandeInColis NbProducts IdProd1 QtyProd1 IdProd2 QtyProd2 ...
2 1 8 32 1 47 1 48 2 51 1 128 1 17 1 152 2 235 1
47 10 16 48 1 212 1 51 1 17 1 214 1 151 1 152 1 218 1 53 1 44 1 99 1 108 1 74 2 31 1 189 1 87 1
51 11 8 46 1 47 1 48 2 51 1 17 1 96 2 151 1 179 1
56 12 36 56 1 54 1 106 1 50 1 33 1 74 1 114 1 132 1 113 2 70 1 199 1 72 1 136 1 109 1 120 1 124 1 63 1 66 1 137 1 55 1 64 1 65 1 39 1 104 1 127 1 98 1 163 1 68 1 86 1 100 1 103 1 112 1 115 2 117 2 118 1 121 2
46 10 7 28 1 30 2 32 1 47 1 48 1 128 1 52 1
48 10 31 109 3 124 1 133 1 88 1 63 1 201 1 66 2 55 1 39 1 64 1 65 2 104 1 29 1 98 1 179 1 100 1 103 1 112 1 115 2 117 2 121 2 122 2 84 1 86 1 118 1 223 1 135 1 138 1 76 3 129 1 232 1
//IdTournes NbColis
8 6
//IdColis IdCommandeInColis NbProducts IdProd1 QtyProd1 IdProd2 QtyProd2 ...
9 2 25 131 1 36 1 52 2 53 1 59 2 222 1 37 2 56 1 170 2 171 2 172 1 106 1 85 1 160 1 35 1 165 1 211 1 208 1 169 2 226 2 74 1 210 1 174 1 203 1 101 1
52 11 39 155 1 99 1 106 1 108 1 181 1 78 1 85 1 160 1 43 1 83 1 63 1 66 1 188 1 158 1 159 1 161 1 194 1 39 1 55 1 64 1 65 1 100 1 103 1 112 1 115 1 121 2 122 1 134 1 68 1 84 1 86 1 95 1 117 2 118 1 67 1 135 1 150 1 129 1 229 2
36 8 15 30 2 49 1 96 1 231 1 182 1 52 2 220 1 99 1 170 1 171 1 172 1 78 1 85 1 106 1 108 2
43 9 33 18 1 98 1 58 2 179 1 84 1 86 1 95 1 100 2 103 2 112 2 115 3 117 4 118 2 121 4 122 3 134 1 180 2 67 1 45 1 135 1 177 1 138 1 195 1 76 1 116 2 150 1 129 2 186 1 81 4 94 1 97 1 193 1 197 2
20 4 22 46 1 49 1 51 1 182 1 52 1 233 1 99 1 108 1 142 1 234 1 74 1 189 1 237 1 87 1 109 1 124 2 146 1 196 1 133 1 88 1 63 1 188 1
11 2 21 122 2 148 1 134 1 205 1 84 1 86 1 95 1 100 2 115 2 117 3 118 2 67 1 166 1 149 1 209 1 154 1 76 2 150 1 183 2 105 1 77 1
//IdTournes NbColis
9 6
//IdColis IdCommandeInColis NbProducts IdProd1 QtyProd1 IdProd2 QtyProd2 ...
38 8 12 117 1 118 1 121 2 122 2 67 1 166 1 135 1 192 2 225 1 119 2 111 1 125 1
15 3 21 106 1 143 3 167 1 178 3 74 1 174 2 185 1 101 2 114 1 140 1 130 1 113 3 72 1 87 4 70 1 199 1 200 1 109 1 120 1 124 1 126 2
61 13 25 170 2 171 2 172 1 78 1 108 1 255 1 169 2 57 2 82 1 189 1 132 1 247 1 261 1 254 2 141 1 109 3 124 2 248 1 79 3 253 3 133 1 71 2 88 1 63 1 75 1
21 4 40 188 1 156 2 158 1 159 1 161 1 162 2 55 1 39 1 64 1 65 2 104 1 191 1 89 1 93 1 98 1 179 1 100 1 103 1 112 1 115 2 117 2 121 2 122 2 148 2 68 2 84 1 86 1 90 2 95 1 118 1 135 1 138 1 157 1 139 1 144 1 236 2 238 1 240 1 183 1 186 1
29 6 32 78 1 85 1 74 3 130 2 189 1 123 1 79 1 88 1 63 1 66 1 188 3 39 1 55 1 64 1 65 1 104 1 98 1 100 1 103 1 112 1 115 2 117 2 118 1 121 2 122 2 224 1 84 1 86 1 90 1 67 1 216 1 135 1
33 7 17 66 1 188 1 194 1 55 1 39 1 64 1 65 1 179 1 84 1 86 1 95 1 100 1 103 1 115 1 117 2 118 1 67 1
//IdTournes NbColis
10 5
//IdColis IdCommandeInColis NbProducts IdProd1 QtyProd1 IdProd2 QtyProd2 ...
62 13 26 75 1 137 1 55 2 39 2 64 2 65 2 250 1 89 1 104 1 98 3 68 2 84 1 86 1 90 2 95 2 100 2 103 2 115 3 241 1 117 3 118 2 112 2 257 2 121 3 122 3 76 1
26 5 10 84 1 86 1 175 1 135 1 138 1 206 1 207 1 197 2 81 2 97 3
17 3 12 134 1 176 1 135 1 138 1 183 1 105 1 186 1 77 7 80 5 81 3 94 1 193 1
22 4 2 77 1 232 2
5 1 1 81 3
