//NbTournees
7
//IdTournes NbColis
1 6
//IdColis IdCommandeInColis NbProducts IdProd1 QtyProd1 IdProd2 QtyProd2 ...
2 1 46 93 1 98 2 132 1 86 1 123 1 46 1 62 1 163 1 167 1 180 1 1 1 204 4 284 1 347 1 133 2 264 1 26 1 21 1 27 1 328 1 215 1 152 1 190 2 197 3 25 1 20 1 348 2 13 1 195 1 151 1 252 1 160 1 168 1 229 1 206 2 185 1 150 1 208 1 164 3 260 1 201 1 203 1 172 1 159 1 171 1 134 2
5 2 33 36 1 119 1 122 1 126 1 93 2 98 2 132 2 55 1 70 1 123 1 14 1 46 1 124 1 333 1 59 1 173 1 178 1 179 1 180 1 259 1 280 1 18 1 54 1 11 1 49 1 200 2 326 1 1 1 192 2 204 6 284 1 212 1 136 1
12 3 42 274 1 284 1 336 1 153 1 207 1 209 1 213 1 255 1 256 1 264 1 144 2 6 1 26 1 121 3 2 1 7 1 21 2 27 3 30 1 38 1 107 1 65 1 273 2 328 3 340 1 329 3 330 1 215 1 22 1 44 1 85 1 120 1 96 2 97 1 205 1 342 2 111 2 152 3 165 1 175 1 190 2 196 1
6 2 38 133 3 264 2 207 2 26 1 76 1 121 2 21 2 27 1 45 2 65 1 273 1 325 2 327 3 328 4 330 1 95 2 215 5 53 1 8 1 22 1 44 1 318 2 85 1 96 1 332 1 97 1 231 1 152 3 157 1 165 1 269 1 287 1 4 1 71 1 94 1 151 1 146 2 168 1
10 3 25 127 1 223 2 138 2 50 1 3 1 12 1 23 2 34 2 36 2 119 1 89 2 122 1 126 1 93 2 132 1 73 1 70 1 123 1 14 1 124 1 344 2 244 1 59 2 91 1 290 1
13 3 41 269 3 217 2 278 2 283 1 287 2 295 1 335 1 148 1 4 1 94 1 174 1 195 2 239 1 151 1 156 1 285 3 232 2 145 1 146 1 289 1 238 1 345 1 282 2 229 1 141 2 143 1 220 1 292 1 302 1 308 2 136 2 177 1 191 1 206 2 270 1 275 1 234 3 306 2 185 1 189 3 221 5
//IdTournes NbColis
2 6
//IdColis IdCommandeInColis NbProducts IdProd1 QtyProd1 IdProd2 QtyProd2 ...
21 4 12 223 2 35 1 50 4 51 2 110 3 74 1 319 3 331 4 3 5 12 4 23 2 351 1
44 8 43 133 1 144 1 241 1 30 1 313 1 315 1 321 1 328 1 166 2 215 1 231 1 78 1 175 1 187 1 197 1 217 1 29 1 4 1 242 1 71 1 82 1 13 1 174 1 195 1 232 1 240 1 186 1 238 1 141 1 162 1 143 2 220 1 191 1 234 2 181 1 185 4 221 2 224 2 235 2 164 2 216 2 201 1 202 1
33 5 42 273 1 215 1 291 1 52 1 53 1 63 1 44 2 85 1 88 1 96 1 97 1 361 1 48 1 139 1 152 1 193 1 335 1 287 2 29 1 5 2 94 2 195 1 145 3 156 2 265 2 285 1 232 2 160 1 168 1 262 2 307 2 226 1 188 1 238 3 141 2 143 2 222 1 282 2 136 1 196 2 220 4 360 1
32 5 40 91 1 99 1 304 1 154 1 163 1 167 2 173 1 179 1 259 1 279 1 288 1 309 1 311 3 40 1 200 1 192 2 210 2 204 4 300 1 128 1 131 2 133 1 144 1 153 1 255 1 349 2 264 1 362 1 7 1 21 2 27 1 30 1 61 1 65 1 66 1 95 1 328 3 340 1 341 1 296 1
9 3 18 28 1 32 2 47 2 113 1 75 1 125 1 233 2 9 1 42 1 56 1 129 4 130 1 33 1 57 1 69 1 80 1 83 2 223 1
16 4 8 115 3 317 4 79 3 47 5 28 1 32 2 113 3 9 1
//IdTournes NbColis
3 6
//IdColis IdCommandeInColis NbProducts IdProd1 QtyProd1 IdProd2 QtyProd2 ...
18 4 10 125 1 233 2 9 5 42 4 56 4 92 4 129 2 130 1 16 1 35 1
36 6 21 28 1 32 1 47 1 87 2 9 1 92 1 129 1 57 1 69 2 83 2 138 1 223 2 35 1 34 1 36 4 89 2 41 1 67 1 84 1 173 1 178 2
43 8 32 233 1 9 1 314 1 56 1 92 1 127 1 223 1 15 1 138 2 60 2 77 1 110 1 89 1 126 1 93 1 98 1 70 1 86 1 14 1 244 1 91 1 338 1 236 1 184 1 243 1 18 1 118 1 200 1 108 1 204 1 337 1 207 2
37 6 49 179 4 54 1 72 1 200 1 64 1 192 1 204 1 245 1 212 1 133 2 228 1 26 1 76 1 10 1 17 1 27 1 38 1 22 1 157 1 197 1 198 1 217 1 82 1 219 1 242 1 239 2 145 1 156 1 146 1 226 1 238 3 143 1 182 2 222 1 229 1 196 1 206 1 221 3 227 1 147 4 164 4 170 2 216 3 158 1 218 1 225 2 230 1 237 1 171 1
4 2 19 47 1 87 1 56 1 130 2 16 1 33 2 57 1 83 1 138 2 223 3 267 1 50 2 51 1 319 1 331 1 254 1 12 2 34 3 36 2
11 3 31 272 1 154 1 155 2 163 1 167 4 173 1 176 1 214 1 259 1 276 1 279 3 280 2 288 2 297 2 305 4 309 3 243 1 311 1 137 1 179 2 180 1 18 1 11 1 19 1 40 1 49 2 108 2 109 1 161 1 204 2 271 1
//IdTournes NbColis
4 6
//IdColis IdCommandeInColis NbProducts IdProd1 QtyProd1 IdProd2 QtyProd2 ...
27 4 38 278 1 357 1 286 1 25 1 296 1 219 1 359 2 13 1 174 2 145 1 156 1 252 1 265 1 232 1 146 3 160 2 168 1 261 1 262 1 294 1 186 1 188 1 356 1 141 4 143 3 249 3 182 1 282 3 229 3 222 1 177 1 292 2 136 2 220 2 191 1 206 7 234 2 270 1
20 4 12 83 4 15 3 102 2 103 1 37 4 104 3 68 3 138 3 316 1 323 3 223 1 257 1
23 4 14 126 2 93 4 112 3 132 1 41 3 73 2 55 2 70 1 86 1 123 1 14 6 124 6 333 2 101 1
17 4 8 113 2 116 3 75 5 87 3 324 4 90 4 125 1 16 1
19 4 8 16 2 24 4 33 5 69 5 57 6 80 4 83 1 35 1
39 7 22 28 1 75 1 90 2 233 1 42 2 16 1 24 1 57 1 69 2 80 1 83 1 37 1 68 2 223 2 138 1 60 1 35 1 50 1 110 1 23 1 36 2 244 1
//IdTournes NbColis
5 6
//IdColis IdCommandeInColis NbProducts IdProd1 QtyProd1 IdProd2 QtyProd2 ...
24 4 29 333 3 344 1 244 1 106 1 266 2 338 1 272 1 137 1 176 1 180 1 163 2 250 1 167 1 173 1 253 2 259 1 263 2 268 1 297 2 350 1 276 1 354 3 279 1 243 1 363 1 311 2 100 1 18 4 54 5
40 7 35 36 1 119 1 89 2 132 1 41 1 124 3 91 1 304 2 259 1 280 2 163 2 178 1 184 1 18 1 118 1 248 1 204 3 161 4 336 1 128 1 131 1 133 1 153 3 21 1 27 1 30 1 66 1 298 1 328 1 329 1 291 1 22 1 88 1 197 1 269 1
25 4 27 117 3 118 3 339 3 343 3 40 1 248 1 200 2 204 2 161 5 192 2 300 2 144 2 153 1 251 1 256 1 258 1 264 1 207 1 209 1 213 1 133 4 76 3 320 2 322 1 21 1 27 1 44 1
1 1 21 79 1 32 2 75 1 90 1 129 2 130 1 24 2 57 1 80 4 83 2 37 1 68 1 138 1 60 1 77 1 23 1 34 1 36 1 39 1 43 1 78 1
22 4 11 31 1 34 4 36 5 39 1 105 4 43 4 119 2 89 4 122 5 98 1 126 2
26 4 35 30 2 114 1 328 2 330 1 95 1 273 4 353 1 358 1 166 3 215 1 291 1 52 1 53 1 199 1 231 1 318 1 78 1 88 1 96 1 111 1 139 1 140 2 148 2 175 1 197 8 152 3 246 1 165 1 187 1 190 1 193 2 269 2 346 1 217 1 352 1
//IdTournes NbColis
6 6
//IdColis IdCommandeInColis NbProducts IdProd1 QtyProd1 IdProd2 QtyProd2 ...
31 5 21 79 1 130 1 80 1 83 1 138 4 223 6 81 1 74 1 31 2 36 3 93 1 98 1 135 1 55 1 70 1 86 1 257 1 244 1 58 1 59 1 230 1
7 2 27 226 1 186 1 141 5 143 1 282 6 229 1 220 1 206 4 185 3 189 1 221 10 150 12 194 1 164 4 216 3 281 1 149 1 158 8 260 1 201 3 203 2 225 1 334 1 230 1 159 1 171 3 134 3
28 4 31 275 2 185 3 189 1 221 8 355 1 364 2 150 3 194 2 147 1 164 4 170 2 216 4 281 2 202 3 203 4 158 4 260 4 201 6 299 3 303 1 149 1 218 1 225 6 277 1 310 2 365 1 247 1 172 2 183 1 334 1 230 4
41 7 36 269 1 286 1 335 1 190 1 174 1 195 1 307 1 289 1 238 2 186 1 282 1 143 1 275 1 306 1 312 1 206 1 221 6 181 1 185 4 235 1 150 2 208 1 164 2 201 3 203 3 218 1 225 1 277 1 299 2 303 1 158 2 172 2 301 1 169 1 171 1 134 1
14 3 33 221 7 227 6 150 7 194 1 208 1 235 2 142 1 164 5 170 2 216 4 147 1 281 3 158 5 203 4 211 2 201 2 202 1 225 6 277 3 299 1 303 2 310 2 149 3 172 1 183 1 230 3 159 1 169 1 301 1 237 1 171 2 293 1 134 1
29 4 5 159 1 301 3 171 2 293 1 134 1
//IdTournes NbColis
7 1
//IdColis IdCommandeInColis NbProducts IdProd1 QtyProd1 IdProd2 QtyProd2 ...
34 5 25 360 1 292 1 302 1 308 2 206 3 234 1 189 1 221 11 227 3 142 1 150 2 194 2 208 1 235 1 164 8 158 4 260 4 201 1 203 5 225 3 277 6 310 2 237 1 171 1 134 1
