//NbTournees
38
//IdTournes NbColis
1 6
//IdColis IdCommandeInColis NbProducts IdProd1 QtyProd1 IdProd2 QtyProd2 ...
1 1 10 10 1 8 1 720 1 9 1 11 1 168 1 130 2 1 3 35 1 118 1
55 14 26 114 1 100 1 101 2 525 1 1 1 480 1 86 1 57 1 93 1 138 1 139 1 19 1 25 1 32 1 39 1 40 1 61 1 123 1 126 1 152 2 402 1 73 1 118 2 142 1 158 1 157 1
57 15 22 487 1 173 1 498 1 168 1 100 1 163 1 183 1 435 1 172 1 478 1 1 1 162 1 107 1 164 1 180 1 337 1 414 1 186 1 93 1 138 1 139 1 476 1
60 16 23 168 1 100 1 171 2 174 2 176 1 1 1 488 1 162 1 167 1 107 1 93 1 138 1 139 1 19 1 25 3 32 1 39 1 40 1 182 1 126 1 185 1 152 1 45 1
119 39 27 201 1 89 1 112 1 105 1 1 1 480 1 86 1 107 1 462 1 146 1 125 1 129 1 135 1 94 1 123 1 223 2 505 1 268 1 119 2 131 1 142 1 158 1 160 1 106 1 120 3 133 1 154 1
141 48 21 114 1 168 1 91 2 92 1 112 2 105 1 1 1 484 2 489 1 35 1 107 1 500 1 192 1 93 1 115 1 138 1 139 1 483 1 19 1 25 2 325 1
//IdTournes NbColis
2 6
//IdColis IdCommandeInColis NbProducts IdProd1 QtyProd1 IdProd2 QtyProd2 ...
159 55 17 493 1 114 1 231 1 381 1 88 3 89 3 176 1 1 1 481 1 485 1 35 1 86 1 175 1 107 1 332 1 104 1 350 1
199 69 12 10 1 516 1 493 1 84 2 89 2 112 2 130 2 509 1 480 1 528 1 86 1 195 1
236 85 26 492 1 171 1 174 1 1 1 497 1 162 1 132 1 188 1 62 1 166 1 122 1 138 1 139 1 93 1 115 1 19 1 25 1 32 1 37 1 499 1 40 1 184 1 220 1 223 2 108 1 154 1
7 2 27 302 1 399 1 401 2 408 1 104 2 253 1 115 1 135 1 125 1 138 1 2 1 5 2 14 1 16 1 19 1 25 2 33 1 550 1 38 1 39 1 558 1 71 1 271 1 94 1 108 1 297 1 17 1
14 3 28 18 2 47 2 50 1 549 1 556 1 118 2 127 1 142 1 3 1 121 3 141 1 116 1 124 1 159 3 161 2 56 1 422 1 397 1 715 1 716 1 219 1 143 1 216 1 376 2 221 1 285 1 392 1 340 1
240 87 21 10 1 521 1 168 1 100 1 171 1 515 1 526 1 139 1 93 1 138 1 2 1 5 1 286 1 220 1 223 1 184 1 185 1 520 1 287 1 142 1 45 1
//IdTournes NbColis
3 6
//IdColis IdCommandeInColis NbProducts IdProd1 QtyProd1 IdProd2 QtyProd2 ...
249 91 14 120 1 133 1 501 1 124 1 363 2 364 1 458 1 156 2 153 1 510 1 154 1 155 1 406 1 157 1
64 18 13 10 1 531 1 519 1 168 1 81 1 171 1 174 1 105 1 511 1 162 1 175 1 132 1 533 1
171 59 22 524 1 532 1 468 1 110 1 294 1 91 2 435 1 511 1 35 1 86 1 107 1 80 1 398 1 282 1 146 1 305 1 115 1 207 1 262 1 135 1 138 1 19 1
151 52 20 114 1 110 1 294 1 336 1 105 1 13 1 15 1 23 2 548 1 553 1 536 1 542 1 484 1 547 1 551 1 107 1 333 1 188 1 166 1 268 1
193 67 19 10 1 532 1 110 2 84 1 112 1 540 1 554 1 536 1 552 1 107 1 299 1 398 1 192 1 305 1 262 1 135 1 138 1 286 1 363 1
173 59 34 361 1 159 2 161 1 467 1 430 1 424 1 451 1 350 1 427 1 420 1 349 1 527 1 530 1 284 1 512 1 45 1 27 1 307 1 344 1 195 1 345 1 149 1 461 1 147 1 309 1 347 1 374 1 379 1 348 1 222 1 463 1 244 1 245 3 464 1
//IdTournes NbColis
4 6
//IdColis IdCommandeInColis NbProducts IdProd1 QtyProd1 IdProd2 QtyProd2 ...
226 80 26 84 1 310 1 407 1 89 1 92 1 112 1 557 1 86 1 399 1 400 1 408 1 396 1 398 1 384 1 146 1 125 1 138 1 135 1 5 1 14 1 16 1 19 1 25 2 33 1 550 1 512 1
252 93 35 103 1 107 1 146 1 115 1 125 1 135 1 138 1 19 1 25 2 32 1 39 1 40 1 94 1 108 1 123 1 314 1 402 1 537 1 119 1 127 1 142 1 411 1 117 1 120 1 133 1 559 1 116 1 124 1 363 2 364 1 56 1 285 1 406 1 244 1 464 1
214 75 17 89 2 176 1 538 1 13 1 15 1 20 1 46 1 544 2 104 2 192 1 115 1 125 1 135 1 138 1 94 1 108 1 543 1
17 4 24 135 1 4 3 19 1 26 3 33 1 38 1 39 1 94 1 109 1 123 1 314 2 402 1 21 3 34 5 119 2 127 1 128 1 131 1 158 1 160 1 106 1 117 1 120 1 155 1
155 53 34 26 1 33 1 38 1 39 1 286 1 94 1 109 1 123 1 264 1 523 1 136 1 314 2 402 1 119 2 131 1 127 1 128 1 158 1 403 1 106 1 117 1 120 3 133 1 116 1 124 1 539 1 416 1 363 2 364 1 153 1 154 1 155 1 157 1 426 1
134 45 24 498 1 168 1 100 1 171 2 540 1 6 1 175 1 399 1 296 1 570 2 313 1 93 1 138 1 139 1 25 1 32 1 181 1 123 1 126 1 304 1 223 2 268 1 541 1 73 1
//IdTournes NbColis
5 6
//IdColis IdCommandeInColis NbProducts IdProd1 QtyProd1 IdProd2 QtyProd2 ...
63 17 23 118 1 131 1 142 1 158 1 160 1 106 1 117 1 121 3 141 1 165 1 116 1 124 1 224 2 161 1 153 1 156 1 562 1 196 1 154 1 190 1 285 1 155 1 157 1
75 22 22 124 1 471 1 363 3 364 2 445 1 422 1 397 1 451 1 562 1 219 1 143 1 565 1 27 1 216 1 470 1 346 1 214 1 221 1 285 1 469 1 365 1 448 2
138 47 18 573 1 110 1 168 1 91 2 112 2 13 1 15 1 20 1 46 1 544 2 564 1 569 1 571 1 86 1 192 1 574 1 93 1 154 1
254 94 5 516 1 576 1 566 1 572 1 563 1
13 3 26 401 1 80 1 453 1 69 1 93 1 115 1 138 1 139 1 5 2 14 1 16 1 19 1 25 3 32 2 550 1 37 1 40 1 558 2 108 1 123 1 126 2 136 1 152 2 268 1 18 1 117 1
24 5 26 125 1 129 1 5 2 14 1 16 1 19 1 26 3 33 2 550 1 38 1 39 1 558 2 286 2 70 1 71 1 94 2 318 1 109 1 123 1 304 1 136 1 314 2 402 1 421 1 18 1 58 1
//IdTournes NbColis
6 6
//IdColis IdCommandeInColis NbProducts IdProd1 QtyProd1 IdProd2 QtyProd2 ...
30 6 18 13 1 15 1 23 2 548 1 553 1 35 1 242 1 266 1 399 1 401 2 408 2 166 1 93 1 115 1 138 1 139 1 5 2 154 1
35 7 20 15 1 544 2 24 1 623 1 107 1 399 1 401 2 192 1 115 1 135 1 138 1 5 2 14 1 16 1 19 1 25 3 558 1 32 1 550 1 37 1
128 42 30 408 1 289 1 192 1 313 1 262 1 135 1 138 1 5 1 14 1 16 1 19 1 25 2 32 1 550 1 39 1 40 1 558 1 286 1 123 1 126 1 523 1 152 2 268 1 18 2 47 1 50 1 549 1 556 1 206 2 309 1
208 72 26 408 2 146 1 93 1 115 1 138 1 139 1 5 2 14 1 16 1 19 1 25 3 32 1 550 1 37 1 40 1 558 1 108 1 123 1 126 1 268 1 223 2 18 3 47 1 50 1 549 1 556 1
6 2 17 310 1 407 1 89 1 112 2 105 1 13 1 15 1 20 1 46 1 544 2 6 1 704 1 230 1 86 1 96 2 107 1 154 1
127 42 18 591 1 114 1 110 1 84 1 294 1 263 1 310 1 407 1 91 1 112 1 105 1 6 1 86 1 175 1 107 1 399 1 401 2 408 1
//IdTournes NbColis
7 6
//IdColis IdCommandeInColis NbProducts IdProd1 QtyProd1 IdProd2 QtyProd2 ...
179 61 24 596 1 108 1 123 1 126 1 223 2 268 1 581 1 118 2 127 1 142 1 158 1 160 1 117 1 121 2 141 1 116 1 124 1 224 2 161 1 153 1 156 1 155 1 222 1 157 1
203 70 26 114 1 593 1 168 1 100 1 171 1 174 1 172 1 6 1 585 1 551 1 93 1 138 1 139 1 19 1 25 1 32 1 39 1 40 1 182 1 184 1 185 1 218 1 223 2 268 1 118 1 377 1
172 59 27 25 3 32 2 39 1 40 1 286 1 108 1 123 1 126 2 152 2 402 1 523 1 421 1 513 1 517 1 287 1 283 1 206 3 127 1 142 1 403 1 117 1 298 3 327 1 341 1 141 1 116 1 124 1
83 26 28 95 1 110 1 202 1 105 1 594 1 571 1 86 1 96 1 582 1 146 1 59 1 125 1 135 1 138 1 14 1 94 1 123 1 247 1 268 1 223 2 206 2 131 1 142 1 158 1 160 1 106 1 120 1 154 1
115 38 15 7 1 606 1 270 1 584 1 84 1 273 1 89 2 112 1 602 1 614 1 485 1 180 2 440 1 337 1 62 1
146 50 23 493 1 584 1 84 1 209 1 91 1 112 2 105 1 585 1 175 1 107 1 337 1 113 1 338 1 125 1 135 1 138 1 19 1 25 2 33 1 38 1 39 1 94 1 157 1
//IdTournes NbColis
8 6
//IdColis IdCommandeInColis NbProducts IdProd1 QtyProd1 IdProd2 QtyProd2 ...
205 71 21 516 1 584 1 367 1 168 1 100 1 101 2 134 1 232 1 192 1 595 1 93 1 138 1 139 1 19 1 592 1 25 3 32 1 39 1 40 1 179 1 527 1
212 74 22 493 1 584 1 95 1 89 2 112 1 103 1 266 1 107 1 146 1 125 1 129 1 135 1 94 1 123 1 314 2 402 1 119 2 131 1 142 1 158 1 160 1 120 3
230 82 26 114 1 84 1 112 1 105 1 107 1 132 1 337 1 362 1 104 1 180 1 113 1 146 1 429 1 125 1 129 1 135 1 583 1 19 1 25 2 33 1 38 1 39 1 314 2 402 1 94 1 297 1
161 55 41 402 1 127 2 128 1 211 1 477 1 288 1 494 1 495 1 133 1 117 2 120 1 255 2 501 1 98 1 234 1 124 1 111 1 471 1 363 3 479 1 306 1 409 1 507 1 424 1 395 1 349 1 27 1 390 1 346 1 344 1 195 1 371 1 309 1 155 1 406 1 348 1 222 1 157 1 244 1 392 1 245 1
191 66 29 123 1 523 1 268 1 223 2 119 2 127 1 131 1 142 1 158 1 477 1 611 1 160 1 106 1 117 1 120 1 133 1 116 1 124 1 197 1 159 2 161 1 153 1 156 1 607 1 154 1 155 1 157 1 217 2 151 2
224 79 28 38 1 39 1 123 1 126 1 152 2 402 1 118 2 142 1 131 1 158 1 477 1 391 1 160 1 298 2 141 1 106 1 124 1 159 2 161 1 153 1 156 1 145 1 604 1 154 1 351 1 155 1 406 1 157 1
//IdTournes NbColis
9 6
//IdColis IdCommandeInColis NbProducts IdProd1 QtyProd1 IdProd2 QtyProd2 ...
110 36 23 135 1 94 2 179 1 123 1 264 1 314 2 402 1 598 1 119 3 128 1 251 1 403 1 120 3 133 1 124 1 425 1 363 3 364 2 422 1 143 1 216 1 221 1 285 1
152 52 33 192 1 338 1 331 1 115 1 262 1 135 1 138 1 108 1 123 1 126 1 223 2 541 1 520 1 206 2 127 1 142 1 158 1 160 1 117 1 141 1 561 1 116 1 124 1 159 2 161 1 153 1 156 1 330 1 555 1 154 1 460 1 155 1 157 1
116 38 28 80 1 102 1 387 1 398 1 274 1 615 1 146 1 305 1 452 1 115 1 129 1 135 1 125 1 599 1 19 1 26 3 33 2 38 1 39 1 286 1 94 2 109 1 314 2 402 1 123 1 421 1 283 1 350 1
228 81 20 10 1 312 2 84 1 529 1 89 1 112 1 105 1 86 1 107 1 417 1 500 1 432 1 125 1 129 1 135 1 599 1 123 1 410 1 314 1 54 1
16 4 16 7 1 36 2 231 1 273 1 89 2 22 1 31 3 35 1 252 1 317 1 86 1 175 1 146 1 323 1 125 1 129 1
154 53 20 7 1 97 1 84 1 272 1 89 2 112 1 545 1 546 1 242 1 104 1 462 1 113 2 146 1 115 1 125 1 129 1 135 1 19 1 26 2 560 1
//IdTournes NbColis
10 6
//IdColis IdCommandeInColis NbProducts IdProd1 QtyProd1 IdProd2 QtyProd2 ...
168 58 16 7 1 532 1 89 2 112 1 130 2 342 1 105 1 13 1 15 1 544 2 24 1 623 1 35 1 80 1 398 1 620 1
183 63 21 7 1 231 1 355 1 88 2 35 1 627 1 107 1 274 2 146 1 354 1 323 1 125 1 129 1 135 1 19 1 26 3 33 1 38 1 39 1 83 1 127 1
248 91 22 518 1 114 1 534 1 529 1 89 1 107 1 337 1 146 1 125 1 129 1 135 1 514 1 456 1 402 1 94 1 123 1 314 2 119 2 128 1 158 1 160 1 155 1
73 22 19 493 1 567 1 532 1 468 1 312 1 84 1 88 1 130 2 568 1 35 1 86 1 107 1 203 1 208 1 80 1 453 1 474 1 432 1 146 1
246 90 22 10 1 567 1 110 1 92 2 266 1 107 1 414 1 192 1 262 1 135 1 138 1 32 1 286 1 152 1 402 1 523 1 123 1 126 1 520 1 287 1 206 1 307 1
130 43 26 168 1 100 1 171 1 174 2 292 1 293 1 618 1 301 1 93 1 138 1 139 1 300 1 184 1 185 1 268 1 223 2 283 1 118 2 142 1 158 1 616 1 160 1 290 1 121 3 154 1 423 1
//IdTournes NbColis
11 6
//IdColis IdCommandeInColis NbProducts IdProd1 QtyProd1 IdProd2 QtyProd2 ...
255 95 28 10 1 168 1 258 1 171 1 362 1 338 1 93 1 138 1 139 1 286 1 184 1 185 1 268 1 223 1 491 1 287 1 118 1 142 1 616 1 121 2 141 1 124 1 224 1 451 1 147 1 285 1 155 1 222 1
109 36 18 600 1 498 1 609 1 260 1 231 2 257 1 134 1 107 1 396 1 253 1 432 1 613 1 113 2 146 1 442 1 125 1 129 1 219 1
148 51 18 600 1 632 1 231 2 88 1 89 1 92 1 86 1 104 1 144 1 274 3 146 1 125 1 129 1 135 1 19 1 637 1 26 2 457 1
187 65 11 600 1 642 1 516 1 498 1 84 1 88 2 89 2 176 1 86 1 175 1 155 1
184 63 29 94 1 109 1 123 1 314 2 523 1 402 1 128 1 131 1 158 1 160 1 624 1 106 1 117 1 133 1 234 1 364 1 363 2 153 1 617 1 626 1 154 1 347 1 246 1 621 1 155 1 406 1 157 1 365 1 448 2
94 30 26 114 1 233 1 174 1 630 1 552 1 230 1 232 1 227 1 62 1 78 1 192 1 226 1 93 1 138 1 139 1 184 1 185 1 152 2 268 1 549 1 229 1 118 2 142 1 158 1 160 1 121 2
//IdTournes NbColis
12 6
//IdColis IdCommandeInColis NbProducts IdProd1 QtyProd1 IdProd2 QtyProd2 ...
113 37 39 39 1 286 1 94 2 123 1 218 1 314 2 402 1 283 1 287 1 119 3 142 1 641 1 120 4 133 1 255 1 124 1 363 1 479 1 639 1 350 1 424 1 427 1 349 1 420 1 284 1 344 1 195 1 482 1 147 1 309 1 345 1 149 1 347 1 406 1 348 1 222 1 157 1 308 1 151 1
10 3 4 30 2 28 1 10 1 151 1
38 8 8 10 1 41 2 85 1 294 1 275 1 91 2 112 1 130 1
42 9 22 10 1 49 1 168 1 100 1 201 1 91 1 107 1 104 1 192 1 93 1 138 1 139 1 19 1 25 2 32 1 39 1 40 1 55 1 286 1 123 1 126 1 54 1
46 11 16 10 1 110 2 84 1 81 1 60 1 91 2 112 1 134 1 87 1 105 1 35 1 86 1 96 1 107 1 362 1 79 1
88 28 17 10 1 532 1 231 1 84 1 89 1 130 2 652 1 266 1 107 1 104 1 80 2 453 2 432 1 301 1 146 1 115 1 225 1
//IdTournes NbColis
13 6
//IdColis IdCommandeInColis NbProducts IdProd1 QtyProd1 IdProd2 QtyProd2 ...
99 32 24 10 1 168 1 171 1 107 1 102 1 188 1 166 1 192 1 93 1 115 1 138 1 139 1 19 1 25 2 32 1 39 1 40 1 61 1 108 1 123 1 126 1 523 1 268 1 223 1
144 49 24 114 1 168 1 100 1 91 2 202 1 112 1 103 1 480 1 638 1 144 1 93 1 138 1 139 1 123 1 126 1 152 2 268 1 118 2 142 1 160 1 121 2 141 1 165 1 154 1
218 77 14 10 2 648 1 100 1 171 1 13 1 15 1 20 1 46 1 23 1 162 1 115 1 138 1 139 1 93 1
220 78 22 10 1 112 1 89 1 653 1 650 1 652 1 655 1 86 1 387 1 80 1 453 1 389 1 432 1 146 1 186 1 115 1 125 1 129 1 135 1 19 1 26 2 156 1
242 88 22 10 1 171 1 13 1 15 1 23 1 548 1 553 1 447 1 139 1 93 1 115 1 138 1 286 1 220 1 223 1 108 1 178 1 184 1 185 1 287 1 142 1 170 1
250 92 25 10 1 110 1 112 1 105 1 86 1 175 1 107 1 113 1 338 1 192 1 262 1 135 1 138 1 286 1 268 1 70 1 123 1 126 1 152 1 473 1 287 1 206 1 142 1 120 1 475 1
//IdTournes NbColis
14 6
//IdColis IdCommandeInColis NbProducts IdProd1 QtyProd1 IdProd2 QtyProd2 ...
257 96 24 10 1 260 1 168 1 112 1 105 1 654 1 175 1 208 1 262 1 135 1 138 1 19 1 25 1 32 1 37 1 40 1 123 1 126 1 220 1 206 1 142 1 141 1 124 1 147 1
182 62 15 142 1 158 1 17 1 671 1 160 1 106 1 120 1 141 1 124 1 363 2 364 1 153 1 661 1 154 1 423 1
124 41 23 11 1 312 1 110 1 84 1 112 2 105 1 86 1 107 1 276 1 570 1 146 1 125 1 135 1 138 1 280 1 19 1 25 3 32 1 39 1 40 1 68 1 94 1 675 1
8 2 33 123 1 314 2 402 1 18 2 47 1 50 1 549 1 556 1 131 1 303 1 127 1 142 1 119 2 158 2 288 1 160 1 106 2 141 1 117 1 116 1 124 1 363 2 364 1 12 1 153 1 156 1 388 1 405 1 155 1 379 1 222 1 157 1 404 1
77 23 19 142 1 160 1 120 2 141 1 124 1 213 1 159 2 161 1 12 1 153 1 156 1 199 1 145 2 665 1 154 1 214 1 221 1 155 1 157 1
222 78 12 397 1 219 1 143 1 216 1 647 1 651 1 221 1 285 2 482 1 621 1 348 1 244 1
//IdTournes NbColis
15 6
//IdColis IdCommandeInColis NbProducts IdProd1 QtyProd1 IdProd2 QtyProd2 ...
97 31 28 548 1 553 1 662 1 398 1 305 1 93 1 115 1 138 1 139 1 286 1 108 1 181 1 184 2 185 1 152 2 268 1 421 1 287 1 283 1 75 1 170 1 118 3 261 1 131 1 142 1 117 1 121 1 249 1
149 51 30 26 1 33 2 38 1 39 2 271 1 94 2 123 1 304 1 218 1 314 2 402 1 619 1 119 3 128 1 631 1 120 3 133 1 124 1 640 1 646 1 422 1 373 1 145 1 451 2 219 1 216 1 643 1 285 1 157 1 472 1
244 89 24 663 1 110 1 84 1 484 1 610 1 667 1 86 1 672 1 146 1 262 1 135 1 138 1 19 1 25 3 32 1 39 1 40 1 152 2 360 1 402 1 123 1 126 1 206 1 154 1
12 3 16 51 1 310 1 77 1 82 1 13 2 15 1 20 1 46 1 544 2 652 1 610 1 711 1 266 1 399 1 401 1 118 1
22 5 15 87 1 13 1 15 1 24 1 544 2 623 1 175 1 107 1 385 1 399 1 401 2 408 2 132 1 64 1 104 1
31 6 29 14 1 16 1 19 1 25 3 32 1 550 1 39 1 40 1 558 1 108 1 178 1 123 1 126 1 268 1 223 2 18 3 47 1 50 1 549 1 556 1 170 1 118 2 131 1 142 1 158 1 160 1 225 1 106 1 117 1
//IdTournes NbColis
16 6
//IdColis IdCommandeInColis NbProducts IdProd1 QtyProd1 IdProd2 QtyProd2 ...
34 7 6 51 2 710 1 112 1 130 2 13 1 93 1
50 12 18 76 2 130 2 13 1 15 1 544 2 24 1 623 1 679 1 86 1 107 1 132 1 144 1 146 1 122 1 115 1 125 1 129 1 148 1
67 19 19 114 1 168 1 130 1 13 1 15 1 20 1 46 1 544 2 162 1 107 1 62 1 188 1 166 1 93 1 115 1 138 1 139 1 108 1 268 1
80 25 17 85 2 498 1 168 1 100 1 202 1 101 1 13 1 15 1 20 1 46 1 544 1 23 1 682 1 86 1 200 1 80 1 424 1
85 27 19 678 1 84 1 112 1 238 1 130 2 13 1 15 1 20 1 46 1 544 2 594 1 676 1 677 1 35 1 86 1 237 1 107 1 613 1 154 1
91 29 17 593 1 231 1 88 2 89 2 130 2 13 1 15 1 544 2 24 1 623 1 35 1 680 1 86 1 107 1 113 1 73 1 154 1
//IdTournes NbColis
17 6
//IdColis IdCommandeInColis NbProducts IdProd1 QtyProd1 IdProd2 QtyProd2 ...
96 31 11 518 1 664 1 666 1 85 1 168 1 263 1 174 2 13 1 15 1 23 2 80 1
178 61 19 114 1 100 1 91 1 13 1 15 1 20 1 46 1 544 2 554 1 104 1 188 1 166 1 192 1 93 1 115 1 138 1 139 1 588 1 154 1
207 72 14 110 1 168 1 310 1 407 1 112 2 281 1 13 1 15 1 20 1 46 1 544 2 399 1 401 2 577 1
234 84 20 228 1 169 1 130 1 103 1 13 1 15 1 23 2 548 1 553 1 107 1 138 1 139 1 93 1 115 1 286 1 184 1 413 1 360 1 220 1 223 1
263 99 7 212 1 13 2 24 1 623 1 161 1 409 1 724 1
165 57 23 521 1 85 1 176 1 35 1 80 1 398 1 305 1 93 1 115 1 138 1 139 1 685 1 19 1 25 3 32 2 37 1 40 1 286 1 108 1 184 2 185 1 220 1 350 1
//IdTournes NbColis
18 6
//IdColis IdCommandeInColis NbProducts IdProd1 QtyProd1 IdProd2 QtyProd2 ...
204 70 21 118 1 142 1 158 1 160 1 121 2 141 1 124 1 224 2 161 1 425 1 153 1 156 1 422 1 373 1 597 1 586 1 590 1 154 1 374 1 155 1 157 1
216 76 27 100 1 171 1 551 1 35 1 689 1 107 1 192 1 378 1 93 1 115 1 138 1 139 1 19 1 25 3 32 1 39 1 40 1 108 1 123 1 126 1 152 2 360 1 402 1 118 2 127 1 131 1 586 1
69 20 21 41 1 114 1 169 1 100 1 171 1 172 1 162 1 107 1 104 1 177 1 93 1 138 1 139 1 181 1 184 1 185 1 523 1 268 1 223 2 118 2 154 1
219 77 26 649 1 657 1 286 1 108 1 184 1 185 1 268 1 223 1 287 1 118 1 131 1 142 1 170 1 158 1 315 1 106 1 117 1 121 1 341 1 141 1 116 1 124 1 224 2 161 1 147 1 285 1
223 79 23 114 1 393 1 168 1 100 1 183 1 91 1 112 1 484 1 608 1 610 1 252 1 175 1 107 1 192 1 138 1 93 1 135 1 386 1 19 1 588 1 26 3 33 1 601 1
54 13 19 150 1 128 1 17 1 160 1 120 1 133 1 124 1 111 1 159 2 161 1 153 1 156 1 56 1 145 1 154 1 149 1 155 1 157 1 423 1
//IdTournes NbColis
19 6
//IdColis IdCommandeInColis NbProducts IdProd1 QtyProd1 IdProd2 QtyProd2 ...
56 14 12 17 1 160 1 121 2 141 1 124 1 72 1 159 2 161 1 153 1 156 1 154 1 155 1
89 28 29 125 1 129 1 135 1 19 1 25 1 26 2 33 2 38 1 39 2 94 2 109 1 178 1 123 1 402 1 523 1 314 2 119 3 127 1 128 1 211 1 17 1 117 1 120 1 239 1 133 1 98 1 116 1 124 1 451 1
104 34 30 25 1 32 1 39 1 40 1 108 1 123 1 126 1 523 1 152 2 402 1 118 1 127 1 131 1 142 1 158 1 17 1 160 1 106 1 117 1 141 1 259 1 116 1 124 1 159 2 161 1 700 1 153 1 307 1 154 1 464 1
122 40 33 33 1 38 1 39 1 68 1 70 1 271 1 94 1 123 1 152 2 402 1 619 1 119 2 131 1 142 1 158 1 692 1 160 1 106 1 120 1 141 1 124 1 363 2 161 1 153 1 156 1 701 1 702 1 660 1 154 1 155 1 157 1 448 1 464 1
125 41 30 123 1 669 1 218 1 314 2 402 1 283 1 206 2 131 1 142 1 158 1 17 1 160 1 106 3 120 3 239 1 141 1 124 1 446 1 471 1 363 2 364 1 153 1 156 1 674 1 45 1 668 1 154 2 214 1 155 1 157 1
136 46 25 498 1 231 1 691 1 88 1 86 1 107 1 180 1 291 1 146 1 305 1 313 1 125 1 129 1 135 1 687 1 286 1 94 2 123 1 314 2 402 1 283 1 287 1 119 3 128 1 17 1
//IdTournes NbColis
20 6
//IdColis IdCommandeInColis NbProducts IdProd1 QtyProd1 IdProd2 QtyProd2 ...
176 60 35 314 1 402 1 421 1 283 1 287 1 118 3 127 1 142 1 17 1 279 1 117 1 239 1 141 1 116 1 124 1 425 2 363 2 364 1 380 1 430 1 665 1 350 1 424 1 427 1 349 1 420 1 284 1 344 1 195 1 147 1 309 1 345 1 149 1 347 1 222 1
221 78 26 26 1 33 2 38 1 39 2 109 1 123 1 152 2 94 2 402 1 491 1 119 3 127 1 142 1 211 1 17 1 117 1 120 4 133 1 116 1 124 1 636 1 363 3 161 2 656 1 422 1 394 1
227 80 22 38 1 39 1 558 1 123 1 314 1 402 1 94 1 18 2 47 1 50 1 549 1 556 1 142 1 119 1 131 1 17 1 120 1 106 1 133 1 124 1 363 1 364 1
112 37 23 532 1 312 1 84 2 86 1 107 1 208 1 276 1 277 1 398 1 282 1 278 1 146 1 305 1 269 1 207 1 125 1 129 1 135 1 633 1 19 1 26 3 33 2 38 1
174 60 12 642 1 85 1 49 1 110 1 84 1 168 1 691 2 91 2 112 2 130 2 103 1 618 1
39 8 26 130 1 105 1 44 1 719 1 86 1 80 1 453 1 432 1 115 1 262 1 135 1 138 1 42 1 19 1 25 2 32 2 39 2 40 1 108 1 181 1 123 1 126 2 314 2 402 1 75 1 397 1
//IdTournes NbColis
21 6
//IdColis IdCommandeInColis NbProducts IdProd1 QtyProd1 IdProd2 QtyProd2 ...
169 58 31 146 1 305 1 115 1 125 1 135 1 138 1 286 1 94 2 108 1 178 1 123 1 402 1 314 2 421 1 619 1 283 1 287 1 119 3 127 1 142 1 117 1 120 1 341 1 141 1 116 1 124 1 363 2 364 1 620 1 394 1 424 1
120 39 7 124 1 159 2 161 1 153 1 156 1 155 1 482 1
231 82 24 123 1 491 1 142 1 119 2 158 1 160 1 120 1 133 1 327 1 124 1 363 2 364 1 587 1 153 1 156 1 430 1 409 1 350 1 415 1 154 1 405 1 418 1 155 1 157 1
241 87 13 118 1 131 1 403 1 141 1 106 1 121 2 124 1 224 2 161 1 147 1 285 1 455 1 482 1
121 40 21 312 1 84 1 272 1 275 2 89 2 281 1 105 1 693 1 695 1 650 1 698 1 107 1 113 1 146 1 207 1 125 1 135 1 138 1 19 1 26 3 348 1
139 47 32 115 1 135 1 138 1 483 2 108 1 182 1 123 1 126 1 268 1 223 2 74 1 118 2 127 1 131 2 142 1 158 1 106 1 117 1 298 2 141 1 116 1 124 1 458 1 153 1 156 1 419 1 330 1 43 1 27 1 579 1 155 1 157 1
//IdTournes NbColis
22 6
//IdColis IdCommandeInColis NbProducts IdProd1 QtyProd1 IdProd2 QtyProd2 ...
25 5 34 18 2 47 2 50 1 549 1 556 1 283 1 287 1 74 1 75 1 303 1 119 2 261 1 131 1 127 1 142 1 436 1 368 1 65 1 106 1 133 1 327 1 117 1 120 3 434 1 255 1 98 1 259 1 116 1 124 1 383 1 72 1 111 1 213 1 27 1
36 7 31 40 1 503 1 108 1 123 1 126 1 152 2 268 1 18 3 47 1 50 1 549 1 556 1 118 2 127 1 131 1 142 1 158 2 53 1 160 1 106 1 117 1 298 2 141 1 259 1 116 1 124 1 159 2 161 1 153 1 715 1 716 1
40 8 25 206 3 127 1 142 1 211 1 117 1 298 3 141 1 722 1 116 1 124 1 363 3 364 2 324 1 412 1 422 1 645 1 219 1 420 1 43 1 27 1 143 1 216 1 475 1 309 1 221 1
76 23 23 521 1 84 1 212 1 91 2 112 1 105 1 484 1 125 1 135 1 138 1 19 1 25 1 32 1 39 1 40 1 55 1 123 1 126 1 152 2 523 1 268 1 206 2 607 1
2 1 26 86 1 80 1 204 1 453 1 432 1 192 1 93 1 115 1 138 1 139 1 19 1 25 3 32 2 37 2 40 1 108 1 123 1 126 2 268 1 223 2 118 2 127 1 142 1 211 1 117 1 121 1
44 10 26 52 1 114 1 168 1 100 1 107 1 104 1 102 1 192 1 93 1 138 1 139 1 19 1 25 2 32 1 39 1 40 1 123 1 126 1 268 1 223 2 118 2 142 1 158 1 160 1 121 1 45 1
//IdTournes NbColis
23 6
//IdColis IdCommandeInColis NbProducts IdProd1 QtyProd1 IdProd2 QtyProd2 ...
47 11 27 80 1 453 1 432 1 113 1 658 1 146 1 338 1 442 1 115 1 135 1 125 1 138 1 19 1 25 3 32 2 38 1 39 2 83 1 94 2 108 1 314 2 402 1 123 1 264 1 142 1 206 1 98 1
53 13 25 52 1 114 1 88 2 89 1 86 1 107 1 137 1 140 1 146 1 125 1 129 1 135 1 19 1 686 1 25 2 33 1 38 1 39 1 61 1 68 1 94 1 123 1 152 2 268 1 151 1
58 15 34 19 1 25 2 32 1 39 1 40 1 123 1 126 1 314 2 402 1 491 1 283 1 118 2 131 2 189 1 142 1 158 1 160 1 106 1 121 2 141 1 124 1 363 2 364 1 153 1 156 1 349 1 420 1 438 1 154 1 149 1 155 1 157 1 472 1 423 1
62 17 26 168 1 100 1 187 1 174 1 526 1 162 1 102 1 192 1 93 1 115 1 138 1 139 1 19 1 25 3 32 1 37 1 40 1 108 1 178 2 184 1 185 1 268 1 223 2 170 1 118 1 397 1
71 21 27 114 1 169 1 201 1 172 1 696 1 610 1 162 1 107 1 66 1 93 1 138 1 139 1 19 1 25 1 32 1 37 1 40 1 184 1 185 1 218 1 220 1 223 2 118 2 142 1 611 1 215 1 121 1
74 22 27 338 1 115 1 125 1 129 1 135 1 19 1 25 3 33 2 38 1 39 2 94 2 109 1 123 1 402 1 523 1 314 2 198 1 119 3 127 1 128 1 211 1 288 1 191 1 117 1 120 1 133 1 116 1
//IdTournes NbColis
24 6
//IdColis IdCommandeInColis NbProducts IdProd1 QtyProd1 IdProd2 QtyProd2 ...
78 24 25 84 1 209 1 89 1 112 2 105 1 86 1 107 1 200 1 205 1 705 1 99 1 115 1 207 1 125 1 129 1 135 1 19 1 25 3 33 1 38 1 39 1 94 1 109 1 123 1 523 1
103 34 21 521 1 254 1 110 1 250 1 84 1 168 1 112 1 627 1 86 1 175 1 104 1 337 1 102 1 146 1 115 1 262 1 135 1 138 1 19 1 25 2 206 1
107 35 29 192 1 452 1 429 1 93 1 115 1 138 1 139 1 19 1 25 3 32 1 39 1 40 1 108 1 185 1 268 1 523 1 126 1 152 2 625 1 170 1 131 1 118 2 142 1 158 1 160 1 106 1 117 1 121 3 141 1
160 55 26 335 1 180 1 337 1 334 1 166 1 146 1 338 1 305 1 313 1 506 1 135 1 115 1 125 1 129 1 19 1 26 3 33 2 38 1 39 2 503 1 94 2 109 1 123 1 136 1 314 2 402 1
175 60 27 638 1 688 1 689 1 86 1 107 1 414 1 80 1 398 1 301 1 146 1 305 1 115 1 135 1 262 1 138 1 19 1 25 3 32 2 39 1 40 1 286 1 108 1 123 1 126 2 218 1 314 1 348 1
181 62 26 84 1 81 1 91 1 359 1 105 1 86 1 266 1 104 1 192 1 207 1 125 1 135 1 138 1 19 1 26 3 33 1 38 1 39 1 94 1 123 1 314 2 402 1 283 1 206 2 131 1 155 1
//IdTournes NbColis
25 6
//IdColis IdCommandeInColis NbProducts IdProd1 QtyProd1 IdProd2 QtyProd2 ...
185 64 27 110 1 84 1 112 1 105 1 107 1 362 1 192 1 262 1 135 1 138 1 19 1 25 3 697 1 32 1 39 1 40 1 123 1 126 1 314 2 402 1 358 1 206 2 142 1 356 1 160 1 120 1 154 1
188 65 32 107 1 204 1 146 1 122 1 125 1 129 1 135 1 19 1 25 3 32 1 39 1 40 1 94 1 123 1 314 2 402 1 150 1 119 2 128 1 131 1 158 1 106 1 120 1 133 1 124 1 363 1 153 1 156 1 154 1 222 1 157 2 448 1
190 66 24 606 1 84 1 112 1 105 1 35 1 104 1 276 1 204 2 353 1 113 1 192 1 115 1 125 1 135 1 138 1 280 1 19 1 26 3 33 1 38 1 39 1 94 1 108 1 217 1
196 68 23 85 1 609 1 110 1 260 1 84 1 168 1 91 1 112 1 398 1 278 1 192 1 305 1 262 1 135 1 138 1 19 1 25 3 32 2 37 1 40 1 286 1 123 1 350 1
200 69 24 266 2 107 1 462 1 453 1 389 1 432 1 366 1 115 1 129 1 135 1 125 1 19 1 26 2 33 2 38 1 39 2 94 2 109 1 123 1 314 2 402 1 119 3 127 1 397 1
210 73 28 169 1 100 1 174 1 172 1 354 1 93 1 115 1 138 1 139 1 19 1 25 2 32 1 37 1 40 1 108 1 184 1 185 1 268 1 223 2 170 1 118 2 131 1 142 1 158 1 160 1 106 1 117 1 121 2
//IdTournes NbColis
26 6
//IdColis IdCommandeInColis NbProducts IdProd1 QtyProd1 IdProd2 QtyProd2 ...
232 83 27 168 1 100 1 171 1 174 1 172 1 162 1 107 1 113 1 192 1 138 1 139 1 93 1 115 1 19 1 25 3 32 1 37 1 40 1 126 1 152 2 402 1 108 1 185 1 142 1 170 1 118 1 154 1
238 86 27 88 1 89 1 650 1 638 2 528 1 86 1 107 1 104 1 323 1 125 1 129 1 135 1 19 1 26 2 33 1 38 1 39 1 314 2 402 1 94 1 109 1 123 1 128 1 127 1 131 1 158 1 154 1
32 6 17 121 3 141 1 165 1 116 1 124 1 446 1 159 2 161 1 153 1 715 1 716 1 714 1 45 1 27 1 683 1 376 1 454 2
135 45 22 118 2 261 1 142 1 575 1 315 1 160 1 121 2 141 1 124 1 224 2 161 1 153 1 156 1 311 1 45 1 27 1 154 1 246 1 155 2 580 1 157 1 151 1
142 48 39 25 1 32 1 37 1 40 1 318 1 108 1 181 1 123 1 126 1 152 2 268 1 490 1 75 1 118 2 127 1 131 1 142 1 158 1 106 1 117 1 121 2 141 1 116 1 124 1 153 1 156 1 496 1 45 1 148 1 470 1 154 1 418 1 155 1 157 1 151 1 267 2 448 2 502 1 504 1
211 73 14 141 1 116 1 124 1 111 1 224 2 161 1 153 1 156 1 380 1 707 1 45 1 154 1 155 1 157 1
//IdTournes NbColis
27 6
//IdColis IdCommandeInColis NbProducts IdProd1 QtyProd1 IdProd2 QtyProd2 ...
217 76 21 142 1 158 1 160 2 106 1 117 1 121 2 141 1 116 1 124 1 161 1 363 2 153 1 45 1 346 1 154 1 147 1 472 1 245 1 428 1 464 1 423 1
117 38 30 287 1 119 3 127 1 142 1 117 1 120 4 133 1 165 1 255 1 116 1 124 1 363 2 364 1 90 1 409 1 424 1 427 1 349 1 420 1 284 1 603 1 344 1 195 1 147 1 309 1 345 1 149 1 347 1 348 1 222 1
106 35 18 694 1 110 1 260 1 250 1 168 1 100 1 258 1 212 1 171 2 174 2 183 1 172 1 252 1 175 1 265 1 102 1 256 1 157 1
84 26 11 120 2 141 1 124 1 159 2 161 1 153 1 589 1 243 1 248 1 464 2 423 1
229 81 26 314 1 402 1 628 1 94 1 179 1 625 1 142 1 119 2 575 1 391 1 160 1 120 2 133 1 124 1 416 1 363 2 364 1 153 1 419 1 589 1 622 1 154 1 431 1 155 1 157 1 423 1
100 32 23 223 1 170 1 118 2 131 1 142 1 158 1 160 1 117 1 121 3 141 1 255 1 116 1 124 1 159 2 161 1 446 1 153 1 156 1 634 1 154 1 155 1 157 1 267 1
//IdTournes NbColis
28 6
//IdColis IdCommandeInColis NbProducts IdProd1 QtyProd1 IdProd2 QtyProd2 ...
95 30 17 121 1 141 1 98 1 124 1 161 1 159 2 153 1 645 1 644 1 635 1 154 1 246 1 285 1 157 1 472 1 244 1 245 1
51 12 34 135 1 637 1 94 1 109 1 123 1 152 2 402 1 119 2 127 1 128 1 131 1 158 1 684 1 160 1 106 1 117 1 120 1 133 1 116 1 124 1 446 1 159 2 161 1 153 1 156 1 56 1 681 1 665 1 451 1 346 1 154 1 147 1 155 1 157 1
213 74 13 133 1 124 1 363 2 364 1 153 1 156 1 451 1 605 1 607 1 154 1 155 1 157 1 464 1
243 88 15 118 1 131 1 141 1 106 1 117 1 121 1 116 1 124 1 224 2 161 1 330 1 665 1 444 1 147 1 455 1
26 5 26 636 1 363 2 364 1 90 1 324 1 380 2 715 1 350 1 424 1 427 1 349 1 420 1 63 1 284 1 438 1 376 1 454 2 214 1 147 1 309 1 345 1 149 1 347 1 348 2 222 1 464 1
145 49 11 124 1 636 1 159 2 161 1 153 1 156 1 155 1 157 1 151 1 217 1 426 1
//IdTournes NbColis
29 6
//IdColis IdCommandeInColis NbProducts IdProd1 QtyProd1 IdProd2 QtyProd2 ...
239 86 13 160 1 106 1 117 1 133 1 234 1 124 1 636 1 363 2 364 1 153 1 156 1 155 1 157 2
259 97 35 112 1 105 1 86 1 107 1 570 1 125 1 129 1 135 1 523 1 94 1 123 1 314 2 402 1 119 2 303 1 142 1 120 2 133 1 712 2 124 1 636 1 197 1 153 1 380 1 674 1 27 1 683 1 143 1 216 1 390 1 154 1 155 1 222 1 713 1 464 1
45 10 12 121 2 141 1 124 1 159 2 161 1 153 1 154 1 352 1 48 1 379 1 157 1 365 1
61 16 24 152 1 402 1 473 1 118 2 131 1 142 1 158 1 508 1 160 1 106 1 121 3 141 1 124 1 446 1 159 2 161 1 486 1 153 1 156 1 154 1 155 1 194 1 157 1 193 2
4 2 6 28 1 30 1 51 1 666 1 609 1 403 1
5 2 6 51 1 703 1 710 1 709 1 84 1 186 1
//IdTournes NbColis
30 6
//IdColis IdCommandeInColis NbProducts IdProd1 QtyProd1 IdProd2 QtyProd2 ...
11 3 6 29 1 703 1 51 1 85 1 100 2 78 1
19 5 6 28 1 30 1 703 1 718 1 114 1 437 1
29 6 7 51 1 28 1 703 1 100 1 407 1 101 2 714 1
33 7 7 28 1 30 1 703 1 110 1 168 1 310 1 407 1
20 5 6 51 2 710 1 498 1 97 1 320 1 344 1
28 6 7 29 1 30 1 51 1 110 1 228 1 168 1 310 1
//IdTournes NbColis
31 6
//IdColis IdCommandeInColis NbProducts IdProd1 QtyProd1 IdProd2 QtyProd2 ...
261 98 30 110 1 169 1 174 1 594 1 93 1 138 1 139 1 184 1 185 1 220 1 223 2 75 1 118 2 142 1 158 1 160 1 121 3 141 1 124 1 224 2 161 1 153 1 156 1 451 1 717 1 154 1 351 1 246 1 155 1 157 1
65 18 29 192 1 69 1 93 1 138 1 139 1 286 1 179 1 123 1 126 1 152 1 402 1 287 1 118 1 131 1 142 1 522 1 191 1 106 1 121 2 141 1 124 1 159 2 161 1 535 2 458 1 195 1 147 1 285 1 155 1
137 46 26 522 1 295 1 120 4 133 1 255 1 124 1 363 2 364 1 690 1 306 1 350 1 424 1 427 1 349 1 420 1 284 1 307 1 195 1 344 1 147 1 309 1 345 1 149 1 347 1 348 1 222 1
215 75 24 123 1 314 2 402 1 119 2 127 1 131 1 142 1 158 1 160 1 106 1 117 1 120 1 141 1 116 1 124 1 363 2 364 1 153 1 156 1 27 1 154 1 155 2 449 1 222 1
194 67 39 123 1 126 2 360 1 523 1 152 2 218 1 402 1 421 1 283 1 287 1 206 3 142 1 120 3 141 1 124 1 363 1 161 1 350 1 424 1 427 1 349 1 420 1 284 1 195 1 344 1 147 1 309 1 246 1 345 1 149 1 347 1 221 1 285 1 460 1 357 1 348 2 222 1 193 1 392 4
206 71 24 123 1 126 1 264 1 152 2 523 1 402 1 118 2 131 1 142 1 158 1 160 1 106 1 279 1 121 2 141 1 124 1 375 1 363 2 364 1 153 1 154 1 155 1 157 1 267 1
//IdTournes NbColis
32 6
//IdColis IdCommandeInColis NbProducts IdProd1 QtyProd1 IdProd2 QtyProd2 ...
18 4 15 120 1 133 1 327 1 234 1 124 1 363 2 364 1 153 1 156 1 572 1 154 1 157 1 308 1 245 2 340 1
147 50 21 123 1 152 2 402 1 206 2 131 1 142 1 158 1 612 1 160 1 106 1 141 1 165 1 259 1 124 1 161 1 363 2 153 1 156 1 154 1 155 1 469 1
92 29 34 146 1 338 1 115 1 125 1 129 1 135 1 94 1 109 1 123 1 136 1 152 2 268 1 556 1 127 1 128 1 131 1 158 1 288 1 160 1 225 1 106 1 117 1 120 1 133 1 234 1 236 1 124 1 159 2 161 1 153 1 555 1 235 1 155 1 157 1
129 42 12 142 1 403 1 160 1 298 1 120 1 141 1 124 1 159 2 161 1 153 1 54 1 154 1
37 7 4 533 1 376 1 154 1 365 1
98 31 25 121 3 141 1 116 1 124 1 159 2 161 1 424 1 350 1 427 1 349 1 420 1 284 1 670 1 344 1 195 1 465 1 673 1 345 1 149 1 347 1 155 1 147 1 309 1 348 1 222 1
//IdTournes NbColis
33 6
//IdColis IdCommandeInColis NbProducts IdProd1 QtyProd1 IdProd2 QtyProd2 ...
86 27 32 192 1 115 1 125 1 129 1 135 1 83 1 94 1 109 1 123 1 314 2 402 1 119 2 127 1 131 1 142 1 158 1 225 1 106 1 117 1 120 3 240 1 241 1 133 1 116 1 124 1 363 2 153 1 156 1 683 1 155 1 157 1 151 1
48 11 28 206 2 127 1 211 1 439 1 141 1 117 1 120 4 116 1 124 1 446 1 363 3 364 2 445 1 56 1 443 1 422 1 394 1 397 1 451 1 219 1 441 1 216 1 143 1 450 1 221 1 285 1 449 1 448 1
21 5 19 67 1 95 1 84 1 76 1 209 1 382 1 263 1 310 1 407 1 433 1 89 1 92 1 322 1 326 1 134 1 183 2 435 1 103 1 57 1
3 1 17 121 2 141 1 116 1 124 1 159 3 161 2 199 1 422 1 397 1 219 1 143 1 216 1 723 1 221 1 285 1 155 1 721 1
23 5 30 104 1 180 1 144 1 208 1 62 1 66 1 102 1 319 1 80 1 329 1 204 1 205 1 140 1 387 1 398 1 316 1 321 1 328 1 146 1 186 1 122 1 354 1 305 1 59 1 69 1 99 1 135 1 115 1 207 1 195 1
101 33 27 250 1 168 1 100 1 174 2 96 1 266 1 93 1 138 1 139 1 184 1 185 1 247 1 268 1 223 2 118 2 142 1 160 1 121 2 141 1 124 1 159 2 161 1 153 1 156 1 154 1 155 1 157 1
//IdTournes NbColis
34 6
//IdColis IdCommandeInColis NbProducts IdProd1 QtyProd1 IdProd2 QtyProd2 ...
132 44 28 312 1 84 1 310 1 88 1 89 1 105 1 86 1 299 1 146 1 125 1 129 1 135 1 83 1 94 1 123 1 314 2 119 2 128 1 160 1 290 1 120 1 133 1 124 1 197 1 153 1 307 1 154 1 308 1
157 54 28 114 1 168 1 92 1 86 1 319 1 93 1 138 1 139 1 123 1 126 1 268 1 223 2 118 2 142 1 160 1 121 2 141 1 124 1 224 2 161 1 324 1 153 1 145 1 154 2 248 1 339 1 308 1 340 1
163 56 32 84 1 273 1 112 1 183 1 146 1 125 1 129 1 135 1 94 1 123 1 220 1 223 2 119 2 142 1 160 1 120 3 133 1 327 1 343 1 124 1 224 2 161 1 153 1 145 1 346 1 154 1 352 1 351 1 155 1 194 1 222 1 217 1
68 19 18 123 1 126 1 223 2 170 1 118 2 142 1 158 1 160 1 117 1 121 3 141 1 116 1 124 1 197 1 161 1 159 2 153 1 154 1
166 57 28 223 2 421 1 283 1 287 1 170 1 118 3 142 1 117 1 121 3 141 1 116 1 124 1 161 1 224 2 445 1 424 1 427 1 349 1 420 1 284 1 344 1 195 1 147 1 309 1 345 1 149 1 347 1 348 1
235 84 15 108 1 185 1 287 1 142 1 170 1 118 1 411 1 141 1 117 1 121 1 116 1 124 1 224 2 161 1 147 1
//IdTournes NbColis
35 6
//IdColis IdCommandeInColis NbProducts IdProd1 QtyProd1 IdProd2 QtyProd2 ...
237 85 17 185 1 142 1 170 1 118 2 158 1 160 1 141 1 117 1 121 2 116 1 124 1 224 2 161 1 153 1 156 1 155 1 157 1
81 25 28 398 1 305 1 93 1 115 1 138 1 139 1 286 1 108 1 123 1 126 2 210 1 402 1 152 2 421 1 287 1 283 1 118 3 127 1 142 1 403 1 391 1 117 1 121 3 141 1 116 1 124 1 159 2 348 1
43 9 19 268 1 223 1 287 1 118 1 131 1 142 1 288 1 191 1 106 1 279 1 121 1 141 1 124 1 224 1 159 1 161 1 147 1 285 1 217 1
79 24 25 706 1 314 2 402 1 119 2 127 1 131 1 142 1 158 1 160 1 106 1 117 1 120 1 133 1 116 1 124 1 446 1 363 2 364 1 153 1 156 1 708 1 645 1 154 1 155 1 157 1
209 72 24 118 2 127 1 131 1 142 1 158 1 368 1 160 1 106 1 117 1 121 2 141 1 116 1 124 1 159 2 161 1 153 1 344 1 154 1 405 1 147 1 371 1 372 1 246 1 578 1
233 83 21 118 1 131 1 158 1 160 1 141 1 106 1 117 1 121 3 116 1 124 1 363 2 161 1 153 1 156 1 412 1 422 1 155 1 157 1 217 1 426 1 428 1
//IdTournes NbColis
36 6
//IdColis IdCommandeInColis NbProducts IdProd1 QtyProd1 IdProd2 QtyProd2 ...
247 90 10 131 1 142 1 106 1 120 1 141 1 124 1 363 2 161 1 285 1 147 1
108 35 13 116 1 124 1 159 2 161 1 156 1 153 1 699 2 349 1 154 1 248 1 155 1 449 1 267 2
201 69 25 127 1 142 1 211 1 117 2 120 3 133 1 466 1 116 1 124 1 363 3 364 2 445 1 422 1 219 1 216 1 143 1 148 1 351 1 221 1 285 1 460 1 459 1 404 1 457 1 464 1
245 89 11 206 1 142 1 160 1 120 2 141 1 124 1 363 2 161 1 153 1 155 1 157 1
197 68 30 126 2 152 2 268 1 421 1 283 1 287 1 118 3 142 1 403 1 298 3 141 1 124 1 370 1 159 2 161 1 424 1 427 1 349 1 420 1 369 1 284 1 344 1 195 1 147 1 309 1 345 1 149 1 347 1 348 1 222 1
186 64 12 120 1 141 1 124 1 361 1 363 2 364 1 153 1 156 1 155 1 157 1 217 1 423 1
//IdTournes NbColis
37 6
//IdColis IdCommandeInColis NbProducts IdProd1 QtyProd1 IdProd2 QtyProd2 ...
70 20 10 131 1 142 1 158 1 160 1 121 2 141 1 124 1 159 2 161 1 153 1
72 21 14 160 1 121 1 141 1 124 1 224 2 161 1 153 1 156 1 451 1 154 1 155 1 222 1 157 1 217 2
131 43 7 141 1 236 1 124 1 224 2 161 1 153 1 629 1
251 92 13 141 1 124 1 159 2 161 1 416 1 659 1 394 1 451 1 285 1 155 1 147 1 418 1 464 1
90 28 17 370 1 363 3 364 2 422 1 397 1 350 1 311 1 143 1 660 1 195 1 285 1 155 1 309 1 643 2 449 1 472 1 464 1
82 25 15 161 1 350 1 427 1 349 1 420 1 284 1 344 1 195 1 147 1 309 1 345 1 149 1 347 1 222 1 151 1
//IdTournes NbColis
38 2
//IdColis IdCommandeInColis NbProducts IdProd1 QtyProd1 IdProd2 QtyProd2 ...
170 58 14 350 1 427 1 349 1 420 1 284 1 344 1 195 1 147 1 309 1 345 1 149 1 347 1 348 1 222 1
114 37 1 464 1
