//NbTournees
5
//IdTournes NbColis
1 6
//IdColis IdCommandeInColis NbProducts IdProd1 QtyProd1 IdProd2 QtyProd2 ...
4 1 25 109 1 2 1 3 1 6 1 7 2 8 1 9 1 10 1 11 1 12 1 201 1 49 1 165 2 197 2 200 1 75 1 82 2 89 1 76 1 80 1 168 2 172 1 253 2 77 1 88 3
1 1 8 1 1 33 1 5 1 4 1 199 1 74 1 87 1 2 1
7 2 8 216 1 220 1 19 1 217 1 16 1 20 1 74 1 93 1
15 3 15 110 3 103 2 215 3 114 2 109 1 246 1 2 1 14 1 28 1 32 1 10 1 11 1 12 1 23 2 31 1
18 4 9 39 1 42 2 45 1 74 1 147 1 148 1 144 2 37 1 43 1
21 5 10 54 1 58 1 47 1 74 1 242 1 147 1 156 1 158 1 239 1 119 1
//IdTournes NbColis
2 6
//IdColis IdCommandeInColis NbProducts IdProd1 QtyProd1 IdProd2 QtyProd2 ...
32 8 9 180 1 54 1 178 1 74 1 147 1 176 1 158 2 177 1 86 1
19 4 20 124 2 110 2 103 1 114 2 215 1 141 1 143 1 44 1 213 1 23 1 2 1 9 1 41 1 10 1 11 1 12 1 46 1 142 2 210 1 107 1
10 2 26 261 2 192 1 218 1 2 2 14 1 7 1 9 1 18 1 10 1 11 1 12 1 22 1 23 1 153 1 13 1 25 1 75 1 89 1 92 1 76 1 98 1 126 4 222 1 77 1 73 2 101 2
23 5 30 138 1 104 1 236 1 52 1 49 1 23 1 2 1 10 1 11 1 12 1 57 1 59 1 60 1 111 1 134 1 137 1 153 1 125 2 50 1 51 1 53 1 130 1 89 1 98 1 76 1 234 1 29 1 127 1 131 1 132 2
27 6 23 102 1 103 2 228 1 104 1 64 1 72 1 23 2 2 2 8 1 10 1 11 2 12 1 229 1 66 1 63 1 67 1 68 1 92 2 76 1 98 1 65 2 80 1 77 1
28 6 11 77 1 101 2 84 2 61 1 226 1 225 1 100 2 231 1 17 1 62 2 230 1
//IdTournes NbColis
3 6
//IdColis IdCommandeInColis NbProducts IdProd1 QtyProd1 IdProd2 QtyProd2 ...
30 7 25 114 1 112 1 192 1 188 1 10 1 11 1 12 1 23 2 2 1 111 1 191 1 63 1 51 1 195 1 194 1 76 1 98 1 113 1 189 2 196 1 77 1 101 2 84 1 107 1 193 1
34 8 29 121 1 185 1 179 1 10 1 11 1 12 1 23 1 182 1 2 1 49 1 125 1 118 1 50 1 76 1 173 1 35 1 181 1 122 1 126 3 172 2 187 1 77 1 116 1 101 2 84 2 107 1 120 1 183 1 186 1
13 3 7 33 1 70 1 207 1 208 1 26 1 206 1 30 1
20 4 14 76 1 212 1 140 1 77 1 101 2 146 1 145 1 84 2 38 1 211 1 40 1 21 1 36 1 214 1
9 2 14 251 1 258 1 93 1 95 2 160 1 224 3 15 1 252 2 85 1 223 2 94 3 162 1 259 2 107 1
16 3 18 57 1 209 1 76 1 248 1 29 1 35 2 105 1 247 2 250 1 77 2 108 1 245 1 101 2 84 2 107 1 27 1 205 1 249 1
//IdTournes NbColis
4 6
//IdColis IdCommandeInColis NbProducts IdProd1 QtyProd1 IdProd2 QtyProd2 ...
11 2 9 96 2 90 4 157 1 84 2 219 2 17 1 21 1 221 1 260 1
14 3 9 20 1 74 1 45 2 115 1 227 1 34 1 106 3 102 2 110 1
24 5 18 139 1 235 1 237 1 77 1 101 2 241 1 243 1 133 1 135 1 90 2 157 1 84 2 136 1 107 1 244 1 56 1 48 1 55 1
26 6 9 70 1 69 1 71 1 74 1 115 1 227 1 91 2 99 3 102 1
3 1 17 167 1 102 2 169 1 170 2 103 1 203 1 251 1 166 1 83 1 154 1 198 1 252 1 85 1 86 1 204 1 78 1 109 1
29 7 10 70 1 190 1 74 1 47 1 115 1 106 2 102 2 103 1 114 1 84 1
//IdTournes NbColis
5 5
//IdColis IdCommandeInColis NbProducts IdProd1 QtyProd1 IdProd2 QtyProd2 ...
8 2 13 24 1 97 1 87 1 148 1 115 1 161 2 91 1 159 1 102 2 103 1 114 1 251 1 163 1
2 1 10 47 2 156 1 148 1 115 1 255 1 164 1 233 3 91 2 152 1 254 1
5 1 13 108 1 73 1 81 1 256 1 101 2 79 2 90 3 84 2 225 1 244 1 202 1 257 1 183 2
33 8 16 177 1 155 1 117 1 119 1 124 2 171 1 103 1 114 2 174 1 160 1 112 1 85 1 123 1 175 1 184 1 78 1
22 5 15 240 1 155 1 233 1 128 1 129 1 124 2 149 1 150 1 152 1 103 1 114 2 232 1 151 1 154 1 238 1
