//NbTournees
25
//IdTournes NbColis
1 6
//IdColis IdCommandeInColis NbProducts IdProd1 QtyProd1 IdProd2 QtyProd2 ...
4 1 26 207 1 856 1 601 1 228 1 239 1 246 1 432 1 540 1 440 1 408 1 409 1 227 1 424 1 272 2 274 1 484 1 541 1 410 1 685 1 564 1 868 1 301 1 302 1 814 1 145 1 1 1
10 2 18 276 1 558 1 244 1 298 1 257 1 300 1 237 1 273 1 2 2 3 2 10 1 34 1 147 1 42 2 48 1 54 1 154 1 604 1
14 3 15 47 1 59 1 60 1 348 1 267 1 61 1 3 1 42 1 44 1 46 1 211 1 337 1 377 1 375 1 372 1
20 4 22 588 1 92 1 198 1 258 1 266 1 237 1 311 1 297 1 538 1 357 1 665 1 306 1 704 1 3 1 54 1 55 1 136 1 99 1 199 1 139 1 807 1 40 1
27 5 23 3 1 17 1 24 1 27 1 28 1 30 2 44 1 55 1 123 1 162 1 96 1 131 1 136 1 99 1 139 1 807 1 172 1 466 1 317 1 471 1 397 1 723 1 536 1
32 6 19 186 1 192 1 201 1 286 1 419 1 414 1 428 1 619 1 704 1 3 1 44 1 48 1 54 1 55 1 123 2 96 1 135 1 200 1 683 1
//IdTournes NbColis
2 6
//IdColis IdCommandeInColis NbProducts IdProd1 QtyProd1 IdProd2 QtyProd2 ...
36 7 20 300 1 92 1 833 1 443 2 69 1 3 1 67 1 34 1 42 1 44 1 99 1 95 2 136 1 139 1 823 1 141 2 440 1 540 1 255 1 278 1
104 23 30 3 1 30 1 54 1 101 1 753 1 228 1 367 1 646 1 270 1 282 1 551 1 471 1 397 1 238 1 235 1 743 1 752 1 232 1 269 1 742 1 749 1 156 1 263 1 240 1 250 1 285 1 210 1 220 1 260 1 481 1
111 26 14 91 1 88 1 111 1 241 1 130 1 212 2 325 1 283 1 297 1 314 1 619 1 3 1 54 1 99 1
127 32 21 703 1 29 1 511 1 345 1 283 1 355 1 92 1 3 1 103 1 686 1 34 1 689 1 42 1 155 1 136 1 99 1 139 1 432 1 367 1 377 1 529 1
128 32 25 484 1 410 4 514 1 690 1 529 1 473 1 437 1 217 1 253 1 528 1 404 1 163 1 687 1 693 1 513 1 1 1 19 1 702 1 483 1 524 1 533 1 184 1 381 2 400 1 508 2
129 33 17 115 1 47 1 283 1 544 1 279 1 3 1 103 1 42 1 119 1 720 1 228 1 397 1 308 1 724 1 326 1 232 1 722 1
//IdTournes NbColis
3 6
//IdColis IdCommandeInColis NbProducts IdProd1 QtyProd1 IdProd2 QtyProd2 ...
133 35 11 115 1 50 1 91 1 694 1 547 1 538 1 283 1 3 1 24 1 500 1 527 1
138 37 15 115 1 59 1 188 1 267 1 283 1 3 1 715 1 352 1 211 1 287 1 719 1 705 1 214 1 290 1 534 1
142 39 22 750 1 166 1 29 1 106 1 266 1 283 1 3 1 28 1 77 1 155 1 136 1 339 1 375 1 709 1 204 1 462 1 160 1 269 1 343 1 560 1 299 1 620 1
144 40 22 59 1 474 1 266 1 279 1 283 1 3 1 155 1 140 1 101 1 228 1 211 1 270 1 541 1 708 1 58 1 232 1 644 1 776 1 335 1 269 1 156 1 263 1
146 41 22 115 1 92 2 283 1 361 1 3 1 261 1 630 1 740 1 593 1 529 1 531 1 223 1 224 2 330 1 269 2 290 1 464 1 26 1 240 1 265 1 347 1 586 1
148 42 21 115 1 130 1 106 1 266 1 283 1 3 1 744 1 751 1 661 1 662 1 272 1 274 1 541 2 204 1 752 1 319 1 330 1 269 1 290 1 240 1 679 1
//IdTournes NbColis
4 6
//IdColis IdCommandeInColis NbProducts IdProd1 QtyProd1 IdProd2 QtyProd2 ...
150 43 18 97 1 165 1 747 1 488 1 266 1 283 1 3 2 367 1 377 1 429 1 565 1 417 1 529 2 295 1 313 1 757 1 521 1 513 1
152 44 33 547 1 348 1 345 1 106 1 92 1 283 1 46 1 54 1 99 1 251 1 255 1 697 1 709 1 323 1 242 1 335 1 169 1 305 1 710 1 245 1 602 1 1 1 56 1 706 1 507 1 637 1 486 1 378 1 364 1 490 1 523 1 381 1 522 1
154 45 25 91 1 244 1 247 1 273 1 283 1 3 1 696 1 310 1 691 1 269 1 240 1 390 1 292 1 313 1 519 1 606 1 695 1 509 1 692 1 673 1 611 1 645 1 381 1 400 1 485 1
155 46 23 267 1 356 1 707 1 283 1 704 1 3 1 96 1 698 1 140 1 352 1 315 1 277 1 317 1 470 1 705 1 335 1 104 1 43 1 606 1 177 1 673 1 642 1 711 1
156 47 20 185 2 249 1 298 1 544 1 3 1 727 1 209 1 337 1 551 1 64 1 718 1 548 1 608 1 712 1 546 1 370 1 372 1 387 1 549 1 735 1
158 48 27 267 1 356 1 283 1 297 1 3 2 716 1 255 1 351 1 445 1 471 1 397 1 238 1 269 1 593 1 536 1 240 1 285 1 734 1 528 1 663 1 575 1 574 2 405 2 381 1 400 1 549 1 396 1
//IdTournes NbColis
5 6
//IdColis IdCommandeInColis NbProducts IdProd1 QtyProd1 IdProd2 QtyProd2 ...
160 49 24 91 1 731 1 325 1 106 1 283 1 355 1 3 1 352 1 589 1 227 1 270 1 429 1 268 1 713 1 269 1 157 1 240 1 285 1 543 1 728 1 730 1 313 1 702 1 725 1
162 50 30 427 1 273 1 283 1 474 1 717 1 3 1 202 1 729 1 251 1 721 1 429 2 723 1 334 1 726 1 491 1 713 1 224 1 269 1 240 1 313 1 421 1 353 1 613 1 546 1 732 1 733 1 93 1 722 1 371 1 381 1
164 51 30 91 1 29 1 283 1 3 1 140 1 563 1 377 1 308 1 461 1 737 1 160 1 269 1 134 1 240 1 754 1 730 1 305 1 313 1 758 1 245 1 674 1 395 1 421 1 759 1 93 1 152 1 371 1 394 1 381 1 396 1
1 1 5 4 2 25 1 115 1 116 1 277 1
8 2 5 4 1 115 2 47 1 116 1 268 1
40 8 6 4 2 25 1 88 1 165 1 98 1 201 1
//IdTournes NbColis
6 6
//IdColis IdCommandeInColis NbProducts IdProd1 QtyProd1 IdProd2 QtyProd2 ...
43 9 6 4 1 25 1 115 1 129 1 79 1 456 1
47 10 4 4 1 63 2 59 1 31 2
98 22 6 47 1 97 1 4 1 142 1 435 1 409 1
52 11 23 283 1 65 1 30 1 54 2 96 1 99 1 101 1 601 1 367 1 429 1 315 1 84 1 287 1 444 2 445 1 397 1 410 3 62 1 290 1 446 1 389 1 76 1 437 1
166 52 32 773 1 279 1 283 1 538 1 103 1 274 1 351 1 471 1 434 1 76 1 347 1 760 1 385 1 403 1 770 1 353 1 392 1 509 1 608 1 530 1 72 1 766 1 132 1 701 1 378 1 612 1 384 1 580 1 572 1 683 1 478 1 659 1
5 1 27 223 1 242 1 335 1 259 2 295 1 529 1 5 1 35 1 285 1 289 2 299 1 543 1 499 2 448 5 869 1 403 1 834 1 855 1 313 1 542 1 552 1 245 1 217 1 437 4 22 1 104 1 159 1
//IdTournes NbColis
7 6
//IdColis IdCommandeInColis NbProducts IdProd1 QtyProd1 IdProd2 QtyProd2 ...
28 5 33 38 1 820 1 417 1 462 1 470 1 301 1 326 1 57 1 489 1 340 1 343 1 290 1 529 2 531 1 5 1 6 1 35 1 156 1 794 1 289 1 299 3 304 1 826 1 358 2 305 1 278 1 476 1 450 1 159 1 770 1 11 1 13 1 575 1
37 7 27 431 1 439 3 75 1 81 1 296 2 243 1 291 1 293 2 441 1 491 1 672 1 280 1 301 1 302 1 224 1 275 2 295 1 6 1 68 1 73 1 229 1 285 1 289 1 299 1 543 1 499 1 260 1
57 12 28 411 1 444 1 441 1 301 1 64 1 16 2 158 1 160 1 168 1 808 1 604 1 335 1 275 2 295 2 852 1 529 1 6 1 89 1 156 2 794 1 289 2 299 1 517 1 448 2 385 1 581 1 758 1 437 2
99 22 13 142 1 438 1 590 1 433 1 201 1 203 1 587 1 329 1 331 1 419 1 362 1 436 1 6 1
112 26 41 699 1 700 1 202 1 367 1 211 1 363 1 287 1 81 1 334 1 302 1 323 1 275 1 6 1 688 1 403 1 390 1 305 1 278 1 245 1 674 1 353 1 404 1 402 1 382 2 126 1 94 1 701 1 372 1 575 1 405 2 364 1 366 1 373 1 379 1 523 1 627 1 381 1 522 1 580 1 400 1 396 1
121 29 40 351 1 317 1 471 1 475 1 397 1 514 2 302 1 763 1 51 1 168 1 775 1 232 1 340 1 295 1 250 1 347 1 304 1 221 1 469 1 127 1 395 1 117 1 392 1 468 1 765 1 368 1 764 1 761 1 19 1 56 1 372 1 380 1 371 1 479 1 482 1 394 1 381 2 400 1 478 1 396 1
//IdTournes NbColis
8 6
//IdColis IdCommandeInColis NbProducts IdProd1 QtyProd1 IdProd2 QtyProd2 ...
168 53 26 121 1 771 1 218 1 42 1 696 1 99 1 141 1 352 1 441 1 301 1 772 1 777 1 335 1 289 1 299 1 210 1 292 1 679 1 513 2 370 1 761 1 494 1 533 1 381 1 388 1 396 1
170 54 26 165 1 425 1 356 1 422 1 24 1 95 1 445 1 785 1 470 1 223 1 778 1 784 1 532 1 730 1 245 1 528 1 582 1 382 1 761 1 524 1 381 1 388 1 393 1 508 1 779 1 576 1
62 13 23 297 1 332 1 102 1 30 1 42 1 48 2 95 1 162 1 136 1 99 1 172 1 209 1 207 1 328 1 339 2 661 1 287 1 334 1 336 1 38 1 685 1 302 1 778 1
69 14 29 114 1 233 1 268 1 287 1 684 1 685 1 550 1 417 2 441 1 173 1 230 1 301 1 64 1 51 1 110 1 604 2 224 2 295 1 446 1 644 1 76 1 156 1 285 1 289 1 537 1 299 1 826 1 577 1 602 1
131 34 19 50 1 241 1 558 2 345 1 790 1 102 1 77 1 42 1 155 1 136 1 99 1 172 1 261 1 317 1 723 1 301 1 230 1 553 1 513 1
136 36 23 312 1 273 1 283 1 786 1 8 1 686 1 46 1 54 2 99 1 698 1 140 1 352 1 246 1 563 1 500 1 551 1 409 1 429 1 541 1 113 1 114 1 109 1 462 1
//IdTournes NbColis
9 6
//IdColis IdCommandeInColis NbProducts IdProd1 QtyProd1 IdProd2 QtyProd2 ...
48 10 19 111 1 29 1 249 1 657 1 212 1 344 1 345 1 266 1 283 1 355 1 544 1 361 1 704 1 65 1 77 1 147 1 135 1 99 1 807 1
29 5 28 39 1 41 1 822 1 759 1 530 1 745 1 456 1 678 1 7 1 19 1 120 1 93 1 94 2 132 1 722 1 369 1 483 1 495 1 494 2 406 1 570 1 574 2 583 2 405 2 371 1 373 1 523 1 381 1
58 12 30 161 1 519 1 521 1 582 1 843 1 353 1 90 1 11 1 13 1 39 1 41 1 150 1 163 1 599 1 602 2 608 1 651 1 595 1 171 1 370 1 7 1 74 1 132 1 486 1 494 1 583 1 387 1 617 1 388 1 607 1
73 15 23 286 1 345 1 362 1 650 1 106 1 357 1 103 1 124 1 96 1 131 1 136 1 99 1 139 1 140 1 141 1 352 1 367 1 128 1 342 1 377 1 386 1 301 1 299 1
78 16 48 26 1 125 1 134 1 263 1 229 1 289 1 299 1 108 1 221 1 467 1 629 2 476 1 253 1 104 1 127 1 294 2 770 1 215 1 39 1 840 1 746 1 126 1 513 1 732 1 609 1 370 1 7 1 72 1 120 1 702 1 137 1 612 1 494 1 399 1 138 1 371 1 479 1 384 1 492 1 830 1 596 2 381 1 226 1 508 1 485 1 515 2 398 2 621 1
123 30 13 115 1 91 1 165 1 98 1 703 1 455 1 355 1 103 1 14 1 689 1 46 1 54 1 432 1
//IdTournes NbColis
10 6
//IdColis IdCommandeInColis NbProducts IdProd1 QtyProd1 IdProd2 QtyProd2 ...
3 1 19 100 1 771 1 423 1 298 1 415 1 329 1 539 1 506 1 443 3 361 1 704 1 8 1 14 1 18 1 33 1 42 1 154 1 96 1 492 1
44 9 15 80 1 66 1 165 1 810 1 465 1 341 1 266 2 67 1 83 1 42 1 136 1 99 1 141 1 493 1 417 1
81 17 16 91 1 356 1 344 1 455 1 283 1 297 3 422 1 252 1 717 1 8 1 34 2 136 1 99 1 139 1 698 1 240 1
85 18 32 619 1 8 1 77 1 119 1 122 1 135 1 101 1 844 1 751 1 440 1 315 1 616 1 317 1 53 1 793 1 848 1 242 1 389 1 250 1 265 1 829 1 245 1 395 2 468 1 612 1 373 1 393 1 851 1 580 1 396 1 398 1 584 1
6 1 26 127 1 205 1 421 1 770 1 404 1 9 1 811 1 853 1 836 1 126 1 171 1 148 1 153 1 94 1 725 1 208 1 494 2 479 1 373 1 508 1 549 1 321 1 735 2 396 1 576 1 621 1
141 38 27 462 1 302 1 232 1 529 2 742 1 275 1 594 1 260 1 603 1 526 1 11 1 322 1 613 1 126 1 609 1 597 1 372 1 152 1 394 1 191 1 381 2 522 1 400 1 508 1 515 1 566 1 621 1
//IdTournes NbColis
11 6
//IdColis IdCommandeInColis NbProducts IdProd1 QtyProd1 IdProd2 QtyProd2 ...
12 2 38 242 1 275 1 318 1 644 1 12 1 15 1 35 1 125 1 213 1 285 1 289 1 299 1 304 1 839 1 728 1 385 1 210 1 292 1 633 1 629 2 674 1 70 1 652 1 546 1 513 1 609 1 152 1 494 1 649 1 405 1 184 1 371 1 479 1 387 1 388 1 393 1 555 1 607 1
77 16 25 136 1 99 1 96 1 141 1 837 1 261 2 211 1 551 1 277 1 287 1 296 2 397 1 216 1 308 1 243 1 291 1 293 2 280 1 301 1 242 1 275 1 777 1 376 1 536 1 15 1
132 34 26 389 1 323 1 15 1 451 1 560 1 289 1 299 1 578 1 579 1 754 1 210 1 797 1 284 1 557 1 519 2 521 1 161 1 770 1 146 1 163 1 350 1 494 1 570 1 585 1 555 1 584 1
100 22 24 650 2 416 1 283 1 357 1 619 1 361 1 131 1 193 1 202 1 206 1 207 1 762 1 432 1 463 1 293 1 180 1 189 1 195 1 204 1 420 1 462 1 430 1 301 1 302 1
11 2 22 155 1 136 1 99 1 199 3 141 1 239 1 367 1 175 1 181 1 197 1 307 1 272 1 303 1 377 1 541 1 310 1 301 1 16 3 302 2 808 1 214 1 610 1
88 19 36 96 1 136 1 99 1 139 1 141 1 500 1 661 1 309 1 841 1 301 1 16 1 167 1 269 1 240 1 250 1 289 1 299 1 304 1 812 1 842 1 592 1 521 1 395 1 602 1 631 1 651 1 143 1 850 1 153 1 94 1 486 2 383 1 612 1 494 1 533 1 510 1
//IdTournes NbColis
12 6
//IdColis IdCommandeInColis NbProducts IdProd1 QtyProd1 IdProd2 QtyProd2 ...
45 9 27 367 1 261 2 472 1 277 1 309 1 410 2 310 1 491 1 301 1 224 1 242 1 275 2 458 1 295 1 134 2 289 1 299 1 819 1 812 1 532 1 467 1 70 1 171 1 93 1 494 1 379 1 485 1
67 14 13 212 2 331 1 539 1 520 1 650 5 92 1 237 1 258 1 279 1 665 2 619 2 413 1 18 1
68 14 20 422 1 361 1 306 1 704 1 18 1 42 1 174 1 136 1 99 1 139 1 140 1 823 1 367 1 408 3 339 2 431 1 439 2 551 1 113 1 109 1
101 22 43 769 1 214 1 330 1 343 1 295 1 593 1 768 1 543 1 517 2 598 1 578 1 625 1 579 1 577 1 220 1 605 2 623 1 629 1 592 1 205 1 521 1 70 1 196 1 606 1 368 1 567 1 687 1 615 1 780 1 94 1 622 1 624 1 626 1 618 2 781 1 782 1 783 1 371 1 387 1 510 1 381 1 393 1 576 1
118 28 28 496 1 279 1 428 1 18 1 28 1 147 1 54 1 131 1 99 1 140 1 339 1 484 1 799 1 463 1 334 1 434 1 461 1 459 1 737 1 323 1 269 1 464 1 318 1 688 1 89 1 156 1 451 1 350 1
151 43 18 70 1 43 1 117 1 739 1 599 1 602 1 745 1 663 1 741 1 620 1 132 1 406 1 671 1 371 1 387 1 381 1 510 1 400 1
//IdTournes NbColis
13 6
//IdColis IdCommandeInColis NbProducts IdProd1 QtyProd1 IdProd2 QtyProd2 ...
63 13 34 489 1 259 1 340 1 553 1 852 1 573 1 285 1 385 1 525 1 532 1 858 1 860 1 333 1 278 1 859 1 557 1 521 1 863 1 32 1 567 1 350 1 857 1 171 1 733 1 19 1 177 1 94 1 132 1 208 1 507 1 862 1 394 1 381 1 400 1
33 6 29 440 1 175 1 439 2 287 1 296 2 317 1 243 1 291 1 293 2 434 1 280 1 301 1 51 1 53 1 489 1 20 1 242 1 295 1 529 1 26 1 179 1 125 1 407 1 229 1 289 1 299 1 221 1 448 1 867 1
76 16 15 105 1 118 1 236 1 130 1 267 1 218 1 133 1 273 1 279 1 283 1 297 1 704 1 34 1 42 1 123 1
90 20 6 142 1 25 1 115 1 59 1 121 1 471 1
9 2 9 129 1 21 1 88 1 23 2 186 1 31 1 111 1 203 1 509 1
18 4 7 37 1 845 2 694 1 21 1 88 1 187 1 256 1
//IdTournes NbColis
14 6
//IdColis IdCommandeInColis NbProducts IdProd1 QtyProd1 IdProd2 QtyProd2 ...
55 12 12 21 1 23 1 86 1 85 2 442 1 356 1 591 1 212 2 286 2 345 1 419 1 411 1
61 13 16 31 1 111 1 85 2 327 1 854 1 247 1 267 1 212 1 325 1 329 1 341 1 106 1 92 1 237 1 338 1 22 1
87 19 16 21 1 88 1 166 1 98 1 426 1 247 1 92 1 418 1 283 1 665 1 24 1 144 1 77 1 147 1 42 1 162 1
119 28 29 473 1 240 1 250 2 347 1 304 1 525 1 658 1 292 1 358 1 245 1 284 1 22 1 421 1 480 1 800 1 481 2 487 1 320 1 486 1 477 1 482 1 490 1 492 1 381 1 393 1 580 1 400 1 584 1 621 1
35 7 12 23 1 87 1 31 1 85 2 547 1 488 2 267 1 498 1 442 1 298 1 511 1 329 1
114 27 15 121 1 792 1 165 1 346 1 657 1 247 1 349 1 212 1 331 1 447 1 506 1 496 1 283 1 106 1 351 1
//IdTournes NbColis
15 6
//IdColis IdCommandeInColis NbProducts IdProd1 QtyProd1 IdProd2 QtyProd2 ...
84 18 10 25 1 47 1 129 1 558 1 657 1 212 1 650 1 92 1 283 1 246 1
53 11 22 448 1 532 1 245 1 395 1 509 1 72 1 56 1 93 1 94 1 383 1 575 1 378 1 612 1 570 2 574 2 405 2 388 1 381 1 393 1 400 1 396 1 576 1
56 12 22 419 1 418 1 283 1 428 1 71 1 30 1 44 1 123 1 96 1 131 1 135 1 136 1 99 1 139 1 172 1 251 1 261 1 408 1 431 2 315 1 472 1 616 1
149 42 27 755 1 220 1 260 1 313 1 245 1 404 1 632 1 480 1 382 1 530 2 546 1 513 1 668 1 741 1 72 1 387 1 184 1 138 1 645 1 510 1 381 2 400 1 549 1 664 1 607 2 226 1 621 1
171 55 23 59 1 165 1 190 1 98 1 267 1 817 1 283 1 355 1 332 1 225 1 737 1 815 1 818 1 519 1 78 1 678 1 72 1 120 1 56 1 486 1 364 1 556 1 523 1
49 10 33 352 1 211 1 255 1 337 1 282 1 309 1 81 1 360 1 809 1 804 1 808 1 814 1 242 1 335 1 275 1 340 1 318 1 801 1 76 1 157 1 240 2 299 2 543 1 552 1 633 1 278 1 245 1 117 1 811 1 78 1 595 1 636 1 487 1
//IdTournes NbColis
16 6
//IdColis IdCommandeInColis NbProducts IdProd1 QtyProd1 IdProd2 QtyProd2 ...
134 35 37 377 1 565 1 317 1 397 1 708 1 269 1 573 1 26 1 285 1 240 1 502 1 552 1 554 1 582 1 392 1 567 1 530 1 546 1 383 1 569 1 380 1 575 1 483 1 570 2 574 2 583 1 405 2 371 1 479 1 373 1 387 1 523 1 381 1 400 1 566 1 396 1 398 1
145 40 19 240 1 517 1 358 1 294 1 654 1 687 1 767 1 651 1 649 1 405 1 533 1 138 1 381 1 388 2 572 1 400 1 396 1 398 1 576 1
107 24 31 296 2 317 1 541 1 471 1 803 1 243 1 291 1 293 2 638 1 806 1 461 1 462 1 230 1 254 1 280 1 214 1 224 1 290 1 802 1 125 1 794 1 219 1 240 1 289 1 299 1 169 1 812 1 390 1 210 1 305 1 594 1
147 41 22 358 2 278 1 526 1 736 1 480 1 648 1 567 1 640 1 126 1 651 1 487 1 637 1 378 1 494 1 524 1 373 1 387 1 381 2 400 1 485 1 321 1 659 1
19 4 12 190 1 810 1 31 2 29 1 249 1 346 1 231 1 276 1 349 1 331 1 650 3 361 1
91 20 14 748 1 192 1 810 1 60 1 650 2 419 1 312 1 414 1 258 1 266 1 283 1 619 1 30 1 77 1
//IdTournes NbColis
17 6
//IdColis IdCommandeInColis NbProducts IdProd1 QtyProd1 IdProd2 QtyProd2 ...
115 27 25 306 1 30 1 42 1 54 1 123 1 791 1 99 1 359 1 600 1 363 1 277 1 296 2 541 2 243 1 291 1 293 2 796 1 653 1 280 1 737 1 489 1 275 1 376 1 529 1 788 1
2 1 8 47 1 129 1 185 1 165 1 186 1 31 1 151 1 717 1
23 4 36 299 1 543 1 385 2 778 1 869 1 292 1 305 1 313 1 614 1 278 1 469 1 264 1 557 1 519 1 521 4 395 1 676 2 582 2 294 1 392 1 404 1 800 1 382 1 32 1 126 1 610 1 651 1 666 1 370 1 507 1 637 1 486 1 380 4 612 1 378 1 495 1
38 7 41 385 1 577 1 532 1 390 1 305 1 245 2 284 2 476 1 437 1 669 1 43 1 770 1 392 1 667 1 832 1 811 1 602 1 32 1 509 1 835 1 663 1 666 1 838 1 82 1 320 1 681 1 670 1 380 1 494 1 524 1 477 1 371 2 384 1 617 1 394 1 533 2 510 1 388 1 549 1 515 2 584 1
60 13 8 47 1 164 1 91 1 79 1 86 1 201 1 31 1 126 1
93 21 11 164 1 116 1 31 2 276 1 130 1 847 1 267 2 286 1 453 1 454 1 724 1
//IdTournes NbColis
18 6
//IdColis IdCommandeInColis NbProducts IdProd1 QtyProd1 IdProd2 QtyProd2 ...
140 38 19 50 1 31 1 426 1 100 1 222 1 506 1 297 1 266 1 174 1 46 1 54 1 99 1 601 1 351 1 551 1 339 1 277 1 726 1 490 1
106 24 19 805 1 166 1 60 1 356 1 286 1 283 1 316 1 33 1 46 1 54 1 813 1 209 1 227 1 274 2 281 1 288 1 315 1 233 1 624 1
82 17 33 432 1 367 1 449 1 227 1 274 1 463 1 441 1 230 2 752 1 223 1 275 1 343 1 290 1 295 1 318 1 354 1 107 1 108 1 385 1 313 1 526 1 245 1 674 2 395 1 519 2 43 1 117 1 770 1 682 1 382 2 733 1 93 1 369 1
92 20 22 541 1 641 1 235 1 814 1 35 1 354 1 639 1 292 1 603 1 655 2 656 1 487 1 94 1 642 1 406 1 384 1 617 1 533 1 645 1 381 1 647 1 478 1
116 27 30 318 1 446 1 35 1 240 1 347 1 354 2 304 1 543 1 581 1 658 1 358 1 629 1 592 1 521 1 205 1 324 1 606 1 652 1 660 2 483 1 378 1 583 1 405 1 364 1 533 1 381 2 400 1 226 1 485 1 396 2
126 31 25 57 1 242 1 531 1 275 1 536 1 35 1 289 1 299 1 229 1 385 1 525 1 532 1 526 1 245 2 521 1 527 1 535 1 494 1 405 1 512 1 523 1 184 1 510 1 381 1 515 2
//IdTournes NbColis
19 6
//IdColis IdCommandeInColis NbProducts IdProd1 QtyProd1 IdProd2 QtyProd2 ...
125 31 20 115 1 247 1 283 1 357 1 42 1 48 1 123 1 136 1 99 1 202 1 141 1 816 1 211 1 277 2 505 1 334 1 180 1 504 1 301 1 78 1
17 4 6 59 1 91 2 36 1 37 1 194 1 745 1
65 14 6 115 2 91 1 36 1 112 1 186 1 676 1
173 56 9 36 1 283 1 42 1 46 1 696 1 301 1 289 1 299 1 494 1
137 36 30 173 1 302 1 793 1 752 1 110 1 242 1 794 1 577 1 581 1 403 1 795 1 395 1 548 1 391 1 692 1 789 1 94 1 383 1 569 1 380 1 559 1 371 1 512 1 556 1 568 1 381 1 572 1 400 1 226 1 576 1
139 37 12 318 1 269 1 240 1 714 1 610 1 93 1 380 2 628 1 477 1 510 1 381 1 400 1
//IdTournes NbColis
20 6
//IdColis IdCommandeInColis NbProducts IdProd1 QtyProd1 IdProd2 QtyProd2 ...
96 21 33 149 1 825 1 260 1 333 1 503 1 217 1 264 2 521 2 528 1 676 1 353 1 146 1 518 1 509 1 527 1 620 1 120 2 507 1 673 1 383 1 494 1 583 2 371 1 387 1 482 1 533 2 510 1 381 1 522 1 515 1 566 1 576 1 621 1
72 15 11 116 1 121 1 98 1 703 2 85 2 346 1 348 1 356 1 212 1 222 1 230 1
108 24 13 358 1 117 1 634 2 41 1 248 1 368 2 635 1 636 1 371 1 373 1 643 1 381 1 400 1
54 12 7 115 1 846 1 52 1 773 1 750 1 170 1 408 1
80 17 7 115 1 47 1 164 1 59 1 203 1 267 1 268 1
94 21 22 455 1 341 1 436 1 362 1 506 1 520 1 266 1 273 1 237 1 147 1 42 1 54 1 96 1 136 1 99 1 141 1 251 1 262 1 227 1 270 1 339 1 723 1
//IdTournes NbColis
21 6
//IdColis IdCommandeInColis NbProducts IdProd1 QtyProd1 IdProd2 QtyProd2 ...
174 57 21 47 1 703 1 283 1 42 1 46 1 54 2 99 1 753 1 466 1 317 1 308 1 434 1 310 1 302 1 224 2 221 1 278 1 519 1 745 1 93 1 132 2
34 6 23 448 1 861 1 385 1 358 1 45 1 43 1 864 1 150 1 870 1 866 1 780 1 120 1 56 1 487 1 524 1 495 1 184 1 138 1 379 1 387 1 533 1 396 2 621 1
109 25 22 241 1 276 1 247 1 267 1 286 1 283 1 311 1 316 1 252 1 306 1 46 1 54 1 696 1 99 1 200 1 246 1 251 1 211 1 227 1 230 1 51 1 574 1
70 14 34 403 1 385 1 176 1 824 3 825 1 421 1 562 1 602 1 183 1 821 1 527 1 610 1 546 1 561 1 513 1 678 1 178 1 182 1 722 1 369 1 372 1 673 1 137 1 524 2 371 1 387 1 394 1 671 1 680 1 533 3 510 1 388 1 515 1 576 2
124 30 26 516 1 315 1 475 1 397 1 308 1 514 2 462 1 497 1 323 1 347 1 354 1 250 1 517 2 305 1 245 1 519 1 392 1 798 1 787 1 534 1 530 1 381 1 522 1 400 1 508 1 396 1
105 23 27 313 2 633 1 217 1 404 1 150 1 632 1 656 1 534 1 738 1 746 1 654 1 631 1 530 1 745 1 120 1 56 1 575 1 378 1 399 1 366 1 384 1 387 2 184 1 381 2 400 1 607 2 396 1
//IdTournes NbColis
22 6
//IdColis IdCommandeInColis NbProducts IdProd1 QtyProd1 IdProd2 QtyProd2 ...
31 6 5 47 2 185 1 50 1 188 1 425 1
66 14 8 88 2 187 1 98 1 327 1 203 1 558 3 488 3 567 1
26 5 12 50 1 52 1 773 1 750 1 100 1 457 1 279 1 283 1 474 1 92 1 49 1 460 1
176 58 11 356 1 341 1 283 1 827 1 514 1 310 1 737 1 333 1 557 1 492 1 381 1
41 8 32 60 1 244 1 212 1 279 1 54 1 95 1 246 1 432 1 505 1 434 1 441 1 849 1 275 1 644 1 531 1 285 1 354 1 819 1 221 1 734 1 554 1 476 1 215 1 853 1 835 1 546 1 369 1 533 1 381 1 388 1 400 1 576 1
120 29 15 91 2 488 1 267 1 356 1 279 1 54 1 122 1 99 1 698 1 774 1 493 1 239 1 466 1 339 1 287 1
//IdTournes NbColis
23 6
//IdColis IdCommandeInColis NbProducts IdProd1 QtyProd1 IdProd2 QtyProd2 ...
177 59 29 346 1 283 1 54 2 227 1 270 1 274 1 429 1 277 2 785 1 375 1 828 1 434 1 302 1 275 1 531 1 156 1 519 1 521 1 676 1 546 1 668 1 380 2 830 1 381 2 572 1 400 1 831 1 566 1 711 1
15 3 34 397 1 57 1 58 1 326 1 224 1 269 1 340 1 343 1 376 1 389 1 240 1 289 1 299 1 304 1 401 1 313 1 245 1 395 1 392 1 322 1 368 1 391 1 56 1 380 2 378 1 399 1 406 1 394 1 381 1 388 1 393 1 400 1 396 1 398 1
95 21 26 339 1 282 1 500 1 342 1 377 1 445 1 452 1 470 1 301 1 302 2 808 1 793 1 752 1 323 1 242 2 335 1 275 6 295 1 742 1 644 1 157 1 125 1 299 1 169 1 403 1 821 1
51 11 13 97 1 91 1 703 1 427 1 426 1 348 1 100 1 412 1 436 1 447 1 92 1 279 1 527 1
103 23 15 748 1 756 1 212 1 222 1 271 2 312 1 506 2 266 1 297 1 311 1 314 1 92 1 357 1 704 1 309 1
83 17 20 93 1 94 1 675 1 677 1 380 1 483 2 406 1 138 1 379 1 394 1 533 1 479 1 384 1 645 1 393 2 522 1 683 1 396 1 659 1 584 1
//IdTournes NbColis
24 6
//IdColis IdCommandeInColis NbProducts IdProd1 QtyProd1 IdProd2 QtyProd2 ...
110 25 29 223 1 242 1 295 1 319 1 529 1 125 1 265 1 304 1 784 1 401 2 552 1 829 1 245 1 284 1 395 2 528 1 676 1 582 1 682 1 663 1 725 1 320 1 575 1 405 2 381 1 400 1 321 1 396 1 576 1
50 10 15 701 1 673 1 677 1 495 1 583 1 184 1 191 1 138 1 371 1 373 1 384 2 381 1 388 2 400 1 576 2
74 15 31 330 1 852 1 529 2 531 2 385 1 778 1 526 2 253 1 865 1 678 1 370 1 132 1 369 2 673 1 383 1 637 1 494 1 524 1 495 1 406 1 365 1 371 1 374 1 384 1 387 1 617 1 523 2 568 1 394 1 388 3 522 1
24 4 10 611 1 406 2 191 1 387 2 512 1 596 1 522 1 659 1 576 1 584 1
22 4 27 296 1 785 2 291 2 293 2 685 1 841 1 420 1 310 1 461 1 868 1 230 1 280 1 302 1 489 2 259 1 343 1 290 1 295 3 553 1 529 1 531 1 219 1 560 1 229 1 240 1 285 1 502 1
21 4 21 140 1 202 1 823 1 589 2 261 3 262 1 211 1 234 2 255 1 270 1 274 1 339 1 342 1 501 1 600 1 377 1 225 1 287 1 309 1 317 1 296 1
//IdTournes NbColis
25 2
//IdColis IdCommandeInColis NbProducts IdProd1 QtyProd1 IdProd2 QtyProd2 ...
130 33 14 224 1 269 1 240 1 265 1 313 1 210 1 552 1 476 2 545 1 571 1 364 1 381 1 580 1 400 1
143 39 21 240 1 285 1 586 1 467 1 358 1 313 1 592 1 519 1 421 1 483 1 378 1 494 1 479 1 387 1 568 1 627 1 533 1 381 2 400 1 321 2 398 2
