//NbTournees
12
//IdTournes NbColis
1 6
//IdColis IdCommandeInColis NbProducts IdProd1 QtyProd1 IdProd2 QtyProd2 ...
51 6 10 8 11 46 6 41 18 10 11 43 9 264 5 2 13 42 2 167 1 177 1
33 4 11 24 2 31 5 8 12 46 6 41 17 265 8 10 10 219 4 28 8 43 1 117 1
43 5 20 41 4 265 6 10 11 43 10 2 13 77 8 18 9 167 2 168 2 117 2 159 4 174 2 172 4 165 4 185 2 169 4 157 2 198 4 140 4 171 1
68 8 31 46 2 41 12 265 5 10 7 43 7 2 8 77 5 168 1 159 2 258 1 262 1 215 1 152 4 205 1 255 1 174 1 210 3 211 2 213 1 244 1 172 2 165 2 157 1 158 1 247 2 169 2 201 3 198 3 229 2 171 1 177 3
5 1 16 136 4 75 4 15 2 4 3 11 2 12 2 13 3 14 2 30 4 33 3 32 2 161 7 6 4 26 5 29 1 3 1
6 1 14 29 2 1 3 48 5 3 3 70 4 243 3 56 4 65 8 31 4 8 10 46 5 41 14 10 1 80 1
//IdTournes NbColis
2 6
//IdColis IdCommandeInColis NbProducts IdProd1 QtyProd1 IdProd2 QtyProd2 ...
7 1 26 10 6 51 2 219 5 43 8 2 10 77 6 167 2 216 1 168 2 117 1 176 2 159 4 152 4 174 2 148 8 165 4 172 4 244 2 169 4 157 2 158 2 247 4 198 3 229 2 171 2 177 6
14 2 13 3 4 70 4 19 2 56 4 65 8 31 4 138 1 20 6 8 10 46 5 41 14 10 5 167 1
15 2 39 10 4 43 8 2 9 18 4 77 6 167 1 242 1 128 2 168 2 117 1 199 1 153 2 159 4 176 4 154 1 152 3 178 1 189 1 190 1 174 2 194 1 165 4 184 1 179 1 172 4 248 3 244 2 182 1 157 2 158 2 169 4 247 4 198 3 229 2 129 5 140 3 171 2 193 3 177 4
24 3 10 39 3 3 6 70 6 23 9 82 4 83 7 19 5 24 5 56 6 8 11
25 3 8 8 3 46 8 41 20 10 13 43 12 2 14 77 6 171 1
32 4 15 30 3 33 3 32 2 139 6 26 6 29 3 6 5 39 6 1 3 22 2 70 5 3 5 56 5 19 3 24 1
//IdTournes NbColis
3 6
//IdColis IdCommandeInColis NbProducts IdProd1 QtyProd1 IdProd2 QtyProd2 ...
42 5 11 39 1 1 3 22 5 70 5 3 5 56 4 19 4 24 4 8 13 46 6 41 14
50 6 15 32 1 139 6 29 4 26 6 6 5 39 6 1 3 22 5 70 5 3 5 56 4 19 4 24 4 8 2 158 1
59 7 15 1 2 70 4 3 4 56 4 19 3 24 2 47 2 31 4 138 1 8 10 46 5 41 14 10 9 43 3 167 1
67 8 20 32 1 110 1 161 4 250 4 256 7 261 2 26 4 29 2 6 3 39 4 1 2 70 3 3 3 56 3 19 2 24 2 31 3 8 8 46 2 171 1
76 9 29 161 1 29 3 6 4 26 5 48 5 192 1 1 2 70 4 3 4 56 1 31 2 8 4 46 2 41 5 10 4 43 3 2 5 126 1 127 1 77 3 167 1 242 1 128 1 168 2 117 1 199 1 176 4 153 2 189 1
11 2 18 144 1 160 1 137 1 249 1 49 2 21 1 45 1 35 2 36 1 62 1 102 2 151 1 156 1 50 2 16 1 72 1 166 3 4 1
//IdTournes NbColis
4 6
//IdColis IdCommandeInColis NbProducts IdProd1 QtyProd1 IdProd2 QtyProd2 ...
2 1 16 245 1 246 1 170 1 162 1 17 1 9 1 27 1 79 1 37 1 71 1 40 1 73 2 119 1 142 2 34 1 177 1
10 2 16 245 1 246 1 162 1 170 1 17 1 27 1 9 1 37 1 40 1 71 1 73 1 142 2 143 1 155 2 34 1 177 1
17 3 5 164 4 163 1 234 1 17 1 25 1
28 4 11 163 1 234 1 245 1 246 1 164 1 17 1 9 1 27 1 37 1 59 1 11 1
37 5 8 246 1 188 2 231 1 187 2 230 2 162 1 17 1 11 1
46 6 15 164 2 162 1 170 1 17 1 37 1 38 1 40 1 27 1 44 1 9 1 71 1 73 2 142 2 34 1 177 1
//IdTournes NbColis
5 6
//IdColis IdCommandeInColis NbProducts IdProd1 QtyProd1 IdProd2 QtyProd2 ...
54 7 7 164 2 183 1 163 1 234 1 245 1 17 1 11 1
63 8 5 183 1 164 4 246 1 17 1 33 1
71 9 14 164 2 162 1 230 1 170 1 64 1 17 1 37 1 59 1 60 1 40 1 61 1 71 1 86 2 177 2
9 2 7 163 1 164 2 183 1 234 1 245 1 64 1 19 1
13 2 20 63 1 103 1 91 1 15 2 4 1 11 2 12 3 13 3 14 2 30 4 33 3 32 2 139 5 161 1 6 4 29 3 26 5 1 3 48 5 2 1
23 3 10 139 2 256 10 263 12 6 6 26 8 29 5 1 4 22 6 39 3 168 1
//IdTournes NbColis
6 6
//IdColis IdCommandeInColis NbProducts IdProd1 QtyProd1 IdProd2 QtyProd2 ...
58 7 17 135 2 180 2 15 2 11 1 12 3 30 4 33 3 4 3 13 3 14 2 32 2 139 6 29 3 26 5 6 4 48 5 1 1
34 4 18 43 9 2 11 267 12 77 7 128 1 117 1 159 4 116 7 244 2 165 4 157 2 158 2 247 4 198 4 229 4 129 10 145 1 140 4
60 7 29 43 5 2 10 77 6 197 8 167 1 242 1 168 2 128 1 199 1 153 1 159 4 178 2 174 2 179 1 172 4 165 4 184 1 196 3 244 2 182 1 169 4 157 2 158 2 247 4 181 3 198 3 229 2 129 10 171 2
4 1 11 166 5 118 1 5 1 7 1 34 4 74 1 100 3 104 6 105 1 96 4 136 1
12 2 16 166 2 5 1 7 1 34 2 74 1 99 3 100 2 101 1 104 4 105 1 96 2 150 1 108 1 136 4 58 1 4 1
20 3 14 144 2 137 1 155 2 160 2 115 2 16 1 72 1 114 2 166 9 227 1 5 1 7 1 167 1 177 1
//IdTournes NbColis
7 6
//IdColis IdCommandeInColis NbProducts IdProd1 QtyProd1 IdProd2 QtyProd2 ...
30 4 15 266 1 72 1 94 1 146 1 166 7 7 1 5 1 93 1 95 1 222 1 34 4 74 1 96 3 104 1 147 1
39 5 14 160 2 76 2 16 1 72 1 133 1 166 9 118 1 7 1 5 1 112 1 141 1 200 1 34 4 12 1
48 6 14 166 4 227 1 254 1 5 1 7 1 93 2 141 1 34 3 97 1 74 1 96 3 104 5 100 2 177 1
56 7 18 155 1 144 1 160 1 223 1 69 1 66 1 76 1 72 1 16 1 67 1 132 1 133 1 166 9 5 1 7 1 68 1 200 1 117 1
65 8 17 45 1 109 2 72 1 16 1 54 1 55 1 166 8 5 1 7 1 207 1 34 3 74 1 100 2 108 1 104 2 53 1 253 1
74 9 12 236 1 166 10 5 1 7 1 89 2 141 1 34 4 74 1 100 3 108 1 104 2 138 1
//IdTournes NbColis
8 6
//IdColis IdCommandeInColis NbProducts IdProd1 QtyProd1 IdProd2 QtyProd2 ...
75 9 22 104 3 96 3 136 4 58 1 63 1 91 1 191 1 15 2 220 1 33 2 30 4 4 2 11 2 12 3 13 2 14 2 241 1 239 1 32 2 161 5 167 1 177 1
41 5 13 186 3 11 2 12 3 13 3 14 3 30 5 33 3 32 3 139 7 26 6 29 4 6 5 39 5
18 3 5 234 1 245 3 246 2 9 1 15 1
19 3 15 183 1 232 1 251 1 9 1 27 2 40 1 71 1 37 1 84 2 85 1 73 2 113 1 142 2 143 2 166 1
38 5 14 170 1 9 2 27 2 37 1 40 1 73 2 71 1 142 2 143 2 144 2 119 1 137 1 155 2 166 1
55 7 16 245 1 246 1 170 1 162 1 27 1 9 1 37 1 40 1 71 1 73 1 131 1 137 1 142 2 143 1 155 1 166 1
//IdTournes NbColis
9 6
//IdColis IdCommandeInColis NbProducts IdProd1 QtyProd1 IdProd2 QtyProd2 ...
64 8 20 246 1 259 1 251 1 37 1 40 1 73 1 106 1 71 1 142 1 143 1 209 1 155 1 144 1 137 1 160 1 252 1 9 1 27 1 35 1 208 1
73 9 19 9 1 49 2 90 2 195 1 35 1 45 1 69 1 102 2 237 1 50 1 88 1 123 1 72 1 16 1 238 2 67 2 122 1 124 1 198 1
72 9 15 87 1 73 1 125 1 142 2 143 1 209 4 155 2 217 2 144 1 235 2 137 1 240 1 160 1 27 1 177 1
3 1 18 143 2 155 2 217 1 144 1 218 1 160 1 137 1 69 1 52 1 81 1 76 1 16 1 72 1 78 1 120 1 121 1 166 3 12 1
21 3 8 95 1 34 5 74 2 100 3 104 6 96 4 136 5 11 1
22 3 15 233 1 63 1 203 4 15 2 149 2 186 5 11 2 12 5 13 4 14 3 30 6 33 4 32 3 139 5 177 2
//IdTournes NbColis
10 6
//IdColis IdCommandeInColis NbProducts IdProd1 QtyProd1 IdProd2 QtyProd2 ...
29 4 16 40 1 92 1 71 1 73 2 125 1 142 2 143 2 155 2 144 1 137 1 223 2 160 1 62 2 69 1 16 1 11 1
31 4 14 104 4 105 2 100 3 147 1 136 5 58 1 91 2 103 1 221 2 15 2 12 3 13 3 14 2 30 2
49 6 16 100 1 108 1 224 1 136 4 226 1 75 3 15 3 149 6 33 3 11 3 12 4 13 3 14 3 30 5 32 2 193 1
66 8 18 104 2 96 2 136 4 214 1 180 1 15 2 257 1 260 3 33 1 30 3 11 2 12 2 13 2 14 2 212 7 111 5 32 1 167 1
40 5 10 74 2 105 1 96 3 104 5 100 3 136 5 63 1 75 4 135 1 15 3
47 6 16 144 1 143 2 137 1 155 2 160 1 217 1 35 1 36 2 45 1 69 1 16 1 72 1 98 2 121 1 166 6 43 1
//IdTournes NbColis
11 6
//IdColis IdCommandeInColis NbProducts IdProd1 QtyProd1 IdProd2 QtyProd2 ...
70 9 7 183 1 163 1 234 1 245 2 246 1 57 1 56 1
57 7 8 34 4 74 1 100 3 104 5 96 3 136 5 75 3 134 3
52 6 23 42 1 77 8 167 1 168 2 117 1 159 4 176 4 174 2 148 11 244 2 172 4 165 4 228 4 158 1 157 2 247 4 169 4 198 4 229 4 130 5 193 3 171 4 177 4
1 1 7 164 2 173 1 175 1 163 1 245 1 64 1 243 1
36 5 6 183 1 163 1 164 2 245 2 64 1 56 1
45 6 7 163 1 234 1 245 2 183 1 246 1 225 1 56 1
//IdTournes NbColis
12 4
//IdColis IdCommandeInColis NbProducts IdProd1 QtyProd1 IdProd2 QtyProd2 ...
62 8 5 163 1 234 2 245 3 107 1 56 1
26 3 30 77 3 197 4 167 1 168 1 117 2 153 1 159 4 176 4 116 10 202 3 205 3 174 2 165 4 244 2 179 1 172 4 169 4 206 4 158 2 157 2 247 4 201 5 198 4 229 4 129 7 140 4 204 1 171 3 193 3 177 4
77 9 23 159 4 152 4 178 1 190 1 174 2 194 1 184 1 179 1 172 4 165 4 244 2 182 1 169 4 157 2 158 2 247 4 198 2 229 2 129 10 130 5 171 2 193 3 177 1
44 5 1 171 3
