//NbTournees
4
//IdTournes NbColis
1 6
//IdColis IdCommandeInColis NbProducts IdProd1 QtyProd1 IdProd2 QtyProd2 ...
9 3 23 162 1 147 1 31 2 100 1 166 1 85 1 91 1 97 1 167 1 37 1 39 1 12 2 13 2 86 1 111 1 152 1 75 3 30 1 38 2 53 1 42 1 54 1 65 1
6 2 26 147 1 55 1 154 1 129 1 92 1 137 1 95 1 160 1 12 2 13 2 37 2 39 2 78 1 156 1 76 1 75 3 30 1 38 1 42 1 43 1 36 1 65 1 46 5 20 3 47 3 14 1
23 6 19 107 1 133 1 134 1 141 1 143 2 31 1 179 1 129 1 131 1 56 1 120 1 137 1 138 2 140 1 150 1 163 1 95 1 171 1 46 1
13 4 18 137 1 138 2 140 2 76 1 81 1 111 1 126 1 130 1 57 1 75 3 145 1 38 1 30 2 101 2 116 3 164 2 146 2 6 1
19 5 26 117 1 192 1 57 1 75 4 145 1 30 2 38 1 101 2 185 1 116 3 164 2 40 1 42 3 43 2 146 2 151 2 63 1 3 1 62 1 46 4 182 1 187 1 186 1 184 1 32 1 193 1
10 3 10 65 1 58 1 46 4 29 1 169 1 6 1 32 2 34 3 48 3 15 1
//IdTournes NbColis
2 6
//IdColis IdCommandeInColis NbProducts IdProd1 QtyProd1 IdProd2 QtyProd2 ...
17 5 13 158 1 142 2 165 1 144 1 107 2 118 1 133 3 141 1 143 2 135 1 109 1 125 1 59 1
24 6 27 84 1 76 1 60 1 82 1 75 3 145 1 30 3 38 2 173 1 101 1 18 1 116 3 164 2 40 1 42 3 43 2 174 1 146 2 151 1 170 1 65 1 62 1 46 4 168 1 172 1 32 3 178 1
22 6 14 94 1 99 1 110 2 128 1 136 2 139 1 142 2 144 1 147 1 161 1 67 1 61 1 100 2 133 1
4 1 11 146 2 151 1 51 1 65 1 3 1 46 5 1 1 11 1 6 1 32 3 52 1
14 4 6 151 2 175 1 65 1 46 6 177 1 32 2
15 5 13 41 1 35 1 44 1 45 1 25 1 33 1 64 1 70 2 73 1 79 3 108 2 90 2 100 1
//IdTournes NbColis
3 6
//IdColis IdCommandeInColis NbProducts IdProd1 QtyProd1 IdProd2 QtyProd2 ...
5 2 18 26 1 28 1 50 1 9 1 66 1 69 1 73 1 74 1 79 2 90 2 98 1 110 2 115 1 153 1 136 1 159 1 105 1 15 1
12 4 16 110 1 128 1 136 2 147 1 148 1 68 1 72 1 107 1 132 1 133 2 143 2 141 1 149 1 105 1 36 1 15 1
11 4 15 27 1 41 1 176 1 35 1 44 1 45 1 25 1 33 1 70 2 88 1 93 1 99 1 102 1 71 1 15 1
3 1 23 109 1 124 1 137 1 138 2 140 2 4 1 76 1 81 1 75 3 145 1 23 1 30 2 38 1 101 1 18 1 116 3 164 2 42 1 43 1 36 1 10 1 17 1 7 1
18 5 20 125 1 137 1 163 3 138 2 188 1 189 1 190 1 106 2 95 1 121 2 105 2 180 1 76 1 77 1 119 1 183 1 82 1 192 1 46 1 191 1
1 1 15 49 1 35 1 41 1 25 1 33 1 44 1 45 1 79 2 87 1 90 2 94 1 98 1 99 1 102 1 5 1
//IdTournes NbColis
4 6
//IdColis IdCommandeInColis NbProducts IdProd1 QtyProd1 IdProd2 QtyProd2 ...
21 6 15 41 1 35 1 44 1 45 1 25 1 33 1 79 2 80 1 83 1 102 1 103 1 104 1 90 2 93 1 98 1
8 3 17 27 1 176 1 89 1 93 2 96 1 99 1 102 1 110 1 113 1 114 1 127 1 128 1 155 1 136 2 157 1 112 1 46 1
16 5 10 90 1 94 1 98 2 99 2 110 3 127 1 128 3 147 1 136 3 181 1
2 1 14 110 3 122 1 123 1 128 1 136 2 144 1 147 1 107 1 133 2 143 2 141 1 109 1 24 1 2 1
7 2 9 22 2 21 1 8 1 19 1 16 1 32 3 34 3 48 3 15 1
20 5 1 193 1
