//NbTournees
42
//IdTournes NbColis
1 6
//IdColis IdCommandeInColis NbProducts IdProd1 QtyProd1 IdProd2 QtyProd2 ...
2 1 22 17 1 31 2 32 1 36 1 45 1 1 1 47 1 49 1 215 1 144 1 469 1 167 1 344 1 171 1 195 1 196 1 187 1 224 1 430 1 214 1 232 1 189 2
5 2 12 14 1 12 1 143 1 154 1 21 1 152 2 150 2 2 1 11 2 15 1 30 1 205 1
83 22 17 561 1 582 1 143 1 399 1 152 2 129 1 150 1 180 1 578 1 587 1 1 1 579 1 583 1 591 1 161 1 172 1 148 1
98 27 17 567 1 103 1 154 1 566 1 153 1 193 1 149 2 180 2 147 1 158 1 1 1 571 1 140 1 161 1 131 1 202 1 253 1
119 35 15 12 1 16 1 143 1 152 2 426 1 141 1 279 1 150 2 280 1 180 1 1 1 140 1 291 1 144 1 288 1
125 37 19 194 1 153 1 155 1 339 1 60 1 74 2 118 1 76 1 79 1 585 1 1 1 594 1 595 1 165 1 433 1 309 1 166 1 145 1 589 1
//IdTournes NbColis
2 6
//IdColis IdCommandeInColis NbProducts IdProd1 QtyProd1 IdProd2 QtyProd2 ...
134 40 14 12 1 561 1 217 1 143 1 341 1 152 2 500 1 156 1 180 1 323 1 385 2 158 1 1 1 560 1
141 42 23 138 1 155 1 185 1 231 1 158 1 1 1 275 1 157 1 165 1 187 1 195 1 196 1 5 1 24 1 43 3 570 1 109 1 225 1 192 1 208 2 537 1 252 1 348 1
146 44 19 194 1 149 1 231 1 60 1 74 2 118 1 76 1 79 1 1 1 166 1 145 1 171 1 187 1 195 1 196 1 135 1 189 1 192 1 255 2
172 54 17 170 1 153 1 393 1 243 1 263 1 141 1 156 2 158 1 17 1 31 2 32 1 36 1 45 1 1 1 593 1 429 1 278 1
188 58 28 1 1 15 1 157 1 398 1 285 1 394 1 144 1 469 1 344 1 316 1 171 1 195 1 196 1 187 1 430 1 297 2 496 1 249 1 211 1 189 2 192 1 386 1 432 1 293 1 201 1 460 1 226 3 451 1
194 60 20 143 1 153 1 141 1 156 1 323 1 180 2 385 1 147 1 158 1 1 1 562 1 15 1 140 1 406 1 157 1 161 1 172 1 463 1 139 1 144 2
//IdTournes NbColis
3 6
//IdColis IdCommandeInColis NbProducts IdProd1 QtyProd1 IdProd2 QtyProd2 ...
220 69 26 153 1 434 1 149 1 156 1 435 1 329 1 57 1 2 1 623 1 627 1 628 1 140 1 161 1 172 1 203 1 233 1 344 1 365 1 171 1 187 1 195 1 196 1 5 1 619 1 24 1 610 1
275 88 22 194 1 60 1 74 2 118 1 76 1 79 1 1 1 2 1 47 1 204 1 166 1 145 1 186 1 171 1 195 1 196 1 224 1 214 1 225 1 192 1 304 1 255 2
277 89 20 14 1 596 1 158 1 1 1 598 1 481 1 187 1 195 1 196 1 5 2 581 1 24 1 584 1 41 3 50 1 54 1 189 2 192 1 252 1 208 1
291 96 5 749 1 753 2 522 1 1 1 632 1
231 73 20 596 1 153 2 155 1 149 2 280 2 185 2 292 1 158 1 275 1 504 1 144 1 317 1 469 1 344 1 171 1 187 1 195 1 196 1 603 1 447 1
152 46 13 198 1 173 1 181 1 625 1 258 2 210 1 207 1 618 1 363 1 604 1 612 2 615 1 40 2
//IdTournes NbColis
4 6
//IdColis IdCommandeInColis NbProducts IdProd1 QtyProd1 IdProd2 QtyProd2 ...
11 3 27 167 2 244 1 365 1 316 1 171 1 196 1 187 1 195 1 5 2 24 1 41 3 50 2 54 1 222 1 189 2 192 1 297 2 249 1 708 1 211 1 3 1 4 1 9 1 27 1 201 1 460 1 505 1
15 4 31 171 1 187 1 195 1 196 1 5 1 7 2 18 1 19 1 24 1 41 2 50 1 54 1 55 1 590 1 44 1 189 1 192 1 211 1 252 1 208 2 3 1 25 2 29 1 34 1 51 1 589 1 432 1 747 1 212 1 175 1 206 1
205 64 19 194 1 287 1 629 1 155 1 141 1 149 1 185 2 158 1 60 1 74 2 118 1 76 1 79 1 605 1 15 1 613 1 275 1 219 1 245 1
232 73 35 5 2 616 1 24 1 41 2 50 1 54 1 430 2 225 2 192 1 239 2 502 1 295 1 432 1 175 3 201 1 191 1 198 1 173 1 181 1 624 1 451 1 247 1 457 1 248 1 606 1 28 1 446 1 452 1 240 1 346 1 448 1 450 1 533 1 245 1 519 1
102 28 30 131 1 215 1 144 1 607 1 469 1 167 2 344 1 171 1 195 1 196 1 187 1 224 1 430 1 222 1 239 2 249 1 211 1 189 2 192 1 331 1 502 1 609 1 295 1 432 1 223 1 201 1 228 1 179 1 219 1 245 1
229 72 37 570 1 109 1 491 1 430 1 189 1 225 1 192 1 632 1 348 1 502 2 295 1 432 1 175 3 201 1 191 1 178 3 445 1 198 1 173 1 181 1 608 1 478 1 453 1 247 1 457 1 248 1 620 1 367 1 446 1 452 1 240 3 346 1 447 1 448 1 450 1 533 1 245 1
//IdTournes NbColis
5 6
//IdColis IdCommandeInColis NbProducts IdProd1 QtyProd1 IdProd2 QtyProd2 ...
6 2 25 33 1 627 1 161 1 327 1 139 1 144 1 509 1 546 1 35 1 171 1 187 1 195 1 196 1 5 2 24 1 41 3 50 2 54 1 430 1 409 1 189 2 192 1 414 1 297 2 432 1
17 5 26 153 1 155 1 149 2 185 1 52 1 187 1 195 1 196 1 5 1 24 1 41 2 50 1 54 1 352 1 225 1 192 1 297 2 249 1 211 1 175 2 197 1 201 1 305 1 159 1 178 2 207 1
22 6 27 497 1 309 1 139 1 320 1 244 2 195 1 196 1 187 1 5 1 7 2 18 1 19 1 24 1 41 1 43 2 590 1 50 1 109 1 55 1 252 1 208 2 211 1 189 1 192 1 25 3 29 1 246 1
28 7 28 264 1 121 1 171 1 187 1 195 1 196 1 5 1 7 2 18 1 19 1 64 1 24 1 67 1 41 3 50 1 54 1 55 1 590 1 535 1 189 1 192 1 239 2 249 1 211 1 25 3 29 1 34 1 242 1
31 8 14 71 1 243 1 263 1 17 1 31 2 32 1 36 1 45 1 11 1 47 1 429 1 433 2 264 2 5 1
35 9 26 264 2 429 1 433 2 325 1 315 1 171 1 187 1 195 1 196 1 5 1 7 2 18 1 19 1 24 1 41 3 55 1 590 1 50 1 54 1 189 1 192 1 331 1 211 1 252 1 208 2 89 1
//IdTournes NbColis
6 6
//IdColis IdCommandeInColis NbProducts IdProd1 QtyProd1 IdProd2 QtyProd2 ...
39 10 24 63 1 69 1 70 1 78 1 83 1 317 1 492 1 469 2 80 1 344 1 187 1 195 1 196 1 383 1 5 2 24 1 41 3 50 2 54 1 86 1 430 1 189 2 192 1 297 1
43 11 28 196 1 5 1 7 2 18 1 19 1 65 1 24 1 43 3 55 1 590 1 570 1 109 1 391 1 162 1 168 1 189 1 192 1 255 2 252 1 66 1 25 3 29 1 34 1 589 1 51 1 226 2 201 1 68 1
47 12 18 185 1 60 1 76 1 79 1 74 2 118 1 77 1 275 1 204 1 157 1 199 1 429 1 433 2 166 1 145 1 184 1 171 1 5 1
50 13 20 62 1 104 1 281 1 158 1 275 1 172 1 166 1 145 1 169 1 186 1 195 1 196 1 5 1 24 1 41 2 50 1 109 1 214 1 190 1 192 1
52 14 24 108 1 153 1 158 1 97 1 30 1 157 1 161 1 463 2 187 1 195 1 196 1 5 1 95 1 24 1 41 3 50 1 54 1 162 2 189 1 192 1 252 1 208 2 211 1 207 1
55 15 26 180 1 52 1 157 1 638 1 131 1 144 1 492 1 557 1 469 1 233 1 229 1 344 1 187 1 195 1 196 1 5 2 90 1 24 1 41 3 50 1 54 1 430 1 189 2 192 1 297 2 240 1
//IdTournes NbColis
7 6
//IdColis IdCommandeInColis NbProducts IdProd1 QtyProd1 IdProd2 QtyProd2 ...
59 16 25 45 1 72 1 105 1 742 1 140 1 161 1 199 1 429 1 433 2 264 2 166 1 145 1 171 1 187 1 195 1 196 1 5 1 7 1 18 1 19 1 65 1 24 1 101 1 41 2 590 1
65 17 22 264 2 429 2 433 2 144 1 557 1 546 1 233 1 558 1 373 1 171 1 187 1 195 1 196 1 5 2 7 2 18 2 19 1 24 1 55 2 120 1 41 3 555 1
84 22 28 172 1 139 1 144 1 146 1 469 1 344 1 365 1 171 1 195 1 196 1 187 1 5 2 581 1 24 1 41 3 50 1 54 1 430 1 142 1 168 1 192 1 252 1 208 2 211 1 189 2 528 1 502 1 451 1
87 23 22 614 1 194 1 646 1 136 1 153 1 129 1 647 1 185 1 158 1 161 1 199 1 166 1 145 1 643 1 132 1 171 1 187 1 195 1 196 1 5 1 24 1 43 2
89 24 26 155 1 141 1 151 1 185 1 158 1 622 1 637 1 157 1 165 1 184 1 169 1 186 1 195 1 196 1 5 1 24 1 41 2 50 1 54 1 190 1 192 1 208 2 211 1 252 1 175 2 173 1
92 25 24 15 1 140 1 161 1 200 1 504 1 166 1 469 1 167 3 145 1 344 1 171 1 195 1 196 1 187 1 5 2 24 1 41 3 50 1 54 1 430 2 162 1 189 2 192 1 662 1
//IdTournes NbColis
8 6
//IdColis IdCommandeInColis NbProducts IdProd1 QtyProd1 IdProd2 QtyProd2 ...
96 26 24 509 1 546 1 171 1 187 1 195 1 196 1 5 2 95 1 24 1 672 1 652 1 41 3 50 2 54 1 189 2 192 1 252 1 208 2 175 3 191 1 201 1 486 1 178 4 525 1
99 27 32 573 1 171 1 187 1 195 1 196 1 5 1 24 1 41 3 50 1 54 1 252 1 208 2 189 1 192 1 572 1 537 1 569 2 432 1 175 1 197 1 201 1 226 1 191 1 305 1 160 1 178 1 198 1 134 1 182 1 164 1 258 1 529 1
114 33 41 5 1 430 1 142 1 189 2 192 1 232 1 297 2 249 1 295 1 432 1 201 1 251 1 674 1 265 1 198 1 513 1 574 1 6 1 102 2 372 2 545 1 564 1 451 1 253 1 247 1 457 1 248 1 38 2 296 1 511 1 681 1 446 1 452 1 521 1 301 1 240 1 346 1 447 1 448 1 450 1 257 1
117 34 25 284 1 579 1 621 1 623 1 140 1 204 1 290 1 278 1 282 1 469 1 344 1 283 1 195 1 196 1 187 1 5 2 64 1 24 1 41 3 50 1 54 1 189 2 192 1 297 2 266 1
120 35 27 546 1 273 1 184 1 344 1 424 1 171 1 195 1 196 1 187 1 5 2 24 1 41 3 588 1 50 1 54 1 214 1 297 2 249 1 537 1 211 1 189 2 192 1 201 1 226 3 228 1 486 1 372 1
123 36 25 5 2 24 1 652 1 41 3 50 1 54 1 430 1 162 2 189 2 249 2 211 1 192 1 297 2 432 1 295 1 226 3 201 1 56 1 179 3 198 1 659 1 182 1 657 1 541 1 372 1
//IdTournes NbColis
9 6
//IdColis IdCommandeInColis NbProducts IdProd1 QtyProd1 IdProd2 QtyProd2 ...
129 38 29 332 1 334 1 171 1 187 1 195 1 196 1 5 1 24 1 41 3 50 1 54 1 232 1 252 1 208 2 211 1 661 1 189 1 192 1 682 1 197 1 201 1 226 2 305 1 160 1 174 1 178 3 198 1 173 1 624 1
131 39 22 596 1 333 1 153 2 156 1 180 1 140 1 157 1 161 1 343 1 202 1 317 1 234 1 469 1 344 1 187 1 195 1 196 1 5 2 24 1 41 3 50 1 178 1
135 40 24 69 1 568 1 140 1 161 1 291 1 497 1 139 1 144 1 315 3 344 1 171 1 195 1 196 1 187 1 224 1 491 1 5 2 24 1 41 3 50 1 54 1 310 1 189 2 192 1
144 43 29 187 1 195 1 196 1 5 1 24 1 41 3 50 1 54 1 86 1 135 1 189 2 357 1 192 1 297 2 249 1 201 1 226 3 347 1 305 1 179 3 198 1 503 1 182 1 565 1 372 1 484 1 207 1 670 1 564 1
153 47 25 243 1 263 1 156 1 180 1 140 1 204 1 161 1 264 2 429 1 433 2 233 1 365 1 187 1 195 1 196 1 5 1 7 1 18 1 19 1 24 1 41 2 590 1 50 1 54 1 367 1
157 48 26 161 1 638 1 166 1 509 1 145 1 376 1 244 1 373 1 316 1 171 1 379 1 195 1 196 1 187 1 5 2 24 1 41 3 50 2 109 1 535 1 357 1 189 2 192 1 252 1 208 2 201 1
//IdTournes NbColis
10 6
//IdColis IdCommandeInColis NbProducts IdProd1 QtyProd1 IdProd2 QtyProd2 ...
160 49 24 143 1 153 1 156 1 180 1 140 1 161 1 172 2 167 1 373 1 187 1 195 1 196 1 5 1 24 1 41 3 50 1 109 1 162 1 189 2 192 1 331 1 252 1 208 2 68 1
162 50 19 641 1 143 1 644 1 152 2 193 1 270 1 156 1 81 1 385 1 522 2 140 1 469 1 167 1 187 1 195 1 196 1 224 1 5 1 179 1
168 52 24 375 1 381 1 185 2 323 1 81 1 158 1 157 2 334 1 238 1 244 1 374 1 169 1 186 1 383 1 195 1 196 1 5 1 24 1 41 3 50 1 54 1 190 1 192 1 253 1
173 54 28 433 2 552 2 172 1 215 1 282 1 395 1 166 1 400 1 145 1 390 1 171 1 187 1 195 1 196 1 5 1 7 1 18 1 19 1 24 1 41 1 590 1 50 1 109 1 55 1 189 1 252 1 208 2 206 1
176 55 20 93 1 399 1 153 1 180 2 650 1 621 2 72 1 78 1 656 1 216 1 140 1 161 1 172 1 315 1 187 1 195 1 196 1 5 2 24 1 41 2
182 56 24 552 1 546 1 397 1 344 1 186 1 195 1 196 1 5 2 7 2 18 1 19 1 24 1 43 3 590 1 570 1 109 1 55 2 225 2 192 1 304 1 255 2 502 1 25 3 29 1
//IdTournes NbColis
11 6
//IdColis IdCommandeInColis NbProducts IdProd1 QtyProd1 IdProd2 QtyProd2 ...
195 60 27 492 1 469 1 344 1 171 1 195 1 196 1 187 1 5 2 24 1 41 3 50 1 54 1 430 1 391 1 189 2 192 1 252 1 208 2 211 1 537 1 502 1 295 1 432 1 201 1 226 3 228 1 178 1
197 61 23 152 1 411 1 180 2 231 1 15 1 613 1 125 2 140 1 157 1 139 1 408 1 469 1 187 1 195 1 196 1 5 1 24 1 41 3 50 1 54 1 430 1 162 1 259 1
200 62 28 433 2 552 2 139 1 166 1 418 1 145 1 184 1 424 1 425 1 169 1 186 1 195 1 196 1 5 1 7 1 18 1 19 1 24 1 41 1 590 1 50 1 54 1 55 1 225 1 192 1 304 1 255 2 25 1
203 63 35 264 1 171 1 186 1 195 1 196 1 5 1 7 1 18 1 19 1 24 1 43 1 590 1 570 1 109 1 55 1 430 1 225 1 192 1 252 1 255 1 135 1 25 1 29 1 34 1 589 1 51 1 432 1 175 1 191 1 197 1 201 1 159 1 176 1 198 1 240 1
210 65 26 195 1 5 2 24 1 41 3 50 2 54 1 189 2 192 1 357 1 297 2 249 2 211 1 432 1 201 1 228 2 486 1 474 1 666 1 198 1 174 2 179 1 377 1 182 1 173 1 372 3 446 1
213 66 20 163 1 153 1 243 1 263 1 149 1 578 1 385 1 522 2 158 1 11 1 140 1 264 2 429 1 433 2 187 1 195 1 196 1 5 1 7 2 102 1
//IdTournes NbColis
12 6
//IdColis IdCommandeInColis NbProducts IdProd1 QtyProd1 IdProd2 QtyProd2 ...
228 72 22 596 1 153 2 155 1 442 1 185 1 158 1 275 1 157 1 165 1 144 1 443 1 469 1 244 1 344 1 171 1 187 1 195 1 196 1 5 2 24 1 43 3 451 1
235 74 25 165 1 429 1 433 2 264 2 663 1 344 1 171 1 187 1 195 1 196 1 5 1 7 2 18 1 19 1 24 1 41 3 590 1 50 1 54 1 55 1 225 1 192 1 304 1 255 2 502 1
238 75 24 596 1 636 1 281 1 151 1 593 1 275 1 144 1 469 1 643 1 344 1 169 1 186 1 195 1 196 1 5 2 24 1 41 3 50 1 54 1 430 1 225 2 192 1 252 1 208 1
241 76 19 14 1 596 1 155 1 275 1 165 1 469 1 344 1 186 1 195 1 196 1 5 2 24 1 41 3 50 1 54 1 430 1 162 2 225 2 192 1
245 77 25 358 1 161 1 172 1 543 1 144 1 244 1 344 1 171 1 187 1 195 1 196 1 5 2 24 1 41 3 50 2 54 1 535 1 142 1 189 2 249 2 211 1 661 1 192 1 297 2 531 1
249 78 29 433 1 552 1 145 1 171 1 187 1 195 1 196 1 224 1 5 1 7 1 18 1 95 1 19 1 24 1 41 2 590 1 50 1 54 1 55 1 225 1 192 1 252 1 255 2 25 2 29 1 34 1 589 1 51 1 175 2
//IdTournes NbColis
13 6
//IdColis IdCommandeInColis NbProducts IdProd1 QtyProd1 IdProd2 QtyProd2 ...
260 82 18 645 1 194 1 566 1 636 1 153 1 243 1 263 1 149 2 323 1 429 1 433 2 552 2 187 1 195 1 196 1 5 1 7 1 207 1
273 87 21 62 1 194 1 566 1 636 1 155 1 382 1 158 1 634 1 166 1 145 1 186 1 169 1 195 1 196 1 5 1 24 1 43 1 570 1 109 1 190 1 192 1
283 92 27 103 1 156 1 622 1 140 1 161 1 655 1 187 1 195 1 196 1 5 1 24 1 41 2 50 1 109 1 224 1 239 2 249 1 211 1 312 1 189 1 192 1 432 1 226 2 201 1 640 1 305 1 178 1
285 93 30 152 1 180 1 158 1 187 1 195 1 196 1 5 1 24 1 41 3 50 1 54 1 224 1 312 1 189 1 192 1 239 2 680 1 226 2 197 1 201 1 128 1 160 1 179 1 198 1 182 1 6 2 87 1 452 1 679 1 428 1
287 94 30 153 1 155 1 149 1 158 1 275 1 165 1 200 1 693 1 187 1 195 1 196 1 5 1 24 1 43 2 570 1 109 1 225 1 192 1 252 1 208 1 175 2 197 1 201 1 305 1 159 1 198 1 181 1 207 1 563 1 206 1
104 29 21 686 1 194 1 153 1 180 2 231 1 218 1 140 1 131 1 187 1 195 1 196 1 224 1 222 1 189 1 192 1 239 2 249 1 211 1 609 1 226 2 201 1
//IdTournes NbColis
14 6
//IdColis IdCommandeInColis NbProducts IdProd1 QtyProd1 IdProd2 QtyProd2 ...
27 7 15 149 1 231 1 158 1 57 1 17 1 45 1 36 1 31 2 32 1 140 1 161 1 429 1 433 2 264 1 244 1
7 2 26 249 1 211 1 228 1 201 1 421 1 486 1 10 1 39 1 56 1 410 1 179 1 324 1 198 1 173 1 182 1 6 1 372 3 259 2 484 1 505 1 250 1 751 1 87 1 480 1 364 1 428 1
12 3 38 226 3 228 1 486 1 13 1 328 1 198 1 174 1 179 3 445 1 319 1 173 1 182 1 183 1 6 1 372 3 259 1 530 1 471 1 484 1 735 1 246 1 250 1 253 1 205 1 28 1 38 1 40 2 480 1 87 1 538 1 364 1 415 1 455 1 476 1 360 1 387 3 721 1 261 1
16 4 27 175 1 191 1 197 1 201 1 305 1 159 1 198 1 235 1 173 1 182 1 164 1 6 1 210 1 576 1 541 1 207 1 575 1 22 1 23 1 206 1 256 1 260 1 241 1 257 1 487 1 262 2 261 1
103 28 28 198 1 173 1 182 1 183 1 164 1 259 1 6 3 369 1 82 1 631 1 451 1 506 1 507 1 247 1 457 1 248 1 87 2 446 1 452 1 404 1 256 1 240 1 346 1 447 1 448 1 450 1 107 1 464 1
158 48 20 226 3 228 1 191 1 486 1 294 1 508 1 178 4 198 1 503 2 173 1 182 1 258 3 210 2 6 1 505 1 250 1 205 1 480 1 242 1 364 1
//IdTournes NbColis
15 6
//IdColis IdCommandeInColis NbProducts IdProd1 QtyProd1 IdProd2 QtyProd2 ...
211 65 27 259 2 6 1 478 1 545 1 422 1 529 1 554 1 506 1 253 1 483 1 247 1 482 1 87 2 419 1 499 1 452 1 551 2 477 1 346 1 547 1 548 2 257 1 245 2 519 1 487 1 262 1 350 1
214 66 29 18 1 19 1 24 1 41 3 590 1 50 1 54 1 55 1 189 1 192 1 211 1 252 1 208 2 25 3 29 1 34 1 589 1 51 1 175 2 197 1 201 1 305 1 127 1 159 1 178 2 198 1 181 1 259 1 6 1
242 76 35 357 1 252 1 208 2 502 1 295 1 432 1 175 3 201 1 56 1 176 3 198 1 181 1 258 2 210 1 6 1 451 1 506 1 507 1 247 1 457 1 248 1 615 1 642 1 446 1 452 1 206 1 240 1 346 1 447 1 448 1 450 1 245 1 415 1 455 1 300 1
51 13 19 299 2 304 1 175 2 191 1 201 1 305 1 176 2 198 1 173 1 181 1 91 1 306 2 210 1 207 1 298 1 206 1 302 1 303 1 300 1
60 16 37 50 1 109 1 55 1 189 1 192 1 304 1 255 2 25 2 29 1 34 1 589 1 51 1 226 2 228 1 201 1 56 1 305 1 174 1 178 3 198 1 173 1 182 1 91 1 602 1 210 1 423 1 207 1 505 1 370 1 743 1 206 1 748 1 240 1 447 1 257 1 345 1 428 1
274 87 19 304 1 255 2 142 1 175 2 191 1 201 1 251 1 488 1 176 2 198 1 181 1 210 1 207 1 479 1 633 1 560 1 206 1 635 1 487 1
//IdTournes NbColis
16 6
//IdColis IdCommandeInColis NbProducts IdProd1 QtyProd1 IdProd2 QtyProd2 ...
199 62 17 194 1 281 1 155 1 307 1 243 1 263 1 151 1 578 1 60 1 654 1 74 1 118 1 76 1 79 1 165 1 429 1 206 1
124 36 26 372 2 259 2 102 3 478 1 529 1 451 1 610 1 483 1 247 1 38 1 124 1 419 1 499 1 446 1 452 1 260 1 257 1 240 1 477 1 346 1 245 1 519 1 262 1 361 1 362 1 524 1
143 43 18 112 1 582 1 143 1 152 2 289 1 359 1 150 1 180 2 579 1 15 1 673 1 216 1 140 1 358 1 161 1 317 1 234 1 400 1
10 3 22 150 2 329 1 180 2 382 1 472 1 15 1 731 1 105 1 161 1 638 1 276 1 172 1 200 1 309 1 139 1 144 1 317 1 234 1 509 1 546 2 167 1 8 1
32 8 29 172 1 171 1 187 1 195 1 196 1 7 2 18 1 19 1 24 1 41 2 54 1 55 1 590 1 50 1 162 1 489 1 189 1 192 1 252 1 208 2 211 1 25 2 29 1 34 1 589 1 51 1 226 2 197 1 201 1
48 12 30 187 1 195 1 196 1 7 1 18 1 19 1 24 1 43 2 55 1 590 1 570 1 109 1 225 1 192 1 252 1 255 2 25 2 29 1 34 1 589 1 51 1 175 2 201 1 191 1 305 1 176 2 198 1 181 1 258 2 741 1
//IdTournes NbColis
17 6
//IdColis IdCommandeInColis NbProducts IdProd1 QtyProd1 IdProd2 QtyProd2 ...
126 37 31 316 1 171 1 187 1 195 1 196 1 225 1 192 1 252 1 208 2 175 2 191 1 201 1 347 1 488 1 178 2 198 1 173 1 181 1 258 2 210 1 602 1 207 1 580 1 68 1 40 1 206 1 349 1 519 1 345 1 351 1 350 1
142 42 14 175 2 197 1 201 1 178 2 198 1 134 1 181 1 258 2 210 1 559 1 563 1 206 1 551 1 346 1
254 80 19 14 1 194 1 153 1 156 1 180 1 147 1 158 1 60 1 74 1 118 1 76 1 79 1 11 1 562 1 200 1 166 1 469 1 167 1 684 1
284 92 10 178 1 198 1 182 1 259 1 649 1 207 1 658 1 82 2 560 1 362 1
251 79 19 194 1 149 2 180 1 158 1 17 1 31 2 32 1 36 1 45 1 204 1 161 1 408 1 166 1 685 1 167 1 145 1 229 1 563 1 206 1
150 46 16 614 1 194 1 611 1 630 1 355 1 153 1 149 2 220 1 60 1 622 1 74 2 118 1 76 1 621 1 105 1 206 1
//IdTournes NbColis
18 6
//IdColis IdCommandeInColis NbProducts IdProd1 QtyProd1 IdProd2 QtyProd2 ...
225 71 14 111 1 611 1 21 1 279 1 284 1 17 2 31 2 32 1 36 2 45 1 140 1 161 1 689 1 171 1
269 85 32 172 1 469 1 238 1 171 1 187 1 195 1 196 1 430 1 162 1 189 1 192 1 297 1 249 1 661 1 295 2 432 1 226 2 228 1 197 1 201 1 160 1 179 3 198 1 462 1 173 1 182 1 102 1 82 2 38 1 675 1 87 1 245 1
36 9 23 58 1 25 3 29 1 34 1 589 1 51 1 175 2 191 1 197 1 201 1 305 1 666 1 159 1 178 1 198 1 574 1 173 1 182 1 210 1 207 1 82 1 206 1 256 2
38 10 14 73 1 84 1 143 2 413 1 412 1 152 1 356 1 81 1 156 2 180 1 522 2 407 1 11 1 244 1
64 17 14 737 1 143 1 263 1 243 1 180 1 17 2 31 2 32 1 36 1 45 1 11 1 161 1 264 1 115 1
71 18 32 189 2 192 1 297 2 249 1 92 1 25 1 295 2 432 1 223 1 201 1 226 3 486 1 702 1 666 1 128 1 179 3 198 1 377 1 173 1 182 1 372 2 733 1 82 1 451 1 506 1 507 1 247 1 457 1 248 1 94 1 446 1 245 1
//IdTournes NbColis
19 6
//IdColis IdCommandeInColis NbProducts IdProd1 QtyProd1 IdProd2 QtyProd2 ...
95 26 18 111 1 112 1 582 1 177 1 596 1 163 1 153 1 587 1 11 1 677 1 140 1 188 1 204 1 199 1 131 1 144 1 203 1 451 1
132 39 37 678 1 54 1 430 1 162 1 189 2 192 1 304 1 537 1 255 1 502 1 58 1 295 1 432 1 226 3 201 1 486 1 178 3 198 1 235 1 401 1 574 1 182 1 478 1 451 1 506 1 507 1 247 1 457 1 248 1 683 1 419 1 597 1 446 1 452 1 240 1 346 1 447 1
154 47 30 55 1 352 1 189 1 192 1 239 2 249 1 211 1 58 1 25 2 29 1 34 1 589 1 51 1 272 1 432 1 226 2 197 1 201 1 305 1 160 1 178 3 198 1 182 1 259 1 207 1 253 1 364 1 547 1 362 1 368 1
169 52 24 537 1 252 1 208 2 211 1 58 1 272 1 175 2 191 1 197 1 201 1 488 1 159 1 176 3 198 1 377 1 181 1 183 1 210 1 207 1 648 1 206 1 364 1 548 1 487 1
185 57 17 152 1 156 2 180 2 17 1 31 2 32 1 36 1 45 1 11 1 97 1 400 1 403 1 171 1 187 1 195 1 196 1 588 2
265 84 23 466 1 644 1 231 1 17 1 74 2 32 1 36 1 45 1 11 1 697 1 699 1 700 1 637 1 593 1 161 1 343 1 344 1 171 1 187 1 195 1 196 1 672 1 298 1
//IdTournes NbColis
20 6
//IdColis IdCommandeInColis NbProducts IdProd1 QtyProd1 IdProd2 QtyProd2 ...
223 70 23 194 1 152 1 356 1 141 1 150 1 180 1 382 1 69 1 706 1 140 1 161 1 463 1 317 1 167 2 695 1 187 1 195 1 196 1 224 2 189 1 192 1 239 2 38 1
1 1 10 14 1 752 1 12 1 143 1 152 1 289 1 274 1 150 2 180 2 17 1
14 4 14 12 1 629 1 153 1 243 1 263 1 185 1 17 1 31 2 32 1 36 1 45 1 264 2 429 1 433 2
54 15 9 71 1 752 1 12 1 93 1 143 1 21 2 152 2 150 1 171 1
63 17 5 42 1 46 2 12 1 221 1 364 1
69 18 10 14 1 12 1 73 1 93 1 143 1 150 2 180 2 392 1 17 2 276 1
//IdTournes NbColis
21 6
//IdColis IdCommandeInColis NbProducts IdProd1 QtyProd1 IdProd2 QtyProd2 ...
73 19 6 71 1 12 1 110 1 111 1 645 2 112 1
77 20 14 12 1 143 1 48 1 108 3 163 1 493 1 152 1 150 1 180 1 323 1 284 1 60 1 74 2 173 1
187 58 14 12 1 73 1 143 1 287 1 163 1 150 2 180 2 392 1 17 1 31 2 32 1 36 1 45 1 164 1
268 85 15 12 1 111 1 48 1 180 1 150 1 60 1 74 2 32 1 36 1 79 1 703 1 140 1 707 2 172 1 320 1
148 45 22 103 1 93 1 163 1 356 1 156 2 180 1 158 1 696 1 704 1 628 1 140 1 157 1 543 1 139 1 278 1 282 1 187 1 195 1 196 1 224 1 135 1 353 1
91 25 11 561 1 111 1 138 1 84 1 93 1 582 1 194 1 170 1 156 2 180 1 131 1
//IdTournes NbColis
22 6
//IdColis IdCommandeInColis NbProducts IdProd1 QtyProd1 IdProd2 QtyProd2 ...
109 31 10 13 1 305 1 213 1 178 2 198 1 181 1 210 1 207 1 206 1 524 1
128 38 19 561 1 93 1 163 1 333 1 337 1 280 1 156 1 158 1 650 1 671 1 623 1 77 1 627 1 594 1 140 1 161 1 327 1 342 1 278 1
116 34 12 62 1 93 2 143 1 287 1 48 1 411 1 267 1 279 1 156 2 180 2 292 1 463 1
122 36 17 645 1 93 1 143 1 108 1 152 2 313 1 150 2 180 2 595 1 161 1 308 1 320 1 167 1 187 1 195 1 196 1 660 1
42 11 15 14 1 61 1 243 1 263 1 274 1 72 1 140 1 264 2 429 1 433 2 418 1 273 1 187 1 195 1 417 1
62 17 3 117 1 119 2 14 1
//IdTournes NbColis
23 6
//IdColis IdCommandeInColis NbProducts IdProd1 QtyProd1 IdProd2 QtyProd2 ...
106 30 24 14 1 221 1 156 1 180 1 158 1 216 1 227 1 238 1 244 1 187 1 195 1 196 1 430 1 189 1 192 1 232 1 252 1 255 1 432 1 226 1 201 1 251 1 213 1 178 2
113 33 16 14 1 143 1 170 1 152 1 270 1 150 1 180 1 385 2 676 1 157 1 161 1 276 2 167 2 187 1 195 1 196 1
156 48 12 14 1 639 1 194 1 490 1 156 3 180 3 231 1 140 1 188 1 204 1 161 1 469 1
202 63 18 14 1 281 1 155 1 243 1 263 1 149 1 60 1 74 1 118 1 76 1 79 1 15 1 275 1 165 1 429 1 433 1 139 1 431 1
208 65 11 14 1 567 1 112 1 194 1 466 2 341 1 163 1 152 2 536 1 141 1 150 1
218 68 15 14 1 712 1 194 1 156 2 180 2 158 1 140 1 433 1 172 2 167 1 187 1 195 1 196 1 430 1 189 1
//IdTournes NbColis
24 6
//IdColis IdCommandeInColis NbProducts IdProd1 QtyProd1 IdProd2 QtyProd2 ...
271 86 17 14 1 71 1 155 1 263 1 185 1 158 1 60 1 74 1 118 1 76 1 79 1 169 1 186 1 195 1 196 1 106 1 240 1
289 95 26 14 1 194 1 161 1 719 1 187 1 195 1 196 1 224 1 189 1 192 1 252 1 208 1 720 1 226 2 201 1 305 1 178 3 198 1 659 1 692 1 182 1 576 1 207 1 451 1 38 1 206 1
263 83 21 686 1 582 1 152 1 156 1 180 2 382 1 158 1 443 1 710 1 187 1 195 1 196 1 713 1 64 1 716 1 54 1 459 1 189 1 192 1 297 2 211 1
279 90 22 636 1 149 1 17 1 31 2 32 1 36 1 45 1 15 1 526 1 171 1 187 1 195 1 196 1 430 1 192 1 252 1 208 1 189 1 432 1 191 1 175 1 197 1
292 97 9 522 1 15 1 234 1 379 1 754 1 384 1 446 2 257 2 361 1
264 83 25 249 1 711 1 226 2 197 1 201 1 421 1 328 1 305 1 160 1 178 3 324 1 198 1 182 1 164 1 714 1 372 2 259 1 207 1 615 1 96 1 23 1 28 2 551 1 448 1 427 1
//IdTournes NbColis
25 6
//IdColis IdCommandeInColis NbProducts IdProd1 QtyProd1 IdProd2 QtyProd2 ...
29 7 27 589 1 51 1 175 2 191 1 197 1 201 1 305 1 159 1 178 2 198 1 219 1 401 1 574 1 182 1 259 1 59 1 484 1 207 1 253 1 114 1 28 3 53 1 750 1 404 1 256 1 548 2 487 1
130 38 12 182 1 388 1 259 1 102 1 59 1 207 1 38 1 675 1 87 1 550 1 241 1 261 1
163 50 23 24 1 41 3 50 1 109 1 430 1 312 1 189 2 192 1 297 2 211 1 249 1 386 1 432 1 201 1 198 1 182 1 259 1 372 2 59 1 384 1 387 1 351 1 428 1
198 61 25 189 1 192 1 239 2 249 1 537 1 211 1 295 1 432 1 226 2 197 1 201 1 340 1 160 1 179 1 198 1 182 1 59 1 296 1 419 1 416 1 415 1 360 1 387 1 350 1 524 1
215 66 12 102 1 59 1 207 1 437 1 439 1 688 1 691 1 597 1 547 1 441 1 556 1 402 1
224 70 23 701 1 249 1 211 1 226 2 201 1 179 2 198 1 182 1 523 1 259 1 59 1 207 1 436 1 698 1 419 1 709 1 260 1 98 1 364 1 387 1 518 1 261 1 525 1
//IdTournes NbColis
26 6
//IdColis IdCommandeInColis NbProducts IdProd1 QtyProd1 IdProd2 QtyProd2 ...
239 75 39 208 1 502 1 295 1 432 1 175 3 191 1 201 1 251 3 176 4 198 1 173 1 181 1 210 1 258 2 451 1 506 1 253 1 507 1 247 1 457 1 248 1 94 1 563 1 96 1 40 1 542 1 449 1 446 1 452 1 240 1 346 1 241 1 447 1 448 1 450 1 533 1 257 2 245 1 519 1
79 20 30 211 1 201 1 226 3 228 1 421 1 122 1 305 1 113 1 126 1 128 1 127 1 174 1 179 3 198 1 182 1 494 1 372 2 259 1 207 1 123 1 326 1 82 2 38 1 40 1 124 1 499 1 404 1 416 1 501 1 300 1
93 25 32 297 2 249 1 211 1 295 1 432 1 201 1 226 3 228 2 113 1 128 1 179 1 198 1 173 1 182 1 372 2 259 1 451 1 506 1 507 1 247 1 457 1 133 1 248 1 446 1 452 1 260 1 240 1 346 1 447 1 448 1 450 1 245 1
9 3 11 16 1 103 1 26 1 143 1 646 1 630 1 21 3 48 2 636 1 314 1 152 1
21 6 13 17 1 45 1 31 2 32 1 36 1 664 1 140 1 429 1 433 2 264 2 311 1 172 2 330 3
34 9 16 75 1 21 1 307 1 153 1 193 1 243 1 263 1 522 1 158 1 17 1 74 2 32 1 36 1 79 1 88 1 161 1
//IdTournes NbColis
27 6
//IdColis IdCommandeInColis NbProducts IdProd1 QtyProd1 IdProd2 QtyProd2 ...
58 16 14 103 1 194 1 749 1 153 1 243 1 263 1 180 2 147 1 158 1 17 1 31 2 32 1 36 1 99 1
74 19 17 322 1 194 1 596 1 321 1 158 1 17 1 31 2 32 1 36 1 45 1 327 1 309 1 144 1 278 1 234 1 509 1 588 1
81 21 19 194 1 281 1 155 1 60 1 74 2 118 1 76 1 79 1 275 1 395 1 166 1 145 1 365 1 171 1 186 1 195 1 196 1 225 1 116 1
101 28 14 61 1 143 1 152 2 150 1 180 2 17 1 31 2 32 1 36 1 45 1 49 1 140 1 161 1 214 1
110 32 15 194 1 153 1 156 2 180 2 158 1 60 1 74 2 118 1 76 1 79 1 140 1 161 1 285 1 172 1 265 1
138 41 14 75 1 614 1 155 1 149 1 185 2 60 1 74 2 118 1 76 1 79 1 275 1 165 1 172 2 344 1
//IdTournes NbColis
28 6
//IdColis IdCommandeInColis NbProducts IdProd1 QtyProd1 IdProd2 QtyProd2 ...
165 51 15 156 2 180 1 382 2 284 1 17 1 31 2 32 1 36 1 45 1 703 1 723 1 724 1 161 1 172 2 312 1
181 56 14 149 1 185 1 158 1 17 1 45 1 32 1 36 1 74 2 275 1 429 2 433 2 552 2 144 1 245 1
191 59 15 194 1 155 1 337 1 149 2 185 2 158 1 60 1 74 2 118 1 76 1 79 1 433 1 172 1 317 1 206 1
216 67 20 314 1 156 1 323 1 17 1 31 2 32 1 36 1 45 1 140 1 157 1 171 1 187 1 195 1 196 1 43 1 162 2 189 1 192 1 357 1 206 1
234 74 15 153 1 155 1 243 1 263 1 149 2 185 2 158 1 60 1 74 2 118 1 76 1 79 1 667 1 275 1 245 1
248 78 16 194 1 153 1 155 1 243 1 263 1 60 1 74 2 118 1 76 1 79 1 621 1 165 1 264 1 429 1 433 1 166 1
//IdTournes NbColis
29 6
//IdColis IdCommandeInColis NbProducts IdProd1 QtyProd1 IdProd2 QtyProd2 ...
257 81 15 155 1 185 2 461 1 158 1 60 1 74 2 118 1 76 1 79 1 165 1 172 2 146 1 400 2 492 1 725 1
261 82 28 18 1 19 1 24 1 43 2 590 1 570 1 109 1 55 1 189 1 192 1 239 2 249 1 211 1 25 2 29 1 34 1 589 1 51 1 175 2 201 1 305 1 178 2 445 1 198 1 181 1 259 1 635 1 464 1
281 91 22 61 1 194 1 279 1 180 1 729 1 140 1 172 1 408 1 167 1 732 1 316 1 187 1 195 1 196 1 239 2 249 1 211 1 189 1 192 1 226 2 201 1 532 1
25 7 4 46 1 119 2 62 1 487 1
18 5 9 198 1 181 1 372 2 259 1 20 1 370 1 40 1 360 2 361 1
189 58 41 228 1 160 1 174 1 179 3 198 1 513 1 173 1 523 1 182 1 517 1 372 2 530 1 336 1 250 1 20 1 506 1 507 1 498 1 247 1 457 1 248 1 28 1 38 1 511 1 516 1 446 1 452 1 404 1 521 1 256 1 240 1 346 1 447 1 448 1 450 1 364 1 512 1 245 1 415 1 518 1 525 1
//IdTournes NbColis
30 6
//IdColis IdCommandeInColis NbProducts IdProd1 QtyProd1 IdProd2 QtyProd2 ...
244 77 13 665 1 143 1 21 1 48 2 221 1 454 1 356 1 359 1 536 1 156 2 180 2 385 1 451 1
221 69 24 41 3 50 1 54 1 189 1 192 1 304 1 255 2 226 2 191 1 197 1 201 1 617 1 305 1 160 1 178 1 198 1 513 1 173 1 182 1 210 1 207 1 206 1 524 1 525 1
170 53 24 389 1 466 1 153 1 375 1 339 1 149 2 185 1 730 1 140 1 161 1 395 1 234 1 244 1 187 1 195 1 196 1 396 1 189 1 192 1 357 1 239 2 249 1 211 1 547 1
53 14 18 175 2 460 1 201 1 305 1 470 1 178 2 198 1 182 1 259 1 96 1 38 1 206 1 256 1 98 1 107 1 465 1 349 1 245 1
67 17 16 179 1 324 1 198 1 230 1 173 1 182 1 372 3 530 2 505 1 250 1 745 1 746 1 205 1 23 1 480 1 741 2
151 46 26 79 1 140 1 204 1 161 1 311 1 172 2 514 1 166 1 145 1 171 1 187 1 195 1 196 1 224 1 65 1 162 1 192 1 252 1 255 2 189 1 175 2 201 1 191 1 486 1 488 1 178 2
//IdTournes NbColis
31 6
//IdColis IdCommandeInColis NbProducts IdProd1 QtyProd1 IdProd2 QtyProd2 ...
226 71 26 172 2 187 1 195 1 196 1 189 1 192 1 232 1 304 1 255 2 135 1 66 1 175 2 191 1 197 1 201 1 305 1 160 1 178 1 198 1 692 1 182 1 258 1 210 1 207 1 206 1 107 1
217 67 18 208 2 726 1 252 1 226 2 228 1 197 1 201 1 305 1 160 1 178 1 179 2 198 1 173 1 182 1 258 2 210 1 207 1 642 1
183 56 29 29 1 34 1 589 1 51 1 137 1 175 3 191 1 197 1 201 1 486 1 176 3 198 1 173 1 181 1 210 1 506 1 451 1 507 1 247 1 457 1 248 1 651 1 446 1 452 1 240 1 346 1 447 1 448 1 450 1
272 86 25 430 1 190 1 192 1 252 1 255 1 405 1 432 1 175 1 191 1 197 1 201 1 486 1 176 1 324 1 159 1 198 1 473 1 401 1 173 1 181 1 377 1 258 2 210 1 715 1 98 1
280 90 11 201 1 159 1 178 2 198 1 173 1 182 1 258 2 210 1 529 1 240 1 98 1
66 17 23 224 2 50 2 54 1 189 2 357 1 211 1 192 1 297 2 249 1 25 3 29 2 34 2 589 2 51 1 432 1 226 3 197 1 201 1 228 1 486 1 378 1 174 1 179 3
//IdTournes NbColis
32 6
//IdColis IdCommandeInColis NbProducts IdProd1 QtyProd1 IdProd2 QtyProd2 ...
174 54 22 211 1 192 1 600 1 25 1 29 1 34 1 589 1 51 1 226 2 201 1 228 1 305 1 178 2 198 1 173 1 182 1 549 1 517 1 210 1 207 1 553 1 601 1
236 74 40 25 3 29 1 34 1 589 1 51 1 175 2 191 1 197 1 201 1 305 1 159 2 324 1 198 1 181 1 183 1 444 1 210 1 207 1 453 1 544 1 545 1 451 1 506 1 507 1 247 1 457 1 248 1 532 1 298 1 446 1 452 1 346 1 447 1 448 1 450 1 364 1 467 1 240 1 245 1 361 2
258 81 31 403 1 171 1 187 1 195 1 196 1 225 1 192 1 708 1 252 1 208 2 25 1 175 2 191 1 197 1 201 1 488 1 159 1 174 1 178 2 198 1 173 1 181 1 183 1 258 2 210 1 207 1 458 1 40 1 206 1 349 1 556 2
70 18 21 31 2 32 1 36 1 45 1 100 1 69 1 78 1 276 1 144 1 736 1 469 1 167 3 734 1 344 1 171 1 187 1 195 1 196 1 106 1 430 1 357 1
26 7 8 42 1 117 1 737 1 426 1 243 1 263 1 149 1 68 1
166 51 31 171 1 187 1 195 1 196 1 430 1 189 1 192 1 252 1 208 2 226 2 228 1 197 1 201 1 305 1 160 1 174 1 179 3 198 1 377 1 173 1 182 1 258 2 210 1 207 1 380 1 68 1 40 1 206 1 679 1 362 2 721 1
//IdTournes NbColis
33 6
//IdColis IdCommandeInColis NbProducts IdProd1 QtyProd1 IdProd2 QtyProd2 ...
56 15 31 249 1 211 1 295 1 432 1 226 3 228 1 201 1 126 1 179 3 198 1 230 1 173 1 182 1 102 1 372 2 530 1 451 1 506 1 507 1 247 1 457 1 248 1 87 2 446 1 452 1 346 1 447 1 448 1 450 1 245 1 360 1
136 40 43 239 2 496 1 249 1 211 1 502 1 137 1 197 1 201 1 226 3 228 1 486 1 340 1 198 1 230 1 179 1 173 1 182 1 259 1 336 1 478 1 453 1 544 1 545 1 529 1 451 1 506 1 507 1 247 1 457 1 248 1 28 1 446 1 452 2 260 1 240 1 346 1 447 1 448 1 450 1 245 1 577 1 441 1 262 1
196 60 24 178 3 198 1 574 1 173 1 182 1 258 2 210 1 576 1 564 1 451 1 506 1 507 1 247 1 457 1 248 1 480 1 446 1 452 1 240 1 346 1 447 1 448 1 450 1 245 1
201 62 16 29 1 653 1 34 1 589 1 51 1 175 2 191 1 201 1 488 1 176 2 198 1 173 1 181 1 210 1 207 1 124 1
88 23 24 570 1 109 1 135 1 142 1 189 1 192 1 600 1 304 1 255 2 137 1 175 2 201 1 191 1 305 1 178 2 198 1 182 1 183 1 625 1 210 1 207 1 478 1 206 1 349 1
111 32 27 172 1 286 1 166 1 167 1 145 1 171 1 195 1 196 1 187 1 189 1 192 1 252 1 208 2 211 1 201 1 226 2 228 1 305 1 178 2 198 1 173 1 182 1 625 1 259 1 277 1 207 1 728 1
//IdTournes NbColis
34 6
//IdColis IdCommandeInColis NbProducts IdProd1 QtyProd1 IdProd2 QtyProd2 ...
252 79 28 171 1 187 1 195 1 196 1 224 1 584 1 189 1 192 1 211 1 252 1 208 2 589 1 175 2 191 1 201 1 687 1 305 1 178 1 198 1 173 1 182 1 210 1 207 1 534 1 384 1 447 1 467 1 441 1
266 84 27 584 1 652 1 189 1 192 1 297 2 249 1 211 1 705 1 175 2 223 1 191 1 197 1 293 1 201 1 305 1 159 1 178 1 198 1 182 1 372 2 259 1 468 1 207 1 534 1 260 1 467 1 107 1
147 44 17 252 1 175 2 201 1 347 1 305 1 178 3 198 1 173 1 182 1 565 1 258 2 210 1 207 1 363 1 369 1 206 1 371 1
108 31 21 217 1 194 1 153 1 155 1 149 2 220 1 185 2 158 1 165 1 234 1 244 1 187 1 195 1 196 1 626 1 225 1 192 1 304 1 255 2 175 2 201 1
206 64 27 165 1 172 2 166 1 145 1 425 1 171 1 195 1 196 1 186 1 626 1 55 1 224 2 225 1 192 1 239 2 249 1 175 2 201 1 191 1 176 2 198 1 173 1 181 1 207 1 245 1 476 1 362 1
107 30 15 198 1 236 1 182 1 258 2 210 1 717 1 246 1 253 1 248 1 242 1 254 1 240 1 237 1 245 1 556 1
//IdTournes NbColis
35 6
//IdColis IdCommandeInColis NbProducts IdProd1 QtyProd1 IdProd2 QtyProd2 ...
19 6 8 42 1 46 1 117 1 155 1 263 1 243 1 149 1 555 1
45 12 7 42 1 46 1 117 1 194 1 153 1 155 1 317 1
180 56 8 42 1 117 1 737 1 281 1 263 1 243 1 149 1 555 1
23 6 24 34 1 589 1 51 1 175 2 197 1 201 1 305 1 739 1 159 2 178 2 198 1 181 1 210 1 388 1 318 1 553 1 207 1 253 1 741 1 206 1 548 1 487 1 455 1 368 1
78 20 24 118 1 76 1 79 1 125 1 140 1 157 1 161 1 264 1 309 1 144 1 288 1 167 2 171 1 195 1 196 1 187 1 310 1 222 1 489 1 189 2 192 1 297 2 249 1 361 1
20 6 7 119 2 737 1 149 1 323 1 472 1 158 1 171 1
//IdTournes NbColis
36 6
//IdColis IdCommandeInColis NbProducts IdProd1 QtyProd1 IdProd2 QtyProd2 ...
46 12 6 119 2 737 1 243 1 149 2 185 1 173 1
179 56 6 46 1 119 2 596 1 644 1 281 1 171 1
3 1 35 192 1 252 1 208 1 502 1 272 1 295 1 432 1 223 2 293 1 201 1 460 2 226 3 228 1 268 1 160 1 179 3 198 1 173 1 182 1 534 1 250 1 451 1 506 1 507 1 248 1 37 1 53 1 750 1 446 1 452 1 728 1 521 2 240 1 346 1 447 1
276 88 15 586 1 191 1 175 2 201 1 488 1 176 2 599 1 198 1 181 1 173 1 210 1 471 1 207 1 206 1 241 1
76 19 9 205 1 38 1 738 1 480 1 449 1 371 1 477 1 364 1 257 1
186 57 25 391 1 189 1 192 1 239 2 249 1 211 1 432 1 137 1 228 1 197 1 201 1 687 1 305 1 702 1 160 1 179 1 198 1 401 1 173 1 182 1 259 1 207 1 404 1 521 1 402 1
//IdTournes NbColis
37 6
//IdColis IdCommandeInColis NbProducts IdProd1 QtyProd1 IdProd2 QtyProd2 ...
105 29 11 305 1 178 1 198 1 182 1 259 1 207 1 250 1 370 1 247 1 40 1 694 1
246 77 35 297 1 432 1 201 1 228 1 508 1 668 1 128 1 179 1 198 1 173 1 182 1 164 1 372 3 259 2 506 1 253 1 247 1 380 1 40 1 516 1 538 1 296 1 542 1 539 1 540 1 446 1 452 1 260 2 240 1 346 1 241 1 467 1 533 1 669 1 351 1
177 55 39 41 1 50 1 54 1 430 1 189 2 192 1 239 2 249 1 211 1 295 1 432 1 226 3 201 1 328 1 178 4 198 1 182 1 259 1 545 1 451 1 247 1 457 1 248 1 242 1 597 1 446 1 452 1 260 1 240 1 346 1 241 1 447 1 448 1 450 1 237 1 209 1 360 1 387 1 524 1
209 65 19 150 2 180 3 664 1 140 1 161 2 172 2 395 1 166 1 546 1 167 3 145 1 315 2 184 1 344 1 403 1 171 1 196 1 187 1 451 1
192 59 34 172 1 166 1 145 1 722 1 171 1 187 1 195 1 196 1 535 1 142 1 225 1 192 1 727 1 537 1 252 1 175 2 201 1 191 1 640 1 488 1 176 2 198 1 173 1 181 1 207 1 648 1 436 1 483 1 296 2 446 1 240 1 669 1 360 1 368 1
255 80 27 145 1 316 1 171 1 187 1 195 1 196 1 690 1 224 1 430 2 189 1 192 1 297 2 249 1 211 1 295 1 432 1 226 2 201 1 174 1 178 1 198 1 173 1 182 1 602 1 372 2 259 1 257 1
//IdTournes NbColis
38 6
//IdColis IdCommandeInColis NbProducts IdProd1 QtyProd1 IdProd2 QtyProd2 ...
121 35 29 592 1 305 1 179 3 198 1 401 1 173 1 182 1 372 1 259 1 534 1 478 1 451 1 506 1 507 1 247 1 457 1 248 1 597 1 446 1 452 1 260 1 240 1 346 1 447 1 448 1 450 1 245 1 518 1 368 1
40 10 35 297 1 249 1 211 1 405 1 510 1 295 1 432 1 197 1 201 1 226 3 294 4 347 2 527 1 179 1 198 1 182 1 259 1 478 1 520 1 82 2 451 1 506 1 507 1 247 1 457 1 248 1 87 1 446 1 452 1 240 1 346 1 447 1 448 1 450 1 245 1
219 68 21 192 1 239 1 249 1 211 1 537 1 432 1 226 2 201 1 718 1 178 1 198 1 438 1 182 1 440 1 259 1 541 1 298 1 240 1 345 1 360 1 721 1
33 8 12 305 1 160 1 178 2 198 1 462 1 574 1 173 1 182 1 210 1 207 1 85 1 206 1
250 78 13 191 1 201 1 640 1 305 1 178 2 198 1 173 1 181 1 258 2 210 1 207 1 456 1 206 1
90 24 15 191 1 197 1 201 1 305 1 159 2 176 2 198 1 181 1 210 1 541 1 207 1 130 1 206 1 209 1 525 1
//IdTournes NbColis
39 6
//IdColis IdCommandeInColis NbProducts IdProd1 QtyProd1 IdProd2 QtyProd2 ...
118 34 18 249 1 211 1 201 1 294 3 269 1 271 1 179 1 198 1 182 1 372 2 259 1 370 1 507 1 498 1 495 1 248 1 450 1 257 1
139 41 23 338 1 171 1 187 1 195 1 196 1 189 1 192 1 252 1 255 2 175 2 197 1 201 1 305 1 269 1 335 1 159 2 178 2 198 1 181 1 258 2 210 1 207 1 206 1
75 19 30 546 1 171 1 187 1 195 1 196 1 312 1 189 2 232 1 192 1 252 1 208 2 211 1 175 3 197 2 201 1 191 1 486 1 178 3 324 1 198 1 740 1 503 1 219 1 173 1 181 1 541 1 259 2 505 1 250 1 240 1
149 45 24 189 1 192 1 708 1 252 1 208 2 211 1 226 2 197 1 201 1 305 1 160 1 179 1 324 1 198 1 182 1 259 1 354 1 207 1 485 1 206 1 366 1 547 1 245 1 519 1
171 53 14 175 2 197 1 201 1 305 1 160 1 178 1 198 1 574 1 182 1 541 1 259 1 207 1 485 1 457 1
85 22 32 295 1 432 1 197 1 201 1 228 1 226 3 515 1 251 2 174 1 179 4 198 1 173 1 182 1 210 1 506 1 253 1 507 1 247 1 457 1 248 1 446 1 452 1 240 1 346 1 447 1 448 1 450 1 349 1 245 1 519 1 361 1 524 1
//IdTournes NbColis
40 6
//IdColis IdCommandeInColis NbProducts IdProd1 QtyProd1 IdProd2 QtyProd2 ...
204 63 7 173 1 181 1 258 2 210 1 505 1 427 3 428 1
82 21 14 192 1 304 1 255 2 175 2 191 1 201 1 305 1 176 2 198 1 181 1 388 1 210 1 207 1 206 1
278 89 15 208 1 211 1 295 1 175 3 201 1 347 1 305 1 178 4 198 1 182 1 259 1 484 1 207 1 485 1 475 1
44 11 11 421 1 305 1 179 2 198 1 182 1 258 2 210 1 420 1 207 1 206 1 261 1
161 49 13 226 3 201 1 305 1 178 4 198 1 182 1 388 1 258 2 210 1 207 1 449 1 206 1 257 1
282 91 8 305 1 179 3 198 1 182 1 259 1 207 1 245 1 387 2
//IdTournes NbColis
41 6
//IdColis IdCommandeInColis NbProducts IdProd1 QtyProd1 IdProd2 QtyProd2 ...
97 26 10 198 1 503 1 182 1 258 3 210 2 505 1 250 1 205 1 480 1 364 1
72 18 9 452 1 240 1 346 1 447 1 448 1 450 2 301 1 467 1 548 1
100 27 9 258 1 210 1 207 1 534 1 575 1 206 2 240 1 487 1 387 1
115 33 4 245 1 209 1 345 1 402 1
4 1 3 448 1 450 1 245 1
49 12 6 210 1 744 1 420 1 207 1 206 1 556 1
//IdTournes NbColis
42 1
//IdColis IdCommandeInColis NbProducts IdProd1 QtyProd1 IdProd2 QtyProd2 ...
133 39 4 448 1 450 1 245 1 524 1
