//NbTournees
10
//IdTournes NbColis
1 6
//IdColis IdCommandeInColis NbProducts IdProd1 QtyProd1 IdProd2 QtyProd2 ...
15 7 22 325 1 265 1 53 1 54 1 42 1 49 1 70 1 86 1 87 1 88 1 59 1 272 1 50 1 74 1 79 1 81 1 51 1 75 1 314 1 64 1 72 1 329 1
18 8 31 73 1 77 1 269 1 299 1 76 1 68 1 35 2 36 2 38 1 284 1 309 1 46 1 61 1 71 1 78 1 203 1 291 1 333 2 306 1 300 1 335 1 336 1 43 1 52 1 58 1 328 1 292 5 302 1 31 2 4 1 3 1
8 4 32 127 1 128 1 139 1 146 1 130 1 10 1 74 1 51 1 124 1 132 1 138 1 160 1 38 1 5 2 168 2 61 1 134 1 140 1 126 1 119 1 115 2 114 2 121 1 117 1 25 1 17 2 41 2 26 1 29 1 31 2 12 1 33 2
17 8 20 310 1 55 1 56 1 57 1 60 1 67 1 80 1 210 1 212 1 87 1 89 1 82 1 157 1 11 1 44 1 47 1 48 1 62 1 65 1 305 1
20 9 22 39 1 265 1 53 1 49 1 56 1 57 1 60 1 67 1 80 1 88 1 89 1 212 1 85 1 87 1 59 1 272 1 81 1 157 1 11 1 44 1 5 1 31 1
23 10 21 265 1 53 1 49 1 55 1 56 1 57 1 60 1 66 1 67 1 80 1 88 1 89 1 312 1 212 1 87 1 59 1 313 1 317 2 272 1 157 1 44 1
//IdTournes NbColis
2 6
//IdColis IdCommandeInColis NbProducts IdProd1 QtyProd1 IdProd2 QtyProd2 ...
41 17 17 122 1 131 1 155 1 157 1 141 1 158 1 135 1 153 1 129 1 142 1 115 1 114 1 117 1 167 1 26 1 29 1 31 2
26 11 23 62 1 65 1 77 1 269 1 69 1 64 1 72 1 35 2 36 2 38 1 46 1 61 1 63 1 291 1 322 1 327 1 45 1 283 1 31 2 2 1 4 3 3 3 34 1
6 3 25 11 1 103 1 191 1 157 1 277 1 47 1 48 1 62 1 65 1 106 1 77 1 269 1 64 1 72 1 38 1 5 2 168 2 92 1 276 1 284 1 46 1 61 1 17 2 41 1 31 1
11 5 23 157 1 47 3 62 1 65 1 77 2 269 1 64 1 72 1 38 1 5 2 168 2 90 1 303 1 46 1 61 1 144 1 99 1 17 1 41 3 31 2 2 1 4 2 24 1
16 7 8 83 1 84 1 284 1 46 1 61 1 26 1 31 2 242 1
21 9 22 47 1 48 1 62 1 65 1 77 1 269 1 64 1 72 1 5 1 168 1 35 1 38 1 20 1 46 1 61 1 307 1 326 1 31 1 319 1 6 1 4 3 3 3
//IdTournes NbColis
3 6
//IdColis IdCommandeInColis NbProducts IdProd1 QtyProd1 IdProd2 QtyProd2 ...
29 12 12 65 1 77 1 269 1 64 1 72 1 35 2 36 2 46 1 61 1 31 2 4 3 3 3
31 13 12 77 1 233 1 269 1 69 1 64 1 72 1 46 1 61 1 308 1 100 1 98 1 31 2
33 14 21 11 1 48 1 62 1 106 1 109 1 77 1 233 1 269 1 64 1 72 1 35 2 36 2 38 1 46 1 61 1 108 1 91 1 167 1 31 1 4 3 3 3
36 15 18 157 1 47 1 48 1 62 1 77 1 269 1 158 1 97 1 64 1 72 1 5 2 168 2 298 1 46 1 61 1 306 1 4 3 3 2
39 16 23 11 1 47 1 48 1 62 1 113 1 109 1 77 1 269 1 64 1 105 1 72 1 76 1 35 1 36 2 46 1 61 1 307 1 216 1 2 1 12 1 4 3 3 3 239 1
43 18 24 11 1 48 1 62 1 77 1 269 1 318 1 64 1 72 1 315 1 35 2 36 2 38 1 324 1 46 1 120 1 61 1 137 1 322 1 287 1 31 2 323 1 4 3 3 3 34 1
//IdTournes NbColis
4 6
//IdColis IdCommandeInColis NbProducts IdProd1 QtyProd1 IdProd2 QtyProd2 ...
24 10 17 11 1 47 1 48 1 62 1 65 1 316 1 269 1 64 1 72 1 61 1 156 1 15 2 321 1 328 1 26 1 29 1 31 2
25 11 21 265 1 255 1 53 1 49 1 55 1 56 1 57 1 60 1 67 1 80 1 89 1 212 1 85 1 87 1 88 1 59 1 272 1 157 1 11 1 47 1 48 1
28 12 21 39 1 265 1 53 1 55 1 56 1 57 1 60 1 67 1 80 1 85 1 87 1 89 1 212 1 59 1 272 1 157 1 11 1 47 1 48 1 62 1 38 1
30 13 21 55 1 56 1 57 1 60 1 67 1 104 1 110 1 80 1 87 1 297 1 212 1 59 1 272 1 295 1 157 1 11 1 47 1 48 1 62 1 65 1 309 1
32 14 22 265 1 311 1 53 1 49 1 55 1 56 1 57 1 101 1 60 1 67 1 80 1 296 1 212 1 87 1 88 1 89 1 59 1 272 1 112 1 157 1 47 1 31 1
42 18 20 320 1 310 1 331 1 265 1 53 1 55 1 56 1 57 1 60 1 67 1 143 1 80 1 87 1 89 1 212 1 213 1 59 1 272 1 157 1 47 1
//IdTournes NbColis
5 6
//IdColis IdCommandeInColis NbProducts IdProd1 QtyProd1 IdProd2 QtyProd2 ...
45 19 26 128 1 122 1 152 1 155 1 163 1 47 1 116 1 136 1 141 1 149 1 158 1 174 1 69 1 135 1 145 2 134 1 150 1 156 1 175 1 172 1 166 1 117 1 26 1 29 1 31 2 9 1
47 20 29 251 1 123 1 56 1 110 1 32 1 47 1 136 1 76 1 154 1 159 1 162 1 35 2 36 2 38 1 144 1 161 2 334 1 308 1 118 1 329 1 100 1 125 1 31 2 21 1 165 1 4 1 3 3 9 1 173 1
49 21 23 330 1 332 1 128 1 93 1 70 1 146 1 130 1 133 1 74 1 147 1 148 1 10 1 32 1 47 1 51 1 124 1 132 1 138 1 169 1 90 1 151 1 164 1 170 1
5 3 21 265 1 40 1 53 1 49 1 94 1 55 1 96 1 56 1 101 1 60 1 102 1 67 1 80 1 266 1 212 1 275 1 87 1 88 1 89 1 59 1 272 1
10 5 21 39 1 19 1 265 1 53 1 49 1 55 1 56 1 57 1 66 1 67 1 80 2 294 1 212 1 87 1 88 1 89 1 59 1 107 1 272 1 11 1 17 1
35 15 23 265 1 53 1 54 1 49 1 93 1 55 1 56 1 57 1 60 1 67 1 111 1 80 1 293 1 212 1 87 2 88 1 89 1 59 1 272 1 157 1 3 1 304 1 305 1
//IdTournes NbColis
6 6
//IdColis IdCommandeInColis NbProducts IdProd1 QtyProd1 IdProd2 QtyProd2 ...
38 16 21 265 1 53 1 49 1 55 1 56 1 57 1 60 1 102 1 67 1 80 1 212 1 85 1 87 1 301 1 88 1 89 1 59 1 272 1 74 1 157 1 95 1
51 22 20 217 1 122 1 123 1 155 1 213 1 185 1 141 1 204 1 158 1 95 1 69 1 135 1 184 1 195 1 188 1 176 1 14 1 117 1 31 2 218 1
1 1 22 22 1 19 1 177 1 123 1 56 1 66 1 187 1 197 1 212 1 181 1 183 1 32 1 191 1 194 1 196 1 136 1 149 1 206 1 190 1 76 1 35 2 14 1
3 2 22 23 1 198 1 200 1 128 1 16 1 94 1 193 1 146 1 210 1 130 1 10 1 191 1 74 1 209 1 51 1 124 1 132 1 138 1 5 2 38 1 168 2 15 1
52 23 18 128 1 146 1 130 1 74 1 202 1 10 1 51 1 199 1 124 1 132 1 138 1 153 1 129 1 117 1 26 1 29 1 31 2 215 1
53 24 21 128 1 146 1 130 1 189 1 74 1 10 2 51 1 174 1 201 1 124 1 132 1 186 1 138 1 207 1 36 1 208 1 117 1 216 1 2 1 4 3 3 3
//IdTournes NbColis
7 6
//IdColis IdCommandeInColis NbProducts IdProd1 QtyProd1 IdProd2 QtyProd2 ...
55 25 22 54 1 128 1 93 1 123 1 146 1 155 1 211 1 213 1 130 1 74 1 51 1 124 1 132 1 138 1 5 2 168 2 129 1 140 1 78 1 180 1 117 1 4 1
2 1 23 36 2 38 1 192 1 20 1 203 1 205 1 37 1 14 1 178 1 117 1 100 1 1 1 31 2 21 1 7 1 2 1 18 1 8 1 6 1 4 3 3 3 27 1 9 1
57 26 24 250 1 251 1 127 1 255 1 139 1 211 1 132 1 237 1 5 2 168 2 38 1 248 1 236 1 219 1 216 1 26 1 29 1 31 2 33 2 4 2 3 2 254 1 9 2 173 1
58 27 27 251 1 128 1 122 1 230 1 155 1 133 1 238 1 158 1 69 1 135 1 35 2 36 2 228 1 246 1 249 1 15 1 91 1 117 1 220 1 240 1 244 1 31 2 241 1 243 1 4 3 3 3 239 1
4 2 12 182 1 142 1 30 1 15 1 179 1 214 2 13 1 117 1 31 2 4 3 3 3 34 1
50 21 8 171 1 336 1 37 1 117 1 292 5 31 2 26 1 29 1
//IdTournes NbColis
8 6
//IdColis IdCommandeInColis NbProducts IdProd1 QtyProd1 IdProd2 QtyProd2 ...
60 28 21 54 1 122 1 222 1 229 1 155 1 141 1 158 1 69 1 135 1 226 1 190 1 138 1 5 2 168 2 38 1 223 1 30 1 117 1 31 2 4 3 3 3
62 29 15 122 1 155 1 235 1 225 1 224 1 227 1 141 1 113 1 158 1 135 1 180 1 117 1 26 1 29 1 31 2
63 30 14 255 1 139 1 232 1 233 1 234 1 5 2 168 2 38 1 247 1 91 1 125 1 31 2 4 3 3 3
64 31 12 221 1 122 1 131 1 139 1 231 1 26 1 29 1 31 2 253 1 245 1 242 1 252 1
65 32 12 53 1 268 1 212 1 202 1 32 1 199 1 271 1 274 1 13 1 26 1 29 1 31 2
66 33 11 257 1 79 1 273 1 263 1 76 1 286 1 118 1 278 1 26 1 29 1 31 2
//IdTournes NbColis
9 6
//IdColis IdCommandeInColis NbProducts IdProd1 QtyProd1 IdProd2 QtyProd2 ...
13 6 34 22 1 56 1 259 1 74 1 261 1 64 1 195 1 38 2 270 1 35 2 36 2 256 1 262 1 282 1 291 1 246 2 286 1 287 1 14 1 283 3 41 3 17 3 31 2 281 1 285 1 28 1 280 1 12 1 289 1 4 1 3 3 279 1 254 1 170 2
67 34 17 251 1 127 1 139 1 260 1 5 2 168 2 38 1 100 1 1 1 26 1 29 1 31 2 288 1 33 2 4 2 3 2 9 1
68 35 13 290 1 139 1 259 1 267 1 264 1 258 1 203 1 271 1 292 1 26 1 29 1 31 2 288 1
7 3 4 41 2 31 1 4 3 3 3
9 4 3 4 2 3 2 9 1
12 5 2 4 1 3 3
//IdTournes NbColis
10 3
//IdColis IdCommandeInColis NbProducts IdProd1 QtyProd1 IdProd2 QtyProd2 ...
19 8 2 4 2 3 2
14 6 2 4 2 9 1
48 20 1 4 2
