//NbTournees
6
//IdTournes NbColis
1 6
//IdColis IdCommandeInColis NbProducts IdProd1 QtyProd1 IdProd2 QtyProd2 ...
1 1 14 272 1 296 2 301 2 1 1 29 1 37 2 85 1 115 1 129 2 169 2 2 1 16 1 20 1 292 1
7 2 11 210 1 295 1 311 1 215 1 302 1 272 2 310 1 1 1 29 1 37 2 8 1
17 3 16 235 1 1 1 29 1 37 2 85 1 115 2 129 2 169 2 10 1 20 1 41 1 44 2 50 2 86 1 225 1 199 1
23 4 13 288 1 215 1 294 1 295 1 302 1 9 1 1 1 29 1 37 2 51 2 85 1 115 1 75 1
29 5 12 1 1 29 2 37 2 85 1 115 2 129 2 169 3 19 1 20 1 40 3 44 1 71 1
33 6 10 272 3 307 2 293 1 1 1 29 2 37 2 85 1 115 2 129 2 267 1
//IdTournes NbColis
2 6
//IdColis IdCommandeInColis NbProducts IdProd1 QtyProd1 IdProd2 QtyProd2 ...
34 6 15 169 3 92 1 3 1 12 1 20 1 44 2 68 2 76 1 93 2 94 1 95 2 81 2 33 1 255 1 224 1
8 2 14 37 1 97 1 85 1 115 2 129 3 169 3 92 3 87 1 4 3 5 1 10 1 70 1 255 1 199 1
24 4 11 129 2 87 1 5 2 20 1 40 4 44 2 55 1 68 3 46 1 95 2 290 1
4 1 19 264 1 171 2 7 1 13 1 67 1 73 1 102 1 136 1 172 1 176 1 265 2 109 1 62 3 113 2 120 1 121 2 270 1 214 1 199 1
12 2 19 177 1 264 1 61 1 152 1 7 2 24 1 67 1 72 1 73 1 99 2 104 1 151 2 154 2 163 1 187 1 313 1 77 1 273 1 276 1
26 4 18 43 1 117 2 123 1 131 1 134 1 177 1 178 1 105 1 7 1 13 1 24 1 72 2 73 1 154 1 265 3 283 1 39 1 276 1
//IdTournes NbColis
3 6
//IdColis IdCommandeInColis NbProducts IdProd1 QtyProd1 IdProd2 QtyProd2 ...
30 5 17 46 3 47 1 48 1 49 1 103 1 106 1 110 1 126 1 140 1 141 1 145 1 149 1 180 1 181 2 7 1 98 1 197 1
36 6 24 147 1 222 1 172 1 265 1 11 1 27 1 71 1 83 1 90 1 283 2 284 1 6 2 139 1 143 1 146 1 148 1 258 1 205 1 213 1 304 2 63 2 101 1 214 1 224 1
35 6 22 81 1 126 1 140 1 300 1 33 1 84 1 135 2 43 1 59 1 79 1 91 1 127 1 177 1 223 1 8 1 24 1 65 1 73 1 133 1 144 1 199 1 263 1
13 2 25 11 2 66 1 71 1 90 2 283 1 107 1 139 1 236 1 246 1 249 1 197 1 258 1 201 2 304 2 220 2 45 2 64 1 101 1 113 1 182 2 183 2 303 2 25 2 214 1 234 1
19 3 16 122 1 164 1 167 1 177 1 185 1 171 1 13 3 24 2 73 1 80 1 118 2 128 2 132 1 142 1 240 1 199 1
11 2 17 274 2 312 1 135 1 179 1 14 1 43 1 59 2 79 2 82 2 112 1 153 1 127 1 158 2 177 1 214 1 207 1 238 1
//IdTournes NbColis
4 6
//IdColis IdCommandeInColis NbProducts IdProd1 QtyProd1 IdProd2 QtyProd2 ...
14 2 42 58 1 28 1 116 1 226 2 291 1 285 1 216 2 52 1 214 5 192 5 195 2 298 2 211 1 314 1 57 1 203 2 315 2 15 2 237 1 22 2 275 5 257 1 229 1 247 1 256 1 230 1 266 1 289 1 206 1 290 2 248 2 269 1 193 1 227 1 228 1 212 1 232 1 221 1 189 1 252 1 268 3 238 1
21 3 34 183 1 261 1 270 2 306 2 254 3 291 1 216 1 214 3 192 4 195 1 251 1 298 2 211 2 253 2 15 1 231 1 259 1 282 1 240 1 297 1 305 1 247 1 245 1 289 1 299 1 239 1 260 2 193 1 227 1 281 1 244 1 276 2 189 1 199 1
27 4 31 88 1 184 1 197 2 54 1 173 1 201 2 205 1 208 1 63 1 100 2 113 1 161 4 204 3 32 1 114 1 116 1 226 2 214 2 192 1 243 1 15 2 271 1 35 1 250 1 289 1 260 1 193 1 241 1 199 1 277 1 207 1
37 6 23 303 1 31 1 306 1 254 2 216 2 214 3 243 2 286 1 56 1 287 1 39 2 309 1 15 2 271 2 278 1 22 1 209 1 239 1 242 1 248 2 280 1 277 2 207 1
9 2 8 40 4 44 3 16 2 20 2 53 3 60 1 46 2 70 1
31 5 36 72 1 73 1 130 1 133 1 202 2 191 2 201 2 205 2 208 1 213 1 204 1 28 1 218 3 200 1 216 1 17 1 219 1 214 1 192 1 195 1 211 2 203 2 39 3 36 1 209 2 198 1 206 1 194 1 193 1 217 1 196 1 212 1 189 1 190 1 199 1 207 1
//IdTournes NbColis
5 6
//IdColis IdCommandeInColis NbProducts IdProd1 QtyProd1 IdProd2 QtyProd2 ...
20 3 22 174 1 175 1 176 2 42 2 77 1 284 1 18 1 96 1 143 1 148 1 258 2 34 1 191 1 267 2 201 1 205 1 208 1 304 2 220 2 121 3 183 1 214 1
2 1 11 21 1 23 1 40 4 44 2 46 3 74 2 89 1 95 3 103 2 141 1 248 1
5 1 31 161 1 182 1 25 1 28 2 218 3 114 1 116 1 26 1 291 3 166 3 186 3 52 1 168 1 30 1 214 1 243 1 253 1 203 2 38 1 271 1 275 3 297 2 292 2 262 1 193 1 308 1 196 1 189 1 199 1 277 1 207 2
3 1 16 137 2 138 1 126 1 160 1 145 1 165 1 84 1 155 1 59 2 82 2 111 1 112 1 117 1 127 1 177 2 63 1
18 3 15 68 3 81 3 93 2 124 1 125 1 84 1 119 1 59 1 69 1 78 1 79 1 112 1 117 1 177 1 290 1
10 2 14 46 1 95 4 103 3 108 1 140 1 150 3 126 1 157 1 159 1 145 1 170 1 274 1 233 1 276 1
//IdTournes NbColis
6 1
//IdColis IdCommandeInColis NbProducts IdProd1 QtyProd1 IdProd2 QtyProd2 ...
25 4 13 95 2 103 2 106 1 137 2 140 1 141 2 126 1 162 1 145 3 188 3 279 1 156 1 249 1
