//NbTournees
12
//IdTournes NbColis
1 6
//IdColis IdCommandeInColis NbProducts IdProd1 QtyProd1 IdProd2 QtyProd2 ...
2 1 33 28 1 39 1 40 2 323 1 331 1 89 1 14 1 18 1 64 1 112 1 131 1 42 1 333 1 35 1 325 1 94 1 4 1 25 1 34 1 11 1 140 1 98 1 339 1 141 2 143 1 1 1 30 1 36 1 111 1 125 1 135 1 179 1 310 1
5 2 24 40 1 168 1 89 1 14 1 18 1 64 1 122 1 131 1 94 1 4 1 25 1 34 1 11 1 169 1 98 1 41 1 177 1 126 1 141 1 143 1 1 1 30 1 176 1 180 1
10 3 7 126 1 278 1 143 1 10 1 1 1 30 1 154 1
12 4 12 38 1 293 1 295 1 140 1 309 1 1 1 166 1 144 1 135 1 307 1 197 1 315 1
16 5 24 90 1 66 1 303 1 97 1 304 1 302 1 5 1 7 1 21 1 57 1 28 1 39 1 40 1 89 1 14 1 18 1 184 1 64 1 195 1 122 1 131 2 147 1 217 1 1 1
20 6 34 7 1 21 1 26 1 28 1 39 1 40 1 314 1 89 1 14 1 18 1 64 1 112 1 131 1 241 1 94 1 4 1 25 1 34 1 305 1 193 1 140 1 98 1 8 1 126 1 141 1 143 1 1 1 30 1 261 1 316 1 144 1 306 1 135 1 310 1
//IdTournes NbColis
2 6
//IdColis IdCommandeInColis NbProducts IdProd1 QtyProd1 IdProd2 QtyProd2 ...
24 7 29 311 1 43 1 25 1 34 1 312 1 104 1 107 1 132 1 140 1 152 1 98 2 41 1 232 1 292 1 54 1 133 1 313 1 141 1 113 1 108 1 143 1 1 1 47 4 30 1 296 1 301 2 308 1 125 1 149 1
29 8 12 85 1 41 1 177 1 126 1 340 1 141 1 1 1 55 1 30 3 173 1 176 1 180 1
31 9 37 57 1 28 1 39 1 40 1 299 1 14 1 18 1 64 1 326 1 330 1 112 1 131 1 332 1 128 1 324 1 94 1 4 1 25 1 34 1 11 1 132 1 98 1 334 1 133 1 126 1 141 1 143 1 1 1 45 1 55 1 30 1 60 1 123 1 287 1 307 1 149 1 179 1
35 10 18 338 1 83 1 138 1 133 1 129 1 148 1 126 1 141 2 143 1 1 1 50 1 55 1 30 1 337 1 124 1 125 1 142 1 149 1
37 11 25 28 1 39 1 40 1 284 1 336 1 221 1 14 1 18 1 64 1 329 1 122 1 131 1 217 1 94 1 4 1 16 1 25 1 34 1 140 1 98 1 41 1 141 1 143 1 1 1 335 1
40 12 33 57 1 28 1 39 1 40 1 115 1 82 1 89 1 14 1 18 1 64 1 102 1 122 1 131 1 91 1 35 1 94 1 4 1 25 1 34 1 11 1 99 1 140 1 98 1 117 1 41 1 116 1 126 1 141 1 143 1 1 1 30 1 136 1 135 1
//IdTournes NbColis
3 6
//IdColis IdCommandeInColis NbProducts IdProd1 QtyProd1 IdProd2 QtyProd2 ...
43 13 33 130 1 89 1 64 1 69 1 14 1 18 1 153 1 112 1 131 1 217 1 94 1 4 1 16 1 25 1 34 1 100 1 11 1 140 1 98 1 109 1 41 1 120 1 126 1 141 1 121 1 143 1 1 1 254 1 30 1 257 1 123 1 114 1 127 1
46 14 37 77 1 89 1 64 1 68 1 76 1 95 1 14 1 18 1 112 1 131 1 88 1 94 1 35 1 209 1 25 1 212 1 34 1 106 1 11 2 98 1 85 1 41 1 83 1 110 1 93 1 126 1 141 1 218 1 143 1 1 1 30 1 103 1 139 1 144 1 111 1 135 1 150 1
49 15 31 64 1 69 1 102 1 14 1 18 1 122 1 131 1 214 1 217 1 94 1 16 1 25 1 34 1 11 1 159 1 98 1 171 1 181 1 54 1 177 1 126 1 170 1 141 1 143 1 1 1 30 1 172 1 173 1 176 1 180 1 174 2
52 16 26 95 1 14 1 18 1 64 1 112 1 131 1 128 1 241 1 157 1 94 1 35 1 4 1 25 1 34 1 182 1 140 1 152 1 98 1 244 1 126 1 141 1 143 1 1 1 30 1 175 1 233 1
53 17 19 3 1 75 2 90 1 66 1 97 1 167 1 156 1 9 1 5 1 7 1 21 1 28 1 39 1 236 1 40 1 89 1 228 1 14 1 1 1
56 18 20 64 1 122 1 131 1 162 1 94 1 4 1 25 1 34 1 11 1 98 1 205 1 177 1 126 1 143 1 213 1 1 1 30 1 173 1 176 1 180 1
//IdTournes NbColis
4 6
//IdColis IdCommandeInColis NbProducts IdProd1 QtyProd1 IdProd2 QtyProd2 ...
58 19 27 165 1 14 1 18 1 64 1 122 1 131 1 94 1 35 1 4 1 25 1 34 1 11 1 140 1 98 1 164 1 41 1 133 1 177 1 126 1 231 1 141 1 143 1 1 1 30 1 183 1 125 1 135 1
59 20 20 3 1 75 1 90 1 190 1 66 1 84 1 189 1 192 1 97 1 2 1 5 1 7 1 21 1 28 1 39 1 40 1 238 1 186 1 89 1 1 1
62 21 22 14 1 18 1 64 1 112 1 131 1 188 1 224 1 239 1 94 1 242 1 34 1 100 1 98 1 41 1 143 1 1 1 225 1 202 1 173 1 176 1 230 1 180 2
64 22 27 64 1 112 1 131 1 94 1 35 1 25 1 34 1 193 1 250 1 11 1 99 1 140 1 152 1 98 2 235 1 93 1 141 1 143 1 1 1 30 1 258 1 199 1 203 1 114 1 198 1 135 1 150 2
66 23 17 237 1 239 1 94 1 4 1 25 1 34 1 140 1 98 1 235 1 232 1 229 1 126 1 141 1 143 1 1 1 30 1 135 1
68 24 12 25 1 34 1 140 1 98 1 85 1 126 1 141 1 143 1 10 1 1 1 30 1 135 1
//IdTournes NbColis
5 6
//IdColis IdCommandeInColis NbProducts IdProd1 QtyProd1 IdProd2 QtyProd2 ...
69 25 24 48 1 75 1 90 1 66 1 97 1 9 1 5 1 28 1 40 1 222 1 221 1 14 1 18 1 64 1 69 1 223 1 4 1 16 1 25 1 34 1 11 1 98 1 1 1 30 1
72 26 12 25 1 34 1 98 1 41 1 177 1 141 1 143 1 1 1 30 1 173 1 176 1 180 1
73 27 28 75 1 90 1 66 1 97 1 9 1 5 1 7 1 28 1 40 1 89 1 14 1 18 1 64 1 131 1 162 1 217 1 94 1 4 1 16 1 25 1 34 1 11 1 259 1 98 1 41 1 126 1 1 1 30 1
1 1 16 3 1 27 1 75 1 321 1 90 1 66 1 84 1 158 1 327 1 97 1 9 1 2 2 5 1 7 1 20 1 21 1
8 3 16 31 1 17 1 67 1 75 1 90 1 66 1 73 1 84 1 151 1 97 1 9 1 2 1 5 1 6 1 7 1 21 1
11 4 7 33 2 37 1 75 1 2 1 186 1 22 1 23 1
//IdTournes NbColis
6 6
//IdColis IdCommandeInColis NbProducts IdProd1 QtyProd1 IdProd2 QtyProd2 ...
19 6 11 24 1 31 1 58 1 17 1 75 1 90 1 66 1 97 1 9 1 2 1 5 1
42 13 17 53 1 17 1 75 1 90 1 62 1 66 1 84 1 97 1 2 1 5 1 7 1 21 1 28 1 39 1 40 1 86 1 135 1
45 14 17 31 1 17 1 80 1 90 1 66 1 84 1 97 1 101 1 9 1 2 1 5 1 7 1 21 1 28 1 39 1 219 1 118 1
51 16 19 17 1 75 1 90 1 81 1 73 1 66 1 84 1 97 1 2 1 5 1 7 1 227 1 21 1 28 1 39 1 40 2 89 1 155 1 135 1
57 19 18 210 1 75 1 137 1 90 1 158 1 66 1 97 1 243 1 9 1 2 1 5 1 226 1 7 1 28 1 40 1 240 1 89 1 179 1
63 22 20 17 1 75 1 90 1 66 1 84 1 97 1 9 1 2 1 5 1 7 1 21 1 28 1 39 1 40 1 89 2 95 1 194 1 14 1 18 1 126 1
//IdTournes NbColis
7 6
//IdColis IdCommandeInColis NbProducts IdProd1 QtyProd1 IdProd2 QtyProd2 ...
65 23 23 80 1 90 1 66 1 73 1 84 1 247 1 97 1 9 1 2 1 5 1 7 1 28 1 40 1 161 1 186 1 89 1 14 1 18 1 64 1 191 1 112 1 131 1 11 1
67 24 22 17 1 75 1 90 1 66 1 84 1 97 1 2 1 5 1 7 1 21 1 28 1 39 1 40 1 89 1 14 1 18 1 64 1 122 1 131 1 94 1 35 1 10 1
75 28 17 31 1 90 1 73 1 84 1 2 1 226 1 260 1 95 1 91 1 35 1 193 1 140 1 268 1 170 1 264 1 135 1 150 1
4 2 15 29 1 31 1 3 1 75 1 32 1 90 1 66 1 97 1 160 1 5 1 7 1 21 1 28 1 39 1 173 1
15 5 6 37 1 293 1 295 1 3 1 75 1 143 1
30 9 13 58 1 31 1 3 1 80 2 90 1 66 1 84 1 97 1 44 1 5 1 7 1 21 1 89 1
//IdTournes NbColis
8 6
//IdColis IdCommandeInColis NbProducts IdProd1 QtyProd1 IdProd2 QtyProd2 ...
36 11 12 48 1 29 1 3 2 75 1 90 1 285 1 66 1 97 1 5 1 7 1 21 1 140 1
39 12 14 29 1 31 1 3 1 75 1 137 1 90 1 66 1 70 1 72 1 97 1 5 1 7 1 21 1 119 1
55 18 17 210 1 3 1 75 1 90 1 66 1 97 1 5 1 7 1 21 1 28 1 39 1 40 1 161 1 89 1 14 1 18 1 141 1
9 3 31 277 1 57 1 28 1 39 1 40 1 118 1 89 1 14 1 18 1 64 1 68 1 134 1 112 1 131 1 63 1 12 1 19 1 217 1 291 1 94 1 35 1 4 1 16 1 25 1 34 1 140 1 298 1 98 1 235 1 41 1 141 1
17 5 21 187 1 94 1 4 1 16 1 25 1 34 1 11 1 132 1 98 1 177 1 126 1 141 1 30 1 196 1 201 1 166 1 203 1 136 1 176 1 204 1 197 1
54 17 25 18 1 64 1 112 1 131 1 147 1 94 1 4 1 25 1 34 1 11 1 98 1 85 1 41 1 110 1 177 1 178 1 126 1 231 1 141 1 143 1 225 1 30 1 166 1 176 1 180 1
//IdTournes NbColis
9 6
//IdColis IdCommandeInColis NbProducts IdProd1 QtyProd1 IdProd2 QtyProd2 ...
60 20 21 14 1 18 1 64 1 246 2 122 1 131 1 94 1 35 1 4 1 25 1 34 1 140 1 159 1 98 1 41 1 126 1 141 1 143 1 55 1 30 1 135 1
71 26 24 75 1 90 1 66 1 206 1 97 1 9 1 5 1 7 1 57 1 211 2 28 1 40 1 89 1 14 1 18 1 64 1 122 1 131 1 217 1 35 1 94 1 4 1 16 1 126 1
22 7 14 53 1 17 1 59 1 80 1 74 1 90 1 66 1 84 1 79 1 97 1 5 1 7 1 46 2 126 1
28 8 25 27 1 66 1 84 1 97 1 5 1 7 1 21 1 28 1 39 1 40 1 86 1 89 1 14 1 18 1 64 1 122 1 131 1 217 1 35 1 94 1 16 1 34 1 25 1 98 1 143 1
33 10 13 58 1 31 1 17 1 49 1 80 1 90 1 66 1 84 1 97 1 78 1 5 1 7 1 112 1
48 15 22 75 1 137 1 66 1 84 1 97 1 206 1 9 1 5 1 7 1 207 1 208 1 21 1 57 1 28 1 39 1 215 1 40 1 216 1 163 1 220 1 89 1 41 1
//IdTournes NbColis
10 6
//IdColis IdCommandeInColis NbProducts IdProd1 QtyProd1 IdProd2 QtyProd2 ...
61 21 16 24 1 234 1 75 1 185 1 90 2 84 1 97 1 9 1 5 1 7 1 28 1 40 1 245 1 200 1 89 1 141 1
76 29 16 15 1 29 1 31 1 256 1 253 1 249 1 102 1 252 1 267 1 248 1 129 1 270 1 269 1 261 1 142 1 149 1
34 10 28 21 1 57 1 28 1 39 1 40 1 299 1 319 1 105 1 89 1 14 1 18 1 64 1 71 1 95 1 146 1 131 1 128 1 147 1 22 1 94 1 145 1 25 1 34 1 312 1 11 1 140 1 152 2 98 1
78 30 17 29 1 31 1 84 1 255 1 57 1 263 1 262 1 110 1 177 1 271 1 251 1 173 1 265 1 176 1 144 1 180 1 266 1
6 3 5 33 2 293 1 13 1 65 1 125 1
23 7 26 51 1 21 1 57 1 26 1 28 1 294 1 39 1 297 1 40 1 299 1 87 1 96 1 89 2 14 1 18 1 64 1 76 1 95 1 112 1 131 1 128 1 52 1 92 1 61 1 94 1 56 1
//IdTournes NbColis
11 6
//IdColis IdCommandeInColis NbProducts IdProd1 QtyProd1 IdProd2 QtyProd2 ...
79 31 14 29 1 272 1 46 1 276 1 57 1 282 1 130 1 279 1 177 1 275 1 55 1 166 1 176 1 180 1
14 5 4 38 1 33 2 15 1 180 1
27 8 6 33 1 293 1 295 1 17 1 80 1 300 1
80 32 8 273 1 280 1 284 1 242 1 283 1 290 1 289 1 288 1
81 33 16 29 1 31 1 285 1 84 1 281 1 286 1 167 1 20 1 291 1 235 1 177 1 274 1 173 1 287 1 176 1 180 1
7 3 6 295 1 37 1 38 1 58 1 81 1 135 1
//IdTournes NbColis
12 2
//IdColis IdCommandeInColis NbProducts IdProd1 QtyProd1 IdProd2 QtyProd2 ...
26 8 6 37 1 38 1 33 1 31 1 90 1 175 1
82 34 12 317 1 318 1 284 1 96 1 328 1 320 1 177 1 322 1 166 1 36 1 176 1 180 1
