//NbTournees
9
//IdTournes NbColis
1 6
//IdColis IdCommandeInColis NbProducts IdProd1 QtyProd1 IdProd2 QtyProd2 ...
2 1 22 147 1 152 1 67 1 14 1 65 1 7 1 25 2 149 1 4 1 71 5 19 1 26 1 18 1 9 1 12 1 8 3 158 1 178 1 10 1 16 1 153 1 156 1
6 2 22 34 1 31 1 38 1 71 5 35 1 26 1 29 1 361 1 33 1 30 1 37 1 146 2 186 1 189 1 21 1 66 1 249 2 145 5 222 1 111 1 154 2 362 1
8 3 25 246 1 155 1 125 1 247 1 23 1 152 1 346 1 347 1 147 1 239 1 14 1 28 1 65 1 46 1 52 1 4 1 71 5 35 1 26 1 33 1 45 2 16 1 47 1 21 1 112 1
11 4 27 369 1 23 1 14 1 54 1 31 1 71 5 35 1 26 1 9 1 12 1 8 1 367 1 178 1 33 1 60 1 30 1 58 1 17 1 37 1 146 1 370 1 56 1 21 1 66 2 204 1 135 1 363 1
15 5 24 75 1 71 5 35 1 26 1 9 1 12 1 64 1 178 1 33 1 45 2 16 1 17 2 214 1 218 1 98 1 351 1 56 1 63 1 66 1 21 1 249 3 145 3 100 2 135 1
19 6 36 235 1 12 1 367 1 178 3 33 1 80 1 37 1 176 1 379 1 218 1 81 1 150 1 162 2 66 3 249 1 145 5 443 2 100 2 441 1 1 1 382 2 3 1 20 1 89 1 69 1 68 1 85 1 102 2 88 1 163 1 166 1 223 1 110 1 401 1 112 1 363 1
//IdTournes NbColis
2 6
//IdColis IdCommandeInColis NbProducts IdProd1 QtyProd1 IdProd2 QtyProd2 ...
21 7 12 181 1 264 1 126 1 437 1 438 1 180 1 177 3 356 1 183 1 179 1 97 1 33 1
36 11 13 250 3 251 1 254 2 259 2 84 4 274 1 275 1 86 1 302 3 304 1 305 1 311 1 363 1
39 11 24 92 1 300 1 38 1 328 2 329 1 71 9 35 1 26 1 235 1 130 1 320 1 395 1 33 1 218 2 253 1 16 1 17 1 287 1 379 1 231 1 409 1 2 1 107 1 154 2
47 12 26 235 1 9 1 33 2 37 1 286 1 287 1 176 1 30 1 379 1 290 1 162 1 66 1 21 1 292 1 63 1 145 5 279 1 131 1 57 1 265 1 111 5 283 1 273 1 241 1 371 1 156 2
12 4 43 208 1 61 1 145 5 368 1 100 2 57 1 62 1 265 2 111 5 207 1 364 1 1 1 11 1 50 2 107 1 148 2 51 1 59 1 3 1 20 2 68 1 99 1 102 2 209 1 110 1 55 1 202 1 230 5 206 1 200 1 137 1 348 1 154 1 103 1 195 1 365 1 184 2 112 1 354 1 134 6 198 1 203 1 101 4
48 12 32 50 1 135 1 1 1 11 1 284 1 107 1 148 2 285 1 3 1 20 1 288 1 68 1 99 1 280 1 102 1 166 1 110 1 49 1 127 2 202 1 55 1 374 1 230 5 267 1 137 1 103 1 373 1 112 1 171 2 134 6 203 1 101 2
//IdTournes NbColis
3 6
//IdColis IdCommandeInColis NbProducts IdProd1 QtyProd1 IdProd2 QtyProd2 ...
41 11 24 145 7 279 1 306 3 57 1 314 2 222 1 111 8 233 1 273 1 277 1 229 5 427 3 241 1 1 1 36 1 336 1 148 3 135 1 50 3 42 1 20 1 3 1 89 3 137 1
18 6 23 257 1 369 2 125 1 83 1 77 2 79 1 84 2 86 1 93 1 24 1 434 1 355 1 67 1 46 1 90 1 87 1 38 1 91 1 92 1 71 3 35 1 130 1 102 1
38 11 18 239 1 278 2 312 2 324 1 333 2 392 2 322 1 28 1 326 1 54 1 65 1 338 1 393 1 238 1 269 2 276 1 87 3 92 1
51 13 34 58 1 17 1 37 1 176 1 379 1 189 1 98 1 370 1 390 1 430 1 186 1 66 1 295 1 21 1 385 1 386 1 249 1 145 5 383 1 432 1 279 1 299 1 222 1 111 5 135 1 1 1 107 1 148 2 50 2 382 1 431 1 42 1 69 1 154 1
7 2 47 111 4 40 1 109 1 185 1 1 1 36 1 135 1 50 2 107 1 148 2 48 1 197 1 139 1 123 1 42 1 3 1 20 2 41 1 357 1 69 2 196 1 99 1 32 1 102 2 110 1 127 3 49 2 96 1 94 5 193 2 187 1 199 1 348 1 175 1 103 2 192 1 195 2 136 1 353 1 359 1 190 1 112 1 354 1 134 6 198 1 363 2 101 3
46 12 22 24 1 77 1 358 1 360 1 242 1 239 1 378 1 28 1 377 1 65 1 372 1 289 1 291 1 294 2 376 1 238 1 282 1 71 5 26 1 218 1 50 1 154 2
//IdTournes NbColis
4 6
//IdColis IdCommandeInColis NbProducts IdProd1 QtyProd1 IdProd2 QtyProd2 ...
3 1 38 17 1 146 2 2 1 150 1 21 1 66 1 5 1 145 5 432 1 143 1 100 2 13 1 111 5 22 1 444 1 133 1 159 1 447 1 1 1 11 2 148 1 107 1 135 1 50 2 139 1 3 1 20 2 446 1 69 1 99 1 68 1 102 1 110 1 96 2 127 1 49 1 94 5 154 1
35 11 14 410 4 356 1 191 1 215 1 318 1 257 1 155 1 125 2 262 2 83 1 256 3 414 3 234 1 220 1
45 12 18 264 1 194 1 180 1 268 1 172 1 246 1 266 1 215 1 375 1 125 1 247 2 83 1 243 1 281 1 86 2 23 1 201 1 190 1
34 11 8 224 3 399 1 172 3 177 1 404 1 246 1 410 5 271 1
42 11 50 408 1 117 1 303 2 307 2 196 3 415 1 99 1 68 1 270 2 85 4 301 2 308 3 315 2 88 2 225 1 223 1 232 1 252 1 398 1 166 1 323 3 335 1 55 1 202 1 127 3 49 3 94 2 219 1 221 1 230 6 428 1 429 1 226 4 413 4 417 2 424 2 236 4 423 1 403 8 263 1 156 1 422 1 227 5 103 1 411 5 175 2 228 5 406 5 412 4 401 2
22 7 23 125 2 369 1 23 1 104 1 105 1 358 1 360 1 251 1 147 1 14 1 28 1 106 1 31 1 4 1 71 5 26 1 361 1 9 1 178 2 439 1 16 1 98 1 107 1
//IdTournes NbColis
5 6
//IdColis IdCommandeInColis NbProducts IdProd1 QtyProd1 IdProd2 QtyProd2 ...
26 8 21 71 4 35 1 26 1 361 1 9 2 64 1 115 1 113 1 17 1 37 1 30 1 58 1 379 1 120 1 66 2 145 5 100 1 13 1 111 3 40 1 127 1
50 13 23 24 1 105 1 358 1 243 1 244 1 144 1 239 1 28 1 65 1 294 1 388 2 297 1 300 1 238 1 71 5 26 1 9 1 158 1 178 1 146 1 58 1 290 1 137 1
27 8 32 111 2 22 1 133 2 107 1 135 1 50 2 148 2 123 1 211 1 20 1 3 1 117 1 99 1 68 1 102 1 118 1 202 1 127 1 49 2 94 5 137 1 213 1 154 2 156 1 103 1 124 1 136 1 210 1 112 1 134 6 203 4 101 3
52 13 37 3 1 20 1 69 1 293 1 117 1 68 1 99 1 102 2 296 1 381 1 166 2 118 1 380 1 202 1 298 1 391 1 127 3 49 1 433 1 230 5 137 1 389 1 154 1 156 2 103 1 373 1 95 1 387 1 359 1 384 1 184 2 190 1 112 1 134 6 171 1 198 1 101 2
40 11 21 327 2 81 3 337 3 325 2 334 2 394 1 396 3 400 2 98 2 370 1 260 2 21 1 66 1 310 1 272 2 258 1 316 3 145 1 237 1 100 1 156 2
49 13 17 188 1 160 1 161 1 180 1 172 1 246 1 216 1 125 1 247 1 248 1 366 1 77 1 274 1 86 1 23 1 93 2 245 1
//IdTournes NbColis
6 6
//IdColis IdCommandeInColis NbProducts IdProd1 QtyProd1 IdProd2 QtyProd2 ...
16 5 35 145 2 76 1 265 3 111 5 40 1 159 1 36 1 50 2 107 1 148 2 139 1 72 1 3 1 20 1 41 1 69 1 68 1 99 1 102 2 166 1 127 1 96 1 94 5 137 1 70 1 156 1 175 1 103 1 352 1 353 1 112 2 354 1 134 6 171 1 101 1
23 7 37 146 2 21 1 47 1 66 3 145 5 100 1 111 5 109 1 133 2 36 1 135 1 50 2 148 2 182 1 139 2 108 1 72 1 20 1 41 1 69 1 99 1 68 1 102 3 110 1 96 1 127 1 49 1 94 5 137 1 154 1 156 1 103 1 95 1 112 1 184 1 134 6 101 4
5 2 17 188 1 194 1 126 1 161 1 180 1 246 1 356 2 39 1 191 1 247 1 27 1 358 1 360 1 14 1 28 1 65 1 68 1
28 9 18 126 1 194 1 180 1 177 1 246 1 128 1 125 2 155 1 86 1 77 1 14 1 28 1 65 1 129 1 4 1 71 5 145 1 101 1
30 10 20 264 1 126 1 180 1 132 1 128 1 141 1 138 1 23 1 77 1 142 1 342 1 239 1 14 1 28 1 65 2 129 1 4 1 341 1 71 3 127 1
31 10 42 71 1 35 2 26 1 178 1 16 1 45 1 146 1 189 1 66 1 21 1 339 1 145 5 131 1 111 5 133 1 135 1 50 2 107 1 148 2 51 1 140 1 139 1 20 1 3 1 41 1 68 1 99 1 102 1 110 1 127 2 96 1 94 5 137 1 154 1 156 1 103 1 136 3 343 1 340 1 190 1 112 1 134 4
//IdTournes NbColis
7 6
//IdColis IdCommandeInColis NbProducts IdProd1 QtyProd1 IdProd2 QtyProd2 ...
14 5 18 264 1 194 1 161 1 246 1 216 1 356 1 191 1 215 2 217 1 125 1 155 1 73 1 74 1 23 1 355 1 67 1 65 2 101 1
1 1 17 126 1 160 1 161 1 180 1 246 1 132 1 436 2 15 1 155 1 125 1 247 2 6 1 23 1 24 1 157 1 144 1 151 1
29 9 32 35 1 26 1 130 1 16 1 45 2 218 1 21 1 66 1 145 3 111 4 50 2 36 1 135 1 107 1 148 2 20 1 3 1 41 1 99 1 102 1 110 1 127 2 49 2 96 1 94 4 137 1 103 1 350 1 151 1 112 2 134 5 101 1
25 8 22 188 1 160 1 180 1 246 1 436 1 53 1 257 1 125 1 247 1 23 1 119 1 358 1 360 1 121 1 114 1 65 1 52 1 212 1 116 1 122 1 71 1 110 1
37 11 16 309 1 311 1 313 2 317 2 319 2 321 1 23 1 24 1 330 2 331 2 332 2 79 2 358 1 402 1 218 1 154 2
9 3 31 249 1 145 5 111 5 40 1 44 1 50 2 36 1 135 1 107 1 148 2 48 1 51 1 3 1 20 1 41 1 43 1 68 1 99 1 102 1 110 1 49 1 96 1 94 5 345 1 349 1 344 1 137 1 348 1 103 1 134 6 101 2
//IdTournes NbColis
8 6
//IdColis IdCommandeInColis NbProducts IdProd1 QtyProd1 IdProd2 QtyProd2 ...
17 6 15 264 1 160 1 161 1 194 1 180 1 169 1 172 1 177 1 246 1 132 1 216 1 78 1 183 1 440 1 156 1
10 4 15 188 1 194 1 126 1 205 1 160 1 180 1 177 1 172 1 246 1 356 2 53 1 369 1 366 1 201 1 203 1
20 6 34 82 1 127 2 49 1 174 1 96 1 230 7 206 2 442 3 226 1 236 1 193 1 435 1 137 2 175 2 103 1 411 1 164 1 165 4 167 4 168 4 170 4 173 1 228 4 418 4 419 4 421 4 195 1 412 1 405 1 184 1 340 1 190 1 171 1 134 8
43 11 28 412 1 195 1 418 5 419 5 421 5 164 5 165 5 167 5 168 5 170 5 173 5 124 1 240 4 261 4 425 1 426 4 416 5 420 5 405 7 397 1 151 1 201 1 112 2 190 1 184 1 134 9 203 3 101 2
33 11 7 255 1 407 2 188 1 180 1 224 4 216 1 405 1
4 1 9 445 1 137 2 103 1 136 1 190 1 171 1 134 6 198 1 101 2
//IdTournes NbColis
9 1
//IdColis IdCommandeInColis NbProducts IdProd1 QtyProd1 IdProd2 QtyProd2 ...
32 10 2 134 2 101 2
