//NbTournees
23
//IdTournes NbColis
1 6
//IdColis IdCommandeInColis NbProducts IdProd1 QtyProd1 IdProd2 QtyProd2 ...
1 1 13 624 1 20 1 1 3 27 2 189 1 632 1 369 2 6 1 41 1 626 1 12 1 13 2 170 1
2 1 26 18 2 19 1 43 2 44 2 509 1 477 1 75 2 550 1 633 1 346 1 292 2 373 2 10 1 159 1 359 1 237 2 2 1 48 1 156 1 109 2 162 1 23 1 280 1 330 1 339 1 308 1
5 2 12 21 1 22 1 96 1 37 1 1 1 16 1 424 1 307 1 312 1 11 1 31 1 619 1
9 3 16 643 1 59 1 1 2 33 1 307 1 281 1 201 1 25 1 60 1 68 1 6 1 76 2 12 1 18 1 43 1 47 1
12 4 15 20 1 50 1 59 1 1 1 33 1 58 1 424 1 307 1 301 1 298 1 320 1 201 1 123 1 572 1 38 1
13 4 31 38 1 55 1 623 1 6 1 76 1 627 1 5 1 12 1 18 1 43 2 44 1 46 1 71 2 218 1 219 1 314 2 73 1 2 1 8 1 204 1 297 1 452 1 52 1 245 1 304 1 206 1 17 1 286 1 629 1 590 1 638 1
//IdTournes NbColis
2 6
//IdColis IdCommandeInColis NbProducts IdProd1 QtyProd1 IdProd2 QtyProd2 ...
16 5 17 51 1 32 1 57 1 1 1 271 1 437 1 425 2 74 1 24 1 76 1 79 1 290 1 12 1 13 1 18 1 19 1 43 1
20 6 41 576 1 267 1 2 1 39 1 64 1 66 2 317 1 287 1 200 1 3 1 65 1 80 1 517 1 285 1 402 2 353 1 308 1 78 1 283 2 9 1 244 1 252 1 309 2 230 1 238 1 257 1 261 2 316 1 423 1 263 2 306 2 420 1 232 1 318 1 220 1 679 1 296 1 222 1 226 1 172 1 421 1
23 7 30 398 1 24 1 302 1 88 1 114 2 169 1 573 1 290 1 12 1 18 1 43 2 44 1 543 1 71 1 510 1 202 1 228 1 246 1 282 1 83 1 475 1 635 1 279 1 237 1 2 1 148 1 541 1 109 1 289 1 197 1
27 8 25 516 1 426 1 288 1 627 1 608 1 12 1 18 2 43 2 44 2 71 2 166 1 609 1 218 1 10 2 511 1 635 1 279 2 237 1 265 1 2 1 98 2 109 1 112 2 117 1 118 1
30 9 24 21 1 95 1 84 1 113 1 425 2 85 1 114 2 12 1 18 1 43 1 44 1 53 1 71 1 122 1 492 1 243 1 108 1 73 1 503 1 2 1 82 1 39 1 112 1 117 1
33 10 17 104 1 293 1 16 1 312 1 343 1 123 1 74 2 101 1 288 1 12 1 13 2 18 1 19 1 91 1 42 2 44 1 2 1
//IdTournes NbColis
3 6
//IdColis IdCommandeInColis NbProducts IdProd1 QtyProd1 IdProd2 QtyProd2 ...
82 25 42 2 1 8 1 147 1 148 1 277 1 126 1 315 1 23 1 264 1 209 1 251 1 304 1 194 1 236 1 286 1 370 1 303 1 125 1 247 1 308 1 276 1 187 1 255 1 284 2 244 1 252 1 313 2 230 1 238 1 129 2 28 2 257 2 261 2 316 1 295 1 306 2 232 1 318 1 241 2 296 1 225 2 226 1
103 33 25 16 1 468 1 56 2 178 1 474 1 223 1 288 1 137 1 146 1 191 1 472 1 53 1 477 1 383 1 403 3 492 1 202 1 83 1 45 1 107 1 479 1 489 1 121 1 2 1 177 2
106 34 21 21 1 1 1 33 1 281 1 471 1 464 1 97 2 101 1 469 1 76 1 12 1 18 1 43 2 44 1 71 1 228 1 383 1 373 1 73 1 382 1 48 1
112 36 39 2 1 98 1 500 1 405 1 372 1 89 1 285 1 399 1 229 1 247 1 393 1 308 1 350 1 284 2 124 1 244 1 252 1 313 2 230 1 238 1 497 1 257 2 261 2 316 1 423 1 295 2 306 2 420 1 232 1 428 1 318 1 501 1 329 1 241 1 412 1 296 1 417 1 421 1 262 1
117 38 29 1 1 33 1 27 1 271 1 157 1 146 1 12 1 13 1 18 1 43 1 44 1 314 1 73 1 410 1 489 1 237 1 467 1 98 1 277 1 126 1 264 2 401 1 499 1 268 1 407 1 236 1 170 1 286 1 284 1
134 45 28 136 2 447 1 201 1 343 1 425 1 90 1 463 1 12 1 18 1 19 1 43 1 44 1 71 1 493 1 72 1 478 1 486 1 503 1 2 1 449 1 335 1 377 1 406 1 198 1 494 1 285 1 308 1 86 1
//IdTournes NbColis
4 6
//IdColis IdCommandeInColis NbProducts IdProd1 QtyProd1 IdProd2 QtyProd2 ...
148 52 23 487 1 457 1 136 1 143 1 465 1 281 1 127 1 74 1 482 1 75 1 171 1 373 1 2 1 98 1 66 1 315 1 466 2 416 1 242 1 364 1 377 1 367 1 370 1
36 11 25 457 1 201 1 123 1 366 1 110 1 24 1 90 2 101 1 120 1 85 1 87 1 111 1 79 1 12 1 18 1 43 2 44 1 71 1 75 1 122 1 435 1 81 1 10 1 72 1 73 1
40 12 34 12 1 18 1 91 1 43 2 44 1 71 1 75 1 202 1 349 1 314 1 14 1 72 1 73 1 116 1 237 1 297 1 264 1 374 1 280 1 372 1 360 2 170 2 370 1 3 1 517 1 638 1 285 1 125 1 229 3 208 1 361 1 308 1 327 1 622 1
43 13 44 314 1 45 1 486 1 4 1 141 1 280 1 333 1 206 1 672 1 3 1 138 1 168 1 285 1 7 1 240 1 269 1 308 1 130 1 173 1 134 1 283 1 284 1 142 1 244 1 252 1 313 2 525 1 164 2 230 1 238 1 28 1 63 2 215 1 257 2 261 2 316 1 197 1 263 2 306 2 595 1 329 1 232 1 311 1 226 2
46 14 45 132 1 131 1 18 1 43 1 145 1 71 1 314 1 83 1 35 1 72 1 109 1 317 1 277 1 452 1 242 1 209 1 364 1 304 1 370 1 3 1 517 1 303 1 308 1 130 1 255 1 284 1 61 1 9 1 644 1 244 1 252 1 313 2 230 1 238 1 215 1 257 1 261 1 316 1 295 2 306 2 211 1 232 1 272 1 318 1 341 1
96 30 24 530 1 16 1 27 1 31 1 281 1 320 1 470 1 158 1 92 1 463 1 12 1 18 1 43 2 44 1 71 1 314 1 81 1 133 1 62 1 478 1 70 1 270 1 520 1 257 1
//IdTournes NbColis
5 6
//IdColis IdCommandeInColis NbProducts IdProd1 QtyProd1 IdProd2 QtyProd2 ...
118 38 38 370 1 3 1 65 1 490 1 266 1 285 1 491 1 229 1 308 1 350 1 78 1 284 1 255 1 480 1 504 1 9 1 244 1 252 1 313 2 238 1 497 1 230 1 129 2 28 1 63 1 261 2 316 1 257 2 498 1 263 2 306 2 318 1 232 1 311 2 484 1 226 1 413 1 502 1
136 46 18 37 1 530 1 136 2 307 1 422 1 415 2 97 1 24 1 516 1 191 2 290 1 513 1 81 1 279 1 294 1 489 1 265 1 517 1
149 52 23 3 1 496 1 285 1 308 1 240 1 284 2 481 1 483 1 313 2 244 1 252 1 230 1 238 1 316 1 257 2 261 2 291 1 306 2 263 2 318 1 232 1 488 1 418 1
7 2 38 35 1 188 1 539 1 192 1 486 1 279 1 105 1 237 1 267 1 4 1 64 1 106 1 109 2 66 2 115 1 119 1 204 1 26 1 264 1 280 1 319 1 34 1 285 1 634 2 399 1 352 1 269 1 393 1 308 1 621 1 574 1 283 2 244 1 252 1 309 2 230 1 238 1 630 1
48 15 21 293 1 332 1 143 1 11 1 154 1 155 1 271 1 366 1 127 1 158 1 85 1 137 1 146 1 169 1 12 1 18 1 19 1 43 2 44 1 71 1 171 1
101 32 23 37 1 33 1 27 1 281 1 127 1 532 1 302 1 321 2 472 1 515 1 521 1 5 1 12 1 13 1 18 1 42 2 44 1 509 1 171 1 336 1 388 1 493 1 394 1
//IdTournes NbColis
6 6
//IdColis IdCommandeInColis NbProducts IdProd1 QtyProd1 IdProd2 QtyProd2 ...
39 12 13 100 1 32 1 102 2 424 1 312 2 422 1 103 1 97 2 55 1 92 1 648 1 290 1 5 1
52 16 28 661 1 135 1 110 1 611 1 6 1 450 1 5 2 12 1 18 1 43 2 44 1 71 2 171 1 523 1 202 1 218 1 29 1 159 1 73 1 448 1 265 1 237 1 156 1 264 2 205 1 347 1 280 1 278 1
90 28 24 293 1 354 1 307 1 27 1 281 1 90 1 324 1 302 1 463 1 5 2 131 1 18 1 43 1 145 1 71 1 510 1 523 1 336 1 519 1 493 1 10 1 192 1 511 1 73 1
156 56 35 506 1 136 1 11 1 189 1 518 1 507 1 508 1 5 1 29 1 455 2 112 1 119 1 245 1 364 1 531 1 285 1 308 1 327 1 86 1 284 1 527 1 512 1 244 1 252 1 313 2 230 1 238 1 129 1 257 1 261 1 263 2 306 2 232 1 434 1 418 1
55 17 22 94 1 33 1 102 1 95 1 281 1 157 1 90 1 101 2 288 1 12 1 13 1 18 1 43 1 44 1 166 1 29 1 128 1 10 1 133 1 72 1 105 1 148 1
58 18 14 160 1 152 1 50 1 451 1 281 1 674 1 425 1 611 1 144 1 165 1 669 1 290 1 12 1 128 1
//IdTournes NbColis
7 6
//IdColis IdCommandeInColis NbProducts IdProd1 QtyProd1 IdProd2 QtyProd2 ...
62 19 26 288 1 6 1 146 1 191 1 472 1 169 1 76 1 637 1 573 1 12 1 18 2 43 2 44 2 71 2 569 1 633 1 292 1 314 1 519 1 492 1 29 1 10 2 294 2 270 1 265 1 198 1
111 36 20 20 1 57 1 33 1 27 1 271 1 281 2 470 1 495 1 463 1 6 1 12 1 18 1 43 1 44 1 71 1 477 1 29 1 475 1 73 1 486 1
146 51 24 57 1 271 2 415 2 181 1 6 1 191 1 114 1 131 1 18 1 43 1 145 1 161 1 71 1 442 1 10 1 479 1 279 1 455 2 466 1 385 1 405 1 251 1 170 1 303 1
63 19 34 267 1 112 1 476 1 315 1 141 1 205 1 227 1 299 1 322 1 628 1 224 1 494 1 496 1 210 2 167 1 592 1 187 1 574 1 579 1 566 1 174 1 142 2 69 1 213 3 261 2 212 1 214 2 273 1 241 1 311 1 207 1 226 2 275 2 259 1
65 20 17 100 1 96 1 59 1 136 1 143 1 312 1 11 1 123 1 182 1 92 1 542 1 79 1 573 1 290 1 12 1 13 1 174 1
85 26 46 237 1 115 1 545 1 256 1 304 1 319 1 268 1 224 1 93 1 200 1 490 1 266 1 285 1 278 1 308 1 276 1 551 1 283 2 174 1 244 1 252 1 309 2 164 1 230 1 238 1 129 1 63 1 257 2 261 2 316 1 263 2 306 2 196 1 232 1 272 1 274 1 318 1 458 1 217 1 222 1 234 1 250 1 260 1 488 1 421 1 254 1
//IdTournes NbColis
8 6
//IdColis IdCommandeInColis NbProducts IdProd1 QtyProd1 IdProd2 QtyProd2 ...
91 28 41 279 1 270 1 267 1 156 1 528 1 351 1 26 1 466 1 264 2 245 1 304 1 367 1 342 1 355 1 365 1 236 1 170 1 337 1 266 1 285 1 326 1 208 1 352 1 353 1 308 1 461 1 485 1 173 1 284 2 174 1 244 1 252 1 230 1 238 1 257 2 261 2 306 2 295 1 329 1 232 1 363 1
94 29 40 109 1 204 1 317 1 141 1 264 2 335 1 245 1 364 1 372 1 319 2 357 1 236 1 170 2 285 1 125 1 208 2 353 1 308 1 350 1 255 1 284 2 174 1 9 1 548 1 244 1 252 1 313 2 371 1 230 1 238 1 129 1 257 2 261 2 263 2 306 2 232 1 318 1 345 1 241 1 484 1
3 1 34 339 1 367 2 170 1 286 1 285 1 7 1 491 1 163 2 15 1 283 2 481 1 244 1 252 1 313 3 230 1 238 2 63 2 257 2 261 2 316 1 263 3 306 3 329 1 232 2 318 2 345 1 311 1 225 1 207 2 222 2 226 1 344 1 331 1 259 1
14 4 35 285 1 7 1 399 1 208 1 247 1 308 1 78 1 574 1 77 1 283 2 244 1 252 1 309 2 230 1 238 1 28 1 257 2 261 2 305 1 316 1 263 2 291 1 306 2 400 1 211 1 232 1 318 1 241 2 253 1 221 1 207 1 231 1 250 1 195 1 216 1
69 21 41 671 1 191 1 546 1 12 1 13 1 18 1 42 2 44 1 122 1 493 1 72 1 162 1 665 1 183 1 385 1 280 1 304 1 170 2 236 1 285 1 7 1 568 1 353 1 308 1 176 1 15 1 255 1 283 2 575 1 180 1 483 1 244 1 252 1 309 1 313 1 371 1 230 1 238 1 28 1 257 2 501 1
71 22 13 186 1 37 1 154 2 281 2 362 1 178 3 55 1 111 1 175 1 12 1 18 2 43 2 44 1
//IdTournes NbColis
9 6
//IdColis IdCommandeInColis NbProducts IdProd1 QtyProd1 IdProd2 QtyProd2 ...
73 22 23 80 1 7 1 443 1 384 1 210 3 350 1 551 1 660 1 187 1 284 1 142 1 69 1 371 2 578 1 213 3 460 1 238 1 459 1 214 2 207 1 226 1 231 1 429 1
126 41 35 285 1 7 1 443 1 399 1 229 1 308 1 326 1 78 1 553 1 284 2 480 1 527 2 244 1 252 1 313 2 556 1 525 1 238 1 230 1 28 1 63 2 261 2 316 1 257 2 263 2 306 2 273 1 318 1 232 1 241 1 432 1 555 1 222 1 226 1 413 2
147 51 28 531 1 7 1 278 1 393 1 308 1 536 1 167 1 284 1 504 1 313 2 244 1 252 1 525 1 164 1 230 1 238 1 316 1 257 1 261 1 295 2 306 2 318 1 232 1 445 1 226 1 557 1 456 1 554 2
56 17 37 162 1 524 1 289 1 139 1 264 1 209 1 372 1 319 1 342 1 370 1 285 1 634 1 269 1 278 1 308 1 78 1 283 2 678 1 244 1 252 1 309 2 230 1 238 1 129 1 257 2 261 2 316 1 263 2 306 2 212 1 232 1 318 1 341 1 258 1 262 1 680 1 418 1
75 23 38 43 1 44 1 477 1 122 1 392 1 192 1 73 1 40 1 116 2 577 1 270 1 179 1 54 1 109 2 162 1 662 1 317 1 315 1 26 1 264 1 372 1 364 1 319 1 170 1 286 1 514 1 285 1 402 1 567 1 283 2 313 2 556 1 244 1 252 1 230 1 238 1 129 1 378 1
84 26 20 57 1 293 2 307 1 312 1 281 1 60 1 540 1 158 1 474 1 546 1 12 1 18 1 43 2 44 1 71 1 122 1 243 1 323 1 539 1 129 1
//IdTournes NbColis
10 6
//IdColis IdCommandeInColis NbProducts IdProd1 QtyProd1 IdProd2 QtyProd2 ...
104 33 38 397 2 351 1 339 1 377 1 387 1 319 3 200 1 65 1 285 1 396 1 125 1 402 2 308 1 47 1 15 1 283 2 480 1 69 1 244 1 252 1 309 2 230 1 238 1 497 1 129 1 28 1 257 2 261 2 316 1 263 2 306 2 400 1 232 1 318 1 329 1 250 1 172 1 331 1
124 40 27 372 2 304 1 268 1 206 1 552 1 266 1 303 1 399 1 308 1 549 1 150 1 284 1 244 1 252 1 313 2 238 1 230 1 129 1 261 1 316 1 257 1 295 2 306 2 318 1 232 1 226 2 172 1
128 42 34 267 2 39 1 48 1 64 1 109 1 315 1 416 1 377 1 194 1 65 1 168 1 285 1 402 1 308 1 535 1 283 2 244 1 252 1 309 2 164 1 230 1 238 1 129 1 261 2 316 1 257 2 263 2 306 2 386 2 400 1 318 1 211 2 232 1 484 1
34 10 38 171 1 10 1 107 1 72 1 666 1 279 1 105 1 116 1 121 1 270 2 359 1 8 1 48 1 109 1 205 1 334 1 227 1 347 1 333 1 339 1 364 1 372 2 304 1 365 1 322 1 328 1 236 1 200 1 286 1 285 1 402 1 208 1 308 1 283 2 124 1 244 1 252 1 423 1
114 37 21 37 1 16 1 58 1 422 1 471 1 425 2 558 1 518 1 427 1 564 1 403 2 219 1 45 1 72 1 279 1 105 1 270 2 265 1 267 1 8 1 580 1
10 3 36 43 1 44 1 71 2 477 1 652 1 219 1 29 1 10 1 62 1 72 1 511 1 40 1 70 1 121 1 267 2 453 1 54 1 66 1 297 1 315 1 30 1 500 1 280 1 300 1 236 1 443 1 646 1 229 1 568 1 210 2 240 1 579 1 480 1 504 1 641 1 9 1
//IdTournes NbColis
11 6
//IdColis IdCommandeInColis NbProducts IdProd1 QtyProd1 IdProd2 QtyProd2 ...
72 22 27 44 1 71 2 605 1 523 1 454 2 609 2 83 1 10 2 544 1 645 1 73 1 455 2 267 2 541 1 162 1 277 1 351 1 385 1 227 1 347 1 367 1 304 2 656 1 407 1 236 2 198 1 286 1
79 24 37 170 1 138 1 285 1 125 1 308 1 284 2 480 1 527 1 9 2 481 1 244 1 252 1 313 2 230 1 238 1 261 1 316 1 257 2 263 2 306 2 400 1 434 1 318 1 501 1 232 1 296 1 311 1 225 1 654 1 429 1 250 1 222 1 226 2 231 1 258 3 259 1 658 1
142 49 24 51 1 57 1 58 1 362 1 572 1 90 1 463 1 114 1 403 1 83 1 539 1 159 1 478 1 577 1 54 1 112 1 528 1 317 1 141 1 419 1 411 1 303 1 491 1 269 1
6 2 24 95 1 271 1 189 1 366 1 425 2 158 1 398 1 38 1 472 1 546 1 12 1 13 2 18 1 42 2 44 1 550 1 219 1 282 1 392 1 314 1 228 1 403 1 10 1 14 1
17 5 38 43 1 44 1 171 1 609 1 10 1 73 1 48 1 52 1 227 1 364 1 194 1 675 1 677 1 285 1 443 1 229 1 308 1 77 1 283 2 61 1 244 1 252 1 309 2 371 1 230 1 238 1 63 1 257 2 261 2 316 1 498 1 263 2 306 2 232 1 434 1 318 1 217 1 484 1
78 24 32 431 1 12 1 18 1 43 2 44 1 71 2 569 1 523 1 609 1 218 1 10 1 188 1 577 1 237 1 39 1 48 1 66 2 651 1 315 1 183 1 264 1 385 1 416 1 389 1 330 1 339 1 304 2 300 1 342 1 407 1 357 1 261 1
//IdTournes NbColis
12 6
//IdColis IdCommandeInColis NbProducts IdProd1 QtyProd1 IdProd2 QtyProd2 ...
102 32 29 10 1 73 1 40 1 265 1 524 1 204 1 277 1 26 1 389 1 401 1 374 1 242 1 526 1 236 1 286 1 370 1 517 1 285 1 303 1 210 2 269 1 384 1 393 1 213 2 525 1 230 1 63 1 214 1 318 1
153 54 27 170 1 236 1 285 1 461 1 308 1 208 1 130 1 86 1 134 1 284 1 575 1 566 1 124 1 313 2 244 1 252 1 230 1 238 1 257 1 261 1 295 2 306 2 318 1 232 1 296 1 241 1 226 1
19 6 24 50 1 31 1 676 1 381 1 56 2 38 1 79 1 12 1 13 1 18 1 19 1 36 1 43 2 44 1 53 1 67 1 75 1 493 1 442 2 323 1 45 1 62 1 72 1 257 1
42 13 16 21 1 664 1 16 1 33 1 27 1 271 2 343 1 381 1 149 1 608 1 12 1 18 1 43 2 44 1 71 2 609 1
74 23 19 99 1 102 1 451 1 27 1 154 2 362 1 113 1 425 1 181 1 185 1 626 1 515 1 290 1 12 1 13 1 18 1 36 1 43 1 308 1
81 25 23 50 1 58 1 312 1 203 1 201 1 90 1 181 1 55 1 302 2 249 1 191 1 169 1 12 1 18 1 43 2 44 1 71 1 159 1 72 1 73 1 233 1 294 1 295 1
//IdTournes NbColis
13 6
//IdColis IdCommandeInColis NbProducts IdProd1 QtyProd1 IdProd2 QtyProd2 ...
87 27 20 37 1 143 2 307 1 27 1 271 1 301 1 572 1 199 1 90 1 302 1 88 1 12 1 18 1 43 2 44 1 509 1 71 1 569 1 171 1 232 1
93 29 20 100 1 21 1 424 1 312 1 362 1 298 1 495 1 547 1 542 1 131 1 18 1 43 1 145 1 71 1 550 1 219 1 478 1 279 1 39 1 533 1
108 35 25 100 1 143 1 558 1 199 1 24 1 55 1 571 1 562 1 114 1 559 1 12 1 18 1 43 1 44 1 53 1 71 1 314 1 121 1 476 1 297 1 126 1 416 1 419 1 304 2 69 1
120 39 23 32 1 424 1 362 1 561 1 464 1 468 1 97 2 56 2 92 1 469 1 12 1 18 1 91 1 43 1 44 1 71 1 388 1 314 1 228 1 539 1 576 1 503 1 303 1
123 40 24 537 1 58 1 31 1 201 1 25 1 343 1 366 1 158 1 56 1 508 1 538 1 534 1 12 1 18 1 43 1 44 1 71 1 75 1 373 1 73 1 297 1 347 1 406 1 364 1
125 41 32 281 1 518 1 398 1 181 1 38 1 440 1 12 1 18 1 43 2 44 1 543 1 71 1 29 1 539 1 359 1 148 1 98 1 541 1 109 1 325 1 297 1 141 1 385 1 245 1 499 1 339 1 319 1 328 1 170 1 370 1 496 1 266 1
//IdTournes NbColis
14 6
//IdColis IdCommandeInColis NbProducts IdProd1 QtyProd1 IdProd2 QtyProd2 ...
130 43 26 585 1 33 1 301 1 189 1 123 1 110 1 132 1 165 1 12 1 18 1 43 1 44 1 71 1 435 1 493 1 202 1 219 1 373 1 35 1 45 1 539 1 479 1 147 1 48 1 545 1 295 1
132 44 26 136 1 27 1 465 1 281 1 437 1 181 1 608 1 131 1 600 1 43 1 145 1 605 1 71 1 523 1 435 1 442 1 346 1 279 1 348 1 294 1 545 1 317 1 325 1 613 1 405 1 245 1
138 47 24 293 1 136 1 33 1 31 1 362 1 203 1 74 1 101 1 12 1 18 1 43 2 44 1 71 1 477 1 314 1 403 1 588 1 589 1 577 1 270 1 39 1 109 1 452 1 264 1
140 48 28 20 1 354 1 58 1 444 1 158 2 508 1 146 1 546 1 12 1 18 1 43 1 145 1 71 1 576 1 66 1 466 1 264 1 372 1 406 1 303 1 396 1 491 1 399 1 308 1 593 1 15 1 284 1 527 1
144 50 29 586 1 27 1 271 1 301 1 123 1 74 1 38 1 92 1 137 1 546 1 559 1 12 1 18 1 19 1 43 1 44 1 71 1 72 1 109 1 416 1 89 1 303 1 266 1 229 1 308 1 592 1 284 2 587 1 313 1
150 53 35 25 1 90 1 55 1 474 1 450 1 12 1 18 1 43 1 44 1 543 1 71 1 591 1 442 2 403 1 519 1 151 1 541 1 594 1 466 1 264 1 339 1 377 1 599 1 367 1 342 1 357 1 590 1 285 1 353 1 308 1 284 1 313 2 244 1 252 1 239 1
//IdTournes NbColis
15 6
//IdColis IdCommandeInColis NbProducts IdProd1 QtyProd1 IdProd2 QtyProd2 ...
152 54 28 354 1 424 1 312 1 27 1 298 1 573 1 12 1 18 1 43 1 44 1 71 1 442 1 403 1 219 1 72 1 73 1 565 1 455 1 237 1 54 1 115 1 126 1 52 1 30 1 372 1 367 1 304 2 316 1
154 55 31 437 1 425 2 24 1 182 1 611 1 137 1 169 1 604 1 131 1 18 1 43 1 145 1 71 1 373 1 107 1 72 1 511 1 453 1 297 1 397 1 372 1 339 1 245 1 599 1 364 2 614 1 303 1 308 1 163 1 284 2 603 1
158 57 34 585 1 25 1 74 1 101 1 12 1 18 1 19 1 43 2 44 1 71 1 584 1 448 1 162 1 406 1 407 1 286 1 531 1 285 1 308 1 276 1 284 2 244 1 252 1 313 1 230 1 238 1 257 2 261 2 263 2 306 2 598 1 232 1 241 1 554 2
160 58 44 471 1 157 1 508 1 131 1 600 1 43 1 145 1 71 1 539 1 433 1 205 1 334 1 264 1 416 1 374 1 268 1 80 1 303 1 396 1 308 1 284 2 61 1 244 1 252 1 313 2 230 1 238 1 257 2 261 2 316 1 423 1 295 2 306 2 420 1 583 1 318 1 241 2 253 1 363 1 484 1 226 1 417 1 421 1 259 1
66 20 34 13 1 18 1 43 2 44 1 564 1 166 1 122 1 171 1 435 1 218 1 29 1 35 1 539 1 73 1 279 1 116 2 265 1 267 1 39 2 372 1 499 1 339 1 367 1 304 1 647 1 170 1 285 1 491 1 384 1 308 1 326 1 208 1 247 1 570 1
22 7 10 99 1 100 1 96 1 293 1 16 1 58 1 281 3 470 1 561 1 283 1
//IdTournes NbColis
16 6
//IdColis IdCommandeInColis NbProducts IdProd1 QtyProd1 IdProd2 QtyProd2 ...
26 8 10 152 1 94 1 32 1 16 2 33 1 58 1 415 2 362 1 425 2 416 1
59 18 42 18 1 43 1 44 1 161 1 71 1 166 1 228 1 151 1 72 1 237 1 265 1 267 1 147 1 66 1 351 1 374 1 416 1 299 1 300 1 647 1 170 1 436 1 370 1 286 1 303 1 402 1 568 1 308 1 163 1 660 1 15 1 284 2 607 1 483 1 124 1 313 2 244 1 252 1 230 1 238 1 316 1 421 1
88 27 38 171 1 192 1 73 1 248 1 317 1 287 1 23 1 242 1 499 1 304 1 300 1 194 1 170 1 285 1 568 1 308 1 15 1 284 2 244 1 252 1 313 2 578 1 230 1 238 1 63 1 257 2 261 2 316 1 263 2 306 2 318 1 196 1 220 1 241 2 207 1 239 1 275 1 258 2
115 37 42 106 1 112 1 528 1 315 1 416 1 334 1 364 1 339 1 319 2 360 1 200 1 286 1 533 1 285 1 531 2 399 1 393 1 308 1 553 1 15 1 567 1 579 1 283 2 480 1 61 1 481 1 124 1 244 1 252 1 309 2 371 1 238 1 230 1 261 2 316 1 257 2 263 2 306 2 232 1 318 1 310 1 338 1
162 59 36 444 1 158 1 90 1 101 1 617 1 137 1 604 1 290 1 609 1 40 1 433 1 455 1 237 1 162 1 66 1 367 1 411 1 93 1 286 1 208 1 570 1 592 1 15 1 473 1 606 1 244 1 252 1 230 1 257 2 261 2 316 1 295 2 306 2 232 1 318 1 612 1
28 8 38 524 1 227 1 304 2 625 1 17 1 198 1 89 1 285 1 402 1 308 1 567 1 77 1 579 1 284 2 575 2 631 1 244 1 252 1 313 3 636 1 238 2 230 1 261 2 316 1 257 2 423 1 263 3 306 3 420 1 232 2 241 2 311 1 414 1 639 1 207 2 375 1 226 3 421 2
//IdTournes NbColis
17 6
//IdColis IdCommandeInColis NbProducts IdProd1 QtyProd1 IdProd2 QtyProd2 ...
77 24 17 186 1 190 1 640 1 58 1 649 1 193 1 572 1 518 1 495 1 90 1 642 1 657 1 611 1 132 1 137 1 430 1 247 1
49 15 43 171 1 349 1 356 1 323 1 133 1 348 1 237 1 98 2 119 1 325 1 264 1 304 1 319 1 342 1 170 1 125 1 266 1 303 1 229 2 326 1 208 1 353 1 269 1 308 1 167 1 78 1 150 1 284 2 244 1 252 1 313 1 230 1 238 1 257 2 261 2 295 2 306 2 232 1 318 1 253 1 172 1 338 1 340 1
164 60 36 530 1 136 1 422 1 281 1 135 1 90 1 288 1 290 1 166 1 544 1 479 1 116 1 121 1 66 1 367 1 303 1 308 1 284 1 142 1 483 1 244 1 252 1 313 2 371 2 230 1 238 1 257 1 261 1 316 1 498 1 295 2 306 2 232 1 318 1 379 1 615 1
24 7 41 289 1 26 1 580 1 416 1 280 1 367 1 170 1 514 1 285 1 443 1 229 2 240 1 269 1 308 1 86 1 622 1 579 1 283 1 244 1 252 1 309 2 230 1 238 1 28 1 63 1 215 1 235 1 257 2 261 2 316 1 197 1 263 2 306 2 232 1 458 1 428 1 318 1 311 1 207 1 172 1 262 1
31 9 41 119 1 449 1 23 1 334 1 227 1 335 1 319 2 194 1 224 1 407 1 286 1 125 2 266 1 303 1 402 1 491 1 229 1 399 1 269 2 308 1 276 2 86 1 118 1 78 1 284 2 124 1 244 1 252 1 313 2 230 1 238 1 460 1 257 2 261 2 316 1 295 2 306 2 232 1 318 1 241 2 296 1
109 35 18 394 1 411 1 360 1 303 1 443 1 240 1 408 8 308 1 461 2 581 2 327 1 86 1 404 8 409 16 284 2 244 1 252 1 313 1
//IdTournes NbColis
18 6
//IdColis IdCommandeInColis NbProducts IdProd1 QtyProd1 IdProd2 QtyProd2 ...
68 21 15 96 1 32 1 184 1 332 1 424 1 312 2 31 1 301 1 189 1 123 1 178 1 90 1 38 1 611 1 177 1
61 19 16 37 1 57 1 136 1 143 1 58 1 301 1 620 1 157 1 561 1 518 2 495 1 178 1 24 1 90 2 321 1 223 1
45 14 13 140 1 94 1 20 1 37 1 136 1 143 1 58 1 312 1 281 1 650 1 123 1 653 1 391 1
98 31 22 293 1 307 1 27 1 31 1 154 1 380 1 271 1 281 1 343 1 425 1 381 1 391 1 321 1 618 1 288 1 185 1 562 1 114 1 546 1 605 1 403 1 221 1
97 30 34 377 1 360 1 365 1 200 1 514 1 285 1 402 2 308 1 327 1 522 1 283 2 49 1 483 1 124 1 244 1 252 1 309 2 164 1 230 1 238 1 28 1 63 1 257 1 261 2 316 1 263 2 390 1 306 2 232 1 318 1 529 1 363 1 311 1 341 1
110 35 19 313 1 462 23 230 1 238 1 28 1 257 2 261 2 316 1 423 1 291 1 306 2 295 2 390 1 420 1 232 1 318 1 241 1 226 1 421 1
//IdTournes NbColis
19 6
//IdColis IdCommandeInColis NbProducts IdProd1 QtyProd1 IdProd2 QtyProd2 ...
137 46 31 148 1 466 1 339 1 406 1 494 1 285 1 531 1 353 1 308 1 167 1 284 2 480 1 504 1 313 2 371 1 244 1 252 1 230 1 238 1 316 1 257 2 261 2 263 1 295 1 306 2 318 1 232 1 220 1 488 1 231 1 413 1
127 42 20 152 1 281 2 301 1 518 1 468 1 56 3 182 1 288 1 472 1 67 1 166 1 510 1 356 1 435 1 314 1 202 1 539 1 544 1 433 1 286 1
99 31 34 492 1 314 1 442 1 601 1 107 1 108 1 511 1 279 1 589 1 248 1 602 1 541 1 162 1 528 1 397 1 315 1 351 1 385 1 374 1 242 1 304 2 357 1 443 1 229 1 210 1 607 1 61 1 213 2 215 1 395 1 386 1 214 1 363 1 250 1
121 39 35 237 1 560 1 264 1 416 1 347 1 406 1 367 1 304 1 394 1 563 1 399 1 229 1 269 1 308 1 327 1 536 1 570 1 284 2 244 1 252 1 313 2 371 1 238 1 230 1 261 2 316 1 257 2 295 2 306 2 318 1 232 1 296 1 582 1 262 1 418 1
107 34 32 476 1 325 1 126 1 334 1 227 1 372 1 304 2 200 1 370 1 285 1 308 1 150 1 284 2 69 1 244 1 252 1 313 2 230 1 238 1 257 2 261 2 316 1 263 2 306 2 232 1 318 1 329 2 311 1 222 1 207 1 378 1 259 1
11 3 16 49 1 69 1 213 2 630 1 659 1 263 1 458 1 318 1 196 1 655 2 214 1 596 1 654 1 207 1 505 1 418 1
//IdTournes NbColis
20 6
//IdColis IdCommandeInColis NbProducts IdProd1 QtyProd1 IdProd2 QtyProd2 ...
37 11 39 121 1 270 1 237 1 106 1 112 1 115 1 126 1 52 1 264 1 419 1 304 1 394 1 319 1 355 1 360 1 365 1 194 1 328 1 224 1 672 1 357 1 93 1 236 1 402 1 208 1 210 2 240 1 269 1 579 1 49 1 213 2 497 1 291 1 214 1 241 2 296 1 225 1 616 1 262 1
51 16 9 152 1 643 1 663 1 153 1 59 1 451 2 415 2 362 1 319 1
41 12 21 567 1 283 2 61 1 244 1 252 1 309 2 230 1 238 1 63 2 257 2 261 2 305 1 316 1 263 2 306 2 211 1 232 1 318 1 207 1 226 1 262 1
139 47 25 367 1 285 1 399 2 308 1 326 1 276 1 284 2 61 1 313 2 244 1 252 1 525 1 230 1 238 1 316 1 257 2 261 2 306 2 263 2 318 1 232 1 296 1 207 1 418 1 262 1
135 45 21 485 1 473 1 283 2 313 2 244 1 252 1 230 1 238 1 261 2 316 1 257 2 263 2 306 2 318 1 232 1 220 1 432 1 488 1 505 1 417 1 338 1
133 44 25 394 1 319 1 438 1 322 1 563 1 407 1 436 1 286 1 308 1 208 1 210 2 240 1 352 1 77 1 255 1 213 2 441 1 610 1 395 1 214 1 439 1 217 1 340 1 254 1 258 1
//IdTournes NbColis
21 6
//IdColis IdCommandeInColis NbProducts IdProd1 QtyProd1 IdProd2 QtyProd2 ...
131 43 25 297 1 397 1 416 1 364 1 387 1 499 1 303 1 308 1 284 1 69 1 244 1 252 1 313 2 230 1 238 1 261 1 316 1 257 1 295 1 306 2 318 1 232 1 375 1 597 1 376 1
141 48 15 313 2 371 1 244 1 252 1 164 1 230 1 238 1 316 1 257 1 261 1 295 2 306 2 318 1 595 1 232 1
143 49 18 308 1 574 1 284 1 255 1 313 1 244 1 252 1 230 1 238 1 316 1 257 1 261 1 295 1 306 1 318 1 583 1 484 1 172 1
60 18 11 257 2 261 2 423 1 295 2 306 2 420 1 318 1 232 1 225 1 484 1 582 1
151 53 14 230 1 238 1 316 1 257 1 261 1 395 1 263 2 306 2 318 1 596 1 232 1 311 1 484 1 250 1
92 28 3 221 1 234 1 488 1
//IdTournes NbColis
22 6
//IdColis IdCommandeInColis NbProducts IdProd1 QtyProd1 IdProd2 QtyProd2 ...
35 10 14 309 2 230 1 238 1 257 2 261 2 316 1 263 2 306 2 232 1 318 1 207 1 172 1 331 1 368 1
67 20 20 551 1 283 2 309 2 244 1 252 1 230 1 238 1 316 1 257 2 261 2 306 2 263 2 272 1 318 1 232 1 445 1 446 1 375 1 172 1 195 1
95 29 2 358 1 172 1
53 16 31 236 1 200 1 303 1 278 1 308 1 553 1 284 2 527 2 313 2 244 1 252 1 230 1 238 1 305 1 316 1 257 2 261 2 423 1 295 2 306 2 420 1 318 1 232 1 225 1 446 1 226 1 421 1 216 1 331 1 340 2 258 2
76 23 16 316 1 235 1 257 2 261 2 423 1 667 1 263 2 306 2 420 1 318 1 232 1 273 1 207 1 582 1 421 1 673 1
145 50 15 313 1 244 1 252 1 230 1 238 1 316 1 257 2 261 2 295 2 306 2 318 1 595 1 583 1 220 1 429 1
//IdTournes NbColis
23 5
//IdColis IdCommandeInColis NbProducts IdProd1 QtyProd1 IdProd2 QtyProd2 ...
70 21 10 261 2 316 1 263 2 306 2 232 1 318 1 670 1 311 2 668 2 582 1
155 55 18 313 2 244 1 252 1 230 1 238 1 316 1 257 2 261 2 295 2 306 2 318 1 211 1 329 1 583 1 311 1 616 1 417 1 341 1
8 2 13 257 2 261 2 316 1 263 2 390 1 306 2 232 1 318 1 379 1 217 1 225 1 375 1 376 1
83 25 2 226 1 310 1
50 15 1 341 1
