//NbTournees
4
//IdTournes NbColis
1 6
//IdColis IdCommandeInColis NbProducts IdProd1 QtyProd1 IdProd2 QtyProd2 ...
14 3 19 63 1 146 1 132 1 147 2 80 1 22 2 77 1 54 1 134 1 143 1 217 1 204 1 219 1 159 2 187 1 221 1 223 1 211 1 64 1
17 3 59 249 1 253 2 297 1 296 1 76 1 167 1 41 1 199 1 1 1 138 1 149 1 154 1 155 2 234 1 137 1 37 1 79 1 68 1 141 1 216 1 42 1 19 3 39 3 151 1 142 1 65 1 74 1 299 1 27 1 6 1 10 1 11 2 66 2 139 1 148 2 152 2 153 1 13 1 14 1 150 2 133 1 136 1 140 1 252 1 277 1 246 1 209 1 265 1 264 1 17 1 7 1 69 1 71 2 121 1 260 1 302 1 33 1 301 1 9 1
22 4 46 151 1 142 2 111 3 27 1 6 2 10 2 11 3 66 3 156 2 148 3 153 1 13 1 14 1 162 1 150 3 133 2 140 2 284 1 282 1 291 2 265 7 17 2 7 1 286 1 71 3 289 1 33 1 18 2 21 1 67 1 70 3 5 2 292 1 47 1 64 1 9 4 4 6 24 4 36 2 120 2 35 5 293 1 20 1 28 1 25 2 12 2
2 1 15 214 1 227 2 232 2 241 2 269 1 250 3 135 1 144 1 207 2 72 1 206 1 240 1 229 1 247 2 273 1
15 3 14 166 1 227 2 250 1 218 1 220 1 135 1 144 3 72 2 206 1 229 2 247 2 238 3 262 3 41 1
4 1 33 237 2 15 3 171 1 174 1 183 1 213 1 251 1 81 2 112 1 233 2 239 1 249 1 276 2 297 1 41 1 272 1 199 1 1 1 82 1 149 1 205 2 208 1 234 1 37 1 68 1 180 3 42 1 19 5 39 6 309 1 151 1 299 1 64 1
//IdTournes NbColis
2 6
//IdColis IdCommandeInColis NbProducts IdProd1 QtyProd1 IdProd2 QtyProd2 ...
5 1 58 151 1 172 1 177 1 215 2 27 1 6 1 10 1 11 2 66 2 148 4 152 4 153 1 184 2 242 1 266 2 13 1 14 3 182 1 114 1 150 4 136 1 140 3 277 1 252 1 280 3 246 1 209 1 278 2 279 1 17 1 7 1 71 2 307 1 302 1 33 1 23 4 18 1 21 1 67 1 70 2 5 2 2 1 290 3 104 4 292 1 4 1 9 1 24 2 36 1 29 1 31 1 26 2 35 4 3 4 274 1 20 1 28 1 12 2
21 4 28 236 2 237 2 81 2 112 1 233 2 283 1 249 3 294 1 170 1 76 1 167 1 41 1 158 1 164 1 82 1 155 1 169 1 234 1 137 2 37 1 288 2 287 1 42 1 19 5 83 3 39 6 106 1 151 1
12 2 62 13 1 107 1 114 3 115 1 186 1 259 1 133 1 119 1 252 1 122 1 93 2 209 2 264 1 265 1 17 3 7 3 71 5 125 1 126 1 53 1 108 2 118 1 121 2 127 2 260 1 61 1 23 1 21 2 87 3 67 1 18 3 70 5 124 2 5 2 88 1 261 1 90 1 105 2 89 3 102 2 104 1 47 3 64 1 4 2 24 6 51 1 36 2 9 1 110 1 120 1 45 1 35 5 128 1 3 3 60 1 130 4 123 2 20 1 28 1 256 1 258 1 12 3
3 1 20 247 1 262 3 245 1 270 1 275 1 179 1 200 1 212 1 244 1 176 1 173 1 8 1 40 2 175 1 145 3 202 3 210 1 243 1 236 2 34 1
8 2 21 187 1 190 1 198 1 159 1 221 1 211 2 227 1 228 1 232 1 250 1 269 1 196 1 218 1 48 2 135 1 194 1 188 1 231 1 72 3 10 1 56 1
7 2 15 86 1 58 2 157 1 109 1 52 2 132 1 147 1 103 1 22 3 117 2 49 1 54 1 95 1 187 1 183 1
//IdTournes NbColis
3 6
//IdColis IdCommandeInColis NbProducts IdProd1 QtyProd1 IdProd2 QtyProd2 ...
9 2 19 229 2 206 1 262 2 247 2 238 2 189 1 161 1 226 1 222 1 267 1 192 1 212 2 224 1 97 1 50 2 268 1 255 2 230 1 129 1
11 2 32 34 1 82 1 169 1 205 1 137 1 59 1 55 2 91 1 92 2 68 1 254 2 193 1 42 1 19 11 96 1 39 12 106 1 191 1 44 2 116 1 111 1 27 1 6 3 10 2 11 5 66 5 139 1 153 1 197 2 266 1 14 1 13 2
1 1 18 38 1 178 1 16 1 271 2 22 2 308 1 30 1 181 2 166 2 201 1 203 1 204 1 159 3 211 2 72 1 306 1 25 1 32 1
20 4 18 229 1 238 3 206 1 281 2 285 1 262 2 161 1 168 1 222 1 267 1 245 1 163 1 145 3 210 1 202 3 81 1 68 1 25 1
10 2 27 185 1 195 1 145 2 202 2 210 1 236 2 237 1 213 1 225 1 46 1 57 1 101 2 81 1 112 1 43 2 99 1 100 1 233 2 249 2 263 1 170 1 94 1 41 2 199 2 98 1 257 1 113 1
16 3 20 78 1 131 1 161 1 222 1 168 1 295 1 8 1 145 3 202 3 210 1 236 2 237 2 213 1 230 2 251 1 75 1 248 1 233 2 249 2 34 1
//IdTournes NbColis
4 2
//IdColis IdCommandeInColis NbProducts IdProd1 QtyProd1 IdProd2 QtyProd2 ...
19 4 20 63 1 146 1 157 1 109 1 85 2 54 2 159 2 160 1 165 1 166 1 211 1 227 1 232 1 204 1 235 1 72 3 84 1 229 1 230 1 290 1
18 3 22 305 1 67 1 18 1 70 2 300 1 124 1 304 1 261 1 303 1 2 1 292 1 4 3 24 1 36 1 298 1 62 1 45 2 35 3 3 2 73 1 28 1 12 1
