//NbTournees
21
//IdTournes NbColis
1 6
//IdColis IdCommandeInColis NbProducts IdProd1 QtyProd1 IdProd2 QtyProd2 ...
1 1 22 27 1 30 1 338 2 421 1 66 1 67 2 74 1 7 1 110 1 58 1 12 1 13 1 34 1 37 1 82 1 99 1 319 1 437 1 86 1 1 1 40 1 103 1
4 2 28 109 1 97 1 110 1 42 1 5 1 12 1 13 1 36 1 78 1 81 2 92 2 105 1 319 1 381 1 38 1 76 1 295 1 80 1 315 2 326 1 1 2 73 1 77 2 112 1 108 1 111 1 343 1 269 1
8 3 31 48 1 50 1 361 1 339 1 7 1 138 1 240 1 535 1 58 1 12 1 13 1 34 2 37 1 212 1 82 1 611 1 163 1 6 1 11 1 602 1 76 1 214 1 216 1 540 1 158 1 318 1 1 1 534 1 26 1 331 1 139 1
12 4 33 12 1 13 1 36 1 81 2 92 2 163 1 301 1 335 1 356 1 381 1 29 1 63 1 64 1 327 1 326 1 1 1 310 1 111 1 354 2 502 1 39 1 364 1 634 2 69 1 269 1 305 1 367 2 653 1 107 1 336 3 55 1 43 1 79 1
16 5 42 652 1 1 1 40 1 266 2 24 1 415 1 427 1 355 1 283 1 321 1 199 1 364 1 434 1 414 1 330 1 367 1 309 1 94 1 159 1 546 1 411 1 423 2 250 2 279 1 307 1 359 2 89 1 275 1 298 1 436 1 410 2 311 2 376 1 103 2 313 2 294 1 379 1 320 1 284 1 657 1 589 1 362 1
118 40 26 522 1 322 1 358 1 431 1 430 1 109 1 23 1 31 1 212 1 242 1 439 1 2 1 519 1 520 1 38 1 524 1 63 1 214 1 86 1 216 1 295 1 236 1 417 2 1 1 373 1 367 1
//IdTournes NbColis
2 6
//IdColis IdCommandeInColis NbProducts IdProd1 QtyProd1 IdProd2 QtyProd2 ...
2 1 36 46 1 73 1 478 1 28 1 304 1 471 1 348 1 3 1 91 1 325 1 364 1 367 1 83 1 107 1 413 1 423 2 47 1 279 1 307 1 359 2 377 2 275 1 298 1 410 2 311 2 376 1 476 1 103 1 313 2 474 1 294 1 466 1 379 1 342 1 475 1 451 1
18 6 25 390 1 25 1 358 1 20 1 84 1 431 1 100 1 104 1 109 1 48 1 23 1 31 1 49 1 53 1 70 1 85 1 5 1 33 1 90 1 2 1 11 1 86 1 80 1 315 1 412 1
21 7 44 319 1 29 1 157 1 152 1 73 1 607 1 108 1 265 1 343 1 441 1 398 1 344 1 348 1 296 1 3 1 118 1 252 1 595 1 364 1 428 1 367 1 133 1 139 1 140 1 156 1 411 2 336 2 162 1 279 1 307 1 359 2 275 1 298 1 311 2 351 2 103 2 313 2 292 1 294 1 369 1 403 1 323 1 368 1 352 1
24 8 37 625 1 509 1 124 1 63 1 76 1 86 1 417 1 113 1 40 1 77 2 112 1 489 1 646 1 344 1 471 1 438 2 155 1 371 1 337 1 3 2 118 1 252 2 542 1 364 1 428 2 317 2 367 1 309 1 255 1 140 1 72 1 411 1 336 2 288 1 8 1 57 1 359 1
28 9 33 373 1 310 1 343 1 268 2 304 1 291 1 427 2 502 1 384 1 256 2 261 1 337 1 371 1 3 1 119 1 593 1 542 1 325 2 364 1 434 1 378 3 530 1 367 2 328 2 624 1 225 1 597 1 413 1 140 1 336 3 627 2 303 1 307 1
31 10 26 213 1 628 1 117 1 122 1 120 1 129 1 49 1 115 1 132 1 134 1 616 1 70 1 85 1 249 1 221 1 114 1 12 1 13 1 128 1 36 1 82 2 92 2 439 2 664 1 124 1 3 1
//IdTournes NbColis
3 6
//IdColis IdCommandeInColis NbProducts IdProd1 QtyProd1 IdProd2 QtyProd2 ...
11 4 18 224 1 16 1 59 1 491 1 54 1 363 1 263 1 480 1 4 1 75 1 60 2 21 1 22 1 35 1 280 1 17 1 62 1 93 1
34 11 20 146 1 667 1 340 1 374 1 137 1 4 1 75 1 100 1 504 1 97 1 515 1 120 1 15 1 132 1 70 1 12 1 13 1 34 2 37 1 364 1
38 12 40 135 1 184 1 214 1 315 1 113 1 566 1 198 1 121 2 125 1 415 1 343 2 333 1 391 1 297 1 306 1 273 1 256 1 296 1 91 1 199 1 364 1 416 1 367 1 136 1 336 2 142 1 279 1 307 1 359 2 275 1 298 1 311 2 351 2 103 2 313 2 643 1 292 1 294 1 353 1 362 1
42 13 38 63 1 237 1 214 1 246 1 315 1 113 1 40 1 77 3 241 1 478 2 626 1 415 1 331 1 354 1 440 1 333 1 441 1 449 1 398 1 438 1 355 1 273 1 296 1 256 1 455 1 434 1 446 2 461 1 414 1 87 1 546 1 627 1 10 1 79 1 623 1 447 3 298 1 462 1
45 14 26 621 1 182 1 62 1 240 1 636 1 226 1 186 1 631 1 93 2 222 1 576 1 508 1 5 1 12 1 13 1 36 1 81 2 532 1 92 2 99 1 372 1 418 1 507 1 417 3 286 2 179 1
49 15 31 44 1 31 1 53 1 397 1 134 1 182 1 221 1 5 1 12 1 13 1 34 2 37 1 82 1 99 1 484 1 424 1 372 1 400 1 11 1 184 1 214 1 312 1 170 1 236 1 286 1 173 1 177 1 590 1 398 1 341 1 118 1
//IdTournes NbColis
4 6
//IdColis IdCommandeInColis NbProducts IdProd1 QtyProd1 IdProd2 QtyProd2 ...
26 9 19 143 1 421 1 442 1 151 1 347 1 117 1 122 1 116 1 23 1 49 1 485 1 130 2 53 3 15 1 7 1 17 1 526 1 568 1 304 1
52 16 24 16 1 366 1 322 1 251 1 122 1 104 1 50 2 178 2 361 1 339 1 138 1 637 1 12 1 13 1 34 1 37 1 82 1 193 1 195 1 92 1 400 1 437 1 6 1 279 1
55 17 22 51 1 166 1 25 1 54 1 194 1 347 1 430 1 308 1 109 1 97 1 74 1 7 1 171 1 185 1 197 1 12 1 13 1 34 1 37 1 82 1 71 1 101 1
19 6 36 73 1 77 1 341 1 433 1 364 1 434 1 287 1 389 1 414 1 367 1 328 1 14 1 72 1 423 2 8 1 10 1 57 1 279 1 307 1 359 2 275 1 298 1 436 1 410 2 311 2 376 1 103 2 313 2 277 1 294 1 334 1 379 1 101 1 403 1 106 1 383 1
50 15 41 420 1 348 1 465 1 384 1 619 1 283 1 470 1 552 1 199 1 325 2 364 1 490 1 556 1 405 2 317 2 367 1 309 1 271 1 255 1 413 1 140 1 87 1 336 2 8 1 303 1 307 1 359 2 293 1 298 1 9 1 349 2 351 2 313 2 103 2 294 1 369 1 399 1 482 1 483 1 403 1 629 1
60 18 21 172 1 546 1 8 1 127 1 188 1 623 2 447 2 466 1 435 2 448 1 395 1 353 1 369 1 650 1 316 1 513 1 101 1 407 1 506 1 641 1 462 1
//IdTournes NbColis
5 6
//IdColis IdCommandeInColis NbProducts IdProd1 QtyProd1 IdProd2 QtyProd2 ...
139 49 34 145 1 419 1 66 1 234 1 553 1 525 1 528 1 517 1 12 1 34 1 37 1 82 1 11 1 559 1 418 1 318 1 415 1 427 1 296 1 305 1 367 1 423 1 279 1 554 1 257 1 275 1 298 1 410 1 311 1 103 1 558 1 294 1 557 1 560 1
62 19 36 222 1 576 1 12 1 13 1 36 1 212 1 82 1 92 1 302 1 437 2 216 1 220 1 312 1 545 1 329 1 478 1 262 1 268 1 304 1 258 1 285 1 299 1 321 1 337 1 364 1 200 1 217 1 428 2 367 1 271 1 328 3 215 1 14 1 218 1 225 1 167 1
110 36 28 16 1 523 1 366 1 31 1 35 1 234 1 132 1 535 1 110 1 114 1 12 1 13 1 34 1 37 1 82 1 372 1 518 1 11 1 29 1 86 1 540 1 418 1 295 1 170 1 315 1 533 1 108 1 364 1
5 2 42 354 1 297 1 341 1 344 1 270 1 345 1 258 1 299 1 296 1 65 1 96 1 364 1 287 1 69 1 305 1 367 1 14 1 87 1 98 1 336 2 88 1 102 1 10 1 303 1 307 1 370 2 377 1 89 1 257 1 293 1 298 1 9 1 349 2 351 2 376 1 313 2 365 2 294 1 375 1 379 1 106 1 362 1
54 16 22 55 1 307 1 359 2 377 1 164 1 192 1 275 1 298 1 9 1 183 1 311 2 351 2 376 1 386 1 313 2 103 1 387 1 294 1 435 1 379 1 300 1 408 1
65 20 43 29 1 214 1 418 1 295 1 73 1 112 1 108 1 510 1 391 1 398 1 344 1 433 1 364 1 378 3 389 1 367 1 223 1 207 1 336 2 162 1 303 1 307 1 359 2 293 1 298 1 9 2 183 2 349 2 351 2 376 1 103 2 669 1 313 2 385 1 656 1 294 1 466 1 375 1 379 1 342 2 284 1 451 1 488 1
//IdTournes NbColis
6 6
//IdColis IdCommandeInColis NbProducts IdProd1 QtyProd1 IdProd2 QtyProd2 ...
69 21 33 266 1 445 1 415 1 343 1 291 1 348 1 502 1 337 1 119 1 364 1 378 1 287 2 428 2 367 1 597 1 411 1 336 2 303 1 307 1 359 2 370 1 293 1 298 2 9 2 205 1 349 2 351 2 313 3 365 3 294 2 379 2 457 1 368 1
104 33 44 348 1 465 1 551 1 273 1 470 1 118 1 252 1 542 1 325 2 364 1 428 2 530 1 405 2 317 2 330 1 367 1 309 1 413 1 72 1 336 2 531 1 250 1 55 1 537 1 303 1 307 1 359 2 293 1 298 1 9 1 349 2 351 2 476 1 313 2 103 2 294 1 342 1 369 1 101 2 284 1 459 1 463 1 323 1 467 1
119 40 35 503 1 479 1 505 1 299 1 283 1 538 1 552 1 550 1 364 1 498 1 207 1 536 1 423 2 307 1 359 2 279 1 257 1 275 1 298 1 9 1 183 1 376 1 410 2 311 2 313 2 103 2 334 1 379 1 387 1 294 1 544 1 555 1 488 2 494 1 362 1
131 45 18 359 2 279 1 307 1 293 1 298 1 9 2 183 1 349 2 351 2 360 1 376 1 103 2 313 2 379 1 294 1 101 1 106 1 290 1
46 14 36 315 2 73 1 510 1 373 1 108 1 169 1 473 2 304 1 291 1 348 1 270 1 321 1 258 1 168 1 296 2 364 1 549 1 428 1 287 1 330 2 367 1 389 1 461 1 328 2 271 1 255 2 536 1 546 1 336 2 165 1 359 1 257 1 298 1 342 1 369 1 644 1
68 21 25 421 1 444 1 442 1 109 1 21 1 35 1 161 2 12 1 13 1 34 2 37 1 82 2 99 1 163 2 11 1 76 1 418 1 458 1 201 1 73 1 603 1 607 2 547 1 266 1 243 1
//IdTournes NbColis
7 6
//IdColis IdCommandeInColis NbProducts IdProd1 QtyProd1 IdProd2 QtyProd2 ...
72 22 47 214 1 318 1 201 1 177 1 73 1 266 1 503 1 333 1 449 1 412 1 285 1 569 1 364 1 378 1 389 1 317 2 416 1 367 1 328 1 413 1 336 2 209 1 250 1 211 1 79 1 303 1 307 1 359 2 377 1 293 1 298 1 349 2 351 2 376 1 386 1 103 2 313 2 429 1 642 1 656 1 395 1 294 1 334 1 379 1 583 1 284 2 488 1
75 23 37 53 1 636 1 226 1 195 1 443 1 396 1 647 1 124 1 202 1 11 1 64 1 210 1 216 1 487 1 201 1 607 1 581 1 398 1 438 2 426 2 479 1 505 1 384 1 285 1 552 1 364 1 378 2 367 1 204 1 336 2 57 1 79 1 377 1 303 1 307 1 359 1 293 1
80 24 19 321 1 521 1 296 1 337 2 371 1 364 1 434 1 428 1 367 1 225 1 423 2 288 2 10 1 57 1 359 2 298 1 402 1 346 1 544 1
107 34 29 527 1 246 1 77 1 24 1 333 1 297 1 406 1 412 1 479 1 155 1 337 1 371 1 378 1 549 1 446 2 477 1 546 1 10 1 127 1 447 2 450 1 410 1 429 1 448 1 277 2 353 1 369 1 453 1 409 1
27 9 23 12 1 13 2 36 2 81 2 601 1 154 1 92 3 372 3 439 2 443 1 11 1 141 1 68 1 602 1 214 1 540 1 487 1 590 1 73 1 189 2 445 1 329 1 373 2
35 11 36 82 1 71 1 163 2 319 1 437 1 11 1 29 1 418 1 158 1 315 1 40 1 153 1 329 1 478 1 331 1 333 1 291 1 367 1 159 1 336 2 127 1 279 1 307 1 359 2 377 1 164 1 275 1 298 1 311 2 351 2 376 1 103 2 313 2 294 1 379 1 101 1
//IdTournes NbColis
8 6
//IdColis IdCommandeInColis NbProducts IdProd1 QtyProd1 IdProd2 QtyProd2 ...
37 12 17 143 1 145 1 144 1 322 1 151 1 110 1 12 1 13 1 34 2 37 1 154 1 82 1 244 1 580 1 319 1 124 1 11 1
41 13 26 481 1 15 1 132 1 134 1 185 1 85 2 226 1 12 1 13 2 34 2 37 2 82 2 529 1 242 1 625 1 452 1 393 1 319 1 335 1 424 1 439 1 381 1 437 2 11 1 175 1 106 1
53 16 36 11 1 64 1 191 1 177 2 73 2 189 1 26 1 415 2 304 1 398 1 291 1 406 1 341 1 348 1 427 2 155 1 296 1 119 1 593 1 252 1 542 1 199 1 364 1 378 1 634 1 287 1 428 2 367 1 196 1 624 1 167 1 179 1 98 1 411 2 336 2 103 1
64 20 22 322 2 421 1 444 1 56 1 213 1 60 1 500 1 35 1 17 1 134 1 62 1 70 1 226 2 12 1 13 1 128 1 34 2 37 1 82 2 625 1 71 1 11 1
82 25 33 82 1 99 1 372 1 432 1 11 1 184 1 214 1 236 1 246 1 417 1 241 1 547 1 427 1 364 1 317 1 367 1 223 1 423 1 279 1 554 1 359 2 275 1 298 1 450 1 410 1 311 1 376 1 103 2 313 2 294 1 379 1 403 1 661 1
85 26 37 647 1 11 1 38 2 63 1 64 1 214 1 216 1 295 1 239 1 533 1 108 1 660 1 333 1 297 1 433 1 91 1 364 1 405 1 367 1 498 1 336 2 55 1 279 1 307 1 359 2 164 1 275 1 298 1 311 2 351 2 376 1 103 2 313 2 294 1 379 1 106 1 658 1
//IdTournes NbColis
9 6
//IdColis IdCommandeInColis NbProducts IdProd1 QtyProd1 IdProd2 QtyProd2 ...
88 27 34 11 1 295 1 458 1 315 1 177 1 73 2 77 2 239 1 607 2 445 1 478 1 415 1 473 1 420 1 426 1 384 1 465 1 238 1 258 1 299 1 321 1 470 1 364 1 325 2 405 2 317 2 367 1 309 1 243 1 159 1 413 1 336 2 288 1 623 1
106 34 22 144 1 390 1 166 1 123 1 263 1 480 1 456 1 308 1 361 1 526 1 185 1 12 1 13 1 34 2 37 1 529 1 82 1 439 1 11 1 184 1 216 1 412 1
114 38 33 491 1 260 1 60 1 12 1 13 1 128 1 34 1 37 1 563 1 82 1 573 1 439 1 437 1 518 1 11 1 135 1 63 1 95 1 170 1 566 1 489 1 28 1 169 1 125 1 473 1 581 1 441 1 582 1 364 1 69 1 305 1 350 1 367 1
128 44 35 25 1 338 1 60 1 259 1 12 1 13 1 34 1 37 1 82 1 565 1 242 1 580 1 437 1 11 1 184 1 220 1 540 1 418 1 77 1 567 1 473 1 415 1 587 1 426 1 299 1 65 1 572 1 364 1 350 1 357 1 367 1 570 1 207 1 98 1 544 1
132 46 30 16 1 30 1 358 1 228 1 60 1 208 1 568 1 508 1 372 1 443 1 437 1 11 1 214 1 73 1 77 2 241 1 112 1 373 1 503 1 331 1 433 1 341 1 502 1 296 1 470 1 552 1 337 1 65 1 550 1 490 1
44 14 16 126 1 176 1 366 2 166 1 123 2 25 1 338 1 421 1 180 1 181 1 639 1 500 1 129 1 361 1 630 1 359 1
//IdTournes NbColis
10 6
//IdColis IdCommandeInColis NbProducts IdProd1 QtyProd1 IdProd2 QtyProd2 ...
48 15 9 147 1 143 1 224 1 52 1 59 1 166 1 25 2 338 2 48 1
67 21 11 51 1 147 1 522 1 16 1 206 1 59 1 464 1 166 1 25 2 54 1 192 1
81 25 19 126 1 52 1 666 1 366 1 227 1 419 1 20 1 117 1 75 1 247 1 100 1 67 2 259 1 185 1 221 1 12 1 13 1 34 1 37 1
90 28 9 231 1 615 1 561 1 16 2 30 1 148 1 59 1 166 1 203 1
15 5 24 45 1 44 1 56 1 504 1 60 1 50 2 74 1 15 1 32 1 61 1 41 1 12 1 13 1 34 2 37 1 82 1 541 1 71 1 33 1 63 1 64 1 68 1 95 1 291 1
20 7 20 51 1 126 1 123 2 251 1 308 1 122 1 515 1 23 1 17 1 131 1 138 1 12 1 13 1 34 1 37 1 82 1 105 1 401 1 659 1 493 1
//IdTournes NbColis
11 6
//IdColis IdCommandeInColis NbProducts IdProd1 QtyProd1 IdProd2 QtyProd2 ...
23 8 20 633 1 374 1 137 1 44 1 150 1 308 2 504 1 632 1 61 1 41 1 161 2 110 1 226 1 12 1 13 1 34 2 37 1 82 2 160 1 417 1
59 18 32 240 2 226 1 508 1 12 1 13 1 36 1 81 2 92 2 541 1 319 1 356 1 301 1 651 1 184 1 68 1 216 1 73 1 187 1 329 1 343 1 581 1 638 1 355 1 502 1 283 1 296 1 635 1 199 1 446 2 107 1 255 2 466 1
71 22 19 45 1 126 1 30 1 338 2 203 1 213 1 97 1 120 1 17 1 132 1 85 1 219 1 221 1 12 1 13 1 36 1 81 1 92 2 38 1
79 24 28 221 1 222 2 12 1 13 1 34 2 37 1 82 2 237 1 214 1 254 2 418 1 612 1 286 2 327 1 315 1 177 1 173 2 590 1 77 1 373 1 121 2 473 1 440 1 348 1 285 1 299 1 321 1 428 1
84 26 21 19 1 30 1 25 1 20 1 639 1 308 2 228 1 48 1 50 1 31 1 361 1 240 1 249 1 12 1 13 1 36 1 81 1 92 2 654 1 659 1 296 1
87 27 24 176 1 30 1 59 1 123 1 235 1 109 1 504 1 60 1 234 1 361 1 259 1 134 1 182 1 58 1 508 1 12 1 13 1 34 1 37 1 82 1 242 1 248 1 437 1 355 1
//IdTournes NbColis
12 6
//IdColis IdCommandeInColis NbProducts IdProd1 QtyProd1 IdProd2 QtyProd2 ...
91 28 23 322 1 338 3 614 1 430 1 104 1 120 1 234 1 397 1 132 1 41 1 110 1 12 1 13 1 34 2 37 1 82 1 99 1 393 1 396 1 401 1 437 1 210 1 422 1
94 29 18 19 1 52 1 16 2 374 1 338 2 251 1 308 1 259 1 138 1 12 1 13 1 34 1 37 1 82 1 244 1 99 1 332 1 257 1
97 30 26 230 1 148 1 104 1 49 1 74 1 61 1 134 1 12 1 13 1 34 2 37 1 82 1 105 1 237 1 95 1 245 1 318 1 232 1 73 1 77 2 28 1 415 1 343 1 391 1 427 1 438 1
99 31 24 340 1 366 1 123 2 322 1 431 1 347 1 282 1 12 1 13 1 34 1 37 1 82 1 319 1 372 1 64 1 76 1 216 1 295 1 318 1 177 1 266 1 28 2 265 1 306 1
103 33 28 491 1 374 1 347 1 129 1 361 2 339 1 12 1 13 1 34 2 37 1 82 1 532 1 244 1 99 1 541 1 71 1 443 1 372 1 543 1 545 1 158 1 468 1 46 1 266 1 473 1 272 1 420 1 454 1
108 35 24 147 1 16 1 123 1 25 1 84 1 49 1 282 1 62 1 110 1 12 1 13 1 34 1 37 1 212 1 82 1 99 1 71 1 170 1 158 1 318 1 24 1 331 1 291 1 283 1
//IdTournes NbColis
13 6
//IdColis IdCommandeInColis NbProducts IdProd1 QtyProd1 IdProd2 QtyProd2 ...
116 39 20 126 1 16 2 59 1 501 1 366 1 123 1 25 1 56 1 12 1 13 1 34 1 37 1 82 1 71 1 105 1 520 1 418 1 585 1 493 1 73 1
120 41 15 145 1 501 2 419 2 84 1 122 1 504 1 97 1 361 1 499 1 12 1 13 2 34 2 37 2 212 1 82 2
124 42 22 224 1 366 1 123 1 338 1 358 1 20 2 504 1 500 1 120 1 67 1 171 1 577 1 186 1 568 1 93 1 222 1 576 1 12 1 13 1 34 1 37 1 492 1
126 43 23 561 1 358 1 431 1 430 1 247 1 129 1 131 1 562 1 571 1 12 1 13 1 128 1 34 2 37 1 78 1 82 2 319 1 424 1 216 1 574 1 327 1 493 1 391 1
137 48 31 668 1 171 1 182 2 42 1 186 1 93 1 219 1 222 1 576 1 12 1 13 1 34 1 37 1 82 1 565 1 437 1 665 1 286 1 516 2 590 1 660 2 473 1 304 2 258 1 285 1 296 1 337 1 542 1 364 1 434 1 428 1
141 50 30 374 1 421 2 500 1 361 1 592 1 171 1 186 1 93 1 222 1 576 1 12 1 13 1 34 1 37 1 82 1 439 1 418 1 373 1 348 1 283 1 497 1 367 1 328 1 596 1 140 1 423 1 359 1 298 1 435 1 492 1
//IdTournes NbColis
14 6
//IdColis IdCommandeInColis NbProducts IdProd1 QtyProd1 IdProd2 QtyProd2 ...
143 51 19 522 1 666 1 491 1 123 1 25 1 137 1 54 1 338 2 431 1 117 1 122 1 171 1 70 1 186 1 568 1 93 1 222 1 576 1 12 1
101 32 31 366 1 419 1 421 1 251 1 430 1 308 1 247 1 50 1 601 1 424 1 372 1 437 1 518 1 295 1 246 1 315 1 77 1 404 1 391 1 306 1 341 1 433 1 348 1 426 1 412 1 325 1 364 1 378 1 357 1 367 1 271 1
61 19 17 174 1 224 1 366 1 260 1 264 1 54 1 358 2 203 1 66 1 324 1 431 1 267 1 186 1 93 1 219 1 221 1 276 1
144 51 34 13 1 34 1 37 1 82 1 437 1 520 1 175 1 68 1 76 1 216 1 663 2 327 1 112 1 510 1 473 1 582 1 479 1 273 1 321 1 538 1 364 1 428 1 367 1 271 2 328 1 423 2 591 1 359 2 298 1 369 1 380 1 403 1 460 1 488 1
134 47 32 126 1 599 1 374 1 56 1 21 1 541 1 439 1 437 1 124 1 493 1 514 1 266 1 24 1 440 1 473 1 538 1 371 1 337 1 364 1 287 1 305 1 367 1 14 1 604 1 336 2 250 2 55 1 279 1 307 1 359 2 257 1 376 1
30 10 10 147 1 143 1 45 1 224 1 149 1 667 1 148 1 374 1 613 1 15 1
//IdTournes NbColis
15 6
//IdColis IdCommandeInColis NbProducts IdProd1 QtyProd1 IdProd2 QtyProd2 ...
58 18 17 561 1 340 1 123 2 137 1 54 1 456 1 347 1 117 1 500 1 23 1 49 1 190 1 339 1 17 1 41 1 62 1 85 2
9 3 45 304 1 333 1 272 1 341 1 433 1 314 1 238 1 283 1 321 1 296 1 18 1 364 1 287 1 350 1 357 1 367 1 328 1 218 1 107 1 546 1 336 2 564 1 303 1 307 1 359 2 257 1 293 1 298 1 349 2 351 2 376 1 476 1 313 2 103 2 277 2 294 1 435 1 379 1 342 1 274 1 316 1 475 1 290 1 512 1 281 2
95 29 43 372 1 64 1 214 1 254 1 312 1 286 1 177 1 73 1 373 1 28 1 169 1 291 1 344 1 348 1 355 1 273 1 256 1 371 1 252 1 364 1 378 1 269 1 330 1 367 1 271 1 255 1 336 2 253 1 303 1 307 1 359 2 293 1 298 1 349 2 351 2 360 1 376 1 103 2 313 2 294 1 334 2 379 1 368 1
7 3 10 51 1 19 1 144 1 52 1 30 1 366 2 137 1 56 1 431 1 347 2
40 13 13 615 1 174 1 620 1 366 1 374 1 25 2 137 1 263 1 20 1 430 1 247 1 481 1 315 1
78 24 19 322 1 358 2 480 1 20 1 324 1 84 1 194 1 347 2 308 1 21 2 129 1 621 1 528 1 226 2 576 1 186 1 93 2 221 1 328 1
//IdTournes NbColis
16 6
//IdColis IdCommandeInColis NbProducts IdProd1 QtyProd1 IdProd2 QtyProd2 ...
130 45 30 366 1 54 1 419 2 122 1 120 1 190 1 132 1 195 1 432 1 33 1 63 1 220 1 418 1 236 1 246 1 73 1 534 1 547 1 503 1 333 1 398 1 291 1 384 1 199 1 364 1 317 1 350 1 367 1 336 2 253 1
136 48 16 126 1 667 1 501 1 464 1 374 1 366 1 25 1 137 2 419 1 358 1 20 1 251 1 100 1 500 1 267 1 296 1
98 30 34 438 1 155 1 321 1 325 1 364 1 378 1 428 1 367 1 223 1 229 1 336 2 250 1 102 1 303 1 307 1 359 2 293 1 298 1 349 2 351 2 360 1 376 1 103 2 313 2 385 1 395 1 294 1 379 1 300 2 342 1 353 1 369 1 407 1 409 1
74 23 16 52 1 149 1 148 1 491 1 444 1 480 1 251 1 100 1 97 1 515 1 178 4 23 1 485 1 208 1 53 2 193 1
77 24 10 622 1 390 2 491 1 374 2 123 1 25 2 137 2 54 2 322 1 190 1
76 23 17 359 1 298 1 205 1 183 2 376 1 349 2 351 2 103 2 313 2 379 1 294 1 369 1 467 1 106 1 648 2 409 1 494 1
//IdTournes NbColis
17 6
//IdColis IdCommandeInColis NbProducts IdProd1 QtyProd1 IdProd2 QtyProd2 ...
113 37 32 468 1 286 1 590 1 73 1 426 1 325 1 364 1 367 1 328 2 271 1 196 1 136 1 255 1 172 1 72 1 606 1 336 2 127 1 307 1 359 2 279 1 298 1 275 1 205 1 311 1 351 2 376 1 313 2 103 2 294 1 379 1 407 1
115 38 24 107 1 140 1 423 2 411 1 564 1 307 1 359 2 575 1 279 1 298 1 275 1 205 1 376 1 410 2 311 2 313 2 103 2 379 1 294 1 583 1 586 1 459 1 579 1 488 1
122 41 35 593 1 96 1 542 1 364 1 378 2 428 2 287 2 496 1 367 2 570 1 597 1 624 2 225 1 207 1 423 3 55 1 79 1 623 1 359 3 279 1 307 1 377 2 275 2 298 2 205 1 376 2 410 3 311 3 313 3 103 3 276 3 277 1 294 2 379 2 353 1
92 28 37 216 1 95 1 418 1 157 1 286 1 77 1 73 1 618 1 388 1 26 1 233 1 440 1 420 1 427 2 348 1 384 1 412 1 479 1 321 1 470 1 325 2 364 1 378 1 405 2 317 2 416 1 367 1 328 1 107 1 597 1 413 1 87 1 411 1 336 2 162 1 102 1 303 1
56 17 38 432 1 439 2 312 1 417 2 198 1 28 1 440 1 297 1 406 1 341 1 412 1 199 1 364 1 389 1 317 1 416 1 367 1 328 1 336 2 303 1 307 1 359 2 293 1 298 1 349 2 351 2 376 1 382 1 103 2 313 2 429 1 277 1 294 1 379 1 399 1 284 1 402 1 323 1
32 10 41 64 1 184 1 86 1 216 1 418 1 487 1 40 1 189 1 239 1 607 1 514 1 329 1 343 1 272 1 291 1 344 1 348 1 412 1 594 1 273 1 283 1 321 1 296 1 39 1 65 1 578 1 364 1 414 1 367 1 309 1 411 2 336 2 617 1 102 1 127 1 359 2 377 2 303 1 307 1 293 1 349 1
//IdTournes NbColis
18 6
//IdColis IdCommandeInColis NbProducts IdProd1 QtyProd1 IdProd2 QtyProd2 ...
112 37 16 143 1 176 2 338 2 431 1 308 2 605 1 53 2 600 1 608 1 132 1 182 1 161 1 400 1 437 1 246 1 311 1
117 39 20 364 1 305 1 367 1 461 1 133 1 423 2 209 1 359 2 279 1 554 1 298 1 275 1 410 2 376 1 311 2 313 2 103 2 379 1 294 1 101 2
127 43 25 315 1 173 1 354 1 473 1 398 1 427 3 314 1 502 1 569 1 495 1 325 1 367 1 389 1 446 2 94 1 447 2 382 1 387 1 448 1 408 1 316 1 380 1 101 1 362 1 409 1
125 42 27 82 1 372 1 439 1 295 1 40 1 77 1 331 1 440 1 588 1 296 1 337 1 578 1 497 1 434 1 287 1 367 1 328 2 271 1 423 1 359 1 436 1 298 1 334 1 289 1 380 1 425 1 584 1
111 36 30 415 1 297 1 406 1 348 1 427 1 521 1 556 1 287 1 416 1 367 1 139 1 218 1 539 1 87 1 548 1 411 1 423 2 307 1 359 2 279 1 298 1 275 1 311 2 351 2 360 1 376 1 313 2 103 2 294 1 379 1
102 32 20 72 1 336 2 279 1 307 1 359 2 575 1 275 1 298 1 436 1 311 2 351 2 376 1 313 2 103 2 294 1 379 1 394 1 425 1 368 1 383 1
//IdTournes NbColis
19 6
//IdColis IdCommandeInColis NbProducts IdProd1 QtyProd1 IdProd2 QtyProd2 ...
121 41 30 195 1 163 2 319 1 105 1 396 1 432 2 214 1 216 1 95 1 220 1 540 1 655 1 158 1 458 1 73 1 266 1 415 2 304 2 406 2 441 1 272 2 398 1 433 1 348 1 426 1 465 1 502 1 594 1 296 1 261 1
133 46 19 364 1 357 1 367 1 271 1 336 2 211 1 359 2 303 1 307 1 293 1 298 1 349 2 351 2 376 1 103 2 313 2 379 1 294 1 402 1
29 9 17 370 3 192 1 293 2 298 2 349 3 351 3 376 2 313 3 365 3 429 1 294 2 435 2 379 2 457 2 555 1 284 2 281 3
100 31 30 258 1 296 1 256 1 261 1 325 1 364 1 378 1 530 1 317 1 367 1 309 1 336 2 279 1 307 1 359 2 275 1 298 1 311 2 351 2 376 1 313 2 103 2 277 1 294 1 334 1 379 1 300 1 353 1 320 1 284 2
13 4 22 623 1 303 1 307 1 359 3 257 1 293 2 298 2 349 3 351 3 376 2 313 3 103 3 277 1 292 1 294 2 334 2 379 2 369 2 289 4 380 2 323 2 346 2
33 10 20 298 1 349 1 351 2 376 1 382 1 103 2 313 2 379 1 395 1 294 1 466 1 101 1 649 1 284 1 407 1 475 1 662 1 451 2 454 1 362 1
//IdTournes NbColis
20 6
//IdColis IdCommandeInColis NbProducts IdProd1 QtyProd1 IdProd2 QtyProd2 ...
63 19 14 336 2 288 1 370 2 164 1 257 1 298 1 277 2 278 1 369 1 289 2 101 1 380 1 346 1 352 1
138 48 20 428 1 287 1 367 1 596 1 546 1 336 2 377 2 359 2 257 1 298 1 476 1 469 1 277 1 369 2 101 1 579 1 425 1 475 1 106 1 512 1
25 8 20 359 1 279 1 645 2 307 1 275 1 298 1 351 2 511 1 376 1 311 2 472 1 103 2 313 2 379 1 642 1 294 1 300 2 649 1 640 1 463 2
89 27 21 359 2 279 1 307 1 293 1 298 1 349 2 351 2 376 1 103 2 313 2 379 1 277 1 294 1 353 1 369 1 300 1 394 1 407 1 323 1 467 1 512 1
93 28 17 307 1 359 2 377 1 293 1 298 1 351 2 376 1 349 2 313 2 103 2 429 1 294 1 379 1 392 1 284 1 368 1 409 1
109 35 33 297 1 272 1 321 2 285 1 337 1 371 1 595 1 364 1 434 1 428 1 405 1 305 1 367 1 328 1 411 1 423 2 279 1 307 1 359 2 298 1 275 1 410 2 311 2 376 1 313 2 103 2 294 1 379 1 277 1 598 1 486 1 369 1 460 1
//IdTournes NbColis
21 6
//IdColis IdCommandeInColis NbProducts IdProd1 QtyProd1 IdProd2 QtyProd2 ...
129 44 21 336 2 359 2 279 1 307 1 275 1 298 1 351 2 376 1 311 2 476 1 313 2 103 2 474 1 379 1 387 1 294 1 369 1 399 1 475 1 589 1 281 1
135 47 13 275 1 298 1 311 2 351 2 382 1 103 2 609 1 313 2 472 1 379 1 294 1 583 1 610 1
39 12 2 369 1 106 1
123 41 11 353 1 300 2 316 3 394 1 380 3 629 1 284 3 644 1 463 2 106 1 451 1
43 13 8 298 1 476 1 472 1 469 1 448 2 294 1 353 1 475 1
105 33 3 460 2 462 1 362 2
