//NbTournees
7
//IdTournes NbColis
1 6
//IdColis IdCommandeInColis NbProducts IdProd1 QtyProd1 IdProd2 QtyProd2 ...
16 4 19 133 1 75 1 176 1 182 1 69 1 181 1 175 1 159 1 57 1 183 1 63 1 26 1 41 2 132 1 110 1 111 1 112 1 113 1 88 2
10 3 9 83 1 58 1 77 1 75 1 35 3 125 1 62 2 56 2 87 1
19 5 13 137 1 77 1 7 2 169 1 59 1 12 1 166 2 63 2 151 2 26 2 41 3 88 2 79 1
23 6 13 77 1 140 1 187 2 7 2 186 1 155 1 12 1 183 2 63 1 184 1 26 2 41 3 88 3
27 7 17 77 1 7 1 12 1 63 2 26 2 41 2 88 3 79 2 80 2 82 1 84 1 106 1 110 1 111 1 112 2 113 1 108 1
39 11 17 192 1 191 1 193 1 7 1 234 1 10 1 23 1 183 1 194 1 235 1 189 1 142 1 94 2 95 1 97 2 98 1 99 1
//IdTournes NbColis
2 6
//IdColis IdCommandeInColis NbProducts IdProd1 QtyProd1 IdProd2 QtyProd2 ...
5 1 24 108 1 73 2 85 2 5 1 94 2 95 1 97 2 98 1 99 2 90 1 92 1 87 2 118 1 91 1 114 1 67 1 71 1 131 1 93 1 2 3 4 1 14 1 51 1 116 1
13 3 19 109 1 73 2 85 2 5 1 95 1 97 2 98 1 99 3 104 2 29 3 60 1 64 1 39 1 126 3 33 1 61 3 31 1 36 1 37 4
17 4 27 79 1 80 1 82 1 84 1 134 1 108 1 76 1 78 1 81 1 85 1 135 1 5 1 99 1 94 1 95 1 97 1 98 1 177 1 2 3 179 1 180 1 33 1 61 2 178 1 36 1 37 2 25 2
20 5 25 79 1 80 1 82 1 134 1 113 1 143 1 110 1 111 1 112 2 76 1 78 1 81 1 108 1 109 1 85 2 135 1 5 1 99 2 94 1 97 2 98 1 95 1 138 1 165 1 136 1
24 6 21 79 2 80 2 82 1 84 2 113 2 106 1 110 2 111 1 112 2 76 1 78 1 81 1 108 1 109 1 73 2 85 2 5 1 99 1 100 1 94 1 121 1
28 7 24 109 1 76 1 78 1 81 1 73 1 85 2 5 1 99 2 142 1 94 1 95 1 97 1 98 1 60 2 55 1 188 2 220 1 33 1 61 2 171 1 37 3 25 4 219 1 218 1
//IdTournes NbColis
3 6
//IdColis IdCommandeInColis NbProducts IdProd1 QtyProd1 IdProd2 QtyProd2 ...
31 8 24 82 1 134 1 108 1 109 1 76 1 78 1 81 1 135 1 85 1 5 1 98 1 99 1 94 1 95 1 97 1 164 1 33 1 61 2 157 1 127 1 37 2 25 3 163 1 144 1
34 9 25 111 1 143 1 108 1 109 1 76 1 78 1 81 1 85 1 148 1 135 1 5 1 98 1 99 1 94 1 149 1 95 1 97 1 146 1 215 1 71 3 150 3 153 3 33 1 61 2 204 1
37 10 25 112 2 113 1 110 1 76 1 78 1 81 1 108 1 109 1 73 1 85 2 5 1 94 1 95 1 97 2 98 1 99 2 203 1 173 1 60 2 174 1 33 1 61 3 171 1 30 1 217 1
42 12 21 26 1 79 2 80 2 82 1 84 1 106 1 107 2 88 1 111 1 112 2 113 1 110 1 76 2 78 2 81 1 108 1 73 1 85 2 5 1 94 1 95 1
47 13 28 82 1 134 1 143 1 88 2 110 1 111 1 112 1 113 1 76 1 78 1 81 1 108 1 109 1 148 1 85 1 135 1 5 1 94 1 95 1 97 1 98 1 99 1 201 1 200 1 180 1 221 1 225 1 121 1
14 3 7 25 5 127 2 44 2 74 1 86 2 120 2 121 2
//IdTournes NbColis
4 6
//IdColis IdCommandeInColis NbProducts IdProd1 QtyProd1 IdProd2 QtyProd2 ...
8 2 18 27 1 20 2 24 2 23 1 21 2 26 2 103 2 22 1 94 2 95 1 97 2 98 1 99 2 100 1 96 1 102 1 29 1 14 1
25 6 17 98 1 95 1 205 1 97 1 141 1 206 1 139 1 185 1 11 1 188 1 33 1 61 2 204 1 157 1 37 3 25 4 127 1
21 5 18 136 1 208 1 11 2 60 4 55 1 64 1 32 2 31 2 33 1 61 2 167 1 37 3 25 4 30 1 127 1 207 2 168 1 121 2
4 1 15 41 4 88 3 79 2 80 2 82 1 84 2 106 1 110 2 111 1 112 2 113 2 76 2 78 2 81 1 90 1
30 8 21 161 2 158 1 160 1 59 1 162 1 155 1 159 1 1 1 57 1 63 1 26 1 41 2 143 1 110 1 111 1 112 1 113 1 88 2 79 1 80 1 121 1
33 9 19 147 1 154 2 152 1 34 1 155 1 63 1 151 1 21 1 26 2 41 3 112 1 113 1 88 2 79 1 80 1 82 1 134 1 110 1 121 1
//IdTournes NbColis
5 6
//IdColis IdCommandeInColis NbProducts IdProd1 QtyProd1 IdProd2 QtyProd2 ...
36 10 17 161 1 172 1 7 1 160 1 12 1 57 1 63 2 170 1 26 3 41 4 79 2 80 1 82 1 84 1 106 1 88 2 111 1
6 1 9 117 1 11 2 55 2 70 1 89 2 115 2 128 1 120 2 121 2
35 9 9 30 3 37 3 156 4 25 4 127 1 216 1 74 2 145 1 89 1
41 12 14 198 1 161 1 213 2 7 1 160 1 181 2 122 1 229 1 12 1 233 1 239 1 63 2 41 4 26 2
2 1 11 129 1 130 2 15 2 45 1 46 1 47 3 48 1 53 3 54 3 66 1 90 1
3 1 16 66 2 68 2 7 2 69 2 13 1 52 1 122 1 12 1 6 1 1 1 10 1 65 1 63 2 119 1 26 3 90 1
//IdTournes NbColis
6 6
//IdColis IdCommandeInColis NbProducts IdProd1 QtyProd1 IdProd2 QtyProd2 ...
12 3 16 26 3 79 2 80 2 82 1 84 2 106 1 107 3 110 2 111 1 112 2 113 2 76 2 78 2 81 1 108 1 94 1
46 13 20 3 1 130 1 72 1 222 1 45 1 47 1 53 1 54 1 66 1 68 1 224 1 159 1 223 1 63 1 226 2 26 1 41 2 79 1 80 1 202 1
11 3 14 56 1 38 1 43 2 40 1 34 1 7 3 59 1 105 2 12 1 42 1 57 1 63 2 41 4 94 1
43 12 23 97 1 98 1 99 2 199 1 209 1 214 1 210 1 227 1 232 1 67 1 212 3 211 2 230 1 231 2 11 1 180 1 55 1 237 3 64 2 228 3 153 1 238 3 126 1
40 11 9 99 1 195 1 236 2 31 3 61 1 190 1 196 1 197 2 121 1
9 2 10 17 3 28 1 32 2 16 3 31 1 25 1 30 3 101 1 18 2 19 2
//IdTournes NbColis
7 4
//IdColis IdCommandeInColis NbProducts IdProd1 QtyProd1 IdProd2 QtyProd2 ...
38 10 7 30 2 37 4 25 5 127 2 217 1 120 1 121 2
1 1 9 3 1 8 2 9 2 50 1 124 1 49 3 72 3 123 1 129 2
44 12 11 126 1 240 1 33 1 61 3 225 1 37 4 25 5 30 1 127 2 18 1 121 2
18 4 1 25 1
