//NbTournees
27
//IdTournes NbColis
1 6
//IdColis IdCommandeInColis NbProducts IdProd1 QtyProd1 IdProd2 QtyProd2 ...
1 1 10 1 1 3 1 5 2 6 1 14 1 279 1 325 1 255 1 256 1 154 1
5 2 10 18 1 19 1 16 1 20 1 3 1 14 1 196 1 325 1 279 1 144 1
10 3 11 25 2 5 1 3 1 14 1 332 1 196 2 156 1 183 1 146 1 329 1 204 1
13 4 12 30 1 14 1 3 1 146 5 259 1 262 2 166 1 11 1 13 1 34 1 165 1 137 1
15 5 9 36 1 19 1 37 1 14 1 25 1 3 1 580 1 141 1 194 1
25 6 15 14 1 5 1 6 1 3 1 301 1 372 1 44 1 146 1 212 1 374 1 144 1 193 1 73 1 184 1 112 1
//IdTournes NbColis
2 6
//IdColis IdCommandeInColis NbProducts IdProd1 QtyProd1 IdProd2 QtyProd2 ...
27 7 7 48 2 37 1 46 1 3 1 14 1 5 1 116 1
60 13 14 25 1 5 1 3 1 14 1 156 1 146 1 154 1 147 1 153 2 132 1 161 1 144 1 40 1 151 1
63 14 12 1 1 14 1 6 1 3 1 175 1 294 1 351 1 194 1 301 1 423 1 227 1 154 1
71 17 14 30 1 3 1 14 1 444 1 223 1 194 1 212 1 191 1 164 1 193 1 222 2 417 1 169 1 125 1
77 19 14 25 1 5 1 3 1 14 1 194 1 183 1 191 1 212 1 195 1 164 1 144 1 211 1 217 2 182 1
83 21 11 19 1 46 1 3 1 14 1 194 1 235 1 234 1 212 1 191 2 154 1 211 1
//IdTournes NbColis
3 6
//IdColis IdCommandeInColis NbProducts IdProd1 QtyProd1 IdProd2 QtyProd2 ...
115 31 10 66 1 19 1 14 1 3 1 196 1 325 2 279 1 156 1 275 1 256 1
123 33 13 25 1 5 1 455 1 3 1 14 1 294 1 301 1 247 1 212 1 144 1 296 1 173 1 151 2
129 35 11 30 1 485 1 3 1 14 1 484 1 294 1 301 1 408 2 212 1 374 1 217 1
156 43 12 476 1 25 1 5 1 3 1 14 1 223 1 156 1 154 1 333 1 146 1 291 1 13 1
158 44 16 25 1 5 1 3 1 14 1 453 1 342 1 146 1 273 1 144 1 259 1 217 1 262 1 151 1 13 1 12 1 26 1
160 45 19 14 1 25 1 5 1 3 1 156 1 146 1 313 1 307 2 13 1 457 1 12 1 160 1 165 1 456 1 70 1 9 1 458 1 8 1 159 1
//IdTournes NbColis
4 6
//IdColis IdCommandeInColis NbProducts IdProd1 QtyProd1 IdProd2 QtyProd2 ...
162 46 13 466 1 25 1 3 1 5 1 14 1 146 2 144 1 259 1 193 1 469 1 262 1 166 1 346 1
164 47 13 460 1 14 1 25 1 5 1 3 1 156 1 146 1 218 1 259 1 331 2 231 1 13 1 462 1
166 48 12 14 1 25 2 5 2 3 1 156 1 367 1 193 1 366 1 355 1 166 1 151 1 313 1
170 50 16 25 1 5 1 3 1 14 1 156 1 146 1 348 1 247 1 319 1 218 1 259 1 262 1 389 1 210 1 13 1 388 1
172 51 11 14 1 25 1 5 1 455 1 3 1 323 3 146 1 383 1 218 1 355 2 160 1
180 55 17 14 1 25 1 5 1 3 1 156 1 146 1 429 1 428 2 259 1 262 1 47 1 12 1 160 1 9 1 458 1 280 1 139 1
//IdTournes NbColis
5 6
//IdColis IdCommandeInColis NbProducts IdProd1 QtyProd1 IdProd2 QtyProd2 ...
132 36 11 19 1 497 1 277 1 351 1 246 1 408 2 311 1 247 2 154 1 312 2 164 1
37 8 13 1 1 6 1 53 1 54 1 279 1 364 1 325 1 323 1 255 1 212 1 120 1 329 1 588 1
42 9 8 61 1 66 1 19 1 1 1 571 1 6 1 65 1 176 1
24 6 6 562 1 563 1 1 1 46 2 45 1 294 1
80 20 13 1 1 30 1 505 1 194 1 183 1 191 1 212 1 195 1 232 1 144 1 193 1 222 2 507 1
135 37 12 1 1 6 1 196 1 325 1 279 2 275 1 408 1 255 1 256 2 154 1 212 1 257 1
//IdTournes NbColis
6 6
//IdColis IdCommandeInColis NbProducts IdProd1 QtyProd1 IdProd2 QtyProd2 ...
147 40 13 19 1 1 1 25 1 320 1 246 1 156 1 146 1 319 1 147 1 161 1 144 1 259 2 160 1
168 49 15 1 1 25 1 5 1 156 1 146 1 247 2 164 1 259 1 100 1 386 1 262 1 166 1 151 1 313 1 13 1
174 52 18 30 1 1 1 196 1 194 1 191 1 195 1 144 1 217 1 193 1 173 1 162 1 163 1 199 1 359 1 512 1 454 1 167 1 208 1
176 53 17 48 1 1 1 6 1 196 1 191 1 195 1 355 1 173 1 162 1 163 1 513 1 167 1 375 1 343 1 464 1 192 1 201 1
178 54 15 30 1 1 1 455 1 332 1 196 1 156 1 146 1 217 1 193 1 262 1 151 1 166 1 514 1 515 2 152 1
182 56 9 1 1 30 1 505 1 191 1 195 1 166 1 506 1 165 1 236 1
//IdTournes NbColis
7 6
//IdColis IdCommandeInColis NbProducts IdProd1 QtyProd1 IdProd2 QtyProd2 ...
183 57 19 1 1 30 1 196 1 146 1 247 1 367 1 218 1 217 1 166 1 151 1 357 1 359 1 165 1 70 1 139 1 221 1 130 1 265 1 202 1
7 2 29 173 1 162 1 274 1 276 1 357 1 184 1 172 1 260 1 354 1 24 1 11 1 568 1 180 1 17 1 22 1 12 1 167 1 21 1 15 1 23 1 458 1 9 2 121 1 306 1 343 1 431 1 358 1 396 1 356 1
39 8 27 110 1 180 1 359 2 49 1 55 1 57 2 13 1 29 1 12 1 60 1 454 1 365 1 572 1 9 1 56 1 15 1 458 1 115 1 226 1 192 2 51 3 122 1 356 1 430 1 358 1 139 1 127 1
78 19 31 116 1 169 2 197 1 163 1 199 1 13 1 12 1 15 1 9 1 493 1 458 1 192 1 8 1 220 1 229 1 119 1 159 1 230 1 388 1 221 1 201 1 334 1 208 1 104 1 213 1 216 1 344 1 202 1 492 1 452 1 125 1
87 22 31 199 2 200 1 11 1 198 1 81 1 95 1 449 1 96 1 98 1 515 1 56 1 97 1 15 1 192 1 516 1 101 1 102 1 119 1 159 2 127 1 229 1 208 1 225 1 237 1 107 1 213 1 202 1 168 1 125 1 509 2 504 1
124 33 35 110 1 13 1 489 1 12 1 295 1 365 1 15 1 9 1 140 1 488 1 8 1 230 1 299 1 300 1 158 1 159 2 238 1 138 1 145 1 208 1 225 1 137 1 264 1 490 1 209 1 118 1 152 1 290 1 148 1 309 1 297 1 298 1 491 1 86 1 450 1
//IdTournes NbColis
8 6
//IdColis IdCommandeInColis NbProducts IdProd1 QtyProd1 IdProd2 QtyProd2 ...
130 35 32 144 1 296 1 357 1 307 1 486 1 13 1 165 1 365 1 375 1 15 1 140 1 8 1 101 1 102 1 299 1 139 2 158 1 159 1 131 1 230 1 238 1 138 1 208 1 137 1 225 1 310 1 264 1 145 1 371 1 432 1 209 1 308 1
167 48 14 13 1 12 1 165 1 465 1 160 1 15 1 9 1 139 1 145 1 208 1 265 1 148 1 112 1 450 1
173 51 17 355 1 274 1 313 1 390 1 199 1 29 1 454 1 15 1 9 1 8 1 139 1 158 2 145 1 137 1 387 2 265 1 152 1
49 10 22 383 1 177 1 378 1 244 1 350 1 269 1 222 2 267 1 380 1 73 1 370 2 162 1 274 1 276 1 184 1 260 1 354 1 49 1 76 1 81 1 67 1 82 1
53 11 18 212 1 278 1 439 1 177 1 378 1 587 1 244 1 350 1 259 1 40 1 89 2 90 2 91 1 217 2 283 1 162 1 163 1 49 1
69 16 20 30 1 219 1 194 1 212 1 191 1 164 1 218 1 211 1 217 1 206 1 197 1 163 1 210 1 11 1 198 1 400 1 99 1 518 1 81 1 95 1
//IdTournes NbColis
9 6
//IdColis IdCommandeInColis NbProducts IdProd1 QtyProd1 IdProd2 QtyProd2 ...
105 28 23 170 1 211 1 193 1 222 1 258 1 162 2 274 1 357 2 353 1 184 1 260 1 354 1 114 1 185 1 49 1 526 1 76 1 81 1 525 1 167 2 23 1 70 1 56 2
120 32 24 244 1 350 1 259 2 222 1 262 1 380 1 173 1 162 1 274 1 276 1 184 1 354 1 185 1 346 1 272 1 529 1 287 1 49 1 76 1 81 1 528 2 513 1 530 1 506 1
133 36 30 144 1 417 1 313 1 49 1 99 1 81 1 499 1 501 1 82 1 365 1 375 1 495 1 500 1 23 1 97 1 502 1 78 1 431 2 249 2 299 1 158 1 238 1 137 1 145 1 371 1 209 2 309 1 124 1 290 1 326 1
143 39 25 222 1 267 1 262 1 166 1 357 1 260 1 354 1 110 1 272 1 394 1 11 1 359 1 76 1 81 1 49 1 457 1 520 1 82 1 171 1 165 1 167 1 365 3 385 1 375 1 495 3
185 58 20 30 1 533 1 16 1 156 1 319 1 218 1 259 1 262 1 151 1 162 1 166 1 199 1 160 1 532 1 356 1 137 1 387 1 152 1 205 1 148 1
54 11 30 357 1 276 1 184 1 260 1 354 2 412 1 185 1 585 1 76 1 87 1 167 1 282 1 23 1 586 1 78 1 280 1 358 1 356 1 299 1 379 1 270 1 205 1 88 2 112 1 281 1 345 1 261 1 83 1 503 1 86 1
//IdTournes NbColis
10 6
//IdColis IdCommandeInColis NbProducts IdProd1 QtyProd1 IdProd2 QtyProd2 ...
159 44 20 454 1 160 1 9 1 343 1 192 1 8 1 321 1 300 1 139 1 334 1 138 1 145 1 137 1 308 3 216 3 265 1 324 3 452 1 26 2 450 1
65 14 26 421 1 478 1 13 1 17 2 165 2 167 1 171 2 160 1 375 1 369 1 480 1 39 2 479 1 121 1 192 1 254 2 431 1 126 1 127 2 229 2 230 1 263 1 201 1 334 1 145 1 117 1
72 17 28 389 1 197 1 163 1 203 1 11 1 13 1 17 2 12 1 171 1 224 1 415 1 416 1 375 1 9 1 192 1 215 1 221 1 201 1 119 1 159 1 127 1 387 1 152 2 202 1 213 1 216 1 446 1 445 1
169 49 13 17 1 165 1 385 1 160 1 70 1 257 1 139 1 233 1 137 1 387 1 118 1 152 1 265 1
26 6 18 43 1 171 1 564 1 254 1 299 1 139 1 159 1 230 1 208 1 225 2 264 1 145 1 118 1 209 1 345 1 373 1 28 2 450 1
32 7 26 412 1 106 1 110 1 114 1 199 1 210 1 400 2 359 2 341 1 13 1 81 1 47 1 160 1 171 1 167 1 165 1 207 1 411 2 572 1 369 1 115 1 121 1 306 1 192 3 343 1 431 1
//IdTournes NbColis
11 6
//IdColis IdCommandeInColis NbProducts IdProd1 QtyProd1 IdProd2 QtyProd2 ...
50 10 31 167 1 69 1 23 1 70 1 78 1 79 1 77 1 358 1 356 1 71 2 155 1 178 1 379 1 174 1 190 1 270 2 265 1 124 2 74 1 38 1 268 1 68 1 80 2 176 1 179 1 266 1 345 1 384 1 72 1 75 1 368 1
128 34 12 145 2 225 1 209 1 236 1 213 1 344 3 202 1 352 1 492 1 537 1 498 1 511 1
134 36 9 297 1 112 1 335 1 427 1 471 1 498 1 64 1 504 1 503 1
145 39 27 152 2 270 1 236 2 265 2 418 1 344 1 124 1 290 1 148 1 395 3 309 1 326 1 318 1 298 1 317 2 523 1 524 1 179 1 316 1 288 1 261 1 345 1 459 1 382 1 59 1 435 1 511 1
187 59 22 25 1 5 1 196 1 194 1 191 1 195 1 218 1 305 1 162 1 163 1 197 1 199 1 534 1 167 1 192 1 299 1 230 1 324 1 202 1 236 1 523 1 288 1
3 1 29 582 1 2 1 7 1 12 1 167 1 480 1 9 2 584 1 458 1 280 4 8 1 358 1 4 1 139 1 299 1 238 2 149 1 315 2 270 1 236 1 174 1 265 1 324 1 124 1 176 1 179 1 186 1 345 1 239 1
//IdTournes NbColis
12 6
//IdColis IdCommandeInColis NbProducts IdProd1 QtyProd1 IdProd2 QtyProd2 ...
106 28 27 56 1 78 1 79 1 495 1 257 1 280 3 358 1 356 1 139 1 123 1 131 2 109 1 299 1 104 2 209 3 174 1 202 1 270 1 265 1 152 2 124 3 38 2 176 1 186 1 345 1 59 1 527 1
110 29 30 106 1 272 1 81 1 542 1 506 1 167 1 541 1 23 1 78 1 495 1 356 1 358 1 4 1 139 1 233 1 299 1 263 1 334 3 494 1 270 1 265 1 124 1 176 1 179 1 186 1 345 1 239 1 384 1 503 1 543 2
117 31 30 276 1 184 1 260 1 354 1 272 1 167 1 375 1 495 1 496 1 9 1 8 1 358 1 356 1 139 1 131 3 201 1 299 1 149 1 225 3 379 1 494 1 270 1 174 1 265 1 124 1 176 1 179 1 186 1 345 1 382 1
52 11 10 85 1 84 1 19 1 279 1 196 1 325 1 323 1 275 1 256 1 154 1
152 42 10 84 1 19 1 275 1 256 1 333 1 247 4 154 1 212 1 227 1 244 1
56 12 15 30 1 92 1 223 1 294 1 279 1 351 1 301 1 247 1 212 1 374 1 377 1 144 1 296 1 222 1 404 1
//IdTournes NbColis
13 6
//IdColis IdCommandeInColis NbProducts IdProd1 QtyProd1 IdProd2 QtyProd2 ...
86 22 18 30 1 219 1 194 1 191 1 228 1 212 1 195 1 164 1 144 1 211 1 193 1 222 1 116 1 182 1 197 1 163 1 114 1 55 1
95 25 10 30 1 547 1 194 1 246 3 323 2 191 1 247 1 212 1 154 1 193 1
98 26 17 30 1 243 1 194 1 323 1 191 1 183 1 154 1 212 1 195 1 251 1 40 1 41 1 89 1 90 1 91 1 211 1 450 1
101 27 15 30 1 5 1 323 2 212 1 183 1 227 1 120 1 164 1 144 1 193 1 222 2 116 1 169 1 370 1 552 1
112 30 12 30 1 485 1 455 1 277 1 279 1 325 1 275 1 256 1 212 1 278 2 177 1 378 1
126 34 16 30 1 277 1 194 1 227 1 247 1 212 1 120 1 439 1 164 1 144 1 303 2 193 1 222 1 182 1 302 1 163 1
//IdTournes NbColis
14 6
//IdColis IdCommandeInColis NbProducts IdProd1 QtyProd1 IdProd2 QtyProd2 ...
40 8 23 293 1 221 1 230 2 299 1 155 1 137 1 225 1 209 1 118 1 387 4 265 2 152 1 236 1 290 1 124 1 326 1 112 1 186 1 345 1 58 3 50 2 59 2 527 1
46 9 14 261 1 531 1 63 1 64 1 565 1 569 1 50 2 59 3 550 1 28 2 558 1 504 1 527 1 543 4
48 10 11 19 1 20 1 5 1 196 1 325 1 279 1 246 2 256 1 271 2 212 1 144 1
74 18 13 19 1 25 1 194 1 212 1 227 4 228 1 144 1 211 1 222 1 380 1 163 1 199 1 110 1
89 23 13 19 1 37 1 240 1 183 1 227 1 154 1 212 1 120 1 144 1 170 3 211 1 193 1 222 1
92 24 16 19 1 92 1 243 1 194 1 227 1 212 1 120 1 244 1 40 1 41 1 89 1 90 2 91 1 211 1 116 1 511 1
//IdTournes NbColis
15 6
//IdColis IdCommandeInColis NbProducts IdProd1 QtyProd1 IdProd2 QtyProd2 ...
104 28 16 19 1 279 1 196 1 325 1 275 1 255 1 256 1 154 1 212 1 227 1 177 1 144 1 244 1 350 1 259 1 58 1
108 29 10 19 2 5 1 243 1 279 1 325 2 275 1 256 1 234 1 212 1 120 1
138 38 14 19 1 559 1 279 1 196 1 325 1 146 1 256 1 154 1 212 1 177 1 378 1 164 1 244 1 350 1
141 39 11 519 1 19 1 332 1 196 2 325 1 294 1 438 1 323 1 301 1 437 1 120 1
96 25 30 417 1 169 1 197 1 163 1 114 1 199 1 11 1 546 1 55 1 95 1 96 1 98 1 60 1 414 1 415 1 416 1 369 1 56 1 97 1 502 1 192 1 71 1 119 1 159 1 127 1 131 2 201 1 221 1 143 1 248 1
119 32 13 519 1 46 1 444 1 243 1 325 1 279 1 256 1 212 1 278 1 377 1 177 1 378 1 491 1
//IdTournes NbColis
16 6
//IdColis IdCommandeInColis NbProducts IdProd1 QtyProd1 IdProd2 QtyProd2 ...
43 9 14 279 1 196 1 325 1 351 1 62 1 408 1 183 3 154 1 311 1 319 1 177 1 378 1 289 1 144 1
81 20 27 100 1 417 1 116 1 182 1 169 1 197 1 163 1 114 1 199 1 200 1 231 1 198 1 192 1 215 1 4 1 119 1 233 1 127 1 201 1 225 1 118 1 107 1 213 1 202 1 204 1 112 1 125 1
67 15 19 505 1 25 1 196 1 194 1 191 1 195 1 144 1 193 1 380 1 169 1 162 1 163 1 197 1 173 1 199 1 200 1 203 1 198 1 542 1
137 37 19 358 1 356 1 461 1 126 1 131 2 299 1 149 1 265 1 270 1 124 1 74 1 112 1 186 1 179 1 406 1 345 1 58 1 504 1 511 1
150 41 17 25 1 5 1 6 1 325 1 323 1 156 1 146 1 144 1 328 1 259 1 296 1 211 1 217 1 262 1 313 1 160 1 165 1
165 47 19 12 1 463 1 160 1 165 1 465 1 9 1 347 2 464 1 8 1 461 1 233 1 139 1 145 1 225 1 137 1 265 1 148 1 176 1 450 1
//IdTournes NbColis
17 6
//IdColis IdCommandeInColis NbProducts IdProd1 QtyProd1 IdProd2 QtyProd2 ...
57 12 26 222 1 94 1 100 1 380 1 403 1 357 1 199 2 99 1 13 1 93 1 95 1 96 1 98 1 12 2 295 1 165 2 365 1 56 1 97 1 78 1 140 2 254 1 101 1 102 1 396 1 356 1
109 29 21 273 1 177 1 378 1 144 1 244 1 350 1 303 1 540 1 116 3 262 1 380 1 355 1 370 1 162 1 276 1 357 1 274 1 184 1 260 1 354 1 180 1
11 3 22 330 1 218 1 259 1 262 1 331 1 314 1 197 1 13 1 29 1 160 1 9 1 8 1 139 1 137 1 145 1 152 1 265 1 148 1 326 1 27 1 26 1 28 2
14 4 19 171 2 160 1 31 1 9 1 33 1 214 1 8 1 35 1 32 1 201 1 263 1 139 1 159 1 178 1 264 1 145 1 152 1 265 2 261 1
114 30 17 431 1 430 1 358 1 356 1 139 1 299 1 379 1 174 1 270 1 265 1 205 1 548 1 176 1 179 1 186 1 345 1 550 1
38 8 20 273 1 367 1 177 1 378 1 291 1 244 1 144 1 251 1 350 1 296 2 407 2 116 1 380 1 182 1 292 1 274 1 276 1 184 1 354 1 52 1
//IdTournes NbColis
18 6
//IdColis IdCommandeInColis NbProducts IdProd1 QtyProd1 IdProd2 QtyProd2 ...
70 16 19 96 1 98 1 207 1 56 1 214 1 192 1 215 1 159 1 220 1 201 1 208 1 209 1 202 1 213 1 216 1 344 1 204 1 125 1 517 1
93 24 27 370 1 197 1 166 2 163 1 114 1 11 1 231 2 551 1 55 1 7 1 95 1 96 1 98 1 60 1 165 1 167 1 242 1 207 2 369 1 56 1 97 1 502 1 554 1 192 2 215 1 119 1 555 1
94 24 18 159 1 233 1 127 1 131 1 201 1 334 1 225 1 371 1 236 1 241 2 213 1 202 1 344 2 168 2 492 1 125 1 58 1 368 1
45 9 33 60 1 167 1 56 1 97 1 70 1 188 1 358 1 356 1 126 1 299 1 138 3 334 3 178 1 187 1 315 1 130 1 387 1 157 1 190 1 270 1 236 2 265 1 124 1 352 1 446 1 27 1 570 1 567 1 507 1 566 1 491 1 179 1 186 1
181 55 8 137 1 145 1 152 1 265 1 148 1 481 1 28 1 450 1
127 34 29 197 1 422 1 199 1 11 1 359 2 55 1 81 1 499 1 535 1 536 1 95 1 96 1 98 1 515 1 454 1 539 1 56 1 97 1 192 1 343 1 431 2 396 1 538 1 119 1 159 1 233 1 127 1 293 2 201 1
//IdTournes NbColis
19 6
//IdColis IdCommandeInColis NbProducts IdProd1 QtyProd1 IdProd2 QtyProd2 ...
75 18 27 200 2 55 1 81 1 556 1 95 1 96 1 98 1 56 1 97 1 226 2 192 1 215 1 221 1 119 1 127 1 201 1 208 1 225 1 202 1 213 1 344 2 168 1 125 1 557 1 504 3 560 1 450 1
90 23 25 116 1 182 1 510 1 163 1 199 1 200 1 11 1 549 1 55 1 81 1 556 1 95 1 96 1 98 1 60 1 167 4 207 1 375 1 39 3 56 1 97 1 192 2 538 1 139 1 531 1
21 5 31 143 2 575 1 138 1 334 1 137 1 145 2 315 3 130 1 118 1 209 1 494 1 117 1 174 1 265 1 202 1 418 2 344 1 309 1 148 2 352 1 326 1 297 1 38 1 268 1 426 1 577 1 335 1 424 1 578 1 28 1 504 2
16 5 16 294 1 392 1 420 1 323 1 301 1 423 1 408 1 284 1 337 1 247 1 271 1 227 1 146 1 363 1 154 1 39 1
157 43 20 218 1 197 1 166 1 477 1 12 1 160 1 9 1 458 1 257 1 8 1 139 1 334 1 145 1 152 1 202 1 265 1 148 1 335 1 64 1 336 1
113 30 26 144 1 244 1 350 1 259 1 222 1 262 1 380 1 370 2 274 1 276 1 173 1 162 1 151 1 11 1 549 1 55 1 99 1 81 1 95 1 96 1 98 1 60 1 167 1 56 1 97 1 59 1
//IdTournes NbColis
20 6
//IdColis IdCommandeInColis NbProducts IdProd1 QtyProd1 IdProd2 QtyProd2 ...
153 42 19 177 2 378 1 303 1 222 2 94 1 267 1 360 1 370 3 173 1 162 1 357 1 274 2 166 1 354 1 185 1 210 1 514 1 359 1 55 1
31 7 22 90 1 574 2 573 1 193 1 407 1 417 1 380 1 302 1 370 1 510 1 292 1 162 1 166 3 163 1 274 1 276 1 405 1 422 1 111 1 354 1 412 1 112 1
154 42 31 81 1 95 1 96 1 98 1 12 1 60 1 171 1 167 4 375 1 456 1 56 1 97 1 122 1 356 1 358 1 102 1 139 1 299 1 149 1 248 2 264 1 174 1 190 1 270 1 265 1 124 1 544 1 176 1 345 1 406 1 239 1
18 5 20 113 1 338 1 402 1 164 1 144 1 133 1 296 1 303 1 40 1 41 1 89 2 90 2 91 1 211 1 193 1 305 1 262 1 169 1 283 1 419 1
61 13 26 41 1 89 1 90 1 91 1 151 2 111 1 447 1 150 1 13 1 448 1 449 1 160 1 9 1 451 1 8 1 139 1 158 1 159 1 149 1 145 1 155 2 137 1 152 1 157 1 148 1 450 1
148 40 25 40 1 41 1 89 1 90 1 91 1 94 1 262 1 510 1 162 1 166 1 307 1 280 2 508 1 159 1 263 1 149 1 145 1 137 2 387 1 152 1 344 1 148 3 179 1 373 1 509 1
//IdTournes NbColis
21 6
//IdColis IdCommandeInColis NbProducts IdProd1 QtyProd1 IdProd2 QtyProd2 ...
121 32 31 167 1 165 2 365 2 375 3 480 1 23 1 70 1 78 1 79 1 121 1 226 1 358 1 356 1 285 1 139 1 233 2 131 1 376 1 299 1 379 1 270 1 174 1 265 1 112 1 176 1 179 1 288 1 345 1 531 1 286 1 527 2
144 39 29 23 1 70 1 78 1 79 1 254 1 343 1 521 1 396 1 358 1 356 1 139 1 159 1 233 2 131 5 229 1 299 1 263 1 436 1 138 1 315 1 137 1 310 1 248 1 264 1 145 3 208 1 225 1 432 1 433 1
84 21 26 195 1 211 2 217 1 116 1 182 1 197 1 163 1 200 1 199 2 482 1 198 1 96 1 12 1 375 1 9 1 192 1 8 1 122 1 483 2 220 1 139 1 159 1 201 1 263 1 225 1 118 1
171 50 16 13 1 473 1 165 1 160 1 9 1 458 1 8 1 139 1 474 1 208 2 265 1 475 1 148 1 297 1 471 1 472 1
102 27 28 197 1 163 1 199 1 114 3 200 1 551 1 55 1 81 1 95 1 542 1 96 1 98 1 60 1 365 1 56 1 97 1 192 3 254 1 102 1 119 1 127 1 131 1 230 1 201 1 213 1 202 1 124 1 125 1
91 23 18 159 1 127 1 230 1 201 1 238 3 225 1 208 1 107 1 213 1 202 1 344 1 168 1 125 1 239 1 557 1 558 1 504 2 487 1
//IdTournes NbColis
22 6
//IdColis IdCommandeInColis NbProducts IdProd1 QtyProd1 IdProd2 QtyProd2 ...
161 45 12 300 1 139 1 145 1 310 3 344 3 174 4 265 1 152 1 27 1 345 1 459 3 450 1
163 46 18 11 1 29 1 468 1 12 1 160 1 165 1 9 1 458 1 280 2 470 1 139 1 344 1 236 2 265 1 125 1 467 1 28 1 450 1
100 26 17 554 2 214 1 249 1 71 1 119 1 159 1 220 1 201 2 221 1 137 1 315 1 213 1 202 1 344 1 205 1 204 1 125 1
2 1 23 212 1 278 1 383 1 177 1 289 1 144 1 251 1 350 1 193 1 583 1 267 1 163 1 162 1 274 1 276 1 184 1 260 1 354 1 10 1 11 1 180 1 13 1 582 1
20 5 22 160 2 167 1 295 1 365 1 369 1 375 2 121 1 140 1 280 4 192 1 254 1 249 1 32 1 131 1 139 1 158 1 159 2 230 3 299 1 201 3 263 1 143 1
44 9 23 350 1 303 1 222 1 189 1 262 1 380 1 182 3 73 1 162 1 181 1 276 1 314 1 274 1 184 1 185 1 568 1 180 2 55 1 99 1 81 1 95 1 542 1 96 1
//IdTournes NbColis
23 6
//IdColis IdCommandeInColis NbProducts IdProd1 QtyProd1 IdProd2 QtyProd2 ...
99 26 25 222 2 116 1 182 1 197 1 163 1 111 1 412 1 203 1 199 1 250 1 252 1 55 1 99 1 95 1 96 1 98 1 60 1 253 1 365 3 369 1 375 1 553 2 56 1 97 1 502 1
136 37 26 177 1 378 1 144 1 289 1 350 1 407 1 267 1 166 1 162 1 314 1 405 1 274 1 276 1 184 1 354 1 11 1 55 1 81 1 95 1 96 1 98 1 60 1 167 1 56 1 502 1 145 1
139 38 25 303 2 366 1 262 1 380 1 274 1 173 1 162 2 357 1 276 1 184 1 260 1 354 1 307 1 272 1 11 1 180 1 55 1 81 1 95 1 96 1 98 1 60 1 167 1 375 1 56 1
151 41 13 299 1 139 1 137 1 145 1 490 1 324 2 152 1 236 1 265 1 326 1 327 1 471 1 561 1
140 38 17 97 1 358 1 356 1 139 1 299 1 149 1 379 1 265 1 174 1 270 1 124 1 395 1 179 1 176 1 186 1 345 1 427 1
30 7 17 232 1 381 1 367 2 439 1 378 1 113 1 441 1 443 1 164 1 409 1 289 1 350 1 128 1 296 2 303 1 89 2 150 1
//IdTournes NbColis
24 6
//IdColis IdCommandeInColis NbProducts IdProd1 QtyProd1 IdProd2 QtyProd2 ...
19 5 25 302 1 370 1 173 1 162 1 163 1 197 1 166 1 151 1 422 2 357 1 111 2 412 1 114 1 200 1 199 1 210 1 42 1 401 1 425 1 150 1 400 1 421 1 359 1 13 1 142 1
116 31 20 284 1 154 1 212 1 278 1 273 1 381 1 367 1 177 1 378 1 244 1 144 1 350 1 259 1 222 1 262 1 380 1 173 1 162 1 274 1 12 1
8 2 18 201 1 263 1 149 1 575 1 315 1 379 1 387 1 174 1 190 1 124 3 268 1 176 1 186 1 345 1 28 1 576 1 450 1 511 1
85 21 7 213 1 236 1 202 1 344 1 204 1 125 1 450 1
131 35 8 152 1 148 1 309 1 290 1 326 1 297 1 450 1 487 1
68 15 13 167 1 171 1 375 1 192 1 201 1 159 1 149 1 202 1 157 1 174 1 205 1 204 1 28 1
//IdTournes NbColis
25 6
//IdColis IdCommandeInColis NbProducts IdProd1 QtyProd1 IdProd2 QtyProd2 ...
97 25 12 225 3 107 1 213 1 152 1 344 1 202 1 393 1 168 1 545 2 245 1 125 1 413 1
22 5 4 504 1 543 1 136 1 579 1
34 7 23 387 1 107 1 117 1 213 1 236 1 265 2 152 1 202 1 344 1 105 1 393 1 124 4 290 1 148 1 352 2 326 1 317 1 186 1 261 2 345 1 406 1 413 1 511 1
33 7 33 108 1 122 1 215 1 396 1 358 1 356 1 430 1 109 1 119 1 123 1 126 2 127 1 233 1 159 1 230 1 361 1 229 1 221 1 201 2 299 1 104 1 264 1 340 1 187 1 145 1 208 1 225 2 315 1 440 1 379 1 118 1 209 2 125 1
66 14 8 157 1 174 1 265 1 236 1 344 1 202 1 124 1 168 1
17 5 17 212 1 374 1 120 1 362 1 319 1 377 1 367 1 134 1 378 2 581 1 129 1 132 1 161 1 339 1 147 1 135 1 128 1
//IdTournes NbColis
26 6
//IdColis IdCommandeInColis NbProducts IdProd1 QtyProd1 IdProd2 QtyProd2 ...
64 14 22 154 1 212 1 362 1 164 1 144 1 128 1 170 1 211 2 193 1 262 1 169 1 162 1 163 1 166 1 173 1 197 1 276 1 422 1 172 1 114 1 210 1 126 1
142 39 17 275 1 228 1 348 1 247 1 154 1 212 1 434 1 120 1 273 1 349 1 378 1 522 1 409 1 289 1 303 1 211 2 193 1
6 2 18 275 1 256 1 212 1 304 1 177 1 378 2 289 1 350 1 303 1 398 1 573 1 222 1 267 1 305 1 397 1 262 1 380 1 166 2
58 12 22 321 1 322 1 230 1 299 1 138 1 310 1 264 1 145 4 208 1 137 1 225 1 237 1 118 1 209 2 152 3 290 1 395 1 309 1 148 1 326 1 298 1 261 1
175 52 8 192 1 201 1 299 1 324 1 202 1 174 1 204 1 268 1
179 54 7 160 1 139 1 137 2 145 1 265 1 335 1 399 1
//IdTournes NbColis
27 3
//IdColis IdCommandeInColis NbProducts IdProd1 QtyProd1 IdProd2 QtyProd2 ...
28 7 15 392 1 294 1 279 1 364 1 325 1 351 1 420 1 246 1 301 1 323 1 103 1 256 1 333 1 342 1 120 1
177 53 10 299 1 321 1 159 1 230 1 208 1 387 1 324 1 202 1 174 1 205 1
29 7 13 183 1 247 1 227 1 146 2 348 1 391 1 311 2 154 1 410 1 442 2 374 1 319 1 329 1
