//NbTournees
9
//IdTournes NbColis
1 6
//IdColis IdCommandeInColis NbProducts IdProd1 QtyProd1 IdProd2 QtyProd2 ...
39 11 16 82 1 153 2 76 1 256 1 104 4 175 1 283 1 88 1 110 1 270 2 293 2 305 2 249 2 268 1 213 2 50 1
40 11 14 213 2 294 1 167 2 257 2 248 1 281 1 183 3 185 3 259 1 263 2 145 2 271 2 189 1 53 1
18 5 15 194 1 60 1 191 1 68 1 105 1 178 2 189 2 111 1 186 2 192 2 113 2 193 2 36 3 179 3 98 2
26 7 22 241 1 195 1 138 2 60 3 97 1 139 1 181 2 93 1 189 1 200 1 113 1 73 1 112 1 165 1 74 1 86 1 179 1 72 3 101 1 75 1 80 1 198 1
21 6 19 84 1 109 1 153 1 76 1 103 1 148 1 175 1 79 1 132 2 110 1 213 1 137 1 167 2 61 2 239 1 191 1 68 1 140 2 54 3
25 7 15 40 1 65 1 204 1 77 1 62 1 81 1 84 1 99 1 66 1 240 1 46 1 153 3 92 1 53 1 199 1
//IdTournes NbColis
2 6
//IdColis IdCommandeInColis NbProducts IdProd1 QtyProd1 IdProd2 QtyProd2 ...
29 8 18 63 1 87 3 124 1 175 1 156 1 133 2 68 1 187 1 211 2 219 3 157 1 105 1 189 2 158 1 159 2 111 1 218 1 171 1
48 12 19 169 3 118 5 96 2 100 2 146 1 179 3 290 2 250 1 98 3 315 1 80 1 265 1 144 1 166 1 280 2 188 1 78 1 83 1 299 1
27 7 24 106 1 166 1 151 1 188 1 17 1 201 1 64 1 32 2 33 2 52 1 50 2 55 2 56 1 57 1 242 1 243 1 244 1 196 1 205 1 203 1 247 1 246 1 199 3 54 4
53 13 27 111 2 269 1 186 1 285 1 192 1 113 1 169 1 264 1 184 1 74 2 129 1 75 1 80 1 144 1 166 1 150 1 182 3 188 1 17 1 318 1 253 1 78 1 275 1 64 2 53 1 54 1 323 1
54 13 11 64 1 320 1 32 2 33 2 52 1 55 2 50 2 56 1 57 1 2 1 246 1
32 9 13 40 1 47 1 48 1 49 1 234 1 235 1 65 1 77 1 84 1 115 1 116 1 180 1 54 1
//IdTournes NbColis
3 6
//IdColis IdCommandeInColis NbProducts IdProd1 QtyProd1 IdProd2 QtyProd2 ...
1 1 15 51 1 85 1 125 1 174 1 84 2 143 1 152 1 67 1 147 1 232 1 94 1 109 1 153 1 71 1 128 1
8 2 16 174 1 84 2 67 1 109 1 153 1 87 1 168 2 175 1 79 1 122 3 88 3 110 1 114 1 120 1 185 2 2 1
11 3 19 40 1 85 1 84 1 116 1 67 1 119 1 94 1 109 1 153 1 71 1 79 1 88 1 107 1 163 1 114 1 138 1 139 2 105 1 54 4
14 4 16 40 1 85 1 121 1 77 1 125 1 84 2 67 1 46 1 109 1 153 1 76 1 87 1 175 1 19 1 79 1 53 1
17 5 18 40 1 85 1 77 1 84 1 115 1 67 1 94 1 109 1 173 1 153 1 71 1 103 1 104 1 79 1 88 1 90 1 110 1 114 1
20 6 12 40 1 44 1 85 1 77 2 89 3 91 1 125 1 174 1 84 1 67 1 37 1 54 2
//IdTournes NbColis
4 6
//IdColis IdCommandeInColis NbProducts IdProd1 QtyProd1 IdProd2 QtyProd2 ...
28 8 11 51 1 85 1 77 2 91 3 174 1 81 1 84 2 67 1 162 1 156 1 37 1
33 9 29 67 1 82 1 94 1 109 1 153 1 102 1 103 1 104 1 79 1 88 1 107 1 114 1 189 1 112 1 96 1 95 1 100 1 151 1 182 1 78 1 53 1 32 2 33 2 52 1 50 2 55 2 56 1 57 1 54 4
35 10 21 85 1 84 1 152 1 67 1 153 1 87 1 124 1 175 1 88 1 110 1 114 1 141 1 149 3 189 1 111 1 154 2 192 1 223 1 53 1 32 1 4 1
38 11 11 322 1 234 1 235 2 85 1 77 1 81 2 84 2 251 1 67 1 82 1 167 1
45 12 11 116 5 67 1 308 4 278 2 289 1 153 1 175 1 79 1 88 1 132 2 215 1
51 13 19 85 1 84 2 116 2 67 1 277 1 173 2 153 1 76 1 256 1 103 1 104 1 175 1 283 1 88 1 255 1 261 1 110 1 12 1 54 2
//IdTournes NbColis
5 6
//IdColis IdCommandeInColis NbProducts IdProd1 QtyProd1 IdProd2 QtyProd2 ...
3 1 14 208 1 133 1 24 3 68 2 139 3 207 2 185 2 211 1 189 1 111 2 210 2 131 1 20 1 54 1
5 1 25 80 2 166 1 150 3 176 1 188 1 212 1 20 1 32 2 33 2 52 1 50 2 55 2 56 1 13 2 57 1 69 2 27 1 1 1 12 4 8 2 25 1 3 1 21 2 54 2 4 3
2 1 19 87 3 92 1 124 1 127 1 103 1 104 1 175 1 79 1 88 4 23 2 30 1 114 2 110 1 214 1 14 1 70 1 133 1 53 1 54 1
44 12 10 51 1 85 1 310 1 291 1 77 3 89 1 91 2 84 2 251 1 54 1
9 2 16 190 2 189 1 161 1 16 2 28 1 210 2 169 2 165 1 177 3 184 1 118 1 117 3 96 1 146 1 72 3 54 2
16 4 19 96 2 146 1 72 1 17 1 134 1 108 1 150 1 151 1 176 1 78 1 123 1 22 3 32 1 33 2 52 1 50 2 55 1 56 1 57 1
//IdTournes NbColis
6 6
//IdColis IdCommandeInColis NbProducts IdProd1 QtyProd1 IdProd2 QtyProd2 ...
23 6 18 218 1 16 2 184 1 238 2 220 1 74 5 86 1 96 1 146 1 72 5 101 1 135 2 206 1 144 2 166 1 150 1 176 1 53 1
46 12 14 132 3 266 3 252 1 267 2 110 1 114 1 287 1 302 1 306 1 208 1 254 1 272 3 183 2 54 2
15 4 17 88 1 107 1 167 2 18 1 139 1 170 1 180 5 181 1 183 1 187 1 126 1 130 1 113 1 74 3 86 1 22 1 54 5
30 8 34 164 1 113 2 165 2 184 1 155 1 171 1 74 1 160 1 75 1 224 1 80 1 150 1 176 1 17 1 20 3 83 1 231 2 53 1 32 2 33 2 52 1 50 2 55 2 56 1 57 1 225 1 226 2 227 2 228 1 216 1 233 1 3 4 37 4 54 5
41 11 13 189 2 111 2 269 1 284 1 186 2 154 2 113 3 193 3 311 1 317 1 296 2 321 3 74 4
42 11 19 262 1 96 4 129 1 98 2 101 4 160 2 315 3 75 3 258 3 108 1 144 1 166 1 188 1 253 1 78 2 198 2 83 3 32 1 297 1
//IdTournes NbColis
7 6
//IdColis IdCommandeInColis NbProducts IdProd1 QtyProd1 IdProd2 QtyProd2 ...
4 1 19 154 2 192 2 169 2 193 2 11 1 35 3 128 1 129 1 142 1 146 1 179 2 75 4 15 3 17 1 29 1 42 1 80 2 31 1 54 1
36 10 23 184 1 193 1 220 1 221 1 223 1 75 1 80 1 150 1 151 1 32 1 33 2 52 1 230 1 50 2 55 1 56 1 57 1 215 3 217 1 229 1 222 2 54 5 4 1
10 2 21 166 3 150 1 188 1 78 1 53 1 32 2 33 2 52 1 50 2 55 2 56 1 26 1 57 1 7 2 2 1 9 4 5 1 6 1 10 1 41 1 54 4
13 3 12 176 1 202 2 78 1 34 1 53 1 32 2 33 2 52 1 50 2 55 2 56 1 57 1
19 5 19 17 1 108 1 150 1 151 1 182 1 78 2 59 1 53 1 32 2 33 2 52 1 50 2 55 2 56 1 39 1 57 1 197 1 38 1 54 5
24 6 14 188 1 17 1 78 4 20 2 83 1 58 3 32 2 52 1 33 2 50 2 55 2 56 1 57 1 10 1
//IdTournes NbColis
8 6
//IdColis IdCommandeInColis NbProducts IdProd1 QtyProd1 IdProd2 QtyProd2 ...
12 3 17 172 2 145 1 189 1 131 1 169 5 165 1 184 1 96 1 128 3 17 1 80 3 136 1 108 1 150 2 151 1 43 1 54 1
49 12 21 83 2 279 2 231 1 53 1 52 1 32 2 33 2 55 2 56 1 50 2 313 2 39 1 57 1 215 1 197 1 304 1 319 2 314 1 300 1 54 1 297 2
7 2 11 40 1 45 1 47 1 48 2 49 1 245 1 234 1 235 1 85 1 7 1 54 1
47 12 12 187 2 307 2 282 2 301 3 269 1 210 3 186 3 192 1 260 3 169 2 198 1 54 1
52 13 19 114 1 270 3 286 1 208 1 139 2 140 1 207 1 211 1 288 1 303 1 93 1 105 1 273 1 145 1 276 1 271 1 189 1 155 1 54 2
50 13 9 40 1 45 2 47 1 48 2 322 1 234 1 235 1 274 1 292 1
//IdTournes NbColis
9 3
//IdColis IdCommandeInColis NbProducts IdProd1 QtyProd1 IdProd2 QtyProd2 ...
22 6 10 172 2 209 2 211 2 180 3 181 2 189 2 154 3 236 1 218 2 237 1
43 11 17 34 2 32 2 33 3 52 1 50 2 55 3 56 1 57 1 312 1 316 3 7 1 309 2 196 2 295 4 314 1 298 1 54 8
37 11 5 324 1 45 3 47 1 48 4 322 1
