//NbTournees
3
//IdTournes NbColis
1 6
//IdColis IdCommandeInColis NbProducts IdProd1 QtyProd1 IdProd2 QtyProd2 ...
3 1 27 42 1 48 1 111 1 8 1 40 1 98 1 57 2 79 1 131 1 159 1 75 1 143 1 102 1 1 1 4 1 31 1 174 1 178 1 181 4 158 1 163 1 177 2 187 1 171 1 160 1 165 2 175 1
5 2 21 182 1 191 1 192 1 119 1 10 1 37 1 55 1 2 1 7 1 66 1 78 1 89 1 90 1 141 1 36 1 82 1 145 1 46 2 133 1 170 1 183 1
7 3 21 191 1 77 1 74 1 2 1 19 1 21 1 58 1 70 1 71 1 76 1 104 1 109 1 110 1 118 1 140 1 59 2 199 2 50 1 34 1 165 1 175 1
12 4 19 230 1 94 1 194 1 3 1 5 1 11 2 15 2 21 1 35 2 49 1 58 1 67 1 91 1 104 1 108 1 124 1 122 1 213 1 165 1
10 3 36 221 2 47 1 193 1 43 3 61 1 198 1 222 1 231 1 25 1 29 2 196 1 223 1 228 1 105 1 33 1 218 1 20 1 18 1 22 1 220 1 30 1 4 3 214 1 26 2 13 1 207 1 232 1 178 7 208 1 158 1 163 1 217 1 229 1 215 1 209 1 177 3
6 2 19 84 1 85 1 87 1 117 1 146 1 24 1 6 1 14 1 64 1 28 1 139 1 166 1 170 1 167 2 181 5 173 1 177 3 164 2 168 1
//IdTournes NbColis
2 6
//IdColis IdCommandeInColis NbProducts IdProd1 QtyProd1 IdProd2 QtyProd2 ...
9 3 21 113 1 153 1 201 1 204 1 206 1 23 1 40 1 57 2 65 1 69 1 212 2 53 1 6 1 54 1 114 1 125 1 128 2 156 1 205 1 203 1 216 1
15 5 21 94 1 56 1 83 1 95 1 16 2 32 1 35 2 62 1 63 1 135 1 152 1 184 1 185 1 188 1 189 1 88 1 93 1 190 2 195 1 9 1 161 1
1 1 16 191 1 192 1 194 1 73 1 11 3 12 1 15 1 35 3 45 1 49 1 52 1 96 1 99 1 63 2 169 1 177 1
14 4 16 148 1 159 1 27 1 143 2 149 1 150 1 29 1 233 1 227 1 17 1 178 4 210 1 225 1 177 3 211 1 175 1
16 5 16 72 1 85 1 86 1 144 1 69 1 193 1 197 1 196 1 33 1 18 1 26 1 167 2 178 5 180 1 179 1 177 3
13 4 23 132 1 151 1 200 2 202 2 188 1 115 1 88 1 147 1 38 1 51 1 103 1 106 1 112 1 142 1 157 1 129 1 24 1 57 1 54 1 232 1 178 1 183 1 224 1
//IdTournes NbColis
3 3
//IdColis IdCommandeInColis NbProducts IdProd1 QtyProd1 IdProd2 QtyProd2 ...
8 3 19 68 1 93 1 123 1 136 1 137 1 226 1 190 1 41 1 130 1 154 1 39 1 44 1 60 1 72 1 81 1 92 3 107 1 112 1 219 1
2 1 20 101 1 116 1 121 1 127 1 134 1 138 1 155 1 172 1 176 1 185 1 186 1 188 1 80 1 82 1 97 1 100 1 120 1 136 1 126 1 162 1
11 3 1 187 1
