//NbTournees
4
//IdTournes NbColis
1 6
//IdColis IdCommandeInColis NbProducts IdProd1 QtyProd1 IdProd2 QtyProd2 ...
6 2 6 59 2 55 1 56 1 19 3 44 4 24 1
1 1 15 59 1 5 1 171 1 116 1 169 1 183 1 139 1 187 1 188 1 7 1 170 1 17 1 177 1 1 1 2 1
15 4 12 59 1 86 1 37 1 178 1 116 1 39 1 51 1 27 2 1 1 3 1 11 3 76 1
18 5 9 65 1 66 1 67 1 59 1 56 1 49 1 14 2 33 1 63 1
21 6 14 59 1 88 1 56 1 165 1 116 1 28 2 14 1 33 1 167 1 160 1 166 3 76 1 77 1 93 1
24 7 10 99 1 67 1 59 1 56 1 105 1 139 2 33 1 148 1 76 1 100 1
//IdTournes NbColis
2 6
//IdColis IdCommandeInColis NbProducts IdProd1 QtyProd1 IdProd2 QtyProd2 ...
27 8 21 59 1 115 1 33 1 114 1 76 1 77 2 79 2 83 1 84 1 63 1 109 1 110 2 112 1 42 1 30 2 113 2 106 3 111 1 100 2 108 1 107 2
22 6 22 77 1 79 2 83 1 84 1 162 1 164 1 95 3 87 1 63 1 159 1 94 1 97 1 93 1 161 1 4 2 158 1 163 3 91 2 89 1 92 1 96 2 90 3
17 4 18 46 1 71 1 73 1 172 1 6 1 36 2 173 1 161 1 35 2 182 1 181 2 24 1 133 1 26 1 70 1 179 2 81 1 72 1
25 7 22 77 2 79 2 83 1 84 2 63 2 102 2 142 1 38 1 104 1 103 1 110 1 140 1 98 1 141 1 134 2 149 1 147 1 144 1 101 1 143 1 145 1 146 1
8 2 13 51 4 1 1 3 1 11 2 12 1 49 2 14 2 40 2 52 1 153 2 150 1 18 1 54 1
10 2 20 20 1 131 1 154 1 4 2 25 1 47 2 53 3 141 1 21 4 42 5 151 1 24 1 30 4 48 2 50 1 156 1 22 1 54 1 60 3 157 2
//IdTournes NbColis
3 6
//IdColis IdCommandeInColis NbProducts IdProd1 QtyProd1 IdProd2 QtyProd2 ...
19 5 15 33 2 137 1 76 1 77 2 79 2 83 1 84 1 69 3 94 2 29 2 68 3 125 2 136 2 42 3 138 2
12 3 17 56 1 34 1 189 1 28 1 116 1 23 1 190 1 27 1 1 1 3 1 11 2 12 1 49 1 33 1 130 1 152 1 129 1
4 1 19 119 1 94 1 123 1 120 1 168 1 172 1 131 1 4 3 6 1 173 1 134 1 141 2 9 1 176 1 181 1 10 2 15 1 30 3 121 3
14 3 5 30 3 48 1 133 2 26 3 126 1
7 2 7 45 2 57 1 41 3 43 3 139 4 23 2 51 1
9 2 19 152 1 79 2 84 1 64 3 122 1 61 3 62 1 63 2 78 2 80 1 82 1 16 1 31 2 32 1 38 2 46 1 58 1 117 2 155 3
//IdTournes NbColis
4 4
//IdColis IdCommandeInColis NbProducts IdProd1 QtyProd1 IdProd2 QtyProd2 ...
3 1 23 175 1 8 1 152 1 76 1 77 2 79 2 84 1 122 1 118 1 69 1 78 2 80 1 82 1 62 1 63 2 13 1 16 1 31 2 32 1 38 2 46 1 159 2 117 1
13 3 28 76 1 77 2 79 1 84 1 135 1 63 1 78 1 80 1 82 1 62 1 13 1 16 1 31 2 32 1 38 2 46 1 132 1 128 1 29 2 127 1 124 1 131 1 125 1 4 1 134 1 161 1 9 1 24 1
16 4 23 11 1 12 1 33 1 153 1 180 1 152 1 77 2 79 1 83 1 84 1 64 1 62 1 63 1 74 2 75 2 78 1 80 1 82 1 85 1 16 1 31 2 32 1 38 2
2 1 12 2 1 3 1 11 2 12 1 49 2 186 2 14 3 184 4 33 1 185 1 174 2 149 1
