//NbTournees
8
//IdTournes NbColis
1 6
//IdColis IdCommandeInColis NbProducts IdProd1 QtyProd1 IdProd2 QtyProd2 ...
21 7 20 3 1 258 1 269 1 275 1 87 1 286 1 229 1 242 1 255 1 143 1 270 1 49 1 292 1 273 1 277 1 262 1 126 1 280 1 281 1 8 1
23 8 21 41 1 257 1 236 1 271 1 287 1 82 1 246 1 229 1 243 1 539 1 84 1 43 1 523 1 412 1 266 1 273 1 145 1 408 1 160 1 363 1 186 1
7 1 43 312 2 527 1 537 1 16 1 17 1 45 1 259 1 538 1 1 1 8 1 13 1 15 1 30 1 36 1 47 1 56 1 57 1 65 1 81 1 534 1 63 1 289 1 166 1 349 1 529 2 420 1 532 2 533 1 535 1 536 1 359 2 544 2 59 1 526 1 464 1 530 1 351 1 295 1 358 2 503 1 208 1 504 1 190 2
19 6 47 228 2 151 1 160 1 210 1 197 1 230 1 204 1 293 1 312 1 225 1 298 1 306 1 195 1 172 1 248 1 304 1 181 1 188 1 193 1 234 1 235 1 169 1 178 1 182 1 303 1 294 1 179 1 183 1 309 1 173 1 176 1 180 1 260 1 295 1 297 1 299 1 300 1 302 1 310 1 205 1 296 1 208 1 222 2 191 1 227 1 307 1 305 1
24 8 21 265 1 156 1 492 1 505 1 230 1 264 1 293 1 278 1 298 1 24 1 259 1 434 1 507 1 252 1 261 2 179 1 211 1 464 1 361 1 190 2 430 1
26 9 29 99 1 520 1 145 1 408 1 158 1 528 1 34 1 106 1 160 1 69 1 168 1 170 1 230 1 366 1 17 1 248 1 472 1 510 1 540 1 231 1 241 1 77 1 81 1 193 1 183 1 301 1 260 1 351 2 214 1
//IdTournes NbColis
2 6
//IdColis IdCommandeInColis NbProducts IdProd1 QtyProd1 IdProd2 QtyProd2 ...
27 10 30 12 1 114 1 131 1 232 1 270 1 49 1 51 1 113 1 267 1 285 1 250 1 145 1 291 1 160 1 279 1 141 1 54 1 230 1 209 1 249 1 311 1 182 1 216 1 289 1 211 1 301 1 180 1 208 1 191 1 214 1
28 11 28 237 1 245 1 130 1 284 1 49 1 283 1 254 1 145 1 106 1 149 1 160 1 288 1 282 1 112 1 280 1 170 1 230 1 272 1 281 1 247 1 17 1 187 1 240 1 294 1 194 1 173 1 290 1 308 1
30 12 40 343 1 146 1 255 1 331 1 127 1 140 1 342 1 320 1 49 1 51 1 292 1 345 1 145 1 319 1 116 1 160 1 288 1 265 1 230 1 335 1 298 1 306 1 330 1 24 1 372 1 187 1 339 1 347 1 311 1 8 2 188 1 178 1 173 1 359 1 351 1 356 1 361 1 290 1 171 1 214 1
1 1 5 73 1 484 1 3 1 7 1 100 1
3 1 8 6 1 41 1 50 2 257 1 80 1 129 1 12 1 2 1
9 2 16 3 1 41 1 46 1 12 1 202 1 98 1 10 1 25 1 48 1 70 1 109 1 139 1 206 1 134 1 143 1 187 1
//IdTournes NbColis
3 6
//IdColis IdCommandeInColis NbProducts IdProd1 QtyProd1 IdProd2 QtyProd2 ...
25 9 20 233 1 274 1 114 1 276 1 146 1 82 1 244 1 2 1 44 1 253 1 263 1 128 1 516 1 268 1 531 1 31 1 49 1 52 1 113 2 209 1
32 13 16 287 1 2 1 44 1 31 1 49 1 51 1 341 1 278 1 199 1 366 1 235 1 322 1 289 1 349 1 300 1 371 1
33 14 34 329 1 88 1 334 1 139 1 284 2 224 1 350 1 119 1 31 1 338 1 323 1 355 1 106 1 363 1 29 1 333 1 337 1 377 1 225 1 298 1 362 2 357 1 317 1 231 1 324 1 81 1 188 1 193 1 303 1 353 1 370 1 364 1 214 2 305 1
14 4 26 87 1 93 1 146 1 82 1 313 1 318 1 19 1 328 1 91 1 162 1 110 1 159 1 164 1 203 1 83 1 369 1 31 2 49 1 51 2 238 1 326 1 332 1 99 1 145 1 374 1 186 1
35 15 11 336 1 43 1 157 1 145 1 160 1 325 1 314 1 180 1 358 1 354 1 214 1
36 16 29 50 1 360 1 25 1 344 1 206 1 217 1 49 1 348 1 345 1 95 1 118 1 145 1 160 1 321 1 101 1 141 1 340 1 156 1 316 1 346 1 315 1 314 1 352 1 235 2 327 1 367 1 173 1 349 1 211 1
//IdTournes NbColis
4 6
//IdColis IdCommandeInColis NbProducts IdProd1 QtyProd1 IdProd2 QtyProd2 ...
38 17 13 382 1 82 1 386 1 243 1 410 1 9 1 409 1 431 1 298 1 378 1 187 1 300 1 432 1
39 18 23 82 1 25 1 394 1 43 1 51 1 96 1 379 1 402 1 21 1 149 1 321 1 312 1 385 1 389 1 195 1 433 1 378 1 235 1 178 1 301 1 351 2 429 1 308 1
40 19 34 391 1 114 1 125 1 132 1 287 1 383 1 127 1 404 1 49 1 52 1 412 1 407 1 392 1 388 1 145 1 408 1 150 1 413 1 158 1 106 1 160 1 138 1 417 1 5 1 418 1 352 1 422 1 424 1 380 1 8 2 13 1 252 1 173 1 426 1
15 4 31 223 1 198 2 106 1 160 2 265 1 101 1 103 1 112 1 135 1 147 1 148 1 312 1 177 1 185 1 199 1 225 1 200 1 375 1 195 1 365 1 234 1 235 1 303 1 189 1 184 1 376 1 368 1 371 1 171 1 373 1 305 1
42 20 19 393 2 414 1 239 1 53 1 406 1 159 1 145 1 409 1 158 1 149 1 160 1 112 1 403 1 272 1 362 1 234 1 208 1 428 2 227 1
43 21 24 50 1 397 1 82 1 318 1 386 1 55 1 92 1 400 1 140 1 49 1 401 1 118 1 158 1 161 1 431 1 381 1 421 1 398 1 375 1 418 1 347 1 77 1 420 1 430 1
//IdTournes NbColis
5 6
//IdColis IdCommandeInColis NbProducts IdProd1 QtyProd1 IdProd2 QtyProd2 ...
4 1 18 32 1 33 1 391 1 142 1 117 1 125 2 131 1 522 1 111 1 4 1 82 1 37 2 40 1 68 1 18 1 19 1 22 1 28 1
44 22 35 94 1 125 1 82 1 384 1 243 1 390 1 396 1 416 1 268 1 411 1 387 1 155 1 407 1 61 1 395 1 419 1 118 1 145 1 153 1 405 1 160 1 399 1 403 1 415 1 425 1 315 1 16 1 325 1 434 1 423 1 169 1 178 1 182 1 189 1 427 1
13 3 10 14 1 147 1 156 1 148 1 170 1 5 1 209 1 169 1 59 1 191 2
46 23 29 236 1 124 1 125 1 82 1 440 1 53 1 127 2 284 1 457 1 49 1 52 1 215 1 145 1 223 1 116 1 160 1 288 1 14 1 459 1 200 1 5 1 195 1 441 1 181 1 349 1 464 1 361 2 376 1 305 1
48 24 26 447 1 94 1 461 1 444 1 384 1 48 1 253 1 70 1 452 1 127 1 162 1 92 1 144 1 83 2 387 1 52 1 9 1 250 1 448 1 156 1 138 1 462 1 463 1 235 1 190 1 191 2
50 25 30 236 1 142 1 82 1 439 1 255 1 454 1 404 1 411 1 49 1 51 1 96 1 345 1 9 1 450 1 455 1 126 1 145 1 153 1 445 1 106 1 458 1 149 1 160 1 27 1 456 1 121 1 135 2 24 1 8 2 451 1
//IdTournes NbColis
6 6
//IdColis IdCommandeInColis NbProducts IdProd1 QtyProd1 IdProd2 QtyProd2 ...
18 6 20 237 1 102 1 142 1 124 1 93 1 122 2 239 1 256 1 88 1 130 1 224 1 196 1 49 1 238 1 23 1 251 1 99 1 145 1 153 1 209 1
16 5 22 382 1 129 1 133 1 136 1 94 1 132 1 442 1 53 1 446 1 449 1 127 1 152 2 90 1 92 1 140 1 155 1 157 1 118 2 145 1 153 1 161 1 178 1
52 26 12 435 1 136 1 460 1 122 1 437 1 465 1 140 1 113 1 453 1 198 1 433 1 467 1
53 27 25 436 1 382 1 470 1 125 1 28 1 110 1 78 1 145 1 160 2 135 1 366 1 24 1 472 1 434 1 473 1 77 1 367 1 59 1 361 1 290 1 205 1 308 1 221 1 430 1 305 2
17 5 29 165 1 116 1 160 1 443 1 469 1 168 1 141 1 174 1 170 1 438 1 138 1 466 1 85 1 249 1 472 1 311 1 167 1 473 1 8 1 81 2 201 1 179 1 194 1 420 2 211 1 468 1 471 1 376 1 191 1
54 28 30 470 1 114 1 287 1 476 1 55 1 477 1 144 1 494 1 119 1 196 1 49 1 410 1 145 1 158 1 479 1 490 1 160 1 403 1 497 1 197 1 488 1 264 1 459 1 199 1 8 1 186 1 501 1 301 1 376 1 227 1
//IdTournes NbColis
7 6
//IdColis IdCommandeInColis NbProducts IdProd1 QtyProd1 IdProd2 QtyProd2 ...
5 1 26 44 1 53 1 55 1 256 1 70 1 127 2 128 1 139 1 457 2 164 1 519 1 31 1 39 1 43 1 51 1 67 1 76 1 512 1 105 1 407 1 61 1 9 1 23 1 26 1 58 1 54 1
10 2 35 144 1 119 1 107 1 60 1 9 1 26 1 71 1 20 1 158 1 21 1 154 1 27 1 29 1 69 1 218 1 101 1 210 1 213 1 177 1 207 1 212 1 216 1 194 1 220 1 166 1 173 1 211 1 226 1 175 1 205 1 208 1 190 1 192 1 221 1 214 1
56 29 25 258 1 87 1 122 1 111 1 481 1 256 1 127 1 139 1 92 1 83 1 493 1 496 1 509 1 9 1 455 1 145 2 151 1 160 1 469 1 280 1 148 1 478 1 189 1 194 1 309 1
6 1 27 513 1 79 1 86 1 89 1 95 1 115 1 126 1 145 1 431 2 541 2 543 1 34 1 123 2 160 1 149 2 11 1 62 1 448 2 101 1 121 2 135 2 521 1 64 1 517 1 524 1 66 1 24 1
58 30 27 269 1 495 1 125 1 243 1 55 1 480 1 483 1 491 1 49 1 283 1 486 1 458 1 160 1 492 1 506 1 511 1 280 1 281 1 499 1 474 1 508 1 420 1 290 1 504 1 190 1 191 1 192 1
59 31 30 482 1 470 1 28 1 219 1 49 1 52 1 487 1 273 1 395 1 485 1 419 1 455 1 145 1 341 1 158 1 431 1 223 1 160 2 321 2 456 1 340 1 330 1 508 1 475 1 30 1 478 1 179 1 180 1 205 1 503 2
//IdTournes NbColis
8 5
//IdColis IdCommandeInColis NbProducts IdProd1 QtyProd1 IdProd2 QtyProd2 ...
61 32 23 484 1 82 1 489 1 43 1 402 1 145 2 150 1 160 1 505 1 499 1 502 1 500 1 325 1 507 1 241 1 186 1 294 1 179 1 173 1 361 1 376 1 208 1 429 1
2 1 6 35 1 38 1 42 1 74 1 514 1 120 1
12 3 27 97 1 114 1 131 1 104 1 82 1 75 1 84 1 219 1 108 1 163 1 72 1 217 1 137 1 49 1 52 1 78 1 113 1 215 1 96 2 99 1 145 1 150 1 153 1 223 1 149 1 160 2 77 1
62 33 15 132 1 144 1 49 1 145 1 160 1 498 1 492 1 280 1 510 1 178 1 294 1 356 1 205 1 222 1 307 1
63 34 29 74 1 125 1 525 1 82 1 55 1 49 1 266 1 338 1 518 1 419 2 486 1 145 1 431 1 445 1 151 1 160 1 363 2 492 1 542 1 306 1 537 1 540 1 301 1 515 1 180 1 361 1 471 1 376 1 429 1
