//NbTournees
37
//IdTournes NbColis
1 6
//IdColis IdCommandeInColis NbProducts IdProd1 QtyProd1 IdProd2 QtyProd2 ...
57 17 15 116 1 62 1 43 1 46 3 70 2 73 1 27 1 44 1 173 1 217 1 219 1 220 1 242 1 250 1 253 1
110 36 10 148 1 445 1 39 1 35 1 444 1 74 1 133 1 77 3 9 1 123 1
190 64 23 555 1 27 1 173 1 249 1 251 1 253 1 255 1 223 1 233 1 195 1 177 1 231 1 204 2 213 1 214 1 235 1 244 1 192 1 6 3 53 2 554 1 77 2 9 1
233 83 24 27 1 451 1 280 1 255 1 448 1 238 1 247 1 290 1 394 1 368 1 336 1 446 1 235 1 244 1 6 3 198 2 230 1 232 1 437 1 257 1 443 1 185 1 9 1 29 1
33 10 18 226 1 47 1 64 1 240 1 233 1 247 2 425 1 534 1 308 1 45 1 175 1 178 1 222 1 381 1 349 1 243 1 432 1 204 1
39 11 21 97 1 174 1 274 1 184 1 54 1 200 1 221 1 224 1 325 1 527 1 83 1 39 2 75 1 76 1 66 1 33 1 26 1 103 1 111 1 77 3 29 1
//IdTournes NbColis
2 6
//IdColis IdCommandeInColis NbProducts IdProd1 QtyProd1 IdProd2 QtyProd2 ...
158 53 34 290 1 48 1 175 1 178 1 210 1 234 1 246 1 284 1 235 1 183 1 8 3 37 1 54 1 198 1 230 1 232 1 245 1 252 1 470 1 257 1 182 1 75 1 185 1 36 1 16 1 66 1 132 1 22 1 33 1 32 1 21 1 77 2 29 1 123 1
173 58 30 48 1 175 1 178 1 210 1 413 1 246 1 284 1 235 1 244 1 78 1 181 1 189 1 183 1 192 1 51 1 54 1 221 2 229 1 230 1 232 1 248 1 182 2 188 1 75 1 185 1 16 1 66 1 85 2 5 1 32 1
192 65 25 65 1 73 1 27 1 250 1 253 1 286 1 238 1 240 1 290 1 293 1 495 1 67 1 175 1 521 1 235 1 244 1 6 1 198 1 230 1 232 1 277 1 248 1 79 1 9 1 486 1
194 66 20 59 1 559 1 42 1 292 1 73 1 264 1 218 1 266 1 241 1 280 1 253 1 307 1 309 1 50 1 263 1 175 1 176 1 276 1 283 1 25 1
8 3 21 218 1 271 1 241 1 307 1 310 1 238 1 50 1 311 1 270 1 279 1 466 1 534 1 309 1 64 1 176 1 322 1 276 1 246 1 284 1 36 1 25 1
38 11 20 193 1 415 1 529 1 95 2 45 1 176 2 178 1 180 1 207 1 413 1 349 1 394 1 243 1 525 1 526 1 432 1 442 1 51 1 36 1 32 1
//IdTournes NbColis
3 6
//IdColis IdCommandeInColis NbProducts IdProd1 QtyProd1 IdProd2 QtyProd2 ...
55 16 24 50 1 215 1 270 1 308 1 318 1 206 1 176 1 276 1 246 1 278 1 284 1 432 1 235 1 244 1 283 1 40 1 183 1 6 1 51 1 54 1 198 1 221 1 230 1 232 1
64 19 22 121 1 137 1 62 1 43 1 268 1 27 1 264 1 218 1 271 1 241 1 253 1 307 1 269 1 50 1 270 1 309 1 136 1 176 1 134 1 36 1 123 1 25 1
66 20 20 121 1 61 1 43 1 142 2 330 1 196 1 264 1 218 1 241 1 335 1 50 1 270 1 272 1 136 1 176 1 246 1 278 1 274 1 8 1 25 1
85 27 20 131 2 59 1 42 1 65 1 27 1 264 1 218 1 331 1 271 1 241 1 307 1 50 1 272 1 309 1 287 1 327 1 176 1 75 1 144 1 25 1
87 28 20 116 1 60 1 43 1 56 1 145 1 73 1 264 1 218 1 271 1 241 1 305 1 50 1 147 1 272 1 136 1 176 1 276 1 246 1 274 1 25 1
89 29 19 121 1 60 1 146 1 43 1 56 1 27 1 264 1 218 1 319 1 271 1 241 1 50 1 272 1 309 1 136 1 176 1 246 1 278 1 25 1
//IdTournes NbColis
4 6
//IdColis IdCommandeInColis NbProducts IdProd1 QtyProd1 IdProd2 QtyProd2 ...
97 32 21 116 1 60 1 42 1 70 1 73 1 264 1 218 1 271 1 241 1 253 1 305 1 307 1 255 1 270 1 309 1 176 1 276 1 246 1 185 1 36 1 25 1
103 34 21 131 1 59 1 41 1 65 1 73 1 264 1 218 1 271 1 241 1 307 1 50 1 272 1 309 1 287 1 136 1 176 1 276 1 274 1 181 1 29 2 25 1
107 35 30 284 1 213 1 235 2 244 1 344 1 184 1 20 1 198 1 221 1 230 1 232 1 501 1 437 1 257 1 182 1 285 1 395 1 282 2 503 1 288 1 289 1 75 1 337 1 185 1 16 1 66 1 22 1 33 1 32 1 21 1
130 44 22 116 1 62 1 43 1 70 1 73 1 264 1 218 1 271 1 241 1 307 1 50 1 272 1 309 1 136 1 176 1 246 1 278 1 283 1 183 1 36 1 66 1 25 1
136 46 27 176 1 246 1 278 1 136 1 520 1 97 1 294 1 301 1 513 1 283 1 183 1 30 2 51 1 53 1 54 1 198 1 230 1 245 1 252 1 402 1 117 1 265 1 282 2 438 2 288 1 32 1 25 1
151 51 20 131 1 59 1 42 1 65 1 264 1 299 1 218 1 271 1 307 1 255 1 238 2 270 1 247 1 308 1 50 1 176 1 276 1 236 1 9 1 25 1
//IdTournes NbColis
5 6
//IdColis IdCommandeInColis NbProducts IdProd1 QtyProd1 IdProd2 QtyProd2 ...
155 52 32 272 1 309 1 50 1 176 1 276 1 246 1 136 1 236 1 244 1 24 1 183 1 8 3 37 1 54 1 198 1 230 1 232 1 252 1 245 1 470 1 257 1 99 1 113 1 75 1 185 1 36 1 66 1 22 1 167 1 144 2 32 1 21 1
169 57 19 116 1 60 1 146 1 43 1 70 2 264 1 218 1 271 1 241 1 280 1 307 1 270 1 272 1 309 1 50 1 147 1 176 1 283 1 77 1
179 60 32 176 1 258 1 276 1 246 1 278 1 284 1 95 1 274 1 68 1 283 1 183 1 30 1 51 1 54 1 229 1 245 1 252 1 402 1 117 1 265 1 34 1 282 2 438 1 288 1 289 1 75 1 39 1 66 1 172 1 22 1 32 1 21 1
188 63 24 307 1 255 1 287 1 309 1 50 1 176 1 246 1 278 1 136 2 274 1 440 1 283 1 183 1 51 1 54 1 229 3 245 1 252 1 291 1 402 1 117 1 185 1 9 1 25 1
197 67 21 50 1 176 1 276 1 246 1 284 1 273 1 183 1 37 1 54 1 198 1 221 1 230 1 245 1 75 1 16 1 66 1 22 1 28 1 32 1 26 1 77 1
198 68 21 131 1 42 1 297 1 264 1 203 1 298 1 218 1 271 1 241 1 253 1 307 1 295 1 247 1 308 1 552 1 50 1 176 1 267 1 185 1 9 1 25 1
//IdTournes NbColis
6 6
//IdColis IdCommandeInColis NbProducts IdProd1 QtyProd1 IdProd2 QtyProd2 ...
200 69 22 121 1 61 1 43 1 142 1 264 1 218 1 271 1 241 1 307 1 302 1 309 1 50 1 176 1 276 1 246 1 278 1 136 1 283 1 183 1 13 1 36 1 25 1
202 70 21 121 1 60 1 43 1 142 1 264 1 218 1 271 1 241 1 441 1 307 1 238 1 270 1 306 1 309 1 50 1 176 1 276 1 246 1 37 1 36 1 25 1
204 71 21 59 1 41 1 65 2 317 1 264 1 218 1 320 1 271 1 241 1 280 1 253 1 326 1 504 1 272 1 50 1 81 1 176 1 276 1 312 1 9 2 25 1
206 72 20 58 1 42 1 65 1 73 1 27 1 264 2 218 1 271 1 241 1 307 1 295 1 327 1 309 1 50 1 176 1 276 1 246 1 278 1 314 1 29 1
209 73 21 61 1 43 1 70 1 196 1 264 1 218 1 319 1 271 1 241 1 323 1 469 1 307 1 270 1 309 1 50 1 176 1 276 1 246 1 37 1 9 1 25 1
212 74 20 62 1 42 1 65 1 73 1 196 1 264 1 271 1 241 1 334 1 280 1 307 1 272 2 309 1 290 1 176 1 276 1 246 1 274 1 36 1 25 1
//IdTournes NbColis
7 6
//IdColis IdCommandeInColis NbProducts IdProd1 QtyProd1 IdProd2 QtyProd2 ...
215 75 20 62 1 43 1 56 1 264 1 218 1 271 1 241 1 253 1 307 1 272 1 333 1 524 1 309 1 290 1 50 1 176 1 276 1 37 1 185 1 25 1
235 84 25 166 1 70 2 208 1 271 1 386 1 453 1 272 1 274 1 420 1 341 1 225 1 229 1 325 1 423 1 291 1 265 1 282 1 422 1 288 1 289 1 445 1 35 1 185 1 139 1 29 1
41 12 18 131 1 105 1 58 1 41 1 104 1 292 1 190 1 268 1 339 1 197 1 205 1 219 1 237 1 242 1 249 1 253 1 441 1 10 1
60 18 19 131 1 59 1 42 1 342 1 65 2 73 1 268 1 339 1 202 1 346 1 219 1 237 1 490 1 242 1 249 1 253 1 493 2 39 1 77 1
184 62 19 131 1 61 1 42 1 65 2 339 1 205 1 298 1 219 1 237 1 242 1 253 1 254 1 250 1 256 1 238 1 233 2 283 1 9 1 25 1
219 76 21 253 1 233 2 429 1 431 1 290 1 308 1 47 1 178 1 349 1 243 1 278 1 45 1 312 2 482 1 283 1 426 1 184 1 30 1 51 1 338 1 32 1
//IdTournes NbColis
8 6
//IdColis IdCommandeInColis NbProducts IdProd1 QtyProd1 IdProd2 QtyProd2 ...
237 85 22 476 1 142 1 27 1 378 1 275 1 305 1 238 1 270 1 290 1 50 1 195 1 235 1 244 1 460 1 198 1 230 1 232 1 470 1 257 1 93 1 185 1 77 2
48 14 20 131 1 60 1 42 1 179 1 297 1 205 1 219 1 237 1 242 1 323 1 249 1 253 1 434 1 286 1 256 1 238 1 91 1 295 1 36 1 9 1
61 18 20 494 1 256 1 302 1 269 1 47 1 64 1 295 1 233 1 491 1 308 1 290 1 193 1 95 1 178 1 180 1 347 1 349 1 243 2 51 1 25 1
135 46 18 131 1 61 1 41 1 56 1 65 1 264 1 271 1 241 1 253 1 307 1 300 1 269 1 295 2 304 1 483 1 309 1 50 1 36 1
43 12 37 340 1 178 1 243 1 246 1 400 1 336 1 312 1 267 1 440 1 183 1 6 2 51 1 54 1 221 1 224 1 248 1 325 1 115 1 130 1 82 1 75 1 112 1 71 1 101 1 36 1 76 1 66 1 85 2 87 1 80 1 33 1 32 1 26 1 77 2 9 2 29 1 25 1
2 1 26 233 1 247 1 308 1 287 1 290 1 258 1 178 1 243 1 246 1 284 1 235 1 244 1 1 1 183 1 192 1 13 1 30 3 51 1 54 1 198 1 230 1 232 1 245 1 75 1 38 1 36 1
//IdTournes NbColis
9 6
//IdColis IdCommandeInColis NbProducts IdProd1 QtyProd1 IdProd2 QtyProd2 ...
5 2 20 253 1 250 1 434 1 255 1 256 1 233 2 519 1 308 1 290 1 425 1 45 1 258 1 178 1 243 1 246 1 432 1 517 1 77 1 9 1 25 1
52 15 25 206 1 258 1 178 1 210 1 278 1 284 2 235 1 244 1 352 1 283 1 184 1 6 2 120 1 51 1 54 1 124 1 260 1 198 1 221 1 230 1 232 1 248 1 437 1 257 1 265 1
74 23 20 250 1 253 1 256 1 238 1 47 1 233 2 240 1 247 1 308 1 290 1 45 1 258 1 178 2 499 1 243 1 246 1 30 1 36 1 23 1 25 1
80 25 19 131 1 41 1 44 1 191 1 205 1 218 1 241 1 280 1 307 1 48 2 215 1 306 1 308 1 258 1 178 1 180 1 183 1 29 1 25 1
83 26 16 47 2 233 2 247 3 308 1 290 2 95 1 45 1 258 1 178 1 243 1 246 1 368 1 521 1 312 1 35 1 36 1
133 45 23 256 1 355 1 247 2 308 1 290 1 47 1 258 1 177 1 178 1 356 2 243 1 368 1 45 1 274 1 440 1 500 1 183 1 37 1 54 1 75 1 88 1 36 1 25 1
//IdTournes NbColis
10 6
//IdColis IdCommandeInColis NbProducts IdProd1 QtyProd1 IdProd2 QtyProd2 ...
203 70 20 284 1 563 1 235 1 244 1 296 1 183 1 54 1 198 1 230 1 232 1 245 1 257 1 470 1 75 1 185 1 16 1 66 1 32 1 21 1 77 2
213 74 26 278 1 136 1 283 1 183 1 8 1 20 1 37 1 229 1 245 1 252 2 328 1 423 1 265 1 282 2 422 1 113 1 288 1 289 1 75 1 185 1 16 1 66 1 533 1 22 1 32 1 21 1
11 4 23 47 1 67 1 233 1 308 1 512 1 14 1 45 1 178 1 349 1 243 1 510 1 235 1 244 2 352 1 513 1 68 1 184 1 6 3 51 1 54 1 198 2 117 1 185 1
14 5 23 286 1 256 1 226 1 47 1 308 1 45 1 178 2 374 1 243 1 246 1 432 1 336 1 403 1 235 1 274 1 239 1 440 1 40 1 183 1 6 3 36 1 9 1 25 1
18 6 23 247 1 427 1 430 1 308 1 327 1 387 1 178 1 210 1 379 1 246 1 278 1 284 1 235 1 244 2 283 1 183 1 13 1 30 3 51 1 53 1 54 1 198 1 288 1
22 7 35 290 1 178 1 210 1 246 1 400 1 419 1 284 1 235 1 244 1 68 1 183 1 6 2 51 1 54 1 198 1 221 1 230 1 232 1 245 1 437 1 257 1 99 1 117 1 75 1 100 1 88 1 36 1 66 1 85 1 87 1 3 1 22 1 32 1 21 1 77 2
//IdTournes NbColis
11 6
//IdColis IdCommandeInColis NbProducts IdProd1 QtyProd1 IdProd2 QtyProd2 ...
25 8 22 64 1 233 2 247 1 515 1 308 1 290 1 95 1 178 1 210 1 246 1 284 1 432 1 336 1 312 1 352 1 78 1 40 1 183 1 30 3 53 1 93 1 77 1
30 9 31 108 1 178 1 381 1 243 1 356 1 442 1 432 1 235 1 244 1 40 1 37 1 54 1 221 2 224 1 248 1 428 1 325 1 182 1 75 1 76 1 66 1 33 1 110 1 32 1 94 1 26 1 77 3 9 1 29 1 90 1 25 1
46 13 29 307 1 269 1 48 1 233 1 308 1 178 1 210 1 246 1 284 1 97 1 68 1 401 1 183 1 6 1 51 1 54 1 198 1 221 1 230 1 232 1 248 1 257 1 437 1 99 1 117 1 130 1 93 1 77 1 25 1
49 14 23 47 1 233 2 240 1 308 1 290 1 45 1 178 1 349 1 243 1 356 1 336 1 97 1 235 1 244 1 183 1 6 3 51 1 54 1 129 1 198 1 221 1 114 1 123 1
58 17 23 254 1 256 1 548 1 286 1 550 1 48 1 227 1 247 1 308 1 45 1 178 1 243 2 246 1 236 1 183 1 51 1 54 1 221 1 248 1 82 1 36 1 77 1 9 1
68 21 20 116 1 60 1 43 1 142 2 73 1 44 1 264 1 218 1 241 1 280 1 253 1 305 1 238 1 48 1 64 1 178 1 210 1 235 1 139 1 25 1
//IdTournes NbColis
12 6
//IdColis IdCommandeInColis NbProducts IdProd1 QtyProd1 IdProd2 QtyProd2 ...
70 22 18 131 1 58 1 42 1 65 2 73 1 27 1 44 1 396 1 264 1 218 1 241 1 280 1 307 1 238 1 50 1 270 2 178 1 25 1
78 24 26 280 1 307 1 536 1 269 1 48 1 382 1 308 1 290 1 178 1 210 1 379 1 284 1 336 1 97 1 377 1 183 1 13 1 51 1 54 1 138 3 198 1 221 1 135 1 36 1 9 1 25 1
92 30 30 206 1 178 1 210 1 246 1 284 1 432 1 336 1 235 1 244 1 183 1 30 1 51 1 54 1 198 1 230 1 232 1 245 1 252 1 257 1 470 1 39 2 75 1 185 1 36 1 66 1 22 1 32 1 21 1 77 2 29 1
95 31 30 308 1 45 1 178 1 243 1 246 1 244 1 397 1 184 1 30 2 51 1 53 1 54 1 198 1 221 1 230 1 232 1 248 1 257 1 437 1 291 1 433 1 75 1 185 1 76 2 66 1 32 1 26 1 77 1 153 1 29 1
100 33 23 238 1 47 1 107 1 67 1 233 1 247 1 480 1 308 1 45 1 178 1 243 1 246 1 278 1 507 1 508 1 336 1 235 1 244 1 283 1 183 1 54 1 185 1 25 1
106 35 21 242 1 250 1 256 1 269 1 238 1 504 1 48 1 227 1 233 2 240 1 308 1 290 1 263 1 178 1 243 1 246 1 278 1 419 1 36 1 29 1 25 1
//IdTournes NbColis
13 6
//IdColis IdCommandeInColis NbProducts IdProd1 QtyProd1 IdProd2 QtyProd2 ...
112 37 20 250 1 256 1 269 1 238 1 48 1 107 1 233 2 247 2 308 1 81 1 45 1 178 1 389 1 394 1 243 1 246 1 403 1 244 1 29 1 25 1
115 38 26 48 1 177 1 178 1 243 1 246 1 400 1 284 1 235 1 244 1 361 1 500 1 365 1 183 1 6 3 51 1 53 1 54 1 198 1 221 1 230 1 232 1 248 1 437 1 257 1 542 1 9 2
117 39 21 72 1 58 1 41 1 65 1 73 1 205 1 218 1 241 1 280 1 307 1 238 1 308 1 178 2 210 1 246 1 284 1 468 1 235 1 39 1 9 1 25 1
120 40 26 308 1 290 1 48 1 178 1 210 1 246 1 278 1 284 1 204 1 235 1 244 1 283 1 184 1 6 1 51 1 54 1 198 1 221 1 230 1 232 1 248 1 437 1 257 2 358 1 93 1 25 1
125 42 28 308 1 48 1 178 1 243 1 246 1 368 1 278 1 284 1 235 1 97 1 283 1 8 3 37 1 54 1 198 1 221 1 230 1 248 1 457 1 528 1 182 1 285 1 459 1 265 1 148 1 113 1 77 1 25 1
128 43 30 287 1 48 1 178 1 210 1 246 1 284 1 525 1 235 1 244 1 183 1 6 2 13 1 51 1 54 1 198 1 230 1 232 1 245 1 252 1 470 1 257 1 75 1 185 1 36 1 16 1 66 1 22 1 32 1 21 1 77 2
//IdTournes NbColis
14 6
//IdColis IdCommandeInColis NbProducts IdProd1 QtyProd1 IdProd2 QtyProd2 ...
139 47 26 393 1 430 1 308 1 552 1 48 1 178 1 210 1 322 1 246 1 284 2 321 1 97 1 183 1 6 2 51 1 53 1 54 1 198 1 230 1 248 1 141 1 75 1 551 1 39 1 36 1 77 1
141 48 19 131 1 58 1 41 1 73 1 65 1 205 1 218 1 280 1 307 1 44 1 238 1 270 2 308 1 48 1 64 1 178 1 210 1 244 1 25 1
145 49 19 256 1 286 1 255 1 300 1 226 1 383 1 414 1 233 2 247 2 279 1 425 1 308 1 47 1 107 1 421 1 178 1 349 1 36 1 16 1
149 50 34 48 1 178 1 210 1 246 1 278 1 284 1 97 1 283 1 183 1 6 1 51 1 54 1 198 1 221 1 230 1 248 1 285 1 395 1 282 2 503 2 288 1 289 1 75 1 39 1 88 1 36 1 16 1 66 1 5 1 545 1 537 1 32 1 77 1 9 1
161 54 31 178 1 210 1 284 1 526 1 235 1 183 1 30 1 37 1 54 1 198 1 221 2 224 1 362 1 230 1 232 1 369 1 370 1 248 1 501 1 437 2 257 1 363 1 546 1 75 1 100 1 185 1 36 1 16 1 66 1 32 1 21 1
164 55 39 48 1 178 1 210 1 246 1 284 1 544 1 235 1 244 1 24 1 183 1 37 1 53 1 54 1 198 1 229 1 230 1 232 1 245 1 252 1 470 1 257 1 117 1 115 1 93 1 75 1 49 1 74 1 71 1 185 1 36 1 16 1 66 1 32 1 21 1 77 2 9 1 29 3 90 1 25 2
//IdTournes NbColis
15 6
//IdColis IdCommandeInColis NbProducts IdProd1 QtyProd1 IdProd2 QtyProd2 ...
167 56 30 81 1 178 1 243 1 246 1 336 1 45 1 235 1 244 1 184 1 192 1 30 3 51 1 54 1 198 1 221 1 230 1 232 1 248 1 518 1 324 1 437 1 257 1 75 1 185 1 36 1 16 1 539 1 32 1 26 1 9 1
176 59 36 290 1 48 1 178 1 243 1 246 1 45 1 390 1 235 1 244 1 183 1 30 1 51 1 54 1 198 1 221 1 230 1 232 1 245 1 437 1 257 1 117 1 99 1 115 1 75 1 39 1 49 1 313 1 185 1 16 1 66 1 172 1 158 2 32 1 21 1 77 2 29 2
182 61 26 308 1 290 1 48 1 147 1 178 1 243 1 246 1 284 1 336 1 235 1 244 1 511 1 181 1 183 1 8 1 37 2 54 1 198 1 230 1 232 1 245 1 252 1 470 1 257 1 130 1 77 1
185 62 26 247 1 308 1 178 1 243 1 278 1 45 1 235 1 183 1 8 1 37 1 54 1 198 1 230 1 232 1 252 2 245 1 470 1 257 1 402 1 265 1 282 2 438 1 288 1 289 1 36 1 29 1
222 77 20 121 1 62 1 43 1 73 1 27 1 264 1 218 1 241 1 305 1 307 1 557 1 382 1 270 1 308 1 50 1 178 2 246 1 283 1 29 1 25 1
239 86 14 27 1 469 1 269 1 461 1 272 2 287 1 379 1 274 1 465 1 8 2 229 1 369 1 185 1 77 2
//IdTournes NbColis
16 6
//IdColis IdCommandeInColis NbProducts IdProd1 QtyProd1 IdProd2 QtyProd2 ...
13 5 19 59 1 41 1 292 1 65 2 190 1 268 1 27 1 373 1 205 2 219 1 320 1 366 1 237 1 242 1 250 1 253 1 435 1 439 1 9 1
15 5 29 51 1 54 1 341 1 221 1 224 1 225 1 248 1 369 1 325 1 433 1 10 1 35 1 39 1 75 1 187 1 71 1 16 1 66 1 11 1 12 2 5 1 52 1 55 1 2 1 28 1 32 1 21 1 77 3 29 1
62 18 26 321 1 97 1 183 1 30 3 54 1 341 1 221 1 229 1 230 1 248 1 257 1 115 1 39 1 75 1 100 2 71 1 36 1 76 1 66 1 118 1 84 1 33 1 32 1 125 1 21 1 77 2
4 2 17 72 1 60 1 166 1 41 1 292 1 15 1 65 1 190 1 268 1 27 1 179 1 353 1 205 1 219 2 237 1 242 1 47 1
32 10 21 131 1 59 1 41 1 292 1 190 1 268 1 27 1 179 1 191 1 197 1 202 1 208 1 219 1 237 1 242 1 249 1 371 1 255 1 256 1 35 1 25 1
196 67 22 121 1 58 1 43 1 268 1 27 1 179 1 264 1 218 1 271 1 241 1 280 1 281 1 255 1 493 1 307 1 269 1 279 1 308 1 97 1 36 1 77 1 25 1
//IdTournes NbColis
17 6
//IdColis IdCommandeInColis NbProducts IdProd1 QtyProd1 IdProd2 QtyProd2 ...
224 78 24 127 1 292 1 190 1 268 1 179 1 405 1 386 1 249 1 253 1 286 1 255 1 355 1 504 1 404 1 233 1 240 1 247 1 336 1 274 1 239 1 30 1 12 1 9 1 29 1
240 87 16 463 1 466 1 287 1 293 1 67 1 462 1 467 1 274 1 30 3 229 1 456 1 475 2 71 1 185 1 135 1 77 2
241 88 19 122 2 269 1 270 1 180 1 278 1 388 1 244 1 198 1 230 1 402 1 265 1 282 1 422 2 288 1 289 1 119 1 464 2 474 1 471 1
6 2 25 517 1 312 1 239 1 1 1 24 1 184 1 51 1 54 1 221 1 224 1 516 1 248 1 518 1 325 1 35 1 75 1 31 1 16 1 259 1 66 2 18 1 33 1 26 1 77 1 29 1
109 36 24 292 1 73 1 449 1 190 1 268 1 156 1 250 1 253 1 233 1 279 1 455 1 108 1 312 1 450 1 458 1 397 1 30 3 224 1 452 1 325 1 457 1 92 1 117 4 149 1
34 10 34 336 1 412 1 239 1 235 1 274 1 440 1 420 1 549 1 181 1 410 1 184 1 6 3 51 1 53 1 54 1 92 1 186 1 221 1 224 1 225 1 248 1 325 1 114 1 115 1 113 1 75 1 31 1 187 1 185 1 76 1 66 1 5 2 84 2 52 1
//IdTournes NbColis
18 6
//IdColis IdCommandeInColis NbProducts IdProd1 QtyProd1 IdProd2 QtyProd2 ...
75 23 29 502 1 235 1 244 1 420 1 181 1 351 2 184 1 192 1 30 1 51 1 53 1 54 1 198 1 221 1 230 1 232 1 245 1 470 1 257 1 141 2 39 1 75 1 185 1 76 1 66 1 32 1 21 1 77 2 29 2
86 27 20 231 1 246 1 284 1 336 1 274 1 183 1 30 1 51 1 54 1 229 1 245 1 252 1 185 1 36 1 16 1 66 1 329 1 18 1 32 1 21 1
152 51 28 246 1 278 1 284 1 235 1 244 1 303 1 68 1 181 1 283 2 183 1 30 1 51 1 54 1 198 1 221 1 230 1 232 1 245 1 437 1 257 1 92 1 402 1 117 1 265 1 115 1 282 2 438 1 75 1
242 89 17 166 1 142 1 268 1 480 1 483 1 417 1 182 1 423 1 164 1 114 1 117 3 265 1 282 1 422 1 288 1 289 1 35 2
9 3 22 235 1 244 1 1 1 183 1 8 1 20 1 37 1 198 1 230 1 232 1 245 1 252 1 470 1 257 1 34 1 49 1 75 1 185 1 16 1 66 1 32 1 21 1
65 19 22 276 1 246 1 97 1 447 1 183 1 8 1 20 1 37 1 198 1 229 1 230 1 245 1 252 1 49 1 75 1 16 1 66 1 87 2 22 1 32 1 21 1 77 2
//IdTournes NbColis
19 6
//IdColis IdCommandeInColis NbProducts IdProd1 QtyProd1 IdProd2 QtyProd2 ...
67 20 22 283 1 183 1 8 2 13 1 37 1 53 1 54 1 229 1 245 1 252 1 265 1 282 2 288 1 289 1 82 1 75 1 185 1 36 1 66 1 22 1 32 1 26 2
69 21 24 246 1 284 1 244 1 183 1 8 1 37 1 54 1 198 1 221 1 230 1 232 1 245 1 407 1 257 1 75 1 185 1 36 1 16 1 66 1 33 1 32 1 125 1 21 1 123 1
71 22 26 247 1 430 1 519 1 308 1 210 1 246 1 284 1 235 1 244 1 183 1 8 3 37 1 54 1 198 1 230 1 232 1 245 1 252 1 470 1 257 1 75 1 185 1 66 1 32 1 21 1 77 2
84 26 21 511 1 522 1 183 1 30 3 51 1 53 1 54 1 221 1 224 1 245 1 325 1 257 1 75 1 313 1 16 1 66 1 33 1 32 1 21 1 143 1 77 3
88 28 22 278 1 239 1 283 1 183 1 51 1 54 1 221 1 229 1 245 1 265 1 282 2 288 1 289 1 75 1 185 1 36 1 16 1 66 1 22 1 33 1 32 1 21 1
90 29 20 236 1 274 1 283 1 183 1 37 1 54 1 229 1 245 1 252 1 265 1 282 2 288 1 289 1 75 1 185 1 16 1 66 1 22 1 32 1 21 1
//IdTournes NbColis
20 6
//IdColis IdCommandeInColis NbProducts IdProd1 QtyProd1 IdProd2 QtyProd2 ...
98 32 17 284 1 204 1 274 1 183 1 30 3 51 1 54 1 229 1 245 1 252 1 75 1 154 1 66 1 96 1 32 1 26 1 77 2
104 34 22 454 1 183 1 51 1 54 1 260 1 229 1 245 1 252 1 457 1 456 1 117 1 459 1 39 1 75 1 185 1 36 1 16 1 66 1 132 1 22 1 32 1 26 1
113 37 20 235 1 183 1 51 1 54 1 198 1 230 1 232 1 252 1 245 1 470 1 257 1 114 1 75 1 36 1 66 1 158 1 505 1 32 1 26 1 77 2
122 41 23 131 1 146 1 42 1 159 1 292 1 190 1 268 1 264 1 218 1 271 1 241 1 253 1 307 1 308 1 276 1 284 1 183 1 51 1 54 1 224 1 117 1 74 1 9 1
134 45 12 198 1 221 1 230 1 248 2 259 1 16 1 66 1 18 1 21 1 77 2 79 1 29 2
142 48 29 246 1 278 1 284 1 403 1 235 1 68 1 283 1 183 1 51 1 54 1 198 1 221 1 230 1 232 1 277 1 248 1 518 1 437 1 257 1 285 1 114 2 117 1 265 1 282 2 438 1 288 1 93 1 74 1 185 1
//IdTournes NbColis
21 6
//IdColis IdCommandeInColis NbProducts IdProd1 QtyProd1 IdProd2 QtyProd2 ...
170 57 32 276 1 246 1 278 1 136 1 274 1 183 1 20 1 37 1 229 1 245 1 252 1 560 1 402 1 265 1 282 2 422 1 288 1 289 1 75 1 185 1 36 1 16 1 66 1 12 1 85 1 22 1 32 1 125 1 26 1 531 1 9 1 25 1
195 66 24 246 1 278 1 136 1 183 1 51 1 54 1 260 1 245 1 252 1 402 1 265 1 282 2 422 1 289 1 288 1 75 1 36 1 259 1 66 1 538 1 22 1 32 1 21 1 29 1
199 68 19 276 1 284 1 183 1 8 1 37 1 54 1 221 1 229 1 248 1 291 1 75 1 100 1 36 1 16 1 66 1 32 1 26 1 77 2 541 1
205 71 27 246 1 136 1 321 1 183 1 30 2 51 1 54 1 224 1 245 1 252 1 324 1 325 1 99 1 561 1 115 1 39 2 75 1 88 1 36 1 16 1 66 1 7 1 33 1 32 1 125 1 26 1 562 1
207 72 28 284 1 274 1 283 1 183 1 51 1 54 1 186 1 221 1 229 1 248 1 402 1 291 1 265 1 282 2 438 1 288 1 289 1 75 1 313 1 185 1 36 1 16 1 315 1 66 1 22 1 32 1 21 1 25 1
210 73 26 278 1 284 1 283 1 183 1 54 1 221 1 229 1 245 1 291 1 402 1 164 1 265 1 282 2 438 1 288 1 289 1 49 2 75 1 36 1 259 1 16 1 66 1 3 1 22 1 32 1 21 1
//IdTournes NbColis
22 6
//IdColis IdCommandeInColis NbProducts IdProd1 QtyProd1 IdProd2 QtyProd2 ...
216 75 27 246 1 278 1 136 1 108 1 213 1 332 1 274 1 283 1 183 1 54 1 229 1 277 1 245 1 252 1 402 1 265 1 282 2 438 1 288 1 289 1 36 1 16 1 66 1 132 1 22 1 32 1 21 1
223 77 21 278 1 403 1 183 1 37 1 54 1 245 1 252 1 402 1 291 1 265 1 282 2 422 1 288 1 289 1 75 1 36 1 16 1 66 1 22 1 32 1 21 1
227 79 21 244 1 440 1 78 1 138 1 198 1 230 1 232 1 437 1 257 1 291 1 402 1 265 1 282 1 438 1 288 1 289 1 259 1 133 1 55 1 9 2 29 1
229 80 24 274 1 556 1 283 1 183 1 6 2 51 1 54 1 221 1 229 1 248 1 402 1 265 1 282 2 438 1 288 1 289 1 551 1 75 1 185 1 16 1 66 1 22 1 32 1 26 1
118 39 14 244 1 184 1 192 1 6 1 51 1 54 1 245 1 130 2 75 1 36 1 76 1 32 1 26 1 77 2
124 42 17 131 1 58 1 161 1 42 1 65 2 73 1 205 1 219 1 305 1 256 1 44 1 360 1 269 2 233 1 333 1 247 1 184 1
//IdTournes NbColis
23 6
//IdColis IdCommandeInColis NbProducts IdProd1 QtyProd1 IdProd2 QtyProd2 ...
126 42 19 282 2 503 1 438 1 288 1 289 1 75 1 357 1 36 1 154 1 76 1 66 1 12 2 55 2 33 1 32 1 26 1 111 1 531 1 9 1
146 49 28 243 1 278 1 45 1 98 1 235 1 440 1 376 1 283 1 184 1 6 2 51 1 54 1 198 1 221 1 230 1 418 1 248 1 285 1 395 1 282 2 503 2 289 1 288 1 75 1 315 1 66 1 5 1 52 1
3 1 10 252 1 470 1 257 1 291 1 185 1 76 1 66 1 32 1 21 1 77 2
19 6 24 221 1 230 1 232 1 248 1 437 1 257 1 402 1 265 1 282 2 438 1 289 1 75 1 185 1 36 1 16 1 66 1 3 1 55 1 7 1 28 1 32 1 19 1 21 1 77 2
21 7 19 116 1 58 1 43 1 27 1 44 1 205 1 218 1 241 1 280 1 253 1 307 1 238 1 48 1 228 1 247 2 308 1 98 1 185 1 25 1
26 8 27 54 1 109 1 198 1 221 3 230 1 232 1 245 1 437 1 257 1 291 1 115 1 39 1 75 1 74 1 185 1 36 1 16 1 66 1 89 1 7 1 22 1 96 1 32 1 21 1 77 1 9 1 29 2
//IdTournes NbColis
24 6
//IdColis IdCommandeInColis NbProducts IdProd1 QtyProd1 IdProd2 QtyProd2 ...
47 13 12 75 2 74 1 185 1 36 1 16 1 66 1 80 1 32 1 94 1 21 2 77 1 29 1
50 14 14 230 1 232 2 248 1 437 1 257 1 130 1 75 1 185 1 16 1 66 1 32 1 26 1 77 2 25 1
53 15 12 402 1 282 2 438 1 288 1 289 1 75 1 185 1 16 1 66 1 22 1 32 1 21 1
56 16 18 248 1 437 1 257 1 402 1 265 1 282 2 438 1 288 1 289 1 75 1 185 1 36 1 16 1 66 1 33 1 32 1 26 1 25 1
111 37 13 42 1 122 7 65 2 73 1 27 1 205 1 346 1 219 1 348 1 237 1 242 1 253 1 185 1
116 38 17 164 1 75 1 82 1 39 1 185 1 36 1 16 1 66 2 538 1 540 1 133 1 163 1 537 1 32 1 21 1 77 2 541 2
//IdTournes NbColis
25 6
//IdColis IdCommandeInColis NbProducts IdProd1 QtyProd1 IdProd2 QtyProd2 ...
121 40 15 285 1 291 1 282 2 503 1 288 1 289 1 75 1 39 1 185 1 36 1 66 1 532 1 32 1 26 1 9 1
153 51 11 288 1 289 1 39 2 185 1 101 1 36 1 16 1 66 1 32 1 26 1 29 2
178 60 20 121 1 60 1 43 1 73 1 27 1 264 1 218 1 271 1 275 1 241 1 280 1 253 1 307 1 466 1 309 1 290 1 50 1 267 1 185 1 25 1
183 61 11 75 1 49 1 185 1 36 1 16 1 66 1 32 1 26 1 514 1 77 1 9 2
186 62 8 75 1 100 1 185 1 66 2 33 1 32 1 26 1 143 1
191 64 11 186 1 198 1 230 1 232 1 257 1 437 1 10 1 212 1 71 2 185 1 29 1
//IdTournes NbColis
26 6
//IdColis IdCommandeInColis NbProducts IdProd1 QtyProd1 IdProd2 QtyProd2 ...
193 65 14 257 1 437 1 285 1 291 1 117 1 265 1 115 1 282 1 438 1 113 1 288 1 289 1 185 1 132 2
226 79 20 146 1 408 1 65 2 73 1 406 1 275 1 280 1 253 1 238 1 228 1 247 2 290 1 398 1 263 1 231 1 432 1 214 1 235 1 185 1 9 1
231 81 16 244 1 198 1 230 1 232 1 417 1 277 1 407 1 437 1 257 1 546 1 130 1 185 1 315 1 96 1 77 2 9 1
243 90 12 146 1 73 1 272 1 95 1 274 1 229 1 456 1 185 1 12 1 133 1 485 1 77 2
244 91 24 477 1 280 1 270 1 247 2 279 1 481 1 478 1 276 1 284 1 274 1 482 1 229 1 402 1 291 1 265 1 282 1 438 1 288 1 289 1 358 1 49 1 185 1 28 1 29 2
246 92 24 65 2 266 1 250 1 286 1 238 1 233 1 247 2 425 1 235 1 244 1 30 3 198 1 230 1 232 1 470 1 257 1 92 1 475 1 149 1 39 1 185 1 9 1 486 1 29 2
//IdTournes NbColis
27 6
//IdColis IdCommandeInColis NbProducts IdProd1 QtyProd1 IdProd2 QtyProd2 ...
248 93 13 70 2 73 1 280 1 253 1 479 1 247 1 274 1 30 1 229 1 291 1 185 1 77 2 9 2
249 94 21 27 1 196 1 205 1 298 1 323 1 280 1 247 1 81 1 267 1 274 1 8 1 229 1 49 1 185 1 135 1 12 1 498 1 55 1 77 2 9 1 29 2
250 95 15 142 2 73 1 208 1 399 1 280 1 492 1 247 1 495 1 274 1 6 1 129 1 229 1 187 1 185 1 77 2
101 33 28 6 2 198 1 230 1 232 1 252 1 245 1 470 1 257 2 402 1 99 1 265 1 115 1 282 2 438 1 288 1 289 1 39 1 155 1 75 1 10 1 313 1 36 1 16 1 66 1 18 1 32 1 21 1 157 1
28 9 17 131 1 59 1 41 1 106 1 342 1 292 1 65 2 73 1 384 1 190 1 194 1 268 1 27 1 205 1 216 1 219 1 95 1
54 16 15 131 1 127 1 58 1 128 1 41 1 56 1 169 1 65 1 73 1 316 1 264 1 218 1 271 1 307 1 238 1
//IdTournes NbColis
28 6
//IdColis IdCommandeInColis NbProducts IdProd1 QtyProd1 IdProd2 QtyProd2 ...
24 8 21 62 1 42 1 292 1 65 2 372 1 190 1 268 1 44 1 205 1 298 1 216 1 218 1 241 1 280 1 307 1 255 1 91 1 48 1 81 1 51 1 25 1
82 26 21 116 1 62 1 42 1 292 1 70 1 73 1 190 1 268 1 27 1 208 1 298 1 219 1 319 1 237 1 242 1 249 1 253 1 286 1 256 1 114 1 25 1
132 45 20 116 1 61 1 43 1 292 1 70 2 190 1 268 1 27 1 205 1 219 1 319 1 354 1 237 1 242 1 253 1 254 1 249 1 255 1 113 1 32 1
189 63 12 117 1 265 1 282 2 422 1 288 1 289 1 75 1 261 1 36 1 66 1 22 1 26 1
218 76 21 72 1 58 1 41 1 190 1 268 1 27 1 191 1 343 2 205 1 345 1 211 1 216 1 219 1 348 1 237 1 242 1 249 1 255 1 36 1 9 1 25 1
230 81 20 146 1 122 1 65 2 73 1 190 1 27 1 416 1 275 1 249 1 253 1 255 1 238 1 233 2 240 1 279 1 387 1 419 1 235 1 114 1 35 1
//IdTournes NbColis
29 6
//IdColis IdCommandeInColis NbProducts IdProd1 QtyProd1 IdProd2 QtyProd2 ...
187 63 14 131 1 166 1 558 1 170 1 171 2 41 1 73 1 65 1 27 1 262 1 264 1 218 1 241 1 32 1
232 82 10 262 1 298 1 424 1 229 1 423 1 265 1 282 1 422 1 288 1 289 1
251 96 18 73 1 280 1 489 1 195 1 487 1 440 1 496 1 423 1 265 1 282 1 422 1 288 1 289 1 82 1 5 1 7 1 19 1 29 1
36 11 20 72 1 58 1 41 1 102 1 73 1 194 1 268 1 201 1 202 1 203 1 216 1 219 2 266 1 409 1 237 1 242 1 249 1 281 1 9 1 25 1
77 24 19 72 1 58 1 41 1 104 1 65 2 73 1 268 1 27 1 44 1 375 1 205 1 378 1 219 1 380 1 241 1 254 1 323 1 40 1 9 1
119 40 19 72 1 160 1 59 1 41 1 65 1 73 1 27 1 205 1 218 1 266 1 241 1 307 1 255 1 44 1 359 1 238 1 270 1 247 1 265 1
//IdTournes NbColis
30 6
//IdColis IdCommandeInColis NbProducts IdProd1 QtyProd1 IdProd2 QtyProd2 ...
73 23 16 116 1 60 1 43 1 122 2 46 3 73 1 27 1 196 1 201 1 205 1 219 1 237 1 242 1 323 1 133 1 9 1
154 52 19 116 1 59 1 168 1 43 1 196 1 264 1 218 1 266 1 271 1 241 1 334 1 509 1 307 1 238 1 506 1 270 2 272 1 235 1 25 1
172 58 20 116 1 60 1 42 1 196 1 199 1 205 1 218 1 241 1 280 1 307 1 44 1 238 1 228 1 233 1 247 1 308 1 290 1 206 1 36 1 25 1
144 49 20 131 1 58 1 41 1 292 1 73 1 65 1 268 1 27 1 297 1 343 1 205 2 219 1 380 1 386 1 237 1 242 1 249 1 253 1 6 1 9 1
163 55 19 72 1 59 1 137 1 41 1 73 1 27 1 317 1 205 1 218 1 320 1 241 1 367 1 280 1 253 1 307 1 44 1 238 1 308 1 30 1
7 3 9 116 1 60 1 146 1 43 1 46 7 142 1 73 1 264 1 22 1
//IdTournes NbColis
31 6
//IdColis IdCommandeInColis NbProducts IdProd1 QtyProd1 IdProd2 QtyProd2 ...
105 35 14 131 1 58 1 128 1 42 1 150 1 56 1 152 1 169 1 65 2 44 1 199 1 205 1 219 1 37 1
127 43 18 121 1 60 1 166 1 43 1 27 1 264 1 218 1 241 1 280 1 307 1 255 1 44 1 238 1 270 2 247 2 308 1 6 1 25 1
228 80 19 131 1 59 1 42 1 73 1 264 1 218 1 411 1 271 1 241 1 307 1 272 2 309 1 50 1 246 1 278 1 284 1 508 1 29 1 25 1
252 97 8 146 1 152 1 27 1 343 1 253 1 488 1 420 1 456 1
181 61 19 131 1 61 1 42 1 73 1 391 1 205 1 298 1 219 1 242 1 253 1 305 1 280 1 256 1 44 1 238 1 233 2 247 1 38 1 25 1
10 4 22 72 1 58 1 41 1 73 1 27 1 202 1 219 1 266 1 364 1 366 1 237 1 242 1 371 1 249 1 286 1 255 1 256 1 223 1 64 1 74 1 77 1 25 1
//IdTournes NbColis
32 6
//IdColis IdCommandeInColis NbProducts IdProd1 QtyProd1 IdProd2 QtyProd2 ...
1 1 18 116 1 61 1 57 1 43 1 70 2 27 1 44 1 205 1 219 1 319 1 242 1 250 1 253 1 256 1 238 1 48 1 233 1 25 1
17 6 20 62 1 42 1 56 1 73 1 330 1 27 1 44 1 205 1 218 1 241 1 280 1 436 1 307 1 238 1 48 1 228 2 247 1 388 1 9 1 25 1
45 13 17 131 1 60 1 166 1 42 1 122 1 65 2 372 1 547 1 268 1 27 1 44 1 205 1 219 1 241 1 399 1 280 1 119 1
51 15 20 121 1 60 1 126 1 43 1 73 1 27 1 44 1 205 1 280 1 307 1 255 1 238 1 48 1 228 2 247 1 308 1 206 1 36 1 9 1 25 1
91 30 19 131 1 60 1 146 1 42 1 44 1 205 1 219 1 241 1 280 1 307 1 238 1 48 1 64 1 233 1 495 1 308 1 398 1 95 1 25 1
94 31 20 131 1 58 1 42 1 151 1 73 1 205 1 219 1 242 1 250 1 253 1 255 1 256 1 238 1 47 1 233 2 535 1 235 1 36 1 77 1 25 1
//IdTournes NbColis
33 6
//IdColis IdCommandeInColis NbProducts IdProd1 QtyProd1 IdProd2 QtyProd2 ...
99 33 19 131 1 59 1 42 1 56 1 65 2 73 1 27 1 205 1 219 1 385 1 237 1 250 1 253 1 335 1 439 1 286 1 256 1 51 1 33 1
114 38 19 131 1 58 1 41 1 73 1 27 1 205 1 219 1 242 1 250 1 253 1 305 1 256 1 44 1 238 1 233 1 535 1 308 1 290 1 25 1
138 47 20 131 1 60 1 165 1 42 1 65 1 268 1 27 1 205 1 219 1 241 1 280 1 307 1 255 1 44 1 269 1 107 1 233 2 332 1 77 1 25 1
148 50 19 131 1 59 1 41 1 73 1 205 1 218 1 392 1 241 1 280 1 307 1 255 1 44 1 269 1 233 2 308 1 287 1 290 1 77 1 25 1
157 53 19 131 1 59 1 41 1 73 1 205 1 209 1 211 1 218 1 241 1 280 1 424 1 307 1 238 1 228 2 247 2 308 1 244 1 9 1 25 1
160 54 20 131 1 59 1 42 1 65 1 330 1 27 1 205 1 298 1 367 1 280 1 543 1 256 1 44 1 238 1 240 1 247 1 308 1 48 1 244 1 25 1
//IdTournes NbColis
34 6
//IdColis IdCommandeInColis NbProducts IdProd1 QtyProd1 IdProd2 QtyProd2 ...
166 56 18 72 1 59 1 41 1 205 1 219 1 348 1 237 1 250 1 253 1 255 1 256 1 238 1 233 2 247 1 308 1 48 1 107 1 25 1
175 59 19 131 1 60 1 146 1 42 1 65 1 205 1 237 1 242 1 250 1 253 1 256 1 238 1 233 1 333 1 247 2 308 1 206 1 36 1 25 1
81 25 16 210 1 246 1 419 1 284 1 51 1 54 1 245 1 252 1 82 1 75 1 66 1 473 1 472 1 32 1 21 1 77 2
37 11 18 251 1 253 1 530 1 255 1 256 1 269 1 47 1 107 1 64 1 67 1 215 1 240 1 233 2 350 1 247 1 308 1 425 1 6 1
12 4 23 221 1 230 1 232 1 248 1 437 1 257 1 75 1 17 1 36 1 76 1 66 1 2 1 4 1 18 1 32 1 19 1 26 1 63 2 77 2 69 1 9 2 23 1 29 1
220 76 22 54 1 221 1 224 1 248 1 325 1 291 1 285 1 164 1 395 1 282 3 503 2 288 2 289 1 75 1 101 1 76 1 12 1 55 1 26 1 77 1 9 2 29 4
//IdTournes NbColis
35 6
//IdColis IdCommandeInColis NbProducts IdProd1 QtyProd1 IdProd2 QtyProd2 ...
225 78 9 440 1 97 1 224 1 325 1 457 1 34 1 553 1 94 1 77 3
131 44 16 51 1 13 1 54 1 245 1 423 1 291 1 265 1 282 2 422 1 288 1 289 1 75 1 22 1 32 1 26 1 9 1
201 69 19 51 1 54 1 277 1 245 1 252 1 291 1 423 1 265 1 282 2 422 1 288 1 289 1 75 1 16 1 66 1 32 1 21 1 77 2 123 1
29 9 18 237 1 242 1 249 1 253 1 335 1 286 1 256 1 226 1 238 1 47 1 233 2 247 1 306 1 308 1 290 2 45 1 93 1 79 1
79 24 11 229 1 230 2 245 2 75 1 76 1 132 1 140 1 33 1 32 1 26 1 77 3
42 12 16 424 2 286 1 256 1 530 1 269 1 47 1 233 3 240 1 350 1 247 3 308 1 95 1 45 1 82 1 77 1 9 1
//IdTournes NbColis
36 6
//IdColis IdCommandeInColis NbProducts IdProd1 QtyProd1 IdProd2 QtyProd2 ...
123 41 17 245 1 252 1 325 1 162 1 75 1 38 1 66 1 12 1 133 1 18 1 22 1 33 1 484 1 32 1 21 1 77 3 25 1
137 46 11 289 1 75 1 82 1 16 1 523 1 66 1 11 1 7 1 22 1 26 1 9 1
143 48 11 289 1 75 1 119 1 36 1 16 1 66 1 172 1 32 1 26 1 9 1 29 1
59 17 7 75 1 66 1 7 1 32 1 21 1 77 1 25 1
150 50 3 26 1 9 1 29 1
140 47 5 16 1 66 1 32 1 26 1 29 1
//IdTournes NbColis
37 5
//IdColis IdCommandeInColis NbProducts IdProd1 QtyProd1 IdProd2 QtyProd2 ...
147 49 3 32 1 19 1 26 1
35 10 4 32 1 86 1 26 1 77 2
174 58 3 497 2 26 1 77 2
156 52 1 77 2
162 54 1 77 2
