//NbTournees
67
//IdTournes NbColis
1 6
//IdColis IdCommandeInColis NbProducts IdProd1 QtyProd1 IdProd2 QtyProd2 ...
53 9 28 770 1 766 2 637 1 794 1 959 1 929 1 888 2 953 1 288 2 532 1 427 2 758 2 908 1 765 1 884 1 579 1 390 1 776 1 586 1 874 1 66 1 67 1 230 1 411 1 41 1 121 1 313 1 146 1
97 15 20 809 2 419 1 777 1 582 2 589 1 785 1 518 1 456 1 412 1 520 1 410 2 752 1 846 5 526 1 625 1 728 1 450 1 683 1 909 1 129 1
119 18 18 890 1 809 3 919 1 964 1 589 1 682 1 811 1 592 1 965 1 420 1 807 1 525 1 580 1 518 2 412 1 413 1 409 1 86 1
137 21 20 181 1 184 1 224 1 68 1 314 1 318 2 323 2 635 1 756 1 767 1 843 1 809 1 326 1 682 1 889 1 723 1 456 1 654 1 129 1 33 1
181 31 21 220 1 291 1 232 1 314 1 357 1 405 1 522 1 608 1 670 1 530 1 648 1 791 1 792 1 465 1 806 1 964 1 809 1 589 1 763 1 918 1 173 1
223 38 23 876 1 979 1 527 1 826 1 804 1 940 1 592 1 807 1 896 1 412 1 316 1 409 1 572 1 581 1 761 1 815 1 678 1 892 1 599 1 526 1 325 1 358 1 370 1
//IdTournes NbColis
2 6
//IdColis IdCommandeInColis NbProducts IdProd1 QtyProd1 IdProd2 QtyProd2 ...
264 47 22 725 1 35 1 225 1 314 1 318 2 323 2 346 1 349 1 608 1 498 1 829 1 830 1 901 1 326 1 402 1 571 1 850 1 826 1 805 1 846 1 129 1 1 1
288 52 22 233 1 330 1 314 1 395 1 843 1 840 1 402 1 807 1 409 1 410 2 846 3 398 1 770 1 844 1 816 1 958 1 845 1 848 1 584 1 803 1 353 1 71 1
291 53 20 70 1 120 1 330 2 384 1 727 1 314 1 323 1 338 1 348 1 356 1 395 2 629 1 686 1 769 1 875 1 842 1 843 1 964 1 64 1 87 1
299 54 23 921 1 456 1 833 1 412 1 422 1 520 1 528 1 633 1 797 1 599 2 930 1 398 1 450 1 457 1 794 1 929 1 888 1 697 1 848 1 685 1 559 2 352 1 351 1
8 2 28 578 1 696 2 814 2 591 2 186 1 187 2 421 1 393 1 666 1 638 1 687 1 594 1 616 1 869 1 872 2 560 1 327 1 479 2 651 1 317 1 499 2 504 2 351 1 369 1 539 2 103 1 315 1 89 1
14 3 25 400 1 687 2 616 1 597 1 954 1 872 2 85 1 327 1 651 1 166 1 364 1 315 2 319 3 321 2 354 1 441 2 636 1 585 2 650 2 949 1 466 3 871 2 817 1 818 1 435 1
//IdTournes NbColis
3 6
//IdColis IdCommandeInColis NbProducts IdProd1 QtyProd1 IdProd2 QtyProd2 ...
19 4 37 500 1 619 1 463 1 617 1 406 1 594 1 461 2 616 2 597 1 954 1 872 1 490 1 947 1 495 1 611 1 150 1 740 1 504 1 344 1 351 1 539 2 103 1 315 1 319 1 321 1 441 1 570 1 817 1 819 1 337 1 481 1 347 1 370 1 377 1 482 1 141 2 114 1
23 5 26 331 1 316 1 520 1 572 1 528 1 822 1 846 1 930 1 910 1 423 1 451 1 683 1 816 1 425 2 604 1 627 1 775 2 758 1 776 2 559 1 586 1 53 1 64 1 67 1 696 1 1 1
27 6 22 183 1 285 2 521 1 111 1 100 1 139 1 554 1 865 1 323 1 505 1 534 1 542 1 629 1 567 1 964 1 491 1 493 1 589 1 876 1 763 1 566 1 315 1
45 8 41 461 1 616 2 597 2 431 2 302 1 485 1 165 1 166 1 317 1 834 1 832 1 335 1 539 2 223 1 213 1 215 1 315 1 321 1 757 2 585 1 650 1 818 1 607 1 337 1 407 1 990 2 469 1 377 2 370 3 55 1 61 1 621 1 857 1 810 1 141 1 145 1 379 1 371 1 15 1 62 1 129 1
56 9 25 302 1 327 1 980 3 495 1 459 2 651 1 485 1 499 1 504 5 834 1 444 1 154 1 335 2 344 1 351 5 429 3 539 2 223 1 215 1 103 1 315 2 320 3 321 3 350 2 407 1
86 14 16 311 1 296 1 415 1 725 1 232 2 716 2 778 1 709 1 225 3 111 1 68 1 100 1 174 1 496 1 316 1 244 1
//IdTournes NbColis
4 6
//IdColis IdCommandeInColis NbProducts IdProd1 QtyProd1 IdProd2 QtyProd2 ...
96 15 17 233 1 175 1 415 1 232 1 225 1 111 2 318 2 322 3 349 1 536 2 498 1 792 1 867 1 887 1 968 1 315 1 258 1
100 15 29 651 2 150 1 389 1 499 1 590 2 369 1 539 3 315 1 319 1 320 2 321 3 350 2 360 1 570 2 757 1 690 2 585 2 650 1 823 1 817 2 818 3 337 1 407 1 347 1 370 6 377 1 29 1 575 1 371 1
113 17 35 765 1 652 1 586 2 64 1 67 1 230 2 584 1 353 1 161 1 324 2 231 1 328 1 511 1 814 1 506 1 43 1 54 1 300 1 591 1 883 1 186 1 665 1 957 1 824 1 302 1 980 1 317 1 499 1 504 1 760 1 154 2 223 1 315 1 107 1 89 1
114 17 41 315 1 320 1 508 1 360 1 394 1 757 1 585 1 587 2 871 3 818 3 935 2 133 1 370 4 377 1 29 2 61 1 163 1 810 2 379 1 261 1 371 1 973 1 196 1 333 2 89 2 113 1 114 1 40 2 164 2 178 1 281 1 46 1 42 2 1006 2 218 1 116 1 135 1 332 3 368 1 376 1 92 1
130 19 23 793 1 691 1 316 1 520 1 538 1 669 1 752 2 846 1 955 1 956 1 398 1 770 2 794 2 958 1 610 1 559 2 776 1 586 1 874 1 411 1 373 1 92 1 258 1
143 22 32 467 2 328 3 54 1 269 2 883 1 187 1 453 1 561 1 461 2 616 1 594 1 546 1 540 1 504 1 593 1 351 1 315 1 319 2 446 1 690 1 871 2 808 3 545 1 377 2 986 1 141 1 163 1 810 1 621 1 334 1 379 1 87 1
//IdTournes NbColis
5 6
//IdColis IdCommandeInColis NbProducts IdProd1 QtyProd1 IdProd2 QtyProd2 ...
151 24 41 327 1 444 1 900 1 351 3 429 2 539 1 103 2 315 1 319 1 321 3 570 1 636 1 690 2 585 1 587 1 818 3 366 1 435 1 407 1 237 1 347 2 370 2 61 1 163 1 379 1 333 2 434 3 386 1 268 1 229 1 138 1 143 1 246 1 195 1 433 1 218 2 336 1 391 2 392 2 372 1 173 1
160 26 39 317 1 672 1 590 1 593 1 832 1 444 1 315 1 319 1 320 3 508 1 439 2 516 2 446 2 636 1 583 3 690 1 585 1 650 2 878 1 819 1 871 1 817 1 366 1 370 2 1022 2 61 2 145 2 575 1 870 1 371 1 89 1 274 1 52 1 276 1 138 1 281 1 164 1 343 2 124 1
183 31 35 664 1 187 2 393 1 403 1 404 2 552 1 400 2 687 1 616 1 594 1 597 1 85 1 153 1 364 1 389 1 344 1 369 1 103 1 315 1 321 1 354 1 570 1 650 1 818 2 407 1 370 3 377 2 575 1 675 1 870 1 810 1 973 1 15 2 79 1 129 1
187 32 41 696 1 393 1 403 1 463 1 847 1 396 1 400 1 406 1 634 1 616 1 594 1 869 1 923 2 517 1 401 1 504 1 335 1 223 1 315 1 319 1 320 2 321 1 587 1 650 1 596 1 817 1 435 1 370 1 857 1 334 1 261 1 164 1 1009 1 52 1 99 1 102 1 433 1 155 1 486 1 416 1 365 2
199 34 44 504 1 593 1 344 1 351 1 539 1 315 1 350 1 394 1 516 1 570 1 585 1 587 2 650 3 596 2 466 1 817 2 337 1 366 1 407 1 990 2 237 1 347 1 377 2 370 4 575 1 675 1 810 1 371 2 973 2 333 1 386 1 221 1 89 2 260 1 263 1 143 1 289 1 10 2 198 1 155 1 218 1 336 1 486 1 171 1
205 35 20 402 1 682 1 785 1 694 1 811 1 804 1 700 1 592 1 965 1 921 1 723 1 316 1 361 1 520 1 399 1 628 1 538 1 409 1 114 1 129 1
//IdTournes NbColis
6 6
//IdColis IdCommandeInColis NbProducts IdProd1 QtyProd1 IdProd2 QtyProd2 ...
214 36 30 782 1 594 2 616 1 443 1 557 1 495 2 651 1 499 2 504 3 444 1 351 1 315 1 319 1 320 1 321 2 350 1 570 1 757 3 650 3 818 2 935 1 366 1 507 1 237 1 347 2 377 2 675 1 621 1 146 1 33 1
219 37 33 591 1 404 1 454 1 500 1 408 2 821 1 616 2 597 2 872 2 85 1 162 1 431 1 540 1 459 1 150 1 389 1 499 2 590 1 593 3 351 1 369 1 539 1 103 1 215 1 315 1 319 1 321 1 757 1 690 2 585 2 366 1 109 1 129 2
226 38 43 364 1 504 2 458 1 593 1 832 2 351 1 539 2 215 2 315 1 319 1 321 2 350 1 354 2 439 1 394 1 650 3 596 1 818 1 922 1 990 1 237 1 377 2 141 1 575 1 675 1 857 1 261 1 371 1 196 1 382 1 386 1 434 2 106 2 281 1 177 1 198 1 40 1 52 1 253 1 58 1 65 1 28 1 33 1
235 40 37 692 1 393 2 665 1 638 1 677 1 936 1 406 1 687 2 616 1 594 1 869 1 954 1 557 1 827 1 162 2 431 1 651 1 812 1 150 1 593 1 429 1 215 1 103 1 315 1 320 1 516 1 446 1 650 1 466 1 596 1 871 1 825 1 922 1 228 1 370 2 145 1 144 1
247 43 44 458 1 590 1 593 4 351 1 539 1 315 1 319 1 320 1 321 2 350 1 570 1 587 2 818 3 337 1 370 1 575 1 675 1 857 1 810 2 196 2 386 1 221 1 89 1 125 1 289 1 40 1 52 1 72 1 260 1 99 2 147 2 433 1 218 1 116 1 96 1 332 3 336 1 387 1 391 2 392 1 416 1 365 1 235 1 14 1
265 47 22 1005 1 316 1 864 1 892 1 846 1 955 1 451 1 457 1 671 1 794 1 766 1 288 1 958 4 697 1 848 1 559 3 874 1 122 1 149 1 161 1 324 1 388 1
//IdTournes NbColis
7 6
//IdColis IdCommandeInColis NbProducts IdProd1 QtyProd1 IdProd2 QtyProd2 ...
270 48 16 284 1 292 1 297 1 220 1 108 1 296 1 38 3 35 1 318 1 323 1 348 1 349 1 426 1 534 1 315 1 1 1
273 48 45 541 1 574 1 666 1 638 1 847 1 461 1 594 1 597 1 872 1 85 1 317 1 499 1 504 1 150 1 344 1 429 1 539 1 315 2 320 3 321 1 394 1 585 2 935 1 990 1 228 1 237 1 535 1 857 1 55 1 434 1 484 1 156 1 46 2 57 1 135 1 332 1 336 1 436 1 391 1 392 1 365 2 79 1 93 1 972 1 112 1
284 51 26 889 1 580 1 518 1 316 1 628 1 409 1 910 1 982 1 984 2 526 1 325 1 358 1 710 1 457 1 595 1 844 1 604 1 749 1 884 1 685 1 906 1 53 1 240 1 620 1 96 1 129 1
295 53 34 661 1 557 1 827 1 327 1 923 1 479 2 459 1 897 1 389 1 504 1 832 1 351 3 539 1 213 1 103 1 315 1 321 1 360 1 394 1 757 3 583 1 585 2 650 1 932 1 871 1 817 3 818 4 825 1 435 1 107 1 347 2 377 1 92 1 33 1
304 55 44 461 2 85 1 401 1 459 1 458 1 153 1 315 1 320 2 394 1 466 2 818 1 922 1 366 2 377 1 163 1 334 1 15 2 89 3 114 1 40 1 253 1 1001 1 229 1 281 1 42 1 116 1 135 1 436 1 37 1 391 1 365 1 972 2 380 1 8 1 4 1 25 1 45 1 132 1 283 1 87 1 146 1 249 1 19 1 248 1
310 56 47 431 1 923 1 389 1 593 3 900 1 351 1 369 1 539 2 103 1 315 3 320 1 690 1 466 2 819 1 990 1 377 3 986 3 870 1 371 1 89 1 484 1 2 2 72 1 94 1 164 1 343 1 437 2 436 1 37 1 416 1 79 1 477 2 374 1 972 2 378 1 380 1 1038 1 999 1 1012 1 179 1 87 1 146 1 49 1 11 3 22 1 134 1 115 1
//IdTournes NbColis
8 6
//IdColis IdCommandeInColis NbProducts IdProd1 QtyProd1 IdProd2 QtyProd2 ...
314 57 43 504 1 593 1 351 3 315 2 321 1 354 1 394 1 823 1 818 4 825 1 817 2 337 1 366 1 990 1 370 4 675 1 434 2 386 1 114 1 246 1 195 1 58 1 99 1 1006 2 299 1 336 2 480 1 376 1 483 1 391 2 430 2 988 1 345 1 342 1 124 1 24 1 87 1 146 1 75 2 86 1 49 1 34 1 33 4
317 58 32 652 1 51 1 259 1 352 1 664 1 692 1 388 1 821 1 634 2 461 2 616 1 594 1 674 1 872 1 490 1 738 1 748 1 923 1 479 1 611 1 504 2 444 1 213 1 315 1 321 2 350 1 473 1 585 1 587 1 650 1 370 1 262 1
322 59 43 406 1 687 1 594 1 431 1 459 2 317 1 860 1 458 2 593 1 832 2 351 1 215 2 315 2 319 1 321 1 354 1 690 1 466 1 817 2 818 1 366 1 377 1 621 1 61 1 163 1 333 1 382 1 1001 1 164 1 46 1 42 2 73 1 95 1 392 1 339 1 418 1 374 1 367 1 380 1 199 1 87 1 30 1 262 1
327 60 31 335 1 315 1 319 1 320 1 473 2 360 1 441 1 636 2 585 1 587 2 650 1 808 1 857 1 810 1 145 1 333 1 221 1 89 1 114 1 123 1 79 1 173 1 926 2 378 1 380 3 438 2 1046 1 87 1 146 1 44 1 11 1
329 61 24 295 1 232 1 384 1 111 1 68 1 100 1 139 1 318 1 338 1 346 1 533 1 522 1 608 1 769 1 933 1 925 1 493 1 840 1 331 1 805 1 409 2 410 1 315 1 1 1
337 62 33 638 2 847 1 957 1 187 1 400 1 616 1 738 1 748 1 557 1 162 1 327 1 980 1 459 1 317 1 499 1 590 1 593 3 832 1 150 1 351 1 315 1 321 1 350 1 394 1 757 1 585 1 823 1 871 2 818 3 825 1 337 1 370 4 92 1
//IdTournes NbColis
9 6
//IdColis IdCommandeInColis NbProducts IdProd1 QtyProd1 IdProd2 QtyProd2 ...
341 63 29 324 1 620 1 995 1 110 1 137 1 556 2 692 2 591 1 883 1 131 1 500 1 552 1 616 2 869 2 557 1 560 1 162 2 302 1 504 2 593 1 166 1 344 1 315 1 350 1 583 1 690 1 650 2 87 1 258 1
345 64 45 504 1 429 1 315 1 583 1 808 1 366 1 107 1 133 1 370 1 377 2 482 1 986 2 675 1 810 1 379 1 333 1 382 1 198 1 263 1 155 1 376 1 437 1 387 1 436 1 391 1 392 1 372 1 79 1 430 1 374 1 972 2 378 1 999 1 219 1 87 1 146 1 222 1 34 1 26 1 126 1 92 1 258 1 129 1 28 1 33 1
347 65 27 559 1 352 2 460 2 771 1 773 1 328 2 578 2 676 1 43 1 54 1 550 2 552 1 687 1 616 1 611 1 364 2 444 1 154 1 315 2 321 3 516 1 636 2 690 1 585 1 650 1 337 1 1 2
351 66 31 121 1 328 3 573 1 71 2 696 1 591 2 403 1 404 1 500 1 552 2 638 1 616 1 557 1 162 1 401 1 651 1 485 1 389 1 499 1 504 1 458 1 593 2 832 1 855 1 429 1 215 2 315 1 319 1 320 2 563 1 29 1
355 67 31 883 2 269 1 574 1 463 1 464 1 847 1 400 1 406 1 616 1 869 1 954 2 827 1 85 1 327 1 517 1 401 1 569 1 891 1 499 1 590 1 832 1 834 1 351 1 315 2 321 4 570 1 690 2 585 1 823 2 228 1 129 1
359 68 34 315 2 570 2 583 1 466 1 871 1 986 2 575 1 675 2 857 1 870 1 334 1 15 1 221 1 89 1 72 1 99 1 125 1 267 1 332 1 437 1 392 1 972 2 32 1 287 1 76 1 132 1 87 1 146 1 151 1 168 1 191 1 249 1 83 1 245 1
//IdTournes NbColis
10 6
//IdColis IdCommandeInColis NbProducts IdProd1 QtyProd1 IdProd2 QtyProd2 ...
361 69 37 597 1 869 1 954 1 872 1 443 1 162 1 103 1 315 1 350 1 596 1 466 1 366 1 990 1 870 1 379 1 15 2 333 1 382 2 260 1 147 1 432 1 218 1 336 2 171 1 392 1 362 1 367 1 470 1 87 1 146 1 255 1 5 1 248 2 245 1 262 2 109 1 129 1
363 70 43 424 1 393 1 454 1 574 1 561 1 831 1 187 1 839 1 389 1 444 2 760 1 315 2 350 1 583 1 585 1 587 1 650 1 596 1 370 3 986 1 857 1 810 1 334 1 382 1 52 1 65 1 260 1 1001 1 106 1 433 1 336 1 483 1 391 2 416 1 79 1 24 1 25 1 69 1 87 1 146 1 60 1 86 1 129 1
366 71 20 981 1 582 2 589 1 615 1 876 2 886 1 402 1 527 1 811 1 889 2 1033 1 805 1 316 1 538 1 663 2 656 1 669 1 752 1 107 1 33 1
372 72 21 471 1 232 2 605 1 38 2 323 1 474 1 395 1 670 1 851 1 853 1 925 1 493 1 582 1 841 1 615 1 965 1 741 1 752 1 822 2 353 1 258 1
376 73 28 605 1 225 1 111 2 349 1 608 1 562 1 806 1 582 1 615 1 918 1 402 1 965 1 410 1 846 2 613 1 160 1 604 1 614 1 586 1 250 1 230 1 620 1 247 1 121 1 578 1 612 1 63 1 273 1
379 74 19 605 1 38 2 68 1 139 1 174 1 318 2 323 2 564 1 547 1 395 1 489 2 529 1 530 2 913 1 843 1 809 3 493 1 319 1 258 1
//IdTournes NbColis
11 6
//IdColis IdCommandeInColis NbProducts IdProd1 QtyProd1 IdProd2 QtyProd2 ...
5 2 20 175 1 84 1 645 1 952 1 111 2 68 1 174 1 558 1 318 1 323 1 478 1 629 1 609 1 647 1 861 1 867 1 465 1 945 2 809 2 154 1
17 4 19 181 1 70 1 180 1 98 1 35 1 318 1 489 3 445 1 522 1 648 1 774 1 950 1 919 1 491 1 494 1 901 1 549 1 755 1 409 1
33 7 22 233 1 725 1 232 1 330 1 645 1 111 2 715 1 318 1 348 1 478 1 519 1 551 1 577 1 648 1 764 1 853 1 582 1 702 1 886 1 527 1 682 1 418 1
36 7 28 240 1 578 1 676 1 388 1 591 1 883 1 269 1 424 2 541 1 574 1 831 1 400 2 406 2 720 1 687 1 594 1 616 2 597 1 872 1 162 1 923 1 517 1 150 2 153 1 165 2 317 1 504 3 129 2
41 8 18 183 1 35 1 225 1 318 1 323 2 349 1 534 1 395 4 626 1 498 2 802 1 647 1 830 1 913 1 945 2 887 1 109 1 1 1
71 12 15 216 1 175 1 98 1 718 1 716 1 330 1 225 1 174 2 558 1 318 2 323 1 600 1 653 1 547 1 369 1
//IdTournes NbColis
12 6
//IdColis IdCommandeInColis NbProducts IdProd1 QtyProd1 IdProd2 QtyProd2 ...
78 13 18 318 2 323 2 426 1 489 2 609 1 684 1 767 1 806 1 809 2 890 1 514 1 493 1 568 1 589 2 841 1 901 1 402 1 129 1
81 13 33 578 1 814 1 388 3 131 1 591 1 187 1 383 1 393 1 447 1 404 1 500 1 552 1 574 1 638 2 831 2 847 1 396 1 687 1 616 1 597 1 85 1 162 1 443 1 557 1 431 1 540 1 459 1 651 2 485 1 317 1 590 1 593 1 832 1
87 14 20 496 1 318 1 323 1 505 1 395 1 515 1 519 1 626 1 522 1 629 1 567 1 684 1 791 1 703 1 588 1 913 1 701 1 866 1 491 1 129 1
92 14 28 463 1 617 1 396 1 400 2 406 2 687 2 461 1 616 1 782 1 85 2 162 3 443 1 492 1 714 1 788 2 560 1 327 1 923 1 166 2 165 2 317 1 590 1 832 1 760 1 335 2 344 1 194 1 1 1
104 16 15 265 1 182 1 225 1 111 2 554 1 558 2 318 2 323 2 564 1 395 4 498 1 756 1 529 1 919 1 755 1
111 17 17 295 1 265 1 298 1 285 1 84 1 225 1 111 2 174 2 318 1 395 1 498 2 626 1 588 1 763 1 876 1 571 1 470 1
//IdTournes NbColis
13 6
//IdColis IdCommandeInColis NbProducts IdProd1 QtyProd1 IdProd2 QtyProd2 ...
118 18 18 111 2 174 1 318 2 322 2 338 1 536 4 626 1 498 2 655 1 522 1 609 1 647 1 670 1 686 1 829 1 960 1 221 1 1 1
129 19 21 318 2 323 1 600 1 564 1 534 1 395 1 684 1 866 1 945 1 493 1 630 2 568 1 582 1 841 1 901 1 549 1 682 1 694 1 456 1 370 1 129 1
139 21 30 388 2 591 1 883 3 187 1 383 1 665 2 616 2 954 1 872 2 824 1 329 1 397 2 651 1 317 1 504 2 539 1 103 1 320 2 321 2 394 1 757 1 650 1 817 1 818 1 337 1 107 1 133 1 145 1 333 1 28 1
145 23 24 35 1 558 1 318 1 349 1 474 1 534 1 489 1 608 1 524 1 648 1 1002 1 925 1 568 1 901 1 921 1 525 1 355 1 410 1 741 1 928 1 815 1 992 1 373 1 129 2
149 24 22 38 1 645 1 111 1 318 1 442 2 529 1 648 2 913 1 809 2 527 1 682 1 688 1 1003 1 807 1 1005 1 572 1 633 1 779 1 992 1 956 1 64 1 258 1
163 27 23 117 1 38 2 225 2 100 1 174 1 318 1 564 1 647 1 555 1 838 1 842 1 762 1 809 1 969 1 970 1 639 1 589 1 841 1 527 1 422 1 361 1 59 1 258 1
//IdTournes NbColis
14 6
//IdColis IdCommandeInColis NbProducts IdProd1 QtyProd1 IdProd2 QtyProd2 ...
167 28 20 284 1 224 1 234 1 225 1 111 1 318 2 534 1 629 1 609 1 670 1 875 1 945 1 887 1 589 1 886 1 804 1 944 1 965 1 331 1 358 1
175 30 21 265 1 225 1 111 2 496 1 318 1 322 2 414 1 505 1 346 1 348 1 474 1 357 1 547 1 536 2 626 1 608 1 551 1 555 1 724 1 851 1 319 1
185 32 23 271 1 286 1 225 1 290 1 100 1 318 1 323 2 346 1 519 1 529 1 790 1 514 1 886 1 793 1 911 1 921 1 795 1 472 1 409 1 528 1 753 1 107 1 33 1
195 34 21 108 1 182 1 952 1 111 2 68 1 877 1 318 1 323 2 357 1 478 1 489 1 608 1 609 1 524 1 703 1 853 1 809 1 491 1 876 1 918 1 179 1
198 34 29 573 1 578 3 71 1 814 2 388 1 591 2 883 1 63 1 447 2 403 1 500 2 552 1 665 1 617 1 400 1 687 1 594 1 616 1 954 1 443 1 449 1 738 1 557 1 827 1 397 1 540 1 317 1 129 1 33 1
212 36 24 224 1 174 1 318 1 323 1 780 1 969 1 925 1 582 1 589 1 979 1 512 1 944 1 1004 1 513 1 525 1 409 2 779 1 892 1 971 1 451 1 452 1 66 1 104 1 33 1
//IdTournes NbColis
15 6
//IdColis IdCommandeInColis NbProducts IdProd1 QtyProd1 IdProd2 QtyProd2 ...
217 37 18 175 1 117 1 224 1 84 1 952 1 225 1 111 1 139 1 174 1 68 1 558 2 318 1 323 2 536 2 635 1 791 1 820 1 92 1
229 39 24 84 1 98 1 330 1 225 1 35 2 139 1 318 1 323 2 670 1 762 1 764 1 598 1 809 1 911 1 331 1 628 1 753 1 761 1 846 1 962 1 984 1 457 1 680 1 421 1
239 41 31 352 1 122 1 136 1 324 1 467 1 664 1 591 1 187 3 393 1 550 1 404 1 406 1 782 1 872 1 679 1 443 1 557 1 327 1 923 1 317 1 504 1 593 1 946 1 369 1 320 1 350 1 636 1 650 1 871 1 817 2 69 1
244 43 17 312 1 220 1 285 1 111 2 68 1 318 2 323 2 536 1 498 2 445 1 843 1 809 2 919 1 582 1 589 1 688 1 411 1
252 44 46 831 2 396 1 400 1 461 1 616 2 594 1 85 1 540 1 317 1 364 1 504 1 351 1 103 1 321 1 508 1 690 1 587 1 650 1 466 2 817 1 819 1 337 1 377 1 986 2 141 1 163 1 15 1 382 1 221 1 341 1 484 1 125 1 246 1 40 1 58 1 276 1 263 1 1001 1 147 1 96 2 332 1 391 1 392 1 372 1 176 1 33 1
254 45 14 271 1 1014 2 182 1 312 1 1043 1 120 1 111 1 174 1 68 1 318 2 338 1 395 3 319 1 1 1
//IdTournes NbColis
16 6
//IdColis IdCommandeInColis NbProducts IdProd1 QtyProd1 IdProd2 QtyProd2 ...
278 50 19 175 1 182 1 285 1 272 1 234 1 225 1 68 1 318 2 322 2 338 1 536 1 629 1 567 1 498 1 737 1 867 1 809 1 409 1 129 1
281 50 49 317 1 504 1 593 1 832 1 855 1 165 1 900 1 351 2 539 1 320 2 690 1 585 1 650 1 825 2 935 1 337 1 366 1 370 3 377 3 810 1 196 1 382 1 106 2 125 2 143 1 147 1 46 1 433 1 57 1 332 1 368 1 376 1 987 2 391 4 392 4 173 1 416 1 79 1 418 2 988 1 470 1 378 1 13 1 24 1 50 1 76 1 127 1 128 1 132 1
283 51 19 294 1 298 1 1039 1 35 1 225 1 318 1 600 1 547 1 489 3 519 1 629 1 648 2 830 1 843 1 925 1 589 1 750 1 911 1 15 1
289 52 30 353 1 411 1 324 2 467 1 118 1 328 1 573 2 578 1 71 1 814 1 408 1 617 1 831 1 847 2 957 1 396 2 400 1 406 1 687 1 461 1 162 1 401 1 317 1 458 1 593 1 351 1 321 1 823 1 818 2 87 1
312 57 21 1014 1 330 1 111 2 100 1 139 1 496 1 318 1 323 1 498 1 686 1 791 1 774 1 809 3 919 1 933 1 493 1 589 1 1017 1 475 1 669 1 317 1
324 60 19 471 1 284 1 311 1 296 1 725 1 232 1 778 1 330 1 35 1 225 1 318 1 524 1 667 1 647 1 529 1 530 1 866 1 598 1 1 1
//IdTournes NbColis
17 6
//IdColis IdCommandeInColis NbProducts IdProd1 QtyProd1 IdProd2 QtyProd2 ...
334 62 23 296 1 225 1 111 2 139 1 877 1 558 1 318 1 323 1 348 2 349 1 395 1 542 1 790 1 780 1 465 1 598 1 945 1 887 1 964 1 514 1 493 1 520 1 115 1
343 64 18 1014 2 232 2 111 1 318 2 357 1 442 2 609 1 562 1 806 1 809 1 582 1 566 1 807 1 805 1 422 1 475 1 779 1 924 1
354 67 26 183 1 35 1 174 2 318 1 323 2 565 1 866 1 582 1 889 1 805 1 409 1 669 1 423 1 680 1 699 1 885 1 122 1 280 1 167 1 573 1 578 1 692 1 388 2 591 1 92 1 1 1
362 70 24 271 1 111 1 318 1 588 1 945 1 933 1 809 1 993 1 571 1 576 1 580 1 581 1 595 1 844 1 929 1 680 1 427 1 579 1 586 1 352 1 121 1 149 1 119 1 129 1
365 71 19 225 2 111 2 558 1 318 2 322 1 564 1 534 2 629 1 567 1 498 1 764 1 701 1 916 1 465 1 767 1 830 1 951 1 873 1 107 1
373 72 31 930 1 526 2 325 1 649 1 852 1 816 1 888 1 427 1 610 1 604 1 759 1 467 1 280 1 573 1 578 1 849 1 71 2 696 1 814 1 591 1 421 1 403 1 404 1 574 1 463 1 748 1 302 1 479 1 651 1 317 1 834 1
//IdTournes NbColis
18 6
//IdColis IdCommandeInColis NbProducts IdProd1 QtyProd1 IdProd2 QtyProd2 ...
374 72 48 317 1 389 1 499 1 593 1 335 1 344 1 570 1 757 1 690 1 587 2 650 1 817 3 825 3 337 1 366 1 133 1 370 3 621 2 870 1 163 1 196 1 333 1 386 1 114 1 198 1 52 1 58 1 99 1 143 1 164 1 343 1 218 1 116 1 336 2 436 1 391 2 1007 1 430 1 972 3 988 1 62 2 152 1 380 1 185 1 13 1 69 2 104 1 179 1
385 75 23 330 1 35 2 318 1 489 2 629 1 764 1 809 1 527 1 475 1 628 1 526 2 637 1 425 1 559 2 586 2 352 1 359 1 460 1 771 1 467 1 885 1 328 1 435 1
386 75 38 328 1 664 2 696 1 631 1 574 1 616 1 782 1 317 1 590 1 369 1 319 1 321 1 354 1 690 2 587 2 650 4 596 1 466 1 818 2 825 1 922 1 337 1 986 1 334 1 379 1 333 1 10 1 343 1 436 1 392 1 372 1 430 2 926 1 380 2 342 1 385 1 8 1 219 1
389 76 41 460 1 620 1 995 1 578 1 71 1 814 1 388 1 447 1 847 2 634 1 594 1 872 1 923 1 479 1 998 1 317 1 344 1 103 1 320 2 570 2 466 2 817 1 922 1 370 2 61 1 371 1 73 1 436 2 391 1 339 1 430 1 374 1 989 1 47 1 345 1 385 1 999 1 201 1 87 1 208 1 245 1
391 77 23 295 1 70 1 35 1 68 1 174 1 318 1 323 1 395 1 498 1 843 1 630 1 632 1 582 1 763 1 702 1 795 1 520 2 917 1 846 1 910 1 971 1 526 1 814 1
392 77 32 457 1 888 1 579 1 390 1 559 2 586 1 699 1 874 1 771 1 773 1 280 1 601 1 328 1 638 1 677 1 400 1 634 1 616 1 594 1 431 1 479 1 920 1 317 1 504 1 855 1 150 1 321 1 394 1 585 1 587 2 986 1 28 1
//IdTournes NbColis
19 6
//IdColis IdCommandeInColis NbProducts IdProd1 QtyProd1 IdProd2 QtyProd2 ...
396 78 27 359 1 460 1 771 2 137 1 328 2 676 2 814 1 388 1 883 1 447 1 463 1 406 1 616 2 594 2 824 1 679 1 872 1 479 1 611 1 317 1 504 3 590 2 832 2 900 1 103 1 28 1 33 1
401 79 45 459 1 317 1 504 2 215 1 103 2 319 1 321 2 394 1 690 1 585 1 587 1 871 1 818 3 935 1 375 1 337 1 236 1 857 1 196 1 341 1 46 1 432 1 332 1 336 1 387 1 486 1 391 1 372 1 365 1 176 1 130 1 152 1 470 1 185 1 13 1 24 1 90 1 128 2 20 2 146 1 159 1 168 1 249 1 34 1 126 1
404 80 32 526 1 452 1 683 1 770 1 844 1 643 1 644 1 1027 1 584 1 885 1 556 1 664 1 814 1 388 1 256 1 447 1 880 1 461 1 616 1 594 1 674 1 824 1 679 1 872 1 557 1 651 1 317 1 389 1 590 1 946 2 221 1 1 1
407 81 26 233 1 224 1 645 1 35 1 139 1 558 1 318 1 547 1 648 1 493 1 526 1 544 1 457 1 649 1 929 1 537 1 652 1 559 1 874 1 359 1 620 1 280 1 328 1 591 1 63 2 393 1
409 82 23 234 1 225 1 318 1 323 2 641 1 489 3 519 1 530 1 774 1 568 1 589 1 702 1 918 1 682 1 518 1 815 1 982 1 526 1 671 1 649 1 794 1 369 1 28 1
413 83 23 725 1 330 1 384 1 952 1 111 2 100 1 496 1 554 1 558 1 318 1 322 1 414 1 641 1 498 1 655 1 588 1 843 1 809 1 419 1 493 1 948 1 512 1 752 1
//IdTournes NbColis
20 6
//IdColis IdCommandeInColis NbProducts IdProd1 QtyProd1 IdProd2 QtyProd2 ...
418 84 17 265 1 108 2 111 1 174 1 554 1 318 1 322 2 356 1 564 1 547 1 536 1 498 3 519 1 626 1 670 2 409 1 129 1
424 85 25 181 1 35 2 100 1 318 2 442 1 530 1 670 1 648 1 873 1 809 1 658 1 513 1 456 1 422 1 572 1 599 1 995 1 578 1 676 2 447 1 550 1 403 1 541 1 631 1 370 1
427 86 24 35 3 318 1 489 1 522 1 887 1 890 1 964 1 419 1 568 1 589 1 841 1 886 1 410 2 663 1 846 3 984 1 526 1 451 1 457 1 888 1 425 1 523 1 66 1 258 1
30 6 33 594 1 839 1 923 1 165 1 504 3 458 1 590 1 593 1 832 2 154 1 351 1 369 1 539 2 319 1 320 2 321 3 360 1 757 2 690 2 650 1 817 4 935 1 337 1 435 1 996 1 133 1 370 2 377 2 141 1 145 2 857 1 810 1 89 1
74 12 26 187 1 396 1 400 2 616 1 594 1 872 1 302 2 479 1 401 1 389 1 364 1 593 2 832 1 834 1 444 1 319 2 320 1 321 2 446 1 570 2 585 1 650 2 871 1 817 5 818 2 371 1
82 13 32 593 1 834 1 335 1 351 1 215 1 319 3 320 3 350 1 439 1 394 2 570 2 585 2 587 2 931 1 871 1 817 2 818 4 825 1 922 1 366 1 370 3 377 1 55 1 141 2 810 1 675 2 379 1 386 2 434 1 221 1 89 2 96 1
//IdTournes NbColis
21 6
//IdColis IdCommandeInColis NbProducts IdProd1 QtyProd1 IdProd2 QtyProd2 ...
124 18 30 1031 1 760 1 900 2 154 1 335 1 369 2 539 1 319 1 320 1 321 3 354 1 360 1 570 1 757 1 587 2 650 3 823 1 818 6 871 2 935 3 337 1 366 1 435 1 990 1 347 1 377 3 370 1 55 1 141 1 145 1
132 19 32 593 1 832 1 834 1 760 1 351 2 319 3 350 3 360 1 394 4 757 2 585 1 823 1 871 1 817 4 818 1 825 1 935 4 435 1 990 1 237 1 370 1 145 1 163 1 575 1 870 1 261 1 333 1 221 3 89 3 40 1 52 1 197 1
135 20 35 562 1 419 1 934 1 526 1 451 1 794 1 953 1 613 1 559 1 122 1 149 1 460 1 771 1 773 1 664 1 404 1 517 1 364 1 832 1 103 1 319 2 473 1 439 1 991 1 585 1 808 2 994 1 507 1 334 1 379 1 333 1 229 1 138 1 96 1 437 1
165 27 30 687 2 461 2 616 2 597 1 954 2 872 1 824 1 827 1 923 2 479 2 397 1 900 1 319 2 321 1 473 1 583 1 690 1 650 2 817 1 808 1 819 1 370 2 986 2 260 1 177 1 198 1 42 1 135 1 1 1 28 2
169 28 34 578 1 612 1 664 2 696 1 500 1 597 1 869 1 85 1 162 1 557 2 593 1 351 1 103 1 319 1 320 2 354 2 585 2 587 3 879 1 596 1 817 1 818 1 922 1 366 1 990 2 237 1 370 1 141 1 675 1 870 1 196 1 434 1 50 1 1 1
267 47 44 593 3 832 1 855 1 165 1 335 1 539 2 319 1 320 4 321 1 394 1 585 2 825 1 375 1 377 1 986 2 141 2 163 1 857 1 870 1 379 3 333 1 382 1 89 1 138 1 260 1 99 2 46 1 96 1 387 2 436 2 391 1 372 2 235 1 365 2 374 2 381 1 430 2 367 1 989 2 345 1 378 1 342 1 385 1 8 1
//IdTournes NbColis
22 6
//IdColis IdCommandeInColis NbProducts IdProd1 QtyProd1 IdProd2 QtyProd2 ...
286 51 54 302 1 327 1 746 1 611 1 389 1 504 1 150 2 539 1 319 2 321 3 570 1 587 1 650 2 466 1 366 1 236 1 237 1 370 1 575 1 810 1 333 1 382 1 263 1 99 1 164 1 432 1 135 2 332 1 336 1 368 1 37 1 391 3 392 1 339 1 365 2 362 1 602 1 477 1 374 1 989 1 62 2 152 1 487 1 1038 1 283 2 194 2 1012 1 140 1 87 1 1032 1 146 1 222 1 310 1 18 1
301 54 40 319 1 320 1 321 2 441 1 446 1 585 1 587 1 650 1 596 1 817 1 407 1 370 4 377 1 986 4 621 1 334 1 94 1 276 1 106 2 433 1 1035 1 218 1 440 1 436 1 171 1 391 1 392 3 372 2 79 1 374 2 972 2 438 1 50 1 87 1 146 1 1037 1 49 1 248 1 134 1 245 1
331 61 34 578 1 747 1 71 1 692 1 696 1 883 1 383 1 500 1 831 1 936 1 616 2 738 1 495 1 459 1 651 1 389 1 499 1 369 1 319 1 321 3 354 1 439 1 446 1 690 2 585 1 823 1 931 1 817 3 935 1 337 1 366 1 107 1 62 1 129 1
369 71 31 872 1 748 1 557 1 980 1 397 1 705 1 504 1 590 2 593 1 344 1 429 1 369 1 319 2 320 2 321 3 350 2 360 1 394 1 570 1 690 2 585 4 587 1 650 1 823 1 818 1 825 1 935 1 337 1 407 1 990 2 228 1
382 74 31 869 1 872 1 738 1 557 1 827 1 162 1 479 1 397 2 540 1 401 1 651 1 891 1 389 1 499 1 504 3 593 3 832 1 834 1 351 2 369 1 319 1 320 1 321 1 350 1 516 1 585 2 650 3 596 2 466 1 112 1 258 1
425 85 35 665 1 666 1 463 1 936 1 646 1 634 1 594 1 674 2 869 1 872 1 679 1 557 1 401 1 651 1 364 1 832 2 855 1 166 1 351 1 539 2 319 2 441 1 690 1 585 1 650 2 871 1 817 1 922 1 337 1 435 1 237 1 370 1 575 1 870 1 115 1
//IdTournes NbColis
23 6
//IdColis IdCommandeInColis NbProducts IdProd1 QtyProd1 IdProd2 QtyProd2 ...
428 86 34 884 1 874 1 467 1 963 1 41 1 121 1 161 1 169 1 601 1 328 2 573 1 578 1 664 2 692 1 591 1 393 1 638 1 831 1 936 1 616 1 557 1 85 1 479 1 364 1 504 1 832 1 855 1 351 1 369 1 215 1 103 1 319 1 337 1 87 1
431 87 44 403 1 574 1 666 1 880 1 400 1 679 1 162 1 479 1 165 1 900 1 369 1 103 1 319 1 473 1 439 1 516 1 585 1 650 1 808 2 994 1 407 1 996 1 237 1 370 1 986 2 334 1 379 1 221 1 89 1 289 1 96 1 332 1 436 2 392 1 972 1 989 1 378 2 380 2 69 1 128 1 179 1 87 1 146 1 83 1
435 88 51 364 1 389 1 593 2 444 1 539 1 103 1 319 2 350 1 690 1 585 1 650 3 596 1 466 1 818 1 922 1 986 2 675 3 810 1 621 1 382 1 58 2 218 1 116 1 480 1 483 1 486 1 391 1 372 1 416 1 365 1 430 1 381 2 470 1 32 1 124 1 1012 1 252 1 56 1 219 1 127 1 1025 2 77 1 226 1 83 2 75 2 310 1 1028 1 204 1 148 1 109 1 33 1
439 89 50 540 1 389 1 504 2 154 1 215 2 319 2 439 1 690 1 587 1 650 1 596 1 818 2 808 1 228 1 810 1 857 1 870 1 379 1 333 1 382 2 221 2 89 2 106 1 46 2 332 2 376 2 486 1 391 1 392 1 339 1 430 1 374 1 62 2 152 1 378 1 380 1 487 1 8 1 45 2 76 2 127 1 251 1 1019 1 146 2 1016 1 18 1 1018 1 262 1 1 1 33 1
443 90 34 388 1 883 1 424 1 404 2 453 1 500 1 574 1 666 1 831 1 677 1 406 1 400 1 616 2 782 1 869 1 872 2 923 1 546 1 540 1 364 1 504 1 593 2 150 1 444 1 344 1 351 1 213 1 319 2 320 2 321 1 354 1 585 1 163 1 129 1
447 91 31 327 1 351 1 215 1 319 1 583 1 585 1 650 1 675 2 145 1 334 1 89 1 114 1 198 1 106 1 147 1 289 1 57 1 365 1 173 1 362 1 374 1 972 1 989 1 185 1 342 1 50 1 90 1 48 1 87 1 146 1 208 1
//IdTournes NbColis
24 6
//IdColis IdCommandeInColis NbProducts IdProd1 QtyProd1 IdProd2 QtyProd2 ...
24 5 30 411 1 121 1 122 1 136 1 149 1 169 1 170 1 771 1 467 1 541 1 619 1 400 2 616 2 872 1 679 1 162 1 459 1 832 2 444 1 344 1 103 1 320 1 321 1 360 1 570 2 757 2 690 1 133 1 163 1 1 1
64 10 41 215 1 320 2 690 1 585 3 871 5 818 1 825 2 857 3 333 1 382 2 114 2 198 1 58 1 94 1 99 1 125 1 229 2 156 1 164 1 46 2 433 3 209 1 57 1 218 1 332 2 483 1 436 1 391 1 430 1 487 1 385 1 192 1 69 1 146 1 159 1 168 1 222 1 75 2 34 1 92 1 115 3
93 14 40 344 1 223 1 320 1 321 5 360 1 394 1 570 1 757 2 587 2 818 3 935 1 407 1 990 1 370 2 377 1 141 2 675 2 857 1 621 1 870 1 29 1 379 1 973 3 196 1 434 2 386 2 89 2 58 2 65 1 99 1 123 1 147 2 289 1 177 1 708 1 387 1 368 1 37 1 199 1 1 4
108 16 35 832 1 444 1 351 3 429 1 539 1 103 1 320 3 321 1 350 1 394 1 570 1 585 2 587 2 931 2 922 3 337 1 366 1 407 1 990 3 507 1 377 2 55 1 163 1 621 1 857 1 870 2 810 2 371 2 973 2 333 1 434 4 195 1 229 1 433 1 1006 1
147 23 37 923 1 397 1 401 1 504 2 593 1 832 1 351 1 223 1 213 1 320 1 321 4 354 2 585 2 587 2 650 2 596 1 871 2 818 1 825 1 922 1 337 1 407 2 990 1 370 3 377 2 870 1 810 1 333 1 434 2 382 1 341 1 433 1 135 1 336 1 171 1 436 1 33 1
155 25 43 616 1 594 1 597 1 872 1 401 1 812 1 150 1 364 1 389 1 593 3 539 2 103 1 320 1 690 1 587 1 650 1 871 1 818 3 922 1 337 1 228 1 370 1 141 1 675 2 810 1 334 1 333 1 114 1 65 1 138 1 143 1 277 1 433 1 336 1 387 1 436 1 339 1 418 1 362 1 374 1 381 1 926 3 90 1
//IdTournes NbColis
25 6
//IdColis IdCommandeInColis NbProducts IdProd1 QtyProd1 IdProd2 QtyProd2 ...
192 33 31 504 3 593 3 832 2 855 1 320 2 354 1 757 1 690 1 585 4 650 3 818 4 337 1 366 2 347 2 370 4 377 1 163 1 675 2 810 1 621 1 371 1 973 2 333 1 434 2 386 2 89 1 484 1 106 1 125 1 143 1 433 1
258 45 36 400 1 634 1 594 1 443 1 490 1 85 1 162 2 431 2 980 1 397 1 593 1 832 2 344 1 369 1 320 1 321 1 439 1 757 1 587 1 650 3 932 1 825 1 935 2 337 1 990 3 507 1 133 1 986 1 145 1 575 1 857 1 621 1 340 1 379 1 333 2 221 1
408 81 36 447 1 550 1 936 1 406 1 616 1 651 1 166 2 320 1 354 1 587 1 650 2 466 1 931 1 817 1 819 1 922 1 133 1 370 3 986 1 810 1 334 1 333 1 72 1 263 1 99 1 143 1 95 1 391 1 235 1 989 1 378 1 251 1 87 1 146 1 245 1 126 1
449 92 48 396 1 406 1 679 1 499 1 855 1 154 1 335 1 213 1 320 1 321 2 570 1 585 1 650 1 871 1 817 1 818 1 825 1 922 1 337 1 435 1 370 2 675 1 145 1 163 1 333 1 221 1 114 2 10 1 52 1 125 1 46 1 42 1 332 1 376 1 391 1 339 1 374 1 62 1 112 2 152 1 378 1 69 1 87 1 88 1 146 1 158 1 75 1 19 1
9 2 41 321 1 350 1 394 1 446 1 690 1 585 4 587 2 650 1 823 1 466 1 818 3 817 2 935 2 337 1 435 1 990 1 370 1 29 1 61 1 163 1 675 3 810 1 371 1 333 2 434 2 386 1 89 2 113 2 114 1 52 1 123 1 147 1 164 2 177 1 46 1 432 1 433 1 73 1 116 1 96 1 336 1
37 7 38 593 1 832 1 946 1 344 1 351 1 539 1 215 1 103 1 321 2 690 1 587 2 650 1 596 1 817 2 871 4 922 1 607 1 337 1 366 2 435 1 407 1 228 1 237 1 377 1 482 2 370 4 986 1 141 3 145 1 163 1 575 1 675 1 857 1 810 2 621 2 379 1 221 2 89 3
//IdTournes NbColis
26 6
//IdColis IdCommandeInColis NbProducts IdProd1 QtyProd1 IdProd2 QtyProd2 ...
173 29 38 460 1 771 1 620 2 247 1 578 1 692 1 462 1 883 2 63 1 404 1 396 1 687 1 616 1 954 1 85 2 162 1 611 1 389 1 504 1 444 1 351 2 103 1 321 1 650 1 596 1 808 1 366 1 435 1 141 1 163 1 434 2 382 1 386 1 195 1 332 1 376 1 483 1 391 3
209 35 43 369 1 539 2 223 3 215 2 103 2 321 3 690 1 585 1 650 1 466 3 825 1 337 1 407 2 990 1 133 1 347 2 377 2 141 1 675 1 857 1 870 1 29 2 55 1 261 2 973 3 434 1 382 1 386 1 114 1 221 3 125 2 147 1 281 1 52 1 99 1 42 2 432 1 1006 3 96 1 440 1 112 1 258 1 129 1
231 39 45 954 2 824 1 546 1 540 1 517 1 459 1 150 1 165 1 458 1 444 1 154 2 351 1 103 1 321 3 354 1 439 1 516 1 690 1 585 1 818 2 825 1 922 1 337 1 133 1 370 2 986 1 141 1 163 1 621 1 870 1 15 1 89 2 143 1 238 1 195 1 36 1 40 1 433 1 336 1 368 1 37 1 391 2 392 1 109 1 1 1
242 42 39 288 1 685 1 230 1 66 1 352 1 118 1 771 1 620 1 814 1 54 1 665 1 396 1 616 1 162 1 812 1 832 1 351 2 223 1 321 2 570 1 690 1 587 1 817 3 922 3 435 1 15 1 382 1 221 1 484 1 99 1 433 1 73 1 336 1 436 1 430 1 989 3 112 1 146 1 1 1
352 66 44 321 3 757 1 690 2 587 1 818 2 808 1 825 2 817 2 935 1 407 1 810 1 621 1 857 2 870 1 61 1 15 2 333 1 382 1 114 1 94 1 106 1 289 1 135 2 336 1 376 1 391 1 365 1 93 1 374 1 381 1 751 1 47 1 487 1 127 1 251 1 179 1 20 1 48 1 87 1 146 1 168 1 134 1 1 2 129 1
410 82 27 816 1 579 1 776 1 586 1 353 2 885 1 136 1 573 2 814 1 388 1 54 1 424 2 447 1 617 1 616 1 782 1 85 1 327 1 812 1 150 2 539 3 215 1 103 1 321 4 394 2 650 1 986 1
//IdTournes NbColis
27 6
//IdColis IdCommandeInColis NbProducts IdProd1 QtyProd1 IdProd2 QtyProd2 ...
415 83 30 620 1 110 1 118 1 280 1 301 1 161 1 167 1 692 1 403 1 541 1 736 1 665 1 464 1 638 1 831 1 254 1 400 2 594 1 872 1 827 1 327 1 980 1 651 1 539 2 223 1 321 1 354 1 690 2 587 2 650 1
452 93 37 872 1 479 1 401 1 651 1 364 1 593 1 832 2 215 1 321 3 354 1 441 1 871 2 817 3 818 4 922 1 370 1 382 2 10 1 177 1 332 1 387 1 391 1 392 1 1007 1 372 1 430 2 381 1 989 1 62 1 130 1 470 1 378 1 380 2 132 1 87 1 146 1 1 2
455 94 44 676 1 814 1 506 1 388 1 550 1 396 1 616 1 594 1 674 1 679 1 651 1 321 1 636 1 650 1 370 1 986 2 857 1 382 1 114 2 52 1 99 1 46 1 42 1 343 1 57 1 73 1 332 1 392 1 487 1 50 2 127 1 128 1 132 1 87 1 146 1 44 1 83 1 49 1 248 1 7 1 17 1 208 1 28 1 33 1
459 95 43 593 1 321 3 354 1 394 2 570 1 596 1 825 1 871 3 817 2 922 3 370 2 621 1 61 1 163 1 334 1 382 1 89 1 195 1 198 1 1026 1 52 1 58 1 336 1 436 2 392 1 418 1 926 2 47 1 112 2 3 1 76 2 1025 1 48 1 44 1 49 1 34 2 17 1 208 1 81 2 262 1 92 1 109 1 119 2
50 9 17 554 1 322 3 349 2 474 1 533 1 547 1 536 3 551 1 524 1 662 1 498 1 734 1 670 1 695 1 717 2 54 1 1 1
61 10 18 70 1 117 1 241 1 415 1 225 2 111 1 174 1 322 1 626 1 647 1 737 1 598 1 809 2 493 1 475 1 410 2 752 1 537 1
//IdTournes NbColis
28 6
//IdColis IdCommandeInColis NbProducts IdProd1 QtyProd1 IdProd2 QtyProd2 ...
3 1 48 324 1 460 1 467 1 664 1 63 1 424 1 631 1 665 1 782 1 162 1 827 1 923 1 540 1 897 1 153 1 593 1 900 1 344 1 441 1 516 2 587 2 818 1 994 1 922 1 366 1 407 1 107 1 377 2 55 1 61 1 145 1 575 1 675 1 142 1 143 1 164 1 433 2 155 1 332 1 387 1 436 1 391 1 392 1 39 1 362 1 47 1 132 1 1 1
22 5 20 180 1 182 1 111 1 174 1 603 1 558 1 323 1 564 1 395 3 515 1 670 1 529 1 703 1 843 1 568 2 777 1 582 1 927 1 331 1 54 1
35 7 24 982 1 984 1 544 1 358 1 398 1 457 2 671 1 680 1 613 1 532 1 652 2 884 1 579 1 754 1 1015 1 698 1 64 1 230 1 324 2 773 1 620 2 122 1 280 1 328 1
54 9 24 122 1 324 1 963 1 885 2 601 2 328 1 711 1 573 3 784 1 786 1 849 1 814 3 388 3 54 1 63 2 883 1 303 2 383 1 404 1 666 1 638 1 736 3 552 3 197 1
62 10 23 752 1 815 1 846 1 451 1 452 1 766 1 816 1 523 1 502 1 845 1 754 1 776 1 559 1 586 3 64 1 768 1 411 4 110 1 118 1 121 1 231 1 324 2 1 1
106 16 28 526 1 325 1 423 1 451 1 452 1 671 1 457 2 770 1 888 1 425 1 427 1 627 1 579 1 1015 2 776 1 874 1 250 1 66 1 768 1 584 1 353 1 373 1 324 1 467 1 885 1 573 1 186 1 207 1
//IdTournes NbColis
29 6
//IdColis IdCommandeInColis NbProducts IdProd1 QtyProd1 IdProd2 QtyProd2 ...
121 18 20 958 1 537 1 627 2 497 1 835 1 697 1 765 1 652 2 579 2 776 1 559 3 586 1 699 2 768 1 411 4 373 1 41 2 161 1 324 1 207 1
131 19 28 411 1 136 1 161 1 169 1 324 1 771 1 620 1 573 3 612 1 552 2 408 1 617 1 464 1 821 1 957 1 646 1 594 2 616 1 954 1 443 1 738 1 557 1 980 1 540 1 401 1 389 1 499 1 92 1
146 23 28 892 1 984 2 358 1 654 1 457 1 649 1 766 1 427 1 390 2 698 1 699 1 543 1 324 1 328 1 578 1 256 2 187 1 552 1 665 2 617 1 396 1 406 1 461 1 824 1 327 2 923 1 344 1 207 1
154 25 24 992 2 423 1 398 1 671 2 816 1 613 3 697 1 698 1 912 1 359 1 324 1 460 1 885 2 601 1 612 1 664 3 388 2 131 1 883 1 1013 1 406 1 461 1 449 1 1 1
177 30 26 559 1 586 3 699 1 584 1 1000 1 411 1 324 1 963 1 692 1 388 3 591 2 883 2 957 1 936 1 400 1 721 1 616 1 597 1 824 1 557 1 479 2 401 1 651 1 150 1 165 1 389 2
182 31 26 1008 1 795 1 331 1 805 1 1005 1 355 1 361 1 399 1 628 1 410 1 669 1 358 2 649 1 770 1 794 1 844 1 953 1 288 1 697 1 373 2 324 1 467 1 620 1 41 1 131 1 370 1
//IdTournes NbColis
30 6
//IdColis IdCommandeInColis NbProducts IdProd1 QtyProd1 IdProd2 QtyProd2 ...
189 33 18 233 2 298 1 225 2 111 1 139 1 558 1 323 2 533 1 913 1 933 1 639 1 750 1 787 1 850 1 700 1 805 1 410 1 411 1
190 33 21 741 1 846 1 955 1 526 1 770 1 766 1 844 2 888 2 758 1 559 3 64 1 373 1 324 2 467 1 620 1 963 1 885 2 71 1 328 3 573 2 112 1
203 35 18 296 1 293 1 234 1 38 1 645 1 952 1 111 3 323 2 414 1 338 2 533 1 478 1 519 1 565 1 609 1 530 1 724 1 934 1
230 39 27 627 1 758 1 967 1 390 1 699 1 353 2 359 1 231 1 324 2 620 1 41 2 328 3 573 1 676 1 692 1 883 1 383 1 393 1 454 1 541 1 500 1 666 1 396 1 400 2 616 1 302 1 155 1
245 43 25 921 1 525 1 742 1 743 1 663 1 656 1 528 1 854 1 815 1 794 1 816 1 532 1 537 1 1015 1 390 1 559 1 586 1 699 1 411 1 118 1 137 1 170 1 324 1 467 1 146 1
261 46 23 297 1 183 1 35 1 225 1 290 1 865 1 323 1 338 1 609 1 567 1 503 1 703 1 843 1 809 1 582 1 694 1 700 1 805 1 410 2 892 1 595 1 794 1 129 2
//IdTournes NbColis
31 6
//IdColis IdCommandeInColis NbProducts IdProd1 QtyProd1 IdProd2 QtyProd2 ...
262 46 38 816 1 697 1 559 2 53 1 121 1 324 1 460 2 328 1 71 1 814 2 424 1 574 1 85 1 651 1 389 1 444 1 429 1 350 1 354 1 596 1 466 1 871 2 817 1 818 3 825 1 986 1 145 1 333 1 125 1 177 1 260 1 138 1 142 1 156 1 42 1 135 1 129 2 1 1
266 47 28 324 1 467 1 882 1 963 1 328 1 578 2 696 1 269 1 883 1 54 1 63 1 256 1 500 1 463 3 847 1 594 1 616 2 782 1 869 1 872 2 443 1 85 2 327 1 980 1 479 3 401 1 150 1 344 1
275 49 26 278 1 297 1 232 1 225 1 565 1 608 1 702 1 965 1 807 1 864 1 815 1 846 1 930 1 982 1 680 1 559 1 698 1 699 1 352 1 324 1 467 1 995 1 161 1 328 1 814 1 371 1
300 54 31 324 1 771 1 995 1 137 1 149 1 161 1 328 1 664 1 676 1 388 2 883 1 831 1 254 1 400 1 646 1 594 1 461 1 616 1 869 1 872 1 954 1 162 1 431 1 540 1 364 1 593 1 832 1 153 2 154 2 429 1 366 1
306 56 14 735 1 175 1 180 1 311 1 725 2 232 2 225 1 111 2 323 2 414 1 348 1 474 1 410 1 1 1
320 59 23 38 1 225 1 323 1 505 1 489 1 445 1 791 1 970 1 841 1 691 1 456 1 520 1 410 1 528 1 846 3 892 1 984 1 683 2 671 1 959 1 953 1 613 2 28 1
//IdTournes NbColis
32 6
//IdColis IdCommandeInColis NbProducts IdProd1 QtyProd1 IdProd2 QtyProd2 ...
321 59 26 425 1 427 1 559 2 586 1 699 1 874 1 353 1 324 2 467 1 620 4 963 1 885 2 328 1 612 1 71 1 692 1 591 2 883 1 393 1 404 1 665 1 463 1 617 1 619 1 396 1 9 1
367 71 23 752 1 797 1 892 1 910 1 325 1 544 1 423 1 789 1 770 2 794 2 958 1 425 1 427 1 390 1 776 1 586 1 699 2 543 1 584 1 411 4 324 1 388 1 112 1
368 71 22 324 1 771 4 467 2 882 2 885 1 711 4 692 1 814 2 388 1 591 2 883 1 54 1 403 1 541 1 666 1 463 2 847 1 936 1 396 1 400 1 616 1 443 1
381 74 24 1000 1 353 1 373 1 324 1 771 1 467 1 620 1 149 1 328 3 573 4 578 3 696 1 883 2 552 1 666 1 617 1 936 1 186 1 187 1 400 1 406 1 616 1 782 1 435 1
388 76 24 220 1 35 1 323 1 348 1 600 1 635 1 901 1 921 1 623 1 856 1 633 1 962 1 398 1 637 1 794 1 680 1 613 2 627 1 523 1 559 1 353 1 324 1 460 1 33 2
433 88 20 117 1 725 1 232 1 68 1 1029 3 603 1 323 1 660 1 662 1 530 1 780 1 589 1 856 1 409 1 753 1 822 1 846 4 398 1 671 1 248 1
//IdTournes NbColis
33 6
//IdColis IdCommandeInColis NbProducts IdProd1 QtyProd1 IdProd2 QtyProd2 ...
448 92 30 645 1 534 1 588 1 576 1 410 1 669 1 846 1 671 1 649 1 613 1 697 1 559 1 586 1 1000 1 353 1 324 1 110 1 328 1 573 2 692 1 462 1 814 1 447 1 454 1 500 1 638 1 485 1 1 1 129 1 33 1
451 93 27 558 1 686 1 648 1 632 1 901 1 688 1 793 1 691 1 422 3 409 1 992 1 924 1 352 1 324 1 771 1 578 1 676 1 814 1 388 1 256 2 541 1 666 1 619 1 616 1 782 1 107 1 89 1
461 96 24 35 1 323 1 489 2 635 1 701 1 493 1 582 1 700 1 944 1 911 1 410 1 846 2 526 1 452 1 613 1 467 2 462 1 814 1 424 2 393 2 254 1 616 1 370 1 50 1
7 2 22 410 2 572 2 656 1 797 1 526 1 325 1 451 1 457 1 862 1 613 2 801 1 586 1 699 1 353 2 118 1 467 1 328 1 573 3 784 1 578 1 849 1 56 1
52 9 22 902 1 580 1 656 1 752 1 409 1 410 1 928 2 846 1 956 2 978 1 982 1 325 1 358 1 710 2 728 1 450 2 789 2 671 1 595 1 654 1 67 1 1 1
66 11 14 175 1 220 1 108 1 298 1 296 1 234 2 225 1 111 1 558 1 414 2 505 1 534 2 489 1 543 1
//IdTournes NbColis
34 6
//IdColis IdCommandeInColis NbProducts IdProd1 QtyProd1 IdProd2 QtyProd2 ...
80 13 26 325 1 544 1 683 1 649 1 794 1 288 1 613 3 640 1 427 1 642 1 610 1 749 1 884 1 796 1 975 1 559 1 586 1 699 1 874 1 250 1 230 1 353 2 149 1 240 1 963 1 578 1
89 14 20 1003 1 911 1 921 1 420 1 707 1 659 1 755 1 580 1 795 1 628 1 538 1 409 1 797 1 928 1 892 1 846 2 955 1 971 3 325 1 186 1
112 17 24 576 1 921 1 1004 1 755 1 518 1 833 1 1005 1 409 1 864 1 955 1 325 2 423 1 358 1 710 2 450 1 683 1 766 1 794 1 953 2 888 1 427 1 759 1 186 1 222 1
120 18 19 538 1 410 1 572 1 656 1 752 3 822 3 854 1 892 1 846 3 962 1 956 1 983 1 325 1 451 2 637 1 160 1 958 2 63 1 258 2
153 25 22 265 1 70 1 35 1 414 1 653 1 547 1 626 1 562 1 791 1 588 1 829 1 950 1 887 1 491 1 702 1 527 1 921 1 422 1 409 1 572 1 992 1 427 1
241 42 24 181 1 234 1 35 1 225 1 505 1 445 1 555 1 689 1 648 2 977 1 969 1 531 1 589 1 580 1 669 1 815 1 526 1 325 1 683 1 595 1 649 1 770 1 816 1 359 1
//IdTournes NbColis
35 6
//IdColis IdCommandeInColis NbProducts IdProd1 QtyProd1 IdProd2 QtyProd2 ...
251 44 24 928 1 984 2 526 1 325 2 423 2 358 1 613 1 427 1 559 2 699 1 359 1 121 1 460 1 110 1 328 1 578 2 664 3 462 1 591 1 63 1 550 1 541 1 464 1 986 1
271 48 21 524 1 498 1 522 1 756 1 843 1 887 1 890 1 969 1 970 1 493 1 568 2 582 1 948 1 456 1 966 1 520 1 538 1 410 3 325 1 1 1 129 1
279 50 24 960 1 919 1 493 1 582 2 589 1 979 1 893 1 921 1 805 1 409 1 410 2 656 1 892 1 325 1 423 1 358 1 683 1 794 1 766 1 427 3 697 1 66 1 109 1 129 1
293 53 28 982 1 971 2 526 1 325 1 733 1 457 2 649 1 770 1 914 1 915 1 637 1 959 1 816 1 929 1 613 1 642 1 614 1 967 1 64 1 66 1 67 1 353 3 373 1 460 1 118 1 256 1 1 1 129 1
298 54 20 117 1 311 1 415 1 38 1 35 1 414 1 338 1 426 1 445 1 562 2 791 1 830 1 843 1 859 1 630 2 568 1 682 1 576 1 694 1 129 2
335 62 19 582 2 589 2 326 1 795 1 520 1 572 1 752 4 928 1 815 1 910 1 892 2 325 1 544 1 452 1 794 1 765 1 754 1 586 1 85 1
//IdTournes NbColis
36 6
//IdColis IdCommandeInColis NbProducts IdProd1 QtyProd1 IdProd2 QtyProd2 ...
399 79 23 175 1 304 1 183 1 225 1 558 1 505 1 346 1 608 1 493 2 582 1 927 1 566 1 576 1 934 1 520 1 409 1 741 1 526 1 325 2 654 1 351 1 129 2 33 1
430 87 24 645 1 100 1 554 1 414 1 346 1 547 1 567 1 562 1 465 1 919 1 993 1 568 1 901 1 826 1 623 1 659 1 399 1 457 1 929 1 680 1 64 1 556 1 664 1 429 1
79 13 20 326 1 576 1 804 1 974 1 911 2 921 1 807 1 713 1 723 1 409 1 528 1 892 1 599 1 815 1 955 1 978 1 984 1 526 2 358 1 258 1
107 16 26 573 1 578 1 895 1 388 2 591 2 883 2 541 2 631 1 831 1 396 1 400 2 616 1 594 1 597 1 869 1 872 1 824 2 501 1 431 2 327 1 495 1 485 1 499 1 593 1 834 1 429 1
280 50 25 579 1 559 1 699 1 411 2 240 1 882 2 711 2 692 1 696 1 814 1 552 2 574 1 666 1 463 1 847 2 396 1 687 1 616 2 881 2 329 1 443 1 327 1 606 1 401 1 347 1
442 90 27 326 1 934 1 525 1 520 1 599 1 984 1 526 1 625 1 398 1 794 1 816 1 888 1 953 1 848 1 559 1 66 1 771 1 467 1 110 1 328 2 578 1 612 1 664 1 676 2 696 1 388 1 429 1
//IdTournes NbColis
37 6
//IdColis IdCommandeInColis NbProducts IdProd1 QtyProd1 IdProd2 QtyProd2 ...
13 3 25 772 1 526 1 457 1 770 1 595 1 888 1 758 1 586 2 51 1 41 1 110 1 121 2 136 1 149 1 771 2 467 1 885 1 328 1 488 1 578 2 664 1 814 2 43 1 617 1 429 1
18 4 29 833 1 753 1 599 1 526 1 468 1 654 1 457 2 671 1 595 2 794 1 844 1 816 1 953 1 160 1 425 1 502 1 731 1 161 1 773 1 467 1 328 1 488 1 732 1 814 2 388 2 424 1 541 1 107 1 1 1
73 12 29 423 1 625 1 595 1 816 1 613 2 584 1 353 2 373 1 149 1 240 1 460 1 773 1 620 1 885 1 71 1 328 3 612 1 696 1 591 1 883 2 424 2 552 1 574 1 665 1 831 1 85 1 107 1 28 1 33 2
91 14 30 828 1 559 2 259 1 353 2 247 2 301 1 231 1 460 1 467 1 620 1 601 1 71 1 328 1 814 1 388 4 43 1 300 3 269 1 303 1 591 1 883 1 254 2 186 1 187 1 393 1 500 1 408 1 638 1 463 1 129 2
122 18 20 122 1 280 1 137 1 149 1 771 3 467 2 882 2 885 1 71 1 328 2 711 1 573 5 786 1 814 2 388 2 256 1 421 1 736 1 783 2 479 1
138 21 23 410 1 633 1 752 1 797 2 671 1 637 1 595 1 929 1 523 1 390 2 699 1 874 1 51 1 352 1 359 1 136 1 620 1 882 2 963 1 328 3 573 3 696 1 33 1
//IdTournes NbColis
38 6
//IdColis IdCommandeInColis NbProducts IdProd1 QtyProd1 IdProd2 QtyProd2 ...
186 32 22 797 1 910 1 971 3 526 1 451 1 671 1 816 2 523 1 627 1 796 1 586 1 353 1 359 1 161 1 170 1 771 1 963 1 71 2 328 3 573 2 692 1 213 1
197 34 23 613 2 427 1 813 1 390 1 776 1 559 3 586 1 353 2 373 1 122 1 280 1 136 1 231 1 169 1 467 3 885 1 16 1 41 1 328 2 573 2 506 1 92 1 129 1
213 36 25 654 1 958 1 781 1 353 1 110 1 136 2 137 2 771 1 467 1 885 1 247 1 995 1 328 2 573 2 71 1 388 1 454 1 500 1 936 1 406 1 400 1 687 2 646 1 782 1 429 1
218 37 26 531 1 921 1 456 1 538 1 409 1 528 1 752 1 854 1 526 1 683 1 637 1 697 1 559 1 803 1 66 1 137 1 231 1 149 1 771 2 467 1 620 1 328 1 696 1 591 2 541 1 145 1
224 38 29 710 2 654 3 671 1 637 1 160 1 425 1 427 1 604 1 614 1 908 1 579 1 559 1 698 1 874 1 64 1 66 1 353 1 136 1 301 1 771 1 467 1 885 2 16 1 328 1 578 1 786 1 696 1 114 1 129 1
250 44 21 1014 1 312 1 304 1 35 1 139 1 558 1 564 1 522 1 609 1 648 1 830 1 809 1 969 1 702 1 901 1 886 1 833 1 422 1 669 1 753 2 328 1
//IdTournes NbColis
39 6
//IdColis IdCommandeInColis NbProducts IdProd1 QtyProd1 IdProd2 QtyProd2 ...
285 51 27 169 1 170 1 110 1 137 1 149 1 601 1 328 1 578 1 664 2 814 1 591 1 256 1 187 1 424 1 541 1 404 1 552 2 396 1 406 2 646 1 616 2 594 1 872 1 824 1 954 1 115 1 258 1
294 53 24 328 1 573 1 578 2 71 1 591 2 383 1 393 3 541 2 500 2 552 1 665 1 638 3 677 1 847 2 936 1 396 2 400 1 616 2 594 1 954 1 872 2 729 1 479 1 28 2
336 62 23 768 2 771 1 467 4 885 1 110 1 121 1 328 1 730 1 747 1 786 1 814 3 388 2 591 1 883 1 131 1 454 1 447 2 403 1 541 1 500 1 408 2 666 1 463 4
434 88 27 627 1 523 1 975 1 698 1 543 1 67 1 230 1 460 2 963 1 885 2 137 1 328 2 573 2 71 1 591 1 383 1 403 1 552 2 617 1 406 1 674 1 679 1 661 1 557 1 479 1 397 1 129 2
454 94 23 295 1 84 1 35 1 357 1 681 1 442 1 960 1 589 2 918 1 409 1 599 1 992 2 816 1 613 1 390 1 559 1 460 1 620 1 963 1 16 1 601 1 328 3 145 1
463 97 26 181 1 35 2 174 1 695 1 648 1 701 1 873 1 531 1 568 1 520 1 409 1 797 1 917 1 586 1 698 1 352 3 460 1 771 1 963 1 121 1 122 1 280 1 693 1 213 1 1 1 33 1
//IdTournes NbColis
40 6
//IdColis IdCommandeInColis NbProducts IdProd1 QtyProd1 IdProd2 QtyProd2 ...
49 9 16 297 1 224 1 183 1 296 1 234 1 285 2 293 1 725 1 778 1 38 1 330 1 225 1 174 1 496 1 554 1 211 1
150 24 28 451 1 452 1 794 1 813 1 903 1 559 1 586 1 698 1 768 1 448 1 773 1 578 1 591 1 883 1 447 1 454 1 500 1 396 1 594 1 616 2 597 1 954 1 872 2 329 1 443 1 738 1 504 1 33 1
176 30 25 933 1 841 1 876 1 566 1 921 1 420 1 723 1 580 1 456 1 472 1 797 1 544 1 358 1 649 1 770 1 595 1 898 2 844 1 427 1 719 1 758 1 828 1 390 1 63 1 92 1
77 13 12 233 1 117 2 180 1 291 1 257 1 311 2 183 1 225 1 111 1 139 1 942 1 331 1
233 40 24 725 1 521 1 35 1 338 1 346 1 515 1 522 1 529 1 530 1 555 1 964 1 702 1 918 1 527 1 694 1 1003 1 807 1 331 1 509 1 833 1 409 1 663 1 351 1 129 1
308 56 27 331 1 805 1 410 1 528 1 753 1 815 1 984 3 683 1 671 1 816 1 976 1 613 1 160 1 610 1 719 1 801 1 884 1 559 1 586 2 698 2 699 1 51 1 353 1 359 2 344 1 129 1 33 1
//IdTournes NbColis
41 6
//IdColis IdCommandeInColis NbProducts IdProd1 QtyProd1 IdProd2 QtyProd2 ...
325 60 23 919 1 925 1 630 1 918 1 402 1 682 1 787 1 331 1 518 1 456 2 805 1 422 2 476 1 409 1 924 1 457 1 637 1 1041 1 627 1 579 1 390 1 986 1 132 1
346 65 22 38 1 35 1 505 1 338 1 346 1 442 2 530 1 648 2 921 1 422 1 355 1 572 1 741 1 772 1 924 2 358 1 398 1 654 1 929 1 613 1 559 1 986 1
10 2 41 368 1 376 1 437 1 387 1 486 1 436 1 339 1 372 1 78 1 176 2 416 1 365 1 430 1 374 1 972 2 989 2 152 2 345 1 157 1 378 1 380 1 487 1 8 1 9 1 77 1 146 2 159 2 168 1 27 1 86 1 34 1 80 1 7 1 14 1 17 1 91 1 11 1 134 1 92 1 115 1 119 1
15 3 57 818 2 819 1 375 2 366 2 133 2 370 1 145 1 870 1 810 1 621 1 379 1 371 1 382 1 114 1 10 1 94 1 106 1 125 1 147 1 95 2 135 1 96 1 336 1 437 1 387 3 486 1 391 1 392 1 339 1 416 1 418 1 362 1 477 1 470 1 378 2 380 3 438 1 3 1 24 1 69 1 127 1 140 1 20 1 48 2 87 1 146 1 82 1 86 2 18 1 19 2 49 1 23 1 144 1 1 2 129 3 28 1 33 1
20 4 54 145 2 675 3 810 1 379 1 15 1 333 1 382 2 386 1 114 2 2 1 52 1 58 1 72 1 106 1 42 1 57 1 96 1 332 2 376 1 37 1 436 1 391 3 372 2 365 1 152 1 470 1 438 1 487 1 185 1 124 1 4 1 12 1 13 1 45 1 50 1 56 1 76 2 104 1 127 1 87 1 146 1 151 1 31 1 44 1 158 1 18 1 6 1 97 1 5 1 22 1 126 1 148 1 1 1 129 1
31 6 53 379 1 371 1 333 1 89 1 114 1 65 1 102 1 138 1 178 2 42 1 433 1 57 1 95 1 135 2 332 1 368 1 387 1 171 1 436 1 74 1 372 2 93 1 365 1 362 1 430 1 374 1 722 1 367 1 989 3 62 1 112 1 152 1 32 1 380 1 25 1 127 1 128 2 132 1 179 1 48 1 77 1 146 1 151 1 159 1 158 1 75 1 19 1 49 2 34 1 81 2 92 2 129 1 33 2
//IdTournes NbColis
42 6
//IdColis IdCommandeInColis NbProducts IdProd1 QtyProd1 IdProd2 QtyProd2 ...
46 8 55 333 2 382 1 89 2 114 1 484 1 198 1 106 2 147 1 238 1 46 1 57 1 218 1 73 1 116 2 135 1 332 1 376 2 387 1 486 1 203 1 37 1 391 1 392 1 339 1 173 1 362 1 477 2 751 1 972 4 189 1 47 2 989 1 112 1 345 2 212 1 380 2 342 1 8 1 199 1 214 1 101 1 104 1 179 1 87 1 146 2 200 1 30 1 44 1 75 2 86 1 49 3 11 2 204 1 193 1 33 1
58 9 51 113 2 114 2 484 1 195 1 198 1 40 1 52 2 58 2 125 1 138 1 143 2 281 1 178 1 46 1 42 1 433 2 307 3 202 2 205 1 95 1 309 2 332 1 336 1 368 2 437 1 387 3 987 2 203 1 436 2 391 5 392 3 372 2 79 2 93 1 235 1 722 1 739 1 751 1 306 2 367 1 988 4 112 2 130 2 152 1 212 1 32 1 287 1 185 1 342 2 4 1 109 1
69 11 45 406 1 616 1 782 1 594 1 869 1 954 1 431 1 923 1 540 1 150 1 166 1 458 1 215 1 103 1 466 1 871 2 817 1 366 1 29 1 55 1 857 1 810 1 333 1 382 1 221 1 114 1 106 1 46 1 332 2 480 1 37 1 392 1 339 1 235 1 365 1 47 1 152 2 345 3 380 1 3 1 4 1 13 1 24 1 25 1 129 1
75 12 55 818 1 825 1 922 2 366 1 236 1 990 1 377 1 370 2 575 1 857 1 870 2 114 1 198 1 99 1 229 1 147 1 46 2 42 1 433 1 218 1 135 1 96 1 336 1 387 1 391 2 392 1 339 1 235 1 416 2 365 1 374 1 430 1 972 1 988 2 989 1 112 2 345 3 470 1 438 1 342 1 3 1 4 1 194 1 13 1 199 1 21 1 87 1 146 1 168 1 75 1 18 1 49 1 34 1 208 1 239 1
83 13 44 58 1 72 1 260 1 263 2 106 1 147 2 706 1 433 1 205 1 209 1 135 1 332 1 336 2 368 1 483 1 436 1 392 1 62 1 112 1 130 1 378 1 385 2 8 1 3 2 197 1 24 1 69 1 132 2 251 1 48 2 77 1 87 1 146 1 249 2 158 1 310 2 255 1 82 1 18 1 7 1 91 1 26 1 92 1 109 3
94 14 40 436 2 39 1 416 1 365 1 418 4 722 1 972 2 212 1 172 2 470 2 8 2 3 1 50 1 210 1 56 1 219 1 76 1 90 1 127 1 132 1 283 1 251 1 20 2 21 1 48 3 146 1 159 1 222 1 44 2 83 2 27 1 255 1 7 1 14 1 17 1 239 1 23 1 204 2 81 1 126 2
//IdTournes NbColis
43 6
//IdColis IdCommandeInColis NbProducts IdProd1 QtyProd1 IdProd2 QtyProd2 ...
101 15 56 857 1 810 2 621 1 973 1 434 3 114 1 246 1 40 1 58 1 106 1 229 1 138 2 143 1 164 1 178 1 46 1 432 1 155 4 209 1 332 1 203 1 37 1 391 4 392 1 339 1 173 1 416 1 418 2 362 1 374 3 477 1 417 1 378 3 4 1 199 1 24 1 252 1 56 1 76 1 127 1 140 1 20 1 48 1 146 2 151 1 105 2 249 1 158 1 18 2 264 1 243 1 248 1 7 1 208 1 242 1 262 1
109 16 32 205 1 332 1 376 1 483 1 437 1 486 2 436 3 203 1 391 1 392 1 372 3 362 2 374 3 345 1 8 1 146 1 158 1 75 1 255 1 18 1 243 1 6 2 97 1 7 1 17 2 208 1 91 2 134 1 148 1 92 1 115 1 258 4
125 18 55 675 1 857 2 621 1 973 2 305 1 434 2 114 1 341 1 198 1 40 1 253 1 65 1 147 2 177 1 57 2 73 1 95 1 116 1 135 2 336 1 437 2 387 1 171 1 392 1 372 2 79 1 235 2 176 1 416 1 430 1 374 1 722 1 751 2 112 1 152 2 345 1 212 2 157 1 172 2 192 1 197 2 76 2 104 2 127 1 251 1 87 1 146 2 168 1 158 1 75 2 255 1 1011 2 7 2 211 2 245 1
140 21 43 675 1 857 1 196 1 333 1 114 1 40 2 52 1 123 1 138 1 46 2 42 1 155 2 209 1 57 1 116 1 135 1 96 2 332 1 368 1 376 1 37 1 391 3 392 1 339 1 372 1 362 1 367 1 989 1 345 2 172 1 13 1 104 1 25 1 179 1 87 1 146 1 1010 1 49 1 208 1 239 1 148 1 92 1 115 2
161 26 35 218 1 1024 1 332 2 336 1 480 1 436 1 391 3 392 2 79 1 173 1 416 1 365 2 418 1 362 1 374 1 345 2 378 1 380 1 487 1 385 1 8 1 13 1 24 1 25 2 87 1 226 1 146 1 151 1 255 1 18 1 273 1 7 2 148 1 245 1 144 1
166 27 23 440 1 391 1 392 1 416 1 374 2 381 2 972 2 926 1 378 1 385 2 69 1 87 1 146 2 105 2 44 1 49 1 34 1 248 1 17 1 134 1 148 1 245 1 244 1
//IdTournes NbColis
44 6
//IdColis IdCommandeInColis NbProducts IdProd1 QtyProd1 IdProd2 QtyProd2 ...
172 29 26 182 1 225 1 111 2 174 2 684 1 549 1 682 1 850 1 476 1 409 1 997 1 992 1 924 1 526 1 450 1 451 1 654 1 457 1 770 1 766 1 613 1 1000 1 122 1 280 1 460 1 332 1
174 29 24 79 1 173 1 416 1 972 2 112 2 470 1 90 1 140 1 283 1 266 1 219 1 146 1 159 1 249 1 44 1 82 1 34 1 248 1 7 1 134 1 126 1 115 1 144 1 1 1
178 30 41 458 2 593 2 832 2 539 1 360 1 757 2 823 1 871 1 935 1 133 1 347 1 370 1 377 3 163 1 675 2 857 3 870 1 29 1 61 1 196 6 333 1 89 2 113 1 114 3 484 1 99 1 106 2 246 1 40 1 52 2 433 1 1006 1 332 1 437 1 387 1 368 1 392 2 93 1 173 1 362 1 146 1
184 31 30 333 1 386 1 99 1 46 1 42 2 332 1 376 1 391 1 392 1 365 2 172 1 342 1 385 1 76 1 104 1 127 1 1012 1 56 1 87 1 88 1 146 1 75 1 86 4 19 1 49 3 148 1 245 1 144 1 258 1 28 1
193 33 32 253 1 46 2 343 1 433 1 1006 4 336 1 987 3 436 1 391 2 372 1 416 1 418 3 62 2 417 1 378 1 185 1 385 1 985 3 8 1 87 1 146 1 151 1 222 1 158 2 44 1 82 1 18 1 14 1 23 1 129 4 1 1 33 4
200 34 35 436 3 37 1 391 3 392 3 372 2 416 1 365 1 362 1 430 1 374 1 112 2 130 1 152 1 62 1 345 1 157 1 470 1 378 1 487 1 385 1 132 1 3 1 50 1 87 2 146 1 168 1 249 1 75 1 34 2 5 1 248 1 26 1 242 1 204 1 81 1
//IdTournes NbColis
45 6
//IdColis IdCommandeInColis NbProducts IdProd1 QtyProd1 IdProd2 QtyProd2 ...
210 35 49 987 1 203 1 391 4 392 1 78 1 416 1 362 1 477 1 367 1 988 3 989 1 112 1 130 2 152 2 212 1 417 1 378 2 487 1 385 1 985 3 8 1 104 1 127 1 128 2 132 1 13 1 197 1 25 1 45 2 146 1 151 1 48 2 87 1 226 2 30 2 44 1 86 1 49 1 34 2 7 1 208 1 11 1 22 2 204 1 245 2 129 5 1 3 28 1 33 1
215 36 33 371 1 434 2 386 2 106 2 147 2 270 1 246 1 198 1 135 1 57 1 73 1 95 1 332 1 336 2 391 3 392 1 79 2 362 1 430 1 988 1 146 1 151 1 87 1 75 2 82 1 18 1 97 1 148 1 188 1 109 1 92 1 144 1 119 2
227 38 57 99 1 433 1 135 1 209 1 95 1 96 2 332 3 336 2 437 1 387 2 368 1 37 1 391 2 392 1 416 1 362 1 430 1 751 1 972 3 367 1 112 1 152 1 62 1 385 1 124 1 127 1 128 1 283 1 266 1 192 1 197 1 24 1 25 1 219 1 69 1 76 1 179 1 146 1 159 1 168 1 20 1 21 1 48 1 191 1 158 1 75 1 82 1 206 1 243 1 34 1 7 1 273 1 134 1 204 1 81 1 245 1 115 1
232 39 25 372 1 416 1 39 1 418 1 374 1 381 2 751 1 345 1 380 2 385 1 104 1 4 1 194 1 69 1 179 1 87 1 146 1 226 1 105 1 30 1 44 1 49 3 245 1 193 1 33 2
236 40 32 810 1 333 1 89 1 123 1 125 1 143 1 177 1 46 1 57 1 332 1 391 3 392 1 365 1 510 1 374 2 739 1 380 2 8 1 127 1 128 1 132 1 13 1 252 1 69 1 179 1 146 1 87 1 88 2 226 2 86 1 19 1 126 1
253 44 20 416 1 365 1 430 1 381 2 972 2 989 2 62 1 380 1 342 1 127 2 128 1 3 1 199 1 69 1 179 1 146 1 87 1 86 1 148 1 119 1
//IdTournes NbColis
46 6
//IdColis IdCommandeInColis NbProducts IdProd1 QtyProd1 IdProd2 QtyProd2 ...
259 45 36 89 1 147 1 195 1 40 1 99 1 46 1 42 2 433 2 135 1 332 2 336 1 368 2 387 1 391 3 392 3 372 2 418 2 430 1 374 2 381 2 989 2 112 1 378 1 87 1 105 1 19 2 264 1 248 1 204 1 81 1 126 1 188 1 245 1 115 2 119 1 244 1
263 46 14 135 1 376 1 203 1 416 1 381 1 989 1 378 1 128 1 999 1 24 1 87 1 146 1 49 1 148 1
276 49 47 424 1 393 1 541 1 500 2 574 1 463 1 400 1 687 1 461 1 616 1 597 1 443 1 85 1 162 1 611 1 150 1 364 1 213 1 354 1 817 1 818 2 435 1 133 2 370 4 377 1 810 1 29 2 379 2 333 1 114 1 138 1 143 1 281 1 52 1 432 1 332 1 336 1 391 2 339 1 365 1 972 1 185 1 342 1 132 1 4 1 92 1 33 1
290 52 37 818 1 337 1 366 1 370 1 810 1 145 1 334 1 371 1 221 1 89 2 114 1 341 1 52 1 99 1 42 2 343 1 332 1 171 2 391 1 173 1 362 1 374 1 381 1 972 3 989 1 385 1 124 2 179 1 146 1 248 1 23 1 92 1 109 1 258 3 129 1 28 1 33 3
318 58 47 596 1 808 2 817 1 994 1 370 1 377 2 675 1 857 1 55 1 61 1 145 1 334 1 340 1 221 1 52 1 65 1 102 1 143 1 46 1 42 2 343 1 433 1 155 1 205 1 95 1 135 1 332 2 436 2 391 2 392 1 339 1 93 1 381 2 751 1 470 1 380 2 342 1 194 1 50 1 48 1 87 1 146 1 200 1 44 1 49 2 239 1 115 1
332 61 38 481 1 133 1 370 3 377 2 575 1 810 1 61 1 341 1 52 1 58 1 72 1 102 1 138 1 289 1 135 1 336 1 486 1 436 2 391 1 392 2 372 1 416 1 93 1 235 1 374 2 972 2 130 1 152 2 380 1 4 1 50 1 69 1 87 1 146 1 18 1 49 1 134 1 204 1
//IdTournes NbColis
47 6
//IdColis IdCommandeInColis NbProducts IdProd1 QtyProd1 IdProd2 QtyProd2 ...
338 62 49 377 2 986 2 675 1 857 2 141 1 145 1 334 1 371 2 333 2 221 2 89 1 260 1 263 1 99 2 138 2 143 1 42 1 343 1 155 1 1042 1 135 2 309 1 332 1 387 1 548 1 391 3 74 1 173 1 430 2 989 1 152 1 378 2 380 1 385 1 3 1 4 1 1040 1 25 1 48 2 87 1 146 1 248 1 81 1 245 1 144 1 244 1 258 1 1 1 129 3
348 65 34 466 2 871 2 818 1 922 2 407 1 990 2 507 1 370 3 377 2 341 1 65 1 260 1 138 2 432 1 433 1 440 1 486 1 171 1 391 1 392 1 416 2 365 1 418 1 972 1 989 3 378 1 380 2 13 1 199 1 87 1 146 1 19 1 49 1 26 1
356 67 45 466 2 817 1 935 2 922 1 375 2 133 1 377 1 986 1 575 1 163 2 379 1 382 2 89 2 10 1 195 2 40 1 260 2 106 1 125 1 138 1 46 1 42 1 432 1 205 1 95 1 332 1 376 1 372 1 374 1 381 4 972 1 342 1 8 1 266 1 199 1 25 1 69 2 48 1 87 2 146 1 86 1 18 1 248 1 204 1 81 2
370 71 45 507 1 377 1 196 1 386 2 434 5 40 2 52 1 94 1 143 1 281 2 42 1 205 1 135 1 332 2 336 3 368 1 376 2 987 2 37 1 391 3 392 3 372 2 430 2 477 1 988 5 345 2 378 1 197 1 199 1 48 1 87 1 226 1 222 1 255 1 82 1 264 3 248 1 80 1 26 1 81 1 148 1 92 2 109 1 244 1 33 1
377 73 54 814 1 424 1 617 1 618 1 619 1 677 1 936 1 400 1 616 1 594 1 954 1 479 1 611 1 165 1 817 1 818 2 825 1 986 1 621 1 29 1 55 1 334 1 221 1 58 1 260 1 99 1 143 1 46 1 42 1 57 1 73 1 332 1 387 1 436 1 391 1 1007 1 93 1 602 1 438 1 4 1 192 1 197 1 219 1 87 2 146 2 151 1 249 1 83 1 49 1 207 2 22 1 109 2 115 1 33 1
383 74 45 466 1 871 2 817 1 337 1 407 1 990 1 507 1 133 1 370 2 377 2 675 1 857 1 870 1 621 1 333 1 382 2 484 1 10 2 52 1 102 2 106 1 138 1 289 2 42 1 57 1 336 1 437 1 391 2 392 1 74 1 339 1 416 1 510 1 374 1 212 1 378 2 199 1 1025 1 48 1 146 1 255 1 82 1 92 2 129 3 33 4
//IdTournes NbColis
48 6
//IdColis IdCommandeInColis NbProducts IdProd1 QtyProd1 IdProd2 QtyProd2 ...
393 77 38 650 1 466 1 871 1 818 1 922 1 237 1 986 1 621 2 114 2 341 1 198 1 94 1 1045 1 123 1 125 1 433 2 332 1 387 1 391 1 392 1 93 1 926 3 342 1 8 1 13 1 25 1 45 1 1044 1 20 1 1025 1 48 1 87 1 226 1 146 1 75 1 148 1 262 1 193 1
397 78 50 624 1 394 1 585 2 650 1 818 2 825 1 871 2 922 1 237 1 370 1 621 1 870 1 163 2 371 1 15 1 333 1 382 1 221 1 433 1 96 1 332 1 336 2 376 1 387 1 436 1 37 1 171 1 372 1 418 2 477 1 374 1 381 2 989 1 62 1 345 1 999 1 210 1 283 1 179 1 88 1 226 1 146 2 159 1 31 1 83 2 82 1 5 1 11 1 211 1 33 1
405 80 50 150 1 165 1 760 1 900 1 335 1 351 2 360 1 583 2 878 1 808 1 366 1 347 1 377 1 379 1 973 2 15 2 333 1 434 2 386 2 221 1 89 1 114 1 58 2 281 1 42 1 73 1 368 1 440 1 387 1 486 1 436 1 391 2 392 1 416 1 418 1 374 2 367 1 988 2 470 2 378 1 192 1 24 1 25 1 90 1 87 1 151 1 30 1 82 1 91 1 115 1
411 82 41 466 1 817 1 818 3 819 1 931 1 871 1 228 1 370 1 986 2 810 1 145 1 334 1 333 1 114 2 484 1 40 1 52 1 99 1 106 1 125 1 138 1 143 1 437 1 436 1 391 3 392 1 372 1 416 1 62 1 112 2 130 1 380 1 25 2 127 2 128 1 132 1 87 1 146 1 200 2 158 1 75 1
426 85 30 810 2 621 1 141 1 145 1 340 1 15 3 221 2 114 1 106 1 177 1 46 1 437 1 387 1 372 1 416 1 362 1 430 1 374 1 381 2 194 1 101 1 128 1 179 1 87 2 146 1 5 1 248 3 193 1 129 1 33 2
429 86 31 354 1 360 1 585 3 587 2 871 1 107 1 370 1 986 1 371 1 333 2 89 1 114 1 341 1 72 1 94 1 106 1 433 1 332 2 657 1 392 2 365 1 39 1 989 1 130 1 378 1 283 1 146 2 273 1 208 2 204 2 81 1
//IdTournes NbColis
49 6
//IdColis IdCommandeInColis NbProducts IdProd1 QtyProd1 IdProd2 QtyProd2 ...
444 90 42 585 2 650 4 466 1 817 1 818 1 366 1 986 1 857 1 333 1 106 1 138 1 433 2 155 1 483 1 391 2 392 1 372 1 416 1 173 1 176 1 926 2 989 2 62 1 194 1 214 1 76 1 127 1 251 1 179 2 48 1 87 1 146 1 1036 1 19 2 49 1 5 1 248 1 208 1 1018 1 81 1 129 2 33 1
462 96 27 401 1 504 1 394 1 818 1 825 1 922 1 377 1 986 1 334 1 15 1 221 1 89 1 106 1 135 1 332 2 391 1 392 1 416 1 365 1 430 1 385 1 87 1 146 1 14 1 258 1 28 1 33 1
464 97 41 280 1 664 2 696 1 388 1 591 1 447 1 665 1 594 1 479 1 364 1 389 1 832 2 351 1 103 1 350 1 354 1 360 1 636 1 585 1 587 1 818 2 370 2 986 1 575 1 870 1 333 1 382 1 238 1 46 1 42 1 95 1 332 2 336 1 376 1 437 1 342 1 48 1 87 1 146 1 75 1 148 1
25 5 51 587 1 823 3 932 1 871 1 818 4 370 3 377 2 675 1 870 2 333 2 382 1 114 3 36 1 40 1 52 1 99 1 143 1 156 1 95 1 116 1 135 1 96 1 483 1 387 1 392 1 39 1 79 1 173 1 365 1 362 1 381 2 130 1 172 1 470 1 380 1 90 1 104 1 128 1 88 1 146 1 151 1 159 2 60 2 30 1 83 1 158 1 75 1 7 1 81 1 92 1 109 2
220 37 48 585 1 650 2 817 3 935 1 366 1 990 1 347 1 377 2 675 1 810 1 621 1 379 2 371 1 333 1 434 1 382 1 386 2 99 1 229 1 143 1 52 1 46 1 432 1 1006 1 299 2 116 1 135 2 440 1 486 1 391 2 79 1 235 1 365 2 39 1 418 2 430 1 988 1 345 1 378 2 342 1 69 1 87 1 88 1 146 1 82 1 244 1 1 1 28 1
240 41 22 818 1 370 1 575 1 675 1 29 1 334 1 164 1 376 1 437 1 381 2 926 1 130 1 212 1 380 1 342 1 128 1 146 1 87 1 158 1 243 1 28 1 33 1
//IdTournes NbColis
50 6
//IdColis IdCommandeInColis NbProducts IdProd1 QtyProd1 IdProd2 QtyProd2 ...
342 63 34 871 1 808 1 370 1 675 1 810 2 621 1 334 1 2 2 198 1 58 1 138 1 238 1 289 1 177 1 376 1 437 2 486 2 436 1 392 1 751 1 367 1 212 1 438 1 385 1 179 1 146 1 19 1 5 1 23 1 134 2 245 1 148 1 258 1 33 1
416 83 49 871 2 818 2 377 2 675 1 810 1 333 1 434 1 221 1 89 1 484 1 198 1 253 1 99 1 106 1 138 1 143 1 46 2 57 1 135 1 376 1 437 1 486 1 37 1 392 1 339 1 372 2 365 2 79 1 235 1 362 1 430 1 972 2 342 1 13 1 197 1 25 2 201 1 69 1 48 1 87 1 146 1 151 1 27 1 86 1 18 1 5 1 239 1 244 1 129 2
466 98 31 725 1 384 1 442 1 577 1 390 1 995 1 280 1 388 1 880 1 634 1 679 1 650 1 435 1 370 1 986 2 334 1 379 1 198 2 94 1 263 1 433 1 73 1 392 1 372 1 365 1 430 1 381 1 926 1 87 1 146 1 245 1
326 60 28 698 1 773 1 467 1 620 2 664 2 692 1 814 2 388 2 393 1 404 2 552 2 561 2 666 1 463 2 619 1 677 1 254 1 187 1 396 2 679 1 162 1 431 1 923 1 479 1 593 1 444 1 335 1 129 1
38 7 55 114 1 52 1 102 1 106 2 125 2 57 1 135 2 336 1 376 1 387 1 486 1 436 1 391 1 392 1 339 1 93 1 235 1 365 1 374 3 972 5 130 1 345 1 172 1 470 2 438 1 487 1 342 1 8 1 192 1 197 1 24 1 201 1 210 1 56 1 219 1 69 2 77 1 87 1 226 1 146 1 151 1 82 1 86 2 19 1 206 1 227 1 7 1 11 1 217 1 148 2 109 1 144 1 129 1 28 1 33 2
256 45 24 592 1 713 1 472 1 361 1 628 1 752 1 962 1 956 1 971 1 526 2 457 1 649 1 766 1 844 1 816 2 1041 1 425 2 627 1 697 1 579 1 796 1 776 1 506 1 262 1
//IdTournes NbColis
51 6
//IdColis IdCommandeInColis NbProducts IdProd1 QtyProd1 IdProd2 QtyProd2 ...
422 84 48 539 1 350 1 570 1 690 2 823 1 817 1 825 1 337 2 435 1 377 4 675 2 810 2 621 1 870 1 379 1 94 1 99 1 281 1 46 2 205 1 336 1 437 1 436 2 391 1 392 1 372 1 365 1 79 2 173 1 362 1 430 2 374 1 989 1 212 2 385 1 8 1 21 1 48 2 77 1 87 2 146 1 255 1 80 1 245 1 126 1 148 2 28 1 33 4
57 9 31 350 1 354 1 394 5 446 1 570 2 690 2 587 1 650 3 823 1 817 1 704 1 337 2 366 2 407 1 228 1 237 1 347 2 370 4 535 1 61 1 163 1 145 1 857 2 621 1 340 1 371 3 196 6 434 2 386 1 92 1 1 1
72 12 20 489 1 519 1 717 1 530 2 582 2 886 1 512 1 826 1 804 1 965 1 623 1 833 1 520 1 409 1 410 2 846 3 526 1 423 1 337 1 28 2
222 38 18 278 1 265 1 84 1 952 1 111 2 225 1 338 2 348 2 357 1 547 1 489 1 712 1 405 1 465 1 925 1 582 2 939 1 337 1
438 89 30 992 1 924 1 423 1 649 1 770 1 766 1 844 1 523 1 845 1 559 1 586 1 698 1 66 1 230 1 460 1 885 1 41 1 664 2 43 1 453 1 541 1 500 1 665 1 619 1 831 1 616 2 869 1 501 1 557 2 337 1
12 3 21 184 1 117 1 38 1 645 1 111 2 174 1 338 1 478 1 609 1 648 2 767 1 493 1 630 1 702 1 918 1 921 1 422 1 476 1 520 1 409 1 479 1
//IdTournes NbColis
52 6
//IdColis IdCommandeInColis NbProducts IdProd1 QtyProd1 IdProd2 QtyProd2 ...
457 95 23 338 1 681 1 478 1 489 1 648 1 809 1 568 1 863 1 592 1 868 1 966 1 472 1 761 1 864 1 599 1 678 1 846 1 984 2 625 1 654 1 671 1 457 1 546 1
115 17 44 376 1 483 1 392 2 339 1 173 1 362 1 430 1 374 2 62 2 112 2 130 1 345 1 470 1 124 2 24 1 25 1 69 1 127 2 128 1 132 1 179 2 48 1 226 1 159 1 146 1 30 1 83 1 158 1 75 2 310 2 18 2 19 1 49 3 34 1 208 1 91 3 204 1 81 1 245 1 148 1 109 1 129 1 28 1 33 3
148 23 10 436 1 391 2 392 1 339 1 510 1 972 1 101 2 87 1 146 1 81 3
179 30 25 430 1 722 1 345 4 287 1 378 1 342 1 50 1 127 1 132 1 199 1 45 1 251 1 77 1 88 1 226 1 159 1 48 1 60 1 249 1 227 1 49 1 243 1 248 1 7 1 81 1
296 53 59 370 2 870 1 145 1 163 1 340 1 261 1 371 2 196 1 382 1 386 2 221 1 89 1 114 2 10 1 40 1 52 1 58 1 65 1 72 1 94 1 99 2 229 1 46 1 42 1 433 2 307 1 135 1 387 1 368 1 436 2 37 1 391 1 392 1 74 1 372 2 365 1 93 1 374 1 988 1 306 1 345 1 378 1 380 2 32 1 124 1 9 1 127 1 48 1 146 1 222 1 75 1 82 2 86 1 19 1 248 1 22 1 115 1 119 1 33 2
4 1 13 989 1 345 1 470 2 487 1 21 1 146 1 159 1 105 2 86 1 7 1 91 1 26 1 109 1
//IdTournes NbColis
53 6
//IdColis IdCommandeInColis NbProducts IdProd1 QtyProd1 IdProd2 QtyProd2 ...
152 24 20 79 1 365 1 430 2 374 1 972 1 988 1 345 1 172 1 380 3 25 1 69 1 48 1 87 1 146 1 255 1 49 1 208 1 109 1 244 1 33 1
170 28 34 434 1 382 1 386 1 114 1 209 1 391 2 392 1 39 1 79 1 235 1 365 1 430 1 989 2 345 1 172 1 470 1 438 1 252 1 128 2 132 1 4 1 9 1 25 1 69 1 87 1 146 1 1016 2 158 2 49 1 97 1 248 1 239 1 244 1 1 1
188 32 14 926 1 345 2 212 1 438 1 132 1 999 1 3 1 4 1 179 2 87 1 146 1 200 1 81 1 245 2
133 19 38 52 1 65 1 125 1 156 1 270 2 57 1 73 1 96 1 387 1 486 2 436 2 391 1 392 1 79 1 418 1 510 1 722 1 972 1 989 3 130 1 152 1 380 1 438 1 487 1 8 1 210 1 90 1 101 1 128 1 87 1 88 1 226 1 146 1 227 1 7 1 217 2 129 1 33 1
202 35 11 271 1 294 1 295 1 278 1 233 1 292 1 297 1 241 1 304 1 70 1 418 1
248 43 23 418 1 430 1 739 1 470 1 378 2 380 1 128 1 3 1 25 1 219 1 87 1 88 1 226 1 151 1 83 1 82 1 18 1 19 1 49 2 248 1 245 2 92 2 109 1
//IdTournes NbColis
54 6
//IdColis IdCommandeInColis NbProducts IdProd1 QtyProd1 IdProd2 QtyProd2 ...
1 1 21 184 1 108 1 84 1 120 1 384 1 111 2 100 1 174 1 562 1 843 1 919 1 419 1 568 1 582 1 527 1 811 1 1003 1 807 1 580 1 896 1 444 1
255 45 20 626 1 529 1 724 1 780 1 945 1 961 1 919 1 964 1 809 1 981 2 419 1 639 1 493 1 630 1 568 2 702 1 700 1 592 1 752 1 146 1
340 63 26 35 1 174 1 558 1 348 1 551 1 530 1 774 1 419 1 493 1 589 1 901 1 549 1 902 1 833 1 422 2 864 1 599 1 992 1 924 1 523 1 845 1 903 1 559 1 352 1 359 1 1023 1
358 68 30 225 1 111 1 419 1 589 1 592 1 580 1 805 1 966 1 572 1 595 1 586 1 584 1 467 1 231 1 578 2 383 1 393 1 550 1 404 1 254 1 406 1 461 1 594 1 401 1 590 1 593 1 150 1 444 2 370 1 45 1
441 90 23 233 1 98 1 35 1 139 1 865 1 357 1 653 1 668 1 455 1 626 1 565 1 608 1 648 1 465 1 774 1 820 1 419 1 493 1 568 1 582 2 589 1 54 1 1 1
40 8 11 471 1 233 1 175 1 284 1 298 1 304 1 224 1 311 2 296 1 38 1 110 1
//IdTournes NbColis
55 6
//IdColis IdCommandeInColis NbProducts IdProd1 QtyProd1 IdProd2 QtyProd2 ...
157 26 18 471 1 278 1 279 1 275 1 285 1 521 1 35 1 547 1 442 1 455 1 515 1 530 1 843 1 873 1 744 1 630 2 568 1 370 1
419 84 16 635 2 875 1 598 1 945 2 933 1 809 2 925 1 979 2 549 1 566 1 682 1 750 1 787 1 944 1 420 1 371 1
316 58 22 278 1 298 1 304 1 225 1 496 1 349 1 503 1 577 1 859 1 887 1 493 1 856 1 422 1 475 1 409 1 854 1 678 1 888 1 1041 1 497 1 502 1 758 1
403 80 23 384 1 35 1 225 1 877 1 349 1 524 1 530 1 562 1 867 1 809 1 887 1 514 1 568 1 582 1 589 1 694 1 965 1 902 1 921 1 856 1 779 1 956 1 112 1
34 7 21 576 1 785 1 694 1 688 2 807 1 472 2 422 1 355 1 409 1 410 1 663 1 753 1 941 1 892 1 599 1 992 2 1034 1 978 1 982 1 145 1 1 1
42 8 21 843 1 493 1 589 1 841 1 702 1 886 1 549 1 566 1 527 1 799 1 804 1 793 1 700 1 921 1 893 1 807 1 472 1 361 1 410 2 928 1 221 1
//IdTournes NbColis
56 6
//IdColis IdCommandeInColis NbProducts IdProd1 QtyProd1 IdProd2 QtyProd2 ...
105 16 19 969 1 568 1 582 3 894 1 571 1 826 1 893 1 713 1 691 1 472 1 520 1 399 1 409 3 410 2 797 1 822 1 971 2 186 1 87 1
380 74 20 582 1 841 1 527 1 921 1 472 1 409 3 410 2 528 1 753 2 837 1 892 1 846 3 971 1 526 1 683 1 425 1 559 4 186 1 87 1 129 1
414 83 22 723 1 868 1 472 1 410 2 752 1 815 1 846 1 956 1 457 1 671 1 794 1 766 1 953 1 160 1 754 1 967 1 390 1 776 1 586 3 467 2 620 2 370 1
63 10 27 771 1 467 3 620 1 885 2 573 3 786 1 696 1 814 1 388 1 591 1 883 1 574 2 665 1 831 1 396 1 687 2 594 1 616 1 869 1 872 1 431 2 651 1 499 1 351 1 223 1 124 1 129 1
168 28 27 422 1 399 1 656 1 797 1 928 2 955 1 599 1 450 1 654 1 683 1 770 1 953 1 888 1 758 1 579 1 685 1 796 1 1015 1 559 1 586 1 64 1 768 1 66 1 467 1 620 1 351 1 258 2
246 43 28 467 1 620 1 885 2 573 2 71 2 692 1 696 1 187 3 383 1 447 1 404 1 500 1 736 1 638 1 617 1 847 2 254 1 616 1 872 1 443 1 490 1 738 1 557 1 431 1 495 1 459 1 740 1 351 1
//IdTournes NbColis
57 6
//IdColis IdCommandeInColis NbProducts IdProd1 QtyProd1 IdProd2 QtyProd2 ...
309 56 28 460 1 771 1 467 1 620 1 963 1 885 1 59 1 578 2 696 1 814 2 388 3 591 1 883 2 383 1 403 1 404 1 665 1 638 1 463 1 831 1 677 1 396 1 687 1 594 1 872 1 443 2 492 1 351 1
421 84 31 573 2 786 1 591 1 454 1 631 1 403 2 736 3 552 1 638 2 957 1 396 1 406 1 461 1 594 1 616 2 597 1 869 1 839 1 431 2 302 1 397 1 401 1 651 1 485 1 897 1 458 1 760 1 351 1 369 1 539 1 262 1
44 8 24 559 1 586 1 699 1 53 1 67 2 768 1 353 3 373 2 773 1 620 1 963 1 122 1 573 2 814 1 388 3 591 1 883 1 831 1 847 1 396 1 400 1 406 2 594 1 782 1
68 11 27 928 1 955 1 451 1 683 1 888 1 680 2 613 1 796 1 858 1 586 1 698 2 803 1 352 2 353 1 190 1 149 1 460 1 664 1 814 1 383 1 404 1 561 1 665 1 463 1 638 1 936 1 85 1
159 26 29 352 1 110 1 121 1 149 1 771 1 620 2 885 1 664 3 676 1 814 1 388 1 63 1 591 1 424 1 454 1 550 1 561 1 665 2 463 1 936 1 616 1 594 1 679 1 557 1 1023 2 479 1 397 1 611 2 130 1
330 61 23 410 2 928 1 846 1 930 1 910 1 971 1 526 3 794 1 697 1 390 1 559 1 543 1 768 1 353 1 460 1 773 1 467 2 620 1 885 1 170 1 578 2 388 1 109 1
//IdTournes NbColis
58 6
//IdColis IdCommandeInColis NbProducts IdProd1 QtyProd1 IdProd2 QtyProd2 ...
344 64 30 526 1 398 1 452 1 457 1 794 1 160 1 537 1 523 1 559 1 352 3 460 1 467 1 620 1 963 1 885 1 121 1 747 1 883 1 424 1 550 1 403 1 404 1 552 1 677 1 406 2 594 1 517 1 611 1 504 1 251 1
458 95 33 457 1 794 1 766 1 953 1 613 1 697 1 559 2 586 1 64 1 352 1 359 1 467 1 885 1 578 1 664 1 591 1 883 1 424 1 453 1 404 2 574 1 561 1 463 1 616 1 594 1 872 1 85 1 923 1 479 1 401 1 389 1 369 1 87 1
2 1 26 422 2 520 1 538 1 572 1 779 1 815 1 992 1 924 1 526 1 358 1 794 1 766 1 595 1 953 1 813 1 845 1 559 2 874 1 66 1 16 1 59 1 118 1 122 1 169 1 54 1 101 1
28 6 22 576 1 723 1 361 1 399 1 410 2 663 1 669 1 581 1 928 1 526 2 423 1 358 2 450 1 451 1 683 1 457 1 649 1 770 1 794 2 766 1 637 1 69 1
303 55 32 117 1 455 1 465 1 965 1 456 1 815 1 423 1 450 1 451 1 457 1 390 1 259 1 460 1 467 1 620 1 121 1 301 1 240 1 676 1 462 1 388 1 256 1 303 1 424 1 453 1 463 1 464 1 254 1 461 1 449 1 109 1 129 1
400 79 29 794 1 958 1 425 1 697 1 390 1 411 1 373 1 136 1 711 1 612 1 388 1 591 1 883 1 383 1 447 1 403 1 666 1 463 1 396 1 400 3 406 1 720 1 687 1 616 1 594 1 798 1 872 1 162 1 606 1
//IdTournes NbColis
59 6
//IdColis IdCommandeInColis NbProducts IdProd1 QtyProd1 IdProd2 QtyProd2 ...
43 8 22 815 1 846 1 892 1 971 2 526 1 358 2 450 1 451 1 654 1 457 1 671 1 770 1 794 2 680 1 953 2 937 1 958 1 425 1 523 1 903 1 559 4 129 2
142 22 25 272 1 554 1 547 1 555 1 562 1 964 1 793 1 965 1 805 1 966 1 553 1 892 1 599 1 924 1 358 1 452 1 457 1 649 1 770 1 929 1 559 1 64 1 16 1 167 1 86 1
158 26 24 582 1 901 1 811 1 899 1 1021 1 745 2 656 1 599 1 917 1 992 1 924 1 358 1 844 1 816 1 929 1 160 1 537 1 828 1 1015 2 874 1 66 1 247 1 107 1 1011 1
206 35 25 663 1 656 1 528 1 669 1 581 1 797 1 928 1 846 1 978 1 983 1 358 1 625 1 450 2 451 1 654 1 457 1 770 1 794 2 953 2 288 1 160 1 502 1 758 1 64 1 273 1
420 84 23 409 1 822 2 930 1 526 2 358 1 450 1 451 1 457 2 671 1 537 1 813 1 776 1 699 1 411 2 771 1 467 1 620 3 885 1 121 1 136 1 137 1 43 1 28 1
90 14 27 625 1 451 2 452 1 457 1 595 1 770 2 943 1 915 1 794 1 909 1 959 1 888 1 958 1 532 1 425 1 604 2 627 2 497 1 644 1 749 1 758 1 697 1 938 1 614 1 845 1 848 1 96 1
//IdTournes NbColis
60 6
//IdColis IdCommandeInColis NbProducts IdProd1 QtyProd1 IdProd2 QtyProd2 ...
272 48 26 669 1 892 1 770 1 959 1 816 1 929 1 888 1 532 1 425 1 610 1 523 1 697 1 967 1 64 1 373 1 467 3 882 1 885 3 59 1 280 1 578 1 71 2 591 2 54 1 114 1 33 1
360 69 25 174 1 564 1 522 1 567 1 598 1 582 1 901 1 1017 1 566 1 518 1 966 1 409 1 572 1 599 1 815 1 962 1 930 1 457 1 448 1 373 1 169 1 591 1 383 1 594 1 89 1
67 11 21 522 1 686 1 635 1 648 1 701 1 968 1 970 1 568 2 886 1 940 1 1004 1 893 1 525 1 805 1 833 1 361 1 628 1 669 1 854 1 207 1 129 1
164 27 26 409 1 656 1 992 2 398 1 457 2 770 1 888 2 613 2 425 1 642 1 758 1 884 1 559 1 673 1 467 1 995 1 836 1 676 2 388 3 393 1 447 1 403 1 665 1 646 1 546 1 6 1
196 34 20 1017 1 512 1 726 1 799 1 940 1 807 1 805 1 475 1 399 1 628 1 410 3 797 2 846 3 984 1 457 1 595 1 160 1 613 2 1000 1 129 1
238 41 24 233 1 35 1 174 2 442 2 565 1 608 1 609 1 530 1 703 1 691 1 361 1 409 1 992 1 984 1 526 1 613 1 160 1 427 1 559 1 586 2 698 2 388 1 112 1 1 1
//IdTournes NbColis
61 6
//IdColis IdCommandeInColis NbProducts IdProd1 QtyProd1 IdProd2 QtyProd2 ...
234 40 26 572 1 753 2 815 1 846 1 526 1 457 1 816 1 680 1 160 1 427 1 848 1 828 1 586 1 230 1 110 1 136 1 149 1 161 1 167 1 240 1 620 2 885 2 573 1 578 1 114 1 33 1
123 18 31 408 1 561 2 617 1 638 1 847 1 428 1 400 1 406 1 721 1 616 1 782 1 881 1 872 2 85 3 443 1 501 1 302 2 431 1 980 3 479 1 397 1 495 1 401 2 153 1 499 1 504 1 593 2 855 1 429 1 109 1 1 1
257 45 23 559 1 803 1 122 1 280 1 149 1 460 2 771 1 963 1 59 1 110 1 693 3 732 1 573 4 388 4 883 1 404 2 665 2 821 1 619 1 638 1 957 1 429 1 258 1
292 53 20 809 1 639 2 493 1 582 1 589 1 702 1 799 1 911 1 363 1 525 1 580 1 691 1 966 1 833 1 520 1 538 1 410 4 669 1 928 1 1 1
55 9 21 408 1 463 3 619 2 847 4 957 2 396 1 400 1 406 2 616 2 782 2 594 1 597 2 872 2 85 3 162 2 788 1 800 1 907 1 431 2 163 1 258 1
144 22 27 382 1 221 2 89 1 484 1 40 1 433 2 267 1 209 1 440 1 436 1 391 1 392 2 372 1 365 1 477 2 381 1 972 1 152 2 380 1 438 1 385 1 24 1 146 1 19 1 34 1 14 1 1 1
//IdTournes NbColis
62 6
//IdColis IdCommandeInColis NbProducts IdProd1 QtyProd1 IdProd2 QtyProd2 ...
395 78 22 278 1 233 1 84 1 111 2 626 1 648 1 830 1 809 1 589 1 622 1 1030 1 518 1 520 1 992 1 526 3 625 1 457 1 816 1 697 1 912 1 66 1 273 1
350 66 24 184 1 35 3 174 1 547 1 395 1 577 1 598 1 568 1 632 1 520 1 409 1 846 1 971 2 526 1 613 1 858 1 559 1 586 2 467 1 620 2 963 1 885 1 49 1 33 1
191 33 26 578 2 814 3 131 1 591 2 883 2 187 1 383 1 408 1 574 1 464 1 463 2 847 2 594 1 616 2 782 1 872 1 443 1 827 1 980 1 459 1 153 2 166 1 389 1 499 2 369 1 92 1
208 35 27 131 2 54 1 541 1 500 1 665 1 904 1 638 1 936 1 254 1 396 1 400 2 461 1 616 2 594 1 597 2 824 2 954 2 85 2 162 3 827 1 166 1 150 1 153 2 499 2 593 1 369 1 258 2
29 6 24 844 2 888 1 502 1 41 1 110 1 137 1 167 1 620 2 71 1 578 1 696 1 814 3 388 3 54 1 131 2 591 3 453 1 404 1 552 2 461 1 616 2 479 1 96 1 1 1
204 35 17 756 1 647 2 529 1 905 1 829 1 764 1 598 1 843 1 951 1 961 1 964 1 968 1 970 2 876 1 566 1 520 1 371 1
//IdTournes NbColis
63 6
//IdColis IdCommandeInColis NbProducts IdProd1 QtyProd1 IdProd2 QtyProd2 ...
136 20 20 372 2 381 1 172 1 380 1 266 1 45 1 50 2 76 2 104 1 127 1 128 1 199 1 24 1 25 1 87 1 146 1 168 1 158 1 86 1 245 1
274 48 25 972 2 380 2 438 1 8 1 132 1 3 2 199 1 251 1 179 1 1025 1 146 1 159 1 1016 1 83 1 158 1 75 1 310 1 14 1 17 1 273 1 1018 1 81 1 148 1 244 1 193 1
225 38 31 814 1 269 1 303 2 883 1 383 1 393 3 453 1 403 1 500 1 561 1 821 1 831 1 677 2 254 1 396 2 782 1 594 1 674 1 824 1 872 1 85 2 162 3 738 1 827 1 495 1 812 1 150 1 153 1 165 2 236 1 129 1
117 18 14 233 2 294 1 117 1 292 1 224 1 311 1 234 1 272 1 38 1 384 1 952 1 111 1 237 1 33 1
243 42 9 385 1 9 1 192 1 251 1 87 1 88 1 158 1 49 2 258 1
207 35 26 697 1 759 1 765 1 652 1 579 1 685 1 828 1 796 1 858 1 390 1 586 2 699 1 584 1 167 1 136 1 301 1 771 1 467 2 620 1 963 1 885 2 995 1 71 1 388 1 114 1 129 1
//IdTournes NbColis
64 6
//IdColis IdCommandeInColis NbProducts IdProd1 QtyProd1 IdProd2 QtyProd2 ...
313 57 32 581 1 815 1 846 2 955 1 526 1 586 1 66 1 773 1 467 2 620 1 885 1 190 1 121 1 388 1 393 1 404 1 500 1 665 1 619 1 936 1 254 1 687 1 646 1 824 1 501 1 557 1 162 1 495 1 389 1 499 1 92 1 28 1
446 91 28 181 1 285 1 645 1 558 1 670 1 1003 1 678 1 924 1 398 1 654 1 457 1 680 1 673 1 584 1 460 1 280 1 676 1 388 2 256 1 574 1 463 1 677 1 634 1 674 1 679 1 954 1 672 1 1 1
88 14 21 875 1 843 1 887 1 890 1 970 1 925 1 589 1 939 1 927 1 918 1 1017 1 979 1 512 1 682 1 785 1 688 1 850 1 592 1 889 2 971 1 129 1
437 89 22 521 1 645 1 225 1 865 1 442 2 515 1 522 1 667 1 609 1 530 1 648 2 780 1 830 1 977 1 964 1 809 1 702 1 901 1 456 1 928 1 1000 1 245 1
99 15 23 883 1 254 1 454 1 665 1 464 1 638 2 619 1 936 1 396 1 400 2 406 2 461 1 616 2 782 2 881 3 872 3 490 1 714 1 788 1 907 1 397 1 540 1 129 1
128 19 12 735 1 271 1 284 1 220 1 180 1 285 1 293 1 84 1 225 1 111 3 865 2 398 1
//IdTournes NbColis
65 6
//IdColis IdCommandeInColis NbProducts IdProd1 QtyProd1 IdProd2 QtyProd2 ...
98 15 22 789 1 671 2 595 1 770 1 794 1 844 1 958 2 502 1 845 1 579 1 559 1 586 2 731 1 771 2 620 2 71 1 711 3 730 1 573 2 814 1 403 1 129 1
307 56 20 629 1 667 1 686 1 792 1 762 1 875 1 913 1 842 1 853 1 961 1 977 1 919 1 933 1 970 1 582 1 901 1 688 1 934 1 691 1 753 1
6 2 20 964 1 981 1 589 1 876 1 615 1 901 2 979 2 566 1 576 1 694 1 811 1 850 1 944 1 889 2 893 1 921 1 538 1 451 1 1 1 129 1
51 9 19 829 1 851 1 960 1 890 1 919 1 582 1 589 1 876 1 901 2 979 1 785 1 566 1 682 1 863 1 850 1 700 2 944 1 752 1 113 1
48 9 5 216 1 282 2 735 1 271 1 258 1
85 14 10 735 1 233 1 284 1 294 1 265 1 108 2 292 1 304 1 311 1 166 1
//IdTournes NbColis
66 6
//IdColis IdCommandeInColis NbProducts IdProd1 QtyProd1 IdProd2 QtyProd2 ...
156 25 19 989 1 197 1 25 1 69 1 48 1 87 1 146 1 151 1 44 1 200 1 1011 1 5 1 208 1 7 1 23 1 204 1 148 1 245 1 109 1
59 9 38 192 1 13 2 197 1 24 1 45 1 210 2 69 2 50 1 90 1 101 2 140 1 283 1 21 1 146 2 151 1 159 1 191 4 105 1 83 1 158 1 75 1 310 1 264 3 308 1 97 1 80 2 208 1 239 2 11 1 22 1 134 1 81 1 188 1 126 3 258 2 1 1 129 5 33 5
70 11 19 48 1 87 1 146 2 60 1 44 1 83 2 30 1 75 1 18 2 49 2 1011 1 17 1 91 1 23 1 134 2 81 1 217 1 1 6 33 1
277 49 13 3 1 12 1 197 1 199 1 104 1 146 1 168 1 87 1 200 1 86 1 49 2 134 1 245 1
268 47 21 283 1 4 1 194 1 214 1 69 1 90 1 146 1 48 1 87 1 1032 1 158 1 249 1 83 1 75 1 18 1 19 1 208 1 1018 1 211 1 148 2 193 1
126 18 4 7 1 239 2 245 1 148 2
//IdTournes NbColis
67 4
//IdColis IdCommandeInColis NbProducts IdProd1 QtyProd1 IdProd2 QtyProd2 ...
287 51 10 25 1 44 1 49 1 248 1 22 1 134 1 81 1 245 2 258 1 129 1
102 15 9 7 2 11 1 81 1 217 1 126 1 92 2 129 5 28 1 33 2
282 50 19 25 1 179 1 48 1 77 1 87 1 146 2 105 1 44 1 82 1 308 1 208 1 239 1 81 1 126 1 148 2 144 1 258 1 129 3 28 1
375 72 10 87 1 146 1 168 1 75 1 34 1 92 2 1020 1 258 1 129 3 33 1
