//NbTournees
3
//IdTournes NbColis
1 6
//IdColis IdCommandeInColis NbProducts IdProd1 QtyProd1 IdProd2 QtyProd2 ...
1 1 14 77 1 4 1 89 1 18 1 19 1 3 2 88 2 59 1 8 1 9 1 80 2 82 1 83 1 2 1
12 5 14 94 1 90 1 68 1 70 1 72 1 69 1 73 2 80 1 82 1 83 2 84 1 85 1 46 1 20 1
2 1 24 83 1 84 1 85 1 6 1 7 1 20 2 78 1 5 2 14 1 79 1 16 2 62 1 81 1 17 1 12 1 15 4 61 2 10 1 13 1 1 1 11 1 86 1 87 1 76 1
5 2 19 25 1 6 1 21 1 24 2 31 2 20 2 150 1 100 1 99 1 107 2 78 1 101 1 102 1 105 3 62 1 151 3 81 1 28 2 12 2
7 3 11 111 1 117 1 34 1 116 4 36 1 9 1 80 1 82 1 83 2 84 1 46 1
15 6 11 118 1 119 1 120 1 125 1 74 1 18 1 121 3 123 1 122 1 79 1 57 1
//IdTournes NbColis
2 6
//IdColis IdCommandeInColis NbProducts IdProd1 QtyProd1 IdProd2 QtyProd2 ...
10 4 21 59 1 55 1 31 1 135 1 132 1 101 1 105 2 133 2 51 3 122 1 131 1 56 1 49 4 52 1 128 1 129 1 134 1 12 2 30 2 58 1 47 2
17 7 12 24 1 136 1 137 1 138 1 140 1 139 1 142 1 79 1 12 1 10 1 141 1 143 2
18 8 11 146 1 145 1 137 1 138 1 140 1 139 1 148 1 144 1 47 2 147 3 149 1
4 2 11 98 1 108 1 3 2 23 1 8 4 9 1 80 2 82 1 83 2 84 1 29 1
11 4 15 53 2 33 2 50 1 57 1 60 2 10 2 48 2 13 1 11 1 86 1 54 1 126 1 103 2 130 1 127 1
13 5 22 6 1 20 2 95 1 64 1 91 3 93 1 51 1 5 1 62 1 92 1 65 1 66 1 67 1 58 1 97 1 33 1 63 1 61 3 10 2 71 1 96 1 54 2
//IdTournes NbColis
3 4
//IdColis IdCommandeInColis NbProducts IdProd1 QtyProd1 IdProd2 QtyProd2 ...
9 3 6 44 1 113 1 109 1 103 3 112 1 110 3
8 3 22 46 2 114 1 6 1 38 2 39 1 42 1 95 1 45 1 35 1 62 3 37 3 41 1 12 1 58 1 97 1 33 1 32 3 10 2 40 1 43 2 115 1 13 1
6 2 9 12 1 30 2 47 2 26 2 27 1 106 1 22 1 103 1 104 1
16 6 5 32 2 26 1 10 1 75 2 124 1
