//NbTournees
38
//IdTournes NbColis
1 6
//IdColis IdCommandeInColis NbProducts IdProd1 QtyProd1 IdProd2 QtyProd2 ...
6 1 25 275 1 287 2 271 2 148 1 22 2 1 2 43 2 101 1 113 1 115 1 45 2 385 1 192 1 300 1 295 1 334 3 67 1 111 1 335 2 367 2 299 1 265 1 269 1 137 1 172 1
10 2 7 196 1 114 1 2 1 15 1 51 1 52 1 358 1
18 3 8 114 1 2 1 24 1 103 1 15 1 64 1 78 1 46 1
25 4 10 153 1 245 1 2 1 97 2 13 1 68 1 137 1 46 1 136 1 135 1
34 5 21 189 1 113 1 115 1 45 2 273 1 497 1 3 1 300 1 190 3 118 1 295 1 293 1 262 1 491 1 317 1 67 1 21 1 345 1 436 1 380 1 504 1
36 6 10 4 1 20 1 29 1 49 1 10 1 134 1 137 1 46 1 136 1 135 1
//IdTournes NbColis
2 6
//IdColis IdCommandeInColis NbProducts IdProd1 QtyProd1 IdProd2 QtyProd2 ...
43 7 9 4 2 20 1 29 1 17 1 134 1 137 1 46 1 136 1 135 1
51 8 6 4 1 29 1 20 1 49 1 218 1 70 1
1 1 6 5 1 6 1 9 1 65 1 10 1 70 1
8 2 6 5 1 6 1 9 1 65 1 18 1 70 1
29 5 6 5 1 6 1 9 1 75 1 11 1 70 1
56 9 6 5 1 6 1 9 1 65 1 18 1 138 1
//IdTournes NbColis
3 6
//IdColis IdCommandeInColis NbProducts IdProd1 QtyProd1 IdProd2 QtyProd2 ...
63 10 6 5 1 6 1 9 1 65 1 18 1 126 1
70 11 6 5 1 6 1 9 1 83 1 11 1 138 1
75 12 6 5 1 9 1 49 1 65 1 11 1 138 1
80 13 6 5 1 9 1 49 1 83 1 18 1 138 1
85 14 9 5 1 6 1 9 1 75 1 11 1 438 1 134 1 137 1 46 1
90 15 6 5 1 9 1 49 1 65 1 11 1 70 1
//IdTournes NbColis
4 6
//IdColis IdCommandeInColis NbProducts IdProd1 QtyProd1 IdProd2 QtyProd2 ...
95 16 6 5 1 9 1 49 1 65 1 18 1 138 1
101 17 6 5 1 6 1 9 1 75 1 11 1 70 1
107 18 6 5 1 9 1 49 1 66 1 18 1 70 1
115 19 6 5 1 6 1 9 1 75 1 11 1 403 1
121 20 6 5 1 6 1 9 1 65 1 11 1 138 1
126 21 6 5 1 6 1 9 1 65 1 11 1 126 1
//IdTournes NbColis
5 6
//IdColis IdCommandeInColis NbProducts IdProd1 QtyProd1 IdProd2 QtyProd2 ...
132 22 6 5 1 6 1 9 1 65 1 11 1 70 1
137 23 8 5 1 6 1 83 1 39 1 15 1 185 1 134 1 137 1
144 24 6 5 1 6 1 9 1 83 1 11 1 138 1
150 25 6 5 1 9 1 49 1 83 1 18 1 70 1
155 26 6 5 1 6 1 9 1 65 1 10 1 138 1
160 27 11 5 1 6 1 9 1 83 1 11 1 367 1 134 1 137 1 46 1 136 1 172 1
//IdTournes NbColis
6 6
//IdColis IdCommandeInColis NbProducts IdProd1 QtyProd1 IdProd2 QtyProd2 ...
16 3 6 6 1 39 1 87 1 75 1 11 1 70 1
165 28 6 6 1 39 1 87 1 75 1 11 1 70 1
170 29 6 6 1 39 1 87 1 75 1 10 1 70 1
177 30 6 6 1 39 1 87 1 75 1 11 1 70 1
182 31 6 6 1 39 1 87 1 75 1 11 1 70 1
187 32 6 6 1 39 1 75 1 150 1 71 1 70 1
//IdTournes NbColis
7 6
//IdColis IdCommandeInColis NbProducts IdProd1 QtyProd1 IdProd2 QtyProd2 ...
78 12 21 298 1 443 1 170 1 86 1 275 1 457 2 43 1 101 1 115 1 139 1 156 1 360 1 154 1 26 1 295 1 335 1 382 1 454 1 255 1 265 1 269 1
111 18 23 306 1 315 2 303 1 169 1 252 1 309 1 316 1 105 2 69 1 182 2 275 1 34 1 148 1 391 1 199 1 318 1 43 2 101 1 113 1 115 1 210 2 385 1 293 1
197 33 21 13 1 69 1 68 1 275 1 125 1 347 1 223 1 47 1 96 1 124 1 176 1 115 1 139 1 295 1 363 1 67 1 111 1 474 1 269 1 446 1 266 1
254 43 13 119 1 84 2 8 2 40 1 349 1 362 1 347 1 43 1 101 1 115 1 45 2 351 1 258 2
11 2 8 72 1 63 2 82 1 8 2 30 1 84 1 319 1 134 1
21 3 27 362 1 184 1 424 2 199 1 43 2 101 1 113 1 115 1 45 2 420 1 418 1 413 1 417 1 396 1 412 1 321 1 422 1 226 1 7 1 21 1 409 1 415 1 419 1 410 2 137 1 136 1 135 1
//IdTournes NbColis
8 6
//IdColis IdCommandeInColis NbProducts IdProd1 QtyProd1 IdProd2 QtyProd2 ...
26 4 7 8 2 56 2 119 1 99 2 298 1 69 1 275 1
40 6 12 100 1 8 1 56 1 99 1 294 1 217 1 251 1 406 1 407 1 408 1 261 1 43 1
48 7 8 127 1 98 1 158 1 219 1 8 1 56 1 99 1 119 1
53 8 8 129 1 146 1 121 1 8 1 56 2 43 1 46 1 136 1
59 9 8 85 1 82 1 8 2 25 2 84 2 282 1 137 1 46 1
66 10 8 52 1 85 1 63 1 82 1 8 2 25 2 50 1 137 1
//IdTournes NbColis
9 6
//IdColis IdCommandeInColis NbProducts IdProd1 QtyProd1 IdProd2 QtyProd2 ...
77 12 10 153 1 114 1 8 1 30 2 84 1 42 1 137 1 46 1 136 1 135 1
81 13 7 65 1 66 1 129 1 91 1 8 1 303 1 46 1
92 15 10 153 1 114 1 8 2 30 2 84 1 134 1 137 1 46 1 136 1 135 1
98 16 8 15 1 72 1 63 2 51 1 82 1 8 1 333 2 346 1
109 18 7 153 1 114 1 24 1 109 1 16 1 8 1 21 1
110 18 10 8 1 30 1 56 1 84 2 42 1 298 1 313 1 159 1 68 1 311 1
//IdTournes NbColis
10 6
//IdColis IdCommandeInColis NbProducts IdProd1 QtyProd1 IdProd2 QtyProd2 ...
119 19 13 139 2 416 1 300 1 259 1 212 1 194 1 401 1 7 1 202 2 130 1 409 1 415 1 370 1
122 20 9 66 1 83 1 129 1 91 1 8 1 143 1 134 1 356 1 135 1
134 22 9 196 1 114 1 8 2 84 2 25 1 134 1 137 1 136 1 135 1
151 25 9 65 1 66 1 129 1 121 1 8 1 90 1 134 1 356 1 135 1
157 26 6 196 1 114 1 8 2 42 1 25 2 135 1
195 33 7 121 1 122 1 129 1 146 1 8 1 54 1 265 1
//IdTournes NbColis
11 6
//IdColis IdCommandeInColis NbProducts IdProd1 QtyProd1 IdProd2 QtyProd2 ...
199 34 6 29 1 49 1 20 1 83 1 218 1 48 1
200 34 11 121 1 122 1 129 1 146 1 8 1 481 1 134 1 137 1 46 1 136 1 135 1
202 34 24 13 1 277 1 23 1 55 1 216 1 120 1 124 1 176 1 115 1 139 2 292 1 337 2 256 1 321 1 48 1 53 1 377 1 382 2 255 1 485 2 487 1 490 1 488 1 370 1
206 35 12 121 1 122 1 97 1 218 1 8 1 56 1 227 1 265 1 137 1 46 1 136 1 135 1
211 36 7 153 1 245 1 17 1 97 1 8 2 252 1 265 1
217 37 7 129 1 121 1 97 2 8 2 55 1 297 1 46 1
//IdTournes NbColis
12 6
//IdColis IdCommandeInColis NbProducts IdProd1 QtyProd1 IdProd2 QtyProd2 ...
224 38 7 153 1 114 1 11 1 97 2 8 1 154 1 46 1
225 38 10 97 3 8 1 56 1 84 1 99 1 13 1 21 1 356 1 136 1 135 1
231 39 8 63 1 51 1 72 1 82 1 8 2 56 2 478 1 46 1
237 40 7 83 1 121 1 97 2 8 1 56 1 69 1 259 1
242 41 11 153 1 245 1 97 2 8 1 56 1 229 1 134 1 137 1 46 1 136 1 172 1
259 44 21 217 1 298 1 8 1 76 1 35 1 315 1 283 1 92 1 342 1 344 1 68 1 69 1 275 1 148 1 352 1 96 1 124 1 240 1 137 1 46 1 136 1
//IdTournes NbColis
13 6
//IdColis IdCommandeInColis NbProducts IdProd1 QtyProd1 IdProd2 QtyProd2 ...
60 9 17 298 1 42 1 13 1 40 1 170 2 303 2 282 1 336 1 304 1 271 1 287 1 27 2 96 1 43 1 101 1 115 1 319 1
58 9 7 196 1 114 1 15 1 63 2 51 1 61 1 134 1
209 36 6 9 1 29 1 49 1 65 1 10 1 138 1
215 37 6 9 1 29 1 49 1 65 1 11 1 70 1
222 38 6 9 1 29 1 49 1 66 1 10 1 138 1
228 39 6 9 1 29 1 49 1 65 1 11 1 138 1
//IdTournes NbColis
14 6
//IdColis IdCommandeInColis NbProducts IdProd1 QtyProd1 IdProd2 QtyProd2 ...
235 40 6 9 1 29 1 49 1 65 1 11 1 233 1
240 41 6 9 1 29 1 49 1 65 1 11 1 138 1
253 43 7 114 1 9 1 11 1 17 1 56 2 79 1 212 1
204 35 6 29 1 49 1 20 1 94 1 10 1 138 1
245 42 6 29 1 20 1 94 1 49 1 10 1 428 1
2 1 7 66 1 150 1 114 1 83 1 11 1 319 1 136 1
//IdTournes NbColis
15 6
//IdColis IdCommandeInColis NbProducts IdProd1 QtyProd1 IdProd2 QtyProd2 ...
9 2 6 66 1 83 1 91 1 129 1 11 1 77 1
23 4 6 20 1 29 1 49 1 65 1 11 1 138 1
33 5 16 298 1 19 1 282 2 69 4 271 2 275 1 287 2 57 1 149 1 148 1 81 3 347 5 43 1 101 1 136 1 135 1
44 7 5 49 1 65 1 83 1 146 1 11 1
57 9 6 66 1 83 1 129 1 91 1 11 1 432 1
64 10 6 66 1 83 1 91 1 129 1 11 1 138 1
//IdTournes NbColis
16 6
//IdColis IdCommandeInColis NbProducts IdProd1 QtyProd1 IdProd2 QtyProd2 ...
96 16 7 66 1 83 1 121 1 129 1 11 1 111 1 134 1
108 18 7 83 1 65 1 129 1 121 1 11 1 319 1 136 1
129 21 22 84 1 165 1 298 1 13 1 68 1 69 1 203 1 275 1 79 2 187 1 148 1 36 1 80 1 43 1 101 1 189 1 113 1 115 1 207 1 210 2 502 1 70 1
156 26 10 66 1 83 1 129 1 91 1 11 1 311 1 134 1 137 1 46 1 136 1
171 29 7 114 1 150 1 151 1 162 1 11 1 67 1 134 1
210 36 6 66 1 83 1 129 1 121 1 11 1 160 1
//IdTournes NbColis
17 6
//IdColis IdCommandeInColis NbProducts IdProd1 QtyProd1 IdProd2 QtyProd2 ...
212 36 9 56 2 99 2 119 1 298 1 13 1 40 1 170 1 315 1 57 1
4 1 8 82 1 25 2 28 2 165 1 298 1 84 1 305 1 46 1
19 3 7 64 1 51 1 85 1 183 1 28 2 73 2 262 1
20 3 14 165 1 112 2 40 1 277 2 282 2 227 1 157 1 400 1 69 1 271 2 275 1 287 2 12 1 325 1
32 5 7 82 1 28 2 73 2 25 2 165 1 267 1 46 1
71 11 11 65 1 66 1 150 1 91 1 28 1 333 1 134 1 137 1 46 1 136 1 135 1
//IdTournes NbColis
18 6
//IdColis IdCommandeInColis NbProducts IdProd1 QtyProd1 IdProd2 QtyProd2 ...
86 14 8 83 1 150 1 151 1 91 1 28 1 174 1 136 1 135 1
87 14 7 114 1 24 1 28 1 73 2 25 2 155 1 370 1
103 17 7 114 1 97 1 28 2 73 3 332 1 134 1 46 1
117 19 11 91 1 71 1 100 1 28 2 84 2 197 1 134 1 137 1 46 1 136 1 135 1
123 20 7 196 1 114 1 28 1 84 2 25 2 46 1 136 1
127 21 11 66 1 83 1 91 1 150 1 28 1 132 1 137 1 134 1 46 1 136 1 172 1
//IdTournes NbColis
19 6
//IdColis IdCommandeInColis NbProducts IdProd1 QtyProd1 IdProd2 QtyProd2 ...
128 21 6 114 1 131 1 28 1 25 3 84 1 213 1
139 23 7 114 1 82 1 85 1 64 2 51 1 28 1 300 1
140 23 8 28 1 73 2 25 2 165 1 298 1 170 1 355 1 282 2
145 24 7 91 1 65 1 66 1 150 1 28 1 303 1 46 1
146 24 6 114 1 28 1 84 3 25 2 13 1 43 1
161 27 6 65 1 66 1 150 1 91 1 28 1 143 1
//IdTournes NbColis
20 6
//IdColis IdCommandeInColis NbProducts IdProd1 QtyProd1 IdProd2 QtyProd2 ...
167 28 6 91 1 71 2 28 2 73 2 68 1 46 1
172 29 3 91 1 103 3 28 3
179 30 8 114 1 103 1 28 2 73 2 165 1 108 1 351 1 46 1
184 31 7 103 1 28 2 73 2 165 1 112 2 445 1 265 1
190 32 7 100 1 28 2 298 1 73 2 25 2 170 1 137 1
12 2 16 84 1 25 1 42 1 298 1 13 1 40 1 471 1 23 1 229 1 228 1 282 1 421 1 227 2 473 1 137 1 46 1
//IdTournes NbColis
21 6
//IdColis IdCommandeInColis NbProducts IdProd1 QtyProd1 IdProd2 QtyProd2 ...
39 6 7 16 1 63 2 51 1 72 1 82 1 98 1 13 1
46 7 7 215 1 245 1 62 1 147 1 15 1 13 1 489 1
54 8 24 99 1 217 1 298 1 13 1 31 1 69 2 157 2 275 1 187 1 101 1 113 1 115 1 45 2 144 1 387 1 383 1 312 1 295 1 262 1 21 1 377 1 328 1 265 1 135 1
73 11 28 13 1 267 1 155 1 68 1 275 1 343 3 301 3 280 1 96 1 43 1 101 1 44 1 189 1 115 1 139 1 321 1 295 1 262 1 393 1 67 1 111 1 21 1 265 1 366 1 269 1 211 1 477 1 479 1
83 13 21 13 1 464 1 88 1 68 1 69 1 275 1 148 1 467 1 43 1 101 1 113 1 115 1 210 1 441 1 295 1 317 1 478 1 21 1 436 1 265 1 269 1
97 16 10 153 1 114 1 24 1 97 2 13 1 68 1 137 1 46 1 136 1 135 1
//IdTournes NbColis
22 6
//IdColis IdCommandeInColis NbProducts IdProd1 QtyProd1 IdProd2 QtyProd2 ...
118 19 16 25 2 165 1 298 1 13 1 309 2 421 1 201 1 191 1 193 1 205 1 60 1 198 1 206 1 43 2 101 1 115 1
153 25 23 13 1 306 1 355 1 37 1 69 1 157 1 304 1 148 1 343 1 318 1 43 1 101 1 45 1 115 1 295 1 364 1 222 1 67 1 21 1 350 1 265 1 269 1 211 1
163 27 18 13 1 332 1 174 1 344 1 171 1 475 1 476 1 43 1 176 1 177 1 180 1 115 1 139 1 385 1 351 1 300 1 470 1 372 1
178 30 6 150 1 151 1 162 1 91 1 103 1 38 1
207 35 14 56 1 99 1 217 1 13 1 68 1 69 1 405 1 148 1 96 1 124 1 176 1 115 1 246 1 139 1
238 40 20 56 1 84 1 298 1 119 1 13 1 275 1 232 1 274 2 60 1 369 1 43 1 101 1 115 1 237 1 210 2 144 2 236 1 357 1 137 1 46 1
//IdTournes NbColis
23 6
//IdColis IdCommandeInColis NbProducts IdProd1 QtyProd1 IdProd2 QtyProd2 ...
243 41 22 56 1 99 1 119 1 298 1 13 1 378 1 275 2 343 2 96 1 124 1 176 1 115 1 139 1 341 1 295 1 118 1 293 1 364 1 67 1 21 1 377 1 331 1
258 44 7 29 1 20 1 218 1 56 2 99 1 13 1 21 1
27 4 13 40 1 281 1 148 1 115 1 43 1 101 1 139 1 360 1 295 1 21 1 335 1 265 1 269 1
31 5 7 114 1 152 1 64 2 51 1 85 1 40 1 509 1
124 20 25 298 1 42 1 40 1 281 1 305 1 397 1 108 1 402 1 106 1 69 1 235 1 275 1 220 1 148 1 96 1 43 1 101 1 115 1 139 1 326 1 329 1 295 1 262 1 145 1 265 1
135 22 24 25 1 42 1 298 1 74 1 40 1 68 1 69 1 230 1 304 1 148 1 43 1 101 1 113 1 45 1 115 1 295 1 494 1 495 1 302 1 226 1 293 1 386 1 67 1 21 1
//IdTournes NbColis
24 6
//IdColis IdCommandeInColis NbProducts IdProd1 QtyProd1 IdProd2 QtyProd2 ...
168 28 15 165 1 298 1 25 2 40 1 170 1 283 1 252 1 69 1 275 1 278 1 148 2 200 1 43 1 101 1 265 1
173 29 6 73 3 112 1 165 1 25 2 461 1 40 1
180 30 26 112 2 461 1 40 1 68 1 304 1 323 1 148 1 116 1 117 1 43 1 45 2 101 1 113 1 115 1 295 1 317 1 21 1 439 1 377 1 414 2 265 1 269 1 284 1 134 1 137 1 136 1
185 31 27 40 1 143 1 445 1 68 1 304 1 148 2 457 1 460 1 22 1 43 1 101 1 45 2 113 1 115 1 314 2 396 2 293 2 386 1 107 1 382 1 269 1 458 1 134 1 137 1 46 1 136 1 135 1
191 32 25 165 1 40 1 282 2 86 1 88 1 155 1 175 1 69 1 203 1 157 1 323 1 287 2 304 1 271 1 187 1 353 1 148 1 427 1 426 1 43 2 101 1 189 1 113 2 308 1 46 1
232 39 16 119 1 84 2 298 1 40 1 306 1 381 1 282 2 235 1 271 1 275 1 323 1 287 1 462 1 280 1 43 1 295 1
//IdTournes NbColis
25 6
//IdColis IdCommandeInColis NbProducts IdProd1 QtyProd1 IdProd2 QtyProd2 ...
104 17 10 56 1 25 3 165 1 298 1 76 1 35 1 89 1 252 1 367 1 136 1
116 19 6 66 1 83 1 150 1 114 1 71 1 77 1
82 13 10 153 1 114 1 30 2 84 1 42 1 298 1 134 1 137 1 136 1 135 1
152 25 8 153 1 114 1 30 2 84 1 42 1 298 1 46 1 136 1
194 33 6 29 1 49 1 20 1 83 1 218 1 138 1
251 43 10 29 1 49 1 65 1 66 1 97 1 134 1 137 1 46 1 136 1 135 1
//IdTournes NbColis
26 6
//IdColis IdCommandeInColis NbProducts IdProd1 QtyProd1 IdProd2 QtyProd2 ...
148 24 25 69 1 203 1 304 1 79 2 148 1 199 2 43 1 101 1 113 3 45 2 115 1 246 1 292 1 413 1 472 2 314 2 67 1 21 1 415 1 265 1 446 1 370 1 371 2 136 1 172 1
213 36 25 167 1 275 1 79 1 123 2 369 1 280 1 96 1 124 1 176 1 115 1 139 2 257 1 181 1 295 1 260 3 491 1 255 1 482 1 486 1 263 1 134 1 137 1 46 1 136 1 135 1
41 6 16 282 1 394 1 395 1 179 1 398 1 404 1 93 1 271 1 287 1 253 1 176 1 115 1 139 1 285 1 302 1 293 1
67 10 15 84 2 42 1 298 1 282 2 93 1 69 1 221 1 271 1 275 1 287 2 33 1 220 1 148 1 301 2 123 2
3 1 6 91 1 15 2 64 2 51 1 85 1 380 1
47 7 7 63 2 51 1 72 1 102 1 82 1 127 1 251 1
//IdTournes NbColis
27 6
//IdColis IdCommandeInColis NbProducts IdProd1 QtyProd1 IdProd2 QtyProd2 ...
102 17 6 66 1 150 1 91 1 83 1 71 1 178 1
133 22 7 66 1 83 1 91 1 129 1 71 1 455 1 46 1
188 32 7 151 1 162 1 91 1 87 1 71 1 67 1 134 1
189 32 7 114 1 51 1 15 1 85 1 64 2 183 1 265 1
248 42 9 14 1 72 1 82 1 56 2 141 1 239 1 217 1 271 1 137 1
37 6 5 94 1 146 1 121 1 122 1 97 1
//IdTournes NbColis
28 6
//IdColis IdCommandeInColis NbProducts IdProd1 QtyProd1 IdProd2 QtyProd2 ...
256 44 6 49 1 65 1 83 1 129 1 97 1 138 1
230 39 6 153 1 114 1 97 2 15 1 63 1 463 1
247 42 8 423 1 291 1 97 1 218 1 63 1 51 1 288 1 134 1
52 8 8 65 1 153 1 245 1 83 1 104 1 106 1 134 1 137 1
65 10 8 196 1 114 1 15 2 64 1 51 1 268 1 134 1 46 1
183 31 6 150 1 151 1 91 1 114 1 103 1 50 1
//IdTournes NbColis
29 6
//IdColis IdCommandeInColis NbProducts IdProd1 QtyProd1 IdProd2 QtyProd2 ...
166 28 7 150 1 114 1 151 1 162 1 41 1 21 1 134 1
220 37 22 210 1 292 1 383 1 257 2 243 1 58 1 290 2 295 1 260 1 262 1 386 1 21 2 249 1 379 1 382 1 388 2 265 1 269 1 384 1 266 1 134 1 136 1
38 6 6 291 1 129 1 153 1 147 1 14 1 281 1
30 5 8 83 1 151 1 91 1 150 1 15 1 157 1 134 1 137 1
138 23 9 75 1 150 1 151 1 91 1 15 1 155 1 46 1 136 1 135 1
24 4 7 83 1 129 1 146 1 121 1 17 1 67 1 134 1
//IdTournes NbColis
30 6
//IdColis IdCommandeInColis NbProducts IdProd1 QtyProd1 IdProd2 QtyProd2 ...
216 37 7 66 1 153 1 114 1 83 1 17 1 67 1 137 1
223 38 7 65 1 83 1 121 1 129 1 17 1 67 1 134 1
236 40 7 66 1 129 1 153 1 114 1 17 1 67 1 134 1
241 41 6 83 1 146 1 121 1 129 1 17 1 393 1
68 10 23 140 1 280 1 95 1 96 1 139 2 43 2 101 1 115 1 32 1 279 2 300 1 272 2 257 2 295 1 270 2 67 1 21 1 255 1 133 2 265 1 254 2 136 1 135 1
76 12 7 66 1 83 1 129 1 91 1 18 1 67 1 134 1
//IdTournes NbColis
31 6
//IdColis IdCommandeInColis NbProducts IdProd1 QtyProd1 IdProd2 QtyProd2 ...
91 15 6 66 1 83 1 129 1 91 1 18 1 430 1
229 39 7 66 1 83 1 129 1 121 1 18 1 67 1 134 1
218 37 5 56 3 84 3 298 1 119 1 35 1
13 2 35 234 1 271 1 275 1 287 2 465 1 362 1 475 1 22 1 128 1 224 1 225 2 375 1 466 1 96 1 43 1 101 1 115 1 210 2 472 1 288 1 469 1 256 1 312 1 321 3 238 1 118 1 295 1 226 1 21 1 377 1 468 1 359 3 265 1 269 1 211 1
61 9 14 139 2 314 3 326 1 257 3 433 1 295 1 142 1 434 1 67 1 111 1 21 1 328 1 136 1 135 1
93 15 21 84 1 42 1 298 1 68 1 69 1 275 1 125 1 123 1 96 1 124 1 176 1 115 1 139 1 295 1 67 1 21 1 130 1 436 1 359 1 265 1 269 1
//IdTournes NbColis
32 6
//IdColis IdCommandeInColis NbProducts IdProd1 QtyProd1 IdProd2 QtyProd2 ...
105 17 28 164 1 389 1 267 2 213 1 392 2 175 1 69 1 304 1 173 1 148 1 301 1 348 1 391 1 375 1 390 2 280 1 43 2 45 2 115 1 300 1 295 1 161 1 319 1 21 1 330 1 265 1 137 1 135 1
125 20 5 67 1 111 1 21 1 297 1 269 1
130 21 15 195 1 295 1 204 1 67 1 111 1 21 1 255 1 507 3 485 3 367 2 359 1 265 1 269 1 442 2 479 2
141 23 29 37 1 68 1 287 2 271 2 275 1 148 1 362 1 448 2 81 1 347 2 200 1 22 2 188 1 45 1 43 2 101 1 113 1 115 1 210 1 444 1 459 1 416 1 321 1 295 1 118 1 317 2 138 1 393 1 67 1
142 23 12 319 1 455 3 21 1 453 1 388 1 415 1 414 2 359 1 265 1 269 1 446 1 266 2
175 29 33 166 1 505 1 113 1 115 1 45 3 43 2 101 1 144 4 385 1 285 2 286 1 387 2 500 1 508 1 314 1 469 1 118 1 295 1 386 1 111 1 145 3 21 1 361 1 346 1 501 1 365 1 503 1 265 1 269 1 137 1 46 1 136 1 135 2
//IdTournes NbColis
33 6
//IdColis IdCommandeInColis NbProducts IdProd1 QtyProd1 IdProd2 QtyProd2 ...
192 32 12 115 1 45 2 337 1 396 1 429 1 295 1 21 1 366 1 269 1 431 1 136 1 172 1
233 39 19 101 1 113 1 115 1 210 2 226 1 478 1 111 1 21 1 451 1 324 1 436 1 431 2 365 1 265 1 269 1 211 1 137 1 136 1 135 1
239 40 13 231 1 354 1 238 2 295 1 358 1 111 1 21 2 265 1 269 1 359 1 284 1 136 1 135 1
226 38 23 119 1 298 1 59 1 267 2 68 1 69 1 275 1 264 1 96 1 43 1 176 1 115 1 139 2 273 1 286 1 296 1 288 2 357 1 256 1 411 1 295 1 118 1 414 1
5 1 16 84 1 332 1 159 1 305 3 306 2 381 1 333 1 282 2 86 1 88 1 69 1 191 2 157 1 186 2 319 1 134 1
147 24 18 25 1 165 1 89 1 164 1 277 2 471 1 90 1 483 1 252 1 197 1 132 1 480 1 86 2 155 1 68 1 409 1 134 1 137 1
//IdTournes NbColis
34 6
//IdColis IdCommandeInColis NbProducts IdProd1 QtyProd1 IdProd2 QtyProd2 ...
174 29 21 499 2 143 1 283 2 252 1 481 1 163 1 86 2 88 1 69 3 157 1 304 1 498 1 457 2 506 2 460 1 116 1 496 1 110 2 117 1 431 1 46 1
219 37 23 164 1 89 1 277 3 88 1 68 1 69 1 248 1 250 1 275 1 148 1 253 1 264 1 244 2 242 2 276 1 289 1 43 2 101 1 113 1 115 1 210 1 299 1 135 1
99 16 18 56 2 84 1 119 1 298 1 282 2 287 1 271 1 275 1 376 1 43 1 101 1 113 1 115 1 210 1 374 1 295 1 373 1 359 1
196 33 11 153 1 245 1 56 2 99 1 217 1 298 1 134 1 137 1 46 1 136 1 135 1
201 34 6 153 1 245 1 56 2 99 1 217 1 294 1
158 26 19 84 2 298 1 277 2 69 1 275 1 148 1 44 1 96 1 144 2 43 2 101 1 115 1 139 2 413 1 326 1 241 1 231 1 295 1 317 1
//IdTournes NbColis
35 6
//IdColis IdCommandeInColis NbProducts IdProd1 QtyProd1 IdProd2 QtyProd2 ...
45 7 5 121 1 129 1 153 1 214 1 97 1
205 35 7 153 1 245 1 129 1 146 1 97 1 67 1 134 1
246 42 6 121 1 122 1 129 1 153 1 97 1 428 1
252 43 5 83 1 129 1 121 1 153 1 97 1
257 44 7 146 1 121 1 153 1 245 1 97 1 67 1 134 1
17 3 7 150 1 151 1 162 1 91 1 103 1 67 1 134 1
//IdTournes NbColis
36 6
//IdColis IdCommandeInColis NbProducts IdProd1 QtyProd1 IdProd2 QtyProd2 ...
72 11 6 196 1 114 1 84 1 25 2 165 1 298 1
162 27 6 168 1 114 1 84 1 25 2 165 1 298 1
88 14 13 165 1 298 1 74 1 174 1 155 2 43 1 101 1 115 1 210 2 243 1 425 1 437 1 370 1
260 44 21 176 1 115 1 139 1 292 1 241 1 295 1 247 1 363 1 368 1 372 1 335 1 345 1 310 1 361 1 367 1 365 1 265 1 269 1 370 1 371 1 172 1
169 28 17 44 1 113 1 115 1 208 1 210 1 258 1 360 1 288 1 295 1 269 1 284 1 209 1 211 1 266 1 137 1 136 1 135 1
112 18 34 385 1 444 1 441 1 351 1 449 1 258 1 325 2 450 1 314 4 327 1 300 2 429 1 321 1 354 1 320 1 295 1 495 1 302 2 364 2 317 1 212 1 319 1 270 1 67 1 307 1 330 2 440 2 451 1 456 1 324 2 310 2 311 2 322 1 370 1
//IdTournes NbColis
37 6
//IdColis IdCommandeInColis NbProducts IdProd1 QtyProd1 IdProd2 QtyProd2 ...
49 7 17 298 1 315 1 406 1 407 1 484 1 282 1 179 1 394 1 395 1 398 1 404 1 271 1 287 1 176 1 115 1 124 1 139 1
249 42 13 294 1 381 1 282 1 287 1 435 1 124 1 176 1 115 1 139 1 414 1 46 1 136 1 135 1
113 18 13 322 1 328 3 452 2 299 1 265 1 331 1 431 1 447 2 442 1 134 1 137 1 46 1 135 1
227 38 4 263 1 265 1 269 1 399 1
159 26 9 409 1 415 1 133 1 359 1 447 1 265 1 269 1 339 1 209 1
14 2 2 136 1 135 1
//IdTournes NbColis
38 6
//IdColis IdCommandeInColis NbProducts IdProd1 QtyProd1 IdProd2 QtyProd2 ...
181 30 1 135 1
55 8 2 269 1 211 2
106 17 3 269 1 340 2 211 2
136 22 6 335 1 493 1 492 1 447 1 265 1 269 1
100 16 2 265 1 269 1
244 41 3 265 1 269 1 338 1
