//NbTournees
4
//IdTournes NbColis
1 6
//IdColis IdCommandeInColis NbProducts IdProd1 QtyProd1 IdProd2 QtyProd2 ...
3 1 23 98 2 211 1 48 1 115 1 126 1 94 2 140 2 146 1 223 1 21 1 66 2 78 1 158 1 84 1 34 2 123 2 88 1 90 1 1 1 58 1 76 1 261 1 173 2
11 2 36 147 1 151 1 176 1 263 1 130 3 2 1 236 1 244 2 247 1 70 2 224 1 169 2 177 1 251 1 275 1 249 2 256 1 257 1 174 1 167 1 170 1 175 1 184 2 270 2 225 1 274 1 171 4 193 2 207 1 229 1 272 1 166 1 239 1 264 1 242 3 243 2
16 3 36 38 2 50 1 80 2 116 1 33 1 113 1 121 1 187 2 188 2 233 1 100 2 130 2 2 2 93 4 244 1 138 2 246 2 251 1 275 1 265 1 168 1 175 1 184 1 192 1 172 1 193 2 191 1 278 1 190 1 268 2 232 1 262 1 242 3 243 2 173 3 267 1
21 4 32 10 3 62 2 85 1 95 1 197 1 263 1 2 1 93 1 138 2 246 1 177 1 37 1 203 2 234 1 168 1 175 1 184 2 248 1 201 1 171 4 205 1 208 1 191 1 272 1 268 2 281 1 239 1 277 1 202 1 232 1 242 3 243 2
20 4 23 97 1 98 1 86 1 183 1 19 2 161 1 200 1 230 1 3 1 84 2 54 1 88 1 90 1 216 2 255 1 273 1 44 2 6 1 50 1 61 1 80 1 89 2 204 1
8 2 17 139 1 60 2 156 1 75 3 67 1 4 2 91 1 92 1 15 1 45 1 124 2 136 1 214 1 217 1 14 1 174 1 165 2
//IdTournes NbColis
2 6
//IdColis IdCommandeInColis NbProducts IdProd1 QtyProd1 IdProd2 QtyProd2 ...
10 2 20 34 2 39 2 149 2 182 2 209 1 254 1 25 2 30 1 13 2 55 2 89 2 269 3 5 1 82 1 113 2 121 1 142 1 144 2 176 1 169 1
14 3 19 20 1 23 1 31 1 43 2 72 1 131 1 180 1 185 2 186 1 51 1 67 1 122 1 4 1 26 1 106 2 141 1 65 1 107 1 261 1
4 1 30 76 1 12 1 25 1 30 1 8 2 55 2 68 1 102 1 159 1 61 1 63 1 118 1 132 1 95 1 147 1 238 2 246 1 260 1 259 1 171 3 193 1 195 1 208 1 252 1 277 1 271 1 242 3 243 2 173 2 240 3
6 2 8 250 1 18 2 129 3 258 6 120 1 69 1 7 1 143 1
13 3 13 266 1 245 1 284 1 231 1 24 2 35 1 28 1 105 2 227 2 127 1 9 1 194 1 173 1
15 3 23 108 1 110 1 135 1 136 1 154 1 157 1 189 1 228 1 183 1 215 1 11 1 104 1 111 1 117 1 226 1 230 1 237 1 53 2 90 1 59 3 38 1 276 1 173 1
//IdTournes NbColis
3 6
//IdColis IdCommandeInColis NbProducts IdProd1 QtyProd1 IdProd2 QtyProd2 ...
7 2 18 47 1 181 1 253 6 40 1 17 1 43 1 71 1 74 1 83 1 112 1 152 1 210 1 213 1 185 1 221 2 222 1 41 1 16 1
18 4 9 18 1 24 1 258 6 32 1 49 1 69 1 199 1 253 5 170 1
2 1 18 179 1 180 2 212 1 218 1 219 1 222 1 101 1 156 1 103 1 119 1 65 1 125 1 150 1 153 1 97 2 154 1 22 1 193 1
1 1 21 282 1 283 1 279 1 280 1 128 1 57 1 109 1 23 1 29 1 31 1 36 1 83 1 133 1 134 1 137 1 163 1 178 2 42 1 27 1 170 1 241 1
9 2 21 52 1 94 2 114 1 126 1 148 2 155 2 206 1 215 1 66 3 79 1 111 1 145 1 160 1 161 1 162 1 164 2 220 1 237 1 34 1 56 1 165 2
19 4 19 253 1 46 1 77 1 81 2 43 2 72 2 73 1 83 1 198 1 180 2 219 1 235 1 51 1 87 1 196 1 45 1 64 1 65 1 96 1
//IdTournes NbColis
4 1
//IdColis IdCommandeInColis NbProducts IdProd1 QtyProd1 IdProd2 QtyProd2 ...
17 3 1 99 1
