//NbTournees
3
//IdTournes NbColis
1 6
//IdColis IdCommandeInColis NbProducts IdProd1 QtyProd1 IdProd2 QtyProd2 ...
68 2 12 175 1 143 1 166 1 196 1 211 1 213 1 212 1 112 1 84 1 208 1 198 1 29 1
6 1 20 180 1 194 1 226 1 227 1 228 1 235 1 57 1 173 1 59 1 123 2 185 1 186 1 237 1 175 1 233 2 1 1 25 2 34 3 164 1 204 1
3 1 15 78 1 102 1 7 1 101 1 6 1 11 3 51 1 2 1 241 1 27 1 240 2 47 1 234 1 5 1 218 1
4 1 17 5 3 114 2 181 1 230 1 118 3 183 1 192 1 113 2 117 1 22 1 109 1 171 1 232 1 239 1 9 1 129 1 138 1
9 1 12 116 6 223 1 107 1 189 1 49 1 209 1 24 4 33 5 92 1 130 1 197 1 77 1
13 1 42 8 5 19 4 56 6 115 2 10 1 15 1 168 1 178 1 147 1 198 1 3 1 28 1 37 2 127 3 217 1 131 1 65 1 216 1 29 6 83 1 193 1 96 2 105 2 68 1 76 1 67 1 75 1 77 1 145 1 188 2 98 1 190 1 64 1 95 1 74 1 167 2 205 1 104 1 71 5 134 1 153 1 165 1
//IdTournes NbColis
2 6
//IdColis IdCommandeInColis NbProducts IdProd1 QtyProd1 IdProd2 QtyProd2 ...
10 1 25 155 1 200 1 214 1 236 1 120 1 85 1 157 2 172 1 206 1 207 1 40 1 202 1 50 4 124 1 149 2 224 1 39 1 97 1 128 1 48 1 79 4 182 1 108 1 36 1 54 2
5 1 16 12 1 242 1 4 2 13 1 16 3 30 1 99 3 121 1 122 1 132 1 150 2 152 1 158 1 180 1 184 1 163 1
11 1 22 58 6 87 1 201 1 215 1 231 1 151 1 174 1 199 1 72 2 125 1 106 1 112 2 179 1 14 1 18 1 20 2 26 1 38 1 52 1 53 3 55 2 60 2
1 1 5 148 2 42 1 43 1 135 1 219 1
12 1 24 61 1 62 1 69 1 70 2 81 3 82 1 84 2 86 2 90 1 100 1 119 1 137 1 154 1 160 1 161 1 176 1 210 1 219 1 144 4 136 1 89 1 177 2 73 1 66 1
7 1 21 34 2 80 1 141 1 143 2 166 1 94 1 146 1 187 1 229 1 238 1 110 1 156 1 222 1 63 1 93 3 126 2 139 1 140 1 17 1 164 1 203 1
//IdTournes NbColis
3 2
//IdColis IdCommandeInColis NbProducts IdProd1 QtyProd1 IdProd2 QtyProd2 ...
8 1 15 142 2 162 1 169 2 170 1 191 1 195 1 221 1 225 1 159 1 21 1 23 3 88 1 91 2 116 3 220 1
2 1 11 31 1 32 1 35 1 41 1 45 1 103 1 133 1 44 1 46 1 111 2 12 1
