//NbTournees
14
//IdTournes NbColis
1 6
//IdColis IdCommandeInColis NbProducts IdProd1 QtyProd1 IdProd2 QtyProd2 ...
1 1 19 66 1 50 1 52 1 118 1 228 1 46 1 1 1 6 1 25 1 41 1 65 1 67 1 71 1 75 1 246 1 98 1 239 1 138 1 230 1
28 11 17 16 1 233 1 81 1 461 1 106 1 118 1 193 1 116 1 120 1 126 1 165 1 304 1 321 1 341 1 123 1 194 1 298 1
38 15 32 152 1 344 1 106 1 312 1 367 1 98 1 346 1 47 1 325 1 305 1 144 1 119 1 159 1 168 1 166 1 336 1 148 1 223 1 342 1 351 1 370 1 364 1 332 1 296 1 361 1 310 1 322 1 362 1 363 1 210 1 368 1 369 1
4 2 11 9 1 33 1 23 1 562 1 392 1 2 1 29 1 35 1 37 1 38 1 49 1
7 3 6 9 2 17 1 335 1 612 1 3 1 48 1
12 4 27 27 1 57 1 226 1 119 2 155 1 159 1 274 1 249 1 167 1 292 1 232 1 270 1 303 1 272 1 72 1 289 1 225 1 4 1 18 1 28 1 36 1 258 1 295 1 179 1 262 1 282 1 283 1
//IdTournes NbColis
2 6
//IdColis IdCommandeInColis NbProducts IdProd1 QtyProd1 IdProd2 QtyProd2 ...
5 2 42 64 1 146 1 240 1 338 1 358 1 55 1 445 1 350 1 172 1 78 1 257 1 119 1 217 1 30 1 630 1 167 1 578 1 231 1 238 1 223 1 5 1 270 1 121 1 300 1 351 1 647 1 216 1 415 1 181 1 372 1 289 1 503 1 20 1 213 1 294 2 219 1 198 1 287 1 295 2 174 1 416 1 282 1
32 12 32 119 1 159 1 83 1 117 1 167 2 313 1 230 1 185 1 276 1 302 1 243 1 319 1 205 1 298 1 306 1 301 1 181 1 18 1 316 1 318 1 82 1 284 1 191 1 294 2 222 1 198 1 273 2 260 1 261 1 262 2 282 1 283 1
34 13 41 155 1 247 1 83 1 97 2 114 1 119 1 248 1 278 1 323 1 235 1 167 1 259 1 204 1 148 1 253 1 104 1 5 1 205 1 135 1 340 1 250 1 288 1 269 1 296 1 216 1 256 1 280 1 254 1 209 1 307 1 318 1 252 1 255 1 264 1 327 1 197 1 263 1 208 1 279 1 219 1 73 1
41 16 12 154 1 313 1 641 1 127 1 306 1 456 1 220 1 405 1 279 1 222 1 295 1 297 1
42 17 12 349 1 266 1 44 1 245 1 353 1 302 1 5 1 365 1 210 1 326 1 212 1 373 1
43 18 20 392 2 105 1 203 1 149 1 404 1 166 1 393 1 281 1 5 1 410 1 288 1 384 1 415 1 195 1 191 1 189 1 213 1 414 1 219 1 287 2
//IdTournes NbColis
3 6
//IdColis IdCommandeInColis NbProducts IdProd1 QtyProd1 IdProd2 QtyProd2 ...
44 19 27 17 1 396 1 92 1 120 1 142 1 341 1 102 1 171 1 47 1 54 1 389 1 101 1 119 1 403 1 110 1 167 1 95 1 148 1 5 1 121 2 133 1 141 1 379 1 383 1 322 2 82 1 252 1
46 20 33 392 1 399 1 106 1 137 1 92 1 228 1 381 1 417 1 353 1 333 1 257 1 241 1 406 1 259 1 134 1 281 1 5 1 270 1 288 1 220 1 372 1 409 1 385 1 343 1 264 1 411 1 407 1 405 1 198 1 212 1 373 1 295 1 297 1
48 21 25 380 1 392 1 398 1 193 1 120 1 165 1 400 1 151 1 102 1 346 1 47 1 345 1 58 1 401 1 166 1 382 1 394 1 5 1 397 1 12 1 387 1 188 1 369 1 295 1 283 1
49 22 23 374 1 391 1 25 1 41 1 413 1 395 1 378 1 47 1 78 1 388 1 119 1 248 1 167 1 412 1 238 1 175 1 309 1 256 1 377 1 18 2 390 1 294 1 261 1
50 23 27 375 1 81 1 376 1 92 1 116 1 402 1 53 1 25 1 386 1 70 1 75 1 408 1 354 1 149 1 345 1 172 1 119 1 95 1 125 1 302 1 332 1 285 1 222 1 267 1 273 1 416 2 282 1
21 8 19 436 1 81 1 118 1 170 1 112 1 126 1 165 1 6 1 35 1 427 1 435 1 123 1 299 1 171 1 91 1 433 1 454 1 203 2 72 1
//IdTournes NbColis
4 6
//IdColis IdCommandeInColis NbProducts IdProd1 QtyProd1 IdProd2 QtyProd2 ...
20 7 36 145 1 423 1 110 2 161 1 190 1 125 1 162 1 223 1 183 1 205 1 133 1 141 1 462 1 178 1 421 1 220 1 384 2 216 1 86 1 457 1 307 1 327 1 210 1 211 1 182 1 196 1 215 1 184 1 201 1 208 1 213 1 442 1 279 2 198 1 212 1 282 1
31 12 19 66 1 329 1 45 1 120 1 308 1 92 1 112 1 356 1 37 2 299 1 128 1 330 1 266 1 44 1 55 1 325 1 172 1 311 1 339 1
52 24 31 349 1 429 1 192 1 47 1 109 1 172 1 226 1 131 1 404 1 159 1 418 1 166 1 422 1 406 1 127 1 319 1 270 1 121 1 300 1 434 1 89 1 220 1 457 1 316 1 450 1 265 1 275 1 368 1 279 1 451 1 261 1
15 5 17 60 1 7 1 13 1 82 1 650 1 651 1 617 1 197 1 506 1 182 1 196 1 494 1 215 1 213 1 279 1 294 1 222 1
29 11 34 371 1 237 1 171 1 338 1 242 1 47 1 325 1 245 1 109 2 113 1 130 1 315 1 320 1 331 1 119 1 241 2 248 1 168 1 217 1 652 1 249 1 95 1 134 1 328 1 303 1 175 1 462 2 309 1 372 1 7 1 13 1 18 1 316 1 317 1
53 25 32 419 1 424 1 321 1 444 1 192 1 128 1 290 1 97 1 423 1 441 1 458 1 281 1 303 1 456 1 187 1 453 1 288 1 220 1 296 1 216 2 415 1 463 1 439 1 82 1 255 1 405 1 263 1 198 1 273 1 260 1 282 2 283 1
//IdTournes NbColis
5 6
//IdColis IdCommandeInColis NbProducts IdProd1 QtyProd1 IdProd2 QtyProd2 ...
54 26 33 446 1 443 1 142 1 426 1 37 1 428 1 429 1 224 1 122 1 447 1 47 1 437 1 449 1 445 1 420 1 119 2 217 1 235 1 166 1 190 1 231 1 175 1 452 1 13 1 18 1 363 1 460 1 214 1 414 1 294 1 219 1 282 1 283 1
56 27 31 45 1 152 1 42 1 123 2 455 1 164 1 448 1 47 1 325 1 449 1 113 1 244 1 172 1 420 1 404 1 235 1 166 1 190 1 259 1 393 1 162 1 276 1 425 1 397 1 431 1 34 1 181 1 82 1 275 1 263 1 212 1
17 6 40 109 1 153 1 163 1 14 1 24 1 26 1 54 1 79 1 221 1 144 1 8 1 83 1 168 1 217 1 200 1 100 1 154 1 161 1 166 1 204 1 84 1 95 1 183 1 185 1 127 1 121 1 12 1 103 1 40 1 82 1 195 1 197 3 214 1 215 1 73 1 76 1 207 1 219 1 222 1 206 1
58 28 27 488 1 381 1 472 1 69 1 98 1 164 1 371 1 448 1 61 1 477 1 465 1 404 1 241 1 486 1 117 1 166 1 342 1 121 1 351 1 111 1 469 1 501 1 479 1 500 1 214 2 267 2 297 1
16 6 15 9 1 16 1 22 1 193 1 29 2 69 1 74 1 123 1 151 1 146 1 192 1 122 1 218 1 99 1 180 1
59 29 24 66 1 428 2 478 1 482 1 483 1 171 1 47 1 404 1 507 1 489 1 166 1 259 1 230 1 125 1 466 1 202 1 343 1 189 2 360 1 414 1 294 1 198 1 273 2 287 4
//IdTournes NbColis
6 6
//IdColis IdCommandeInColis NbProducts IdProd1 QtyProd1 IdProd2 QtyProd2 ...
60 30 26 9 1 481 1 488 1 485 1 492 1 123 1 493 1 290 1 47 1 499 1 130 1 257 1 502 1 474 1 119 1 30 1 166 1 51 1 365 1 254 1 495 1 503 1 369 1 219 1 198 1 496 1
62 31 19 438 1 126 1 44 1 217 1 458 1 497 1 342 1 298 1 288 1 332 1 216 1 467 1 505 1 73 1 273 1 287 1 373 1 295 1 283 1
27 10 35 58 1 480 1 257 1 144 1 97 1 117 1 154 1 156 1 161 1 177 1 259 1 148 1 205 1 175 1 471 1 220 1 468 1 385 1 82 1 327 1 210 1 197 1 211 1 506 1 196 1 494 1 263 1 201 1 294 1 222 2 186 1 198 1 212 1 179 1 262 1
63 32 24 137 1 443 1 116 1 126 1 470 1 124 1 491 1 290 1 149 1 101 1 484 1 487 1 110 1 235 1 490 1 504 1 468 1 28 1 500 1 73 1 263 1 294 1 219 1 179 1
13 5 17 66 1 638 1 52 1 22 1 45 1 236 1 349 1 126 1 10 1 53 1 37 1 42 1 56 1 70 1 435 1 124 1 649 1
64 33 16 66 1 523 1 526 1 123 1 227 1 163 1 525 1 257 1 291 1 534 1 545 1 517 1 533 1 421 1 225 1 197 1
//IdTournes NbColis
7 6
//IdColis IdCommandeInColis NbProducts IdProd1 QtyProd1 IdProd2 QtyProd2 ...
14 5 35 640 1 639 1 482 1 338 1 413 1 539 1 55 1 143 1 149 1 26 1 32 1 61 1 241 1 168 1 15 1 630 1 235 1 489 1 605 1 641 1 223 1 205 1 141 1 643 1 645 1 646 1 462 1 300 1 301 1 39 1 272 1 370 1 63 1 11 1 216 1
22 8 37 47 1 55 1 143 1 113 1 172 1 94 1 107 1 114 1 119 1 145 1 155 1 159 1 168 1 464 1 30 1 110 2 167 1 412 1 125 1 459 1 199 1 121 1 141 1 173 1 431 1 202 1 372 1 13 1 317 1 182 1 196 1 277 1 188 1 263 1 369 1 179 1 262 1
65 34 24 436 1 522 1 528 2 142 1 228 1 514 1 78 1 226 1 474 1 119 1 519 1 524 1 166 1 520 1 336 1 540 1 531 1 384 1 254 1 13 1 18 1 82 1 360 1 536 1
68 35 15 238 1 253 1 298 1 121 1 575 1 181 1 256 1 13 1 213 1 219 1 222 2 373 1 262 1 544 1 648 1
69 36 24 348 1 527 1 513 1 386 1 67 1 532 1 47 1 32 1 61 1 241 1 342 1 490 1 269 1 518 1 280 1 503 1 13 1 407 1 538 1 294 1 222 1 373 1 174 1 537 1
25 9 25 204 1 129 1 134 1 148 1 545 1 104 1 160 1 510 1 456 1 187 1 517 1 181 1 256 1 103 1 209 1 310 1 316 1 191 1 189 1 73 1 543 1 219 1 174 1 544 1 283 1
//IdTournes NbColis
8 6
//IdColis IdCommandeInColis NbProducts IdProd1 QtyProd1 IdProd2 QtyProd2 ...
70 37 34 334 1 529 1 193 1 41 1 70 1 151 1 493 1 237 1 47 1 55 1 325 1 530 1 153 1 144 1 484 1 119 1 168 1 541 1 167 1 298 1 542 1 509 1 409 1 310 1 511 1 322 1 479 1 500 1 535 1 208 1 373 1 546 1 295 1 283 1
72 38 14 522 1 561 1 560 1 376 1 356 1 312 1 140 1 14 1 221 1 154 1 441 1 578 1 238 1 273 1
36 14 19 522 1 562 1 560 1 376 1 137 1 549 1 513 1 566 1 568 1 123 1 224 1 136 1 555 1 570 1 354 1 47 1 245 1 257 1 18 1
73 39 9 16 2 522 1 561 1 572 1 557 1 120 1 514 1 426 1 551 1
76 40 21 564 1 515 1 548 1 118 1 65 1 455 1 122 1 47 1 55 1 172 1 333 1 404 1 166 1 571 1 574 1 576 1 340 1 173 1 553 1 554 1 263 1
74 39 34 43 1 566 1 476 1 151 1 169 1 626 1 47 1 58 1 257 1 119 1 145 1 632 1 110 2 167 1 382 1 259 1 232 1 199 1 342 1 567 1 34 1 384 1 518 1 103 1 18 1 82 1 252 1 195 1 210 1 191 1 636 1 73 1 360 1 294 2
//IdTournes NbColis
9 6
//IdColis IdCommandeInColis NbProducts IdProd1 QtyProd1 IdProd2 QtyProd2 ...
40 16 25 335 1 344 1 355 1 126 1 356 1 359 1 88 1 491 1 354 1 357 1 171 1 338 1 47 1 55 1 345 1 347 1 350 1 311 1 315 1 144 1 119 1 168 2 241 1 166 1 343 1
2 1 33 44 1 47 1 80 1 109 1 78 1 119 1 145 1 168 1 274 1 30 1 156 1 167 1 51 1 291 2 231 1 232 1 129 1 238 1 223 1 281 2 19 1 300 1 39 1 296 1 285 1 197 1 275 1 277 1 279 1 294 1 287 1 174 1 297 1
24 9 24 334 1 137 1 118 1 92 1 116 1 120 1 165 1 508 1 69 1 93 1 102 1 105 1 122 1 132 1 138 2 516 1 47 1 547 1 119 2 131 1 147 1 156 1 167 1 518 1
8 3 22 608 1 106 1 85 1 92 1 120 1 126 1 142 1 619 1 21 1 31 1 42 1 521 1 123 1 124 2 151 1 455 1 90 1 98 1 102 1 192 1 96 1 34 1
33 13 20 334 1 348 1 352 1 193 1 126 2 120 3 21 1 314 1 194 1 346 1 358 1 47 1 325 1 244 1 333 2 337 1 257 2 145 1 147 1 199 1
78 41 20 572 1 569 1 455 1 98 1 44 1 55 1 131 1 577 1 552 1 441 1 534 1 230 1 199 1 573 1 509 1 460 1 182 1 222 1 198 1 297 1
//IdTournes NbColis
10 6
//IdColis IdCommandeInColis NbProducts IdProd1 QtyProd1 IdProd2 QtyProd2 ...
79 42 20 116 1 356 1 381 1 563 1 138 1 47 1 325 1 550 1 565 1 83 1 404 1 154 1 166 1 456 1 575 1 509 1 40 1 556 1 558 1 188 1
19 7 26 461 1 438 1 87 1 120 1 426 1 429 1 440 1 123 1 169 1 88 1 164 1 194 1 413 1 432 1 433 1 44 1 430 1 55 1 157 1 113 1 140 1 24 1 320 1 79 1 101 1 115 1
80 43 30 233 1 589 1 85 1 120 1 513 1 584 1 102 1 171 1 99 1 539 1 47 1 55 1 143 1 353 1 24 1 226 1 115 1 119 1 487 1 131 1 168 1 110 1 166 1 204 1 232 1 129 1 642 1 243 1 303 1 644 1
82 44 22 118 1 528 1 595 1 444 1 194 1 498 1 47 1 55 1 325 1 474 1 590 1 119 1 166 1 441 1 531 1 583 1 495 1 579 1 73 1 414 1 606 1 297 1
83 45 31 116 1 120 1 580 1 41 1 587 1 123 1 124 1 371 1 591 1 242 1 44 1 47 1 325 1 530 2 32 1 115 1 119 1 159 3 248 1 486 1 167 1 199 1 588 1 280 1 409 1 601 1 182 1 368 1 604 1 213 1 267 1
85 46 15 572 1 592 1 585 1 47 1 107 1 598 1 162 1 425 1 504 1 82 1 500 1 210 1 182 1 263 1 282 1
//IdTournes NbColis
11 6
//IdColis IdCommandeInColis NbProducts IdProd1 QtyProd1 IdProd2 QtyProd2 ...
86 47 30 472 1 593 1 600 1 47 1 143 1 597 1 477 1 596 1 159 1 605 1 578 1 125 1 599 1 576 1 298 1 303 1 269 1 581 1 216 1 415 1 103 1 463 1 264 1 603 1 411 1 197 1 219 2 222 1 198 1 283 2
87 48 24 81 2 429 1 476 1 594 1 55 1 477 1 582 1 474 1 107 1 404 1 248 1 274 1 486 2 166 1 125 1 303 1 288 1 289 1 511 1 268 1 198 1 602 1 267 1 537 1
9 3 29 171 1 99 1 47 1 55 1 44 1 149 1 113 1 140 1 58 1 62 1 388 1 389 1 144 1 115 1 119 1 241 1 30 1 156 1 167 1 104 1 135 1 89 1 111 1 611 1 150 1 479 1 617 1 360 1 222 1
88 49 19 334 1 616 1 621 1 47 1 30 1 497 1 614 1 540 1 517 1 415 1 209 1 407 1 609 1 189 1 360 1 263 1 222 1 295 1 283 1
89 50 16 116 1 88 1 532 1 47 1 325 1 449 1 613 1 607 1 458 1 576 1 379 1 150 1 620 1 222 1 267 1 282 1
67 35 25 515 1 399 1 85 1 488 1 521 1 435 1 491 1 128 1 417 1 539 1 44 1 47 1 149 1 512 1 257 2 221 1 119 1 147 1 159 1 167 2 577 1 259 1 204 1 125 1 134 1
//IdTournes NbColis
12 6
//IdColis IdCommandeInColis NbProducts IdProd1 QtyProd1 IdProd2 QtyProd2 ...
90 51 21 396 1 488 1 615 1 90 1 138 1 149 1 109 1 315 1 221 1 226 1 119 1 596 1 248 1 167 1 303 1 460 1 214 1 326 1 222 1 544 2 283 1
91 52 8 126 1 610 1 123 1 569 1 325 1 614 1 288 1 40 1
11 4 21 66 1 77 1 81 1 234 1 229 1 236 1 68 1 42 1 43 1 123 1 224 1 105 1 227 1 138 1 240 1 59 1 203 1 290 1 149 1 140 1 182 1
92 53 13 116 1 618 1 146 1 203 1 44 1 55 1 57 1 257 1 459 1 517 1 275 1 267 1 282 1
26 10 23 473 1 108 1 152 1 461 1 92 1 112 1 116 1 126 1 476 1 123 1 151 1 136 1 498 1 158 1 128 1 47 1 143 1 149 1 176 1 109 1 130 1 139 1 475 1
93 54 28 396 1 137 1 116 1 402 1 623 1 625 1 627 1 124 1 158 1 626 1 128 1 171 1 99 2 47 1 631 1 113 1 257 1 119 1 637 1 167 1 204 1 125 1 183 1 199 1 575 1 327 1 214 1 369 1
//IdTournes NbColis
13 6
//IdColis IdCommandeInColis NbProducts IdProd1 QtyProd1 IdProd2 QtyProd2 ...
95 55 10 169 1 498 1 47 1 58 1 217 1 520 1 259 1 534 1 253 1 456 1
96 56 24 446 1 170 1 56 1 123 1 138 1 47 1 325 1 637 1 630 1 628 1 125 1 624 1 269 1 216 1 407 1 182 1 196 1 494 1 604 1 360 1 279 1 635 1 544 1 282 1
97 57 23 629 1 572 1 65 1 625 1 123 2 151 2 240 1 532 1 55 1 325 1 119 1 167 1 125 1 269 1 633 1 554 1 209 1 634 1 407 1 275 1 279 1 414 1 416 1
98 58 16 71 1 627 1 622 1 241 1 110 1 259 1 238 1 160 1 89 1 210 1 405 1 535 1 73 1 279 1 496 1 544 1
30 11 15 324 1 327 1 251 2 188 2 268 1 360 1 366 2 369 1 294 1 219 2 222 1 267 2 273 2 648 1 282 1
81 43 8 121 1 586 1 209 1 252 1 450 1 196 1 326 1 261 1
//IdTournes NbColis
14 2
//IdColis IdCommandeInColis NbProducts IdProd1 QtyProd1 IdProd2 QtyProd2 ...
37 14 19 257 1 119 1 248 1 154 1 156 1 166 1 286 1 148 1 559 1 264 1 265 1 182 1 271 1 279 1 212 2 273 2 295 1 293 1 282 1
35 13 3 198 1 267 1 295 1
