//NbTournees
4
//IdTournes NbColis
1 6
//IdColis IdCommandeInColis NbProducts IdProd1 QtyProd1 IdProd2 QtyProd2 ...
6 1 21 5 1 41 1 134 2 135 1 43 1 11 2 12 3 28 1 53 2 40 2 136 1 61 3 171 2 49 1 54 2 1 1 44 1 50 1 51 1 119 2 48 1
8 1 13 120 1 144 1 140 3 113 4 143 6 182 4 42 1 137 1 127 3 2 1 46 3 14 2 23 3
13 2 22 72 3 176 2 79 2 69 2 186 2 172 2 76 1 77 2 144 1 140 2 143 3 127 1 16 1 22 1 9 1 10 3 2 1 14 2 18 1 23 3 59 1 55 1
2 1 4 78 3 160 4 4 2 191 1
3 1 5 4 2 58 2 74 6 124 4 183 1
15 3 8 13 1 151 1 25 1 159 1 31 1 78 1 4 2 126 1
//IdTournes NbColis
2 6
//IdColis IdCommandeInColis NbProducts IdProd1 QtyProd1 IdProd2 QtyProd2 ...
16 3 11 4 1 147 1 58 1 68 1 74 3 124 3 152 2 125 1 91 1 96 1 83 1
21 4 9 32 1 159 1 78 1 163 1 4 2 101 1 111 1 175 1 58 1
1 1 4 3 2 161 1 162 1 6 2
23 4 26 37 1 99 1 110 1 66 1 104 1 90 1 166 1 38 1 168 1 169 1 41 1 35 1 167 1 11 2 12 2 28 1 40 2 61 2 165 1 171 1 20 1 39 1 164 1 105 1 179 1 36 1
18 3 27 27 1 146 1 149 1 158 1 11 2 12 2 28 1 21 2 61 2 171 1 156 1 24 1 30 1 84 1 85 1 128 1 132 2 145 2 93 1 95 1 123 1 88 1 79 1 97 1 154 1 172 2 148 1
24 4 21 128 1 34 1 112 1 173 2 176 2 177 1 79 2 98 1 100 1 172 2 77 2 141 1 106 2 178 1 140 2 143 3 108 1 127 1 26 1 63 1 33 1
//IdTournes NbColis
3 6
//IdColis IdCommandeInColis NbProducts IdProd1 QtyProd1 IdProd2 QtyProd2 ...
12 2 21 188 2 66 1 70 1 80 1 11 2 12 3 17 1 21 2 56 2 61 3 171 1 7 2 15 1 8 2 20 1 75 2 185 1 62 1 128 1 67 1 63 1
7 1 15 119 2 117 1 181 1 45 2 145 3 128 2 194 1 52 1 79 4 154 2 77 6 141 3 82 2 120 3 142 1
10 2 5 19 1 60 3 13 1 78 1 57 1
17 3 20 129 1 87 1 131 1 155 1 92 1 81 2 189 1 110 1 121 2 122 2 198 1 188 1 157 1 153 1 90 1 138 1 150 1 83 1 94 4 26 1
19 3 14 77 3 82 1 144 1 140 2 143 3 29 1 86 1 89 1 127 1 199 3 130 1 196 1 14 1 197 1
4 1 7 124 2 152 4 180 3 195 2 116 2 183 3 47 1
//IdTournes NbColis
4 4
//IdColis IdCommandeInColis NbProducts IdProd1 QtyProd1 IdProd2 QtyProd2 ...
5 1 11 184 1 192 2 118 1 47 2 133 1 114 4 193 3 115 2 138 1 94 5 139 4
11 2 11 71 1 187 1 58 2 68 1 74 3 124 3 152 2 190 1 64 1 189 1 188 1
14 2 2 65 1 73 1
22 4 12 109 1 103 1 170 1 74 3 174 1 124 3 152 2 180 1 102 1 155 1 107 2 142 1
