//NbTournees
4
//IdTournes NbColis
1 6
//IdColis IdCommandeInColis NbProducts IdProd1 QtyProd1 IdProd2 QtyProd2 ...
16 3 26 230 1 235 1 285 1 310 1 252 1 39 3 295 1 296 2 305 1 306 2 313 1 142 1 201 1 48 1 49 1 94 3 126 1 176 3 171 1 130 2 244 1 61 1 81 1 88 3 141 2 148 1
4 1 30 96 3 118 1 103 2 167 2 297 1 340 3 318 2 349 1 219 1 278 1 114 1 145 4 202 3 224 1 228 1 247 1 283 3 286 4 194 4 111 3 227 3 263 1 274 1 312 3 300 2 267 2 17 1 42 2 65 1 170 1
10 2 32 3 1 7 1 10 1 43 2 138 1 180 1 195 1 249 1 320 1 321 1 57 3 123 1 47 3 109 1 336 1 5 2 28 3 96 3 122 3 103 3 167 2 318 1 265 1 194 1 202 3 213 1 236 1 237 1 283 4 324 1 327 1 111 3
17 3 31 106 1 173 1 179 1 137 1 181 1 7 1 13 5 37 1 41 1 124 3 129 2 180 1 195 2 302 1 239 1 264 1 123 1 47 1 5 3 18 1 28 3 96 2 103 3 149 1 318 3 211 1 202 3 237 1 283 2 286 2 11 1
22 4 37 154 1 180 1 195 2 124 2 129 1 138 1 47 2 109 2 18 1 96 2 103 1 149 1 122 1 202 3 236 1 247 1 258 1 283 2 111 2 227 2 300 1 234 1 11 1 20 1 31 1 53 2 60 1 62 1 77 1 84 1 90 1 150 2 199 1 120 4 153 2 98 1 100 7
5 1 32 77 1 78 1 53 5 84 1 90 1 101 4 102 1 120 7 128 1 105 1 150 1 166 3 343 1 199 2 203 2 153 1 212 1 342 1 350 1 68 2 80 5 100 1 121 1 132 1 107 3 46 3 75 1 55 7 162 4 189 3 131 1 6 1
//IdTournes NbColis
2 6
//IdColis IdCommandeInColis NbProducts IdProd1 QtyProd1 IdProd2 QtyProd2 ...
11 2 25 111 2 192 5 227 2 300 1 329 1 333 1 24 1 42 1 53 3 65 5 77 2 78 1 84 2 90 2 92 2 99 2 101 3 102 1 113 2 120 8 105 5 163 3 199 4 344 2 203 2
1 1 24 272 1 284 1 291 1 251 2 273 1 293 1 1 2 216 2 238 1 257 1 271 1 261 1 307 1 210 1 222 1 245 1 248 2 260 1 275 1 277 1 323 1 204 1 221 1 229 1
2 1 22 230 1 288 1 39 4 241 1 259 1 295 2 296 3 306 3 313 1 305 2 142 2 165 1 205 2 326 2 304 1 330 1 280 1 49 1 54 1 94 2 176 1 183 2
6 1 50 346 1 79 1 172 1 9 1 34 3 206 1 299 1 339 3 25 1 117 1 168 1 155 1 91 2 21 1 30 1 59 2 127 1 115 1 8 8 63 1 116 1 134 1 143 3 178 2 351 1 22 1 71 3 97 3 82 1 119 2 133 1 108 1 135 1 146 1 157 1 160 1 352 1 44 2 76 1 170 1 52 1 35 1 51 2 73 2 89 1 190 3 185 1 14 5 27 1 33 2
15 3 22 220 1 250 1 266 1 276 1 284 1 273 2 2 2 208 1 238 1 271 1 207 4 225 1 256 2 281 1 218 1 242 1 245 1 275 1 303 1 309 1 215 1 279 1
3 1 28 187 1 311 1 81 1 61 1 88 2 141 4 148 1 106 2 137 2 217 1 124 3 129 3 138 2 249 1 254 1 302 1 341 2 180 1 195 1 57 1 123 2 209 1 255 1 47 1 109 6 5 3 18 2 140 1
//IdTournes NbColis
3 6
//IdColis IdCommandeInColis NbProducts IdProd1 QtyProd1 IdProd2 QtyProd2 ...
8 2 24 253 2 1 1 216 1 243 2 257 1 269 1 271 1 231 2 325 1 210 1 322 1 331 1 309 1 214 1 221 1 229 2 240 1 288 2 332 1 39 2 259 1 295 1 296 2 57 1
21 4 26 226 1 243 2 309 1 215 1 39 2 295 1 296 2 305 1 306 2 313 1 246 1 304 1 48 1 49 1 54 2 94 2 176 3 183 1 187 1 311 1 61 2 88 1 148 2 141 2 179 1 13 1
9 2 26 305 2 306 2 313 1 142 1 165 1 223 1 304 1 330 1 282 1 48 2 54 1 94 1 126 4 187 4 176 3 328 1 130 1 61 1 88 1 141 2 148 1 233 1 106 2 179 2 137 1 181 1
18 3 33 292 1 294 1 83 1 111 2 192 1 56 2 227 3 232 1 262 1 263 1 298 1 17 2 24 1 42 2 53 4 77 1 84 3 90 3 101 5 105 2 113 1 120 6 136 1 150 1 163 1 166 1 152 1 287 1 301 2 68 1 80 8 98 2 14 1
19 3 46 107 1 132 1 23 1 46 2 55 4 139 1 162 2 189 4 38 1 87 1 172 2 319 1 34 1 58 1 268 1 299 2 308 1 155 1 184 2 91 2 16 1 59 4 95 1 74 1 156 1 8 7 32 3 63 4 193 1 97 2 161 1 290 2 86 2 12 1 119 1 125 1 157 1 160 2 44 1 76 1 70 1 140 2 170 2 200 1 93 1 151 1
23 4 31 174 1 46 1 55 4 189 2 162 3 316 1 38 1 9 1 270 1 308 1 155 1 95 1 182 1 198 1 8 5 29 2 63 1 175 2 178 1 289 1 12 1 104 1 108 1 177 1 144 1 160 1 315 1 44 2 191 2 314 1 190 1
//IdTournes NbColis
4 3
//IdColis IdCommandeInColis NbProducts IdProd1 QtyProd1 IdProd2 QtyProd2 ...
12 2 41 64 1 287 1 345 1 15 1 68 5 80 7 107 1 121 1 132 1 335 2 40 1 46 3 55 4 139 1 162 3 189 2 66 1 197 1 159 1 79 3 87 3 188 2 172 1 347 3 34 1 69 1 72 1 334 1 36 1 85 1 147 2 164 1 168 1 184 1 196 3 337 1 16 1 30 1 112 1 156 2 8 2
13 2 32 8 4 63 4 134 2 143 1 178 1 26 1 67 2 97 2 289 2 348 1 86 2 12 2 108 1 119 2 144 1 186 1 19 1 140 3 170 1 35 1 51 2 110 1 191 1 338 1 4 1 73 2 89 1 158 1 169 1 317 1 33 1 45 1
20 3 5 89 1 317 1 185 1 50 1 33 1
