//NbTournees
36
//IdTournes NbColis
1 6
//IdColis IdCommandeInColis NbProducts IdProd1 QtyProd1 IdProd2 QtyProd2 ...
2 1 21 256 2 8 1 11 1 94 1 57 1 84 1 60 1 96 1 114 1 115 1 380 3 224 1 394 1 140 1 561 1 151 1 492 1 653 1 599 1 707 1 250 1
7 2 24 61 1 84 1 424 1 54 1 140 1 410 1 633 1 561 1 562 1 576 1 701 1 592 1 599 1 30 1 533 1 784 1 395 1 144 1 541 2 305 1 296 1 52 1 13 1 26 1
13 3 21 84 1 96 1 367 1 54 1 68 1 161 1 224 1 426 1 402 1 140 1 668 1 546 1 302 1 315 1 99 1 181 1 233 1 179 1 405 1 151 2 14 1
19 4 19 40 1 357 1 249 2 2 1 5 1 255 2 15 1 3 1 8 1 92 1 94 1 57 1 60 1 96 1 114 1 115 1 84 2 63 1 67 1
28 5 22 85 1 84 1 114 1 61 1 67 1 369 1 370 1 54 1 140 1 561 1 562 1 280 2 547 1 179 1 30 1 392 1 533 1 395 1 274 1 373 1 78 1 13 1
33 6 24 84 1 67 1 92 1 101 1 315 1 300 1 302 1 157 1 139 1 140 1 480 1 380 1 99 1 151 1 30 1 103 1 154 1 164 1 296 1 311 1 412 1 611 1 44 1 59 1
//IdTournes NbColis
2 6
//IdColis IdCommandeInColis NbProducts IdProd1 QtyProd1 IdProd2 QtyProd2 ...
37 7 29 30 1 533 1 274 1 52 1 404 1 44 1 48 1 121 1 135 1 55 1 190 1 379 1 163 1 12 1 467 2 122 1 53 2 46 1 56 1 437 1 429 1 442 1 51 2 58 2 62 2 137 1 384 1 22 1 264 1
40 8 18 277 1 7 2 2 1 82 1 457 1 255 3 5 1 3 1 256 1 15 1 75 1 83 1 84 1 85 1 63 1 127 1 426 1 530 2
45 9 22 218 1 249 2 2 1 82 1 255 1 260 1 411 1 3 1 256 1 261 1 92 1 94 1 57 1 60 1 96 1 84 1 97 1 101 1 157 1 54 1 139 1 400 1
50 10 18 717 1 638 1 7 2 524 1 2 2 5 1 255 1 3 1 256 1 8 1 75 1 85 1 84 1 63 1 453 1 54 1 140 1 612 1
55 11 27 249 2 8 1 119 1 120 1 54 1 127 1 129 1 83 1 85 1 84 1 296 1 126 1 44 1 121 1 131 1 132 1 778 1 415 1 130 1 122 1 467 1 80 1 51 1 124 1 58 1 293 1 34 1
57 12 28 40 1 249 1 780 1 781 1 8 1 54 1 139 1 140 1 84 1 85 1 134 1 141 1 575 1 165 1 144 1 296 1 52 1 110 1 121 1 136 1 44 1 146 1 135 1 122 1 79 1 106 1 137 1 250 1
//IdTournes NbColis
3 6
//IdColis IdCommandeInColis NbProducts IdProd1 QtyProd1 IdProd2 QtyProd2 ...
59 13 27 249 1 8 2 147 1 120 1 140 1 84 1 75 1 692 1 151 1 103 1 154 1 296 1 311 1 121 1 44 1 304 1 149 1 153 1 155 3 721 1 150 1 80 1 51 1 124 1 58 1 34 1 250 1
61 14 21 286 1 249 2 2 1 255 1 260 1 3 1 256 1 261 1 8 2 157 1 54 1 84 1 61 1 159 1 75 1 140 1 444 1 480 1 665 1 134 1 110 1
64 15 28 249 1 8 1 161 1 84 1 167 1 75 1 318 1 546 1 280 1 281 1 134 2 141 1 165 1 30 1 144 1 164 1 296 1 121 1 110 1 44 1 163 1 150 1 12 1 80 1 51 1 124 1 58 1 59 1
66 16 25 249 2 298 1 255 1 260 1 256 1 3 1 8 1 54 1 140 1 57 1 84 1 75 1 514 1 576 1 134 1 99 1 165 1 171 1 121 1 110 1 44 1 153 1 730 1 150 1 254 1
69 17 22 27 1 249 2 2 1 524 1 255 1 260 1 175 1 3 1 261 1 75 1 173 1 174 1 157 1 54 1 115 1 67 1 84 1 101 1 633 1 139 1 140 1 44 1
72 18 21 249 3 5 1 3 1 256 1 15 1 75 1 54 1 84 1 85 1 97 1 61 1 63 1 67 1 315 1 534 1 280 1 140 1 179 1 30 3 398 1 250 1
//IdTournes NbColis
4 6
//IdColis IdCommandeInColis NbProducts IdProd1 QtyProd1 IdProd2 QtyProd2 ...
76 19 27 522 2 8 1 173 1 157 1 84 1 61 1 182 1 101 1 318 1 139 1 380 1 141 1 181 1 165 1 30 1 144 1 296 1 438 1 611 1 121 1 110 1 44 1 55 1 51 1 642 1 26 1 250 1
79 20 21 185 1 249 3 2 1 255 1 260 1 3 1 256 1 261 1 8 1 75 1 84 1 61 1 67 1 101 1 315 1 531 1 601 1 157 1 173 1 139 1 467 1
83 21 21 249 2 298 1 255 1 260 1 522 1 3 1 256 3 261 1 549 1 75 1 94 1 83 1 85 1 84 1 61 1 63 1 67 1 546 1 302 1 402 1 550 1
87 22 19 7 3 2 2 578 1 5 1 255 1 3 1 256 2 75 1 54 1 57 1 60 1 61 1 192 1 84 1 63 1 67 1 315 1 546 1 493 1
91 23 22 7 2 5 1 255 1 3 2 92 1 75 1 94 1 84 1 61 1 67 1 101 1 380 1 459 1 157 1 139 1 434 2 140 1 300 1 302 1 30 1 296 1 4 1
95 24 22 249 2 2 2 427 1 255 1 260 1 522 1 3 1 261 1 75 1 198 1 84 1 85 1 61 1 63 1 67 1 68 1 140 1 426 1 402 1 120 1 54 1 517 1
//IdTournes NbColis
5 6
//IdColis IdCommandeInColis NbProducts IdProd1 QtyProd1 IdProd2 QtyProd2 ...
99 25 21 27 1 8 2 202 1 157 1 54 1 83 1 84 1 101 1 318 1 631 1 139 1 444 1 480 1 380 1 315 1 151 1 398 2 30 1 448 1 103 1 154 1
102 26 19 824 1 40 1 249 2 2 1 255 1 260 1 256 1 261 1 8 1 75 1 173 1 157 1 54 1 84 1 61 1 182 1 631 1 380 1 296 1
106 27 18 361 1 185 1 7 1 524 1 208 1 207 1 256 1 8 2 57 1 60 1 96 1 97 1 114 1 84 2 54 2 67 1 362 1 137 1
112 28 24 27 1 249 2 2 1 260 1 261 1 8 1 75 1 209 1 54 1 57 1 61 1 63 1 84 1 68 1 140 1 402 1 315 1 179 1 398 1 30 1 441 1 392 1 378 1 544 1
115 29 21 249 2 211 1 8 1 549 1 92 1 210 1 84 1 60 1 61 1 192 1 101 1 453 1 610 1 157 1 54 1 139 1 380 1 459 1 173 1 300 1 294 1
118 30 21 737 1 740 1 218 1 249 2 411 1 5 1 255 1 256 1 15 1 75 1 161 1 84 1 60 1 67 1 101 1 380 1 173 1 157 1 54 1 139 1 179 1
//IdTournes NbColis
6 6
//IdColis IdCommandeInColis NbProducts IdProd1 QtyProd1 IdProd2 QtyProd2 ...
122 31 21 218 1 7 2 2 1 413 2 411 1 255 1 3 1 256 1 15 1 8 1 84 1 85 1 96 1 114 1 63 1 67 1 68 1 221 1 426 1 402 1 520 1
126 32 18 724 1 42 1 791 1 725 1 286 1 7 1 726 1 8 2 224 1 84 1 61 1 63 1 67 1 68 1 426 1 54 1 140 1 252 1
131 33 22 678 1 249 2 2 1 5 1 255 1 3 1 256 1 15 1 8 1 57 1 85 1 97 1 84 1 61 1 63 1 67 1 68 1 426 1 402 1 54 1 434 1 122 1
136 34 26 256 1 15 1 3 1 57 1 85 1 114 1 61 1 84 1 63 1 410 1 224 1 54 1 561 1 562 1 141 1 592 1 575 1 492 1 30 1 395 1 144 1 541 1 52 1 412 1 44 1 59 1
140 35 23 249 2 2 1 255 1 260 1 3 1 256 1 261 1 11 1 75 1 84 1 57 1 85 1 63 1 68 1 459 1 460 1 426 1 402 1 54 1 461 1 315 1 534 1 71 1
145 36 21 798 1 92 1 147 1 54 1 84 1 114 1 61 1 192 1 101 1 173 1 157 1 139 1 140 1 459 1 300 1 302 1 540 1 315 1 99 1 30 1 6 1
//IdTournes NbColis
7 6
//IdColis IdCommandeInColis NbProducts IdProd1 QtyProd1 IdProd2 QtyProd2 ...
149 37 21 218 1 7 2 2 1 5 1 255 1 3 1 256 1 15 1 94 2 57 1 85 1 97 1 84 1 114 1 67 2 54 1 75 1 394 1 561 1 562 1 14 1
154 38 21 703 1 638 1 7 2 5 1 255 1 15 1 3 1 256 1 94 1 60 1 114 1 84 1 394 1 140 1 369 1 54 1 480 1 561 1 562 1 701 1 59 1
159 39 24 249 2 2 1 255 1 260 1 261 1 3 1 75 1 238 1 85 1 61 1 84 1 63 1 67 1 68 1 426 1 402 1 54 1 140 1 514 1 315 1 179 1 398 1 59 1 264 1
163 40 19 185 1 249 1 457 3 8 1 75 1 54 1 84 1 83 1 61 1 101 1 67 1 380 2 173 1 157 1 139 1 531 1 181 1 233 1 6 1
167 41 11 744 1 7 5 2 1 255 1 256 2 8 4 224 1 243 1 57 1 84 1 60 1
172 42 21 277 1 7 1 224 1 57 1 84 1 60 1 96 1 63 1 67 1 426 1 402 1 439 1 54 1 444 1 315 1 512 1 631 1 302 1 540 1 179 1 273 1
//IdTournes NbColis
8 6
//IdColis IdCommandeInColis NbProducts IdProd1 QtyProd1 IdProd2 QtyProd2 ...
176 43 20 569 1 505 1 5 1 207 1 352 1 256 1 92 1 94 1 57 1 85 1 84 1 114 1 61 1 67 2 54 1 75 1 147 1 369 1 370 1 30 1
198 49 17 678 1 7 3 2 3 5 1 255 1 3 1 256 1 15 1 549 1 84 1 94 1 60 1 96 1 114 1 115 2 54 1 86 1
203 50 14 724 1 249 6 2 2 255 1 260 1 3 1 261 1 8 1 820 1 94 1 84 2 57 1 60 1 193 1
210 51 17 84 2 96 1 325 1 97 1 114 3 85 1 345 1 67 1 224 1 422 1 54 2 139 1 394 1 140 1 480 1 30 1 14 1
218 52 19 8 1 67 1 68 1 92 1 84 2 60 1 96 1 97 1 157 1 54 2 224 2 173 1 512 1 434 1 140 1 410 1 296 1 59 1 518 1
225 53 17 60 1 84 2 96 1 114 1 67 1 224 1 460 1 174 1 54 2 139 1 394 1 512 1 140 1 507 1 598 1 576 2 258 1
//IdTournes NbColis
9 6
//IdColis IdCommandeInColis NbProducts IdProd1 QtyProd1 IdProd2 QtyProd2 ...
236 55 24 249 2 2 1 5 1 255 1 3 1 256 1 8 1 318 1 546 1 280 1 281 1 547 1 54 1 84 1 97 1 61 1 75 1 151 1 141 1 165 1 30 1 296 1 121 1 543 1
239 56 26 7 2 2 1 255 1 256 1 15 1 3 1 8 1 139 1 600 1 601 1 84 1 61 1 546 1 631 1 488 1 296 1 584 1 121 1 44 1 153 1 163 1 467 1 80 1 124 1 58 1 1 1
241 57 28 249 1 603 1 8 1 54 1 140 1 84 1 85 1 97 1 345 1 280 1 692 1 796 1 296 1 602 1 78 1 121 1 44 1 135 1 122 1 467 1 80 1 493 1 79 1 124 1 58 1 51 1 293 1 294 1
189 46 22 618 1 249 2 298 1 255 1 260 1 3 1 256 1 261 1 300 1 302 1 92 1 75 1 157 1 54 1 83 1 101 1 85 1 97 1 182 1 173 1 620 1 304 1
192 47 22 313 1 249 2 298 1 255 1 260 1 411 1 3 1 261 1 315 1 173 1 157 1 57 1 101 1 61 1 67 1 140 1 139 1 380 1 296 1 311 1 335 1 50 1
195 48 20 249 2 298 1 255 1 260 1 3 1 261 1 8 1 318 1 315 2 75 1 157 1 54 1 83 1 101 1 61 1 174 1 139 1 380 1 134 3 304 1
//IdTournes NbColis
10 6
//IdColis IdCommandeInColis NbProducts IdProd1 QtyProd1 IdProd2 QtyProd2 ...
5 1 38 532 1 13 1 20 1 699 1 396 1 1 1 259 1 45 1 200 2 267 5 109 1 65 1 316 1 4 1 125 1 19 2 284 2 310 1 168 1 271 1 232 1 18 1 143 1 476 1 652 1 16 1 17 1 301 1 299 1 14 1 580 1 269 1 21 1 273 1 706 1 518 2 250 1 270 1
9 2 32 107 1 122 1 79 1 429 1 452 2 145 2 106 2 137 1 496 1 22 1 91 1 428 1 451 1 590 1 567 1 568 1 81 1 71 1 6 1 138 2 59 4 251 1 285 1 542 1 252 2 237 1 93 3 117 2 128 1 104 1 9 1 14 1
10 2 37 72 1 10 1 229 1 356 1 319 1 532 1 25 1 219 1 396 1 502 1 538 1 259 1 45 1 200 1 267 5 109 1 254 1 65 1 4 1 235 1 199 1 651 1 19 5 572 1 310 1 284 2 24 1 271 1 232 1 193 1 258 2 548 1 273 1 28 1 29 1 518 2 786 1
17 3 28 251 1 252 1 117 2 64 1 72 1 9 1 10 1 13 1 396 1 538 1 294 1 259 1 45 1 200 1 158 1 267 5 4 1 125 1 284 1 387 1 31 1 271 1 143 1 258 3 36 3 563 1 250 1 270 1
30 5 44 443 1 451 1 568 1 81 1 71 1 6 1 88 2 59 4 574 2 251 1 252 1 74 1 90 2 237 1 375 1 104 1 485 2 128 1 72 1 9 1 10 2 229 1 257 1 319 1 13 1 25 1 246 2 219 1 148 1 70 1 396 1 1 1 705 1 259 1 45 1 50 2 267 5 166 1 109 1 191 1 254 1 65 1 162 1 250 1
35 6 24 396 1 1 1 259 1 45 1 186 1 50 1 158 1 267 5 254 1 4 1 125 1 284 1 387 1 271 1 616 1 258 2 14 1 269 1 273 1 594 1 264 1 43 1 320 1 250 1
//IdTournes NbColis
11 6
//IdColis IdCommandeInColis NbProducts IdProd1 QtyProd1 IdProd2 QtyProd2 ...
38 7 42 22 1 275 1 169 2 466 1 443 1 520 1 47 1 6 1 59 4 251 1 542 1 252 1 64 2 9 1 319 1 257 1 25 1 69 2 70 1 396 1 1 1 259 1 45 1 50 1 158 1 267 5 191 1 254 1 65 1 66 1 4 1 125 1 284 1 387 1 271 1 24 1 258 2 14 1 269 1 273 1 777 1 250 1
43 8 43 59 2 251 1 314 1 542 2 283 1 74 1 90 2 72 1 9 1 10 1 73 1 257 1 13 1 25 2 694 1 710 2 396 1 538 1 259 1 45 1 50 1 158 1 267 5 254 1 588 1 4 1 125 1 387 1 271 1 709 1 458 1 711 1 693 1 695 1 258 2 511 1 143 3 476 1 621 1 14 1 663 1 273 1 250 1
48 9 50 169 1 152 1 81 1 98 1 71 1 6 1 88 2 59 4 251 1 283 1 252 1 93 2 90 2 72 1 9 1 10 1 100 1 73 1 257 1 319 1 13 1 25 1 1 1 259 1 45 1 158 1 50 1 267 5 254 2 648 1 4 1 125 1 284 1 573 1 387 1 271 1 24 1 258 2 511 1 143 1 476 1 636 1 14 1 269 1 273 1 566 1 38 1 264 1 250 2 270 1
53 10 45 451 2 428 1 567 1 568 1 81 1 71 1 88 2 59 4 251 1 283 1 542 1 104 1 90 2 128 1 72 1 9 1 10 1 319 1 532 2 25 1 396 1 454 1 538 1 259 1 45 1 50 1 267 5 109 1 254 1 102 1 65 1 4 1 284 1 271 1 108 1 476 1 652 1 258 3 718 1 582 1 14 1 273 1 518 1 782 1 250 1
56 11 20 275 1 81 1 71 1 6 1 118 1 123 1 59 3 252 1 128 1 90 1 72 1 294 1 45 1 50 2 267 4 125 1 604 1 299 1 577 1 250 1
58 12 26 145 1 293 1 34 1 275 1 81 1 71 1 6 1 138 1 59 3 285 1 314 1 252 1 133 1 117 1 64 1 72 1 294 1 45 1 50 1 267 4 125 2 142 1 143 1 258 1 604 1 299 1
//IdTournes NbColis
12 6
//IdColis IdCommandeInColis NbProducts IdProd1 QtyProd1 IdProd2 QtyProd2 ...
63 14 36 257 1 632 1 13 1 396 1 1 1 259 1 45 1 290 1 50 1 158 1 267 5 254 1 4 1 125 1 160 1 287 1 284 1 387 1 271 1 258 2 511 1 143 1 664 1 608 1 662 1 661 1 14 1 269 1 291 1 663 1 289 2 295 1 288 1 264 1 43 1 250 2
71 17 39 123 1 59 3 251 1 285 1 283 1 252 1 90 2 64 1 72 1 9 1 10 1 257 1 13 1 25 1 396 1 1 1 259 1 45 1 50 1 158 1 267 5 254 1 4 1 125 1 284 1 387 1 271 1 177 1 258 2 527 1 635 1 525 1 636 1 14 1 269 1 273 1 264 1 23 1 250 1
74 18 37 81 1 71 1 523 1 118 1 88 2 59 4 251 1 252 1 90 2 72 1 9 1 10 1 532 1 25 1 396 1 1 1 628 1 259 1 45 1 50 1 158 1 267 5 254 1 4 1 125 1 284 1 387 1 271 1 258 2 143 1 476 1 625 1 627 1 14 1 269 1 273 1 264 1
77 19 36 641 1 12 1 467 1 46 1 51 1 124 1 58 2 293 1 34 1 275 1 81 1 276 1 47 1 71 1 6 1 180 1 123 2 59 4 252 1 90 2 64 1 72 1 282 1 257 1 25 1 396 1 294 1 45 1 50 1 158 1 267 5 125 1 19 4 643 1 387 1 476 1
81 20 42 22 1 265 1 536 1 312 1 169 1 428 1 81 1 47 1 71 1 6 1 123 2 59 3 251 1 285 1 252 1 183 1 90 2 64 1 72 1 9 1 10 1 396 1 1 1 259 1 45 1 50 2 158 1 267 4 254 1 4 1 125 1 284 1 387 1 271 1 622 1 258 2 476 1 621 1 14 1 535 1 273 1 264 1
85 21 44 81 1 47 1 71 1 6 3 88 2 59 4 251 1 285 1 252 1 90 2 64 1 72 1 9 1 10 1 257 1 13 1 25 1 396 1 1 1 259 1 45 2 186 1 50 1 158 1 267 5 254 1 4 1 125 1 187 1 272 1 387 1 189 1 271 1 552 1 258 2 511 1 143 1 548 1 612 1 551 1 269 1 273 1 264 1 250 2
//IdTournes NbColis
13 6
//IdColis IdCommandeInColis NbProducts IdProd1 QtyProd1 IdProd2 QtyProd2 ...
89 22 41 429 1 106 1 137 1 58 2 22 1 443 1 169 2 466 1 59 4 251 1 542 1 252 1 183 3 319 1 532 1 25 1 70 1 396 4 259 1 45 1 170 1 50 1 158 1 267 5 191 1 254 1 4 1 125 1 168 1 387 1 271 1 630 1 193 1 258 1 317 1 511 1 476 1 273 1 577 1 264 1 250 1
93 23 40 169 1 466 1 47 1 71 1 6 2 138 2 59 4 251 1 283 1 252 1 117 2 64 1 72 1 73 1 449 1 319 1 532 1 25 1 396 1 1 1 259 1 45 1 50 1 158 1 267 5 254 1 195 1 125 1 284 1 387 1 271 1 108 1 476 1 258 2 299 1 269 1 273 1 518 1 530 1 250 1
97 24 49 156 1 520 1 521 1 466 1 81 1 71 1 47 1 6 1 523 1 118 2 180 1 138 2 59 4 251 1 283 1 117 2 64 1 72 1 9 1 10 2 73 1 257 1 319 1 632 1 13 1 746 1 25 1 396 1 1 1 259 1 45 1 200 1 158 1 267 5 254 1 4 1 199 1 125 1 310 1 272 1 387 1 271 1 616 1 142 1 108 1 193 1 385 1 258 2 518 1
101 25 24 201 1 72 1 9 1 10 1 73 1 257 1 632 1 25 1 70 1 396 1 45 1 50 1 158 1 267 5 191 1 125 1 19 1 387 1 476 1 621 1 664 1 753 1 273 1 264 1
104 26 39 71 1 6 1 88 2 59 4 251 1 90 2 64 1 72 1 9 1 10 1 565 1 257 1 632 1 396 1 259 1 45 1 50 1 158 1 267 5 825 1 254 1 4 1 125 1 204 1 284 1 387 1 271 1 472 1 258 3 511 1 143 1 647 1 645 1 646 1 612 1 14 1 269 1 273 1 264 1
110 27 23 93 1 117 2 64 2 72 1 282 1 70 1 396 1 705 1 581 1 45 1 200 1 158 1 267 4 191 1 125 1 387 1 108 1 385 1 143 1 476 1 647 1 17 2 662 1
//IdTournes NbColis
14 6
//IdColis IdCommandeInColis NbProducts IdProd1 QtyProd1 IdProd2 QtyProd2 ...
114 28 34 251 1 90 2 64 1 72 1 9 1 10 1 257 1 319 1 632 1 13 1 25 3 396 1 1 1 259 1 45 1 50 1 158 1 267 5 254 1 4 1 125 1 284 1 387 1 271 1 108 1 511 1 143 1 258 1 591 1 753 1 656 1 14 1 273 1 250 1
117 29 29 34 1 81 1 802 1 276 1 71 1 47 1 6 1 88 1 59 3 285 1 252 1 90 1 72 1 282 1 45 1 50 1 267 4 125 1 108 1 511 1 258 1 14 1 799 2 800 2 672 2 673 2 801 2 674 2 250 1
120 30 42 474 1 51 2 58 2 216 1 137 1 741 1 22 1 559 1 156 1 401 1 268 1 152 1 637 2 81 1 71 1 6 1 88 2 59 4 251 1 314 1 252 1 214 1 90 2 72 1 9 1 10 1 215 1 257 1 319 1 13 1 25 1 70 1 396 1 1 1 558 1 259 1 45 1 50 1 217 1 158 1 267 2 250 1
125 31 28 72 1 10 2 319 1 537 2 25 1 219 1 396 1 259 1 45 1 50 1 267 5 109 1 102 1 65 1 4 1 220 1 284 1 287 1 271 1 193 1 258 1 143 1 652 1 14 1 663 1 273 1 518 1 250 1
129 32 33 90 2 485 3 72 1 64 1 723 1 10 1 225 1 396 1 45 2 170 1 50 1 158 1 267 4 65 1 4 1 125 1 187 1 643 1 387 1 108 1 385 1 722 1 511 1 143 1 647 1 258 2 591 1 273 1 564 1 594 1 28 1 264 1 250 1
134 33 36 282 1 10 1 319 1 532 1 13 1 25 1 396 1 1 1 259 1 45 1 50 1 158 1 267 5 254 2 588 1 4 1 430 2 125 1 310 1 284 1 387 1 271 1 258 2 677 1 647 1 14 1 676 1 675 1 273 1 672 3 673 2 674 3 587 3 29 1 37 1 250 1
//IdTournes NbColis
15 6
//IdColis IdCommandeInColis NbProducts IdProd1 QtyProd1 IdProd2 QtyProd2 ...
138 34 41 169 1 536 1 521 1 624 1 81 1 71 1 88 2 59 3 251 2 283 1 252 1 90 2 128 1 104 1 133 1 72 1 9 1 10 1 229 1 532 1 13 2 25 1 396 1 225 1 1 1 259 1 45 1 50 1 267 5 109 2 254 1 65 1 316 1 4 1 284 1 193 1 258 1 269 1 273 1 518 1 250 1
143 35 40 73 2 257 1 319 1 632 1 13 1 25 1 396 1 1 1 581 1 657 1 259 1 45 1 571 1 50 1 158 1 267 5 583 1 254 1 162 1 4 1 230 1 125 1 387 1 271 1 193 1 108 1 372 1 258 2 143 2 476 1 647 1 656 1 582 1 655 1 14 1 580 1 273 1 288 1 518 1 250 1
147 36 28 152 1 156 1 521 1 81 1 47 1 71 1 6 3 88 2 59 3 252 1 90 2 72 1 10 3 257 1 615 1 25 1 396 1 45 1 50 1 158 1 267 5 125 1 284 2 387 1 385 1 273 1 518 1 250 1
152 37 43 251 1 542 1 252 1 90 2 128 1 104 1 72 1 9 1 10 1 229 1 319 1 532 1 13 1 25 1 396 1 538 1 259 1 45 1 571 1 50 1 267 5 109 1 254 1 65 1 658 1 4 1 195 1 572 1 573 1 310 1 284 1 271 1 193 1 258 2 476 1 652 1 612 1 550 1 273 1 518 1 530 1 659 2 250 1
161 39 40 481 2 443 1 624 1 466 1 81 1 47 1 71 1 88 1 59 3 90 2 72 1 64 1 9 1 10 1 73 1 632 1 257 1 319 1 13 1 25 1 396 1 1 1 259 1 45 1 50 1 158 1 267 5 254 1 4 1 125 1 387 1 271 1 258 2 511 1 476 1 736 1 14 1 273 1 669 1 250 1
165 40 45 156 1 169 1 152 1 521 1 526 1 81 1 71 1 123 2 59 3 251 1 285 1 283 1 252 1 90 2 72 1 396 1 45 1 50 1 158 1 267 4 239 1 715 1 240 1 241 1 331 1 162 1 125 2 713 1 310 1 387 1 472 1 372 1 258 1 143 1 525 1 16 1 636 1 714 1 516 1 519 1 554 1 662 1 273 1 518 1 250 1
//IdTournes NbColis
16 6
//IdColis IdCommandeInColis NbProducts IdProd1 QtyProd1 IdProd2 QtyProd2 ...
170 41 44 443 3 401 1 169 1 536 1 624 2 466 1 81 1 71 1 138 2 59 3 251 1 285 1 314 1 117 2 72 1 9 1 10 2 532 1 13 1 396 1 1 1 259 1 45 2 50 1 158 1 267 5 254 1 65 1 4 1 125 1 244 1 187 1 284 1 387 1 271 1 258 5 143 1 476 1 666 1 14 1 269 2 273 1 23 1 250 2
174 42 42 442 1 145 1 106 2 137 1 443 1 590 1 466 1 81 1 71 1 47 1 6 1 138 2 59 3 574 1 251 1 542 1 252 1 117 2 128 1 72 1 229 1 532 1 246 1 219 1 396 1 45 1 200 4 267 5 109 1 65 1 232 1 640 1 108 1 476 1 258 1 652 1 749 1 299 1 309 1 750 1 264 1 250 1
179 43 47 567 1 568 1 47 1 59 1 251 2 285 2 314 1 252 1 237 1 183 2 104 2 128 1 9 1 10 1 565 1 229 1 356 1 319 1 532 1 25 1 247 1 246 1 69 1 396 1 1 1 570 1 259 1 45 4 50 2 267 5 109 1 191 1 254 1 65 1 4 1 271 1 476 1 258 1 317 1 299 2 563 1 269 1 566 1 273 1 564 1 518 1 250 1
184 44 37 71 1 381 1 138 2 59 4 251 1 252 1 117 2 72 1 257 1 632 1 13 1 396 1 1 1 253 1 259 1 45 1 262 1 200 1 158 1 267 5 254 1 337 1 4 1 125 1 235 1 19 1 272 1 387 1 271 1 258 2 143 1 14 1 269 1 273 1 263 1 264 1 270 2
187 45 40 153 1 150 1 80 1 124 1 58 1 51 1 22 1 81 1 276 1 71 1 6 1 123 1 59 3 285 1 283 1 252 1 90 2 346 1 93 1 74 1 72 1 9 1 282 1 607 1 1 1 259 1 217 1 267 4 254 1 4 1 606 1 284 1 168 1 258 2 278 1 608 1 14 1 269 1 273 1 264 1
191 46 26 1 1 259 1 45 1 50 1 158 1 267 5 239 1 191 1 254 1 331 1 4 2 230 1 125 1 498 2 272 1 387 1 271 1 258 2 143 1 301 2 299 1 14 1 269 1 273 1 264 1 250 1
//IdTournes NbColis
17 6
//IdColis IdCommandeInColis NbProducts IdProd1 QtyProd1 IdProd2 QtyProd2 ...
194 47 41 285 1 314 1 252 1 90 2 64 1 72 1 9 1 282 1 73 1 632 1 13 1 396 1 1 1 259 1 45 1 158 1 267 4 254 1 65 2 4 1 334 1 125 1 287 1 310 1 272 1 387 1 271 1 258 1 143 1 476 2 636 2 306 1 308 1 309 1 14 1 269 1 273 1 307 1 264 1 250 1 270 1
197 48 34 123 2 59 3 252 1 90 2 72 1 9 1 282 1 257 1 13 1 25 1 396 1 1 1 259 1 45 1 322 1 50 1 158 1 267 5 254 1 316 1 4 1 125 1 272 1 387 1 271 1 258 2 317 1 476 1 14 1 269 1 273 1 264 1 320 2 250 1
201 49 36 429 1 62 1 145 2 106 2 137 1 22 1 275 1 443 1 169 3 466 1 590 1 81 1 383 1 71 1 523 1 6 1 118 1 138 2 59 4 251 1 117 2 128 2 183 2 72 1 10 1 532 1 13 1 710 1 246 3 396 1 538 1 259 1 45 1 158 1 50 1 258 1
207 50 42 145 2 106 2 137 1 22 1 34 1 275 1 91 1 451 1 443 1 169 2 590 1 81 1 71 1 6 1 138 2 59 3 574 1 252 1 117 2 214 1 128 1 72 1 9 1 10 1 532 2 13 1 25 1 396 1 1 1 259 1 45 1 200 1 267 5 109 1 254 1 65 1 4 1 199 1 284 1 271 1 31 2 250 1
214 51 57 321 1 93 1 74 1 214 1 343 1 344 1 117 1 346 1 237 1 419 1 349 1 72 1 9 1 356 3 632 1 319 1 532 1 13 1 112 1 25 2 754 1 247 1 70 1 418 1 396 2 502 2 538 1 259 1 45 1 323 1 342 1 350 1 322 1 217 1 50 2 421 1 499 1 267 5 340 1 109 1 191 1 254 1 65 1 241 1 4 1 324 1 326 1 235 1 347 1 355 1 423 1 125 1 491 1 497 1 498 1 284 1 655 1
222 52 71 219 1 70 1 259 1 45 2 515 1 200 2 158 1 267 5 382 2 254 1 65 1 4 1 195 1 498 1 284 1 387 1 271 1 757 1 560 1 385 1 143 6 258 1 278 1 816 1 776 1 604 1 766 1 767 1 697 1 774 1 516 2 775 1 519 1 753 1 758 1 718 1 636 1 36 2 682 1 683 1 768 1 297 1 734 1 752 1 755 1 756 1 625 1 761 1 765 1 301 1 545 1 299 1 759 1 747 1 627 1 814 1 543 1 738 1 764 1 655 1 787 1 751 1 817 1 309 1 563 2 808 1 14 1 269 4 811 1 288 1 809 1
//IdTournes NbColis
18 6
//IdColis IdCommandeInColis NbProducts IdProd1 QtyProd1 IdProd2 QtyProd2 ...
229 53 49 71 1 138 2 59 3 314 1 542 2 283 1 252 1 117 2 237 1 104 1 463 2 128 1 72 1 9 1 10 1 565 2 356 1 100 1 532 2 319 1 25 2 694 1 219 1 246 1 70 1 396 1 538 1 259 1 45 1 323 2 50 1 267 5 109 1 191 1 65 1 331 1 4 1 235 1 355 2 491 1 498 1 284 1 271 1 652 1 143 1 258 2 278 1 816 1 273 1
234 54 48 169 1 679 2 451 1 624 1 81 1 276 1 71 1 6 1 138 2 59 3 251 1 680 1 252 1 117 2 128 1 72 1 9 1 10 1 100 1 532 1 13 1 396 1 1 1 259 1 45 4 200 1 267 5 109 1 254 1 65 1 4 1 187 1 284 1 310 1 271 1 232 1 108 1 258 1 476 1 681 1 682 1 683 1 269 1 595 1 596 1 273 1 518 1 684 1
240 56 35 51 1 293 1 34 1 275 1 169 1 81 1 276 1 71 1 123 1 59 3 285 1 314 1 542 1 90 1 72 1 282 1 9 1 13 1 581 1 259 1 45 1 50 1 267 4 254 1 658 1 4 1 125 1 195 1 284 1 643 1 271 1 143 1 258 2 14 1 250 1
244 58 33 22 1 71 1 6 1 88 1 59 3 285 1 252 1 90 2 93 1 74 1 72 1 9 1 10 1 13 2 418 1 1 1 259 1 267 4 254 1 4 1 284 1 168 1 271 1 258 2 301 1 14 1 269 1 675 1 273 1 264 1 32 1 37 1 250 1
3 1 23 395 1 154 1 103 1 377 1 378 1 52 1 438 1 110 1 87 3 111 1 366 1 242 2 121 1 456 1 539 1 135 1 55 1 393 1 473 1 379 1 163 1 12 4 254 1
15 3 23 52 1 378 1 399 1 438 1 213 2 110 1 111 1 338 1 242 1 121 1 136 1 456 1 539 1 135 1 55 3 503 1 641 1 205 1 667 3 433 1 629 1 792 1 254 1
//IdTournes NbColis
19 6
//IdColis IdCommandeInColis NbProducts IdProd1 QtyProd1 IdProd2 QtyProd2 ...
21 4 25 670 1 302 1 796 1 561 1 598 1 99 1 134 1 151 1 653 1 707 1 599 1 448 1 797 1 490 1 691 1 76 1 103 1 597 1 305 1 296 1 351 1 52 1 373 1 110 1 14 1
52 10 29 378 1 404 1 414 1 44 2 110 1 111 1 415 1 121 1 456 1 135 1 95 1 433 1 629 1 12 1 107 1 122 2 388 1 46 1 79 1 429 1 452 1 493 1 106 2 58 2 137 1 22 1 6 1 13 1 530 1
108 27 27 509 1 392 1 533 1 206 1 103 1 154 1 455 1 597 1 296 1 52 1 105 1 365 1 377 1 510 1 279 1 110 1 111 1 338 1 242 1 121 1 456 1 86 1 135 1 773 1 205 1 360 1 728 1
186 45 21 277 1 27 1 249 2 2 1 255 1 260 1 33 1 3 1 256 1 261 1 8 1 280 1 281 1 61 1 75 1 141 1 279 1 121 1 44 1 110 1 250 1
227 53 25 510 1 438 1 772 1 279 1 110 1 328 1 111 1 338 1 44 2 121 1 456 1 475 1 304 1 135 1 465 1 773 1 205 1 360 1 163 3 400 1 379 1 12 1 122 1 59 1 26 1
237 55 45 44 1 110 1 153 1 406 1 12 1 467 1 80 1 124 1 58 1 51 1 22 1 265 1 81 1 71 1 6 1 88 1 59 4 251 1 283 1 542 1 252 1 90 2 74 1 72 1 257 1 319 1 73 1 25 1 1 1 259 1 267 5 254 1 4 1 605 1 284 3 168 1 271 1 258 2 545 1 535 1 273 1 264 1 544 1 250 1 270 1
//IdTournes NbColis
20 6
//IdColis IdCommandeInColis NbProducts IdProd1 QtyProd1 IdProd2 QtyProd2 ...
243 58 26 249 2 2 1 260 1 255 1 261 1 3 1 256 1 54 1 140 1 546 1 531 1 75 1 141 1 134 1 103 1 438 1 121 1 44 1 110 1 163 1 467 1 80 1 137 1 58 1 51 1 81 1
245 59 29 7 1 8 1 54 1 140 1 531 1 60 1 61 1 280 1 469 1 141 1 165 1 330 1 134 1 144 1 296 1 52 1 121 1 110 1 44 1 417 1 135 1 609 1 122 1 107 1 437 1 137 1 145 1 106 1 6 1
23 4 25 163 1 400 2 12 2 122 2 388 1 53 1 80 1 89 1 197 1 446 1 623 1 437 2 452 1 292 1 793 1 145 2 106 3 137 1 265 1 339 1 275 1 156 1 169 3 6 1 254 1
42 8 26 433 1 150 1 12 3 122 2 388 1 467 1 46 1 79 1 80 1 89 1 712 1 51 1 58 2 124 1 268 1 526 2 169 2 484 1 152 1 428 2 81 1 71 1 6 1 88 2 59 2 258 1
62 14 34 141 1 165 1 30 1 296 1 121 1 44 1 95 1 400 1 379 1 12 1 467 1 80 1 292 1 106 2 137 1 145 2 34 1 293 1 156 1 169 1 81 1 276 1 71 1 6 1 88 2 59 4 252 1 117 2 64 1 72 1 9 1 282 1 73 1 294 1
109 27 31 393 1 122 2 80 2 437 1 429 1 386 1 145 2 106 2 293 1 789 2 34 1 339 1 275 1 91 1 484 1 451 1 443 1 567 1 568 1 81 1 483 1 276 1 71 1 523 1 6 1 138 2 59 2 727 1 285 1 74 1 258 1
//IdTournes NbColis
21 6
//IdColis IdCommandeInColis NbProducts IdProd1 QtyProd1 IdProd2 QtyProd2 ...
116 29 30 302 1 315 1 179 1 392 1 274 1 296 1 52 1 365 1 611 1 44 1 146 1 213 1 121 1 48 1 86 1 135 1 477 1 190 1 467 1 122 1 212 1 46 1 80 1 437 1 442 1 51 1 58 1 124 1 293 1 284 1
173 42 27 398 1 436 1 441 1 274 1 164 1 296 2 52 1 438 1 378 1 266 1 245 1 242 2 121 1 135 1 433 1 629 1 12 1 122 1 467 2 46 1 80 1 437 1 429 1 440 1 145 1 59 1 517 1
200 49 20 412 1 213 1 44 2 87 1 48 1 121 1 539 1 77 1 135 2 503 1 393 1 513 1 163 1 400 2 122 2 467 2 46 1 80 5 89 1 437 1
212 51 26 113 1 87 1 341 1 366 1 242 2 397 1 48 1 121 1 420 1 539 1 86 2 77 1 135 2 95 1 359 1 773 1 360 1 416 1 163 1 400 1 12 1 122 2 467 1 80 1 89 1 518 1
220 52 22 135 2 95 3 55 1 477 2 473 1 821 1 163 1 388 1 389 1 122 1 467 1 46 1 80 4 386 1 493 1 437 2 292 1 145 2 384 1 106 1 59 1 273 1
24 4 33 489 2 409 1 686 1 688 1 451 2 690 1 536 1 268 1 795 1 81 1 687 1 71 1 138 2 59 3 39 1 251 1 314 1 252 1 117 3 74 1 214 1 450 2 72 2 9 1 229 1 449 1 632 1 319 1 532 1 112 1 25 1 418 1 269 1
//IdTournes NbColis
22 6
//IdColis IdCommandeInColis NbProducts IdProd1 QtyProd1 IdProd2 QtyProd2 ...
157 38 41 117 2 237 1 214 1 72 2 9 1 10 1 696 1 73 3 236 3 356 1 319 1 13 1 112 2 699 1 25 1 538 1 259 1 200 1 267 5 698 1 109 1 382 1 254 1 4 1 235 1 125 4 491 1 573 1 310 1 284 1 142 2 630 3 258 2 664 1 697 1 666 1 301 1 656 1 273 1 518 1 250 1
196 48 33 99 1 151 1 30 1 154 1 303 1 373 1 332 1 44 1 333 1 121 1 55 1 416 1 163 1 379 1 12 1 467 1 46 1 51 2 58 2 124 1 22 1 265 1 169 1 428 1 152 1 156 1 81 1 276 1 47 1 71 1 6 1 59 1 319 1
221 52 37 106 2 137 1 529 1 22 1 275 1 156 1 152 1 489 1 409 2 401 2 169 3 521 1 526 1 762 1 802 1 735 1 819 1 47 1 59 2 251 1 285 2 327 1 314 1 542 2 252 2 321 1 214 1 9 1 723 1 319 1 532 1 13 1 112 1 25 1 538 1 250 1 270 1
6 2 18 286 1 218 1 27 1 7 2 2 1 5 1 505 4 255 1 3 1 15 1 256 1 8 1 75 1 94 1 57 1 85 1 114 1 23 1
27 5 17 42 2 638 1 639 1 249 2 2 1 374 1 376 1 411 1 5 1 255 1 15 1 3 1 256 1 92 1 94 1 57 1 108 1
224 53 15 807 1 354 2 7 2 2 1 5 1 255 1 207 3 352 1 15 1 3 1 256 3 8 1 94 1 57 1 251 1
//IdTournes NbColis
23 6
//IdColis IdCommandeInColis NbProducts IdProd1 QtyProd1 IdProd2 QtyProd2 ...
231 54 20 40 2 185 1 27 1 7 2 2 1 5 1 255 1 33 1 3 1 15 1 94 1 57 1 60 1 96 1 114 1 54 1 478 1 369 1 140 1 250 1
22 4 22 377 1 378 1 399 1 689 1 504 1 266 2 113 1 111 1 213 1 242 2 121 1 420 1 456 1 86 1 77 1 135 2 116 1 95 1 359 1 641 1 629 2 59 1
29 5 27 378 1 404 1 126 1 412 1 504 1 44 2 146 1 121 1 366 1 415 1 135 1 153 1 503 1 371 1 163 1 12 1 107 1 122 2 79 1 429 1 58 2 137 1 106 2 500 1 275 1 91 1 258 1
151 37 28 539 1 135 1 153 1 393 1 391 1 12 1 388 1 107 1 122 2 467 2 234 1 79 1 429 1 452 1 58 2 51 2 137 1 22 1 567 1 169 1 451 1 81 1 71 1 6 1 88 2 59 4 574 1 542 1
4 1 33 12 1 107 1 122 1 46 1 442 1 493 1 437 1 172 1 145 2 106 2 137 1 91 1 443 1 169 2 409 1 81 1 381 1 71 1 6 1 138 2 59 4 251 1 283 1 314 1 252 1 117 1 128 2 72 1 9 1 10 1 229 3 632 1 258 1
16 3 26 473 1 400 1 12 1 107 1 122 2 437 1 429 1 172 1 188 1 145 2 106 2 137 1 34 1 293 1 339 1 466 1 401 2 169 4 526 1 520 1 81 1 71 1 6 1 138 2 59 4 269 1
//IdTournes NbColis
24 6
//IdColis IdCommandeInColis NbProducts IdProd1 QtyProd1 IdProd2 QtyProd2 ...
34 6 35 304 1 121 1 136 1 55 1 477 1 400 1 379 1 467 1 46 1 51 2 58 2 124 1 265 1 22 1 536 1 312 1 443 1 156 1 81 1 47 1 71 1 123 2 59 3 251 1 542 1 252 1 90 2 72 1 9 1 10 1 257 1 617 1 13 1 25 1 593 1
60 13 24 293 1 152 1 81 1 276 1 71 1 6 1 88 1 59 3 285 1 314 1 252 2 90 2 74 1 72 1 282 1 148 1 294 1 267 4 287 1 709 1 142 1 258 1 289 1 720 1
65 15 32 22 1 34 1 265 1 529 1 275 1 81 1 71 1 6 1 88 1 59 3 251 1 283 1 542 1 252 1 90 2 74 1 72 1 10 3 100 1 257 1 25 1 267 5 166 1 162 1 168 2 142 1 258 1 612 1 768 1 273 1 264 1 250 1
67 16 43 467 1 51 1 124 1 58 1 62 1 172 1 731 1 293 1 34 1 169 1 81 1 735 1 276 1 71 1 6 1 123 1 59 3 285 1 252 1 90 2 74 1 72 1 9 1 282 1 13 1 1 1 294 1 259 1 170 1 50 1 158 1 267 4 4 1 272 1 168 1 271 1 258 2 734 1 14 1 269 1 733 1 732 1 250 1
70 17 31 380 1 30 1 154 1 305 1 311 1 365 1 611 1 304 1 121 1 55 1 477 1 163 1 12 1 467 1 634 1 51 2 176 1 58 2 124 1 22 1 156 1 268 1 526 1 312 1 152 1 81 1 71 1 523 1 123 1 59 1 319 1
92 23 28 531 1 436 1 441 1 533 1 196 1 438 1 378 1 48 1 44 1 475 1 121 1 55 1 477 1 400 1 12 1 467 1 46 1 197 1 429 1 106 2 145 2 137 1 528 1 22 1 265 1 529 1 169 1 81 1
//IdTournes NbColis
25 6
//IdColis IdCommandeInColis NbProducts IdProd1 QtyProd1 IdProd2 QtyProd2 ...
100 25 34 296 1 311 1 171 1 44 1 304 1 121 1 203 1 12 1 467 1 46 1 51 2 124 1 58 2 22 1 275 1 156 1 152 1 521 1 268 1 526 1 169 1 81 1 47 1 71 1 6 1 123 2 59 4 251 1 823 1 252 1 104 1 90 2 258 1 250 1
103 26 30 139 1 633 1 30 1 303 1 438 1 365 1 611 1 48 1 121 1 44 1 304 1 477 1 205 1 379 1 12 1 467 1 46 1 51 2 124 1 58 2 22 1 156 1 644 1 536 1 169 1 152 1 81 1 47 1 13 1 250 1
113 28 29 436 1 533 1 404 1 121 1 44 1 629 1 400 1 379 1 12 1 467 1 46 1 429 1 51 2 124 1 58 2 22 1 637 1 443 1 169 2 428 1 466 1 81 1 47 1 71 1 6 1 88 2 59 4 252 1 264 1
124 31 29 539 1 415 1 135 1 629 1 379 1 12 1 107 1 122 2 79 1 442 1 462 1 429 1 51 2 58 2 124 1 22 1 169 1 428 1 466 1 81 1 71 1 6 3 88 2 59 4 251 1 90 2 128 1 9 1 538 1
128 32 31 44 1 223 1 227 1 121 1 626 2 55 1 433 1 629 1 400 1 467 1 212 1 46 1 442 1 429 1 106 1 145 2 137 1 486 1 22 1 401 1 466 1 520 1 81 1 71 1 47 1 226 1 88 2 59 3 251 1 285 1 254 1
133 33 31 135 1 55 1 433 1 629 1 379 1 12 1 212 1 46 1 79 1 429 1 106 2 145 2 137 1 22 1 228 1 466 1 624 1 169 1 81 1 71 1 47 1 88 2 59 4 251 1 283 1 314 1 252 1 117 2 72 1 64 1 73 1
//IdTournes NbColis
26 6
//IdColis IdCommandeInColis NbProducts IdProd1 QtyProd1 IdProd2 QtyProd2 ...
142 35 32 433 1 379 1 400 1 122 1 467 1 46 1 79 1 429 1 51 2 58 2 137 1 265 1 22 1 231 1 443 1 169 1 428 1 466 1 637 1 81 1 523 1 6 1 88 2 59 4 251 1 314 1 252 2 90 2 64 1 72 1 9 1 10 1
156 38 29 122 1 386 1 493 1 437 1 452 1 292 1 106 2 145 2 137 1 22 1 91 2 401 1 169 2 489 1 521 3 704 1 81 1 71 1 6 1 118 1 138 2 59 3 314 1 700 1 283 1 252 1 74 1 117 1 14 1
183 44 24 629 2 473 1 400 1 379 1 163 4 12 1 122 2 89 1 437 1 429 1 145 2 106 2 137 1 22 1 265 1 275 1 339 1 268 1 401 1 466 1 654 1 169 1 81 1 9 1
193 47 29 438 1 508 1 614 1 611 1 304 1 44 1 121 1 55 1 163 1 150 1 467 1 46 1 51 2 137 1 58 2 22 1 275 1 312 1 169 1 428 1 152 1 81 1 276 1 47 2 71 1 6 1 88 2 59 3 258 1
228 53 26 122 1 464 1 386 1 437 1 452 1 292 1 172 1 176 2 145 2 106 2 137 1 741 1 528 2 339 1 156 1 401 3 169 2 654 1 152 1 489 2 536 1 521 1 81 1 329 1 6 1 13 1
242 57 20 805 1 34 1 81 1 71 1 6 1 123 1 59 3 285 1 252 1 90 1 375 1 72 1 267 4 272 1 804 1 258 1 604 1 299 1 806 1 250 1
//IdTournes NbColis
27 6
//IdColis IdCommandeInColis NbProducts IdProd1 QtyProd1 IdProd2 QtyProd2 ...
12 3 19 277 1 35 1 185 1 2 2 413 1 5 1 194 1 208 1 255 1 175 1 368 1 33 1 3 1 15 1 256 1 63 1 57 1 60 1 32 1
36 7 23 249 1 2 1 255 1 256 1 261 1 49 1 54 1 57 1 60 1 61 1 63 1 67 1 68 1 426 1 402 1 140 1 468 1 601 1 302 1 531 1 469 1 398 1 13 1
209 51 13 703 1 569 1 7 4 5 1 255 2 522 3 15 1 3 2 256 1 8 1 192 1 57 1 47 1
213 51 33 46 1 197 1 348 1 79 2 493 1 452 1 442 1 386 1 462 1 292 1 176 1 106 3 145 2 137 1 496 1 500 1 22 1 91 1 489 1 501 2 466 1 818 1 762 1 735 1 802 1 819 1 523 1 6 1 59 4 251 1 542 1 252 1 9 1
47 9 28 365 1 105 1 611 1 364 1 87 1 121 1 366 1 304 1 415 1 135 1 95 1 477 1 379 1 12 1 107 1 122 2 649 1 89 1 437 1 58 2 51 2 137 1 22 1 91 1 156 1 536 1 521 1 169 1
73 18 29 533 1 441 1 392 1 436 1 274 1 52 1 438 1 378 1 44 1 121 1 626 1 135 1 55 1 629 1 379 1 12 1 122 1 79 1 623 1 429 1 106 2 137 1 58 2 178 1 22 1 526 1 624 1 6 1 13 1
//IdTournes NbColis
28 6
//IdColis IdCommandeInColis NbProducts IdProd1 QtyProd1 IdProd2 QtyProd2 ...
80 20 26 461 1 140 1 380 1 398 1 103 1 154 1 305 1 311 1 438 1 471 1 184 1 44 1 304 1 121 1 86 1 55 2 95 1 477 1 150 1 379 1 46 1 51 2 58 2 124 1 13 1 250 1
84 21 30 30 1 398 1 441 1 392 1 455 2 52 1 404 1 44 1 121 1 135 1 433 1 190 1 379 1 467 1 122 1 613 1 46 1 79 1 429 1 442 1 51 2 58 2 188 1 137 1 22 1 529 1 553 1 169 1 466 1 14 1
96 24 28 302 1 181 1 398 1 748 1 274 1 164 1 52 1 365 2 242 1 48 1 121 1 135 1 629 1 12 1 122 1 467 1 46 1 79 1 89 1 386 1 429 1 106 2 145 2 137 1 428 1 156 1 425 1 745 1
137 34 25 414 3 373 1 44 1 227 3 415 1 417 1 121 1 539 1 135 1 503 1 416 1 716 1 12 1 107 1 122 2 79 1 292 1 51 2 58 2 124 1 22 1 275 1 409 1 6 1 14 1
146 36 28 305 1 311 1 614 1 504 1 438 1 365 1 611 1 44 1 121 1 304 1 55 1 477 1 155 2 416 1 163 1 12 1 467 1 46 1 442 1 172 1 51 2 58 2 137 1 34 1 22 1 275 1 428 1 59 1
160 39 29 30 1 436 1 441 1 392 1 52 1 378 1 404 1 44 1 48 1 121 1 135 1 55 1 482 1 433 1 629 1 12 1 122 1 467 1 437 1 429 1 442 1 51 2 58 2 124 1 265 1 528 1 22 1 169 1 88 1
//IdTournes NbColis
29 6
//IdColis IdCommandeInColis NbProducts IdProd1 QtyProd1 IdProd2 QtyProd2 ...
164 40 23 470 3 165 1 592 1 103 1 296 1 311 1 471 3 414 1 44 1 121 1 304 1 55 1 477 1 163 1 467 4 46 1 51 2 58 2 124 1 22 1 275 1 226 1 26 1
178 43 28 366 3 48 1 121 1 539 1 135 1 55 1 503 1 433 1 248 1 122 1 467 1 46 1 79 1 429 1 452 1 442 1 58 2 51 2 137 1 22 1 339 1 275 1 91 1 451 1 169 1 428 1 567 1 59 2
190 46 35 139 1 140 1 469 1 30 1 305 1 303 1 78 1 48 1 44 1 121 1 135 1 55 1 12 1 122 1 46 1 79 1 442 1 51 2 58 2 124 1 275 1 156 1 47 1 6 1 59 4 252 1 9 1 257 1 619 1 13 1 25 1 225 1 70 1 396 1 297 1
205 50 22 300 1 701 1 692 1 668 1 99 1 181 1 405 2 592 1 509 1 392 1 533 1 196 1 395 1 407 1 597 2 164 1 274 2 296 1 311 1 335 1 105 1 242 1
1 1 10 277 1 708 1 7 3 2 2 5 4 255 3 207 1 3 1 15 1 117 1
107 27 23 363 1 380 1 460 1 453 1 139 1 394 1 140 1 507 1 668 1 598 1 790 1 300 1 701 1 692 1 134 1 405 1 151 1 729 1 653 1 707 1 599 1 59 1 250 1
//IdTournes NbColis
30 6
//IdColis IdCommandeInColis NbProducts IdProd1 QtyProd1 IdProd2 QtyProd2 ...
168 41 20 96 1 97 1 67 1 512 1 434 1 140 1 480 1 426 1 402 1 302 1 692 1 742 3 633 1 392 1 441 1 533 1 52 1 242 1 59 1 518 1
177 43 22 394 1 140 1 561 1 562 1 280 1 492 1 469 1 506 1 392 1 533 1 541 1 52 1 373 1 126 1 504 1 378 1 404 2 365 1 377 1 44 2 366 1 59 1
204 50 16 96 1 97 1 114 1 139 1 198 1 408 1 54 2 507 1 140 1 444 2 460 1 534 4 598 1 300 1 30 1 59 1
233 54 27 338 1 479 1 121 1 539 1 86 1 135 1 503 1 205 1 667 1 433 1 393 1 473 1 163 1 400 1 122 2 437 1 429 1 452 1 106 2 145 2 137 1 22 1 339 1 401 2 567 1 169 1 59 1
246 59 18 293 1 34 2 536 1 803 1 735 1 6 1 59 3 285 1 314 1 252 1 581 1 267 4 65 1 387 1 258 1 596 1 760 1 250 1
119 30 26 439 1 315 1 531 1 665 1 601 1 30 1 392 1 395 1 105 1 52 1 44 1 366 1 415 1 121 1 475 1 135 1 95 1 473 1 379 1 400 1 12 1 107 1 122 2 452 1 437 1 254 1
//IdTournes NbColis
31 6
//IdColis IdCommandeInColis NbProducts IdProd1 QtyProd1 IdProd2 QtyProd2 ...
206 50 24 52 1 399 1 377 1 508 1 510 1 779 1 213 2 242 1 121 1 415 1 539 1 135 1 95 1 406 2 773 1 473 1 163 1 12 2 388 1 107 1 122 2 437 1 429 1 319 1
181 44 21 185 1 249 2 255 1 260 1 194 2 208 1 3 1 256 1 261 1 8 1 60 1 96 1 63 1 68 1 54 1 140 1 402 1 147 1 670 1 671 1 86 1
182 44 26 30 1 398 1 436 1 206 1 274 1 164 1 266 1 365 1 378 1 399 1 52 1 414 1 438 1 146 1 336 1 87 2 338 1 242 1 403 1 121 1 136 1 135 1 205 1 629 2 250 1 270 1
226 53 24 692 1 540 3 330 1 233 1 99 1 151 1 134 1 599 1 579 1 30 1 206 1 103 1 164 1 597 1 305 1 274 1 353 1 390 1 311 1 351 1 52 1 365 1 377 1 254 1
211 51 24 380 1 460 1 507 1 668 1 300 1 701 1 631 1 692 1 813 1 99 1 141 1 492 1 469 1 506 1 592 1 599 1 533 1 76 1 541 1 52 1 438 1 279 1 245 1 518 1
41 8 26 402 1 140 1 315 1 302 1 151 1 398 1 30 1 76 1 311 1 78 1 438 1 171 1 378 1 44 1 87 1 121 1 420 1 48 1 539 1 304 1 77 1 86 1 135 2 190 1 51 1 518 1
//IdTournes NbColis
32 6
//IdColis IdCommandeInColis NbProducts IdProd1 QtyProd1 IdProd2 QtyProd2 ...
219 52 22 315 1 576 1 701 1 302 1 469 2 506 1 305 2 390 1 311 1 52 1 438 1 378 1 399 1 266 2 213 1 87 1 242 2 48 1 121 1 539 1 12 1 681 1
150 37 23 576 2 660 1 601 1 140 1 233 1 575 1 492 1 30 1 392 1 533 1 395 1 541 1 126 1 377 1 378 1 78 1 105 1 504 1 438 1 44 2 397 1 121 1 415 1
155 38 26 546 1 233 1 30 1 395 1 52 1 126 1 377 1 378 1 404 1 105 1 373 1 412 1 213 3 242 2 366 1 121 1 539 1 503 1 473 1 400 1 12 1 107 1 388 1 122 1 106 1 702 1
215 51 71 168 1 189 1 271 1 495 1 630 1 770 1 142 2 494 1 757 1 728 1 560 1 812 1 108 1 372 1 769 1 511 1 143 1 258 2 278 1 815 1 816 1 766 1 767 1 776 1 604 1 697 1 297 1 753 1 758 1 718 1 636 1 681 1 36 1 682 1 683 1 768 1 516 1 775 1 519 2 774 1 752 1 755 2 756 1 625 2 761 1 765 1 734 1 771 1 759 1 747 1 627 1 545 1 299 1 814 1 543 1 751 1 738 1 763 1 764 1 787 1 817 1 309 1 788 1 38 1 273 2 777 2 760 1 733 1 786 2 684 3 250 2
32 6 13 40 4 7 1 2 1 194 1 5 4 255 1 3 2 256 1 15 1 75 1 54 1 192 1 12 1
46 9 23 67 1 159 1 224 1 598 1 300 1 546 1 302 1 540 1 140 1 444 1 380 1 459 1 650 1 99 1 151 1 599 1 395 1 154 1 305 1 296 1 311 1 52 1 44 1
//IdTournes NbColis
33 6
//IdColis IdCommandeInColis NbProducts IdProd1 QtyProd1 IdProd2 QtyProd2 ...
51 10 24 601 1 719 1 546 1 302 1 540 1 99 1 151 3 134 1 653 1 707 1 398 1 30 1 533 1 783 1 395 1 103 1 455 1 274 2 597 1 296 1 105 1 52 1 13 1 530 1
141 35 25 302 1 601 1 140 1 99 1 579 1 398 1 30 1 392 1 154 1 296 1 311 1 52 1 335 1 404 1 584 1 438 1 44 1 121 1 48 1 304 1 135 1 55 1 190 2 12 1 26 1
199 49 24 224 1 369 1 394 1 140 1 514 1 561 1 576 1 99 1 592 1 575 1 30 1 76 1 144 1 541 1 296 1 373 1 126 1 377 1 52 1 504 1 438 1 378 1 399 1 9 1
202 49 26 267 5 382 1 109 1 254 1 65 1 4 1 310 1 284 1 287 1 271 1 108 1 476 3 652 2 621 1 591 1 41 1 14 1 675 1 535 1 273 1 672 3 673 2 674 3 264 1 29 1 250 1
25 4 19 1 1 259 1 200 1 267 5 4 1 358 1 125 1 491 1 284 1 168 1 271 1 258 2 794 1 289 1 38 1 273 1 669 1 37 1 250 1
14 3 19 134 2 470 1 653 1 575 1 599 1 30 1 441 1 392 1 436 1 206 1 76 1 154 2 103 1 407 4 144 1 597 1 274 2 305 4 669 1
//IdTournes NbColis
34 6
//IdColis IdCommandeInColis NbProducts IdProd1 QtyProd1 IdProd2 QtyProd2 ...
132 33 25 434 1 140 1 585 1 315 1 589 1 546 1 453 1 179 1 398 1 30 1 431 1 436 1 586 1 274 1 164 1 435 1 432 1 78 1 378 1 404 1 508 1 44 1 121 1 48 1 518 1
135 34 8 277 4 40 1 218 1 413 1 411 1 255 2 5 2 271 1
20 4 14 68 3 224 1 445 1 447 1 402 1 120 1 369 1 54 2 459 1 394 1 140 2 410 4 30 1 518 1
169 41 22 438 1 378 1 404 1 614 3 743 1 121 1 366 1 135 1 477 3 379 1 12 1 122 1 467 1 437 1 429 1 145 2 106 2 137 1 528 3 22 1 275 1 520 1
127 32 16 444 2 315 1 300 3 540 1 398 1 441 1 488 1 533 1 691 3 164 1 296 1 378 1 404 1 487 2 222 1 106 1
88 22 26 531 1 140 1 402 1 575 1 469 1 30 1 533 1 441 1 103 1 274 1 164 1 296 1 52 1 404 1 44 1 121 1 135 1 55 1 190 1 12 3 467 1 122 1 493 2 437 1 106 1 538 1
//IdTournes NbColis
35 6
//IdColis IdCommandeInColis NbProducts IdProd1 QtyProd1 IdProd2 QtyProd2 ...
123 31 25 54 1 434 1 140 1 444 2 315 1 302 1 540 1 151 1 141 1 492 1 398 1 30 1 392 1 533 1 436 1 395 1 541 1 296 1 52 1 432 1 378 1 44 2 121 1 13 1 530 1
232 54 23 480 1 561 1 562 1 576 1 633 1 512 1 470 1 592 1 575 1 30 1 392 1 533 1 206 1 144 1 597 1 52 1 438 1 377 1 412 1 508 2 685 1 242 2 14 1
8 2 19 335 2 126 1 377 1 378 1 105 1 373 1 366 1 242 2 121 1 415 1 539 1 135 1 503 1 785 1 360 3 393 2 482 2 379 1 250 1
31 5 15 4 1 284 1 310 1 271 1 640 1 108 2 372 1 258 1 41 1 14 1 550 3 273 1 587 1 264 1 270 1
208 50 10 24 1 108 2 511 2 258 1 14 1 269 1 596 1 273 1 564 1 518 1
121 30 29 267 3 191 1 4 2 125 1 284 1 556 1 387 1 271 1 560 2 258 4 739 1 476 1 635 1 554 1 555 1 557 1 636 1 36 4 301 2 543 1 309 1 738 1 14 1 676 1 269 2 273 1 38 1 307 2 518 1
//IdTournes NbColis
36 3
//IdColis IdCommandeInColis NbProducts IdProd1 QtyProd1 IdProd2 QtyProd2 ...
98 24 10 511 1 664 1 516 1 519 1 747 1 14 1 269 1 675 1 273 1 674 3
230 53 8 771 1 299 1 822 2 14 1 580 1 577 1 264 3 250 2
217 52 11 277 1 810 1 798 1 725 1 7 1 2 2 524 2 5 3 15 3 3 1 533 1
