//NbTournees
80
//IdTournes NbColis
1 6
//IdColis IdCommandeInColis NbProducts IdProd1 QtyProd1 IdProd2 QtyProd2 ...
6 1 18 329 1 145 1 171 1 430 1 45 1 475 1 1 1 381 1 216 2 391 1 218 1 308 1 134 1 508 1 453 2 630 1 456 1 506 1
14 2 21 471 1 437 1 520 1 417 2 38 1 438 1 496 1 329 1 6 1 1 1 535 1 360 2 368 2 342 2 586 6 522 1 305 1 39 1 36 1 448 1 33 1
19 3 22 349 1 2 1 4 1 13 1 389 1 228 1 310 1 316 2 476 1 477 1 412 1 345 2 451 1 482 1 338 1 285 1 330 2 417 2 38 1 329 1 405 1 325 1
25 4 12 419 1 350 2 341 5 552 2 376 1 2 1 26 2 180 1 284 1 231 1 187 1 594 4
36 5 30 417 1 34 2 400 1 452 1 450 1 329 1 3 1 238 1 430 1 31 1 48 1 61 1 517 1 315 1 66 1 29 1 176 1 220 1 327 1 435 1 302 1 305 1 28 2 242 1 395 1 20 1 125 1 536 1 506 2 585 2
45 6 23 34 1 110 1 433 1 438 1 452 1 609 1 576 1 645 1 329 1 50 1 85 1 3 2 11 2 430 1 584 1 162 1 408 1 368 3 342 5 586 5 19 1 29 2 506 1
//IdTournes NbColis
2 6
//IdColis IdCommandeInColis NbProducts IdProd1 QtyProd1 IdProd2 QtyProd2 ...
537 88 10 477 1 412 2 479 1 285 1 330 2 340 1 532 1 599 1 1 1 256 1
49 7 8 42 1 264 1 10 1 689 1 22 1 23 1 37 1 46 1
35 5 19 552 1 341 3 4 1 259 1 686 1 269 1 594 1 344 1 374 1 489 1 290 1 316 2 497 1 451 1 455 1 380 1 595 2 482 1 330 2
60 8 20 335 1 552 2 4 1 26 1 180 1 680 1 109 1 241 2 295 1 489 1 370 1 147 1 361 1 371 1 382 1 406 2 451 1 476 2 477 1 417 1
67 9 23 301 1 349 1 533 1 4 1 392 1 307 1 374 1 414 1 451 1 567 2 619 1 367 1 285 1 292 1 340 1 674 1 532 1 528 1 315 1 415 1 62 1 20 1 577 1
72 10 18 445 2 350 2 376 1 4 1 26 1 59 1 228 1 269 1 431 1 370 1 371 2 379 1 290 1 406 1 443 2 650 3 556 1 429 1
//IdTournes NbColis
3 6
//IdColis IdCommandeInColis NbProducts IdProd1 QtyProd1 IdProd2 QtyProd2 ...
83 11 13 445 2 334 1 472 2 570 2 469 2 612 4 4 1 26 1 59 1 431 3 362 1 510 1 432 1
316 46 16 570 1 341 4 552 2 4 1 26 1 307 1 344 2 374 1 298 1 489 2 499 1 468 1 310 1 432 2 490 1 406 1
549 92 17 233 1 583 1 480 1 311 1 352 1 313 1 349 2 355 2 301 1 4 1 169 1 663 1 344 1 451 1 316 3 477 1 578 1
92 12 22 370 1 382 3 345 3 476 2 412 1 556 2 316 1 50 1 405 1 342 4 304 3 305 2 435 1 302 1 28 1 67 1 165 1 283 1 357 1 559 1 536 1 585 1
96 13 11 451 1 455 1 367 1 340 1 38 1 532 1 6 1 320 1 358 1 67 1 506 1
99 14 18 404 1 419 1 350 1 303 1 272 1 584 1 475 1 83 1 397 1 500 2 56 1 67 1 165 1 425 1 590 1 591 1 504 1 592 1
//IdTournes NbColis
4 6
//IdColis IdCommandeInColis NbProducts IdProd1 QtyProd1 IdProd2 QtyProd2 ...
106 15 24 550 3 479 1 285 1 330 2 294 1 400 1 609 1 329 1 85 1 88 1 282 2 145 1 82 1 68 1 215 1 325 1 703 2 245 2 408 1 336 3 342 1 415 2 524 1 305 1
71 10 15 618 1 481 1 378 1 384 1 441 1 354 1 561 2 328 1 339 4 288 1 314 1 323 1 303 1 409 1 47 1
109 16 6 64 1 40 1 264 1 69 1 246 1 651 1
114 17 5 57 2 80 1 194 1 69 1 33 1
118 18 5 40 2 157 1 121 1 69 1 135 1
137 19 13 638 2 632 2 89 2 500 1 538 1 527 1 242 1 253 1 136 2 137 1 99 1 175 3 453 2
//IdTournes NbColis
5 6
//IdColis IdCommandeInColis NbProducts IdProd1 QtyProd1 IdProd2 QtyProd2 ...
17 3 12 254 1 9 2 25 1 30 1 202 1 203 1 5 1 280 1 396 1 398 1 324 1 335 1
141 20 10 178 1 90 1 91 1 24 2 239 1 203 1 324 1 311 1 420 2 285 1
131 19 6 195 1 258 1 10 1 240 1 91 1 193 1
147 21 5 40 2 194 1 264 1 91 1 285 1
152 22 4 42 2 32 2 91 1 609 1
157 22 27 209 1 164 1 269 1 366 3 461 1 486 1 371 1 377 1 382 1 406 1 567 2 562 1 315 2 522 1 474 1 111 1 596 1 125 1 227 1 597 1 508 1 572 1 598 2 503 1 353 1 504 1 506 2
//IdTournes NbColis
6 6
//IdColis IdCommandeInColis NbProducts IdProd1 QtyProd1 IdProd2 QtyProd2 ...
159 23 6 40 1 41 1 126 1 195 1 91 1 289 1
163 23 15 397 1 112 1 113 1 132 1 299 1 28 2 136 2 137 2 87 1 111 2 135 2 125 3 131 1 133 1 134 2
165 24 5 57 2 78 1 123 1 91 1 285 1
166 24 12 10 1 91 1 9 1 22 1 23 1 24 1 239 1 203 1 280 1 321 1 410 1 679 1
169 25 5 57 2 194 1 237 1 91 1 110 1
176 26 8 246 2 91 1 22 1 23 1 24 2 239 1 203 1 17 1
//IdTournes NbColis
7 6
//IdColis IdCommandeInColis NbProducts IdProd1 QtyProd1 IdProd2 QtyProd2 ...
183 27 5 40 2 194 1 237 1 91 1 581 1
188 28 9 195 1 246 1 91 1 9 2 25 1 30 1 202 1 233 1 515 1
206 29 20 381 3 586 5 112 1 114 1 35 2 184 2 168 3 216 1 302 1 299 3 308 1 28 3 253 1 144 1 111 1 21 2 103 1 125 1 134 1 647 1
214 30 24 471 1 369 1 34 2 436 1 450 1 343 1 329 1 403 1 325 1 234 1 336 1 586 1 360 3 368 3 342 4 524 1 416 1 304 4 111 1 20 1 204 1 125 1 523 1 456 2
220 31 17 373 1 430 1 518 1 563 3 35 2 184 1 168 1 302 1 416 1 28 1 146 1 136 2 111 1 21 2 131 2 353 1 453 2
421 64 18 481 1 352 1 311 1 514 1 349 2 533 2 364 1 301 1 313 1 552 2 341 1 164 1 706 1 316 2 476 1 412 1 497 1 111 1
//IdTournes NbColis
8 6
//IdColis IdCommandeInColis NbProducts IdProd1 QtyProd1 IdProd2 QtyProd2 ...
439 67 16 262 1 315 1 586 3 360 3 368 2 342 1 305 3 696 1 111 1 117 1 125 1 717 1 531 1 601 1 603 1 503 1
544 90 14 562 1 451 1 556 1 367 2 285 1 340 2 532 1 111 1 20 1 447 1 463 1 536 1 456 1 585 2
226 32 14 338 1 621 1 438 1 496 1 450 1 452 1 48 1 115 1 116 1 61 2 146 1 77 1 639 1 585 2
318 46 19 562 4 338 1 610 2 274 1 691 1 621 1 333 1 256 1 48 1 408 1 315 1 502 1 360 2 381 4 586 6 434 1 413 1 299 2 308 2
205 29 26 550 1 479 2 439 2 610 1 471 1 470 1 609 2 645 1 621 1 329 1 214 2 171 2 118 1 143 1 170 2 234 1 309 1 219 1 475 1 186 2 211 1 575 1 138 1 92 1 381 1 102 1
237 33 21 620 1 482 4 550 3 439 2 471 2 369 1 417 2 436 1 645 1 621 1 329 1 219 1 223 1 124 2 170 1 309 1 575 1 138 1 360 1 381 1 586 2
//IdTournes NbColis
9 6
//IdColis IdCommandeInColis NbProducts IdProd1 QtyProd1 IdProd2 QtyProd2 ...
57 8 7 178 3 49 1 23 1 24 2 239 1 229 1 682 1
69 10 5 41 2 157 1 271 1 49 1 439 1
104 15 16 349 1 570 1 335 1 552 3 70 1 244 2 281 1 241 1 347 2 344 1 374 2 298 1 394 1 624 3 310 1 340 1
230 33 6 32 1 225 1 195 1 258 1 178 1 139 1
233 33 11 410 1 560 2 618 1 588 2 481 2 311 1 354 2 375 2 386 3 317 1 148 1
238 33 23 586 2 114 2 35 1 218 2 220 1 132 1 184 1 168 1 216 3 308 2 146 2 28 1 136 1 148 1 131 1 133 4 134 2 21 2 125 2 172 2 660 3 501 1 721 1
//IdTournes NbColis
10 6
//IdColis IdCommandeInColis NbProducts IdProd1 QtyProd1 IdProd2 QtyProd2 ...
244 34 25 345 1 554 1 550 1 525 1 368 1 336 1 342 3 553 1 512 1 491 2 304 1 305 2 165 1 20 1 204 1 463 1 139 1 523 1 591 1 559 1 423 1 504 1 592 1 506 2 585 1
246 35 5 63 1 41 2 195 1 7 1 139 1
258 36 20 303 1 404 1 445 2 350 1 351 1 472 1 469 2 70 1 140 1 392 1 284 1 687 1 241 2 431 1 295 1 307 1 464 1 366 1 147 1 659 1
267 37 13 322 3 339 3 288 1 323 1 303 1 334 1 419 1 350 1 552 3 376 2 70 1 228 1 187 1
546 91 11 207 1 152 2 153 1 160 1 666 1 667 1 311 1 352 1 349 2 533 1 70 1
46 6 14 35 2 184 1 435 1 304 3 28 2 146 1 538 2 102 1 136 1 14 1 658 1 559 3 498 1 659 1
//IdTournes NbColis
11 6
//IdColis IdCommandeInColis NbProducts IdProd1 QtyProd1 IdProd2 QtyProd2 ...
85 11 28 567 2 620 1 286 1 369 1 541 1 6 1 145 1 88 1 309 2 475 1 526 1 55 1 368 1 381 2 586 6 509 1 308 3 500 2 578 1 538 1 56 1 149 1 633 1 154 1 634 1 598 1 658 1 506 1
168 24 11 286 1 330 2 340 2 329 1 606 1 475 1 502 1 524 1 28 1 500 1 102 1
276 38 15 380 1 620 1 482 1 369 1 151 1 50 1 319 2 325 1 333 1 92 1 102 1 204 1 536 1 506 1 585 1
280 39 29 375 1 441 1 323 1 472 1 303 1 445 1 469 2 101 1 443 1 449 1 581 1 436 1 214 1 430 1 600 1 692 1 319 1 320 1 106 1 158 1 707 1 575 1 388 1 522 1 102 1 95 1 508 1 523 1 423 1
125 18 18 476 2 567 1 556 1 562 4 650 4 150 1 286 2 619 1 439 1 330 1 471 1 369 1 417 2 436 1 544 1 609 1 118 2 299 1
228 33 5 63 1 42 2 157 1 7 1 149 1
//IdTournes NbColis
12 6
//IdColis IdCommandeInColis NbProducts IdProd1 QtyProd1 IdProd2 QtyProd2 ...
283 40 25 150 1 610 2 369 1 171 1 167 1 124 2 170 2 128 2 563 1 548 1 368 1 29 1 35 2 168 2 173 2 176 1 391 1 28 1 146 1 135 1 172 1 175 1 131 1 134 1 14 2
287 41 23 352 1 440 1 444 1 454 1 364 1 301 1 349 1 355 1 26 1 43 2 228 1 362 1 344 1 371 1 476 1 477 1 379 1 450 1 151 1 403 1 234 1 262 1 81 1
290 42 17 153 1 160 1 666 1 667 1 311 1 303 1 349 1 355 1 169 1 668 1 344 1 432 1 151 1 708 1 315 1 327 1 108 1
295 43 19 303 1 341 3 431 2 486 1 310 2 377 1 379 1 382 2 562 1 482 3 151 1 171 1 525 1 116 1 158 1 515 1 578 1 601 1 647 2
550 92 21 412 1 345 1 479 1 338 1 330 2 285 1 677 1 340 2 532 1 151 1 408 1 587 1 368 2 336 3 342 2 146 1 590 1 603 1 604 1 536 1 585 1
52 7 21 285 1 367 2 340 2 38 1 609 1 532 1 50 1 52 1 403 1 643 1 333 1 606 1 644 1 28 1 146 2 647 2 591 1 504 1 592 1 646 1 536 1
//IdTournes NbColis
13 6
//IdColis IdCommandeInColis NbProducts IdProd1 QtyProd1 IdProd2 QtyProd2 ...
61 8 20 377 3 379 3 337 2 567 1 479 1 338 1 330 2 471 1 610 1 417 1 34 2 329 1 50 1 88 1 94 1 673 1 186 2 211 2 129 2 299 1
73 10 21 451 1 286 1 373 2 439 1 471 1 369 1 417 2 436 1 450 1 329 1 50 1 309 1 54 1 51 1 578 1 447 1 265 1 591 1 503 1 504 1 506 2
300 44 22 287 2 323 1 349 1 355 1 301 1 552 1 370 2 316 1 382 2 345 1 449 1 338 2 369 1 34 1 50 1 333 1 525 1 234 1 166 1 358 1 342 2 523 1
126 18 27 215 1 170 1 83 1 186 1 256 1 408 1 92 1 368 1 342 1 586 1 19 1 173 2 201 2 216 2 218 1 509 1 299 2 308 6 632 1 136 1 21 1 172 2 131 2 133 2 134 1 283 3 647 2
231 33 6 10 2 224 1 240 1 226 1 22 2 140 1
304 45 24 314 1 323 1 303 1 313 1 409 1 419 1 350 1 335 1 140 1 104 1 74 1 109 1 196 1 387 1 281 1 392 1 332 1 344 1 418 1 411 1 333 1 61 1 397 1 20 1
//IdTournes NbColis
14 6
//IdColis IdCommandeInColis NbProducts IdProd1 QtyProd1 IdProd2 QtyProd2 ...
8 2 5 42 2 157 1 195 1 7 1 447 1
32 5 6 42 1 213 1 10 1 224 1 7 1 23 1
55 8 6 121 1 157 1 120 1 123 1 7 1 135 1
56 8 6 63 1 271 1 356 1 7 2 22 1 541 1
140 20 5 195 1 271 1 10 2 7 1 23 1
229 33 4 157 2 32 2 7 1 135 1
//IdTournes NbColis
15 6
//IdColis IdCommandeInColis NbProducts IdProd1 QtyProd1 IdProd2 QtyProd2 ...
255 36 6 258 1 10 1 356 1 7 2 73 1 463 1
256 36 9 7 1 16 1 178 1 22 1 23 1 37 2 221 1 257 1 217 1
263 37 6 157 1 120 1 63 1 42 1 7 1 135 1
308 46 4 53 1 157 3 7 1 640 1
323 47 5 96 1 123 1 126 2 7 1 222 1
324 47 7 10 1 7 2 278 1 22 1 23 1 37 2 221 1
//IdTournes NbColis
16 6
//IdColis IdCommandeInColis NbProducts IdProd1 QtyProd1 IdProd2 QtyProd2 ...
333 48 5 63 1 258 1 356 2 7 1 22 1
341 49 5 157 2 121 1 123 1 7 1 265 1
342 49 5 126 1 10 3 7 1 23 1 486 1
350 50 6 123 1 7 1 178 2 240 1 8 1 174 1
526 86 5 57 2 64 1 157 1 7 1 596 1
171 25 24 352 1 296 1 440 1 301 1 334 1 349 1 355 1 109 1 393 1 344 1 499 1 449 1 418 1 45 1 158 1 528 1 535 1 397 1 538 1 105 1 107 1 103 1 531 1 421 1
//IdTournes NbColis
17 6
//IdColis IdCommandeInColis NbProducts IdProd1 QtyProd1 IdProd2 QtyProd2 ...
347 49 18 299 1 304 1 28 2 578 1 538 1 395 1 181 1 103 1 21 1 604 1 503 1 571 1 353 3 423 1 614 1 577 1 506 2 659 1
357 51 5 258 1 119 2 84 2 23 1 103 1
90 12 11 126 1 258 1 221 1 257 1 398 1 318 1 326 1 311 1 420 1 287 2 71 1
365 52 21 473 1 566 1 673 1 223 1 695 1 234 1 216 1 327 1 51 1 304 3 474 1 28 1 137 1 696 1 192 1 117 1 21 1 133 2 601 1 14 1 602 1
370 53 11 285 1 340 1 38 1 532 1 189 1 599 1 606 1 61 1 542 1 190 1 458 1
373 54 21 561 2 311 1 349 2 351 1 355 2 301 1 13 1 100 1 392 1 362 1 489 1 477 1 406 1 530 1 369 1 189 1 525 1 325 1 655 1 644 1 304 1
//IdTournes NbColis
18 6
//IdColis IdCommandeInColis NbProducts IdProd1 QtyProd1 IdProd2 QtyProd2 ...
178 26 15 561 1 460 3 445 2 472 2 303 1 605 1 469 2 552 2 104 1 164 1 374 1 461 1 370 2 468 1 647 1
202 29 17 612 2 712 1 122 1 104 1 26 1 101 1 209 1 187 2 269 1 719 1 594 1 627 3 510 2 366 1 370 2 486 1 310 1
219 31 16 378 1 384 2 561 1 441 1 354 1 288 2 445 1 469 3 104 1 43 1 374 1 347 1 476 2 382 1 562 1 438 1
378 55 17 355 1 104 1 109 1 477 1 412 2 382 1 345 1 567 1 562 4 451 1 330 2 417 2 450 1 329 1 234 1 191 1 423 1
23 4 11 8 1 25 1 30 1 202 1 203 2 385 1 466 1 324 1 372 3 410 1 286 1
58 8 12 179 1 385 1 98 2 174 1 188 3 446 1 372 1 321 1 311 1 378 2 386 1 300 1
//IdTournes NbColis
19 6
//IdColis IdCommandeInColis NbProducts IdProd1 QtyProd1 IdProd2 QtyProd2 ...
148 21 10 126 1 8 1 248 1 93 1 9 2 25 1 30 1 202 1 647 1 536 1
197 29 6 10 2 224 1 73 1 8 1 248 1 22 1
358 51 7 84 1 240 1 8 1 248 1 226 2 278 1 465 1
359 51 15 37 2 221 1 257 1 179 1 174 1 457 1 142 1 478 1 441 1 354 1 378 1 323 1 467 1 454 1 559 1
382 56 10 10 1 709 1 23 1 24 2 239 1 203 1 179 1 385 1 174 1 287 1
462 73 16 37 1 221 1 257 1 179 1 156 1 354 1 441 1 317 1 323 1 460 2 472 1 303 1 445 1 334 1 335 1 701 1
//IdTournes NbColis
20 6
//IdColis IdCommandeInColis NbProducts IdProd1 QtyProd1 IdProd2 QtyProd2 ...
480 77 14 208 1 25 1 160 1 86 1 267 1 179 1 311 1 420 1 378 1 323 1 514 1 364 1 303 1 523 1
531 87 8 194 1 119 1 8 1 25 1 60 2 65 1 86 1 233 1
21 4 5 79 1 40 2 194 1 9 1 417 1
22 4 5 264 1 700 1 84 2 240 1 9 1
100 15 6 79 1 78 1 123 1 126 1 9 1 340 1
102 15 11 226 2 9 1 25 1 30 1 202 1 203 1 306 1 280 1 457 1 318 2 20 1
//IdTournes NbColis
21 6
//IdColis IdCommandeInColis NbProducts IdProd1 QtyProd1 IdProd2 QtyProd2 ...
120 18 6 10 2 240 2 9 2 25 1 30 1 329 1
160 23 7 63 1 64 1 271 1 9 2 23 1 25 1 303 1
209 30 5 210 1 78 2 126 1 9 1 417 1
210 30 5 126 2 194 1 40 1 9 1 25 1
216 31 3 78 2 123 2 9 2
241 34 5 183 1 40 2 194 1 9 1 400 1
//IdTournes NbColis
22 6
//IdColis IdCommandeInColis NbProducts IdProd1 QtyProd1 IdProd2 QtyProd2 ...
242 34 10 195 1 264 1 9 1 25 1 30 1 202 1 233 1 58 1 365 1 287 1
302 45 4 40 2 194 1 195 1 9 2
313 46 12 202 1 203 1 9 2 25 1 30 1 385 2 398 1 365 1 372 1 321 1 410 1 598 1
376 55 9 159 1 195 1 9 2 30 1 25 1 202 1 233 1 365 1 285 1
390 57 8 271 1 224 1 240 1 9 2 25 1 30 1 202 1 311 1
394 58 7 195 1 264 1 224 1 10 1 9 2 568 1 559 1
//IdTournes NbColis
23 6
//IdColis IdCommandeInColis NbProducts IdProd1 QtyProd1 IdProd2 QtyProd2 ...
400 59 6 96 1 121 1 126 1 10 1 9 2 432 1
404 60 5 64 1 40 2 78 1 9 1 25 1
408 61 4 40 2 194 1 195 1 9 2
535 88 10 664 1 9 2 22 1 23 1 239 1 203 1 398 1 318 1 324 1 446 3
278 39 6 80 1 159 1 126 1 161 1 152 1 153 1
289 42 5 80 1 159 1 161 1 207 1 152 2
//IdTournes NbColis
24 6
//IdColis IdCommandeInColis NbProducts IdProd1 QtyProd1 IdProd2 QtyProd2 ...
538 89 10 80 1 161 1 152 1 153 1 160 1 666 1 667 1 352 1 558 1 312 1
9 2 7 258 1 10 2 178 1 278 1 93 1 326 1 652 1
39 6 6 126 1 208 1 10 1 84 1 224 1 466 1
80 11 7 10 2 84 1 24 2 239 1 229 2 142 1 635 1
175 26 6 195 1 64 1 271 1 10 1 356 1 502 1
264 37 4 123 1 126 1 10 3 372 1
//IdTournes NbColis
25 6
//IdColis IdCommandeInColis NbProducts IdProd1 QtyProd1 IdProd2 QtyProd2 ...
312 46 5 10 1 356 2 226 2 93 2 315 1
428 66 6 225 1 195 1 258 1 356 1 10 1 517 1
429 66 11 10 1 22 1 23 1 37 2 221 1 257 1 511 1 365 1 372 2 321 1 479 1
461 73 7 195 1 258 1 10 2 23 1 37 1 326 1 353 1
111 16 23 493 1 349 1 533 1 383 1 72 1 76 1 393 1 374 1 483 1 412 3 345 1 567 1 562 1 451 1 455 1 476 1 477 1 348 1 297 1 595 1 285 1 367 1 463 1
306 46 4 177 1 79 2 121 1 577 1
//IdTournes NbColis
26 6
//IdColis IdCommandeInColis NbProducts IdProd1 QtyProd1 IdProd2 QtyProd2 ...
356 51 6 177 1 53 1 157 1 225 1 22 1 470 1
269 37 35 482 1 439 1 471 1 417 1 206 1 645 2 329 1 145 1 171 1 118 1 124 1 368 1 381 1 342 1 587 1 586 1 114 1 35 1 216 2 220 1 132 1 299 2 308 1 28 1 141 1 117 1 21 1 99 2 172 1 131 2 133 1 648 1 569 2 559 1 536 1
40 6 7 356 1 16 1 178 1 246 2 273 1 153 1 165 1
368 53 10 193 1 705 1 226 1 153 1 155 2 160 1 163 1 267 1 324 1 318 1
371 54 6 210 1 80 1 159 1 126 1 153 1 436 1
411 62 9 207 1 208 1 153 1 155 2 160 1 163 1 410 1 446 1 480 1
//IdTournes NbColis
27 6
//IdColis IdCommandeInColis NbProducts IdProd1 QtyProd1 IdProd2 QtyProd2 ...
415 63 9 210 1 278 1 681 1 153 1 155 2 160 1 163 1 267 1 502 1
419 64 5 80 1 159 1 161 2 153 1 155 1
542 90 11 161 1 153 1 155 2 160 1 666 1 267 1 205 1 365 1 311 1 352 1 301 1
28 4 23 477 4 562 1 380 1 373 1 338 1 550 1 330 2 471 1 369 1 417 1 34 1 343 2 433 1 496 1 11 1 211 2 502 1 342 1 35 2 184 2 391 1 299 2 21 1
101 15 6 126 1 194 1 84 1 246 1 73 1 278 1
132 19 10 93 1 22 1 23 1 24 2 221 1 229 2 17 1 98 1 188 2 301 1
//IdTournes NbColis
28 6
//IdColis IdCommandeInColis NbProducts IdProd1 QtyProd1 IdProd2 QtyProd2 ...
247 35 10 15 1 240 1 93 1 22 1 23 1 24 2 239 1 229 1 616 1 417 1
251 35 24 554 1 562 1 723 1 566 1 550 2 479 2 330 2 471 1 369 1 417 1 34 1 343 2 609 1 645 1 329 1 11 1 185 1 528 1 575 1 368 2 336 3 184 2 516 1 175 1
265 37 8 356 1 178 1 240 1 73 1 93 2 22 1 23 1 575 1
282 40 11 157 1 93 1 174 2 188 2 480 2 481 2 552 1 341 1 477 1 567 1 135 1
427 66 5 63 1 42 2 53 1 93 1 142 1
346 49 24 620 1 373 1 619 2 550 2 330 2 471 1 417 1 609 1 621 1 329 1 214 1 390 1 325 1 45 1 475 1 360 1 368 1 586 4 114 1 35 2 216 1 218 3 391 2 523 1
//IdTournes NbColis
29 6
//IdColis IdCommandeInColis NbProducts IdProd1 QtyProd1 IdProd2 QtyProd2 ...
319 46 12 308 1 649 1 500 1 578 1 538 1 623 1 661 1 662 1 144 1 596 1 639 1 585 3
34 5 15 188 1 12 1 318 1 321 1 478 1 481 3 311 1 352 1 328 1 440 1 301 1 349 2 355 2 552 1 652 1
107 15 3 305 1 346 2 665 1
135 19 21 412 1 556 1 451 1 554 1 492 1 380 1 595 3 338 1 285 1 367 2 637 3 340 2 436 1 438 1 452 1 532 1 403 1 171 1 94 3 584 1 170 1
11 2 11 588 2 481 2 311 1 378 2 386 2 561 2 420 1 339 1 287 2 288 2 13 1
51 7 18 349 1 533 2 13 1 26 1 231 1 393 1 399 1 370 1 279 1 316 4 412 2 345 1 477 3 414 1 567 1 562 1 451 1 423 1
//IdTournes NbColis
30 6
//IdColis IdCommandeInColis NbProducts IdProd1 QtyProd1 IdProd2 QtyProd2 ...
161 23 14 239 1 203 1 372 1 588 1 326 1 378 2 441 1 354 1 445 2 350 2 351 1 341 3 13 1 456 1
399 59 5 63 1 40 2 96 1 226 1 13 1
425 65 24 355 1 301 1 13 1 109 1 228 1 347 2 489 1 461 1 370 1 361 1 316 1 476 1 477 2 497 1 345 2 338 1 369 1 34 1 405 1 600 1 606 1 526 1 578 1 577 1
431 66 13 543 1 445 2 472 2 465 1 469 3 612 3 13 1 431 1 366 1 510 1 401 1 688 1 371 4
249 35 17 386 1 561 1 323 1 545 2 182 1 303 1 419 2 355 2 570 1 341 1 552 2 180 1 187 1 362 1 344 1 347 1 338 1
438 67 17 341 2 26 1 101 1 489 1 371 2 379 2 337 1 382 3 567 3 556 3 432 1 369 1 609 1 541 1 325 1 525 1 116 1
//IdTournes NbColis
31 6
//IdColis IdCommandeInColis NbProducts IdProd1 QtyProd1 IdProd2 QtyProd2 ...
116 17 22 321 1 618 1 561 1 441 1 354 1 323 1 303 1 445 1 334 1 350 1 335 1 74 1 109 1 101 1 431 1 295 1 510 1 406 1 418 1 482 1 234 1 424 1
142 20 18 312 1 287 1 422 1 545 2 300 1 303 1 313 1 349 2 355 2 335 1 74 1 97 1 26 1 277 1 281 1 284 1 228 1 259 1
190 28 14 314 1 303 1 313 1 419 2 350 2 74 1 431 1 344 3 307 1 374 2 432 2 290 1 371 3 382 2
162 23 20 307 1 366 1 130 1 370 1 468 1 371 5 337 2 567 2 562 1 505 1 289 1 88 2 118 1 124 1 128 2 475 1 517 1 129 2 586 1 117 1
43 6 16 552 1 341 3 164 1 428 1 295 1 344 1 347 4 374 3 627 1 468 1 198 1 427 1 449 1 451 1 371 2 14 1
119 18 6 123 1 195 1 63 1 271 1 178 1 95 1
//IdTournes NbColis
32 6
//IdColis IdCommandeInColis NbProducts IdProd1 QtyProd1 IdProd2 QtyProd2 ...
443 68 4 379 1 373 1 75 1 95 1
504 81 13 426 2 391 2 173 1 28 1 137 2 144 1 172 1 134 3 21 2 133 1 523 1 14 2 585 1
337 48 23 482 2 610 1 274 1 369 1 609 1 645 2 621 2 214 1 430 1 45 1 525 1 575 2 191 1 360 2 368 1 381 4 586 5 509 1 512 1 522 1 515 1 415 1 524 1
413 62 23 316 1 476 3 477 2 412 2 345 1 556 1 338 1 285 1 330 2 369 1 417 2 206 1 400 1 450 1 329 1 45 1 325 1 181 1 144 1 508 1 503 1 504 1 498 1
446 69 25 605 1 341 1 344 1 489 1 370 1 316 1 477 1 345 2 562 2 338 1 320 1 525 1 106 1 191 1 342 3 524 1 304 1 601 1 598 1 503 1 424 1 498 1 602 1 592 1 506 1
486 78 18 311 1 352 1 296 1 323 1 514 1 355 1 303 1 26 1 406 1 443 1 289 1 525 1 106 1 191 1 434 1 538 1 523 2 506 1
//IdTournes NbColis
33 6
//IdColis IdCommandeInColis NbProducts IdProd1 QtyProd1 IdProd2 QtyProd2 ...
115 17 9 237 1 126 1 60 2 86 1 25 1 65 1 267 1 142 1 75 1
180 26 18 613 1 556 1 482 1 286 1 373 1 619 1 550 2 479 1 369 2 437 1 75 1 606 1 563 1 381 3 586 5 631 1 647 1 585 1
450 70 23 440 1 314 1 323 1 364 1 303 1 313 1 419 1 350 1 335 1 76 1 59 1 431 1 295 1 344 2 510 1 499 1 310 1 290 1 541 1 403 1 309 1 528 1 630 1
453 71 5 41 2 195 1 271 1 248 1 52 1
458 72 20 160 1 86 1 267 1 280 1 311 1 352 1 314 1 301 1 349 1 355 1 710 1 451 1 285 1 330 1 340 1 532 1 52 1 587 1 416 1 20 1
463 73 17 473 1 371 1 297 1 436 1 52 1 475 1 528 1 512 1 302 1 146 1 20 1 424 1 504 1 630 1 456 1 506 2 585 1
//IdTournes NbColis
34 6
//IdColis IdCommandeInColis NbProducts IdProd1 QtyProd1 IdProd2 QtyProd2 ...
66 9 12 266 1 25 1 60 2 65 1 86 1 267 1 58 1 321 1 311 1 352 1 444 1 154 1
70 10 11 224 1 278 1 22 1 23 1 24 2 239 1 229 1 385 1 280 1 372 1 154 1
494 80 16 330 2 369 1 340 2 576 1 645 1 621 2 676 1 532 1 55 1 315 1 675 1 327 1 416 2 20 1 154 1 506 1
41 6 11 155 2 160 1 163 1 267 1 17 1 280 1 98 1 188 2 466 2 321 1 446 1
279 39 9 161 1 119 1 224 1 155 1 160 1 666 1 667 1 481 1 354 1
372 54 7 161 2 155 2 160 1 666 1 267 1 352 1 375 2
//IdTournes NbColis
35 6
//IdColis IdCommandeInColis NbProducts IdProd1 QtyProd1 IdProd2 QtyProd2 ...
381 56 5 126 2 195 1 271 1 197 1 20 1
420 64 11 225 1 208 1 155 1 160 1 666 1 267 1 318 1 321 1 480 1 481 1 144 1
423 65 5 78 1 80 1 57 2 155 1 25 1
441 68 4 80 1 57 2 194 1 155 2
457 72 5 80 1 161 2 273 1 155 2 212 1
464 74 6 80 1 161 2 15 1 226 1 155 1 28 1
//IdTournes NbColis
36 6
//IdColis IdCommandeInColis NbProducts IdProd1 QtyProd1 IdProd2 QtyProd2 ...
465 74 16 155 1 25 1 160 1 86 1 267 1 398 1 372 1 311 1 420 1 296 1 323 1 364 1 303 1 404 1 334 1 164 1
469 75 5 80 1 194 1 64 1 78 1 155 2
475 76 5 80 1 57 2 194 1 155 1 25 1
479 77 4 80 1 57 2 194 1 155 2
33 5 8 15 1 37 2 221 1 257 2 18 1 174 3 188 2 285 1
38 6 5 64 1 161 1 78 2 15 1 21 1
//IdTournes NbColis
37 6
//IdColis IdCommandeInColis NbProducts IdProd1 QtyProd1 IdProd2 QtyProd2 ...
130 19 5 64 1 123 2 126 1 15 1 99 1
232 33 11 23 1 37 2 221 1 257 2 156 1 684 1 217 2 466 1 372 1 410 1 364 1
395 58 14 25 1 30 1 202 1 233 1 156 1 17 1 18 1 311 1 352 1 580 1 301 1 349 2 355 2 186 1
499 81 11 248 1 22 1 23 1 37 2 221 1 257 2 156 1 714 1 188 1 321 1 136 1
191 28 23 382 1 476 1 477 1 377 1 379 3 451 1 373 1 479 2 330 2 471 1 437 2 369 1 417 2 436 1 452 1 584 1 475 1 106 1 211 1 256 1 408 1 315 1 368 1
48 7 5 53 1 78 2 64 1 246 1 425 1
//IdTournes NbColis
38 6
//IdColis IdCommandeInColis NbProducts IdProd1 QtyProd1 IdProd2 QtyProd2 ...
76 11 5 120 2 53 1 157 1 193 1 550 1
139 20 5 255 1 41 2 53 1 22 1 417 1
187 28 5 40 2 53 1 194 1 246 1 447 1
507 82 6 53 1 121 1 123 1 273 1 23 1 24 2
354 50 21 619 2 338 2 439 2 471 1 369 1 417 1 581 1 438 1 621 1 329 1 124 2 381 2 29 1 35 2 168 2 216 1 28 1 146 1 527 1 107 1 456 2
77 11 4 157 2 32 2 248 1 550 1
//IdTournes NbColis
39 6
//IdColis IdCommandeInColis NbProducts IdProd1 QtyProd1 IdProd2 QtyProd2 ...
292 43 5 63 1 42 2 157 1 22 1 23 1
322 47 6 79 1 157 1 195 1 63 1 685 1 417 1
484 78 5 157 1 195 1 63 1 258 1 37 2
498 81 5 157 2 258 1 356 1 193 1 174 1
50 7 15 37 1 221 1 229 1 18 1 410 1 478 1 481 1 311 1 407 1 375 1 352 1 641 3 301 1 349 1 523 1
136 19 20 170 1 128 1 692 1 528 1 360 2 368 3 342 5 336 5 644 1 553 3 19 1 173 1 391 1 216 1 218 2 539 1 524 1 491 4 305 3 28 1
//IdTournes NbColis
40 6
//IdColis IdCommandeInColis NbProducts IdProd1 QtyProd1 IdProd2 QtyProd2 ...
155 22 12 23 1 37 2 221 1 257 1 18 1 372 1 321 1 410 3 326 1 375 1 378 1 303 1
177 26 13 18 2 205 1 385 1 466 2 142 1 321 1 410 2 618 1 441 1 354 1 378 1 384 1 286 1
257 36 16 257 1 18 1 217 1 457 1 127 1 326 1 441 1 375 1 354 2 317 1 339 1 462 1 312 1 323 1 288 1 468 1
299 44 14 86 1 233 1 18 1 205 1 318 1 321 1 478 1 481 2 378 1 311 1 352 1 561 2 296 1 347 1
328 47 25 343 1 589 1 329 1 214 1 320 1 124 1 83 1 61 1 683 1 211 1 502 1 586 2 19 1 35 3 184 1 168 2 299 1 308 4 28 2 474 1 21 2 283 1 133 1 523 1 585 3
476 76 14 208 1 60 1 65 1 86 1 267 1 18 1 593 1 365 1 352 1 311 1 349 1 533 1 301 1 503 1
//IdTournes NbColis
41 6
//IdColis IdCommandeInColis NbProducts IdProd1 QtyProd1 IdProd2 QtyProd2 ...
260 36 30 609 1 329 1 145 1 390 1 215 1 309 1 320 1 525 1 54 1 358 1 408 1 315 1 35 3 184 2 168 1 216 2 415 1 524 1 308 3 146 1 474 1 538 1 136 1 131 1 133 1 21 2 125 1 508 1 531 1 453 1
192 28 4 586 1 299 2 308 2 108 1
16 3 5 40 2 96 1 224 1 356 1 315 1
20 3 6 535 1 502 1 388 1 413 1 304 1 20 1
129 19 5 183 1 79 1 96 1 63 1 58 1
174 26 5 96 2 121 1 123 1 246 1 20 1
//IdTournes NbColis
42 6
//IdColis IdCommandeInColis NbProducts IdProd1 QtyProd1 IdProd2 QtyProd2 ...
327 47 16 347 3 374 4 331 1 198 2 147 1 337 2 451 1 377 3 338 1 550 1 479 1 439 2 471 1 417 1 34 1 20 1
389 57 5 64 1 40 2 63 1 178 1 20 1
410 61 9 533 1 100 1 281 1 274 1 438 1 436 1 584 1 669 1 20 1
417 63 20 279 1 359 1 562 2 286 1 373 1 619 1 338 1 285 1 367 2 340 2 532 1 88 1 715 1 211 2 358 1 342 2 305 1 20 1 357 1 283 1
426 65 3 538 1 20 1 506 1
436 67 5 63 1 64 1 96 2 23 1 24 1
//IdTournes NbColis
43 6
//IdColis IdCommandeInColis NbProducts IdProd1 QtyProd1 IdProd2 QtyProd2 ...
473 75 16 341 5 552 2 374 2 298 1 363 2 377 2 373 1 338 1 479 1 342 1 304 2 302 1 146 1 623 1 20 1 453 1
489 79 18 65 1 86 1 233 1 326 1 311 1 300 1 301 1 493 1 409 1 349 1 533 1 109 1 269 1 295 1 706 1 430 1 319 1 20 1
539 89 21 557 1 301 1 493 1 349 1 555 1 533 1 670 1 671 1 344 1 359 1 549 1 551 1 340 1 546 1 532 1 518 1 669 1 672 1 416 1 20 1 447 1
29 4 17 304 3 305 1 28 2 146 2 137 1 21 2 172 2 283 1 131 3 133 4 134 1 507 2 647 1 501 1 614 1 506 1 585 1
62 8 21 342 3 644 1 173 2 29 3 426 1 218 3 176 1 299 1 304 2 28 2 146 1 578 1 253 1 21 3 125 1 172 1 131 2 133 2 660 1 453 1 585 1
112 16 24 437 1 340 1 495 1 532 1 397 1 342 1 491 2 305 1 77 1 425 1 590 1 653 1 572 1 601 1 591 1 654 1 353 1 423 1 504 1 498 1 652 1 592 1 536 1 456 1
//IdTournes NbColis
44 6
//IdColis IdCommandeInColis NbProducts IdProd1 QtyProd1 IdProd2 QtyProd2 ...
1 1 4 41 2 78 2 22 1 23 1
4 1 15 364 1 303 1 445 2 350 2 341 3 552 2 26 1 43 1 228 1 366 2 510 1 401 2 198 2 279 1 125 1
10 2 11 22 1 23 1 37 2 221 1 257 1 326 1 410 2 446 3 480 1 618 1 292 1
26 4 9 307 3 347 1 374 5 298 3 468 1 624 7 198 2 147 1 329 1
31 5 6 236 1 32 1 63 1 64 1 22 1 417 1
79 11 6 195 1 63 1 64 1 271 1 22 1 23 1
//IdTournes NbColis
45 6
//IdColis IdCommandeInColis NbProducts IdProd1 QtyProd1 IdProd2 QtyProd2 ...
88 12 5 64 1 42 2 195 1 22 1 23 1
97 14 5 64 1 41 2 195 1 22 1 23 1
154 22 6 213 2 258 1 248 1 273 1 22 1 475 1
340 49 6 210 1 63 1 64 1 42 1 22 1 417 1
349 50 5 183 1 63 1 42 2 22 1 417 1
362 52 5 210 1 63 1 41 2 22 1 525 1
//IdTournes NbColis
46 6
//IdColis IdCommandeInColis NbProducts IdProd1 QtyProd1 IdProd2 QtyProd2 ...
380 56 5 255 1 63 1 41 2 22 1 417 1
384 56 12 376 1 552 5 347 3 332 1 374 2 298 3 200 1 261 1 198 2 279 1 147 1 310 2
416 63 19 318 1 480 1 481 1 311 1 352 1 364 1 301 1 349 2 533 2 383 1 26 1 169 1 196 1 43 1 362 1 332 1 298 1 198 1 452 1
435 67 6 255 1 41 1 42 1 195 1 22 1 609 1
449 70 11 271 1 22 1 23 1 24 2 239 1 229 1 398 1 324 1 593 1 311 1 354 1
454 71 14 22 1 23 1 24 2 239 1 229 1 410 1 324 1 352 1 311 1 323 1 349 2 303 1 355 1 525 1
//IdTournes NbColis
47 6
//IdColis IdCommandeInColis NbProducts IdProd1 QtyProd1 IdProd2 QtyProd2 ...
460 73 5 235 1 63 1 42 2 22 1 541 1
485 78 7 64 1 42 2 221 1 257 1 22 1 23 1 349 1
492 80 13 22 1 23 1 24 2 239 1 203 2 324 1 365 1 574 1 311 1 352 1 440 1 301 1 395 1
506 82 5 210 1 195 1 41 2 22 1 417 1
511 83 5 41 2 195 1 63 1 22 1 23 1
519 84 12 22 1 23 1 24 2 239 1 229 1 716 1 457 1 378 2 561 2 354 1 375 1 584 1
//IdTournes NbColis
48 6
//IdColis IdCommandeInColis NbProducts IdProd1 QtyProd1 IdProd2 QtyProd2 ...
2 1 9 123 1 271 1 24 2 239 1 229 1 511 1 98 1 174 1 372 1
98 14 11 63 1 271 1 24 1 239 1 203 1 487 1 593 1 311 1 354 1 323 1 699 1
198 29 9 248 1 226 1 23 1 37 2 221 1 257 2 616 1 385 2 432 1
218 31 9 194 1 271 1 119 1 202 1 203 1 385 1 98 1 372 1 303 1
266 37 13 24 2 221 1 229 1 616 1 385 1 410 1 560 2 311 1 354 1 375 1 386 1 561 1 322 1
334 48 9 178 2 23 1 24 2 239 1 229 1 385 1 398 1 466 2 34 1
//IdTournes NbColis
49 6
//IdColis IdCommandeInColis NbProducts IdProd1 QtyProd1 IdProd2 QtyProd2 ...
351 50 11 273 1 278 1 23 1 37 2 221 1 229 1 188 1 372 1 321 1 481 2 363 1
363 52 7 123 1 195 1 271 1 23 1 24 2 239 1 349 1
437 67 13 258 1 24 1 221 1 229 1 311 1 420 1 296 1 323 1 454 1 303 1 419 2 355 2 479 1
512 83 5 64 1 78 1 126 1 271 1 24 2
548 92 8 57 1 119 1 178 1 25 1 60 2 65 1 86 1 480 1
552 93 10 78 1 126 1 119 1 318 1 552 1 497 1 338 1 369 1 28 1 559 1
//IdTournes NbColis
50 6
//IdColis IdCommandeInColis NbProducts IdProd1 QtyProd1 IdProd2 QtyProd2 ...
54 8 4 183 1 79 1 41 2 446 1
89 12 4 63 1 78 2 123 1 37 2
223 32 7 78 1 264 1 224 2 60 1 65 1 127 1 456 1
393 58 5 40 1 78 2 194 1 664 1 338 1
448 70 5 41 2 78 1 63 1 273 1 438 1
452 71 3 183 1 255 2 63 1
//IdTournes NbColis
51 6
//IdColis IdCommandeInColis NbProducts IdProd1 QtyProd1 IdProd2 QtyProd2 ...
470 75 5 78 1 123 1 161 2 25 1 160 1
518 84 5 78 1 126 2 271 1 193 1 436 1
523 85 5 78 1 64 1 40 2 25 1 30 1
541 90 5 78 1 126 2 159 1 226 1 484 1
173 26 3 79 2 41 2 466 1
194 29 3 79 3 120 1 453 1
//IdTournes NbColis
52 6
//IdColis IdCommandeInColis NbProducts IdProd1 QtyProd1 IdProd2 QtyProd2 ...
195 29 3 79 1 210 2 42 1
254 36 6 79 1 63 1 64 1 42 1 681 1 506 1
307 46 5 79 1 235 1 210 1 121 1 456 1
331 48 3 79 2 255 1 64 1
391 57 14 203 1 352 1 303 1 349 1 355 1 432 1 587 1 56 1 425 1 590 1 572 1 523 2 598 1 423 1
94 13 5 80 1 57 2 194 1 25 1 60 1
//IdTournes NbColis
53 6
//IdColis IdCommandeInColis NbProducts IdProd1 QtyProd1 IdProd2 QtyProd2 ...
110 16 13 246 1 254 1 25 1 30 1 60 1 202 1 233 1 487 1 311 1 494 1 352 1 301 1 429 1
170 25 10 266 1 193 1 25 1 60 2 65 1 86 1 267 1 324 1 537 1 311 1
184 27 9 64 1 264 1 25 1 30 1 60 2 202 1 233 1 398 1 309 1
217 31 5 195 1 40 2 126 1 25 1 30 1
222 32 5 57 2 194 1 237 1 25 1 60 1
272 38 5 57 2 194 1 237 1 25 1 60 1
//IdTournes NbColis
54 6
//IdColis IdCommandeInColis NbProducts IdProd1 QtyProd1 IdProd2 QtyProd2 ...
285 41 6 57 1 64 1 40 1 194 1 25 1 60 1
298 44 7 264 1 246 2 226 1 25 1 60 2 65 1 334 1
303 45 11 64 1 264 1 25 1 30 1 202 1 233 1 593 1 311 1 420 1 328 1 143 1
401 59 15 25 1 30 1 480 2 372 1 537 1 311 1 420 1 561 1 378 1 323 1 545 1 303 1 349 2 355 2 329 1
409 61 14 264 1 25 1 30 1 202 1 233 1 398 1 583 1 311 1 352 1 291 1 301 1 334 1 349 1 697 1
442 68 14 208 1 25 1 160 1 86 1 267 1 375 1 561 1 311 1 354 1 323 1 303 1 350 1 307 1 431 1
//IdTournes NbColis
55 6
//IdColis IdCommandeInColis NbProducts IdProd1 QtyProd1 IdProd2 QtyProd2 ...
444 69 5 57 2 194 1 237 1 25 1 60 1
488 79 5 57 2 194 1 266 1 25 1 60 1
528 86 12 278 1 25 1 60 2 65 1 86 1 233 1 537 1 375 1 386 2 354 1 561 1 366 1
117 17 8 525 1 358 1 315 1 81 1 435 1 87 1 144 1 506 1
367 53 5 80 1 194 1 161 2 178 1 260 1
375 55 5 80 1 57 2 194 1 664 1 338 1
//IdTournes NbColis
56 6
//IdColis IdCommandeInColis NbProducts IdProd1 QtyProd1 IdProd2 QtyProd2 ...
482 77 19 286 1 289 1 369 1 609 1 145 1 268 1 525 1 526 1 517 1 81 1 342 2 516 1 413 1 302 1 416 1 304 1 305 1 458 1 647 3
515 83 16 595 1 369 1 609 1 272 1 584 1 475 1 83 1 256 1 81 1 548 1 302 1 416 1 623 1 144 1 456 1 585 1
65 9 5 57 2 194 1 237 1 693 1 479 1
297 44 5 57 2 194 1 237 1 246 1 33 1
396 58 19 570 1 122 2 363 1 310 3 547 1 316 2 476 2 567 1 556 2 432 1 369 2 581 1 34 1 541 1 433 1 230 2 214 1 186 1 336 1
75 11 4 236 1 210 1 41 2 58 1
//IdTournes NbColis
57 6
//IdColis IdCommandeInColis NbProducts IdProd1 QtyProd1 IdProd2 QtyProd2 ...
196 29 6 42 1 123 1 63 1 258 1 178 1 260 1
496 81 5 64 1 42 2 195 1 178 1 172 1
121 18 11 202 1 203 1 98 1 174 1 457 1 372 3 410 3 560 1 481 2 311 1 317 1
199 29 12 385 1 98 1 174 2 188 1 466 2 142 1 372 1 321 2 611 1 478 1 618 2 588 1
325 47 12 616 1 98 1 188 3 583 1 321 2 326 1 410 1 618 3 642 1 311 1 420 1 506 1
364 52 18 229 1 98 1 188 1 352 1 311 1 545 1 323 1 349 1 355 2 300 1 303 1 605 1 341 2 164 1 393 1 468 1 449 1 136 1
//IdTournes NbColis
58 6
//IdColis IdCommandeInColis NbProducts IdProd1 QtyProd1 IdProd2 QtyProd2 ...
133 19 16 457 2 311 1 352 1 402 1 328 1 287 1 291 1 313 1 349 2 533 2 636 2 26 1 269 1 307 1 362 1 479 1
212 30 18 311 1 420 1 339 1 291 1 323 1 513 1 303 1 313 1 355 2 419 2 335 1 341 2 26 1 362 1 627 1 298 1 310 1 479 1
353 50 17 341 2 26 1 374 1 347 3 371 2 382 1 485 1 406 1 443 2 418 1 451 1 567 1 562 3 650 2 377 1 619 1 31 1
500 81 10 410 1 560 2 588 4 593 1 537 1 311 1 354 1 317 1 288 5 26 1
386 56 25 562 3 556 1 286 1 373 1 619 1 479 2 338 1 285 1 330 2 369 1 417 1 34 2 621 1 329 1 214 1 275 1 711 1 430 1 270 1 320 1 211 1 315 1 199 2 252 1 133 1
27 4 13 147 1 363 1 310 4 485 1 443 1 451 1 371 5 337 4 382 2 476 1 377 2 379 1 27 1
//IdTournes NbColis
59 6
//IdColis IdCommandeInColis NbProducts IdProd1 QtyProd1 IdProd2 QtyProd2 ...
179 26 12 371 6 443 1 418 1 377 1 379 1 337 2 382 3 476 4 628 2 613 3 650 1 28 1
252 35 13 718 1 28 1 146 2 133 2 724 2 648 1 523 1 569 1 647 1 559 1 453 1 506 2 585 1
387 56 14 252 1 29 2 35 1 168 1 201 2 218 2 176 1 519 1 304 1 305 1 28 2 527 1 146 2 135 1
547 91 11 533 1 301 1 187 1 241 1 359 1 367 2 285 1 340 2 532 1 28 1 146 1
95 13 17 60 1 65 1 86 1 267 1 142 1 352 1 311 1 444 1 313 1 349 1 533 1 301 1 100 1 109 1 393 1 344 2 285 1
211 30 12 264 1 30 1 202 1 203 1 714 1 487 1 324 1 372 1 478 1 446 2 588 1 296 1
//IdTournes NbColis
60 6
//IdColis IdCommandeInColis NbProducts IdProd1 QtyProd1 IdProd2 QtyProd2 ...
273 38 9 64 1 264 1 60 1 65 1 86 1 233 1 385 2 324 1 317 1
405 60 8 194 1 195 1 264 1 30 1 202 1 233 1 385 1 372 1
445 69 14 264 1 60 1 65 1 86 1 233 1 318 1 481 1 311 1 352 1 440 1 349 1 355 1 301 1 310 1
524 85 10 194 1 264 1 60 2 202 1 233 1 311 1 352 1 301 1 349 1 355 1
153 22 6 32 1 121 1 195 1 63 1 254 1 320 1
293 43 7 120 1 195 1 258 1 37 2 221 1 257 1 445 1
//IdTournes NbColis
61 6
//IdColis IdCommandeInColis NbProducts IdProd1 QtyProd1 IdProd2 QtyProd2 ...
309 46 3 120 4 273 1 338 1
392 58 5 210 1 235 1 64 1 40 1 564 1
530 86 8 377 1 505 1 380 2 369 1 232 1 508 1 571 1 506 1
44 6 13 371 1 607 1 377 3 382 2 556 2 620 5 482 2 338 3 330 2 471 1 437 1 417 2 34 2
503 81 17 620 3 286 1 373 1 619 3 338 4 610 1 369 2 34 4 475 1 673 1 263 1 360 1 368 2 542 1 586 2 216 3 506 1
144 20 26 285 1 330 2 289 1 292 1 417 1 581 1 450 1 452 1 329 1 518 1 309 1 320 1 475 1 315 2 360 2 368 3 336 4 342 2 522 1 327 1 302 1 304 3 474 1 62 1 523 1 635 1
//IdTournes NbColis
62 6
//IdColis IdCommandeInColis NbProducts IdProd1 QtyProd1 IdProd2 QtyProd2 ...
471 75 9 208 1 84 1 86 1 267 1 457 1 321 3 446 2 324 1 567 1
105 15 18 316 2 345 1 406 1 414 1 348 1 476 3 477 2 412 3 567 1 451 1 455 1 554 2 562 2 286 1 373 1 619 1 338 1 243 1
310 46 4 123 3 194 1 248 1 338 1
78 11 3 213 4 702 1 550 1
527 86 6 194 1 237 1 264 1 356 1 224 1 535 1
407 60 13 377 2 338 1 609 1 621 1 214 1 145 1 405 1 525 1 578 1 146 1 694 1 573 1 579 1
//IdTournes NbColis
63 6
//IdColis IdCommandeInColis NbProducts IdProd1 QtyProd1 IdProd2 QtyProd2 ...
520 84 19 375 1 384 1 441 1 460 1 323 1 303 1 445 2 334 1 472 2 196 1 394 1 510 1 310 2 418 1 432 1 443 2 262 1 39 1 36 1
406 60 21 534 1 311 1 354 1 323 1 303 1 419 1 350 1 552 2 341 1 169 1 249 1 269 1 687 1 489 1 298 1 427 1 547 1 443 1 371 1 607 1 381 1
491 80 5 64 1 41 2 195 1 226 1 169 1
156 22 14 441 1 354 1 561 2 288 1 440 1 323 1 454 2 445 2 350 2 552 1 341 3 100 1 101 1 251 1
344 49 16 339 3 314 1 323 1 422 1 545 1 303 1 313 1 350 2 419 2 341 1 100 1 109 1 392 1 594 1 307 2 373 1
91 12 17 440 1 323 1 303 1 409 1 334 1 349 1 355 1 341 1 552 4 251 1 307 1 347 1 374 1 298 2 461 2 370 1 382 1
//IdTournes NbColis
64 6
//IdColis IdCommandeInColis NbProducts IdProd1 QtyProd1 IdProd2 QtyProd2 ...
123 18 15 341 1 552 3 241 1 251 1 196 1 109 1 247 1 259 1 431 2 627 2 461 1 468 1 624 3 147 3 310 1
343 49 12 37 2 221 1 229 2 280 1 127 1 324 2 321 1 311 1 375 1 420 1 296 1 317 1
336 48 16 341 2 228 1 307 1 344 2 374 1 347 1 461 1 401 1 310 2 443 1 371 4 377 2 382 3 562 1 380 1 125 1
422 64 7 562 1 432 1 338 1 369 1 289 1 525 1 125 2
497 81 4 63 1 126 3 193 1 479 1
517 84 5 41 2 195 1 63 1 193 1 479 1
//IdTournes NbColis
65 6
//IdColis IdCommandeInColis NbProducts IdProd1 QtyProd1 IdProd2 QtyProd2 ...
185 27 16 326 1 311 1 352 1 422 1 301 1 349 1 355 1 712 1 387 1 530 1 348 1 405 1 158 1 442 1 500 1 578 1
477 76 20 209 1 344 1 489 1 497 1 432 1 338 1 206 1 400 1 525 1 158 1 519 1 327 1 442 1 474 1 656 1 523 1 601 1 353 1 501 1 504 1
424 65 11 194 1 208 1 160 1 86 1 267 1 457 1 324 1 311 1 352 1 440 1 349 1
311 46 5 195 1 271 1 40 2 278 1 284 1
332 48 4 255 1 41 2 195 1 681 1
502 81 14 374 1 298 1 468 1 310 1 432 1 371 1 476 1 377 3 382 3 567 2 562 5 380 2 620 3 172 1
//IdTournes NbColis
66 6
//IdColis IdCommandeInColis NbProducts IdProd1 QtyProd1 IdProd2 QtyProd2 ...
5 1 17 377 1 379 1 382 2 476 1 567 3 562 3 650 2 451 1 620 3 482 1 286 1 373 1 439 2 471 1 417 2 609 1 227 1
286 41 11 237 1 264 1 65 1 86 1 233 1 457 1 326 1 318 1 321 1 311 1 455 1
369 53 19 321 1 478 1 311 1 352 1 349 1 355 1 704 1 301 1 335 1 196 1 499 1 489 1 678 1 310 1 451 1 345 2 567 2 562 2 330 1
493 80 16 454 1 300 1 334 2 349 2 533 2 335 1 196 1 393 2 344 1 374 1 147 2 316 1 477 2 497 2 451 1 285 1
235 33 14 109 1 281 1 392 1 594 3 431 2 307 1 293 1 461 1 468 2 363 1 432 1 371 6 382 3 635 1
225 32 16 247 1 249 1 164 1 307 2 332 1 394 1 316 2 476 1 477 2 412 4 382 1 497 3 345 2 562 1 505 1 609 1
//IdTournes NbColis
67 6
//IdColis IdCommandeInColis NbProducts IdProd1 QtyProd1 IdProd2 QtyProd2 ...
326 47 11 322 5 339 3 288 1 323 1 303 1 419 2 350 2 101 1 241 2 307 1 297 1
3 1 17 174 1 188 2 372 1 321 1 478 1 618 1 375 1 441 1 354 1 317 1 288 1 440 1 314 1 323 1 513 1 44 1 369 1
383 56 12 174 1 188 1 318 2 410 1 311 1 352 1 440 1 301 1 404 1 349 2 355 2 341 5
481 77 16 313 1 349 2 355 2 552 1 341 1 269 1 393 1 344 2 374 1 505 1 412 3 567 1 620 2 482 3 286 1 143 1
501 81 11 323 1 467 1 545 4 364 1 303 1 419 2 350 2 341 4 552 3 431 1 128 1
149 21 16 233 1 396 1 398 1 534 1 311 1 352 1 296 1 287 1 44 2 301 1 349 2 533 2 341 1 228 1 449 1 369 1
//IdTournes NbColis
68 6
//IdColis IdCommandeInColis NbProducts IdProd1 QtyProd1 IdProd2 QtyProd2 ...
508 82 17 239 1 229 1 321 1 410 1 311 1 354 1 288 1 323 1 44 1 303 1 419 1 350 2 552 1 686 1 363 2 371 1 477 1
360 51 20 460 1 445 2 472 2 552 1 612 2 164 1 459 1 451 1 473 1 476 1 377 2 628 1 439 2 471 1 417 1 621 1 329 1 219 1 250 1 475 1
224 32 13 86 1 233 1 321 1 378 2 386 2 561 2 311 1 352 1 301 1 349 2 355 2 341 1 411 1
513 83 11 239 1 203 1 385 2 410 1 446 1 326 1 375 2 378 2 386 2 561 2 311 1
338 48 7 524 1 308 4 435 1 302 1 146 1 523 1 647 2
521 84 4 640 1 265 1 658 1 635 1
//IdTournes NbColis
69 6
//IdColis IdCommandeInColis NbProducts IdProd1 QtyProd1 IdProd2 QtyProd2 ...
143 20 22 686 1 241 1 295 1 332 1 344 1 347 1 627 2 293 1 461 1 363 1 547 1 316 1 476 2 477 1 412 2 382 1 345 1 556 1 451 1 562 1 338 1 519 1
12 2 13 314 1 698 1 303 1 404 1 350 2 419 2 341 3 209 1 393 2 344 2 627 4 370 1 361 1
412 62 16 311 1 352 1 287 2 301 1 349 2 355 2 552 3 209 1 284 1 393 1 499 1 298 2 432 1 451 1 505 1 500 1
248 35 10 188 1 372 2 446 4 480 2 481 3 311 1 420 1 375 1 378 1 386 1
167 24 19 311 1 352 1 296 1 291 1 301 1 349 2 351 1 355 2 276 1 164 1 293 1 331 1 461 1 290 1 348 1 476 1 477 2 412 1 451 1
536 88 18 480 1 311 1 352 1 323 1 364 1 300 1 301 1 334 1 349 2 355 2 259 1 363 1 310 1 497 3 562 1 451 1 477 1 340 1
//IdTournes NbColis
70 6
//IdColis IdCommandeInColis NbProducts IdProd1 QtyProd1 IdProd2 QtyProd2 ...
150 21 12 451 1 476 2 477 1 497 1 367 2 369 1 340 2 609 1 532 1 309 1 405 1 136 1
455 71 10 355 1 469 3 295 1 316 4 613 2 268 1 515 1 304 1 458 1 523 1
532 87 16 321 1 410 1 480 3 574 1 311 1 352 1 296 1 301 1 313 1 349 2 355 2 668 1 594 1 393 1 406 1 302 1
509 82 12 477 1 382 1 562 2 451 1 439 2 471 1 369 1 417 1 576 1 329 1 692 1 575 1
275 38 17 314 1 323 1 303 1 313 1 334 2 350 2 351 1 419 2 277 1 344 2 347 2 370 1 363 1 371 2 567 1 650 1 353 1
514 83 17 352 1 287 3 301 1 404 1 349 2 355 2 341 1 552 1 281 1 392 1 344 1 370 1 363 1 316 2 497 1 530 1 479 1
//IdTournes NbColis
71 6
//IdColis IdCommandeInColis NbProducts IdProd1 QtyProd1 IdProd2 QtyProd2 ...
288 41 8 388 1 434 1 415 1 442 1 448 1 458 1 453 1 456 1
466 74 19 355 2 419 2 351 1 570 1 605 1 341 1 393 1 332 1 344 1 293 1 331 1 499 1 468 1 624 1 617 3 379 1 382 1 345 1 567 1
533 87 23 451 1 316 3 476 1 477 1 412 1 285 1 330 2 437 1 520 1 417 2 450 1 521 1 329 1 525 1 522 1 415 1 424 1 421 1 536 1 456 1 506 1 659 1 585 3
18 3 16 326 2 318 1 321 2 478 1 480 1 481 1 593 1 311 1 352 1 402 1 287 1 300 1 301 1 355 2 349 1 523 1
42 6 13 446 1 564 1 642 1 588 2 311 1 420 1 287 3 303 1 313 1 404 1 350 2 419 2 552 2
82 11 12 354 1 561 3 375 3 312 1 543 1 460 3 513 1 629 1 545 2 364 1 465 1 289 1
//IdTournes NbColis
72 6
//IdColis IdCommandeInColis NbProducts IdProd1 QtyProd1 IdProd2 QtyProd2 ...
430 66 12 321 1 410 2 618 2 481 5 478 1 375 1 354 1 561 1 441 1 460 2 601 1 506 1
543 90 16 296 1 339 1 287 2 313 1 349 2 533 2 552 1 298 1 363 1 316 1 477 2 412 2 497 1 345 3 562 1 582 1
24 4 14 410 1 618 2 588 1 481 1 311 1 420 1 378 3 386 1 561 2 288 1 323 1 300 1 303 1 419 1
59 8 12 561 2 420 1 322 2 339 2 288 3 440 1 314 1 422 1 303 1 404 1 419 2 350 2
122 18 11 420 1 386 2 322 4 339 2 288 2 323 1 303 1 313 1 419 2 350 2 605 1
234 33 11 317 1 328 1 339 4 288 2 545 1 303 1 350 2 419 2 570 1 341 2 552 3
//IdTournes NbColis
73 6
//IdColis IdCommandeInColis NbProducts IdProd1 QtyProd1 IdProd2 QtyProd2 ...
294 43 12 398 1 372 1 560 1 478 1 384 4 354 1 561 1 441 1 288 3 323 1 445 1 350 2
315 46 15 386 2 561 1 288 2 314 1 323 1 422 1 545 2 364 1 303 1 404 1 409 1 419 2 350 2 351 1 289 1
352 50 14 560 2 618 1 311 1 354 1 375 1 378 2 288 2 323 1 454 1 303 1 313 1 419 2 350 2 374 1
472 75 13 618 3 481 1 420 1 386 1 561 2 311 1 288 2 323 1 514 1 419 2 350 2 303 1 342 1
529 86 16 441 1 317 1 288 3 323 1 626 1 545 1 419 2 350 2 303 1 570 2 341 1 335 1 363 1 310 1 371 1 525 1
13 2 19 370 2 624 2 310 1 361 1 371 1 432 1 530 1 476 1 377 2 382 1 567 1 562 2 451 1 373 1 619 3 338 1 330 2 610 1 369 1
//IdTournes NbColis
74 6
//IdColis IdCommandeInColis NbProducts IdProd1 QtyProd1 IdProd2 QtyProd2 ...
134 19 16 344 2 627 1 484 2 298 1 331 1 468 1 361 2 497 4 345 2 432 1 406 1 443 1 414 1 348 1 476 3 488 1
385 56 10 310 1 345 4 432 1 451 1 316 4 476 3 382 5 477 3 567 2 518 1
124 18 9 310 1 361 2 371 6 451 1 377 3 379 3 382 6 476 3 498 1
243 34 15 446 1 311 1 352 1 454 1 349 2 355 2 301 1 552 1 341 2 344 2 362 1 476 3 477 1 412 2 433 1
250 35 15 347 2 489 1 499 1 370 2 468 1 624 2 361 2 547 1 382 1 451 1 608 4 476 2 617 1 377 3 369 1
345 49 14 347 3 374 1 298 1 461 3 370 4 615 1 361 1 382 2 567 3 449 1 451 1 297 1 380 2 524 1
//IdTournes NbColis
75 6
//IdColis IdCommandeInColis NbProducts IdProd1 QtyProd1 IdProd2 QtyProd2 ...
259 36 17 363 1 310 1 371 2 337 1 382 2 451 1 455 1 476 1 613 2 562 1 482 3 619 2 479 2 439 2 471 2 417 2 640 1
268 37 16 344 1 374 2 468 1 624 1 363 1 371 3 382 4 451 1 476 2 377 2 379 2 567 1 562 1 380 1 620 1 482 1
361 51 4 442 1 302 1 474 1 395 1
203 29 8 310 1 530 1 371 3 607 2 476 6 377 7 379 4 292 1
189 28 13 540 1 385 2 534 1 324 1 326 1 365 1 372 1 618 2 311 1 420 1 322 3 440 1 329 1
335 48 14 466 1 365 1 372 1 410 2 311 1 354 1 561 1 440 1 323 1 303 1 419 2 350 2 335 1 341 3
//IdTournes NbColis
76 6
//IdColis IdCommandeInColis NbProducts IdProd1 QtyProd1 IdProd2 QtyProd2 ...
467 74 26 554 1 451 1 473 1 550 1 479 1 330 2 471 1 411 1 417 2 436 1 438 1 496 1 329 1 529 1 606 1 502 1 342 1 587 1 304 1 305 2 500 1 578 1 603 1 591 1 423 1 506 1
525 85 6 449 1 436 1 309 1 319 1 415 1 498 1
84 11 12 366 1 370 2 486 3 310 6 406 2 371 2 337 4 443 1 449 1 418 1 455 1 650 1
236 33 14 382 1 607 1 379 4 337 4 476 2 377 5 556 2 451 1 567 1 562 1 297 1 380 1 620 1 415 1
103 15 13 318 1 326 1 480 1 481 5 311 1 352 1 622 2 300 1 301 1 404 1 355 2 349 1 656 1
377 55 16 321 1 478 1 446 1 480 3 574 1 326 1 561 1 311 1 352 1 720 1 626 1 454 1 301 1 349 2 355 1 591 1
//IdTournes NbColis
77 6
//IdColis IdCommandeInColis NbProducts IdProd1 QtyProd1 IdProd2 QtyProd2 ...
201 29 18 339 1 440 1 314 1 513 1 454 1 722 1 422 1 725 1 465 1 313 1 445 2 334 1 472 2 570 1 335 1 469 2 612 1 647 1
374 54 3 304 1 302 1 508 1
301 44 4 342 2 304 2 305 2 538 1
397 58 5 336 2 342 2 553 2 516 1 304 5
433 66 4 586 1 308 5 500 1 538 1
402 59 21 565 1 310 2 451 1 562 2 608 1 476 1 477 1 617 2 412 2 382 1 345 2 479 1 330 2 471 1 369 1 417 2 525 1 315 1 572 1 523 1 503 1
//IdTournes NbColis
78 6
//IdColis IdCommandeInColis NbProducts IdProd1 QtyProd1 IdProd2 QtyProd2 ...
274 38 13 326 1 321 1 410 1 560 1 478 1 481 3 593 2 311 1 354 1 375 1 561 3 328 1 713 1
314 46 10 410 1 560 5 481 3 537 1 311 1 375 2 378 1 354 1 386 2 591 1
81 11 11 324 2 611 2 625 1 588 1 690 1 618 1 537 2 441 1 384 5 354 1 531 1
200 29 10 481 1 537 2 441 1 384 3 561 2 354 1 322 4 317 1 339 2 373 1
432 66 14 406 2 607 1 476 2 443 2 377 4 337 3 567 1 628 2 650 1 556 1 369 1 525 1 381 4 586 3
213 30 14 371 1 607 1 608 4 476 1 477 3 379 3 382 2 567 2 554 2 451 1 505 1 479 1 330 2 417 1
//IdTournes NbColis
79 6
//IdColis IdCommandeInColis NbProducts IdProd1 QtyProd1 IdProd2 QtyProd2 ...
317 46 10 371 3 382 5 476 1 377 7 379 4 443 2 348 1 449 1 562 1 582 1
204 29 11 567 1 556 3 628 7 613 6 451 1 650 1 620 2 373 1 619 2 338 1 470 1
451 70 3 515 1 453 1 506 1
305 45 9 415 1 416 1 425 1 591 1 423 1 424 1 504 1 592 1 421 1
145 20 4 603 1 456 1 657 1 506 1
403 59 1 571 1
//IdTournes NbColis
80 1
//IdColis IdCommandeInColis NbProducts IdProd1 QtyProd1 IdProd2 QtyProd2 ...
86 11 1 585 2
