//NbTournees
2
//IdTournes NbColis
1 6
//IdColis IdCommandeInColis NbProducts IdProd1 QtyProd1 IdProd2 QtyProd2 ...
1 1 19 119 1 122 1 123 1 120 1 59 1 1 1 3 1 18 1 20 1 45 1 53 1 67 1 2 1 4 1 10 1 11 1 15 1 23 1 105 1
4 2 13 31 1 1 2 3 1 18 2 20 2 45 1 53 3 67 2 4 2 6 1 8 1 11 1 28 1
6 2 19 96 1 109 1 42 1 60 1 69 1 77 1 92 1 95 2 76 2 5 1 13 3 36 1 43 1 54 1 72 1 98 1 106 1 97 1 105 1
2 1 20 30 1 38 1 48 1 49 1 58 1 62 1 65 1 74 1 79 1 85 3 86 1 21 1 52 1 117 1 108 1 7 1 24 1 50 1 124 1 107 1
5 2 17 16 1 30 2 34 1 38 1 41 1 46 1 47 1 49 2 57 1 70 1 71 1 73 1 75 1 85 3 9 1 115 1 97 1
8 2 24 37 1 39 1 66 1 80 1 84 1 98 2 19 1 89 1 113 2 83 1 87 1 14 1 33 3 88 1 99 2 110 3 102 1 12 1 100 1 114 1 103 2 118 2 116 3 111 1
//IdTournes NbColis
2 2
//IdColis IdCommandeInColis NbProducts IdProd1 QtyProd1 IdProd2 QtyProd2 ...
7 2 20 82 1 91 1 94 1 32 1 40 2 51 1 55 3 56 1 22 1 29 1 68 1 81 1 90 1 93 1 17 2 26 2 27 1 35 3 61 1 112 1
3 1 10 64 2 78 1 44 1 25 1 37 1 39 1 63 1 121 4 104 1 101 1
