//NbTournees
14
//IdTournes NbColis
1 6
//IdColis IdCommandeInColis NbProducts IdProd1 QtyProd1 IdProd2 QtyProd2 ...
39 16 19 248 1 111 1 10 1 141 1 16 1 37 1 151 1 236 1 242 1 2 1 130 1 20 2 133 1 265 1 88 1 139 1 131 1 149 1 259 1
69 26 23 28 1 10 1 180 1 16 1 241 1 249 2 257 1 235 1 243 1 182 1 46 1 9 1 19 1 45 1 47 1 48 1 24 1 35 1 40 1 184 1 101 1 86 1 256 1
81 30 20 10 2 16 2 249 2 257 1 23 1 58 1 19 1 45 1 47 1 48 1 237 1 24 1 35 2 40 1 86 1 194 2 101 1 273 1 12 2 31 1
5 3 24 37 1 249 2 257 1 2 1 23 1 52 1 46 1 88 1 9 1 19 1 45 1 47 1 48 1 24 1 35 1 40 1 96 2 92 1 12 1 17 2 50 1 95 1 98 1 238 1
14 7 27 47 1 48 1 115 1 35 1 40 1 269 1 92 1 96 2 12 1 39 1 50 1 95 1 98 2 22 1 29 1 32 1 49 1 270 1 116 1 43 1 100 1 81 1 276 1 238 1 72 1 84 1 191 1
67 25 35 24 1 35 2 40 1 175 1 96 2 273 1 55 1 220 2 17 3 50 1 29 1 32 4 49 1 43 1 54 1 99 1 246 1 78 1 219 1 91 1 77 1 85 1 82 1 238 1 251 1 65 1 79 2 61 1 63 1 66 2 67 1 73 1 203 1 274 1 268 1
//IdTournes NbColis
2 6
//IdColis IdCommandeInColis NbProducts IdProd1 QtyProd1 IdProd2 QtyProd2 ...
11 6 25 16 1 37 2 18 1 278 1 298 1 2 1 312 1 36 2 313 1 19 1 45 1 47 1 48 1 244 1 252 3 255 1 260 1 262 1 24 1 25 1 35 1 40 1 175 1 96 2 71 1
24 11 22 111 1 314 1 10 1 16 1 37 1 299 1 249 2 250 1 278 1 300 1 2 1 23 1 209 1 110 1 283 1 88 1 58 1 105 1 19 1 45 1 47 1 285 1
19 9 30 255 2 260 2 262 1 24 1 35 2 40 1 92 1 96 2 279 1 12 1 17 3 50 1 127 2 286 1 124 1 29 1 117 3 49 1 116 1 43 1 99 1 211 1 206 1 202 1 128 1 189 1 308 1 203 1 224 1 311 1
1 1 24 282 1 294 1 53 1 27 1 239 1 289 1 1 1 102 1 88 1 297 1 58 1 15 1 47 1 48 1 33 1 244 1 252 3 254 1 255 1 260 1 262 1 89 2 35 2 65 1
13 7 17 10 1 125 1 53 1 13 1 27 2 120 2 239 1 240 1 249 2 250 1 2 1 23 1 122 1 108 1 15 1 19 1 24 1
31 13 38 252 1 255 2 260 1 262 1 89 1 24 1 25 1 40 1 35 2 273 1 55 1 12 1 42 3 50 1 134 1 44 3 29 1 49 1 43 1 54 1 280 1 305 1 78 1 219 1 77 1 85 1 82 1 65 1 79 1 87 1 61 1 63 1 66 1 67 1 73 1 75 2 310 1 213 1
//IdTournes NbColis
3 6
//IdColis IdCommandeInColis NbProducts IdProd1 QtyProd1 IdProd2 QtyProd2 ...
8 4 26 35 1 40 1 96 2 92 1 220 1 39 1 50 1 94 1 22 1 32 1 49 1 43 1 281 1 100 1 6 1 74 1 76 1 302 1 38 1 288 1 69 1 80 1 79 1 84 1 70 1 83 1
87 33 28 11 1 145 1 319 1 154 1 244 1 252 2 255 1 260 1 262 1 335 1 86 1 93 2 101 1 322 2 325 1 326 1 333 1 334 1 39 1 95 1 98 1 22 1 281 1 99 1 81 1 305 1 211 1 84 1
50 19 19 120 2 164 1 249 2 257 1 23 1 209 1 214 2 233 2 156 1 110 1 88 1 167 1 58 1 15 1 163 1 19 1 47 1 48 1 315 1
51 19 26 315 1 320 1 321 1 244 1 252 3 255 2 401 1 260 1 262 1 403 2 89 1 24 1 25 1 165 1 35 2 40 1 92 1 96 2 227 1 322 3 325 2 326 1 333 1 334 1 220 1 229 1
78 29 28 315 2 320 1 321 1 244 1 252 3 255 1 401 1 260 1 262 1 403 1 24 1 35 1 40 1 86 1 194 2 101 1 322 3 325 1 326 1 333 1 334 1 12 1 39 1 42 2 50 1 95 1 98 1 22 1
63 24 22 330 1 10 1 18 1 249 2 257 1 324 1 312 1 110 1 88 1 149 1 58 2 19 1 45 1 47 1 48 1 89 1 24 1 35 2 40 1 92 1 96 1 316 1
//IdTournes NbColis
4 6
//IdColis IdCommandeInColis NbProducts IdProd1 QtyProd1 IdProd2 QtyProd2 ...
27 12 14 284 1 28 1 318 1 344 1 13 2 27 3 357 1 360 1 356 1 342 1 2 1 23 1 20 1 46 1
58 22 22 332 1 111 1 10 1 112 1 13 2 298 1 23 1 133 1 110 1 88 1 58 1 15 1 19 1 47 1 48 1 33 1 317 1 244 1 252 3 254 2 260 1 78 1
61 23 25 318 1 147 2 170 1 23 1 20 1 158 1 19 1 45 1 47 1 48 1 244 1 252 3 255 1 260 1 262 1 24 1 35 1 40 1 174 1 175 1 96 2 12 1 39 1 42 2 50 1
89 34 27 284 1 318 1 10 1 11 1 23 1 367 1 244 1 354 1 255 1 260 1 262 1 89 1 86 1 322 1 325 1 326 1 333 1 334 1 220 1 39 1 355 1 169 1 144 1 72 1 61 1 365 1 70 2
57 21 28 194 1 341 1 220 2 12 1 39 1 42 1 50 1 339 1 159 1 29 1 44 1 169 1 49 1 43 1 54 1 177 2 99 1 204 1 368 1 176 1 76 1 90 1 77 1 245 1 61 1 63 1 104 1 346 1
3 2 18 284 1 377 1 5 1 11 1 62 1 2 1 21 1 23 1 68 1 45 1 47 1 48 1 89 1 7 1 35 1 40 1 86 1 93 1
//IdTournes NbColis
5 6
//IdColis IdCommandeInColis NbProducts IdProd1 QtyProd1 IdProd2 QtyProd2 ...
18 9 18 284 1 111 1 112 2 13 2 2 1 23 1 20 1 110 1 226 1 88 1 15 1 19 1 47 1 48 1 244 1 293 1 252 3 191 1
36 15 18 284 1 111 1 112 1 13 1 143 1 27 2 347 1 351 1 358 1 359 1 2 1 23 1 353 1 52 1 136 1 110 1 146 1 220 1
56 21 23 284 1 11 1 166 1 157 1 14 1 145 1 18 1 343 1 19 1 45 1 47 1 48 1 244 1 252 1 255 1 260 1 262 1 89 1 24 1 35 1 40 1 101 1 86 1
73 28 21 284 1 10 1 11 1 145 1 241 1 249 1 374 1 257 1 375 1 173 1 19 1 45 1 47 1 48 1 89 1 24 1 35 1 40 1 184 1 86 1 194 1
83 31 21 284 1 350 1 11 1 18 1 2 1 20 1 362 1 142 1 199 1 173 1 45 1 47 1 48 1 89 1 86 1 93 1 101 1 361 1 35 1 40 1 220 1
85 32 20 284 1 349 1 11 1 208 1 2 1 23 1 244 1 252 1 255 1 260 1 262 1 33 1 89 1 194 1 101 1 86 1 227 1 322 1 325 1 245 1
//IdTournes NbColis
6 6
//IdColis IdCommandeInColis NbProducts IdProd1 QtyProd1 IdProd2 QtyProd2 ...
54 20 24 330 1 10 1 157 1 16 2 18 1 372 1 376 1 162 1 23 1 168 1 41 1 36 1 173 1 45 1 47 1 48 1 285 1 244 1 252 2 255 1 260 1 262 1 7 1 35 1
34 14 36 255 1 260 1 262 1 89 1 24 1 35 2 119 1 40 1 273 1 55 1 137 1 12 1 17 3 50 1 29 1 32 4 49 1 378 1 54 1 246 1 78 1 219 1 77 1 85 1 82 1 369 1 65 1 79 1 87 1 61 1 63 1 66 1 67 1 73 1 380 1 75 1
71 27 24 28 1 11 1 147 1 120 1 18 1 249 2 257 1 23 1 179 1 46 1 9 1 19 1 45 1 47 1 48 1 321 1 370 1 24 1 35 1 40 1 101 1 86 1 194 1 72 1
28 12 25 226 1 102 1 9 1 123 1 15 1 114 1 47 1 48 1 345 1 244 1 252 3 255 2 260 2 262 1 24 1 119 1 40 1 92 1 96 2 35 2 12 2 17 3 39 1 50 1 100 1
7 4 24 301 1 13 1 14 1 27 1 37 1 51 1 287 1 289 1 290 1 291 1 295 1 2 1 23 1 8 1 15 1 47 1 48 1 244 1 252 2 254 1 260 1 262 1 89 1 34 1
9 5 27 28 1 10 1 16 1 37 1 18 1 2 1 23 1 20 1 41 1 46 1 9 1 19 1 45 1 47 1 48 1 244 1 252 1 373 1 255 1 260 1 262 1 24 1 35 1 40 1 92 1 96 2 12 1
//IdTournes NbColis
7 6
//IdColis IdCommandeInColis NbProducts IdProd1 QtyProd1 IdProd2 QtyProd2 ...
16 8 24 111 1 10 1 16 2 2 1 23 1 110 1 88 1 58 1 19 1 45 1 47 1 48 1 244 1 252 3 255 2 260 1 262 1 89 1 24 1 35 2 40 1 175 1 194 1 29 1
21 10 23 111 1 10 2 13 1 37 1 2 1 23 1 121 1 106 1 20 2 88 1 113 1 58 1 367 1 396 1 15 1 47 1 48 1 244 1 252 2 255 2 260 1 262 1 78 1
30 13 23 111 1 10 1 11 1 145 2 147 1 304 1 153 1 2 1 138 1 23 1 110 1 142 1 88 1 139 1 173 1 58 1 105 1 19 1 45 1 47 1 48 1 244 1 252 2
33 14 21 379 1 10 2 16 2 37 2 18 1 2 1 121 1 20 1 8 1 110 1 196 1 88 1 58 1 19 1 45 1 47 1 48 1 244 1 252 3 255 1 43 1
37 15 26 154 1 196 1 363 1 102 1 348 1 15 1 19 1 47 1 48 1 244 1 252 3 255 2 260 2 262 1 33 1 132 1 24 1 40 1 92 1 96 2 35 2 12 1 17 3 152 1 50 1 213 1
40 16 27 58 1 45 1 47 1 48 1 155 1 244 1 252 3 254 2 260 1 262 1 263 1 89 1 35 2 40 1 217 1 92 1 96 2 220 1 55 1 31 3 50 1 95 2 32 1 49 1 267 1 261 1 118 1
//IdTournes NbColis
8 6
//IdColis IdCommandeInColis NbProducts IdProd1 QtyProd1 IdProd2 QtyProd2 ...
42 17 21 111 1 10 1 16 2 37 1 120 2 2 1 150 1 140 1 135 1 110 1 88 1 58 1 397 1 19 1 45 1 47 1 48 1 244 1 252 3 255 2 260 1
45 18 19 111 1 28 1 10 2 16 1 120 2 37 2 18 1 2 1 110 1 58 1 15 1 19 1 47 1 48 1 244 1 252 3 255 2 260 1 305 1
66 25 22 181 1 10 2 14 1 16 2 37 1 18 1 23 1 110 1 88 1 113 1 58 1 19 1 45 1 47 1 48 1 244 1 252 3 255 2 260 1 262 1 89 1 12 1
77 29 15 147 1 37 2 120 2 178 1 18 1 323 1 249 2 257 1 214 2 233 2 405 1 19 1 45 1 47 1 48 1
22 10 34 89 1 35 2 40 1 92 1 96 2 55 1 220 1 17 3 50 1 49 1 129 1 43 1 99 1 219 1 91 1 77 1 85 1 82 1 389 1 245 1 383 1 394 1 65 1 79 1 61 1 63 1 66 1 67 2 73 1 380 1 224 2 75 1 395 1 275 1
43 17 37 262 1 89 1 24 1 35 2 40 1 175 1 194 2 101 1 273 1 55 1 220 1 12 1 31 3 50 1 29 1 32 1 49 1 148 1 43 1 54 1 388 1 204 1 99 1 78 1 219 1 91 1 77 1 85 1 398 1 82 1 245 1 65 1 79 1 61 1 63 1 66 1 274 1
//IdTournes NbColis
9 6
//IdColis IdCommandeInColis NbProducts IdProd1 QtyProd1 IdProd2 QtyProd2 ...
64 24 30 96 1 55 1 220 2 12 1 17 3 50 1 29 1 32 4 49 1 43 1 54 1 100 1 172 1 78 1 219 1 90 1 91 1 77 1 85 1 82 1 245 1 331 1 79 1 65 1 61 1 63 1 73 1 66 1 67 1 75 1
82 30 30 31 1 39 1 42 1 50 1 29 2 44 3 49 1 43 1 54 1 177 2 99 1 277 1 78 1 219 1 91 1 77 1 85 1 82 1 64 1 245 1 264 1 72 1 79 1 65 1 61 1 63 1 66 1 67 1 73 1 75 1
55 20 20 40 1 175 1 101 1 96 2 31 2 39 1 152 1 50 1 95 1 98 1 22 1 49 1 43 1 99 1 81 1 74 1 371 1 171 1 84 1 222 1
46 18 36 262 1 89 1 24 1 35 2 40 1 387 1 217 1 92 1 55 1 220 1 12 1 17 3 50 1 4 1 29 1 32 4 49 1 390 1 43 1 54 1 393 1 384 1 78 1 219 1 91 1 77 1 85 1 82 1 391 1 65 1 79 1 87 1 61 1 63 1 66 1 73 1
12 6 25 12 1 31 2 39 1 50 1 95 1 98 1 22 1 29 1 32 1 44 2 49 1 43 1 54 1 99 1 30 1 81 1 306 1 292 1 219 1 64 1 303 1 84 1 56 1 225 1 213 1
59 22 37 262 1 89 1 160 1 24 1 35 2 40 1 336 1 327 1 55 1 220 1 12 1 17 3 50 1 339 1 340 1 29 1 32 3 49 1 116 1 43 1 337 1 292 1 305 1 219 1 77 1 85 1 161 1 82 1 128 1 65 1 79 1 61 1 63 1 66 1 67 1 73 1 338 1
//IdTournes NbColis
10 6
//IdColis IdCommandeInColis NbProducts IdProd1 QtyProd1 IdProd2 QtyProd2 ...
6 3 12 29 1 32 3 49 1 59 1 43 1 54 1 99 1 247 1 81 1 97 1 84 1 253 1
75 29 6 328 1 329 1 385 1 399 1 10 1 209 1
49 19 7 385 1 386 1 400 1 232 1 406 1 37 2 212 1
76 29 8 385 1 386 1 400 1 11 1 406 1 232 1 147 1 408 1
86 32 12 326 1 333 1 334 1 220 1 39 1 22 1 177 2 99 1 104 1 61 1 230 1 366 1
48 19 5 328 1 329 1 385 1 111 2 28 1
//IdTournes NbColis
11 6
//IdColis IdCommandeInColis NbProducts IdProd1 QtyProd1 IdProd2 QtyProd2 ...
84 31 15 42 1 50 1 44 2 49 1 43 1 99 1 352 1 76 1 90 1 57 1 82 1 61 1 205 1 224 1 230 1
29 12 23 127 1 107 1 22 1 29 2 117 3 49 1 116 1 364 1 100 1 211 1 74 1 206 1 103 1 57 1 222 1 216 2 223 1 104 1 253 1 198 1 207 1 218 1 231 1
2 1 26 40 1 92 1 55 1 220 1 50 1 296 1 32 1 49 1 43 1 26 1 100 1 103 1 78 1 219 1 91 1 77 2 85 1 82 1 79 1 87 1 61 2 63 1 66 1 67 1 73 1 75 1
91 35 27 11 1 147 2 18 1 298 1 23 1 45 1 47 1 48 1 165 1 35 1 40 1 175 1 194 2 101 1 42 2 50 1 95 1 98 1 49 1 43 1 411 1 177 1 99 1 81 1 84 1 407 1 309 1
41 16 22 43 1 100 1 103 1 219 1 78 1 91 1 271 1 77 1 85 1 258 1 82 1 65 1 79 1 61 1 63 1 66 1 67 1 73 1 75 1 207 1 225 1 266 2
70 26 25 194 2 12 1 31 2 50 1 95 1 98 1 29 1 49 1 43 1 54 1 99 1 177 2 81 1 211 1 272 1 258 1 189 1 72 1 84 1 186 1 191 1 192 1 187 1 190 1 275 1
//IdTournes NbColis
12 6
//IdColis IdCommandeInColis NbProducts IdProd1 QtyProd1 IdProd2 QtyProd2 ...
79 29 18 29 1 44 2 49 1 267 1 43 1 54 1 177 2 99 1 81 1 211 1 212 1 410 1 402 1 404 1 409 2 234 2 84 1 75 1
10 5 15 31 2 50 1 95 1 98 1 29 1 49 1 43 1 54 1 99 1 81 1 3 1 211 1 103 1 60 1 84 1
4 2 17 101 1 220 1 39 1 42 1 50 1 4 1 22 1 44 2 49 1 43 1 99 1 90 1 57 1 82 1 72 1 61 1 104 1
25 11 39 48 1 33 1 89 1 24 1 35 2 40 1 217 1 92 1 96 2 273 1 55 1 220 1 12 1 17 3 50 1 29 1 32 1 49 1 109 1 118 1 43 1 54 1 78 1 219 1 91 1 77 1 85 1 82 1 126 1 65 1 79 1 61 1 63 1 66 1 67 1 73 1 75 1 307 1 309 2
17 8 29 194 1 101 1 273 1 55 1 220 1 12 1 31 3 50 1 32 1 49 1 43 1 54 1 177 2 99 1 305 1 78 1 219 1 91 1 77 1 85 1 82 1 79 1 65 1 61 1 63 1 66 1 67 1 73 1 75 1
52 19 27 55 1 12 1 50 1 29 1 32 1 49 1 43 1 54 1 100 1 215 1 219 1 78 1 91 1 77 1 85 1 82 1 409 2 234 2 408 1 65 1 79 1 61 1 63 1 66 1 67 1 73 1 75 1
//IdTournes NbColis
13 6
//IdColis IdCommandeInColis NbProducts IdProd1 QtyProd1 IdProd2 QtyProd2 ...
72 27 20 194 1 12 1 42 2 50 1 95 1 98 1 29 1 44 2 183 1 49 1 43 1 54 1 177 2 99 1 81 1 219 1 381 1 84 1 186 1 382 1
74 28 21 101 1 220 1 12 1 39 1 42 1 50 1 29 1 44 2 169 1 49 1 43 1 54 1 177 2 99 1 195 1 193 1 185 1 61 1 63 1 188 1 192 1
38 15 25 127 1 201 1 29 1 32 2 49 1 197 1 117 1 144 1 116 1 43 1 204 1 100 2 211 1 206 1 202 1 189 1 128 1 171 1 200 1 221 1 222 1 210 1 228 1 203 1 104 1
62 23 13 95 1 98 1 22 1 29 1 44 2 49 1 43 1 54 1 99 1 81 1 128 1 84 1 213 1
44 17 3 67 1 73 1 75 1
47 18 3 67 1 392 1 75 2
//IdTournes NbColis
14 2
//IdColis IdCommandeInColis NbProducts IdProd1 QtyProd1 IdProd2 QtyProd2 ...
60 22 2 75 1 71 2
68 25 1 75 1
