//NbTournees
6
//IdTournes NbColis
1 6
//IdColis IdCommandeInColis NbProducts IdProd1 QtyProd1 IdProd2 QtyProd2 ...
2 1 46 188 1 2 1 27 1 25 1 5 1 6 1 7 1 31 1 33 1 24 1 287 1 3 1 10 1 21 1 35 1 37 1 29 1 91 5 4 1 13 1 15 1 19 2 26 1 98 2 89 1 23 1 32 1 28 1 36 1 278 1 16 1 187 1 209 4 247 1 22 3 92 5 283 1 284 1 282 1 208 1 14 1 286 1 18 1 17 1 12 6 100 3
5 2 41 2 1 256 1 25 1 50 1 5 2 31 1 42 1 41 1 35 1 10 1 183 1 55 1 49 1 91 5 54 2 26 1 52 1 57 1 13 1 19 2 98 1 89 1 43 1 36 1 56 1 16 1 187 1 209 1 247 1 22 2 46 1 47 1 92 5 14 1 95 1 213 1 18 1 17 1 12 6 239 2 100 2
8 3 25 162 1 166 1 160 1 59 1 67 1 38 1 8 1 68 1 188 5 51 1 2 1 64 1 153 1 27 1 246 1 251 1 25 1 31 1 33 1 5 2 42 1 250 1 21 1 171 1 170 1
12 4 25 214 1 186 1 72 1 188 5 51 1 2 1 178 1 76 2 27 1 73 1 25 1 5 3 31 1 33 1 177 1 271 1 250 1 41 1 35 1 88 1 10 1 183 1 77 1 167 1 229 1
37 13 37 195 1 25 2 31 1 7 1 152 1 202 1 225 1 212 1 35 1 201 1 203 1 217 2 10 1 232 1 21 1 183 1 199 1 196 1 197 1 198 1 91 5 233 2 237 1 57 1 15 2 79 1 4 1 89 1 98 2 13 1 19 2 206 1 36 2 28 1 213 1 229 1 226 1
15 5 38 2 1 87 1 5 2 31 2 184 1 88 1 96 1 99 1 35 2 103 1 183 1 91 5 102 1 90 1 89 1 98 1 101 1 13 1 19 2 23 1 32 1 36 1 28 1 187 1 16 1 94 1 22 1 92 5 181 1 189 1 14 1 95 1 18 1 93 1 191 1 17 1 12 6 100 4
//IdTournes NbColis
2 6
//IdColis IdCommandeInColis NbProducts IdProd1 QtyProd1 IdProd2 QtyProd2 ...
9 3 44 35 1 111 1 159 1 41 1 99 1 66 1 183 1 248 1 249 1 91 5 167 1 52 1 4 1 13 1 89 1 19 2 98 2 164 1 36 1 56 1 16 1 187 1 94 1 247 1 172 1 22 2 46 1 47 1 92 5 168 1 243 1 161 1 241 1 14 1 169 1 18 1 207 1 244 1 17 2 240 1 12 6 157 1 239 1 100 2
13 4 37 29 1 80 1 91 5 74 2 78 1 81 2 82 1 15 1 79 1 13 1 19 2 98 2 89 1 23 1 36 1 28 1 16 1 187 2 209 1 173 1 247 1 71 1 46 2 47 1 92 5 175 2 95 2 18 1 254 1 228 1 220 1 281 1 17 1 12 6 157 1 239 1 100 1
18 6 39 108 1 110 1 5 2 7 1 31 1 33 1 117 1 111 1 35 1 99 1 115 1 273 1 249 1 29 1 91 4 4 1 13 1 15 1 26 1 19 2 89 1 98 2 116 1 36 1 28 1 56 1 16 1 187 1 94 1 247 1 109 1 92 5 14 1 213 2 18 1 275 1 17 2 12 6 100 2
21 7 38 51 1 2 1 256 1 119 1 118 1 5 2 31 1 124 1 184 1 257 1 111 1 99 1 55 1 91 5 54 1 89 1 13 1 19 2 253 2 206 1 116 1 28 1 36 1 56 1 121 1 16 1 187 1 94 1 247 1 22 1 92 5 14 1 18 1 254 1 93 1 210 1 17 1 12 6
26 8 29 74 1 132 1 98 1 13 1 19 2 300 1 28 1 36 2 121 1 16 1 187 1 94 1 234 1 151 1 150 1 155 2 46 1 47 1 92 5 298 1 168 1 158 1 229 1 18 1 296 1 17 1 157 1 12 6 100 3
28 9 30 188 4 51 1 2 1 5 2 31 1 35 1 55 1 91 5 233 2 279 1 28 1 36 1 280 1 56 1 278 1 121 1 187 1 16 1 209 1 247 1 47 1 46 1 92 5 14 1 18 1 228 1 17 1 12 6 239 1 100 1
//IdTournes NbColis
3 6
//IdColis IdCommandeInColis NbProducts IdProd1 QtyProd1 IdProd2 QtyProd2 ...
30 10 27 184 1 35 1 10 1 91 3 13 1 19 2 98 1 89 1 28 1 36 1 289 1 16 1 187 1 209 1 22 3 46 2 47 1 92 4 14 1 291 1 95 1 213 2 18 1 17 1 12 5 170 2 100 1
32 11 36 5 2 31 1 24 1 212 1 184 1 99 1 259 1 91 4 52 1 15 1 13 1 19 2 98 2 89 1 28 1 36 1 56 1 187 1 148 1 94 1 295 1 47 1 22 2 46 1 92 4 283 1 293 1 14 1 291 1 213 2 18 1 254 1 294 1 17 1 12 5 100 1
34 12 27 99 1 249 1 91 5 233 1 13 1 89 1 19 2 98 2 164 1 28 1 36 1 56 1 187 1 16 1 94 1 269 1 247 1 46 1 22 1 92 5 14 1 18 1 272 1 171 1 17 1 12 6 100 1
24 8 25 70 1 134 1 135 1 263 1 218 1 265 1 227 1 125 1 130 1 186 2 8 1 136 1 140 1 154 1 156 1 264 1 224 1 128 1 129 1 131 1 219 1 137 1 188 1 89 1 14 1
35 13 14 190 2 45 2 231 1 222 2 238 1 63 1 211 2 113 1 200 1 84 1 134 1 58 1 218 1 119 1
4 2 16 190 1 44 1 176 1 268 1 45 1 179 1 288 1 255 1 40 1 30 1 39 1 186 1 53 1 48 1 188 5 51 1
//IdTournes NbColis
4 6
//IdColis IdCommandeInColis NbProducts IdProd1 QtyProd1 IdProd2 QtyProd2 ...
27 9 19 20 1 165 1 268 1 45 1 179 1 142 1 238 1 63 1 141 2 113 1 58 1 30 1 39 1 144 1 140 1 48 1 143 1 188 1 52 1
11 4 15 83 1 190 1 176 1 180 1 147 1 75 1 179 1 9 1 69 1 113 1 84 1 174 1 255 1 11 2 14 1
31 11 20 180 1 147 1 179 1 149 1 211 1 141 1 113 1 266 1 1 1 255 1 30 2 39 1 8 1 67 1 106 1 188 5 2 1 76 1 112 1 16 1
36 13 22 227 1 214 1 223 1 186 2 59 1 8 1 224 1 129 1 131 1 194 1 204 2 219 1 188 5 51 1 87 1 153 1 216 1 76 1 205 1 193 1 233 1 14 1
17 6 17 190 1 114 1 176 1 268 1 274 1 113 1 266 2 276 1 277 1 106 1 8 1 188 5 2 1 27 1 107 1 112 1 91 1
23 8 15 190 1 297 1 268 1 45 1 301 1 179 2 138 1 261 1 192 1 258 1 266 1 113 2 127 1 84 1 126 1
//IdTournes NbColis
5 6
//IdColis IdCommandeInColis NbProducts IdProd1 QtyProd1 IdProd2 QtyProd2 ...
7 3 19 190 1 165 1 180 1 147 1 242 1 179 1 63 1 69 1 211 1 113 1 58 1 61 1 70 1 163 1 60 1 245 1 62 1 65 1 28 1
29 10 19 292 1 176 1 180 1 147 1 63 1 113 1 84 1 145 1 30 1 39 1 186 1 146 1 290 5 51 1 2 1 50 1 5 2 31 1 91 1
20 7 20 190 1 20 1 252 1 179 1 113 1 34 1 123 1 255 1 60 1 218 1 30 1 39 1 186 1 8 1 120 1 122 1 38 1 106 1 188 5 29 1
25 8 28 188 4 51 1 2 1 153 1 216 1 251 1 133 1 31 1 5 1 152 1 108 1 267 1 139 1 250 1 35 1 41 1 99 1 21 1 262 1 260 1 183 1 299 1 248 2 80 1 259 1 91 5 81 1 98 1
33 12 23 268 1 45 1 231 1 270 1 113 1 266 1 58 1 227 1 11 1 30 1 39 1 188 5 51 1 2 1 112 1 5 1 31 1 271 1 3 1 35 1 37 1 21 1 183 1
1 1 17 190 1 20 1 268 1 185 2 9 1 266 1 258 1 1 1 34 1 255 1 11 1 285 1 30 1 8 1 38 1 188 4 254 1
//IdTournes NbColis
6 2
//IdColis IdCommandeInColis NbProducts IdProd1 QtyProd1 IdProd2 QtyProd2 ...
14 5 15 190 1 180 1 176 1 185 1 179 1 85 1 192 2 182 1 113 1 104 1 86 1 105 1 97 1 186 1 188 5
38 13 24 236 1 187 1 209 2 230 1 234 1 22 1 46 2 47 1 92 5 221 1 208 1 14 1 18 1 207 1 210 2 228 1 215 1 220 1 235 1 17 1 12 6 170 1 157 1 100 2
