//NbTournees
24
//IdTournes NbColis
1 6
//IdColis IdCommandeInColis NbProducts IdProd1 QtyProd1 IdProd2 QtyProd2 ...
1 1 20 23 1 322 2 477 1 8 1 467 1 520 3 401 1 470 1 482 1 7 1 12 1 15 1 101 1 228 1 229 1 200 1 202 1 152 1 38 1 707 1
7 2 14 523 3 524 2 736 1 322 2 477 1 8 2 520 1 467 1 470 1 482 1 401 1 27 1 36 1 316 1
11 3 18 721 1 616 1 462 3 682 1 8 1 467 1 520 2 49 1 353 1 294 1 470 1 482 1 720 1 625 1 27 1 36 1 55 1 617 1
16 4 21 63 1 462 2 477 1 8 1 145 1 467 1 520 1 665 2 470 1 482 1 294 1 625 1 7 1 65 1 155 1 264 1 152 1 38 1 224 1 136 1 298 1
5 1 42 286 3 24 2 146 1 75 1 474 1 472 1 475 1 307 1 120 1 522 1 471 1 18 1 2 1 298 5 318 2 6 1 344 1 19 1 20 1 21 2 343 1 58 2 584 1 290 1 473 1 415 1 270 1 414 1 302 1 662 2 389 1 648 1 469 1 288 1 291 1 377 2 313 3 374 2 405 2 458 1 678 1 316 1
9 2 39 278 1 265 1 479 1 147 1 213 1 32 1 221 1 119 1 293 1 438 1 29 1 33 1 323 1 128 1 114 1 141 1 488 1 35 1 30 1 296 1 11 4 287 1 340 1 326 1 46 1 339 1 474 1 577 1 475 1 472 1 307 1 464 1 28 1 120 1 522 1 471 1 18 1 2 1 123 1
//IdTournes NbColis
2 6
//IdColis IdCommandeInColis NbProducts IdProd1 QtyProd1 IdProd2 QtyProd2 ...
14 3 46 141 2 261 1 559 3 618 1 51 1 9 1 356 1 122 2 11 4 287 1 340 1 295 1 358 1 24 2 46 1 139 1 474 1 472 1 468 1 464 1 53 1 120 1 342 1 362 1 471 1 18 1 359 3 2 1 123 1 298 5 318 1 56 1 344 1 357 1 343 1 617 1 584 1 290 3 355 1 361 1 121 1 473 1 143 1 605 1 715 1 316 1
19 4 43 287 1 24 2 46 1 474 1 466 1 472 1 475 1 307 1 666 1 464 1 53 1 342 1 471 1 18 1 603 1 2 1 123 1 298 4 344 1 19 4 606 1 343 1 58 2 42 1 537 2 290 1 121 1 473 1 604 1 605 1 60 1 153 1 125 2 607 1 126 1 124 1 302 2 320 2 469 1 288 1 291 1 365 1 316 1
24 5 46 409 1 128 2 712 1 713 1 61 2 51 1 594 1 399 1 395 1 650 1 9 1 296 1 122 2 11 3 340 1 286 1 24 2 146 1 474 1 466 1 475 1 472 1 468 1 464 1 28 2 120 1 342 1 570 1 18 1 2 1 298 5 6 1 43 1 344 1 19 1 343 1 67 1 252 1 290 1 572 2 121 1 473 1 70 3 597 1 396 1 291 1
29 6 41 26 1 141 2 559 1 409 1 51 1 9 1 296 1 122 2 11 3 329 1 326 1 75 1 79 1 81 1 24 2 146 1 339 1 474 1 74 2 82 2 162 3 442 1 472 1 307 1 464 1 78 1 120 1 342 1 471 1 18 1 73 1 2 1 298 5 6 1 43 2 344 1 19 2 343 1 58 3 290 1 529 2
35 7 33 82 1 472 1 464 1 120 1 471 1 18 1 2 1 234 1 298 5 318 1 6 1 344 1 606 1 343 1 290 1 733 1 537 1 121 1 473 1 70 1 558 1 60 1 71 1 302 2 553 3 301 3 563 3 469 1 288 1 291 4 313 3 299 1 608 1
39 8 44 11 4 287 1 295 1 358 1 340 1 24 2 139 1 307 1 464 1 120 1 342 1 471 1 18 1 2 2 123 1 298 5 318 1 343 1 42 1 138 1 290 1 121 1 77 1 473 1 270 1 127 1 125 1 126 1 302 2 124 1 699 1 389 1 383 1 651 1 674 1 469 1 612 1 291 1 313 3 299 1 458 1 678 1 613 1 316 1
//IdTournes NbColis
3 6
//IdColis IdCommandeInColis NbProducts IdProd1 QtyProd1 IdProd2 QtyProd2 ...
45 9 50 239 2 11 3 287 1 358 2 286 1 93 1 24 2 146 1 75 1 566 2 466 1 474 1 82 1 442 1 307 1 94 1 78 1 120 1 342 1 626 1 471 1 18 1 2 1 298 5 318 1 6 1 19 1 290 1 568 1 473 1 71 1 270 1 302 2 630 1 310 1 627 1 629 1 469 1 624 1 288 1 291 1 363 1 313 3 374 3 377 2 378 2 299 2 458 1 608 1 316 1
50 10 44 483 1 287 1 340 1 358 1 286 1 98 1 79 1 24 1 241 1 474 1 466 1 242 1 475 1 468 1 464 1 28 2 120 1 591 3 342 1 471 1 18 1 73 1 2 1 123 1 298 5 43 2 243 1 343 1 99 1 42 1 346 2 290 1 121 1 473 1 60 1 125 1 302 5 469 1 291 1 313 1 687 1 299 1 539 3 316 1
56 11 42 705 1 51 1 122 2 165 1 11 3 483 5 287 1 340 1 295 1 286 2 75 2 24 2 146 1 466 1 442 1 472 1 468 1 545 1 464 3 337 1 94 1 120 1 692 3 342 1 471 1 18 1 2 2 298 5 344 1 19 1 537 1 572 1 473 1 100 1 60 1 71 1 125 1 704 2 661 1 403 1 706 1 291 1
62 12 44 483 2 287 1 340 1 358 2 286 2 110 1 24 2 46 1 474 1 577 1 472 1 695 1 464 1 120 1 342 1 18 1 2 1 234 1 123 1 298 5 343 1 138 3 42 1 108 1 290 1 121 1 473 1 696 1 100 1 436 1 60 1 124 1 125 1 126 1 302 2 288 1 291 1 693 1 313 1 697 1 299 7 698 4 694 2 316 1
68 13 25 522 1 471 1 18 1 2 2 123 1 298 5 43 1 344 1 343 1 42 2 290 1 537 1 121 1 473 1 71 2 302 1 124 1 125 1 126 1 270 1 315 1 731 2 288 1 291 1 299 1
71 14 47 289 1 114 1 128 1 669 1 309 1 670 1 51 1 9 1 296 1 122 2 11 4 287 1 372 1 358 1 286 1 24 2 339 1 472 1 307 1 464 1 120 1 522 1 471 1 18 1 118 1 123 1 2 1 298 5 343 1 42 1 131 1 290 1 361 1 121 1 473 1 117 1 60 1 124 1 125 1 126 1 127 1 302 2 469 1 288 1 291 1 299 1 316 1
//IdTournes NbColis
4 6
//IdColis IdCommandeInColis NbProducts IdProd1 QtyProd1 IdProd2 QtyProd2 ...
75 15 24 464 1 337 1 120 1 342 1 471 1 18 1 123 1 2 1 298 5 344 1 42 1 138 1 290 1 121 1 473 1 60 1 302 2 125 1 126 1 124 1 469 1 291 1 405 1 316 2
78 16 38 287 1 372 1 358 1 146 1 24 2 139 1 149 1 466 1 474 1 307 1 120 1 342 1 471 1 18 1 123 1 2 1 298 4 344 1 343 1 42 1 290 1 121 1 473 1 143 1 587 1 302 2 125 1 126 1 341 1 486 1 403 1 485 1 469 1 291 1 600 1 299 1 450 1 316 1
80 17 35 158 1 135 1 32 1 434 1 293 3 50 1 438 1 151 1 134 1 29 1 33 1 408 1 261 1 406 1 51 1 9 1 30 1 122 2 11 4 287 1 286 1 24 2 466 1 474 1 157 2 472 1 475 1 468 1 464 1 120 1 28 1 342 1 471 1 18 1 302 1
84 18 35 162 1 475 1 442 1 307 1 464 1 161 2 163 2 28 1 120 1 522 1 471 1 18 3 2 1 123 1 298 5 6 1 43 1 344 2 34 1 343 1 42 1 99 2 290 1 121 1 473 1 125 1 126 2 302 2 389 1 310 1 553 1 469 1 291 1 299 1 316 1
87 19 48 141 1 440 1 51 1 30 1 9 1 165 1 122 2 11 4 287 1 358 2 326 1 24 2 46 1 466 1 577 1 472 1 442 1 307 1 464 2 28 1 120 1 342 1 527 1 471 1 18 1 2 1 123 1 298 5 43 1 344 2 167 1 343 1 42 1 290 1 361 1 121 1 473 1 60 1 124 1 302 1 486 1 469 1 288 1 578 1 291 1 449 1 299 1 316 1
92 20 41 141 2 51 1 9 1 296 2 122 2 11 4 287 1 295 1 286 2 24 2 139 1 46 1 173 1 466 1 171 1 120 1 78 1 342 1 471 1 18 1 2 1 123 1 298 5 344 1 343 1 42 1 290 1 121 1 302 3 126 1 127 1 310 1 301 3 553 3 509 1 469 1 288 1 308 2 291 1 300 1 316 2
//IdTournes NbColis
5 6
//IdColis IdCommandeInColis NbProducts IdProd1 QtyProd1 IdProd2 QtyProd2 ...
96 21 55 141 1 128 1 114 1 137 1 309 1 668 1 51 1 30 1 9 1 296 1 122 2 11 4 287 1 326 1 24 2 93 1 46 1 474 1 339 1 472 1 307 1 464 2 28 1 120 1 522 1 471 1 18 1 2 1 123 1 298 5 43 1 176 1 344 1 178 1 343 1 42 1 175 1 281 1 290 1 361 1 121 1 473 1 276 1 226 1 124 1 127 1 302 2 341 1 486 1 469 1 288 1 633 1 291 1 299 1 316 1
100 22 31 5 1 103 2 33 1 151 1 328 1 26 1 141 1 137 1 285 1 292 1 312 2 446 1 546 1 51 1 9 1 122 2 11 4 329 1 287 3 326 1 24 2 182 1 46 1 474 1 180 1 472 1 28 1 120 1 18 1 2 1 298 1
104 23 23 162 1 442 1 184 1 28 1 120 1 18 1 185 2 2 1 123 1 298 4 43 1 42 1 121 1 153 1 124 1 126 1 127 1 686 1 653 2 495 1 299 1 589 1 316 1
108 24 49 285 1 292 1 406 1 419 1 395 1 399 1 594 1 650 1 11 4 287 1 372 1 358 1 286 1 81 1 339 1 474 1 74 1 475 2 472 1 307 1 666 3 464 1 94 1 120 2 28 1 342 1 626 1 471 1 18 1 73 1 2 1 298 5 6 1 43 2 344 1 21 1 34 1 343 1 108 1 290 1 473 1 70 1 143 3 392 1 396 1 673 2 605 1 71 1 397 1
114 25 44 122 1 11 4 287 1 702 2 295 1 358 2 340 1 286 1 75 1 24 2 191 1 146 1 466 1 474 1 82 1 472 1 475 1 464 1 120 1 342 1 471 1 18 1 2 1 298 5 6 1 344 2 19 1 343 1 290 1 70 1 60 1 126 1 302 1 315 2 469 1 288 2 308 1 291 1 453 1 701 1 449 1 299 1 684 1 316 1
139 30 43 438 1 50 1 328 1 29 1 33 1 347 1 373 1 499 1 51 1 381 1 9 1 30 1 296 1 122 1 11 3 372 1 295 1 358 1 326 1 24 1 139 1 370 1 28 1 382 1 362 1 18 1 368 1 2 1 298 4 384 1 42 1 124 1 125 1 354 1 369 1 383 1 313 2 374 2 376 2 377 2 378 2 380 2 316 1
//IdTournes NbColis
6 6
//IdColis IdCommandeInColis NbProducts IdProd1 QtyProd1 IdProd2 QtyProd2 ...
142 31 23 51 1 9 1 296 1 122 1 11 3 372 1 340 1 286 1 24 1 139 1 577 1 442 1 472 1 18 1 2 1 298 4 344 1 42 1 100 1 302 1 325 1 301 1 316 1
144 32 21 11 3 287 1 372 1 286 1 24 1 46 1 139 1 370 1 362 1 18 1 2 1 298 4 492 1 42 1 124 1 125 1 491 1 463 1 291 1 684 1 316 1
145 33 34 401 1 305 1 494 1 303 1 385 1 38 1 136 1 89 1 496 1 314 1 31 1 135 1 438 1 33 1 347 1 212 1 61 1 51 1 9 1 296 1 122 1 11 3 372 2 326 1 24 1 139 1 362 1 18 1 2 1 298 4 42 1 125 1 302 1 495 1
148 34 19 11 1 372 3 340 1 326 1 24 2 93 1 110 1 139 1 370 1 500 1 161 1 298 4 56 1 6 1 67 1 501 1 127 1 302 1 595 1
159 38 65 286 1 24 3 146 1 87 2 466 1 577 1 646 1 82 1 472 1 468 1 193 1 464 1 342 1 471 2 18 1 639 1 2 2 638 1 123 1 298 5 19 1 492 4 343 1 634 1 58 1 290 4 121 1 70 1 100 2 143 3 392 1 396 1 60 1 125 1 302 2 656 1 394 1 652 1 325 1 317 1 661 1 642 1 388 1 402 1 404 1 393 1 654 1 660 1 513 1 662 1 640 1 641 1 390 1 389 1 511 1 663 1 648 2 649 1 651 1 553 1 659 1 629 1 391 1 653 1 655 1
3 1 25 216 1 410 1 411 1 416 1 417 1 330 1 1 1 13 1 17 1 25 2 207 1 227 1 268 1 274 1 213 1 4 1 447 1 622 1 221 1 119 1 293 2 5 1 103 2 10 1 299 1
//IdTournes NbColis
7 6
//IdColis IdCommandeInColis NbProducts IdProd1 QtyProd1 IdProd2 QtyProd2 ...
43 9 24 314 1 201 1 216 2 265 1 204 1 426 1 416 1 417 1 25 2 1 1 66 2 207 1 274 1 213 1 237 1 447 1 96 1 293 1 631 1 5 1 103 2 16 2 33 1 628 1
66 13 25 223 1 44 1 219 1 59 1 31 1 250 1 426 1 547 1 265 1 17 1 1 1 227 1 274 1 83 1 213 1 447 1 280 1 327 1 84 1 251 1 215 1 5 1 103 2 33 1 323 1
112 25 23 700 1 205 1 3 1 44 1 219 2 59 1 216 1 247 1 31 1 417 2 410 1 411 1 426 1 416 1 348 1 330 1 254 1 1 1 17 1 207 1 227 1 274 1 307 1
118 26 24 44 1 314 3 204 1 116 1 348 1 265 1 209 1 330 1 709 1 1 1 17 3 188 1 227 1 213 1 350 1 84 1 119 1 293 1 103 2 222 1 225 1 444 1 408 1 578 1
13 3 27 44 1 335 1 314 3 31 1 263 1 247 1 336 1 17 1 227 1 364 1 213 1 32 1 327 1 350 1 262 1 221 1 119 1 293 2 50 1 233 1 438 1 29 1 33 1 52 1 151 1 289 1 475 1
61 12 29 183 1 227 1 364 1 83 1 213 1 107 1 434 1 119 1 221 1 293 1 233 1 103 1 29 1 52 1 33 1 151 1 10 2 22 2 323 1 373 1 137 1 141 1 51 1 9 1 122 2 11 4 483 2 307 1 469 1
//IdTournes NbColis
8 6
//IdColis IdCommandeInColis NbProducts IdProd1 QtyProd1 IdProd2 QtyProd2 ...
70 14 26 91 1 322 2 477 1 520 1 482 1 470 1 401 1 113 1 38 1 303 1 306 1 351 1 54 1 319 1 115 1 132 1 116 1 32 1 119 1 293 1 50 1 130 1 29 1 52 1 129 1 344 1
113 25 29 213 1 4 1 447 1 215 1 434 1 221 1 293 1 103 2 5 1 233 1 33 1 52 1 151 1 408 1 168 1 190 1 323 1 373 1 26 1 137 1 446 1 419 1 141 2 261 1 292 1 51 1 9 1 122 1 302 1
149 35 30 92 1 305 1 420 1 303 1 454 1 306 1 387 1 371 1 38 1 255 1 502 1 489 1 314 1 364 1 4 1 52 1 347 1 503 1 373 1 141 1 51 1 9 1 122 1 11 1 24 2 93 1 139 1 362 1 298 1 302 1
158 38 25 103 2 636 1 16 1 52 1 33 1 151 1 444 2 10 2 22 3 289 1 345 1 186 1 373 1 141 3 579 1 51 1 650 1 658 1 9 2 30 1 296 1 122 3 11 4 287 1 372 2
79 17 25 462 2 477 1 467 1 294 1 470 1 305 1 152 1 154 1 155 1 136 1 428 1 439 1 461 1 429 1 319 1 432 1 273 1 478 1 132 1 159 1 31 1 150 1 426 1 160 1 465 1
119 26 35 408 1 328 1 190 1 323 1 186 1 551 1 141 1 440 1 409 1 488 1 309 2 664 1 51 1 594 1 399 1 395 1 650 1 9 1 296 2 122 2 11 4 483 1 287 1 358 1 286 1 24 3 93 1 182 1 474 1 466 2 472 1 475 1 307 1 193 1 299 1
//IdTournes NbColis
9 6
//IdColis IdCommandeInColis NbProducts IdProd1 QtyProd1 IdProd2 QtyProd2 ...
126 27 33 114 1 137 1 141 2 128 2 730 3 395 1 658 1 650 1 594 1 296 1 112 1 11 4 287 1 691 1 372 3 295 1 358 2 340 1 286 1 93 1 182 1 370 3 474 1 577 3 472 1 468 1 193 1 666 1 740 3 464 2 337 3 739 1 460 1
132 28 43 22 1 582 1 289 1 345 1 347 1 26 1 212 1 579 1 141 2 409 1 51 1 9 1 338 2 296 1 122 2 11 4 340 1 24 2 146 1 191 1 87 1 339 1 157 2 82 1 472 1 442 1 307 1 78 1 120 1 342 1 527 1 471 1 2 1 198 1 298 5 6 1 19 1 343 1 42 2 584 1 290 1 469 1 316 1
141 31 27 322 1 305 1 303 1 12 1 38 1 144 1 136 1 454 1 385 1 306 1 255 1 489 1 231 1 31 1 250 1 490 1 364 1 135 1 438 1 33 1 457 1 347 1 681 1 573 1 373 1 114 1 362 1
18 4 28 4 1 434 1 425 1 221 2 293 1 5 1 103 2 151 1 33 1 10 2 22 2 266 1 345 1 289 1 26 1 141 2 261 1 664 1 406 1 51 1 61 1 9 1 62 1 122 2 11 4 287 1 286 1 299 1
23 5 23 411 1 232 1 69 1 13 1 66 1 25 2 147 1 274 1 135 1 4 1 251 2 221 3 119 1 293 1 5 1 438 2 33 1 328 1 10 2 22 2 212 1 309 1 11 1
28 6 28 223 1 314 1 232 1 31 1 218 1 265 1 76 1 207 1 274 1 213 1 4 1 425 1 119 1 293 1 5 1 233 1 438 2 33 1 225 1 328 1 576 1 444 1 408 1 10 2 22 2 289 1 373 1 316 1
//IdTournes NbColis
10 6
//IdColis IdCommandeInColis NbProducts IdProd1 QtyProd1 IdProd2 QtyProd2 ...
99 22 26 136 1 311 1 282 1 303 1 304 1 610 1 283 1 331 1 319 1 273 1 246 1 205 1 3 1 314 2 332 1 204 1 330 1 611 1 147 1 207 1 274 1 213 1 4 1 327 1 323 1 302 1
103 23 31 44 1 314 1 332 1 150 1 278 1 479 1 183 1 105 1 147 1 274 1 32 1 4 1 148 1 293 1 50 1 29 1 134 1 323 1 141 1 51 1 30 1 9 1 249 2 122 2 11 3 287 1 326 1 24 2 474 1 291 1 529 1
131 28 27 335 1 332 1 204 1 209 1 59 1 336 1 348 1 69 1 179 1 25 2 147 1 207 1 274 1 213 1 4 1 350 1 556 1 262 1 5 1 103 2 33 1 444 1 408 1 10 2 197 1 22 1 344 1
157 38 18 330 2 13 1 25 1 66 3 183 1 235 1 207 1 83 2 158 1 213 2 107 1 4 3 644 1 262 1 556 1 221 2 119 2 293 1
21 5 21 561 1 462 1 477 1 68 1 240 1 467 1 520 1 253 1 294 1 470 1 27 1 7 1 208 1 142 1 38 1 101 1 211 1 136 1 334 1 398 1 72 1
31 7 16 561 1 732 1 523 1 63 1 462 2 477 1 145 1 467 1 520 1 482 1 294 1 470 1 305 2 7 1 12 1 204 1
//IdTournes NbColis
11 6
//IdColis IdCommandeInColis NbProducts IdProd1 QtyProd1 IdProd2 QtyProd2 ...
41 9 18 632 1 481 1 477 1 467 1 294 4 482 1 470 1 305 2 625 1 7 1 36 1 12 1 95 2 228 1 101 1 202 1 38 1 221 1
47 10 24 462 1 544 1 240 1 520 1 590 1 482 1 470 1 27 1 97 1 7 1 36 1 55 1 12 1 15 1 45 1 155 1 101 1 38 1 39 1 40 1 41 1 144 1 319 1 554 1
53 11 22 680 3 101 1 104 1 7 1 15 1 200 1 38 1 258 1 259 1 211 1 437 1 136 1 303 1 387 1 366 1 398 1 334 1 102 1 615 1 319 1 11 1 344 1
58 12 16 481 3 477 2 433 1 467 1 520 2 294 2 470 1 482 1 7 1 12 1 15 1 48 1 228 1 155 1 245 3 471 1
64 13 23 322 2 477 1 145 1 467 1 520 1 401 1 482 1 470 1 305 1 680 1 104 1 7 1 12 1 15 1 48 1 200 1 101 1 38 1 211 1 220 1 136 1 334 1 549 1
89 20 13 297 1 710 1 462 5 477 1 423 1 467 1 520 2 294 1 470 1 482 2 305 2 7 1 30 1
//IdTournes NbColis
12 6
//IdColis IdCommandeInColis NbProducts IdProd1 QtyProd1 IdProd2 QtyProd2 ...
94 21 22 487 1 322 2 477 1 68 1 467 1 520 1 482 1 470 1 401 1 7 1 36 1 38 1 40 1 41 1 15 1 277 1 142 1 203 1 144 1 136 1 420 1 213 1
98 22 20 63 1 322 2 477 3 68 1 145 1 305 1 101 1 7 1 36 1 55 1 12 1 45 1 181 1 27 1 38 1 39 1 40 1 41 1 144 1 59 1
105 24 22 723 1 322 2 477 1 68 1 467 1 520 1 401 1 470 1 482 1 305 1 625 1 7 1 104 1 15 1 95 1 214 1 200 1 38 1 220 1 136 1 387 1 19 1
110 25 22 703 1 63 1 481 1 477 1 682 1 520 1 294 1 470 1 482 1 305 1 7 1 12 1 181 1 101 1 155 1 202 1 38 1 39 1 220 1 136 1 445 1 273 1
116 26 18 708 1 487 1 477 1 164 1 467 1 520 1 470 1 305 1 7 2 36 1 192 1 12 1 45 1 101 1 210 1 38 1 224 3 33 1
122 27 15 561 1 724 1 689 1 462 3 477 1 682 1 92 1 467 1 520 1 294 1 470 1 305 2 7 1 12 1 298 1
//IdTournes NbColis
13 6
//IdColis IdCommandeInColis NbProducts IdProd1 QtyProd1 IdProd2 QtyProd2 ...
129 28 16 585 1 63 1 322 5 477 1 467 1 294 1 470 1 482 1 305 1 36 1 7 2 12 1 45 2 101 1 206 1 337 1
134 29 22 487 1 462 2 477 1 467 1 520 1 531 1 482 1 470 1 305 1 36 1 38 1 40 1 41 1 7 1 12 1 15 1 306 1 282 1 144 1 437 1 102 1 3 1
155 38 18 7 2 101 1 36 1 40 2 41 1 210 1 142 1 38 1 224 1 39 1 144 1 136 1 610 1 351 1 303 2 304 1 647 1 469 1
125 27 27 83 1 213 1 32 2 447 1 84 1 434 1 215 1 195 1 119 1 293 1 103 2 130 1 33 1 444 1 10 2 22 3 455 1 289 1 457 1 459 1 347 1 573 2 186 1 373 1 26 2 512 1 466 1
12 3 22 12 1 15 1 45 1 48 1 228 1 142 1 38 1 39 1 40 1 41 1 144 1 136 1 303 1 304 1 306 1 420 1 54 1 283 1 448 1 319 1 432 1 466 1
22 5 19 452 1 303 1 306 1 352 2 387 3 428 1 54 2 451 1 284 1 319 1 571 1 205 1 3 3 219 1 314 1 31 1 417 1 265 1 469 1
//IdTournes NbColis
14 6
//IdColis IdCommandeInColis NbProducts IdProd1 QtyProd1 IdProd2 QtyProd2 ...
33 7 23 72 1 59 1 426 1 417 1 69 1 25 1 147 1 207 1 235 1 274 1 83 3 158 1 213 1 84 1 434 1 556 3 119 1 293 1 5 1 103 2 50 2 11 1 554 1
38 8 27 216 2 69 1 66 1 147 1 268 1 135 1 32 1 88 2 90 1 140 1 293 1 50 1 438 1 29 1 33 1 151 1 345 1 289 1 271 1 261 1 446 1 406 1 51 1 30 1 9 1 122 2 344 1
54 11 23 257 1 418 1 614 1 679 1 205 1 3 1 44 1 72 1 59 1 216 1 218 1 204 1 411 1 426 1 547 1 416 1 417 1 69 1 105 1 147 1 207 2 183 2 274 1
59 12 17 101 1 152 1 38 1 248 1 136 1 428 2 437 1 303 1 304 2 454 1 282 1 621 1 54 1 109 4 255 2 319 1 344 1
77 16 27 311 1 282 1 427 1 420 1 54 1 283 1 284 1 332 1 150 1 147 1 148 1 32 1 602 1 119 1 140 1 29 1 601 1 323 1 373 1 271 1 128 1 51 1 9 1 296 1 122 2 11 3 475 1
106 24 23 366 1 334 1 398 1 303 1 407 1 277 1 437 1 420 1 284 1 319 1 64 1 189 1 3 1 44 1 219 1 314 1 72 1 31 1 216 1 218 1 426 1 416 1 69 1
//IdTournes NbColis
15 6
//IdColis IdCommandeInColis NbProducts IdProd1 QtyProd1 IdProd2 QtyProd2 ...
117 26 18 39 1 41 1 136 1 303 2 208 1 552 2 306 1 351 1 334 1 461 1 54 2 255 2 331 1 283 1 540 1 189 1 223 1 219 1
151 36 29 722 1 322 1 305 1 505 1 385 1 306 1 136 1 12 1 504 1 54 1 314 1 31 1 213 1 507 1 438 1 506 1 33 1 168 1 347 1 573 1 26 1 271 1 51 1 381 1 9 1 296 1 122 1 11 1 362 1
4 1 26 16 1 33 1 225 1 408 3 328 2 10 1 22 2 347 3 667 1 26 1 409 1 141 2 488 1 623 1 285 1 705 1 14 1 51 1 9 1 296 1 122 2 11 4 329 1 287 1 340 1 339 1
34 7 32 50 1 33 1 151 1 562 2 10 2 22 2 26 2 137 1 419 1 555 1 141 2 271 1 446 1 285 1 292 1 51 1 9 1 560 1 296 1 122 2 11 3 287 1 340 1 358 1 286 1 24 2 146 1 87 1 466 1 474 1 342 1 316 1
44 9 26 151 1 225 2 134 1 443 1 444 2 328 1 567 1 562 1 10 2 22 2 565 1 345 1 26 2 440 1 409 1 128 1 141 2 406 1 292 1 419 1 51 1 9 1 356 2 122 2 11 1 343 1
55 11 26 532 1 213 1 447 1 215 1 221 2 293 1 103 2 5 1 233 1 33 1 256 1 225 1 548 1 576 1 345 1 289 1 667 1 503 3 373 1 212 1 260 1 137 1 141 2 546 1 309 1 9 1
//IdTournes NbColis
16 6
//IdColis IdCommandeInColis NbProducts IdProd1 QtyProd1 IdProd2 QtyProd2 ...
67 13 37 151 1 408 1 503 1 573 2 26 1 419 1 141 2 559 1 446 1 292 1 285 1 111 1 51 1 9 1 62 1 112 1 122 2 249 1 11 4 287 1 340 1 358 2 671 1 326 1 81 1 24 2 46 1 339 1 474 1 475 1 472 1 307 1 464 1 28 1 120 1 163 1 469 1
74 15 35 135 1 140 1 293 1 50 1 438 1 134 1 33 1 480 1 289 1 345 1 373 1 137 1 141 1 128 1 51 1 9 1 30 1 296 1 122 2 11 4 483 2 287 1 295 1 358 2 286 1 24 2 139 1 46 1 466 2 474 2 472 1 475 1 442 1 307 1 299 1
83 18 33 273 1 432 1 478 1 115 1 132 1 332 1 148 1 293 1 151 1 323 1 573 1 345 1 535 1 536 1 261 1 446 1 406 1 51 1 9 1 296 1 62 1 122 2 11 4 287 2 372 1 340 1 295 1 326 1 24 2 46 1 339 1 472 1 316 1
136 29 38 128 1 51 1 9 1 30 1 296 3 122 2 11 4 372 2 340 1 358 1 286 1 24 2 370 1 466 1 472 1 307 1 464 1 120 1 342 1 471 1 2 1 123 1 298 5 344 1 343 1 42 1 290 1 121 1 60 1 302 1 124 1 125 1 126 1 469 1 288 1 533 1 299 1 405 1
143 32 30 685 1 322 1 305 1 12 1 38 1 136 1 385 1 255 1 489 1 367 1 231 1 314 1 31 1 493 1 364 1 213 1 438 1 33 1 225 1 347 1 373 1 419 1 683 1 51 1 381 1 9 1 296 1 122 1 302 1 539 1
147 34 27 322 1 682 3 305 1 303 1 387 1 12 1 38 1 385 1 441 2 489 1 367 1 44 1 314 1 247 1 364 1 140 1 293 1 347 1 573 1 51 1 381 1 9 1 296 1 122 1 11 2 124 1 316 1
//IdTournes NbColis
17 6
//IdColis IdCommandeInColis NbProducts IdProd1 QtyProd1 IdProd2 QtyProd2 ...
153 37 30 514 1 420 1 303 1 385 1 518 1 57 1 102 1 218 1 119 1 140 1 512 1 51 1 381 1 9 1 122 1 11 1 340 1 24 1 139 1 515 1 510 1 298 1 519 1 516 1 517 1 513 1 511 1 509 1 288 1 508 1
81 17 28 123 1 2 1 298 5 318 1 43 1 344 1 343 1 42 1 156 1 58 1 290 1 361 1 121 1 473 1 153 1 124 1 125 1 476 1 302 1 469 1 288 1 463 1 291 1 300 1 299 1 405 2 458 1 316 1
49 10 24 221 1 119 1 631 3 50 1 103 1 29 1 33 1 151 1 408 1 10 2 22 2 373 1 26 1 137 1 141 2 446 1 406 1 285 1 292 1 30 1 296 1 11 4 483 4 592 1
107 24 28 411 1 424 1 13 3 188 1 147 1 217 1 83 1 135 1 187 1 84 1 215 1 119 1 221 1 438 2 33 1 151 1 408 1 10 1 22 2 190 1 289 1 345 1 186 1 373 1 26 1 137 1 296 1 316 1
135 29 27 283 1 284 1 319 1 332 1 199 1 336 1 247 1 534 1 265 1 183 1 147 1 532 1 32 1 327 1 119 1 293 1 50 1 29 1 10 2 22 2 323 1 457 3 373 1 114 2 488 1 296 1 316 1
26 6 19 526 1 63 1 322 2 477 1 80 1 467 1 520 1 353 1 588 1 401 2 482 1 470 1 12 1 15 2 155 1 38 1 224 1 136 1 11 1
//IdTournes NbColis
18 6
//IdColis IdCommandeInColis NbProducts IdProd1 QtyProd1 IdProd2 QtyProd2 ...
152 36 10 11 2 372 1 326 1 24 1 139 1 515 1 298 4 302 1 633 1 316 1
124 27 19 615 3 333 2 540 3 189 1 115 1 314 1 332 1 201 3 31 1 59 1 330 1 411 1 416 1 417 1 196 1 188 1 66 1 475 1 458 1
37 8 22 303 1 385 1 89 1 504 2 283 2 284 1 367 2 615 1 333 2 319 1 273 1 614 1 3 1 115 1 223 2 132 1 219 1 72 1 332 1 31 1 272 1 339 1
90 20 21 170 1 15 1 172 1 282 1 303 1 304 1 306 1 311 1 420 1 136 1 427 1 428 1 431 1 711 1 89 1 283 2 284 1 429 1 319 1 64 1 314 1
130 28 21 208 1 210 1 38 1 41 1 211 1 136 1 334 1 303 2 306 1 349 1 351 1 352 1 552 1 89 1 333 1 319 1 580 1 583 1 205 1 115 1 299 1
36 8 18 561 1 91 1 481 2 477 1 267 1 269 1 92 2 520 1 49 1 253 1 294 1 470 1 482 1 12 1 38 1 136 1 420 1 472 1
//IdTournes NbColis
19 6
//IdColis IdCommandeInColis NbProducts IdProd1 QtyProd1 IdProd2 QtyProd2 ...
73 15 23 481 2 477 1 467 1 520 1 294 2 482 1 470 1 305 1 38 1 136 1 12 1 303 1 385 1 437 1 420 1 102 1 319 1 115 1 31 1 479 1 619 1 133 1 343 1
82 18 23 322 2 477 1 164 1 467 1 520 1 401 1 482 1 470 1 36 1 142 1 38 1 40 1 41 1 12 1 420 1 144 1 303 1 306 1 282 1 102 1 319 1 64 1 137 1
85 19 19 526 2 91 1 481 2 477 1 467 1 520 1 294 1 482 1 38 1 12 1 95 2 420 1 152 1 136 1 155 1 428 1 264 1 303 1 33 1
138 30 24 91 1 322 1 498 1 379 2 305 1 366 1 371 1 385 1 386 1 12 1 38 1 136 1 367 1 489 1 115 1 314 1 421 1 31 1 364 1 183 1 135 1 497 1 375 1 302 1
154 38 15 637 1 561 1 462 2 477 1 467 1 520 1 645 1 470 1 294 1 482 1 305 2 12 1 45 2 27 1 395 1
30 6 24 549 1 77 1 473 1 587 3 60 1 71 1 302 2 124 1 125 1 270 2 465 2 734 3 662 1 511 1 383 4 725 1 315 1 469 1 735 1 288 1 291 1 299 3 589 2 529 1
//IdTournes NbColis
20 6
//IdColis IdCommandeInColis NbProducts IdProd1 QtyProd1 IdProd2 QtyProd2 ...
102 23 19 530 1 433 1 68 1 106 1 36 1 38 1 40 1 15 2 420 1 528 1 142 1 144 1 386 1 311 2 398 1 385 1 284 1 3 1 302 1
86 19 27 304 1 454 1 429 1 319 1 132 1 314 1 31 1 166 1 218 1 426 1 265 1 169 2 135 1 32 1 434 1 425 1 293 1 50 1 438 1 151 1 29 1 168 2 323 1 573 1 26 1 137 1 296 1
60 12 25 255 1 448 1 283 1 284 1 367 1 451 1 429 1 246 1 432 2 273 1 614 1 115 1 44 1 219 1 314 1 247 1 204 1 426 1 435 1 417 1 620 1 17 1 66 1 466 1 694 1
156 38 17 306 1 109 3 441 3 489 3 331 1 319 1 273 1 635 1 314 4 204 1 209 1 426 3 417 1 265 1 348 1 25 1 299 1
8 2 23 37 1 38 1 39 1 40 1 41 1 45 1 48 1 420 1 136 1 303 1 304 1 385 1 311 1 282 1 448 1 525 1 284 1 319 1 44 1 47 1 332 1 31 1 299 1
127 27 81 53 2 692 1 342 1 690 1 527 1 471 1 359 1 2 1 298 4 344 2 19 2 343 1 42 1 537 3 737 1 473 1 143 1 100 1 415 3 541 1 542 1 396 1 673 1 60 1 302 2 414 1 124 1 630 1 656 1 394 1 652 1 325 1 516 1 517 1 317 2 661 1 400 1 402 1 403 2 404 1 388 1 538 1 393 1 654 1 660 1 726 1 729 5 513 1 662 1 642 2 595 1 598 1 672 1 390 1 389 1 688 1 511 1 641 1 663 1 677 1 593 1 310 3 727 1 301 1 553 1 649 1 651 1 728 1 675 1 676 1 725 1 509 1 391 1 655 1 320 2 629 1 653 1 674 1 469 1 291 1 365 3
//IdTournes NbColis
21 6
//IdColis IdCommandeInColis NbProducts IdProd1 QtyProd1 IdProd2 QtyProd2 ...
52 11 11 561 1 585 4 63 1 544 1 520 1 106 1 294 1 470 1 482 4 305 2 6 1
32 7 24 85 1 48 1 155 1 101 1 152 1 38 1 236 1 428 1 557 1 136 1 304 1 306 1 564 1 282 1 331 1 319 1 429 1 273 1 205 1 86 1 44 1 314 1 25 1 307 1
120 26 70 342 1 362 1 2 1 298 5 176 1 344 1 343 1 131 1 42 1 549 1 290 1 194 1 473 1 100 1 226 1 673 1 605 1 396 1 392 1 302 1 124 2 656 1 394 1 652 1 325 1 516 1 517 1 661 1 317 1 400 1 402 1 403 1 404 1 642 1 672 1 595 1 598 1 538 1 388 1 660 1 513 1 662 1 654 1 393 1 389 1 550 1 593 1 677 1 511 1 640 1 641 1 663 1 310 1 301 1 675 1 676 1 553 1 649 1 651 1 391 1 674 1 509 1 629 1 653 1 655 1 320 1 469 1 288 1 291 1 316 1
17 4 26 420 1 306 1 282 1 57 1 525 1 441 1 333 1 284 1 319 1 64 1 273 1 478 1 205 1 3 1 231 1 314 3 59 1 265 1 204 1 426 1 66 1 25 1 207 1 274 1 213 1 296 1
48 10 22 244 1 136 1 303 1 304 1 306 1 282 1 441 1 64 2 273 1 231 1 335 1 204 1 411 1 25 1 66 1 183 1 235 1 213 1 327 1 262 3 293 1 344 1
65 13 20 398 1 303 1 454 1 386 1 311 1 387 3 366 1 448 1 525 2 283 1 284 1 367 1 429 2 319 1 64 1 273 1 205 1 3 1 207 1 316 1
//IdTournes NbColis
22 6
//IdColis IdCommandeInColis NbProducts IdProd1 QtyProd1 IdProd2 QtyProd2 ...
95 21 28 303 1 283 1 284 1 319 1 279 1 44 1 332 1 31 1 278 1 479 1 177 1 179 1 147 1 32 1 148 2 280 1 221 1 119 1 293 1 50 1 103 1 29 1 33 1 275 1 667 1 323 1 141 1 475 1
25 5 54 673 1 605 1 392 1 71 1 302 2 125 1 270 1 656 1 394 1 652 1 325 1 661 1 317 1 388 1 400 1 402 1 403 1 404 1 595 1 660 1 513 1 642 1 672 1 598 1 538 1 654 1 393 1 390 2 389 1 593 1 511 2 640 1 641 1 663 1 677 1 301 1 553 1 648 1 675 1 676 1 649 1 651 1 391 1 596 1 509 1 629 1 674 1 653 1 655 1 320 1 569 1 299 1 715 1 714 5
123 27 18 48 1 181 2 27 1 200 1 202 1 152 1 38 1 39 1 203 1 155 1 101 1 304 3 136 1 208 1 398 1 452 1 334 1 456 1
91 20 29 418 1 273 1 115 1 314 1 421 1 204 1 422 1 424 1 426 1 174 1 213 1 107 1 425 1 221 1 293 1 50 2 103 1 33 1 151 1 430 1 289 1 503 1 285 1 292 1 309 1 419 1 137 1 307 1 299 1
27 6 21 574 1 303 1 304 1 454 1 306 1 386 1 586 1 428 1 557 1 437 1 420 1 57 1 102 2 525 1 319 1 429 1 575 1 205 1 231 1 223 2 475 1
42 9 22 39 1 211 1 220 1 208 1 136 1 334 2 398 1 452 1 303 1 454 1 306 1 387 1 57 1 441 1 489 1 319 2 238 1 279 1 205 1 231 1 335 1 344 1
//IdTournes NbColis
23 6
//IdColis IdCommandeInColis NbProducts IdProd1 QtyProd1 IdProd2 QtyProd2 ...
10 2 22 298 5 43 1 344 1 34 1 343 1 42 1 290 1 537 1 121 1 473 1 124 1 125 1 302 2 521 1 469 1 378 2 291 1 313 3 374 3 376 2 377 2 380 3
2 1 20 136 1 211 1 412 1 303 1 311 1 366 1 398 1 334 1 451 1 319 1 413 1 571 1 205 1 3 2 115 2 223 2 230 1 219 1 59 2 204 1
76 16 22 599 1 484 1 462 1 481 1 477 1 145 1 467 1 520 1 531 1 294 1 482 1 470 1 305 1 36 1 142 1 38 1 40 1 41 1 144 1 303 1 385 1 326 1
101 22 20 123 1 298 4 318 1 43 1 324 1 42 1 609 1 121 2 124 1 153 3 317 1 325 1 321 1 320 1 315 1 291 1 313 3 299 1 608 1 316 1
15 3 24 302 1 125 1 127 1 124 1 704 2 354 1 360 1 469 2 291 1 313 3 363 1 378 2 717 1 380 3 633 1 374 3 376 2 377 2 365 1 716 1 299 1 719 2 678 1 718 1
133 28 5 346 1 302 4 581 1 341 1 291 1
//IdTournes NbColis
24 5
//IdColis IdCommandeInColis NbProducts IdProd1 QtyProd1 IdProd2 QtyProd2 ...
109 24 54 302 2 270 1 656 1 394 1 652 1 325 1 661 1 516 1 517 1 317 1 388 1 393 1 400 1 402 1 403 1 404 1 595 1 598 1 660 1 513 1 642 1 672 1 538 1 654 1 389 1 390 1 593 1 511 1 640 1 641 1 663 1 677 1 301 1 553 1 675 1 676 1 649 1 651 1 391 1 509 1 629 1 674 1 653 1 655 1 320 1 469 1 291 1 313 3 363 2 378 2 374 3 377 2 299 1 405 1
111 25 19 445 1 208 1 452 1 303 1 454 1 311 3 387 1 647 1 398 3 334 1 255 1 448 1 367 1 451 1 331 1 283 2 319 1 296 1 450 1
57 11 9 553 1 653 1 469 1 657 1 299 1 458 1 678 3 543 1 316 1
128 27 7 738 2 299 4 539 1 554 1 460 3 694 1 316 3
160 38 6 320 1 509 1 288 1 291 1 657 1 643 1
