//NbTournees
27
//IdTournes NbColis
1 6
//IdColis IdCommandeInColis NbProducts IdProd1 QtyProd1 IdProd2 QtyProd2 ...
12 6 23 39 1 383 1 40 1 191 1 133 1 254 1 388 1 215 1 391 1 273 1 382 1 38 1 159 1 164 1 384 1 312 1 214 1 136 1 107 1 85 1 12 1 156 1 177 1
25 11 29 455 1 292 1 216 1 95 1 290 1 87 1 124 1 144 1 85 1 67 1 534 1 361 1 380 1 536 1 530 1 532 1 129 1 132 1 42 1 539 1 156 1 413 1 378 1 533 1 535 1 109 1 427 1 26 1 15 1
33 14 26 72 1 75 1 100 1 101 2 185 1 139 1 211 1 302 1 86 1 126 1 136 1 206 1 271 1 42 1 147 1 213 1 102 1 387 1 43 1 177 1 176 1 53 1 175 1 19 1 26 7 17 1
45 19 18 85 1 161 1 375 2 417 1 141 1 117 1 539 1 156 1 158 1 387 1 89 1 25 3 443 2 430 1 24 3 561 1 524 1 425 1
47 20 16 419 1 122 1 162 1 86 1 459 1 134 1 145 1 153 2 587 1 586 1 71 1 36 1 99 1 25 5 464 1 397 1
48 21 20 120 1 149 1 91 1 98 1 104 1 128 1 135 1 143 1 297 1 199 1 148 1 370 1 165 1 274 1 198 1 455 2 554 1 88 1 86 1 25 1
//IdTournes NbColis
2 6
//IdColis IdCommandeInColis NbProducts IdProd1 QtyProd1 IdProd2 QtyProd2 ...
22 10 21 30 1 218 1 34 1 37 1 97 1 100 1 101 1 172 1 131 1 140 1 189 1 203 1 209 1 211 1 45 1 88 1 182 1 205 1 210 1 108 1 14 1
24 11 19 70 1 37 1 90 1 92 1 100 1 101 1 116 2 118 1 128 1 131 1 146 1 150 1 138 1 140 1 531 1 167 1 113 1 198 1 541 1
51 22 20 97 2 100 1 101 2 137 1 139 1 151 1 211 1 598 1 596 1 38 1 125 1 152 1 160 1 164 1 168 1 87 1 96 1 108 1 110 1 32 1
54 23 25 254 1 211 1 388 1 21 1 113 1 121 1 188 1 148 1 302 1 370 1 371 1 259 1 165 1 219 1 313 1 38 1 125 1 162 1 290 1 374 1 377 1 363 1 416 1 607 1 88 1
55 23 28 159 1 379 1 87 1 136 2 96 1 107 1 108 1 110 1 124 1 365 1 184 1 134 1 142 1 366 1 271 1 367 1 145 1 249 1 368 1 20 1 335 1 536 1 398 1 106 1 42 1 186 1 147 1 213 1
57 24 20 97 2 100 1 101 2 119 1 131 1 140 1 167 1 211 1 38 1 45 1 88 2 126 1 152 1 200 1 214 1 136 1 112 1 115 1 147 1 178 1
//IdTournes NbColis
3 6
//IdColis IdCommandeInColis NbProducts IdProd1 QtyProd1 IdProd2 QtyProd2 ...
123 53 17 212 1 40 1 93 1 97 2 100 1 101 2 165 1 292 1 290 1 126 1 160 1 389 1 390 1 87 2 56 1 147 1 26 7
125 54 24 97 1 100 1 101 1 116 1 131 1 185 1 140 1 167 1 123 1 152 1 200 1 204 1 87 1 366 1 300 1 157 1 338 1 12 1 109 1 400 1 179 1 399 1 26 5 394 1
127 55 24 169 1 93 1 242 1 38 1 45 1 390 1 87 1 108 1 392 1 67 1 187 1 147 1 213 1 226 1 58 1 43 1 404 1 83 1 26 7 395 1 405 1 401 1 402 1 393 1
128 56 21 304 1 138 1 354 1 215 1 385 1 283 1 386 1 87 1 142 1 398 1 42 1 239 1 147 1 213 1 50 1 23 1 32 1 9 2 403 1 396 1 26 7
129 57 22 22 1 93 1 97 1 100 1 101 1 415 1 231 1 374 1 88 1 126 1 412 1 390 1 107 1 368 1 289 1 408 1 427 1 426 1 103 1 111 1 26 5 57 1
131 58 17 97 2 100 1 101 2 305 1 167 1 273 1 219 1 416 1 88 1 126 1 152 1 253 1 160 1 271 1 429 1 25 5 431 1
//IdTournes NbColis
4 6
//IdColis IdCommandeInColis NbProducts IdProd1 QtyProd1 IdProd2 QtyProd2 ...
132 59 23 100 1 101 2 143 1 215 1 188 1 231 1 292 1 418 1 88 1 126 2 298 1 152 1 410 1 271 1 392 1 411 1 335 1 147 1 213 1 396 2 421 1 423 1 420 1
134 60 22 90 1 406 2 100 1 118 2 211 1 181 1 253 1 312 1 168 1 170 1 271 1 375 1 422 1 428 1 233 1 127 1 147 1 213 1 381 1 403 1 25 5 430 1
40 17 23 78 1 37 1 80 1 91 1 105 1 116 1 118 1 138 1 140 1 409 1 288 1 38 1 414 1 94 1 350 1 152 1 253 1 124 1 300 1 223 1 115 1 32 2 51 1
136 61 24 91 1 100 1 101 2 104 1 116 1 139 1 143 1 189 1 254 1 211 1 419 1 411 1 417 1 117 1 147 1 356 1 213 1 226 1 23 1 103 1 221 1 14 1 25 5 425 1
4 2 20 27 1 34 1 169 1 97 2 100 1 101 2 119 1 131 1 140 1 199 1 211 1 215 1 216 1 45 1 152 1 204 1 96 1 157 1 14 1 16 2
6 3 24 212 1 40 1 191 1 169 1 97 1 100 1 101 1 173 1 119 1 131 1 140 1 190 1 217 1 121 1 219 1 194 1 198 1 38 1 126 1 210 1 206 1 6 1 9 1 16 1
//IdTournes NbColis
5 6
//IdColis IdCommandeInColis NbProducts IdProd1 QtyProd1 IdProd2 QtyProd2 ...
36 15 31 181 1 182 1 152 1 350 1 200 1 204 1 373 1 379 1 170 1 107 2 184 1 134 1 145 1 155 1 417 1 552 1 127 1 147 1 213 1 556 1 178 1 43 1 69 1 32 2 176 1 174 1 175 1 179 1 83 1 563 1 3 1
59 25 18 35 1 169 2 97 2 100 1 101 2 119 1 131 1 140 1 197 1 208 1 415 1 201 1 550 1 38 1 125 1 192 1 108 1 17 1
63 26 23 21 1 302 1 159 1 303 1 237 1 248 1 152 2 200 1 372 1 210 1 379 1 170 1 134 1 392 1 375 1 376 1 380 1 617 1 223 1 592 1 186 2 147 1 224 1
138 62 18 39 1 105 1 118 1 140 1 439 1 77 1 37 1 80 1 188 1 303 1 298 1 170 1 441 1 71 1 432 1 53 1 175 1 25 5
28 12 21 193 1 208 1 203 1 305 1 211 1 215 1 235 1 273 1 165 1 220 1 231 1 122 1 198 1 301 1 369 1 373 1 571 1 312 1 214 1 389 1 61 1
66 27 18 39 1 92 1 97 2 100 1 101 2 229 1 119 1 131 1 245 1 140 1 546 1 547 1 358 1 516 1 34 1 219 1 194 1 62 1
//IdTournes NbColis
6 6
//IdColis IdCommandeInColis NbProducts IdProd1 QtyProd1 IdProd2 QtyProd2 ...
69 28 20 234 1 304 1 484 1 97 2 100 1 101 2 119 1 131 1 140 1 256 1 305 1 211 1 584 1 121 1 220 1 246 1 585 1 96 1 24 1 57 1
71 29 18 603 1 483 1 97 2 100 1 101 2 242 1 254 1 258 1 211 1 309 1 21 1 220 1 240 1 241 1 243 1 246 1 247 1 32 1
73 30 23 244 1 212 1 40 1 553 1 149 2 104 1 116 1 128 1 258 1 167 1 516 1 21 1 259 1 219 1 220 1 194 1 469 1 38 1 159 1 200 1 253 1 427 1 24 1
139 63 25 262 1 97 1 100 1 101 1 119 1 131 1 139 1 140 1 434 1 199 1 220 1 125 1 324 1 204 1 379 1 168 1 47 1 50 1 26 7 442 1 447 1 446 1 443 1 46 1 444 1
141 64 22 114 1 242 1 433 1 197 1 211 1 220 1 240 1 198 1 437 1 182 1 200 1 438 1 249 1 417 1 441 1 225 1 187 1 147 1 213 1 339 1 26 7 442 1
18 8 31 165 1 313 1 301 1 286 1 216 1 38 1 45 1 125 1 290 1 126 1 152 2 312 1 214 1 379 1 261 1 153 1 147 1 109 1 178 1 58 1 176 1 174 1 221 1 52 1 557 1 538 1 179 1 14 1 26 5 560 1 57 1
//IdTournes NbColis
7 6
//IdColis IdCommandeInColis NbProducts IdProd1 QtyProd1 IdProd2 QtyProd2 ...
21 9 11 251 1 440 1 381 1 6 1 54 1 18 1 426 1 294 1 53 1 221 1 25 5
30 12 8 316 1 69 1 221 1 580 1 25 5 464 1 24 3 444 2
38 16 25 81 1 28 1 97 1 100 1 101 1 119 1 131 1 140 1 456 1 460 1 273 1 123 1 238 1 315 1 263 1 225 1 76 1 127 2 47 1 461 1 69 2 424 1 221 1 55 1 26 1
72 29 24 257 1 585 2 216 1 160 1 115 1 12 1 440 1 226 1 178 1 230 1 50 3 32 1 53 2 221 1 55 1 175 1 600 1 602 1 26 7 442 1 447 1 601 1 84 1 405 1
77 31 27 38 1 94 1 412 1 164 1 214 1 379 1 271 1 392 1 269 1 67 1 263 1 551 1 42 1 239 1 47 1 562 2 32 1 266 1 9 1 221 1 538 1 25 5 421 1 423 1 476 1 478 1 24 3
80 32 7 152 1 595 1 267 1 221 1 99 1 26 7 594 1
//IdTournes NbColis
8 6
//IdColis IdCommandeInColis NbProducts IdProd1 QtyProd1 IdProd2 QtyProd2 ...
143 65 21 120 1 93 1 151 1 211 1 360 1 215 1 435 1 303 1 182 1 283 1 438 1 379 1 108 1 300 1 376 1 338 1 233 1 147 1 213 1 221 1 26 5
145 66 13 448 1 105 1 118 1 140 1 436 1 78 1 37 1 219 1 32 1 221 1 175 1 26 7 445 1
146 67 22 100 1 105 1 118 1 449 1 140 1 277 1 452 1 198 1 292 2 94 1 181 1 453 1 308 1 312 1 112 1 134 1 328 1 457 1 294 1 221 1 26 5 393 1
29 12 27 379 1 390 1 20 1 107 1 108 1 271 1 157 1 376 1 361 1 398 1 106 1 225 1 223 1 129 1 12 1 232 2 233 1 239 1 127 1 147 1 156 1 566 1 570 1 213 1 574 1 50 1 69 1
62 26 19 621 1 114 1 222 1 97 2 100 2 101 2 228 1 116 1 119 1 131 1 140 1 277 1 197 1 331 1 167 1 215 1 45 1 396 1 57 1
81 33 21 616 1 149 1 222 1 100 1 172 1 116 1 138 1 139 1 278 1 288 1 194 1 198 1 257 1 291 1 292 1 45 1 290 1 283 1 312 1 107 1 50 1
//IdTournes NbColis
9 6
//IdColis IdCommandeInColis NbProducts IdProd1 QtyProd1 IdProd2 QtyProd2 ...
83 34 20 39 1 222 1 97 1 100 1 101 1 116 1 131 1 138 1 140 1 281 1 439 1 215 1 37 1 113 1 285 1 286 1 582 1 290 1 181 1 404 1
86 35 17 145 1 276 1 223 1 284 1 264 1 171 2 177 1 32 1 424 1 53 1 590 2 514 1 26 7 447 1 601 1 594 1 3 1
148 68 23 222 1 93 1 449 1 242 1 143 1 331 1 450 1 454 1 455 1 374 1 253 1 410 1 438 1 107 1 249 2 375 1 462 1 147 1 213 1 294 1 344 1 25 4 463 1
17 8 16 22 1 212 1 93 1 262 1 97 2 100 2 101 2 119 1 131 1 140 2 143 1 548 1 258 1 215 1 113 1 259 1
27 12 17 59 1 35 1 40 1 236 1 149 1 191 1 34 1 93 1 97 2 100 2 101 2 116 1 119 1 131 1 140 2 188 1 51 1
35 15 20 29 1 82 1 74 1 553 1 116 1 185 1 193 1 138 1 306 1 391 2 188 1 148 1 183 1 286 1 38 1 94 1 180 1 181 1 32 1 16 1
//IdTournes NbColis
10 6
//IdColis IdCommandeInColis NbProducts IdProd1 QtyProd1 IdProd2 QtyProd2 ...
42 18 20 39 1 191 1 77 1 37 1 80 1 105 2 341 1 118 2 296 1 140 1 211 1 11 1 292 1 303 1 94 1 136 1 124 1 289 1 32 1 57 1
44 19 20 93 1 100 2 101 2 116 1 118 2 138 1 140 1 37 1 80 1 38 1 45 1 159 1 166 1 312 1 458 1 136 1 124 1 134 1 68 1 25 2
49 21 28 94 1 123 1 126 1 130 1 280 1 160 1 379 1 136 1 110 1 112 1 279 1 375 1 417 1 2 1 44 1 127 1 147 1 255 1 213 1 102 1 426 1 103 1 25 4 472 1 526 1 1 1 46 1 523 1
64 26 24 156 1 251 1 378 1 381 1 226 1 562 1 58 1 224 1 32 1 175 1 227 1 19 2 62 1 83 1 25 5 423 1 526 1 447 1 476 1 395 1 497 1 619 1 561 1 402 1
67 27 31 549 1 216 1 38 1 94 1 238 1 126 1 182 1 200 1 145 1 20 1 153 1 250 2 300 1 56 1 71 1 239 2 147 1 187 1 213 1 47 1 69 1 518 1 179 1 25 4 26 1 423 1 515 1 477 1 478 2 1 1 17 2
84 34 17 275 1 200 1 253 1 312 1 458 1 379 1 279 1 147 1 213 1 50 1 224 1 426 1 268 1 175 1 83 1 25 4 526 1
//IdTournes NbColis
11 6
//IdColis IdCommandeInColis NbProducts IdProd1 QtyProd1 IdProd2 QtyProd2 ...
87 36 18 35 1 581 1 244 1 149 1 191 1 93 1 262 1 295 2 189 2 197 1 11 1 259 1 301 1 257 1 216 1 303 1 130 1 539 1
89 37 17 31 1 565 1 40 1 191 3 93 1 172 1 116 1 138 1 139 1 143 2 460 1 517 1 194 1 550 1 94 1 298 1 107 1
92 38 20 93 1 97 2 100 1 101 2 131 1 140 1 211 1 309 1 623 1 37 1 94 1 152 1 253 1 204 1 312 1 12 1 233 1 187 1 147 1 174 1
94 39 23 35 1 120 1 293 1 296 1 297 1 151 1 193 1 217 1 313 2 219 2 241 1 301 1 94 1 182 1 312 1 96 1 107 1 20 1 225 1 186 1 147 1 25 1 57 1
96 40 19 35 1 622 1 212 1 100 1 101 2 118 2 139 1 140 1 306 1 208 1 211 1 37 1 80 1 302 1 45 1 94 1 181 1 108 1 25 1
99 41 18 521 1 527 1 106 1 263 1 314 1 117 1 539 1 12 1 147 1 213 1 109 1 50 1 427 1 224 1 32 2 294 1 604 1 25 5
//IdTournes NbColis
12 6
//IdColis IdCommandeInColis NbProducts IdProd1 QtyProd1 IdProd2 QtyProd2 ...
100 42 19 484 1 100 1 105 2 118 2 190 1 146 1 306 1 211 2 201 1 180 1 126 1 323 1 336 1 390 1 605 1 249 1 615 1 71 1 224 1
150 69 16 466 1 212 2 93 1 100 1 101 1 116 1 118 1 138 1 140 1 143 1 274 2 458 1 110 1 250 1 26 4 464 1
151 70 19 105 1 116 1 118 1 451 1 140 1 277 1 78 1 37 1 159 1 94 1 253 1 459 1 186 1 381 1 41 1 47 1 50 1 103 1 465 5
10 5 18 39 1 11 1 317 1 100 1 105 2 118 2 190 1 211 1 273 1 122 2 198 1 38 1 377 1 152 1 153 2 42 1 41 1 473 1
103 43 12 389 1 379 2 134 1 261 1 335 1 106 1 147 1 213 1 604 1 404 1 26 5 444 1
104 44 20 484 1 317 1 97 1 100 1 101 2 104 1 118 1 131 1 139 1 140 1 189 1 452 1 569 1 211 1 460 1 37 1 148 1 370 1 575 1 14 1
//IdTournes NbColis
13 6
//IdColis IdCommandeInColis NbProducts IdProd1 QtyProd1 IdProd2 QtyProd2 ...
152 71 17 40 1 484 1 105 1 118 1 140 1 288 1 77 1 37 1 80 1 308 1 470 1 168 1 261 1 381 1 26 7 17 1 482 1
1 1 16 31 1 35 1 13 1 30 1 212 1 21 2 319 1 97 2 100 1 101 2 119 1 131 1 140 1 278 1 199 1 121 1
107 45 23 81 1 544 1 40 1 616 1 191 1 116 1 138 1 332 1 334 1 307 1 273 1 302 1 257 1 318 1 303 1 329 1 379 1 110 1 271 1 328 1 145 1 20 1 25 1
153 72 25 319 1 105 1 118 1 128 1 140 1 197 1 439 1 21 1 37 1 80 1 216 2 438 1 108 1 375 1 12 1 233 1 18 1 175 2 26 4 472 1 481 1 476 1 446 1 3 1 479 1
108 45 10 338 1 239 2 284 1 50 1 310 2 32 1 320 1 103 1 25 4 61 1
110 46 14 324 1 152 1 205 1 160 1 577 1 289 1 527 1 422 1 147 1 284 1 213 1 320 1 268 1 25 5
//IdTournes NbColis
14 6
//IdColis IdCommandeInColis NbProducts IdProd1 QtyProd1 IdProd2 QtyProd2 ...
53 23 20 114 2 244 1 212 1 218 1 553 1 120 1 149 1 191 1 97 2 100 1 101 2 104 1 116 1 119 1 131 1 140 1 277 1 197 1 306 1 17 1
76 31 16 564 1 120 1 97 2 100 2 101 2 119 1 131 1 140 2 272 1 231 1 274 3 301 1 216 1 32 1 83 1 57 1
79 32 18 97 2 100 1 101 2 265 1 116 1 119 1 131 1 140 1 193 1 282 1 258 1 273 1 257 1 287 1 597 1 469 1 147 1 4 1
109 46 19 321 1 97 2 100 1 101 2 119 1 131 1 326 1 140 1 151 1 568 1 211 1 471 1 165 1 302 1 246 1 377 1 363 1 181 1 32 1
111 47 20 484 2 293 1 97 2 100 1 101 2 342 1 119 1 347 1 131 1 140 1 351 1 352 1 354 1 548 1 305 1 211 1 313 1 38 1 147 1 16 1
113 48 19 340 1 97 2 100 1 101 2 116 2 119 1 131 1 242 1 140 1 307 1 358 1 201 1 123 1 182 1 253 1 134 1 153 1 44 1 16 1
//IdTournes NbColis
15 6
//IdColis IdCommandeInColis NbProducts IdProd1 QtyProd1 IdProd2 QtyProd2 ...
115 49 19 35 1 612 1 614 1 212 1 97 2 100 1 101 2 119 1 131 1 140 1 167 1 211 1 360 1 215 1 391 1 219 1 108 1 25 1 57 1
155 73 21 97 2 100 1 101 2 131 1 140 1 211 1 113 1 302 1 159 1 180 1 182 1 350 1 253 1 214 1 365 1 392 1 147 1 213 1 26 5 8 1 4 2
157 74 24 97 2 100 1 101 2 119 1 131 1 140 1 211 1 468 1 469 1 152 1 192 1 379 1 136 1 467 1 147 1 213 1 461 1 268 1 25 5 477 1 478 1 443 1 475 1 420 1
159 75 18 483 1 114 1 97 1 100 1 101 1 131 1 242 1 140 1 189 1 471 1 37 1 308 1 379 1 145 1 50 3 474 1 480 1 25 4
160 76 23 97 1 100 1 101 1 131 1 140 1 452 1 305 1 219 1 489 1 468 1 126 1 181 1 350 1 373 1 136 1 496 1 252 2 158 1 495 1 175 1 179 1 26 5 498 1
162 77 21 499 1 97 1 100 1 101 1 131 1 140 1 306 1 357 1 167 1 21 1 160 1 373 1 492 1 214 1 184 1 271 1 428 1 349 1 156 1 461 1 26 7
//IdTournes NbColis
16 6
//IdColis IdCommandeInColis NbProducts IdProd1 QtyProd1 IdProd2 QtyProd2 ...
9 4 16 323 1 490 1 308 1 20 1 485 1 115 1 42 1 41 1 147 1 213 1 43 1 10 1 26 5 472 1 49 1 46 1
117 50 21 603 1 626 1 340 1 100 1 101 1 118 1 131 1 139 1 140 1 143 1 272 1 359 1 364 1 37 1 219 1 290 1 363 1 159 1 324 1 275 1 527 1
164 78 20 82 1 340 1 105 1 116 1 118 1 138 1 140 1 78 1 37 1 80 1 487 1 188 1 419 1 428 1 43 1 36 1 465 3 26 1 500 1 393 1
43 18 9 147 1 213 1 50 1 177 1 32 1 424 1 53 2 99 1 26 5
74 30 21 571 1 214 1 379 1 390 1 134 1 521 1 225 1 588 1 127 1 186 1 251 1 252 1 255 1 158 1 284 1 508 1 53 1 52 1 25 5 513 1 24 1
101 42 12 147 1 337 1 339 1 102 1 512 1 103 1 175 1 99 1 608 1 26 7 423 1 478 1
//IdTournes NbColis
17 6
//IdColis IdCommandeInColis NbProducts IdProd1 QtyProd1 IdProd2 QtyProd2 ...
165 79 27 491 1 415 1 11 1 113 1 370 1 231 1 122 1 488 1 286 1 385 1 45 1 206 1 300 1 147 1 213 1 6 1 226 1 50 1 494 1 99 1 25 5 421 1 8 1 431 1 497 1 16 1 57 1
167 80 17 105 1 118 1 140 1 288 1 78 1 37 1 80 1 371 1 493 1 458 1 106 1 495 1 501 1 69 1 103 1 99 2 26 7
168 81 24 100 1 137 1 504 1 211 1 385 1 130 2 308 1 20 1 299 1 225 1 186 1 147 1 213 1 508 1 32 1 36 1 111 1 52 1 514 1 83 1 25 5 442 1 17 1 420 1
169 82 22 506 1 105 2 118 2 139 1 140 1 354 1 333 1 516 1 37 1 80 1 507 1 263 1 225 1 186 1 147 1 440 1 226 1 175 1 25 5 476 1 478 1 511 1
8 4 20 22 1 39 1 29 1 28 1 40 1 37 1 100 1 101 1 341 1 116 1 118 1 486 1 131 1 140 1 281 1 258 1 125 1 162 1 12 1 344 1
20 9 22 63 1 100 2 101 1 116 2 128 1 138 1 139 1 305 1 38 1 45 1 200 1 372 1 379 1 390 1 134 1 142 1 145 1 68 2 392 1 44 1 41 1 420 1
//IdTournes NbColis
18 6
//IdColis IdCommandeInColis NbProducts IdProd1 QtyProd1 IdProd2 QtyProd2 ...
31 13 19 73 1 39 1 81 1 100 1 105 2 118 2 503 1 208 1 167 1 211 1 439 1 509 1 454 1 373 1 470 1 147 1 251 1 32 1 393 1
98 41 21 610 1 35 1 13 1 611 1 114 1 304 1 191 1 484 1 100 1 295 1 185 1 305 1 307 1 517 1 113 1 201 1 302 1 315 1 249 1 68 1 175 1
171 83 22 100 1 101 1 116 1 277 1 243 1 246 1 410 1 373 1 312 1 390 1 206 2 300 1 12 1 230 1 171 1 18 1 9 1 175 1 26 4 423 1 515 1 477 1
172 84 23 74 1 100 1 502 1 101 1 342 1 116 1 118 1 131 1 138 1 140 1 281 1 37 1 274 1 152 1 458 1 263 1 177 1 512 1 176 1 227 1 25 4 510 1 425 1
174 85 26 100 1 104 1 105 1 118 1 505 1 307 1 517 1 374 1 412 1 492 1 438 1 458 1 155 1 157 1 226 1 518 1 36 1 400 1 111 1 33 1 26 5 472 1 481 1 46 1 405 1 497 1
176 86 17 28 1 100 1 101 2 151 1 277 1 370 1 122 1 350 1 136 1 134 1 392 1 527 1 147 1 213 1 83 1 25 5 528 1
//IdTournes NbColis
19 6
//IdColis IdCommandeInColis NbProducts IdProd1 QtyProd1 IdProd2 QtyProd2 ...
177 87 19 100 1 105 1 118 1 140 1 439 1 385 1 126 1 160 1 107 1 157 1 375 1 496 1 233 1 47 1 26 5 423 1 477 1 84 1 525 1
178 88 18 100 1 101 1 116 1 138 1 190 1 522 1 38 1 308 1 312 1 379 1 108 2 110 1 157 1 338 1 56 1 432 1 47 1 25 4
23 10 7 214 1 202 1 109 1 171 1 196 1 55 1 26 5
112 47 15 152 1 308 1 107 1 345 1 213 1 178 1 50 1 58 1 171 1 294 1 344 1 83 1 25 5 594 1 497 1
85 35 21 191 1 172 1 116 1 138 1 139 1 189 1 151 1 277 1 203 1 270 1 259 1 38 2 159 1 280 1 160 1 312 1 214 1 389 1 379 1 134 1 41 1
46 20 18 154 1 105 2 116 1 118 2 133 1 135 1 138 1 140 1 167 1 258 1 583 1 215 1 78 2 37 1 589 1 163 1 165 1 38 1
//IdTournes NbColis
20 6
//IdColis IdCommandeInColis NbProducts IdProd1 QtyProd1 IdProd2 QtyProd2 ...
102 43 20 30 1 244 1 212 1 173 1 116 1 322 1 185 1 138 1 327 1 188 1 259 1 122 1 274 1 198 1 292 2 162 1 323 1 168 1 312 1 268 1
119 51 20 614 1 27 1 212 1 40 1 105 2 118 2 348 1 140 1 357 1 77 1 37 1 80 1 313 1 219 1 122 1 162 1 350 1 253 1 312 1 32 1
179 89 19 120 1 149 1 105 2 118 2 140 1 78 1 37 1 113 1 519 1 38 1 390 1 328 1 20 1 68 1 521 1 147 1 26 7 477 1 523 1
180 90 19 105 1 116 1 118 1 138 1 140 1 190 1 78 1 37 1 182 1 350 1 520 1 200 1 12 1 32 2 175 1 26 6 421 1 526 1 477 1
181 91 13 39 1 105 1 118 1 140 1 364 1 78 1 37 1 80 1 26 4 446 1 420 1 524 1 425 1
182 92 9 105 1 118 1 140 1 197 1 78 1 37 1 529 1 26 4 542 1
//IdTournes NbColis
21 6
//IdColis IdCommandeInColis NbProducts IdProd1 QtyProd1 IdProd2 QtyProd2 ...
183 93 8 27 1 105 1 118 1 140 1 77 1 195 1 538 1 25 4
15 7 24 301 1 567 1 550 1 216 1 125 1 162 1 159 1 298 1 152 1 453 1 390 1 315 1 134 1 155 1 106 1 576 1 496 1 71 2 156 1 572 1 440 1 226 1 178 1 14 1
120 51 15 389 1 346 1 361 1 106 1 129 1 147 1 427 1 266 1 545 1 26 5 443 1 1 1 397 1 24 2 402 1
14 7 22 63 1 60 1 353 1 553 1 343 1 21 1 341 1 151 1 354 1 197 1 199 1 334 1 211 1 121 1 148 1 163 2 313 1 219 1 301 1 38 1 56 1 51 1
90 37 27 379 1 124 1 184 1 145 1 299 1 300 2 375 1 71 1 147 1 213 1 47 1 427 1 43 1 32 1 294 1 268 1 19 1 555 1 559 1 26 5 421 1 472 1 558 1 526 2 481 1 394 1 561 1
2 1 25 331 1 333 1 307 1 325 1 216 1 38 1 45 1 377 1 379 1 338 1 330 1 314 1 147 1 156 1 226 1 50 3 23 2 48 1 33 1 25 5 1 1 8 1 17 1 24 3 4 1
//IdTournes NbColis
22 6
//IdColis IdCommandeInColis NbProducts IdProd1 QtyProd1 IdProd2 QtyProd2 ...
70 28 22 181 1 438 1 142 1 249 1 260 1 417 1 398 1 428 1 186 1 147 1 213 1 6 1 226 1 473 1 32 1 590 1 404 1 25 5 423 1 477 1 478 1 24 2
122 52 23 300 1 157 1 161 1 260 1 375 1 441 1 539 1 12 1 71 1 127 1 109 1 473 1 23 1 43 1 512 1 25 5 421 1 423 1 482 1 497 1 599 1 24 3 393 1
13 6 7 156 1 47 1 36 1 175 1 26 5 397 1 24 3
16 7 17 573 1 264 1 50 2 355 1 23 1 32 2 36 1 426 1 175 1 580 1 62 1 25 5 472 1 65 1 578 1 24 3 64 1
88 36 14 182 1 152 1 271 1 153 1 300 1 338 1 76 1 44 1 32 2 176 1 14 1 25 5 394 1 4 1
5 2 9 2 1 44 1 186 1 147 1 213 1 177 1 32 1 25 5 3 1
//IdTournes NbColis
23 6
//IdColis IdCommandeInColis NbProducts IdProd1 QtyProd1 IdProd2 QtyProd2 ...
11 5 9 41 1 127 1 147 1 213 1 178 1 18 1 19 1 14 2 26 7
26 11 8 32 1 111 1 19 1 26 3 540 1 515 1 447 1 57 1
52 22 16 142 1 155 1 157 1 375 1 376 1 527 1 115 1 147 1 213 1 574 1 508 1 23 1 387 1 25 5 17 1 475 1
82 33 8 379 1 271 1 289 1 440 1 268 1 179 1 25 4 64 1
121 52 22 212 1 149 1 116 1 138 1 297 1 143 1 199 1 215 1 292 1 38 1 45 1 125 1 123 1 182 1 152 1 164 1 438 1 379 1 271 2 249 1 392 1 299 1
116 49 22 200 1 336 1 606 1 20 1 392 1 300 1 362 1 67 1 147 2 356 1 213 1 47 1 50 1 69 1 267 1 25 4 515 1 8 1 24 2 613 1 523 1 393 1
//IdTournes NbColis
24 6
//IdColis IdCommandeInColis NbProducts IdProd1 QtyProd1 IdProd2 QtyProd2 ...
41 17 8 233 1 413 1 407 1 424 1 344 1 79 1 83 1 26 4
184 94 9 39 1 288 1 38 1 162 1 124 1 43 1 69 1 9 1 25 4
105 44 25 198 1 292 1 385 1 38 1 290 1 126 1 329 1 145 1 239 1 127 1 186 1 147 1 213 1 41 1 461 1 43 1 32 2 55 1 396 2 514 1 559 1 404 1 26 7 579 1 8 1
185 95 12 543 1 247 1 292 1 253 1 379 2 145 1 269 1 132 1 9 1 25 5 24 2 61 1
186 96 23 544 1 40 1 242 1 193 1 199 1 305 1 211 1 516 1 45 1 253 1 160 1 312 1 392 2 71 1 147 1 213 1 545 1 25 5 447 1 478 1 537 1 425 2 57 1
187 97 5 185 1 258 3 627 1 214 1 9 1
//IdTournes NbColis
25 6
//IdColis IdCommandeInColis NbProducts IdProd1 QtyProd1 IdProd2 QtyProd2 ...
118 50 15 577 1 289 1 624 1 349 1 187 1 47 1 50 1 427 1 69 1 32 2 625 1 26 5 84 1 49 2 405 2
60 25 25 200 1 379 1 195 1 362 1 462 1 592 1 187 1 147 1 207 1 284 1 213 1 574 1 508 1 337 1 6 1 473 1 310 1 48 1 591 1 593 1 9 1 14 5 25 5 477 1 446 1
97 40 17 253 1 308 1 312 1 392 2 276 1 157 1 71 1 147 1 213 1 512 1 424 1 618 1 25 4 421 1 476 1 464 1 498 1
114 48 8 147 1 574 1 440 1 316 1 41 1 50 1 426 1 25 5
32 13 10 284 1 213 1 58 1 32 1 426 1 53 1 62 1 26 7 442 1 513 1
93 38 9 284 1 213 1 316 1 53 1 55 1 25 5 1 1 445 1 51 1
//IdTournes NbColis
26 6
//IdColis IdCommandeInColis NbProducts IdProd1 QtyProd1 IdProd2 QtyProd2 ...
58 24 6 213 1 562 1 620 1 426 1 400 1 25 5
95 39 6 508 1 473 1 310 1 311 1 19 1 25 4
37 15 6 26 7 421 1 478 1 497 1 15 1 4 1
56 23 8 32 1 404 1 26 7 421 1 423 1 476 1 477 1 609 1
19 8 2 442 1 66 1
7 3 5 20 1 7 1 26 5 5 2 15 1
//IdTournes NbColis
27 2
//IdColis IdCommandeInColis NbProducts IdProd1 QtyProd1 IdProd2 QtyProd2 ...
68 27 1 560 1
39 16 3 26 4 17 1 84 2
