//NbTournees
31
//IdTournes NbColis
1 6
//IdColis IdCommandeInColis NbProducts IdProd1 QtyProd1 IdProd2 QtyProd2 ...
4 1 23 186 1 390 1 366 1 1 1 90 1 105 1 368 1 24 1 25 1 128 2 394 1 200 1 376 1 385 3 231 1 367 1 122 1 148 1 13 1 389 4 209 1 212 1 380 4
6 2 7 2 1 17 3 7 1 8 1 183 1 291 1 92 1
11 3 10 121 1 145 1 2 1 3 2 28 1 425 1 69 1 127 1 98 1 126 1
1 1 11 5 1 12 1 16 1 10 1 3 1 160 1 69 1 127 1 98 1 126 1 91 1
2 1 7 60 1 66 1 67 1 103 1 3 1 31 1 97 1
17 4 10 121 1 145 1 3 2 28 2 102 1 298 1 301 1 98 1 300 1 91 1
//IdTournes NbColis
2 6
//IdColis IdCommandeInColis NbProducts IdProd1 QtyProd1 IdProd2 QtyProd2 ...
24 5 6 3 2 28 2 61 2 119 1 237 1 211 1
30 6 11 60 1 66 1 67 1 103 1 3 1 94 1 209 1 301 1 98 1 126 1 91 1
36 7 8 7 1 84 1 3 2 28 2 102 1 54 1 177 1 127 1
42 8 10 240 1 121 1 3 2 28 2 102 1 298 1 301 1 98 1 300 1 91 1
45 9 11 5 1 12 1 16 1 10 1 3 1 386 1 69 1 127 1 98 1 126 1 91 1
46 9 7 60 1 66 1 67 1 103 1 3 1 55 1 364 1
//IdTournes NbColis
3 6
//IdColis IdCommandeInColis NbProducts IdProd1 QtyProd1 IdProd2 QtyProd2 ...
52 10 7 121 1 145 1 15 1 3 2 28 1 52 1 13 1
57 11 9 76 1 40 1 67 1 100 1 3 1 75 1 69 1 127 1 91 1
61 12 8 5 1 12 1 16 1 10 1 3 1 113 1 97 1 98 1
62 12 9 10 1 60 1 66 1 67 1 3 1 31 1 93 1 69 1 126 1
66 13 7 5 1 12 1 16 1 73 1 3 1 117 1 207 1
72 14 9 10 1 60 1 66 1 67 1 3 1 164 1 98 1 126 1 91 1
//IdTournes NbColis
4 6
//IdColis IdCommandeInColis NbProducts IdProd1 QtyProd1 IdProd2 QtyProd2 ...
73 14 5 103 1 145 2 3 1 28 2 208 1
77 15 8 5 1 10 1 12 1 20 1 3 1 408 1 93 1 98 1
82 16 11 5 1 12 1 16 1 10 1 3 1 324 1 69 1 127 1 98 1 126 1 91 1
83 16 6 60 1 66 1 67 1 103 1 3 1 129 1
90 17 6 7 1 53 2 3 2 28 2 102 1 314 1
97 18 6 7 1 8 2 9 1 3 2 82 2 204 1
//IdTournes NbColis
5 6
//IdColis IdCommandeInColis NbProducts IdProd1 QtyProd1 IdProd2 QtyProd2 ...
103 19 9 121 1 145 1 3 1 28 1 61 2 102 1 98 1 126 1 91 1
108 20 11 240 1 121 1 3 1 82 2 102 1 237 1 69 1 127 1 98 1 126 1 91 1
111 21 11 5 1 12 1 16 1 10 1 3 1 249 1 69 1 127 1 98 2 126 1 91 2
112 21 7 60 1 66 1 67 1 103 1 3 1 72 1 97 1
118 22 8 116 1 100 2 121 1 3 1 162 1 69 1 127 1 91 1
119 22 6 240 2 85 1 3 1 82 2 113 1 55 1
//IdTournes NbColis
6 6
//IdColis IdCommandeInColis NbProducts IdProd1 QtyProd1 IdProd2 QtyProd2 ...
124 23 8 5 1 10 2 60 1 3 1 421 1 98 1 126 1 91 1
125 23 6 66 2 67 1 103 1 3 1 39 1 227 1
132 24 9 121 1 145 1 15 1 79 1 3 2 211 1 184 1 69 1 127 1
67 13 7 10 1 66 1 67 1 103 1 26 1 124 1 222 1
109 20 24 239 1 54 1 211 2 355 1 302 1 113 1 31 1 205 1 34 1 55 1 360 1 36 1 143 1 344 1 345 1 90 1 105 1 25 1 128 2 349 1 228 1 242 1 364 1 212 1
136 25 9 5 1 12 1 16 1 73 1 26 1 108 1 69 1 127 1 91 1
//IdTournes NbColis
7 6
//IdColis IdCommandeInColis NbProducts IdProd1 QtyProd1 IdProd2 QtyProd2 ...
137 25 8 10 1 66 1 67 1 103 1 26 1 113 1 97 1 98 1
13 3 25 205 1 14 1 55 1 106 1 57 1 90 1 105 1 161 1 128 2 24 1 25 1 168 1 423 1 4 1 111 1 200 2 280 1 243 1 424 1 242 1 93 1 148 1 173 1 209 1 212 1
141 26 5 41 1 42 2 47 1 44 1 97 1
147 27 7 42 2 20 1 60 1 9 1 94 1 69 1 127 1
154 28 8 42 1 20 1 60 1 40 1 8 1 113 1 69 1 127 1
161 29 6 42 2 20 1 40 1 11 1 426 1 69 1
//IdTournes NbColis
8 6
//IdColis IdCommandeInColis NbProducts IdProd1 QtyProd1 IdProd2 QtyProd2 ...
168 30 5 42 2 20 1 80 1 44 1 97 1
173 31 6 42 2 20 1 40 1 82 1 205 1 207 1
178 32 8 42 2 20 1 60 1 45 1 110 1 69 1 301 1 91 1
183 33 9 42 1 20 1 40 1 60 1 45 1 134 1 33 1 298 1 301 1
133 24 13 28 2 61 2 102 1 22 1 205 2 49 1 21 1 163 2 392 1 230 1 78 1 90 1 369 1
181 32 18 82 1 102 1 54 2 237 1 94 1 31 1 328 1 55 1 208 2 48 1 105 1 25 1 128 1 90 1 413 1 385 1 231 1 155 1
//IdTournes NbColis
9 6
//IdColis IdCommandeInColis NbProducts IdProd1 QtyProd1 IdProd2 QtyProd2 ...
9 3 6 12 1 5 1 20 1 10 1 15 1 97 1
15 4 6 5 1 10 1 20 1 60 1 15 1 97 1
21 5 7 12 1 16 1 5 1 10 1 11 1 272 1 126 1
29 6 7 5 1 10 1 12 1 20 1 15 1 422 1 69 1
33 7 6 5 1 20 1 10 1 60 1 15 1 97 1
50 10 6 16 1 5 1 10 1 12 1 15 1 97 1
//IdTournes NbColis
10 6
//IdColis IdCommandeInColis NbProducts IdProd1 QtyProd1 IdProd2 QtyProd2 ...
71 14 8 5 1 12 1 16 1 10 1 79 1 31 1 69 1 127 1
87 17 6 12 1 5 1 20 1 10 1 15 1 97 1
101 19 6 12 1 16 1 5 1 10 1 15 1 97 1
130 24 6 16 1 5 1 10 1 12 1 15 1 169 1
188 34 6 5 1 59 1 85 1 15 2 9 1 93 1
38 7 32 236 2 18 1 90 2 105 1 24 1 128 2 25 1 377 1 220 1 450 1 383 1 259 1 348 1 443 2 446 1 275 1 92 1 315 1 97 1 321 1 135 1 401 1 93 1 148 1 13 1 435 1 210 1 209 1 212 1 441 3 126 1 91 1
//IdTournes NbColis
11 6
//IdColis IdCommandeInColis NbProducts IdProd1 QtyProd1 IdProd2 QtyProd2 ...
152 27 19 128 2 24 1 25 1 406 1 220 1 218 1 104 1 387 1 201 2 122 1 242 1 92 1 97 1 307 1 43 1 93 1 13 1 184 1 203 1
59 11 26 22 1 6 1 108 1 417 1 94 1 327 1 55 1 432 1 90 1 105 1 128 1 24 1 25 1 433 1 429 1 198 2 242 1 92 1 19 1 93 1 13 1 142 1 434 1 33 1 209 1 212 1
27 5 28 215 1 243 1 275 1 190 3 201 1 228 1 172 1 92 1 187 1 204 3 217 1 269 1 274 3 315 1 50 1 83 1 97 2 93 1 13 1 262 3 179 1 194 1 281 1 180 1 209 1 33 1 277 1 176 1
84 16 7 145 1 28 2 61 2 119 1 237 1 27 1 71 1
144 26 8 8 1 9 1 7 1 84 1 45 1 86 1 89 2 329 1
164 29 8 8 1 9 1 84 1 45 2 82 1 88 1 89 1 205 1
//IdTournes NbColis
12 6
//IdColis IdCommandeInColis NbProducts IdProd1 QtyProd1 IdProd2 QtyProd2 ...
169 30 9 81 1 40 1 116 1 100 1 45 1 134 1 209 1 298 1 301 1
179 32 7 101 2 40 1 116 1 45 1 123 1 98 1 300 1
18 4 9 237 1 54 2 6 1 52 1 235 1 183 1 355 1 62 6 134 1
32 6 8 6 1 31 1 68 1 208 1 90 1 105 1 128 1 25 1
79 15 9 121 1 145 1 61 2 102 1 237 1 6 1 205 1 13 1 126 1
104 19 29 237 1 278 2 31 1 205 1 55 1 206 1 292 1 90 1 105 1 25 1 128 1 280 1 218 1 271 1 363 1 354 1 299 1 362 1 242 1 352 1 329 1 35 1 359 1 93 1 173 1 194 1 358 1 209 1 212 1
//IdTournes NbColis
13 6
//IdColis IdCommandeInColis NbProducts IdProd1 QtyProd1 IdProd2 QtyProd2 ...
110 20 4 350 1 35 2 93 1 262 1
185 33 9 121 1 346 1 54 1 82 1 102 1 451 1 6 1 439 1 93 1
190 34 29 236 2 230 2 87 2 24 1 429 1 377 1 226 1 437 1 444 1 218 1 363 1 448 1 96 1 190 1 95 3 242 1 92 1 35 1 93 1 13 1 445 1 203 1 209 1 212 1 298 1 301 1 98 2 300 1 91 2
194 35 18 242 1 329 1 306 1 97 1 35 1 339 1 93 1 13 1 265 1 232 1 330 1 247 1 335 1 248 1 326 1 33 1 209 1 212 1
198 36 16 82 1 102 1 237 1 239 1 54 2 6 1 105 1 25 1 128 1 193 1 243 1 242 1 312 1 315 1 97 1 296 1
201 37 31 6 1 94 1 31 1 317 1 303 1 205 2 342 1 159 1 55 1 331 1 338 1 225 1 234 1 25 1 238 1 323 1 299 2 242 1 92 1 97 2 93 1 148 1 13 1 332 1 203 1 209 1 212 1 341 1 176 1 340 1 91 1
//IdTournes NbColis
14 6
//IdColis IdCommandeInColis NbProducts IdProd1 QtyProd1 IdProd2 QtyProd2 ...
22 5 8 60 1 66 1 67 1 103 1 11 1 51 1 69 1 127 1
40 8 6 20 1 10 1 60 1 66 1 15 1 97 1
56 11 6 20 1 10 1 60 1 66 1 15 1 97 1
96 18 10 240 1 20 1 17 1 11 2 84 1 71 1 127 1 98 1 126 1 91 1
106 20 6 20 1 10 1 40 1 60 1 63 1 351 1
116 22 5 10 2 20 1 60 1 17 1 97 1
//IdTournes NbColis
15 6
//IdColis IdCommandeInColis NbProducts IdProd1 QtyProd1 IdProd2 QtyProd2 ...
142 26 8 20 1 81 1 40 1 116 1 11 1 51 1 69 1 127 1
193 35 21 84 1 52 1 254 1 183 1 333 1 246 1 51 1 328 1 205 1 251 1 55 1 267 1 24 1 25 1 304 2 200 1 218 4 243 1 259 1 190 2 92 1
195 36 8 20 1 10 1 60 1 40 1 8 1 94 1 298 1 301 1
203 38 6 20 1 10 1 40 1 60 1 65 1 97 1
209 39 22 84 1 305 1 51 1 289 1 94 1 31 1 205 1 251 1 55 1 233 3 264 3 288 1 286 2 208 2 234 3 24 1 304 1 193 1 260 1 243 1 310 1 98 1
10 3 6 60 1 66 1 67 1 103 1 15 1 56 1
//IdTournes NbColis
16 6
//IdColis IdCommandeInColis NbProducts IdProd1 QtyProd1 IdProd2 QtyProd2 ...
12 3 14 28 1 102 1 54 2 237 1 52 1 108 1 114 2 431 1 160 1 113 1 157 1 31 1 112 1 91 1
37 7 18 54 1 52 1 183 3 246 1 137 1 113 1 293 1 438 2 303 2 205 1 21 1 141 1 55 1 68 2 139 1 140 1 345 2 97 1
48 9 18 237 1 52 1 278 1 233 1 23 1 353 1 90 1 105 1 24 1 25 1 128 2 398 1 226 1 382 1 351 1 70 1 397 1 396 1
68 13 7 145 1 28 2 61 2 119 1 237 1 52 1 90 1
91 17 20 237 1 54 2 52 1 252 1 113 2 293 1 31 1 347 1 205 1 261 1 251 1 55 1 255 1 256 1 353 2 313 1 90 1 105 1 93 1 127 1
138 25 7 145 1 28 2 61 2 119 1 237 1 52 1 90 1
//IdTournes NbColis
17 6
//IdColis IdCommandeInColis NbProducts IdProd1 QtyProd1 IdProd2 QtyProd2 ...
206 38 24 54 2 52 1 191 1 244 1 23 1 68 1 90 2 105 1 128 2 24 1 25 1 216 1 175 1 198 1 238 2 243 2 165 1 242 1 214 3 210 2 295 2 209 1 212 1 227 1
212 40 22 84 1 64 1 52 1 183 1 197 1 249 1 113 1 293 1 205 1 251 2 55 1 24 1 193 1 200 3 245 1 218 1 190 3 92 1 285 1 253 2 98 1 126 1
213 40 12 253 1 306 1 97 1 56 1 13 1 262 1 266 3 184 1 196 1 185 3 212 1 33 1
3 1 10 145 1 28 2 61 2 119 1 136 1 205 1 141 1 55 1 186 1 397 1
31 6 6 121 1 145 1 28 1 102 1 54 2 237 1
47 9 7 145 1 118 1 28 2 61 2 119 1 338 1 395 1
//IdTournes NbColis
18 6
//IdColis IdCommandeInColis NbProducts IdProd1 QtyProd1 IdProd2 QtyProd2 ...
53 10 17 28 1 61 2 119 1 237 1 77 1 408 1 205 1 55 1 452 1 23 1 36 1 270 1 436 1 234 2 184 1 301 1 98 1
58 11 8 121 1 240 1 28 1 102 1 54 2 237 1 98 1 126 1
63 12 6 103 1 145 2 28 2 61 1 90 1 127 1
78 15 7 60 1 66 1 67 1 103 1 28 1 94 1 269 1
113 21 10 145 1 28 2 61 2 119 1 197 1 94 1 381 1 205 1 375 1 74 1
126 23 6 103 1 121 1 145 2 28 1 58 1 199 1
//IdTournes NbColis
19 6
//IdColis IdCommandeInColis NbProducts IdProd1 QtyProd1 IdProd2 QtyProd2 ...
127 23 11 28 1 61 3 102 1 237 1 22 1 333 1 205 1 23 1 230 1 90 1 104 1
64 12 19 61 1 119 1 64 1 316 1 55 1 288 1 90 1 125 1 105 1 24 1 25 1 128 2 193 1 200 1 104 1 92 1 13 1 184 1 91 1
85 16 16 246 1 71 1 327 1 188 1 206 1 338 1 130 1 132 1 131 3 170 2 90 1 125 1 105 1 25 1 128 2 334 1
98 18 18 102 1 54 2 237 1 71 1 31 1 205 2 303 1 158 1 167 1 294 1 55 1 186 1 233 1 174 1 230 3 105 1 90 1 148 1
114 21 23 55 1 186 1 138 1 208 2 57 1 90 2 105 1 24 1 25 1 128 2 200 2 218 3 383 1 387 1 352 1 391 1 148 1 13 1 142 1 308 1 210 1 388 1 209 1
158 28 23 237 1 183 1 211 1 252 1 402 1 181 2 251 1 159 1 131 1 170 1 230 1 57 2 87 2 90 2 105 1 24 1 168 1 128 2 25 1 175 1 193 1 218 1 442 1
//IdTournes NbColis
20 6
//IdColis IdCommandeInColis NbProducts IdProd1 QtyProd1 IdProd2 QtyProd2 ...
25 5 20 278 1 197 3 252 1 46 1 181 4 72 1 94 1 371 1 372 1 31 1 124 1 205 1 374 1 55 2 378 1 393 2 68 1 163 1 98 2 91 2
23 5 7 145 1 53 2 7 1 79 1 276 1 279 1 180 1
149 27 5 76 1 101 2 346 1 7 1 347 1
156 28 6 121 1 240 1 9 1 11 2 7 1 211 1
162 29 9 60 1 116 1 100 1 76 1 7 1 113 1 127 1 98 1 126 1
189 34 13 11 1 7 1 53 2 84 1 183 1 417 1 94 1 31 1 303 2 205 1 55 1 234 1 97 1
//IdTournes NbColis
21 6
//IdColis IdCommandeInColis NbProducts IdProd1 QtyProd1 IdProd2 QtyProd2 ...
192 35 12 17 1 63 1 7 1 8 2 9 1 11 1 325 1 69 1 127 1 98 1 126 1 91 1
197 36 8 66 1 121 1 9 1 11 1 7 1 84 1 205 1 90 1
200 37 11 63 1 7 1 8 2 9 1 11 1 84 1 183 1 69 1 127 1 98 1 126 1
208 39 9 15 2 7 1 8 2 9 1 11 1 75 1 69 1 127 1 91 1
211 40 10 15 2 8 1 9 1 11 1 7 1 53 1 302 1 69 1 127 1 91 1
35 7 8 121 1 145 1 11 1 53 2 9 1 246 1 69 1 98 1
//IdTournes NbColis
22 6
//IdColis IdCommandeInColis NbProducts IdProd1 QtyProd1 IdProd2 QtyProd2 ...
7 2 25 8 1 9 1 11 1 84 1 197 1 31 1 290 1 284 1 167 1 292 1 78 2 161 1 195 1 97 1 93 1 148 1 13 1 287 1 33 2 176 3 69 1 127 1 98 1 126 1 91 1
143 26 9 149 1 101 1 121 1 319 1 8 1 94 1 98 1 126 1 91 1
150 27 7 8 2 84 1 82 2 102 1 237 1 239 1 404 1
155 28 9 66 1 116 1 100 1 76 1 8 1 205 1 98 1 126 1 91 1
163 29 6 101 2 121 1 319 1 8 1 31 1 91 1
196 36 9 116 1 100 1 76 1 240 1 8 1 31 1 98 1 300 1 91 1
//IdTournes NbColis
23 6
//IdColis IdCommandeInColis NbProducts IdProd1 QtyProd1 IdProd2 QtyProd2 ...
89 17 8 121 1 145 1 118 1 11 1 9 1 84 1 307 1 69 1
123 23 6 12 2 16 2 99 1 31 1 69 1 127 1
151 27 18 239 1 54 2 183 1 333 1 46 1 123 1 205 1 303 2 189 1 250 1 23 1 30 1 400 1 313 1 120 1 208 1 90 2 105 1
19 4 21 62 1 114 3 144 1 402 1 31 1 205 1 109 2 167 6 55 1 225 1 234 1 90 1 105 1 128 2 24 1 25 1 273 1 200 2 299 1 92 1 93 1
94 18 6 10 1 60 1 40 1 66 1 15 1 97 1
148 27 9 40 1 116 1 121 1 100 1 11 1 31 1 98 1 126 1 91 1
//IdTournes NbColis
24 6
//IdColis IdCommandeInColis NbProducts IdProd1 QtyProd1 IdProd2 QtyProd2 ...
102 19 8 60 1 66 1 67 1 103 1 37 1 94 1 69 1 127 1
120 22 15 102 1 54 2 237 1 22 1 38 1 183 1 235 1 31 1 205 1 163 1 208 1 90 2 105 1 104 1 98 1
165 29 15 89 2 102 1 38 1 183 1 197 1 110 1 123 1 430 2 154 1 251 2 331 1 338 1 233 2 90 1 184 1
20 4 4 13 1 411 1 209 1 212 1
44 8 11 128 2 193 1 242 1 135 2 322 1 93 1 13 1 320 2 184 1 196 1 209 1
75 14 29 234 2 236 1 230 3 90 2 105 1 24 1 25 1 128 2 193 1 156 1 220 3 218 2 241 1 190 1 242 1 92 1 97 1 166 1 112 3 93 1 13 1 229 1 192 1 232 1 184 1 196 1 33 1 199 1 219 1
//IdTournes NbColis
25 6
//IdColis IdCommandeInColis NbProducts IdProd1 QtyProd1 IdProd2 QtyProd2 ...
80 15 20 55 1 399 1 90 1 105 1 25 1 128 1 403 1 398 2 243 1 29 1 242 1 418 1 97 1 142 1 209 1 412 1 409 2 69 1 127 1 91 1
92 17 16 25 1 128 1 268 2 263 1 242 1 13 1 266 1 142 2 210 2 194 1 209 1 212 1 258 1 98 1 126 1 91 1
99 18 22 90 1 24 1 25 1 128 2 193 1 231 1 243 1 242 1 92 1 13 1 147 1 173 1 223 1 184 1 308 1 309 1 196 1 295 1 194 2 33 1 203 1 209 1
121 22 24 24 1 25 1 128 2 175 1 224 1 193 1 198 1 238 1 231 1 190 1 165 1 242 1 92 1 171 1 93 1 148 1 13 1 184 1 196 1 185 1 176 1 199 1 213 1 126 1
134 24 22 90 1 105 1 24 1 25 1 370 1 373 1 128 2 216 1 193 1 271 2 275 1 297 1 190 4 93 1 13 1 196 1 384 1 209 1 212 1 98 1 126 1 91 1
139 25 19 31 1 205 1 55 1 105 1 24 1 25 1 128 2 354 1 242 1 410 1 364 3 93 1 13 1 414 2 389 1 209 1 212 1 227 1 126 1
//IdTournes NbColis
26 6
//IdColis IdCommandeInColis NbProducts IdProd1 QtyProd1 IdProd2 QtyProd2 ...
145 26 20 102 1 365 1 183 1 134 1 31 1 361 1 236 1 90 1 105 1 25 1 128 1 150 1 242 1 92 1 357 1 93 1 13 1 356 1 184 1 212 1
159 28 16 447 1 190 2 122 1 242 2 92 1 169 2 97 1 93 1 13 1 184 1 196 1 295 1 33 1 209 1 212 1 176 1
166 29 22 208 1 90 1 125 1 105 1 128 2 25 1 224 1 193 1 198 2 104 1 96 1 427 1 92 1 97 1 307 1 93 1 13 1 153 1 142 1 196 2 33 2 199 1
170 30 9 101 2 121 1 319 1 88 1 94 1 13 1 98 1 300 1 91 1
182 32 11 96 1 151 1 242 1 92 1 97 2 415 1 93 1 13 1 184 1 407 1 212 1
186 33 25 254 1 183 1 205 1 55 1 146 1 449 1 139 1 90 1 105 1 128 1 25 1 198 2 443 1 242 1 92 1 359 1 148 1 13 1 147 1 33 1 209 1 212 1 440 1 300 1 91 1
//IdTournes NbColis
27 6
//IdColis IdCommandeInColis NbProducts IdProd1 QtyProd1 IdProd2 QtyProd2 ...
210 39 17 297 1 165 1 299 4 242 1 92 1 169 1 97 2 282 1 283 1 93 1 148 1 13 1 184 1 196 1 33 1 209 1 126 1
16 4 6 66 1 100 1 40 1 67 1 15 1 115 1
34 7 6 66 1 40 1 67 1 100 1 15 1 97 1
41 8 6 40 1 67 1 100 1 76 1 15 1 321 1
51 10 7 60 1 66 1 67 1 103 1 15 1 93 1 69 1
88 17 6 67 1 100 1 60 1 66 1 15 1 343 1
//IdTournes NbColis
28 6
//IdColis IdCommandeInColis NbProducts IdProd1 QtyProd1 IdProd2 QtyProd2 ...
131 24 6 60 1 66 1 67 1 103 1 15 1 97 1
95 18 7 67 1 100 1 76 1 121 1 17 1 93 1 69 1
117 22 5 40 1 66 2 76 1 17 1 97 1
174 31 6 60 1 101 2 116 1 82 1 107 1 92 1
157 28 6 84 1 82 2 102 1 54 2 239 2 211 1
180 32 6 100 1 76 1 121 1 346 1 82 1 417 1
//IdTournes NbColis
29 6
//IdColis IdCommandeInColis NbProducts IdProd1 QtyProd1 IdProd2 QtyProd2 ...
204 38 9 66 1 76 1 116 1 100 1 82 1 205 1 93 1 69 1 98 1
205 38 9 121 1 240 1 82 1 102 1 237 1 239 2 301 1 300 1 91 1
107 20 6 66 1 116 1 100 1 76 1 63 1 97 1
184 33 8 100 1 76 1 101 1 116 1 54 1 94 1 97 1 98 1
175 31 8 100 1 76 1 121 1 346 1 102 1 152 1 222 1 98 1
26 5 24 163 2 225 1 270 1 366 1 236 3 230 1 87 3 90 2 125 1 105 1 24 2 25 1 128 2 178 1 273 1 182 1 195 1 200 3 202 1 377 1 226 1 271 3 218 2 242 1
//IdTournes NbColis
30 6
//IdColis IdCommandeInColis NbProducts IdProd1 QtyProd1 IdProd2 QtyProd2 ...
171 30 13 89 2 102 1 31 1 205 1 55 1 233 1 208 2 105 1 90 1 25 1 128 1 242 1 336 1
74 14 18 61 2 119 1 237 1 183 1 235 1 177 1 134 1 113 1 133 1 205 1 32 1 189 1 55 1 188 1 206 1 221 1 234 1 33 1
69 13 24 77 1 183 3 30 2 234 1 105 1 25 1 128 2 226 1 405 1 245 3 416 1 401 1 148 1 419 1 414 1 295 1 384 3 176 1 409 4 69 1 127 1 98 1 126 1 91 1
199 36 7 307 1 112 1 93 1 262 1 210 1 209 1 311 1
43 8 20 237 1 54 2 211 1 337 1 302 1 249 1 113 1 31 1 205 1 257 1 55 1 206 1 264 1 288 1 120 1 90 2 105 1 318 1 24 1 25 1
128 23 19 90 1 105 1 128 2 24 1 25 1 406 1 193 1 122 1 172 1 427 1 242 1 97 2 420 1 415 1 93 1 428 1 184 1 196 1 409 2
//IdTournes NbColis
31 3
//IdColis IdCommandeInColis NbProducts IdProd1 QtyProd1 IdProd2 QtyProd2 ...
54 10 20 24 1 25 1 105 1 90 2 128 2 193 1 195 1 268 1 96 1 201 2 155 1 242 1 93 1 148 1 196 1 414 2 445 1 209 1 300 1 91 1
176 31 13 237 1 239 2 54 2 183 1 152 2 189 1 55 2 379 1 208 1 90 1 105 1 24 1 25 1
177 31 15 128 2 175 1 151 1 155 1 242 1 97 1 322 1 93 1 184 2 33 1 176 1 69 1 127 1 126 1 91 1
