//NbTournees
46
//IdTournes NbColis
1 6
//IdColis IdCommandeInColis NbProducts IdProd1 QtyProd1 IdProd2 QtyProd2 ...
3 1 7 271 1 283 1 16 1 223 1 669 1 1 1 583 1
8 2 21 542 1 266 2 268 1 335 2 279 1 50 1 245 1 267 1 21 1 2 1 206 1 24 1 477 1 358 1 468 2 98 1 474 1 4 1 26 1 226 1 621 1
17 3 30 364 1 502 1 620 2 2 2 91 1 54 1 312 1 600 1 55 1 330 1 460 1 358 5 35 1 186 1 325 2 474 1 393 1 185 2 203 2 621 2 105 1 207 1 102 2 383 2 384 1 503 3 385 1 563 2 392 1 565 4
307 44 16 356 1 253 1 284 1 524 1 271 2 283 2 235 1 251 1 415 2 597 1 353 1 516 1 517 2 481 1 346 3 293 1
5 2 8 161 1 25 1 10 1 5 1 647 1 27 1 38 1 3 1
14 3 13 251 1 347 1 271 2 283 2 388 2 415 3 413 5 3 1 220 1 223 1 313 1 195 1 277 1
//IdTournes NbColis
2 6
//IdColis IdCommandeInColis NbProducts IdProd1 QtyProd1 IdProd2 QtyProd2 ...
23 4 13 25 1 48 1 38 2 41 1 253 1 284 1 240 1 532 1 244 1 250 1 272 2 283 1 3 1
31 5 16 318 3 251 1 347 1 271 2 283 2 388 1 413 1 415 2 3 1 12 1 19 1 33 2 225 1 311 1 223 1 648 1
39 6 19 47 1 316 1 356 2 506 1 253 1 284 1 337 1 271 1 283 1 413 1 415 1 359 1 3 1 58 1 606 1 353 1 401 1 437 1 460 1
50 7 11 318 2 593 3 532 3 251 1 271 2 283 2 388 1 415 3 359 2 3 1 648 1
62 8 16 470 1 253 1 324 1 284 1 251 1 271 2 273 1 283 2 274 1 415 2 359 2 52 1 16 1 19 1 63 2 54 1
69 9 14 402 1 409 3 473 1 399 2 449 1 250 1 272 2 291 2 650 1 462 1 415 1 359 2 52 1 16 1
//IdTournes NbColis
3 6
//IdColis IdCommandeInColis NbProducts IdProd1 QtyProd1 IdProd2 QtyProd2 ...
73 10 5 70 2 44 1 92 1 53 1 329 1
83 11 8 73 1 5 1 217 2 74 2 28 1 47 1 253 1 86 1
86 12 7 30 1 42 1 73 1 108 1 74 2 83 1 527 1
290 41 5 73 1 128 1 127 3 74 1 419 1
79 10 29 246 1 268 1 592 1 352 1 282 1 279 2 57 1 91 1 100 1 104 1 508 1 553 1 59 1 90 2 97 3 287 1 584 1 35 1 88 1 98 1 99 2 106 1 286 1 440 1 277 1 345 1 247 2 4 2 629 1
294 41 22 488 2 539 1 551 2 544 1 514 1 467 1 552 1 498 2 538 2 357 2 266 2 268 1 361 2 326 1 258 1 267 1 254 1 269 1 54 1 598 1 420 1 601 1
//IdTournes NbColis
4 6
//IdColis IdCommandeInColis NbProducts IdProd1 QtyProd1 IdProd2 QtyProd2 ...
94 13 6 241 1 75 1 660 1 662 2 663 2 661 1
96 14 12 76 1 28 1 40 2 43 1 48 1 442 1 350 1 461 1 414 2 253 1 493 1 251 1
12 3 12 166 1 64 2 28 1 48 1 37 1 41 1 22 1 11 1 331 2 350 1 316 1 6 1
45 7 4 128 2 191 2 5 1 344 1
82 11 5 30 2 32 1 42 1 5 1 352 1
90 12 21 268 1 478 2 408 1 361 2 603 1 482 1 607 1 57 1 520 1 521 1 304 1 600 1 320 1 358 2 293 1 474 2 203 1 6 1 423 1 384 1 424 1
//IdTournes NbColis
5 6
//IdColis IdCommandeInColis NbProducts IdProd1 QtyProd1 IdProd2 QtyProd2 ...
93 13 22 48 1 40 2 659 1 337 1 77 1 85 1 89 1 180 1 225 1 234 1 655 1 657 1 658 1 656 1 282 1 45 1 50 1 641 1 550 1 397 1 82 1 664 1
97 14 17 284 1 256 1 376 1 347 1 271 2 283 2 588 1 413 3 12 1 19 1 94 1 307 1 668 1 363 1 479 1 483 2 6 1
100 15 5 70 1 44 2 191 1 5 1 344 1
107 16 5 42 1 129 2 46 1 127 1 6 1
127 17 25 279 1 143 1 364 1 570 4 562 1 501 1 572 2 573 2 502 2 267 1 9 1 189 2 395 1 447 1 646 1 545 1 571 2 358 1 460 2 117 1 186 2 106 1 277 1 325 1 6 1
224 30 24 413 1 415 1 606 1 165 1 257 1 276 1 514 1 268 1 335 1 361 1 326 1 245 1 572 1 267 1 609 2 553 1 518 1 474 1 185 1 529 1 160 1 6 2 147 1 20 1
//IdTournes NbColis
6 6
//IdColis IdCommandeInColis NbProducts IdProd1 QtyProd1 IdProd2 QtyProd2 ...
103 15 17 253 1 283 2 250 1 272 2 415 1 131 1 636 1 430 1 353 2 451 2 472 2 457 1 471 2 280 1 165 1 638 1 78 1
139 18 34 573 1 267 1 154 1 163 1 620 2 369 1 78 1 206 1 374 1 254 1 343 1 395 1 528 1 315 1 260 1 386 1 164 2 320 2 330 1 468 1 117 2 35 2 264 1 345 1 341 1 247 1 474 1 427 1 465 1 95 1 360 1 56 1 20 1 102 1
145 19 24 165 1 266 2 279 2 50 1 641 2 326 1 267 1 112 1 520 1 107 1 61 1 125 1 126 1 241 1 120 1 26 1 71 1 118 1 605 1 556 1 555 1 294 1 297 1 554 1
41 6 12 508 1 55 1 325 1 474 1 203 1 227 1 296 1 525 1 424 1 297 1 390 1 509 1
143 19 10 93 1 108 1 101 1 14 1 27 1 48 1 38 2 41 1 558 1 110 1
148 20 5 159 2 46 1 42 1 108 1 430 1
//IdTournes NbColis
7 6
//IdColis IdCommandeInColis NbProducts IdProd1 QtyProd1 IdProd2 QtyProd2 ...
308 44 23 346 1 355 1 523 1 165 1 459 1 488 1 489 2 344 1 357 2 266 2 268 1 335 1 279 2 370 1 245 1 267 1 55 1 358 1 241 1 468 1 203 1 531 1 530 1
16 3 19 355 1 488 2 499 1 544 1 514 3 551 2 513 1 538 2 344 1 412 2 357 3 365 1 282 1 335 1 7 1 34 2 619 1 245 1 20 1
25 4 30 641 2 261 1 267 1 9 1 133 1 254 1 528 1 639 1 263 1 109 1 134 1 137 1 106 1 345 2 645 1 302 1 203 1 13 1 26 2 305 1 242 1 292 1 294 1 298 1 297 1 390 1 526 1 583 1 527 1 564 1
161 21 12 50 1 267 1 211 1 395 1 320 1 468 4 109 1 247 1 56 1 68 1 201 1 103 1
278 39 21 412 1 248 1 21 1 232 1 447 1 24 1 109 1 134 1 35 1 243 1 293 1 239 1 247 1 474 3 203 1 302 1 427 1 651 1 231 1 425 1 525 1
6 2 14 38 1 41 1 48 1 8 1 512 1 11 1 253 1 409 2 492 2 250 1 271 2 274 1 51 1 344 1
//IdTournes NbColis
8 6
//IdColis IdCommandeInColis NbProducts IdProd1 QtyProd1 IdProd2 QtyProd2 ...
165 22 12 642 1 14 1 27 1 48 1 38 2 41 1 8 1 284 1 253 1 290 1 399 1 56 1
170 23 5 128 1 44 1 25 2 64 2 8 1
80 10 19 427 1 322 1 105 1 556 1 56 1 68 1 20 4 102 3 103 1 587 1 575 1 586 1 423 1 298 1 585 1 446 1 299 1 509 1 565 1
154 21 5 198 1 202 1 136 1 42 1 110 1
158 21 10 27 1 48 1 38 2 41 1 114 1 110 2 410 1 253 1 409 4 492 1
180 24 15 283 1 285 1 415 1 131 2 188 1 398 1 579 1 401 1 378 1 451 2 483 4 495 1 363 1 472 4 469 1
//IdTournes NbColis
9 6
//IdColis IdCommandeInColis NbProducts IdProd1 QtyProd1 IdProd2 QtyProd2 ...
71 9 35 246 1 268 1 485 1 282 1 279 2 45 2 50 1 267 1 9 1 133 1 553 1 377 1 584 1 468 3 117 1 35 1 98 1 645 1 596 1 26 1 651 1 105 1 425 1 301 1 149 1 20 1 103 1 566 1 546 2 510 1 390 1 563 2 299 1 418 1 565 1
85 11 6 518 1 333 1 79 1 533 1 439 1 297 1
144 19 15 69 1 130 1 356 1 284 1 253 1 283 2 250 1 272 2 111 1 215 1 411 1 483 4 557 1 459 1 471 2
190 25 21 407 1 252 1 471 3 544 3 146 1 450 1 469 1 344 2 266 2 268 1 279 2 45 1 96 1 245 1 267 1 9 1 21 1 119 2 150 1 211 1 241 1
196 26 23 472 4 321 1 543 1 540 1 355 3 165 1 538 1 266 1 268 1 592 1 319 1 279 2 144 1 50 1 326 1 267 1 9 1 24 1 315 1 287 1 386 1 277 1 360 1
205 27 14 9 1 343 1 320 2 358 2 460 2 468 2 325 1 474 3 185 1 203 1 302 2 427 1 594 1 596 1
//IdTournes NbColis
10 6
//IdColis IdCommandeInColis NbProducts IdProd1 QtyProd1 IdProd2 QtyProd2 ...
209 28 12 251 1 271 1 273 1 283 1 33 1 667 1 372 1 50 1 79 1 95 1 301 1 292 1
213 29 5 283 1 251 1 271 2 415 2 111 16
59 8 4 46 1 191 3 113 1 266 1
118 17 5 70 1 156 2 196 1 113 1 357 1
167 22 10 45 1 50 1 139 1 132 1 460 2 358 2 345 1 596 1 292 1 582 1
57 8 4 29 1 70 3 10 1 288 1
//IdTournes NbColis
11 6
//IdColis IdCommandeInColis NbProducts IdProd1 QtyProd1 IdProd2 QtyProd2 ...
68 9 12 166 1 14 2 64 2 27 1 41 1 48 1 114 1 590 1 356 1 253 1 284 1 475 1
121 17 10 14 2 64 2 27 1 48 1 41 1 512 1 114 1 11 1 331 3 184 1
134 18 13 44 1 48 1 41 1 114 1 155 1 204 1 300 1 331 1 316 1 414 1 535 1 356 2 503 1
155 21 5 129 1 135 1 191 2 10 1 213 1
239 33 9 218 1 73 1 37 1 40 2 43 1 486 1 114 1 204 1 250 1
276 39 13 42 1 48 1 41 1 172 1 114 1 255 1 461 1 535 2 356 1 506 1 253 1 284 1 213 1
//IdTournes NbColis
12 6
//IdColis IdCommandeInColis NbProducts IdProd1 QtyProd1 IdProd2 QtyProd2 ...
110 16 11 48 1 38 2 328 1 11 2 350 1 316 1 455 2 356 1 253 1 324 3 266 1
64 8 25 471 1 499 1 544 1 500 2 165 1 467 1 490 2 542 1 538 1 266 1 268 1 485 1 289 1 279 2 50 1 267 1 259 1 269 1 59 1 61 1 287 1 320 1 358 2 460 3 444 1
152 20 23 471 1 165 1 544 2 266 1 268 1 238 1 289 1 279 2 50 1 267 1 369 1 340 1 59 1 153 1 260 1 278 1 468 1 474 2 651 1 605 1 148 1 424 1 665 1
231 31 21 246 1 279 2 143 1 144 1 45 1 50 1 267 1 21 1 369 1 304 1 315 1 260 1 320 1 468 2 270 1 341 1 474 1 247 1 162 1 231 1 148 2
98 14 21 560 1 372 1 406 2 327 1 380 1 336 1 459 1 464 3 498 2 412 1 357 2 266 2 268 1 335 2 361 1 364 1 267 1 80 1 254 1 377 1 305 1
236 32 11 433 1 346 2 488 4 489 1 490 2 357 1 670 1 80 1 358 2 277 1 645 1
//IdTournes NbColis
13 6
//IdColis IdCommandeInColis NbProducts IdProd1 QtyProd1 IdProd2 QtyProd2 ...
230 31 18 415 1 12 1 606 1 223 1 229 1 411 1 363 1 459 2 471 4 544 2 500 2 165 1 450 1 469 1 538 1 463 2 268 1 246 1
241 33 15 415 3 359 3 12 1 171 2 19 1 33 1 176 1 180 1 225 1 451 1 472 4 237 1 249 1 457 1 164 1
249 34 17 486 1 310 1 496 1 497 1 253 1 284 1 402 1 324 1 458 1 250 1 272 2 291 2 415 1 12 1 170 1 33 1 340 1
243 33 23 133 1 91 1 304 1 233 1 260 1 278 1 117 1 137 1 613 1 264 1 270 1 345 1 474 2 13 1 71 1 305 1 566 1 510 2 296 1 288 1 297 1 505 2 563 3
4 2 6 17 1 23 1 31 1 191 1 14 1 279 1
10 3 5 15 1 17 1 29 1 42 1 331 1
//IdTournes NbColis
14 6
//IdColis IdCommandeInColis NbProducts IdProd1 QtyProd1 IdProd2 QtyProd2 ...
21 4 4 135 1 191 3 14 1 27 1
27 5 5 15 1 17 1 30 1 32 1 255 1
42 7 4 15 1 152 2 29 1 554 1
43 7 5 202 1 70 2 156 1 14 1 279 1
47 7 11 644 1 14 1 27 1 38 2 41 1 48 1 310 1 155 1 331 1 456 2 470 1
74 10 10 60 1 101 1 14 2 64 2 27 1 41 1 48 1 328 1 362 1 87 1
//IdTournes NbColis
15 6
//IdColis IdCommandeInColis NbProducts IdProd1 QtyProd1 IdProd2 QtyProd2 ...
102 15 12 14 1 64 2 27 1 48 1 41 1 611 1 454 3 456 1 461 1 470 1 284 1 474 1
109 16 8 191 1 199 1 127 1 158 1 14 1 27 1 41 1 512 1
132 18 5 156 2 124 1 128 1 14 1 64 1
150 20 14 14 1 27 1 48 1 38 2 41 1 470 1 253 1 402 1 284 1 399 1 250 1 272 2 283 1 265 1
157 21 8 121 1 122 1 123 1 192 1 18 1 166 1 14 2 403 1
174 24 3 15 3 156 1 563 1
//IdTournes NbColis
16 6
//IdColis IdCommandeInColis NbProducts IdProd1 QtyProd1 IdProd2 QtyProd2 ...
175 24 5 15 1 17 1 190 1 128 1 567 1
178 24 7 187 2 158 2 14 1 27 1 38 2 174 1 614 1
189 25 14 14 1 64 2 27 1 48 1 300 1 253 1 284 1 256 1 492 1 250 1 271 2 283 2 359 1 465 1
194 26 11 44 1 14 1 64 2 27 1 41 1 48 1 442 1 69 1 350 1 253 1 284 1
212 29 13 192 1 14 1 27 1 48 1 38 2 41 1 486 1 324 1 284 1 253 1 329 1 283 1 471 1
227 31 5 129 1 44 2 128 1 14 1 27 1
//IdTournes NbColis
17 6
//IdColis IdCommandeInColis NbProducts IdProd1 QtyProd1 IdProd2 QtyProd2 ...
246 34 5 70 2 23 1 135 1 14 1 64 1
254 35 8 156 1 196 1 644 1 169 1 64 2 37 1 41 1 359 1
261 36 9 642 1 200 1 14 1 27 1 41 1 48 1 38 2 486 1 399 1
266 37 5 29 1 70 2 44 1 14 1 64 1
270 38 9 29 1 70 1 14 1 64 2 27 1 41 1 48 1 350 1 266 1
274 39 5 29 1 70 2 44 1 14 1 64 1
//IdTournes NbColis
18 6
//IdColis IdCommandeInColis NbProducts IdProd1 QtyProd1 IdProd2 QtyProd2 ...
280 40 3 15 2 72 2 331 1
305 44 6 44 1 72 1 156 1 196 1 169 1 64 1
46 7 7 42 1 44 1 60 1 157 1 93 1 647 1 331 1
92 13 7 30 1 42 1 46 1 93 1 81 1 28 1 43 1
95 14 5 182 1 30 2 42 1 81 1 361 1
101 15 6 191 1 129 2 25 1 60 1 316 1 509 1
//IdTournes NbColis
19 6
//IdColis IdCommandeInColis NbProducts IdProd1 QtyProd1 IdProd2 QtyProd2 ...
120 17 7 60 1 157 2 217 1 647 1 167 1 18 2 580 1
147 20 5 23 1 128 2 31 1 60 1 266 1
193 26 5 29 1 70 2 135 1 60 1 344 1
291 41 11 187 2 81 1 28 1 40 1 43 1 48 1 172 1 512 1 604 1 316 1 608 1
301 43 10 217 2 644 1 64 1 27 1 37 1 41 1 48 1 610 1 442 1 506 1
314 47 4 60 1 167 1 368 1 363 1
//IdTournes NbColis
20 6
//IdColis IdCommandeInColis NbProducts IdProd1 QtyProd1 IdProd2 QtyProd2 ...
156 21 7 642 1 115 1 25 1 200 1 92 1 675 1 62 1
289 41 5 181 1 182 1 30 1 32 1 331 1
117 17 4 17 2 202 1 29 1 526 1
11 3 6 44 1 72 2 618 1 18 1 612 1 344 1
28 5 6 46 1 25 2 121 1 127 1 116 1 20 1
119 17 5 196 2 42 1 44 1 116 1 463 1
//IdTournes NbColis
21 6
//IdColis IdCommandeInColis NbProducts IdProd1 QtyProd1 IdProd2 QtyProd2 ...
142 19 5 129 2 602 1 642 1 116 1 268 1
163 22 5 152 1 136 1 42 1 129 1 18 1
177 24 6 136 1 159 1 127 2 187 1 18 1 279 1
188 25 7 23 1 156 1 92 1 116 1 157 1 612 1 225 1
201 27 11 25 1 18 1 64 2 28 1 48 1 37 1 41 1 310 1 362 1 300 1 326 1
210 29 6 135 1 191 1 31 1 159 1 116 1 463 1
//IdTournes NbColis
22 6
//IdColis IdCommandeInColis NbProducts IdProd1 QtyProd1 IdProd2 QtyProd2 ...
281 40 9 187 1 116 1 167 1 612 1 64 2 27 1 37 1 41 1 22 1
114 16 21 468 2 117 2 106 1 448 1 286 1 293 1 345 1 325 1 474 2 203 1 475 1 302 1 427 1 651 1 465 1 105 1 68 1 367 1 102 1 673 2 509 1
312 46 14 49 1 141 1 28 1 36 1 43 1 47 1 284 1 253 1 338 1 283 1 244 1 251 1 271 1 616 1
104 15 22 265 1 469 1 357 1 268 1 266 2 279 2 50 1 561 1 267 1 348 1 260 2 571 1 320 2 278 1 84 1 95 1 305 1 62 1 68 1 546 1 527 1 564 1
128 17 19 474 1 185 1 393 2 596 1 26 1 84 1 145 1 213 2 292 1 556 1 20 1 151 2 102 1 510 3 581 1 555 1 294 1 503 1 390 1
197 26 19 247 1 325 1 71 1 651 1 84 1 529 1 142 1 629 1 292 1 556 1 587 1 575 1 586 1 298 1 525 1 585 1 288 2 446 1 299 1
//IdTournes NbColis
23 6
//IdColis IdCommandeInColis NbProducts IdProd1 QtyProd1 IdProd2 QtyProd2 ...
137 18 16 416 1 517 2 327 1 257 1 336 1 459 3 464 4 355 2 280 1 523 1 507 1 488 3 551 2 513 1 499 1 118 1
299 42 18 283 1 405 1 237 1 281 1 422 1 397 1 164 2 243 1 426 1 421 1 231 1 425 1 118 1 423 1 424 1 288 1 418 1 392 1
113 16 27 488 2 551 1 544 1 266 1 268 1 238 1 289 1 335 1 361 2 591 1 34 1 50 1 619 1 382 1 364 1 572 2 267 1 672 1 119 1 447 1 211 2 168 1 386 1 320 1 358 2 460 1 65 1
284 40 14 347 1 271 2 283 2 285 1 623 1 519 1 413 2 415 4 183 1 606 2 363 1 372 2 437 1 335 1
214 29 3 140 12 63 10 357 1
24 4 22 291 1 388 1 588 1 19 1 225 1 180 1 51 1 453 1 257 1 265 1 481 1 459 2 165 1 450 2 246 2 268 1 282 1 279 2 591 1 45 1 50 1 258 1
//IdTournes NbColis
24 6
//IdColis IdCommandeInColis NbProducts IdProd1 QtyProd1 IdProd2 QtyProd2 ...
76 10 12 338 1 399 4 381 1 473 1 308 1 309 1 250 1 272 2 291 2 415 5 359 1 62 1
272 38 24 321 2 257 1 494 1 499 1 500 3 266 1 268 1 279 1 45 1 50 1 501 1 502 1 267 1 177 1 21 1 369 1 320 1 477 1 460 2 358 2 277 1 247 1 466 2 474 3
215 29 5 63 7 193 6 214 7 221 2 357 1
250 34 24 175 1 138 1 94 1 411 1 378 1 321 1 433 1 165 1 355 2 471 2 500 1 246 2 268 1 365 1 289 1 279 2 173 1 50 1 382 1 267 1 21 1 212 1 315 1 632 1
99 14 8 386 1 584 1 185 1 302 1 596 1 149 1 394 1 207 1
184 24 18 571 3 477 1 358 4 460 2 468 5 293 1 325 3 474 4 185 2 568 1 615 1 149 1 575 1 533 1 383 1 298 1 385 1 288 1
//IdTournes NbColis
25 6
//IdColis IdCommandeInColis NbProducts IdProd1 QtyProd1 IdProd2 QtyProd2 ...
67 9 7 152 1 70 1 25 1 121 1 217 1 328 1 385 1
300 43 7 128 1 46 1 25 1 121 1 123 1 64 1 502 1
44 7 4 156 3 128 1 178 1 301 1
260 36 5 42 1 129 2 46 1 178 1 614 1
87 12 13 28 1 36 1 43 1 599 1 486 1 480 1 316 2 456 2 414 1 350 1 461 1 356 1 253 1
207 28 4 32 1 49 2 42 1 141 2
//IdTournes NbColis
26 6
//IdColis IdCommandeInColis NbProducts IdProd1 QtyProd1 IdProd2 QtyProd2 ...
297 42 5 30 2 32 1 42 1 141 1 28 1
310 45 9 46 1 49 1 141 2 28 1 36 1 43 1 47 1 284 1 327 1
164 22 6 129 1 46 1 23 1 602 1 612 1 350 1
60 8 8 25 1 92 1 217 1 101 1 64 2 27 1 37 1 512 1
133 18 5 128 1 196 2 42 1 64 1 27 1
222 30 6 29 1 42 1 44 1 167 1 64 2 28 1
//IdTournes NbColis
27 6
//IdColis IdCommandeInColis NbProducts IdProd1 QtyProd1 IdProd2 QtyProd2 ...
247 34 5 135 1 194 1 44 2 64 1 27 1
267 37 12 44 1 64 1 27 1 48 1 41 1 611 1 255 2 456 1 253 1 284 1 256 1 407 1
275 39 5 46 1 128 2 161 1 64 1 27 1
306 44 11 25 1 64 1 37 1 41 1 48 1 316 1 454 1 455 2 456 2 356 2 382 1
255 35 13 48 1 172 2 328 1 356 1 253 1 284 1 318 2 532 1 251 1 271 2 283 2 359 2 312 1
29 5 11 158 1 101 1 28 1 37 1 40 2 43 1 48 1 626 1 334 1 442 1 340 1
//IdTournes NbColis
28 6
//IdColis IdCommandeInColis NbProducts IdProd1 QtyProd1 IdProd2 QtyProd2 ...
282 40 9 48 1 626 1 512 2 536 1 316 1 455 1 356 4 535 4 244 1
54 7 24 447 1 646 1 545 1 358 1 468 2 589 1 345 3 341 1 474 2 302 1 427 1 594 1 465 1 529 1 559 1 301 1 65 1 298 1 503 1 446 1 509 2 583 1 444 1 578 1
149 20 5 129 3 25 1 101 1 69 1 65 1
191 25 15 260 1 477 1 468 2 325 1 302 1 305 1 605 1 151 1 296 1 298 1 303 1 288 1 297 1 299 1 295 1
287 40 2 474 1 86 1
313 46 22 327 1 266 1 268 1 361 1 267 1 377 1 264 1 475 2 301 1 360 1 568 1 569 1 86 1 577 1 525 1 288 1 387 1 509 1 574 1 578 1 392 1 580 1
//IdTournes NbColis
29 6
//IdColis IdCommandeInColis NbProducts IdProd1 QtyProd1 IdProd2 QtyProd2 ...
15 3 16 363 1 483 2 372 2 406 1 407 1 433 1 516 2 517 1 543 1 431 2 336 3 342 1 459 1 464 2 355 3 66 1
65 8 14 460 1 286 1 293 1 277 1 426 2 474 1 302 2 596 1 71 1 226 1 66 1 216 2 527 2 674 1
264 36 24 469 1 538 2 484 2 246 2 268 1 279 2 45 2 50 1 96 2 267 1 373 1 374 1 304 1 315 1 468 4 617 1 277 1 247 1 66 1 556 1 546 1 555 1 575 1 577 1
106 16 5 152 1 202 1 124 1 31 1 130 1
112 16 21 283 1 654 1 606 1 234 1 363 1 483 3 560 1 321 1 457 1 516 1 543 1 184 1 671 2 431 1 452 1 453 1 366 1 355 1 459 1 464 1 165 1
125 17 14 483 1 495 2 472 2 560 1 321 1 416 3 516 3 517 1 543 2 184 1 481 2 342 2 346 3 525 1
//IdTournes NbColis
30 6
//IdColis IdCommandeInColis NbProducts IdProd1 QtyProd1 IdProd2 QtyProd2 ...
181 24 16 237 1 515 1 517 2 543 1 516 1 184 1 671 1 452 1 236 1 257 1 265 1 346 3 355 1 459 1 540 5 494 3
285 40 16 515 1 321 1 416 1 306 1 184 1 336 1 355 5 459 2 165 1 488 3 539 2 467 1 498 2 490 2 317 1 511 1
22 4 3 129 3 25 2 637 1
228 31 7 161 1 191 1 42 1 25 1 48 1 38 1 459 1
51 7 15 359 2 67 1 33 1 353 2 363 1 451 3 479 1 483 1 495 2 237 1 437 1 407 2 321 2 416 1 516 2
171 23 16 27 1 48 1 37 1 41 1 442 1 300 2 403 1 253 1 284 1 432 1 244 1 251 1 337 1 271 1 33 1 423 1
//IdTournes NbColis
31 6
//IdColis IdCommandeInColis NbProducts IdProd1 QtyProd1 IdProd2 QtyProd2 ...
1 1 5 30 2 32 1 42 1 28 1 36 1
38 6 8 128 1 196 1 192 1 28 1 36 1 39 2 43 1 251 1
208 28 10 73 2 28 1 36 1 43 1 47 1 130 1 253 1 284 1 290 1 260 1
233 32 6 32 1 42 1 44 1 72 1 28 1 37 1
238 33 5 32 1 72 2 42 1 28 1 48 1
20 4 5 29 1 44 2 49 1 640 1 230 1
//IdTournes NbColis
32 6
//IdColis IdCommandeInColis NbProducts IdProd1 QtyProd1 IdProd2 QtyProd2 ...
131 18 5 29 1 70 2 46 1 217 1 412 1
169 23 5 29 1 70 2 46 1 127 1 445 1
187 25 6 29 1 70 1 42 1 44 1 158 1 301 1
199 27 4 190 2 29 1 42 1 456 1
245 34 5 202 1 219 1 29 1 70 1 356 1
183 24 23 357 5 266 2 268 1 335 1 279 1 326 1 261 1 570 2 573 2 267 1 154 1 163 1 205 1 222 1 672 1 397 2 447 1 209 1 90 1 97 2 287 1 420 1 247 1
//IdTournes NbColis
33 6
//IdColis IdCommandeInColis NbProducts IdProd1 QtyProd1 IdProd2 QtyProd2 ...
75 10 11 69 1 627 1 350 1 253 1 402 1 458 1 284 1 409 3 351 1 492 6 451 1
37 6 5 32 1 49 2 73 1 158 1 533 1
124 17 14 399 3 532 2 251 1 337 1 271 2 273 2 283 2 522 1 33 1 210 1 94 1 649 1 353 2 483 1
136 18 14 251 1 271 3 283 3 413 3 415 3 548 1 33 1 307 1 234 1 363 1 249 1 406 1 547 1 412 1
159 21 13 399 1 250 1 272 2 291 2 415 4 359 1 33 1 176 1 634 1 411 3 407 2 516 1 517 2
202 27 15 356 1 253 1 284 1 400 1 235 1 251 1 339 1 347 1 271 2 283 2 413 2 415 5 33 1 444 1 527 1
//IdTournes NbColis
34 6
//IdColis IdCommandeInColis NbProducts IdProd1 QtyProd1 IdProd2 QtyProd2 ...
235 32 20 487 1 253 1 284 1 256 1 318 1 329 1 375 1 251 1 337 1 339 1 271 1 283 1 415 2 359 1 33 1 234 1 405 1 407 1 237 1 297 1
295 41 3 468 6 247 1 185 1
108 16 4 156 3 128 1 127 1 653 1
200 27 5 44 1 72 2 156 1 127 1 568 1
242 33 21 416 1 543 1 516 1 165 1 257 1 275 1 481 1 471 3 489 1 542 1 450 1 538 2 344 1 266 2 268 1 279 2 173 1 50 1 96 3 267 1 566 1
53 7 19 544 3 514 2 489 1 165 1 491 1 542 4 450 2 538 1 463 1 266 2 268 1 361 1 34 1 619 1 382 1 562 2 267 1 374 1 528 1
//IdTournes NbColis
35 6
//IdColis IdCommandeInColis NbProducts IdProd1 QtyProd1 IdProd2 QtyProd2 ...
253 35 4 190 1 70 2 44 1 166 1
88 12 15 284 1 400 1 251 1 271 2 273 1 283 2 188 2 479 1 560 2 516 1 517 1 336 4 342 2 327 1 267 1
226 31 4 202 1 136 1 129 2 612 1
256 35 16 176 1 188 1 195 1 353 3 543 1 516 1 517 1 306 1 165 1 342 1 346 4 355 2 459 4 464 1 488 1 277 1
58 8 5 161 1 42 1 44 2 127 1 444 1
240 33 10 174 1 470 1 253 1 284 1 402 1 324 5 458 3 399 1 272 2 283 2
//IdTournes NbColis
36 6
//IdColis IdCommandeInColis NbProducts IdProd1 QtyProd1 IdProd2 QtyProd2 ...
172 23 28 283 1 274 1 413 1 138 1 313 1 363 1 437 1 433 1 459 1 551 1 513 2 464 1 467 1 538 1 463 1 45 1 304 1 447 1 553 1 443 1 440 1 441 1 264 1 393 1 390 1 446 1 387 1 444 1
176 24 4 190 1 202 2 196 1 565 1
211 29 5 46 1 129 2 92 1 157 1 590 1
84 11 23 36 1 43 1 284 1 473 1 329 1 271 1 283 1 251 1 634 1 234 1 257 1 265 1 282 1 50 1 96 1 45 1 382 1 245 1 254 2 269 1 528 1 374 1 635 1
298 42 15 46 1 36 1 43 1 47 1 300 1 253 1 284 1 404 1 329 1 244 1 251 1 347 1 271 1 273 1 427 1
286 40 19 469 5 538 1 344 2 266 2 268 1 361 2 382 1 267 1 620 1 254 1 90 1 97 1 320 2 330 2 332 1 358 3 468 1 325 2 474 3
//IdTournes NbColis
37 6
//IdColis IdCommandeInColis NbProducts IdProd1 QtyProd1 IdProd2 QtyProd2 ...
223 30 15 37 1 41 1 48 1 442 1 403 1 455 3 356 1 253 1 284 1 338 1 318 1 251 1 271 1 283 1 266 1
248 34 5 46 1 191 2 161 1 41 1 48 1
63 8 20 215 1 94 1 51 1 225 1 667 1 649 1 353 1 451 1 483 2 495 2 472 1 407 1 516 1 543 2 252 1 280 1 281 1 355 2 471 1 238 1
32 5 14 234 1 483 1 495 2 560 4 363 1 406 2 336 1 459 1 488 2 551 3 513 1 544 4 539 1 207 1
140 18 12 102 1 103 1 207 1 208 1 577 1 423 1 525 1 424 1 652 1 418 1 583 1 392 1
269 37 9 639 1 241 1 438 1 358 1 440 1 427 2 393 1 162 1 367 1
//IdTournes NbColis
38 6
//IdColis IdCommandeInColis NbProducts IdProd1 QtyProd1 IdProd2 QtyProd2 ...
229 31 14 38 1 41 1 316 1 356 1 470 1 458 3 284 1 253 1 272 2 291 2 235 1 250 1 415 1 459 1
2 1 12 46 1 73 1 39 1 43 1 47 1 253 1 284 1 371 1 436 1 251 1 339 1 226 1
234 32 10 72 1 46 1 43 1 48 1 40 2 456 1 461 1 356 1 255 1 474 1
61 8 9 41 1 48 1 486 1 262 1 316 1 454 5 456 2 356 3 399 1
179 24 16 41 1 48 1 350 2 454 1 456 1 356 1 506 1 253 1 284 1 329 1 338 1 381 1 251 1 271 2 283 1 239 1
166 22 16 338 1 291 2 235 2 250 1 337 1 347 1 272 2 274 1 307 1 451 1 407 1 355 3 471 1 489 2 344 2 45 1
//IdTournes NbColis
39 6
//IdColis IdCommandeInColis NbProducts IdProd1 QtyProd1 IdProd2 QtyProd2 ...
257 35 17 514 2 489 3 557 1 542 3 490 1 344 1 357 3 485 2 266 2 268 1 335 1 361 2 45 1 267 1 377 1 545 1 320 2
303 43 22 544 1 355 2 165 1 469 1 344 1 266 2 268 1 279 2 45 2 50 1 641 1 267 1 508 1 504 1 468 1 477 1 243 1 345 3 510 1 503 2 505 1 509 1
251 34 17 386 1 504 1 320 1 460 1 358 2 474 2 322 1 160 1 242 1 394 1 510 1 391 1 503 2 390 1 505 1 387 1 565 1
77 10 13 307 1 628 1 631 1 411 5 451 2 483 3 495 1 472 2 515 1 321 1 416 2 543 3 566 1
195 26 17 409 1 354 1 250 1 337 1 272 2 285 1 283 2 307 1 313 1 314 1 666 1 220 1 223 1 363 1 451 2 483 3 266 1
271 38 19 403 1 356 1 253 1 256 1 492 1 250 1 271 1 272 1 273 1 283 2 415 1 359 1 179 1 180 1 51 1 234 1 363 2 495 1 279 1
//IdTournes NbColis
40 6
//IdColis IdCommandeInColis NbProducts IdProd1 QtyProd1 IdProd2 QtyProd2 ...
220 29 7 197 1 139 1 426 1 474 3 322 1 421 1 227 1
151 20 16 283 1 434 1 359 1 430 1 451 1 483 1 472 4 372 2 249 1 407 2 433 1 416 1 431 2 453 3 459 1 162 1
262 36 13 368 1 130 1 255 1 470 3 253 1 402 1 458 3 284 1 351 1 250 1 347 1 272 2 234 1
268 37 21 436 1 428 1 250 1 347 1 271 2 643 1 283 2 359 1 180 1 363 1 265 1 165 1 266 2 268 1 279 2 50 1 267 1 373 1 369 1 374 1 269 1
204 27 15 488 1 539 1 551 3 499 2 514 3 538 3 357 1 344 3 463 2 266 2 268 1 592 1 361 2 96 1 267 1
219 29 13 622 10 631 2 363 1 407 1 513 1 514 1 165 1 266 1 268 1 408 2 279 2 96 1 267 1
//IdTournes NbColis
41 6
//IdColis IdCommandeInColis NbProducts IdProd1 QtyProd1 IdProd2 QtyProd2 ...
33 5 19 165 1 280 1 422 1 467 1 498 4 490 1 538 3 412 2 357 1 463 2 266 2 268 1 485 1 352 1 361 2 619 1 630 1 364 1 323 1
40 6 19 431 1 346 1 459 2 464 3 488 1 489 2 165 1 467 1 498 1 317 2 469 3 357 2 266 1 268 1 335 1 361 1 267 1 620 1 520 1
7 2 19 221 1 223 1 307 1 229 1 430 1 353 1 472 1 416 1 516 3 517 1 543 2 355 2 513 1 489 1 165 1 257 1 280 1 490 1 542 2
70 9 20 180 1 579 1 451 1 483 3 495 1 472 2 407 1 543 1 431 1 453 1 257 1 275 1 276 1 471 2 489 1 165 1 450 2 484 1 246 1 168 1
78 10 14 543 1 516 1 481 1 355 4 540 1 544 3 500 2 489 3 165 1 542 4 538 2 484 1 246 1 349 1
126 17 15 346 1 459 3 540 3 464 4 488 2 551 2 513 1 499 1 514 1 165 1 538 2 266 2 268 1 396 1 279 1
//IdTournes NbColis
42 6
//IdColis IdCommandeInColis NbProducts IdProd1 QtyProd1 IdProd2 QtyProd2 ...
160 21 13 459 1 471 5 544 3 489 2 165 1 542 2 469 3 538 2 344 2 246 2 268 1 279 2 474 1
182 24 16 494 1 471 4 551 1 499 3 544 3 489 2 576 1 165 1 276 1 491 1 467 1 542 1 490 3 538 1 344 1 408 1
263 36 17 291 2 415 3 359 2 307 1 314 1 483 1 472 2 363 2 372 1 407 1 457 1 543 1 236 1 257 1 165 1 281 1 469 1
218 29 3 429 4 220 18 266 1
216 29 4 221 4 224 12 228 6 357 1
311 45 17 253 1 283 1 251 1 271 1 622 1 266 1 268 1 361 1 267 1 624 1 447 1 330 1 559 1 301 1 625 1 525 1 509 1
//IdTournes NbColis
43 6
//IdColis IdCommandeInColis NbProducts IdProd1 QtyProd1 IdProd2 QtyProd2 ...
277 39 19 290 1 235 1 251 1 271 1 273 2 283 1 285 1 413 3 415 2 225 1 234 1 406 1 236 1 265 1 276 1 280 1 513 1 498 1 294 1
203 27 15 307 1 353 2 234 1 363 2 321 2 516 2 431 1 452 1 327 1 265 1 336 3 464 3 355 1 488 3 325 1
111 16 13 324 1 458 2 537 1 284 1 409 4 492 1 541 2 381 1 251 1 271 2 273 1 283 1 365 1
138 18 15 514 2 539 2 357 2 344 2 463 3 266 3 268 2 365 1 319 3 238 1 361 3 370 1 248 1 417 1 550 1
293 41 17 398 1 353 1 479 2 495 2 560 2 372 1 249 1 476 1 406 1 321 1 433 1 452 1 327 1 275 1 336 2 342 2 459 3
217 29 4 228 2 229 12 429 8 357 1
//IdTournes NbColis
44 6
//IdColis IdCommandeInColis NbProducts IdProd1 QtyProd1 IdProd2 QtyProd2 ...
52 7 12 516 1 517 2 543 1 431 3 453 5 366 1 342 2 346 1 355 3 459 4 488 1 439 1
13 3 11 316 2 455 3 410 2 356 3 470 1 253 1 284 1 534 1 537 2 318 1 389 1
30 5 13 300 1 316 1 455 1 456 1 461 1 253 1 537 1 284 1 409 2 351 1 492 5 329 1 433 1
122 17 9 331 1 316 1 455 4 456 1 356 5 410 1 496 2 595 1 402 1
292 41 12 316 1 414 2 461 1 356 2 253 1 284 1 400 1 251 1 339 1 271 2 283 2 415 4
89 12 16 380 1 459 2 464 1 488 2 551 3 539 1 513 1 514 1 317 1 469 2 538 2 357 3 463 2 412 2 266 2 393 1
//IdTournes NbColis
45 6
//IdColis IdCommandeInColis NbProducts IdProd1 QtyProd1 IdProd2 QtyProd2 ...
49 7 8 284 1 409 4 492 5 541 4 338 1 290 1 318 2 435 1
135 18 14 356 1 262 1 470 2 496 1 497 2 253 1 284 2 371 1 375 1 379 1 400 1 318 2 549 1 593 1
283 40 9 497 1 324 5 253 1 534 2 537 2 318 4 338 1 251 1 337 1
34 5 24 267 1 348 1 508 1 553 1 584 1 320 1 477 1 330 3 358 2 468 1 333 1 345 2 341 1 325 3 474 5 302 1 427 1 651 1 633 1 503 2 303 1 554 1 418 1 632 1
302 43 17 442 1 470 2 456 1 253 1 284 1 351 1 250 1 272 2 283 2 415 2 321 1 416 1 236 1 257 1 507 1 544 1 546 1
123 17 8 402 4 324 6 253 1 284 1 458 3 487 1 537 1 358 1
//IdTournes NbColis
46 3
//IdColis IdCommandeInColis NbProducts IdProd1 QtyProd1 IdProd2 QtyProd2 ...
48 7 9 470 1 506 1 595 1 253 1 324 4 458 4 487 4 537 1 325 1
258 35 4 358 3 460 1 345 1 247 1
273 38 3 510 1 503 1 505 1
