//NbTournees
20
//IdTournes NbColis
1 6
//IdColis IdCommandeInColis NbProducts IdProd1 QtyProd1 IdProd2 QtyProd2 ...
11 1 27 219 1 258 2 189 1 248 1 325 2 369 2 310 1 374 2 376 1 407 1 368 1 257 1 127 1 177 1 163 1 125 1 57 1 135 2 147 1 209 1 72 1 75 1 286 1 1 1 400 1 370 2 181 1
35 2 9 389 1 283 3 221 3 259 2 279 2 281 6 282 2 2 1 102 1
10 1 11 340 3 344 1 307 3 273 1 354 1 187 2 324 4 343 6 289 4 219 1 3 1
71 3 25 310 4 373 1 374 1 376 1 429 1 257 1 123 1 169 1 3 1 7 1 57 1 122 2 135 2 159 1 166 2 75 1 176 1 209 1 216 3 172 1 317 1 286 1 79 2 140 1 328 1
3 1 5 138 1 115 2 66 2 4 1 106 1
4 1 8 95 1 65 1 405 1 4 1 19 1 22 2 26 1 107 2
//IdTournes NbColis
2 6
//IdColis IdCommandeInColis NbProducts IdProd1 QtyProd1 IdProd2 QtyProd2 ...
27 2 6 95 1 85 2 149 1 164 2 4 1 370 1
28 2 8 164 1 399 1 8 1 421 2 4 1 19 1 22 2 257 1
60 3 9 164 1 112 1 421 1 24 2 160 1 165 1 4 1 19 1 413 1
48 2 17 158 1 162 1 238 1 329 2 367 1 334 3 291 6 244 1 199 2 351 9 5 1 83 6 349 1 44 1 448 1 298 5 380 1
73 3 18 141 1 128 2 158 2 161 2 162 5 144 2 173 3 329 1 199 5 351 5 5 1 83 5 142 2 409 2 454 1 44 1 298 1 312 1
90 4 24 258 2 248 1 325 2 110 1 242 1 369 3 310 1 374 2 376 1 429 2 257 1 123 3 163 1 245 1 252 1 125 1 45 1 122 1 135 1 229 1 209 1 253 2 330 1 386 1
//IdTournes NbColis
3 6
//IdColis IdCommandeInColis NbProducts IdProd1 QtyProd1 IdProd2 QtyProd2 ...
22 2 5 133 2 139 1 138 1 65 1 6 1
57 3 5 35 1 43 2 103 1 65 1 6 1
58 3 4 101 3 118 1 65 1 6 1
79 4 5 35 1 101 1 118 2 46 1 289 1
87 4 13 167 1 192 3 203 2 226 1 308 2 350 2 361 4 114 1 262 1 202 1 218 1 214 5 6 1
92 4 26 9 1 64 4 63 1 99 2 121 2 151 2 128 1 158 3 144 2 173 1 291 4 432 1 444 1 454 1 130 2 153 3 6 1 32 1 109 1 97 1 106 1 49 1 18 1 68 4 117 1 146 1
//IdTournes NbColis
4 6
//IdColis IdCommandeInColis NbProducts IdProd1 QtyProd1 IdProd2 QtyProd2 ...
106 5 29 372 2 9 1 63 2 64 1 121 1 128 3 427 1 428 1 76 1 199 1 351 3 69 2 83 1 409 1 388 1 44 1 298 1 77 1 130 4 93 2 6 2 74 1 419 2 70 1 71 1 61 1 126 3 68 3 129 2
117 6 33 322 1 9 1 63 2 64 4 119 2 141 1 144 3 182 1 158 2 161 2 291 1 351 1 142 1 388 1 143 2 6 2 32 1 109 1 403 1 54 1 29 3 61 3 126 1 68 1 129 1 18 1 38 1 70 2 382 1 418 2 314 2 379 1 311 1
91 4 19 450 1 286 1 47 1 67 1 111 1 156 1 233 1 348 1 370 5 371 4 412 2 48 2 196 1 264 1 274 4 224 3 322 6 9 1 386 1
81 4 8 405 1 8 1 165 1 22 2 26 1 59 2 107 2 204 1
125 7 11 157 1 8 1 22 1 26 1 59 2 90 1 91 1 52 1 60 1 80 1 92 1
5 1 11 17 1 116 2 120 2 34 1 220 1 294 1 335 5 353 1 211 1 323 1 9 1
//IdTournes NbColis
5 6
//IdColis IdCommandeInColis NbProducts IdProd1 QtyProd1 IdProd2 QtyProd2 ...
12 1 25 370 1 371 1 406 1 378 1 410 1 152 1 394 1 196 1 9 1 99 2 64 2 119 3 121 1 128 1 144 1 173 2 182 1 158 3 162 2 291 1 199 3 351 2 83 3 69 3 193 1
65 3 12 188 3 283 2 389 1 316 1 221 2 279 2 424 1 281 1 222 1 260 5 318 1 9 1
70 3 12 346 4 354 8 187 1 343 3 219 2 258 2 194 1 325 2 37 1 41 1 369 2 9 1
72 3 15 378 2 190 2 274 2 319 2 322 11 372 1 9 1 25 2 64 6 98 1 99 3 119 3 121 1 141 1 403 1
132 7 22 289 2 295 1 174 1 227 1 369 2 373 1 376 3 429 1 123 1 125 1 57 2 122 2 172 1 286 1 154 1 309 1 371 2 190 1 9 1 98 3 63 4 99 1
7 1 12 206 1 221 2 279 2 231 1 260 7 321 3 10 1 14 1 28 1 36 1 42 1 370 1
//IdTournes NbColis
6 6
//IdColis IdCommandeInColis NbProducts IdProd1 QtyProd1 IdProd2 QtyProd2 ...
114 6 11 73 2 232 1 10 1 27 1 28 1 299 4 207 1 293 5 341 2 198 4 205 1
30 2 6 17 5 116 4 120 3 445 1 11 2 398 1
36 2 6 282 3 222 1 278 6 260 7 12 4 412 1
37 2 11 12 2 36 1 145 2 401 1 402 1 73 5 299 3 185 1 207 4 293 2 240 1
112 6 10 290 2 256 1 306 7 339 2 188 2 212 1 385 1 285 1 234 1 12 1
45 2 16 248 5 325 3 237 1 241 1 347 1 365 1 368 1 13 1 100 1 132 2 127 5 123 1 163 4 169 2 177 1 23 2
//IdTournes NbColis
7 6
//IdColis IdCommandeInColis NbProducts IdProd1 QtyProd1 IdProd2 QtyProd2 ...
89 4 11 307 1 384 1 50 1 273 1 354 6 187 4 324 2 343 3 301 5 219 2 248 1
85 4 12 342 1 279 2 281 2 282 2 222 2 260 7 321 1 14 1 28 1 36 1 113 1 351 1
61 3 10 22 2 26 1 107 2 397 1 60 1 204 2 15 2 16 1 17 1 289 1
29 2 11 26 1 107 1 396 1 60 1 305 1 230 1 180 1 297 2 261 1 17 3 206 1
62 3 8 17 4 120 4 408 1 445 1 184 1 267 2 272 2 206 1
82 4 5 17 6 120 2 208 3 184 4 188 1
//IdTournes NbColis
8 6
//IdColis IdCommandeInColis NbProducts IdProd1 QtyProd1 IdProd2 QtyProd2 ...
99 5 12 90 1 91 2 80 1 297 2 16 1 17 1 120 1 408 2 184 1 255 1 267 1 78 1
109 6 7 118 1 138 1 66 1 134 1 19 1 22 1 16 1
110 6 11 22 1 26 1 107 2 397 2 58 1 60 1 17 1 120 1 208 2 184 1 187 1
126 7 7 305 2 16 2 17 3 120 2 184 1 225 5 227 1
38 2 9 293 3 315 5 336 1 341 6 240 1 205 2 198 3 276 2 18 1
1 1 4 20 2 21 1 35 1 415 1
//IdTournes NbColis
9 6
//IdColis IdCommandeInColis NbProducts IdProd1 QtyProd1 IdProd2 QtyProd2 ...
17 2 4 21 1 20 2 101 1 438 1
18 2 4 20 2 124 1 101 1 452 1
56 3 4 20 2 21 1 35 1 435 1
80 4 8 138 1 66 1 51 1 108 1 112 1 430 1 19 1 337 1
96 5 4 53 1 21 1 20 1 82 1
16 2 3 21 3 96 1 377 1
//IdTournes NbColis
10 6
//IdColis IdCommandeInColis NbProducts IdProd1 QtyProd1 IdProd2 QtyProd2 ...
78 4 4 21 1 137 2 81 1 415 1
121 7 5 87 1 43 2 101 1 65 1 54 1
122 7 5 101 2 103 1 118 1 164 1 54 1
97 5 6 124 1 84 1 87 1 43 1 22 1 325 1
98 5 8 115 1 85 1 65 1 164 1 22 1 59 2 88 1 306 1
2 1 5 137 1 35 1 101 2 24 1 366 1
//IdTournes NbColis
11 6
//IdColis IdCommandeInColis NbProducts IdProd1 QtyProd1 IdProd2 QtyProd2 ...
105 5 22 376 1 429 2 257 1 123 1 23 2 125 1 425 1 72 2 75 2 89 1 94 1 122 1 172 1 209 1 286 1 67 2 263 1 370 1 371 2 224 6 319 4 70 1
116 6 23 258 2 325 2 242 1 368 1 347 1 369 1 373 1 429 2 257 1 23 1 57 1 135 1 172 1 176 1 254 2 286 1 159 1 233 1 370 1 371 3 224 5 322 3 415 1
66 3 13 321 5 27 1 36 1 105 4 170 1 178 1 393 1 395 1 185 1 195 1 293 4 326 1 370 1
124 7 6 115 1 66 1 134 1 155 1 136 2 55 1
49 2 32 143 3 153 4 392 1 439 1 443 2 31 1 33 1 106 1 29 3 38 1 61 5 146 1 126 3 68 1 179 1 70 2 71 3 129 3 313 1 314 5 382 1 442 1 311 1 375 1 414 1 451 3 453 1 312 2 440 2 447 1 449 1 455 1
123 7 5 133 2 139 1 138 1 164 1 29 1
//IdTournes NbColis
12 6
//IdColis IdCommandeInColis NbProducts IdProd1 QtyProd1 IdProd2 QtyProd2 ...
113 6 10 206 1 250 1 221 2 259 1 279 2 228 4 287 5 321 4 62 1 56 1
26 2 3 155 4 65 1 95 1
43 2 9 354 6 358 3 346 2 187 3 191 1 324 6 343 3 301 2 57 1
46 2 18 125 1 183 2 425 2 122 6 154 1 172 2 247 1 216 1 268 1 286 1 72 3 75 3 309 3 40 1 79 1 370 1 412 1 274 4
102 5 17 299 1 186 1 293 1 341 1 198 1 205 1 270 1 192 1 361 2 201 1 214 6 235 2 202 1 269 2 266 1 296 1 79 1
130 7 9 296 1 300 8 307 6 340 2 344 2 356 1 346 1 354 4 79 1
//IdTournes NbColis
13 6
//IdColis IdCommandeInColis NbProducts IdProd1 QtyProd1 IdProd2 QtyProd2 ...
69 3 10 340 2 356 5 357 3 359 2 360 1 307 5 344 2 273 1 346 4 30 1
23 2 3 138 4 65 1 32 1
8 1 11 171 1 175 1 299 1 186 2 207 5 293 4 341 2 205 1 198 3 192 3 61 1
13 1 16 130 1 143 4 153 1 61 1 68 1 129 1 179 1 70 2 386 4 418 3 314 1 311 3 417 2 312 2 411 1 416 1
133 7 20 99 1 158 2 162 2 144 3 173 1 291 3 351 3 83 4 69 2 298 3 168 6 153 3 61 1 117 2 70 1 71 2 129 1 68 1 311 3 312 3
9 1 10 226 1 308 7 350 2 361 5 114 1 202 1 218 1 296 1 300 5 148 1
//IdTournes NbColis
14 6
//IdColis IdCommandeInColis NbProducts IdProd1 QtyProd1 IdProd2 QtyProd2 ...
40 2 12 131 1 114 6 390 1 391 1 420 1 422 1 210 6 262 4 235 1 236 1 202 1 218 1
25 2 3 115 3 134 2 136 1
24 2 6 138 1 81 1 35 1 87 1 65 1 403 1
120 7 4 137 2 81 1 86 1 184 1
88 4 10 275 1 266 2 300 6 304 4 296 2 269 2 362 2 344 3 307 3 83 1
47 2 14 274 2 319 4 322 12 372 1 63 3 99 1 64 3 119 2 121 2 141 4 144 1 128 1 158 2 413 1
//IdTournes NbColis
15 6
//IdColis IdCommandeInColis NbProducts IdProd1 QtyProd1 IdProd2 QtyProd2 ...
59 3 5 138 1 86 1 87 1 85 2 180 1
19 2 3 137 3 103 1 387 1
20 2 4 137 1 150 2 103 1 366 1
31 2 5 39 2 184 6 267 4 272 4 217 1
39 2 8 270 1 327 1 104 1 192 4 308 4 350 4 361 8 235 1
21 2 3 133 4 65 1 404 1
//IdTournes NbColis
16 6
//IdColis IdCommandeInColis NbProducts IdProd1 QtyProd1 IdProd2 QtyProd2 ...
86 4 12 145 1 73 1 185 2 207 3 293 4 333 1 336 1 341 4 326 3 205 1 198 2 434 1
74 3 15 298 1 443 1 456 1 68 1 126 3 129 1 179 1 313 3 386 4 418 3 311 4 431 1 375 1 441 2 449 2
67 3 11 326 1 336 1 341 2 205 1 198 3 327 1 192 4 361 7 420 2 210 1 289 1
111 6 12 255 1 288 1 267 1 303 1 335 1 284 1 211 1 277 2 292 3 280 2 290 3 92 1
93 4 13 71 3 129 3 179 1 386 1 418 1 314 1 457 1 338 1 437 1 433 1 414 1 436 1 416 3
101 5 13 246 1 212 1 234 1 206 1 221 2 279 2 228 1 222 1 260 3 321 5 73 1 423 1 299 1
//IdTournes NbColis
17 6
//IdColis IdCommandeInColis NbProducts IdProd1 QtyProd1 IdProd2 QtyProd2 ...
33 2 8 335 3 284 1 213 1 302 2 277 5 292 2 323 3 143 1
115 6 17 203 1 226 2 350 2 308 2 361 2 214 1 202 1 266 1 300 1 344 2 384 1 307 2 324 1 343 3 289 1 219 2 181 1
104 5 14 346 5 187 2 324 2 343 5 295 1 301 1 219 2 258 2 194 1 325 1 368 1 369 1 310 3 373 1
131 7 6 354 1 187 1 324 9 343 8 289 8 312 1
34 2 13 280 2 256 1 188 1 239 1 246 1 212 1 215 1 271 3 331 1 345 2 352 2 389 2 200 1
64 3 11 284 1 213 1 323 1 280 2 290 6 256 1 306 1 212 1 215 1 223 1 188 2
//IdTournes NbColis
18 6
//IdColis IdCommandeInColis NbProducts IdProd1 QtyProd1 IdProd2 QtyProd2 ...
100 5 9 294 5 355 1 211 1 292 1 323 1 280 2 306 2 188 4 228 1
127 7 12 335 3 353 2 284 1 213 1 280 1 292 2 323 2 188 1 283 2 285 1 206 1 221 1
44 2 9 301 5 289 11 295 2 219 3 258 2 189 1 243 1 248 1 310 1
129 7 9 341 3 198 4 192 2 203 1 308 6 361 3 197 1 304 1 296 3
6 1 10 323 1 280 2 290 6 217 1 256 1 306 4 339 1 212 1 200 1 311 1
84 4 12 277 1 280 2 212 1 331 1 283 4 389 3 200 1 206 1 249 2 221 2 259 1 332 1
//IdTournes NbColis
19 6
//IdColis IdCommandeInColis NbProducts IdProd1 QtyProd1 IdProd2 QtyProd2 ...
68 3 9 210 1 202 1 214 2 266 2 296 7 300 9 304 1 320 1 307 1
41 2 8 218 2 214 3 266 2 300 7 304 5 296 5 269 1 244 1
42 2 10 269 2 340 4 357 1 359 2 362 1 344 4 363 1 364 1 307 9 244 1
83 4 8 251 1 225 4 294 3 255 2 220 2 335 2 284 2 211 1
103 5 13 296 1 304 2 340 4 356 2 359 1 360 3 362 3 344 1 364 1 426 1 307 2 354 4 265 1
128 7 9 221 1 279 2 281 1 282 1 260 8 321 2 293 5 341 1 227 1
//IdTournes NbColis
20 5
//IdColis IdCommandeInColis NbProducts IdProd1 QtyProd1 IdProd2 QtyProd2 ...
32 2 5 272 2 225 12 303 1 255 1 335 1
63 3 8 272 1 225 3 303 2 220 2 294 2 335 3 355 2 446 2
118 6 7 381 1 311 3 375 2 383 1 377 1 387 1 380 1
107 5 2 418 3 311 2
134 7 1 415 1
