//NbTournees
11
//IdTournes NbColis
1 6
//IdColis IdCommandeInColis NbProducts IdProd1 QtyProd1 IdProd2 QtyProd2 ...
2 1 9 173 1 106 1 95 1 88 1 89 1 90 1 93 1 94 1 225 1
12 2 8 160 1 229 1 112 1 138 2 159 1 89 2 5 1 76 1
37 4 9 106 1 161 1 197 1 138 1 94 1 95 1 89 1 93 1 34 1
52 6 6 194 1 106 2 193 1 88 2 89 1 324 1
53 6 9 89 1 90 1 93 1 94 1 95 1 174 1 121 2 99 1 61 1
61 7 8 95 1 88 2 89 2 90 1 93 1 174 1 121 1 301 1
//IdTournes NbColis
2 6
//IdColis IdCommandeInColis NbProducts IdProd1 QtyProd1 IdProd2 QtyProd2 ...
13 2 8 94 1 95 2 185 1 93 1 171 2 174 1 121 1 2 1
26 3 9 138 1 116 2 122 1 93 1 171 1 174 1 115 1 121 1 2 1
47 5 11 138 1 122 1 171 1 174 1 180 1 121 1 93 1 261 1 250 1 268 1 36 1
68 8 11 138 1 171 1 93 1 174 1 187 1 189 1 336 2 345 1 268 1 258 1 175 1
60 7 7 106 1 173 1 203 1 99 2 112 1 94 1 336 1
11 2 6 127 1 97 1 162 1 158 1 106 1 207 1
//IdTournes NbColis
3 6
//IdColis IdCommandeInColis NbProducts IdProd1 QtyProd1 IdProd2 QtyProd2 ...
8 1 26 18 1 85 2 314 1 156 1 177 1 183 1 19 1 198 2 219 1 220 2 14 1 25 2 33 1 254 1 282 2 309 1 283 1 256 1 288 1 274 2 315 2 310 1 278 2 9 1 96 2 140 1
19 2 24 92 1 109 1 125 1 128 1 129 2 118 1 111 1 113 2 91 2 153 1 181 1 192 1 234 1 12 2 13 2 52 2 311 2 318 1 4 2 8 1 76 1 164 1 209 1 296 1
43 4 29 177 2 19 1 198 1 219 1 220 2 25 1 33 1 14 2 254 1 282 2 309 1 316 1 329 1 281 1 86 1 312 1 20 1 288 1 315 2 310 1 236 1 274 2 278 2 1 1 32 1 51 1 140 1 96 1 84 1
44 4 15 96 1 221 2 199 1 141 1 206 1 26 1 271 1 142 1 178 1 103 1 222 1 131 1 179 1 182 1 101 1
64 7 31 111 1 113 2 153 1 157 1 195 1 181 1 102 1 104 1 155 1 205 1 18 1 339 1 156 1 177 1 239 2 19 1 35 1 107 1 72 1 299 1 300 2 14 1 309 1 260 1 326 1 283 1 63 1 69 1 66 2 256 1 178 1
1 1 5 97 1 127 2 162 1 224 1 289 1
//IdTournes NbColis
4 6
//IdColis IdCommandeInColis NbProducts IdProd1 QtyProd1 IdProd2 QtyProd2 ...
6 1 18 277 1 290 1 291 3 285 1 286 2 10 1 31 1 34 1 58 3 297 2 81 1 292 1 98 1 135 1 124 1 200 1 202 2 178 1
18 2 21 297 2 126 2 210 1 230 2 231 2 79 1 17 1 81 1 292 1 257 2 135 2 124 2 98 1 154 1 184 1 208 1 200 1 202 2 132 2 92 1 37 1
24 3 5 127 2 97 1 162 1 119 1 2 1
31 3 27 79 1 81 1 292 1 151 1 257 2 123 1 124 1 130 1 139 1 98 1 154 1 200 1 214 1 202 2 208 1 125 1 128 1 129 2 111 1 113 1 137 1 91 2 132 1 92 1 109 1 163 1 306 1
36 4 6 127 1 97 1 162 1 173 1 169 1 25 1
41 4 20 285 1 286 2 289 1 290 1 291 3 338 1 31 1 87 1 246 1 58 1 295 2 340 2 292 1 130 1 124 1 98 1 200 1 202 1 123 1 218 1
//IdTournes NbColis
5 6
//IdColis IdCommandeInColis NbProducts IdProd1 QtyProd1 IdProd2 QtyProd2 ...
56 6 24 242 1 246 1 16 1 251 1 327 2 65 1 79 1 80 1 249 2 323 1 273 1 257 3 154 1 228 1 91 2 92 1 157 1 195 1 181 1 109 1 111 1 113 2 76 1 236 1
63 7 22 252 1 333 1 62 1 325 1 338 1 71 1 45 1 38 2 47 2 48 2 269 1 303 1 273 1 100 1 108 1 110 1 154 1 105 1 91 2 92 1 109 1 204 1
70 8 32 269 1 266 1 273 1 17 1 154 1 91 1 92 1 109 1 111 1 113 1 181 1 192 1 104 1 188 1 177 1 183 1 40 2 148 1 35 1 19 1 25 1 260 2 263 1 265 1 254 1 342 1 14 1 46 1 66 1 259 1 264 1 145 1
7 1 26 123 1 201 1 223 1 91 2 132 1 92 1 109 1 125 1 128 1 129 2 111 1 113 1 181 1 4 2 8 1 12 3 13 1 52 1 311 2 318 1 164 1 155 1 167 1 102 1 11 1 1 1
20 2 25 134 1 155 1 211 1 307 1 18 1 85 2 314 1 11 1 133 1 156 1 177 2 19 1 241 1 212 1 225 2 14 2 25 2 254 2 309 2 332 2 329 2 281 2 256 1 1 1 20 1
42 4 26 201 1 91 1 132 1 92 1 109 1 125 1 128 1 129 1 111 1 113 1 181 1 52 1 311 2 318 1 4 2 8 1 12 3 13 1 164 1 209 1 155 2 18 1 85 2 294 1 314 1 183 1
//IdTournes NbColis
6 6
//IdColis IdCommandeInColis NbProducts IdProd1 QtyProd1 IdProd2 QtyProd2 ...
57 6 30 76 1 276 1 155 2 102 1 104 1 156 1 177 1 183 1 40 1 19 1 239 1 241 1 35 1 226 1 25 1 254 1 14 2 46 1 260 1 326 1 328 1 42 3 63 1 66 1 245 1 256 2 78 1 247 2 275 1 54 1
32 3 24 165 1 166 1 181 1 12 3 13 2 52 2 311 2 318 1 4 2 8 1 76 2 164 1 167 1 102 1 307 1 18 1 85 2 314 1 11 1 156 2 177 1 19 1 241 1 54 1
48 5 18 36 1 49 1 237 1 277 1 3 1 27 1 170 1 45 1 280 1 38 2 47 2 48 1 50 4 242 1 266 1 143 1 118 1 92 1
25 3 7 169 1 216 1 173 1 106 1 117 1 112 1 215 1
38 4 12 112 1 171 1 174 1 116 1 121 1 24 1 56 1 57 1 308 1 313 1 5 1 2 1
50 5 19 1 1 274 1 247 2 275 1 51 1 262 1 279 1 267 2 144 1 172 1 26 2 271 1 176 1 178 1 103 1 101 1 179 1 182 2 145 1
//IdTournes NbColis
7 6
//IdColis IdCommandeInColis NbProducts IdProd1 QtyProd1 IdProd2 QtyProd2 ...
46 5 8 106 1 117 1 173 1 115 1 116 1 119 1 112 1 15 1
3 1 10 112 1 174 1 99 2 121 2 5 1 56 1 24 1 57 1 308 1 14 1
21 2 24 20 2 288 1 310 1 236 1 274 2 315 2 278 2 270 1 255 3 9 1 262 2 296 1 186 1 267 1 149 1 168 1 176 1 178 1 103 2 131 1 179 1 196 1 101 1 67 2
34 3 14 330 1 213 1 149 1 26 1 152 1 136 1 168 1 178 1 103 1 235 1 179 1 182 1 101 1 67 1
49 5 31 109 1 111 1 113 1 91 1 181 1 44 1 276 1 37 1 104 1 177 1 183 2 35 1 39 1 40 2 19 1 25 1 46 2 265 1 254 1 282 1 42 1 245 1 281 2 256 1 78 1 73 2 41 1 43 1 236 1 278 1 175 1
69 8 17 272 1 15 1 2 1 344 1 36 1 237 1 252 1 3 1 341 2 45 1 53 1 38 2 146 2 47 2 48 1 242 1 168 1
//IdTournes NbColis
8 6
//IdColis IdCommandeInColis NbProducts IdProd1 QtyProd1 IdProd2 QtyProd2 ...
71 8 28 245 1 256 1 78 1 73 1 41 1 43 2 274 1 278 2 1 1 343 1 247 2 275 1 51 1 77 1 262 1 270 1 279 1 267 1 147 1 248 1 271 1 176 1 178 1 103 1 191 1 101 1 179 1 182 2
33 3 22 14 2 25 2 33 2 254 2 282 2 309 2 260 1 283 2 329 2 22 1 281 1 256 1 1 1 288 1 236 1 274 2 315 2 310 1 278 2 9 1 217 2 267 1
9 1 6 199 1 221 2 103 1 179 1 182 1 101 1
58 6 11 77 1 255 1 9 1 26 1 248 1 178 1 227 2 103 1 179 1 196 2 101 2
65 7 20 245 1 304 1 337 1 73 1 114 1 41 1 315 1 247 2 275 1 9 1 334 1 206 1 26 1 248 1 271 1 103 1 191 1 101 2 179 1 182 2
67 8 9 120 1 190 1 115 1 116 1 121 1 119 1 122 1 112 1 261 1
//IdTournes NbColis
9 6
//IdColis IdCommandeInColis NbProducts IdProd1 QtyProd1 IdProd2 QtyProd2 ...
30 3 18 289 1 290 1 291 3 31 1 53 1 150 1 16 1 34 2 305 1 21 1 58 3 297 1 295 1 327 2 126 2 210 1 230 1 231 1
14 2 10 121 1 99 1 116 1 232 1 233 1 24 2 56 2 57 1 308 1 2 1
54 6 12 99 1 112 1 64 2 322 1 75 2 320 1 250 1 238 1 15 1 301 1 49 1 244 1
27 3 12 121 1 5 1 23 1 24 2 56 2 57 1 308 2 313 1 7 1 15 1 28 1 67 1
62 7 13 121 1 268 1 335 2 302 1 238 1 61 1 15 1 49 1 237 1 70 1 298 1 252 3 68 1
55 6 16 36 1 237 1 252 2 6 1 74 2 62 1 253 1 321 1 325 1 45 1 240 1 243 1 60 1 38 2 47 2 48 2
//IdTournes NbColis
10 6
//IdColis IdCommandeInColis NbProducts IdProd1 QtyProd1 IdProd2 QtyProd2 ...
4 1 12 313 1 2 2 7 1 15 1 28 2 55 1 29 1 30 1 82 1 284 2 302 2 27 1
28 3 10 28 1 55 1 29 2 30 1 82 1 284 2 293 2 258 2 302 2 6 2
39 4 11 2 1 28 2 29 2 30 1 15 1 82 1 55 1 284 2 293 1 302 2 258 2
17 2 16 277 1 27 1 285 2 286 2 289 1 290 1 291 3 53 1 150 1 280 1 16 1 34 2 48 1 58 3 266 1 26 1
29 3 9 83 1 70 1 287 2 252 4 3 3 277 2 27 1 285 2 286 2
40 4 11 7 1 83 1 70 1 287 1 252 4 6 2 277 2 3 3 27 1 341 1 81 1
//IdTournes NbColis
11 3
//IdColis IdCommandeInColis NbProducts IdProd1 QtyProd1 IdProd2 QtyProd2 ...
5 1 10 317 1 258 2 319 1 6 2 59 1 83 1 70 1 252 4 3 3 277 1
16 2 9 317 2 319 1 6 2 59 2 70 1 83 1 252 4 3 3 277 1
15 2 12 308 1 313 1 7 1 15 1 28 2 55 1 30 1 82 1 302 2 258 2 331 2 31 1
