//NbTournees
5
//IdTournes NbColis
1 6
//IdColis IdCommandeInColis NbProducts IdProd1 QtyProd1 IdProd2 QtyProd2 ...
7 1 18 216 1 24 1 74 1 120 3 1 2 5 1 10 2 20 2 106 3 107 1 16 1 35 3 47 5 82 2 105 2 104 5 156 1 161 2
3 1 8 91 4 117 5 137 3 87 5 2 2 30 1 45 4 163 1
12 2 16 25 1 39 1 22 3 89 2 86 1 4 2 55 1 211 1 59 1 93 1 2 1 78 1 179 1 118 1 205 1 208 1
18 3 16 57 1 95 4 2 1 17 3 88 2 175 1 179 3 180 1 171 1 31 1 130 1 85 1 114 1 152 1 34 1 239 1
4 1 14 99 2 101 3 111 1 213 1 3 4 150 2 154 2 174 3 155 1 205 1 6 1 92 1 46 1 225 1
1 1 8 232 1 186 2 243 2 190 1 247 1 194 1 25 2 4 1
//IdTournes NbColis
2 6
//IdColis IdCommandeInColis NbProducts IdProd1 QtyProd1 IdProd2 QtyProd2 ...
16 3 9 232 1 186 2 243 2 190 1 194 1 182 1 248 1 4 2 100 1
5 1 16 205 1 209 2 6 1 103 3 8 2 44 3 221 1 61 3 15 1 84 1 124 1 173 2 178 1 34 2 46 1 158 1
6 1 20 50 2 67 1 90 2 113 2 142 2 119 2 172 2 42 3 53 1 128 1 73 1 153 2 224 2 7 1 52 1 216 1 24 1 156 1 161 1 225 1
8 1 21 104 1 9 2 40 3 49 2 58 1 63 1 80 3 11 1 29 1 43 4 76 2 236 1 245 3 19 4 131 1 135 3 138 1 139 1 167 1 159 1 225 1
19 3 15 152 2 60 3 119 3 177 1 121 1 100 2 120 1 107 1 35 2 47 1 104 3 105 4 9 4 40 1 161 2
25 4 16 136 2 42 4 128 1 144 2 147 1 100 2 216 1 64 3 74 2 83 1 120 3 10 2 18 1 35 3 47 1 161 2
//IdTournes NbColis
3 6
//IdColis IdCommandeInColis NbProducts IdProd1 QtyProd1 IdProd2 QtyProd2 ...
20 3 28 69 2 112 1 116 2 181 1 11 4 36 3 43 3 183 2 245 1 33 1 71 1 77 2 102 1 122 2 237 2 109 1 187 1 158 1 156 2 159 1 162 2 166 3 242 1 189 2 184 1 241 1 235 1 161 2
2 1 14 66 1 97 1 125 1 32 1 48 2 28 1 56 4 108 1 13 1 96 1 12 2 23 3 91 1 81 1
17 3 12 28 1 62 2 56 2 176 2 13 1 96 1 12 1 91 3 115 1 117 3 87 3 57 3
22 4 11 232 1 14 1 248 1 228 1 25 2 22 3 89 2 86 1 140 1 61 1 161 2
26 4 33 104 1 105 5 29 1 217 1 19 1 70 2 71 1 131 3 149 1 206 2 212 2 21 1 109 1 145 1 207 2 158 1 156 2 159 1 162 2 242 1 189 2 241 1 199 2 201 2 196 3 240 1 191 1 161 1 197 1 165 1 218 1 225 2 195 3
9 1 28 149 2 206 2 219 1 237 3 21 1 109 5 41 1 38 2 110 1 214 2 210 2 223 2 162 2 166 2 242 1 189 2 227 4 241 1 231 2 164 1 160 2 169 2 215 2 168 1 157 2 234 4 192 1 170 1
//IdTournes NbColis
4 6
//IdColis IdCommandeInColis NbProducts IdProd1 QtyProd1 IdProd2 QtyProd2 ...
11 2 10 193 1 186 2 190 1 194 1 220 1 243 2 68 1 188 1 25 1 214 1
23 4 14 140 2 244 1 26 1 95 2 27 2 72 3 179 2 65 1 150 3 114 2 132 1 134 1 34 1 198 1
13 2 17 54 1 203 4 114 1 133 2 143 2 34 1 113 2 142 2 42 2 79 1 128 1 51 1 52 1 229 1 35 2 37 2 161 2
14 2 39 47 1 82 2 105 1 58 1 49 2 80 1 129 2 36 1 43 3 75 1 70 2 94 1 98 1 122 1 126 1 204 1 145 2 226 1 158 1 156 2 159 1 189 2 162 2 242 1 227 1 241 1 238 1 215 3 202 1 200 2 168 1 196 1 222 2 192 1 233 1 185 2 191 2 161 3 165 1
24 4 11 134 2 141 2 146 4 148 2 151 2 173 2 60 1 113 2 123 2 127 3 49 1
15 2 1 81 1
//IdTournes NbColis
5 2
//IdColis IdCommandeInColis NbProducts IdProd1 QtyProd1 IdProd2 QtyProd2 ...
10 1 6 192 1 170 1 161 2 225 2 230 1 246 2
21 3 3 239 1 161 1 165 2
