//NbTournees
1
//IdTournes NbColis
1 5
//IdColis IdCommandeInColis NbProducts IdProd1 QtyProd1 IdProd2 QtyProd2 ...
1 1 22 75 1 66 1 57 1 73 1 74 1 5 1 76 1 1 1 8 1 10 1 11 1 12 1 20 1 23 1 27 1 29 1 30 1 32 1 43 1 38 1 79 1 42 1
2 1 30 34 1 55 1 33 1 37 1 61 1 2 2 21 1 59 1 24 1 71 1 3 1 62 1 63 1 65 1 69 2 7 1 9 1 13 1 18 1 26 1 72 1 54 2 77 1 41 1 78 1 68 1 44 2 51 1 45 1 46 1
4 2 19 75 1 67 1 57 1 53 2 73 1 8 1 12 2 23 1 27 1 29 1 32 1 58 1 14 1 15 1 33 1 61 1 2 1 52 1 42 1
5 2 31 21 1 22 1 60 1 28 1 19 1 24 1 71 1 3 1 40 1 50 1 62 1 65 1 69 1 6 1 13 1 16 1 17 1 25 1 31 1 35 1 36 1 77 1 64 1 4 2 78 1 70 1 51 1 47 1 79 3 48 1 46 1
3 1 5 56 2 47 1 39 1 79 1 49 4
