//NbTournees
17
//IdTournes NbColis
1 6
//IdColis IdCommandeInColis NbProducts IdProd1 QtyProd1 IdProd2 QtyProd2 ...
49 5 17 61 2 64 2 358 2 170 2 336 2 231 2 24 2 1 2 380 2 29 2 230 2 12 2 140 1 72 2 43 2 232 2 169 2
55 6 16 334 2 363 2 179 2 186 2 108 2 50 2 103 2 113 2 356 2 358 2 353 2 76 2 33 2 265 4 361 2 29 3
61 7 17 128 1 130 2 90 2 91 2 104 2 41 2 13 2 189 2 179 2 369 2 50 2 61 2 193 2 24 2 1 2 29 4 12 1
44 5 4 376 2 110 2 171 1 27 1
45 5 7 171 1 39 2 172 2 144 2 66 2 229 1 224 1
64 8 4 171 2 194 2 320 2 92 1
//IdTournes NbColis
2 6
//IdColis IdCommandeInColis NbProducts IdProd1 QtyProd1 IdProd2 QtyProd2 ...
1 1 4 332 2 296 2 327 1 273 1
5 1 9 27 4 52 2 44 2 8 2 204 2 75 2 9 2 19 2 2 2
75 9 7 27 3 80 4 343 2 277 2 345 4 204 1 347 1
76 9 15 204 1 18 2 57 2 347 1 174 2 128 2 148 2 130 4 195 2 197 2 90 2 91 2 104 2 205 2 173 2
48 5 17 174 1 325 2 130 2 90 2 91 2 112 2 104 2 105 2 173 2 175 2 146 2 128 2 13 2 151 2 290 2 379 2 140 1
85 10 15 196 2 90 2 91 4 104 2 173 2 146 2 149 2 131 2 337 2 338 2 212 2 13 2 210 2 215 2 61 2
//IdTournes NbColis
3 6
//IdColis IdCommandeInColis NbProducts IdProd1 QtyProd1 IdProd2 QtyProd2 ...
6 1 11 282 2 284 4 211 3 275 2 297 2 299 2 14 6 295 2 302 2 329 2 174 1
2 1 6 327 1 326 2 39 2 294 2 92 1 280 1
3 1 8 92 1 59 2 10 2 11 2 227 2 83 2 84 2 280 1
12 2 4 110 2 145 2 30 2 92 1
13 2 5 138 2 92 5 144 2 10 2 32 1
24 3 6 109 1 92 4 144 1 38 4 83 2 101 1
//IdTournes NbColis
4 6
//IdColis IdCommandeInColis NbProducts IdProd1 QtyProd1 IdProd2 QtyProd2 ...
34 4 5 97 1 92 6 125 2 132 1 75 1
52 6 7 335 1 92 4 259 1 255 2 266 2 355 2 362 1
65 8 6 30 2 92 3 322 2 213 2 227 2 222 1
73 9 7 138 2 30 2 316 2 92 2 172 1 268 1 232 1
81 10 5 335 2 92 4 313 2 144 2 52 1
89 11 3 304 2 305 4 239 1
//IdTournes NbColis
5 6
//IdColis IdCommandeInColis NbProducts IdProd1 QtyProd1 IdProd2 QtyProd2 ...
92 11 5 185 1 316 2 351 2 92 4 132 1
107 13 5 145 2 30 2 294 2 92 2 8 1
108 13 6 92 2 132 2 227 2 84 2 27 5 13 1
17 2 11 18 1 2 2 23 2 163 2 117 2 111 4 141 2 90 4 91 4 112 4 104 2
95 11 16 235 2 291 2 236 2 40 2 241 1 340 2 117 2 350 2 349 2 90 2 91 2 104 2 315 2 116 2 128 2 330 1
110 13 13 270 3 8 1 2 2 23 2 235 4 271 2 117 2 350 2 368 2 99 2 367 2 90 2 238 1
//IdTournes NbColis
6 6
//IdColis IdCommandeInColis NbProducts IdProd1 QtyProd1 IdProd2 QtyProd2 ...
23 3 4 100 4 39 2 109 1 144 1
54 6 14 357 1 256 1 81 2 360 2 262 2 253 2 261 4 178 2 354 2 176 2 181 2 142 2 150 2 264 1
33 4 5 94 2 93 2 30 2 97 1 49 1
80 10 5 194 2 209 2 138 2 30 2 219 1
91 11 5 294 2 97 2 138 4 185 1 27 1
101 12 5 312 1 311 2 39 2 294 2 313 2
//IdTournes NbColis
7 6
//IdColis IdCommandeInColis NbProducts IdProd1 QtyProd1 IdProd2 QtyProd2 ...
111 13 14 91 4 104 2 309 2 310 2 128 2 147 4 130 4 13 1 306 2 118 2 366 2 4 2 61 2 307 1
38 4 12 23 1 57 4 40 2 98 2 99 2 90 4 91 4 104 2 119 2 105 2 124 2 128 3
84 10 12 52 1 216 2 163 4 291 4 211 2 340 2 207 2 199 2 111 2 128 2 130 4 208 1
60 7 8 84 1 62 4 80 2 27 4 75 4 234 2 128 1 187 1
62 7 11 12 3 187 1 372 2 72 2 371 2 191 2 370 2 190 2 192 4 342 2 167 2
105 12 14 77 1 24 2 16 2 248 2 283 2 1 2 29 2 12 2 187 2 72 2 330 2 384 2 382 2 370 2
//IdTournes NbColis
8 6
//IdColis IdCommandeInColis NbProducts IdProd1 QtyProd1 IdProd2 QtyProd2 ...
56 6 14 29 1 51 2 251 2 12 4 264 1 254 2 263 2 352 2 129 4 177 2 101 2 183 2 184 2 365 2
58 7 4 188 2 94 2 145 1 277 1
8 1 14 334 2 13 2 41 2 118 2 300 2 328 4 274 2 160 2 333 2 4 2 61 2 301 2 47 6 20 2
19 2 14 164 1 13 2 118 2 139 2 26 2 69 2 114 2 103 2 61 2 64 2 113 4 4 4 20 2 21 4
103 12 11 62 1 80 2 374 2 377 2 166 2 345 2 250 1 381 2 2 2 234 2 118 1
104 12 17 235 2 249 2 90 2 91 2 104 2 128 2 130 2 13 2 118 1 35 2 160 2 383 2 61 2 301 2 193 2 246 2 77 1
//IdTournes NbColis
9 6
//IdColis IdCommandeInColis NbProducts IdProd1 QtyProd1 IdProd2 QtyProd2 ...
78 9 14 135 3 267 4 12 6 58 2 140 2 123 2 206 2 72 2 232 1 202 2 190 4 192 4 342 2 133 2
7 1 11 174 3 325 2 195 2 196 2 90 4 91 4 104 2 128 4 130 4 131 2 331 2
68 8 15 391 3 199 2 325 2 195 2 196 2 197 2 90 2 91 2 104 2 315 2 124 2 128 2 130 4 323 1 137 1
90 11 4 348 2 314 2 311 2 39 2
77 9 15 41 2 344 2 50 4 160 2 203 2 96 2 113 2 61 2 20 2 24 4 25 2 346 2 29 4 51 2 135 1
87 10 10 22 1 12 4 72 2 385 2 371 2 341 2 208 1 190 2 102 2 218 1
//IdTournes NbColis
10 6
//IdColis IdCommandeInColis NbProducts IdProd1 QtyProd1 IdProd2 QtyProd2 ...
26 3 7 80 3 86 2 87 2 62 4 161 4 85 1 101 1
39 4 14 128 1 130 4 131 2 55 2 41 2 13 2 50 4 96 2 60 2 61 2 64 2 47 4 56 4 89 1
41 4 18 165 1 12 6 53 2 58 2 123 2 120 1 72 2 89 1 127 2 43 6 46 2 121 1 95 2 122 2 129 4 134 2 126 2 133 2
100 12 4 376 2 110 2 312 1 66 1
51 6 5 182 2 180 2 185 2 335 1 259 1
69 8 17 323 1 212 2 13 2 198 2 186 2 225 2 152 2 324 2 35 2 390 4 96 2 319 2 61 2 388 2 200 2 193 2 226 1
//IdTournes NbColis
11 6
//IdColis IdCommandeInColis NbProducts IdProd1 QtyProd1 IdProd2 QtyProd2 ...
10 1 6 72 2 330 2 232 2 6 2 279 2 298 2
71 8 12 12 1 201 2 72 2 318 2 385 2 371 2 137 1 190 4 102 2 122 2 129 4 126 2
93 11 9 132 1 59 2 285 2 229 2 84 2 27 1 28 2 240 2 190 1
96 11 17 130 2 288 2 13 2 243 2 244 4 317 2 290 2 242 2 50 2 114 2 103 2 60 2 61 2 64 2 289 2 246 1 190 1
27 3 10 85 5 81 2 34 2 40 2 90 4 91 4 104 2 105 4 128 2 61 1
112 13 12 307 1 353 4 220 4 5 2 24 4 33 2 1 2 29 6 269 2 245 6 157 2 165 1
//IdTournes NbColis
12 6
//IdColis IdCommandeInColis NbProducts IdProd1 QtyProd1 IdProd2 QtyProd2 ...
74 9 6 172 1 268 1 84 2 255 2 62 6 27 3
97 11 18 246 1 231 2 24 2 237 2 287 2 1 2 29 2 226 4 51 2 245 2 157 2 159 2 12 2 293 2 238 2 72 2 330 1 192 2
21 2 7 31 3 12 6 140 4 72 2 115 2 137 2 32 1
30 3 12 68 7 3 2 157 4 159 4 22 4 12 6 123 2 72 2 88 2 155 2 102 2 154 2
29 3 13 35 2 42 2 158 2 160 2 103 4 61 1 36 6 70 2 24 3 33 2 1 2 29 4 68 3
18 2 11 116 2 119 4 142 2 146 2 128 4 147 2 148 4 130 4 149 2 150 4 164 1
//IdTournes NbColis
13 6
//IdColis IdCommandeInColis NbProducts IdProd1 QtyProd1 IdProd2 QtyProd2 ...
28 3 12 128 2 130 6 131 2 41 4 13 2 106 2 107 2 108 2 151 4 152 2 153 2 35 2
40 4 12 24 4 25 2 16 2 1 2 29 4 51 2 54 4 68 4 135 2 136 2 165 7 120 1
37 4 9 73 3 166 2 168 2 52 2 63 2 44 2 48 4 23 1 121 1
113 13 12 165 3 12 6 58 2 238 3 72 2 46 2 232 4 384 2 279 2 6 2 272 1 308 2
59 7 7 145 1 185 2 39 2 278 2 227 2 84 1 277 1
86 10 14 319 2 388 2 393 2 336 2 220 2 24 4 16 4 217 6 1 2 29 4 339 4 157 2 22 1 218 1
//IdTournes NbColis
14 6
//IdColis IdCommandeInColis NbProducts IdProd1 QtyProd1 IdProd2 QtyProd2 ...
47 5 11 373 1 374 2 377 2 71 2 233 2 378 2 224 1 234 2 235 2 236 4 174 1
70 8 14 321 2 47 4 223 2 21 2 386 2 24 2 1 2 389 2 29 4 226 3 51 2 3 2 135 4 12 3
14 2 6 7 2 143 2 27 6 28 4 62 1 162 1
25 3 7 83 2 84 2 143 2 37 2 27 6 80 1 24 1
98 11 1 342 2
35 4 7 132 1 59 2 66 2 65 2 84 2 67 4 75 1
//IdTournes NbColis
15 6
//IdColis IdCommandeInColis NbProducts IdProd1 QtyProd1 IdProd2 QtyProd2 ...
31 3 2 156 2 82 2
16 2 9 78 1 71 4 17 2 162 3 8 2 15 2 75 4 19 2 18 1
20 2 13 70 4 77 2 5 4 24 4 25 2 76 2 16 2 79 2 1 4 29 4 3 2 22 2 31 1
9 1 13 281 4 70 2 5 2 24 2 1 2 16 2 79 2 283 2 29 4 3 2 226 6 12 4 58 2
67 8 10 73 1 392 2 221 2 162 4 75 2 49 2 381 2 224 4 228 2 391 1
94 11 9 37 2 80 2 292 4 239 1 162 4 286 2 34 2 234 2 241 1
//IdTournes NbColis
16 6
//IdColis IdCommandeInColis NbProducts IdProd1 QtyProd1 IdProd2 QtyProd2 ...
53 6 10 362 1 364 2 71 2 258 2 260 2 359 2 252 2 257 4 357 1 256 1
4 1 7 303 2 7 2 276 2 273 3 62 4 80 2 211 1
42 4 2 45 2 167 2
66 8 7 84 2 387 2 27 4 166 2 62 4 73 1 222 1
109 13 8 27 1 62 6 80 2 73 2 168 2 52 2 270 1 272 1
82 10 7 213 2 214 2 83 2 84 2 10 2 27 4 219 1
//IdTournes NbColis
17 5
//IdColis IdCommandeInColis NbProducts IdProd1 QtyProd1 IdProd2 QtyProd2 ...
102 12 9 66 1 229 2 213 2 84 2 285 2 27 2 247 2 62 1 250 1
36 4 5 67 2 62 6 27 6 73 1 49 1
46 5 9 229 1 65 2 84 2 285 2 375 2 27 1 37 2 80 2 373 1
15 2 4 62 5 73 4 74 6 78 1
83 10 5 62 4 80 4 161 4 343 2 78 2
