//NbTournees
1
//IdTournes NbColis
1 6
//IdColis IdCommandeInColis NbProducts IdProd1 QtyProd1 IdProd2 QtyProd2 ...
1 1 29 16 1 2 1 7 1 52 1 30 2 34 2 28 1 51 1 56 1 60 1 63 1 31 1 36 1 65 1 39 1 57 1 22 2 42 1 68 1 3 2 10 1 17 1 37 1 69 1 1 1 24 4 62 1 58 1 61 2
3 2 12 12 1 8 1 29 1 27 1 54 1 46 1 4 1 59 1 66 1 70 1 14 1 67 1
4 3 9 5 1 12 1 45 1 32 2 35 1 55 1 25 1 64 1 18 1
5 4 18 6 1 21 1 26 1 23 1 40 1 35 1 48 1 41 1 49 1 33 1 22 2 42 1 47 1 10 1 17 1 37 1 9 1 59 1
6 5 5 15 1 11 1 71 1 54 1 47 1
7 6 10 19 1 13 1 32 1 20 1 38 2 50 2 43 1 44 1 53 1 14 1
