//NbTournees
2
//IdTournes NbColis
1 6
//IdColis IdCommandeInColis NbProducts IdProd1 QtyProd1 IdProd2 QtyProd2 ...
1 1 15 202 2 1 1 25 1 86 1 142 1 151 1 3 1 11 1 29 1 65 1 164 1 105 1 107 1 132 1 194 1
5 1 19 157 1 158 2 160 1 163 1 180 1 183 1 188 1 2 2 49 1 145 1 147 1 16 1 22 2 167 1 36 1 47 1 76 1 88 3 53 1
2 1 13 134 1 140 1 149 2 106 1 150 1 128 1 122 1 125 1 137 1 156 1 187 7 4 1 6 1
8 1 25 9 1 39 1 51 1 66 1 71 1 74 2 84 1 91 3 129 1 135 2 136 1 139 1 170 1 5 2 54 1 195 1 52 1 117 1 121 2 12 1 24 2 87 4 92 1 143 1 126 1
7 1 25 166 1 64 1 102 1 103 1 60 1 80 2 186 1 115 1 17 6 159 1 199 2 81 1 94 1 108 1 110 1 118 1 119 1 185 1 200 5 7 1 10 1 28 1 48 1 155 1 177 1
9 1 24 92 2 93 1 95 2 96 2 97 1 98 3 99 2 101 1 111 1 168 1 181 2 19 1 70 1 109 1 8 1 14 1 40 1 114 1 112 2 113 2 116 1 120 1 130 1 123 1
//IdTournes NbColis
2 4
//IdColis IdCommandeInColis NbProducts IdProd1 QtyProd1 IdProd2 QtyProd2 ...
6 1 19 100 1 161 1 169 1 184 2 79 1 37 1 59 1 61 1 144 1 78 1 85 1 89 2 90 1 182 3 26 2 34 1 104 1 127 1 55 1
3 1 21 152 1 165 1 198 1 43 1 68 1 69 1 82 1 83 1 154 1 13 1 23 1 35 1 15 3 18 1 30 1 32 1 41 1 45 1 56 1 57 1 20 1
4 1 21 58 1 63 1 67 1 73 1 77 1 162 2 31 1 33 1 153 2 133 1 141 1 21 1 27 1 38 1 42 1 46 1 62 1 72 2 75 2 148 1 44 1
10 1 23 130 1 131 1 138 1 146 1 124 1 191 5 178 7 193 2 171 2 172 3 173 4 174 3 175 2 176 2 179 4 189 4 190 4 192 2 196 2 201 1 177 6 197 2 50 1
