//NbTournees
4
//IdTournes NbColis
1 6
//IdColis IdCommandeInColis NbProducts IdProd1 QtyProd1 IdProd2 QtyProd2 ...
1 1 21 55 1 74 1 258 1 68 1 110 1 43 1 89 1 94 1 108 1 146 2 148 1 151 1 159 1 119 1 67 1 217 1 81 1 90 1 135 1 59 1 9 1
9 3 29 136 1 198 1 201 1 67 2 72 1 176 1 236 1 92 1 188 1 81 1 134 1 222 1 106 1 18 1 73 1 186 1 16 1 104 1 114 1 221 1 37 1 48 2 71 2 79 1 7 1 98 1 107 1 117 1 36 1
12 4 22 223 1 188 3 127 1 129 1 162 1 170 1 191 1 168 1 172 1 27 1 130 1 145 2 80 1 205 1 26 1 173 1 225 1 88 1 239 1 23 1 37 1 59 1
15 5 29 139 1 200 1 188 1 144 1 219 1 222 1 140 2 73 1 18 1 113 1 197 1 80 1 243 1 133 1 171 1 196 1 210 1 71 1 157 1 184 1 165 1 215 1 116 1 78 1 13 1 183 1 29 1 75 1 241 1
2 1 30 182 1 191 1 213 1 216 1 229 1 238 1 82 1 172 1 27 1 42 1 44 1 83 1 106 1 130 1 150 1 12 1 14 1 26 1 114 1 48 1 131 1 142 1 178 1 163 1 165 1 187 1 220 1 13 1 59 1 35 1
18 6 29 190 1 191 1 216 1 240 1 82 1 96 1 158 1 206 1 226 1 227 1 233 1 221 1 239 1 63 1 79 1 163 1 165 1 175 1 187 1 218 1 246 1 248 1 29 2 51 1 70 1 118 1 256 1 53 2 52 1
//IdTournes NbColis
2 6
//IdColis IdCommandeInColis NbProducts IdProd1 QtyProd1 IdProd2 QtyProd2 ...
6 2 37 140 2 83 1 18 2 158 2 12 1 221 1 133 1 230 1 88 1 28 1 69 1 79 1 123 1 147 1 177 1 161 1 98 1 107 2 99 1 77 4 267 1 100 1 25 1 111 1 97 1 53 7 15 1 19 1 54 1 20 1 22 1 266 1 21 1 46 1 2 1 50 1 52 2
11 4 17 74 2 208 1 41 1 84 1 103 1 105 1 143 1 153 1 156 1 159 1 192 1 199 1 207 2 228 1 40 1 126 1 35 1
5 2 20 189 1 40 1 85 1 126 1 180 1 194 1 235 1 67 2 236 1 188 3 90 1 141 1 190 2 193 1 204 1 216 1 222 1 263 1 11 1 34 1
3 1 15 29 1 99 1 112 1 66 1 86 1 259 1 53 7 4 1 33 1 17 1 1 1 52 3 35 1 39 1 8 1
13 4 20 69 1 252 1 71 1 161 1 163 1 165 1 187 1 237 1 13 1 70 1 77 1 255 1 32 1 86 1 53 7 33 1 20 1 31 1 64 1 52 3
16 5 15 51 1 211 1 59 1 121 1 86 1 38 2 254 1 76 1 53 7 242 1 247 1 249 1 52 3 245 1 253 1
//IdTournes NbColis
3 6
//IdColis IdCommandeInColis NbProducts IdProd1 QtyProd1 IdProd2 QtyProd2 ...
4 2 20 74 1 30 1 264 1 68 1 24 1 45 1 87 1 93 1 95 1 101 1 102 1 103 1 155 1 179 2 181 1 199 1 212 1 262 1 49 1 6 1
10 3 17 91 1 99 1 260 1 115 1 5 1 60 1 25 1 111 2 97 2 120 1 76 1 53 4 19 1 47 1 33 1 261 1 52 2
14 5 21 56 1 89 1 105 1 122 1 124 1 132 1 137 1 159 1 169 1 203 1 207 1 224 1 189 1 125 1 126 1 202 1 223 1 72 1 130 1 75 1 9 1
17 6 20 62 1 160 1 169 1 174 2 214 1 234 1 126 1 164 1 232 1 67 1 236 1 90 1 128 1 134 1 162 1 166 1 167 1 168 1 170 1 39 2
8 3 18 30 1 138 1 24 1 58 1 61 1 65 1 109 2 149 1 152 1 154 2 160 1 185 1 207 1 209 1 231 1 234 2 195 1 57 1
7 2 4 52 1 3 1 265 1 10 1
//IdTournes NbColis
4 1
//IdColis IdCommandeInColis NbProducts IdProd1 QtyProd1 IdProd2 QtyProd2 ...
19 6 8 244 1 251 1 53 5 257 1 52 2 3 1 250 1 39 1
