//NbTournees
3
//IdTournes NbColis
1 6
//IdColis IdCommandeInColis NbProducts IdProd1 QtyProd1 IdProd2 QtyProd2 ...
10 3 9 131 1 72 1 76 1 53 4 164 1 171 1 172 1 183 2 43 1
9 3 7 74 1 125 1 71 1 73 1 77 1 108 1 59 1
2 1 19 69 1 18 1 78 2 110 2 15 2 86 3 90 1 83 1 85 1 88 2 91 1 94 1 95 1 133 2 141 2 1 2 2 2 3 1 24 2
7 2 25 17 1 22 1 31 1 181 1 182 1 100 1 101 1 78 1 107 2 110 1 105 1 102 1 98 1 83 1 99 1 85 1 88 1 103 1 104 1 106 2 109 1 2 1 3 1 24 2 25 2
17 3 26 162 1 142 1 48 1 9 2 14 5 57 1 52 1 154 1 161 1 44 2 75 2 137 1 46 2 13 1 60 3 66 2 166 3 115 1 122 4 129 1 138 1 70 2 79 1 114 2 92 1 135 1
6 2 13 108 1 19 1 23 2 32 1 179 1 26 2 29 1 30 1 97 2 111 1 113 1 21 2 33 1
//IdTournes NbColis
2 6
//IdColis IdCommandeInColis NbProducts IdProd1 QtyProd1 IdProd2 QtyProd2 ...
3 1 18 24 1 25 3 146 5 112 1 82 2 96 3 5 1 28 1 81 1 87 1 89 3 144 1 10 1 12 2 64 1 149 5 4 1 7 1
1 1 12 80 1 32 2 145 1 16 1 26 3 29 2 30 1 111 1 147 2 113 1 17 1 18 1
4 1 20 65 2 6 3 8 3 62 2 142 2 9 3 14 6 67 2 11 1 63 1 68 2 143 2 13 1 66 1 148 1 84 1 70 1 92 3 132 2 93 1
14 3 18 152 1 49 1 175 1 151 1 158 2 159 3 56 2 165 1 157 1 78 3 110 2 176 3 121 1 139 1 83 2 116 1 117 1 135 1
15 3 20 117 1 99 1 119 1 85 2 123 2 88 3 128 1 130 1 95 1 133 3 141 2 2 2 3 1 41 1 45 1 24 3 25 2 156 1 146 2 13 1
18 3 5 92 1 132 3 135 1 118 1 127 3
//IdTournes NbColis
3 5
//IdColis IdCommandeInColis NbProducts IdProd1 QtyProd1 IdProd2 QtyProd2 ...
16 3 22 112 1 124 2 120 1 47 2 20 2 55 1 177 1 134 1 136 1 140 1 34 1 40 1 12 2 54 1 155 4 168 2 39 3 65 2 8 3 51 2 150 1 13 1
8 2 9 112 1 20 1 28 1 177 1 142 1 27 1 180 1 178 1 92 1
11 3 9 183 1 23 1 37 2 38 1 42 5 50 1 58 2 126 2 26 1
13 3 12 26 2 111 2 147 4 29 2 30 1 21 2 169 3 17 1 61 1 160 1 174 1 35 1
12 3 10 126 1 153 3 167 1 32 1 170 1 173 5 145 1 163 2 26 1 36 1
