//NbTournees
4
//IdTournes NbColis
1 6
//IdColis IdCommandeInColis NbProducts IdProd1 QtyProd1 IdProd2 QtyProd2 ...
2 1 30 174 1 175 1 178 1 172 2 173 1 24 1 168 1 163 1 25 2 159 1 35 1 118 1 176 1 182 1 12 1 227 1 262 2 56 2 270 3 86 1 3 1 68 1 117 2 257 2 8 1 145 1 17 1 103 1 36 1 7 1
13 4 33 104 1 156 1 64 1 128 1 154 1 39 1 126 1 53 2 56 1 84 1 3 1 49 1 17 1 75 1 94 1 87 1 7 1 189 1 18 2 82 1 115 1 54 1 55 1 6 2 30 1 50 1 29 1 51 2 89 2 58 2 72 2 31 1 41 1
6 2 26 146 1 11 1 144 1 214 1 85 1 272 1 133 1 105 1 129 1 148 1 215 1 219 1 83 1 158 1 206 1 172 2 173 1 174 2 178 1 228 1 234 1 2 1 24 1 153 1 25 2 31 1
9 3 16 106 1 63 1 92 2 10 1 45 1 109 3 138 2 171 1 85 1 110 1 116 1 149 1 158 1 172 2 173 1 69 1
19 7 24 136 1 123 1 47 1 107 1 261 1 162 1 158 1 172 1 173 1 174 1 178 1 263 1 188 1 191 1 193 1 69 1 255 1 254 1 143 1 152 1 154 1 192 1 249 1 17 1
22 8 29 236 1 147 1 166 2 192 1 269 2 86 1 28 1 98 1 117 2 108 1 170 2 17 1 94 2 181 1 184 1 18 2 252 2 15 1 38 1 137 2 6 2 67 1 102 1 1 1 265 1 246 1 256 2 250 1 247 1
//IdTournes NbColis
2 6
//IdColis IdCommandeInColis NbProducts IdProd1 QtyProd1 IdProd2 QtyProd2 ...
1 1 18 113 1 266 1 122 1 9 2 140 1 131 1 268 1 267 1 111 1 116 1 157 1 129 1 271 3 180 2 155 1 158 1 165 1 174 1
5 2 11 132 1 63 2 5 2 92 2 112 1 122 1 130 2 140 1 125 1 146 1 124 1
21 8 19 113 2 63 1 237 1 85 1 260 1 196 2 223 1 158 2 172 2 173 1 174 2 178 1 183 2 179 1 120 1 141 1 142 1 188 1 7 1
7 2 31 209 1 254 3 152 1 164 1 12 1 96 2 59 2 253 1 77 1 33 2 13 1 98 1 114 1 238 1 17 1 75 2 7 2 87 2 14 1 211 1 151 1 208 1 216 1 18 3 15 1 115 1 150 1 6 3 54 1 55 1 30 2
15 5 22 200 1 63 1 46 1 88 2 10 1 45 1 78 1 230 1 205 1 158 1 172 2 173 1 174 1 175 1 178 1 187 1 23 1 70 1 97 1 199 1 69 1 182 1
16 5 30 182 2 231 1 86 1 91 1 242 2 114 1 226 1 240 1 17 1 229 1 37 2 76 1 7 1 221 1 224 1 235 1 151 1 18 2 15 1 38 1 212 2 186 2 225 1 139 1 169 1 100 2 6 2 67 1 102 1 243 1
//IdTournes NbColis
3 6
//IdColis IdCommandeInColis NbProducts IdProd1 QtyProd1 IdProd2 QtyProd2 ...
20 7 12 197 1 7 1 119 1 18 2 15 1 38 1 6 2 42 1 67 1 198 1 251 1 250 1
3 1 36 7 1 87 2 121 1 161 1 220 1 232 1 233 1 264 1 18 3 73 2 169 1 222 1 6 3 54 1 55 1 30 2 42 1 50 2 29 2 51 3 89 3 1 1 58 3 72 3 16 2 31 2 41 2 256 1 27 1 21 2 22 1 258 1 52 1 71 1 61 2 259 1
17 6 21 202 1 218 1 93 1 95 1 80 1 217 2 133 1 204 1 203 1 201 1 239 1 83 1 158 1 172 1 173 1 174 1 178 1 97 1 153 1 193 1 43 1
10 3 39 174 1 177 1 178 1 187 1 57 1 153 1 25 1 127 1 164 1 39 1 96 1 81 1 20 1 56 1 90 1 28 1 65 1 91 1 98 1 34 1 195 1 167 1 17 1 66 1 101 1 7 1 194 1 18 2 15 2 38 1 186 1 139 1 160 2 169 2 6 2 50 1 40 2 4 1 71 1
18 6 31 127 1 241 1 77 1 53 1 210 1 245 1 79 1 213 1 17 1 7 1 244 1 14 2 211 1 18 2 73 1 99 1 160 1 54 1 55 1 6 2 207 1 30 1 50 1 29 1 51 2 89 2 58 2 72 2 31 1 41 1 60 2
12 4 16 134 1 185 1 93 1 135 1 47 2 9 2 74 1 131 1 158 1 172 1 173 1 174 1 178 1 183 1 179 1 190 1
//IdTournes NbColis
4 1
//IdColis IdCommandeInColis NbProducts IdProd1 QtyProd1 IdProd2 QtyProd2 ...
8 2 17 50 2 29 2 51 3 89 3 58 3 72 3 31 1 41 2 26 1 19 1 32 1 44 1 48 4 60 2 248 2 62 1 273 1
