//NbTournees
5
//IdTournes NbColis
1 6
//IdColis IdCommandeInColis NbProducts IdProd1 QtyProd1 IdProd2 QtyProd2 ...
24 6 17 99 1 83 2 47 1 59 2 12 1 14 1 85 1 113 1 114 1 116 1 149 1 155 1 158 2 160 1 161 1 170 1 299 1
3 1 27 291 1 199 1 200 1 205 1 211 1 214 1 215 1 216 1 167 1 219 1 16 1 210 1 212 2 3 1 22 1 6 1 4 1 204 1 207 1 218 1 286 1 206 2 228 2 292 1 151 1 5 1 193 1
26 6 25 41 1 152 1 6 1 112 1 153 2 4 1 176 1 115 1 151 1 303 1 154 1 165 1 311 1 118 1 58 4 156 1 45 5 163 1 60 4 310 1 157 1 110 1 95 1 117 1 9 5
30 7 32 327 3 176 1 177 2 255 1 325 1 151 1 37 1 182 1 179 1 311 1 121 1 58 3 45 2 48 3 163 1 29 1 2 1 60 4 21 2 123 1 326 1 82 1 127 1 25 2 122 1 28 1 126 1 322 1 324 1 124 1 119 1 9 4
35 8 25 5 1 335 1 179 1 198 1 193 1 254 1 58 4 190 1 45 5 186 1 191 1 195 1 29 1 194 1 197 1 2 1 36 3 192 2 21 2 136 1 25 2 28 1 133 1 129 1 9 5
11 3 35 298 1 167 1 210 1 41 1 297 1 6 1 4 1 52 1 207 1 218 1 294 1 224 1 228 2 206 2 176 1 55 1 253 1 223 1 58 3 48 5 195 1 29 1 300 1 2 1 60 3 230 1 21 2 25 2 28 1 57 1 296 1 50 1 56 1 49 1 9 4
//IdTournes NbColis
2 6
//IdColis IdCommandeInColis NbProducts IdProd1 QtyProd1 IdProd2 QtyProd2 ...
4 1 28 8 1 19 1 146 1 27 1 208 2 58 4 142 1 45 5 186 1 213 1 11 1 29 1 2 1 60 4 220 2 21 2 25 2 74 1 147 1 28 1 144 1 26 1 10 1 110 1 140 1 141 1 148 1 9 5
22 5 28 6 1 172 2 153 1 207 2 218 1 4 2 319 1 228 3 206 2 43 1 253 1 39 1 19 1 263 1 317 1 260 1 8 1 154 1 104 1 107 1 239 1 234 1 273 2 58 3 109 1 231 2 233 1 238 1
23 5 17 233 1 45 5 186 1 236 1 213 1 29 1 2 1 60 3 21 2 108 1 25 3 28 2 321 1 102 1 62 1 78 1 9 4
34 8 23 162 2 166 2 196 1 171 1 167 1 269 2 16 1 323 1 168 1 334 1 6 1 153 2 4 2 249 1 176 1 130 2 151 1 132 1 137 1 312 1 315 1 5 1 60 1
15 4 25 283 1 284 1 91 2 7 1 20 1 88 1 267 1 291 1 328 1 308 1 38 1 287 1 211 1 241 1 214 1 216 1 243 1 199 1 246 1 167 1 90 1 309 1 212 1 60 1 67 1
25 6 20 302 2 305 2 306 1 111 1 13 1 304 1 169 1 159 1 164 2 150 1 7 1 308 1 162 2 166 1 171 1 307 1 167 1 309 1 168 1 255 1
//IdTournes NbColis
3 6
//IdColis IdCommandeInColis NbProducts IdProd1 QtyProd1 IdProd2 QtyProd2 ...
16 4 24 212 1 152 1 280 1 320 1 248 1 6 1 245 2 4 2 218 1 172 2 207 2 329 1 286 1 228 3 206 2 151 1 39 1 84 1 19 2 40 1 98 1 61 1 67 1 87 1
2 1 19 17 1 23 1 145 1 161 1 256 3 13 1 15 1 202 1 290 1 201 1 272 1 217 1 18 1 209 1 7 1 20 1 287 2 24 1 11 1
19 5 11 105 1 266 1 77 1 106 1 99 1 235 2 178 1 285 3 288 1 275 1 103 1
7 2 27 7 1 38 1 257 1 24 1 171 1 162 2 167 1 168 1 41 1 259 1 6 1 4 1 249 1 258 1 176 1 255 1 43 1 81 1 253 1 37 1 39 1 40 1 260 1 254 1 58 4 45 4 9 1
29 7 23 185 1 306 1 250 1 1 1 120 1 169 1 175 1 128 1 42 1 164 2 174 1 7 1 162 2 166 1 167 1 16 1 323 1 168 1 6 1 172 1 183 1 4 2 176 1
10 3 25 229 2 293 1 299 1 301 1 221 1 51 1 226 1 227 1 18 1 209 1 7 1 20 1 174 1 295 1 257 1 24 1 199 1 200 1 205 1 211 1 214 1 215 1 216 1 58 1 60 1
//IdTournes NbColis
4 6
//IdColis IdCommandeInColis NbProducts IdProd1 QtyProd1 IdProd2 QtyProd2 ...
17 4 34 8 1 331 1 179 1 273 1 240 2 65 1 58 4 45 5 236 1 68 1 63 2 97 1 29 1 2 1 33 1 66 1 60 3 21 2 82 1 96 1 25 3 64 1 74 1 330 2 70 1 28 2 73 1 26 1 95 1 49 1 62 1 71 1 9 5 87 1
6 2 19 46 1 44 2 47 2 35 1 250 1 180 1 244 1 158 1 256 1 32 1 169 1 30 1 201 1 252 1 42 1 164 2 31 1 80 1 36 1
33 8 20 170 1 250 2 14 1 333 1 299 1 131 1 169 1 188 1 316 1 134 1 272 1 164 2 189 1 313 1 314 1 287 1 7 1 257 1 187 1 255 1
13 4 11 94 1 89 1 72 1 247 1 178 1 275 2 276 3 285 3 288 1 289 2 188 1
1 1 14 139 1 178 1 285 2 288 1 289 2 275 1 276 2 271 1 143 3 44 2 1 1 12 1 14 1 203 1
9 3 15 54 1 178 1 285 2 288 1 289 2 275 1 276 2 225 1 271 1 44 1 47 3 59 1 53 1 222 1 9 1
//IdTournes NbColis
5 6
//IdColis IdCommandeInColis NbProducts IdProd1 QtyProd1 IdProd2 QtyProd2 ...
21 5 24 76 1 237 1 272 1 318 1 227 1 268 1 18 2 267 1 7 1 291 1 295 1 199 1 200 2 232 1 211 1 214 1 216 1 100 1 264 1 167 1 269 1 320 1 58 1 9 1
28 7 19 77 1 178 1 285 1 288 1 289 1 275 1 276 1 44 2 47 3 125 1 173 1 158 1 180 1 181 1 184 1 170 1 128 1 58 1 9 1
32 8 13 138 1 178 1 285 2 288 1 289 2 275 1 276 2 59 2 83 3 135 1 158 2 180 1 332 1
8 2 9 45 1 68 1 251 1 63 1 33 1 79 1 36 3 34 1 9 4
20 5 17 276 1 225 2 271 2 265 1 270 2 59 2 83 3 14 1 184 1 261 1 262 1 229 1 274 1 101 1 86 1 75 1 60 1
14 4 16 69 1 242 1 279 1 281 2 59 2 83 3 85 1 53 1 93 1 244 1 173 2 277 1 282 1 86 1 278 1 92 1
