//NbTournees
52
//IdTournes NbColis
1 6
//IdColis IdCommandeInColis NbProducts IdProd1 QtyProd1 IdProd2 QtyProd2 ...
2 1 14 123 1 158 1 215 1 560 1 71 1 457 1 404 1 423 1 393 1 388 1 338 1 494 1 1 1 7 1
6 2 20 371 1 599 1 381 1 382 2 326 2 338 1 1 1 28 2 348 1 278 1 107 1 184 2 105 2 127 1 108 2 211 1 212 1 151 1 104 1 360 1
8 3 7 3 1 13 2 21 1 25 1 27 1 78 1 363 1
11 3 24 193 1 249 1 509 1 379 2 316 2 373 1 507 1 362 1 388 3 389 2 338 1 181 1 512 1 324 1 331 1 401 2 399 2 346 3 226 2 2 2 105 2 513 3 90 1 140 1
14 4 7 3 1 13 2 21 1 25 1 15 1 78 1 329 1
18 5 8 3 1 13 1 21 1 25 1 122 1 123 1 22 1 329 1
//IdTournes NbColis
2 6
//IdColis IdCommandeInColis NbProducts IdProd1 QtyProd1 IdProd2 QtyProd2 ...
22 6 7 3 1 15 2 21 1 27 1 152 1 71 1 423 1
25 7 7 3 1 15 2 21 1 25 1 27 1 341 1 153 1
29 8 7 3 1 15 2 21 1 27 1 152 1 71 1 329 1
33 9 7 36 1 3 1 13 1 15 2 21 1 425 1 31 1
37 10 8 3 1 13 1 21 1 25 1 27 1 81 1 163 1 329 1
40 11 7 3 1 15 2 21 1 27 1 132 1 457 1 479 1
//IdTournes NbColis
3 6
//IdColis IdCommandeInColis NbProducts IdProd1 QtyProd1 IdProd2 QtyProd2 ...
44 12 6 3 1 13 2 21 1 15 2 425 1 35 1
48 13 7 3 1 13 2 21 1 25 1 15 1 229 1 344 1
53 14 5 3 1 13 2 15 2 122 1 41 2
57 15 7 3 1 13 2 21 1 25 1 15 1 78 1 329 1
63 16 6 3 1 13 2 21 1 15 2 457 1 329 1
67 17 6 188 1 3 1 13 2 21 1 25 1 22 1
//IdTournes NbColis
4 6
//IdColis IdCommandeInColis NbProducts IdProd1 QtyProd1 IdProd2 QtyProd2 ...
71 18 7 3 1 13 1 15 2 21 1 27 1 131 1 423 1
75 19 7 3 1 13 1 15 2 21 1 27 1 457 1 423 1
79 20 7 3 1 12 1 21 1 25 1 13 2 131 1 329 1
84 21 6 3 1 15 3 21 1 27 1 78 1 329 1
89 22 6 3 1 13 2 21 1 15 2 71 1 329 1
91 22 13 207 1 296 3 341 3 487 1 43 1 410 1 329 1 336 3 421 1 193 1 316 2 135 2 124 1
//IdTournes NbColis
5 6
//IdColis IdCommandeInColis NbProducts IdProd1 QtyProd1 IdProd2 QtyProd2 ...
96 23 13 81 1 82 1 88 1 92 1 180 1 43 1 193 1 316 1 45 1 326 1 338 1 522 1 107 1
100 24 20 246 1 344 3 490 1 284 1 329 1 336 2 421 1 109 1 582 2 379 1 316 1 44 1 47 1 135 1 124 1 125 1 456 3 338 1 427 1 417 1
106 25 21 341 1 344 1 561 1 329 1 336 3 421 1 134 2 102 1 193 1 379 1 316 3 44 1 47 1 189 1 135 1 124 2 125 1 326 3 338 1 37 2 420 1
111 26 10 75 1 101 2 92 1 180 1 53 1 316 2 44 1 256 1 381 1 382 2
116 27 30 100 1 336 2 134 1 261 2 316 2 44 1 135 1 124 1 125 1 388 2 338 1 52 1 93 1 244 2 98 1 99 1 282 1 370 1 348 1 129 1 424 1 107 1 184 1 294 2 90 1 95 1 112 1 108 1 104 1 138 2
120 28 20 92 1 180 1 87 1 134 2 193 1 326 2 338 1 51 1 94 1 181 5 594 1 107 1 184 2 335 2 342 1 95 1 90 1 112 1 108 2 600 1
//IdTournes NbColis
6 6
//IdColis IdCommandeInColis NbProducts IdProd1 QtyProd1 IdProd2 QtyProd2 ...
124 29 18 371 1 381 1 382 1 326 1 338 1 51 1 162 1 576 1 184 2 335 1 459 1 95 1 90 1 112 1 108 2 31 1 104 1 146 1
3 1 13 74 1 107 1 5 1 6 1 8 1 10 1 20 1 127 1 108 1 211 1 212 1 143 1 464 1
12 3 23 90 1 95 2 112 1 108 2 16 3 19 2 511 1 137 1 4 3 119 1 248 1 247 3 365 3 308 1 380 1 384 2 269 1 291 2 374 3 376 1 378 1 396 3 514 1
128 30 27 172 2 84 2 93 2 244 1 86 1 297 2 166 2 337 1 346 1 107 1 5 1 6 1 8 2 10 2 20 2 335 2 105 2 95 2 90 2 112 1 108 2 104 1 272 2 277 1 285 2 287 2 137 1
134 31 35 565 1 107 1 5 1 6 1 8 2 10 1 20 2 461 1 351 1 105 2 90 2 108 2 211 1 212 1 298 2 64 2 104 4 272 2 277 1 289 1 307 1 340 2 138 2 139 1 67 2 137 1 303 2 140 1 428 1 359 1 312 1 422 2 345 1 624 1 380 1
139 32 35 281 1 330 1 278 1 304 2 107 1 5 1 6 1 8 2 10 1 20 1 184 2 335 2 351 1 461 1 105 2 95 1 90 1 112 1 108 2 263 1 298 2 198 1 104 1 272 2 277 1 285 1 287 1 289 1 340 2 138 2 67 2 57 2 303 1 169 1 266 1
//IdTournes NbColis
7 6
//IdColis IdCommandeInColis NbProducts IdProd1 QtyProd1 IdProd2 QtyProd2 ...
144 33 30 338 1 323 1 244 2 559 1 166 2 278 1 334 1 292 1 273 1 107 1 590 1 5 1 6 1 8 2 10 2 20 2 61 1 66 1 258 1 335 2 294 1 342 1 90 2 95 2 112 1 108 2 298 3 321 1 67 3 272 2
151 34 29 107 1 5 1 6 1 8 2 10 2 20 2 528 1 436 3 335 2 105 2 294 3 112 1 108 2 95 2 90 2 612 1 298 2 104 1 340 2 138 2 67 2 272 2 277 1 285 1 287 1 289 1 137 1 146 1 145 1
357 83 24 341 1 161 1 336 2 102 1 316 2 45 3 149 1 364 1 371 1 381 1 382 2 326 2 338 1 352 1 343 1 260 1 99 2 390 1 385 1 278 1 331 1 337 2 400 2 4 1
46 12 29 207 1 341 1 33 1 161 1 329 1 336 2 193 1 326 2 456 1 338 1 208 1 343 1 181 1 166 2 129 1 107 1 335 2 95 1 90 1 108 2 112 1 104 1 137 1 29 1 34 1 458 1 365 1 372 1 384 1
155 35 21 180 1 341 1 336 2 56 2 326 2 338 1 176 1 178 1 181 3 390 1 463 3 348 1 129 1 477 3 107 1 184 2 539 1 335 2 105 2 95 1 541 1
161 36 18 217 1 129 1 107 1 335 2 228 2 105 2 90 1 108 2 211 1 212 1 541 1 137 1 57 2 34 2 604 2 164 1 398 1 308 1
//IdTournes NbColis
8 6
//IdColis IdCommandeInColis NbProducts IdProd1 QtyProd1 IdProd2 QtyProd2 ...
73 18 21 317 1 381 1 382 1 485 1 388 1 548 1 149 1 364 1 435 1 371 1 37 1 551 1 254 1 107 1 39 1 127 1 108 1 211 1 212 1 104 1 137 1
165 37 15 7 1 104 1 285 1 287 1 319 1 451 1 340 2 138 2 67 1 272 2 277 1 504 1 289 1 137 1 347 1
168 38 22 92 1 180 1 218 3 223 1 316 1 224 1 548 1 409 1 371 1 381 1 382 1 388 2 338 1 352 1 37 1 547 1 147 1 107 1 105 2 90 1 108 2 211 1
1 1 7 9 1 18 1 23 1 69 1 48 1 116 1 24 1
68 17 7 27 1 81 2 123 1 92 1 207 1 38 1 329 1
163 37 8 9 1 69 2 48 1 18 1 123 1 327 1 394 1 263 1
//IdTournes NbColis
9 6
//IdColis IdCommandeInColis NbProducts IdProd1 QtyProd1 IdProd2 QtyProd2 ...
170 39 8 9 1 48 1 18 1 70 1 116 1 120 1 22 1 423 1
173 40 6 9 2 18 2 23 1 48 1 457 1 423 1
177 41 7 9 1 48 1 18 1 23 1 69 2 22 1 423 1
181 42 7 9 2 48 1 23 1 50 1 49 1 71 1 423 1
185 43 8 9 1 48 1 18 1 70 1 116 1 120 1 71 1 423 1
188 44 7 9 1 69 2 48 1 18 1 116 1 71 1 423 1
//IdTournes NbColis
10 6
//IdColis IdCommandeInColis NbProducts IdProd1 QtyProd1 IdProd2 QtyProd2 ...
191 45 8 9 2 18 1 23 1 69 1 48 1 144 1 329 1 147 1
195 46 8 9 1 48 1 18 1 23 1 50 1 49 1 71 1 423 1
198 47 6 9 2 18 2 23 1 69 1 78 1 423 1
326 75 8 158 1 215 1 9 2 18 1 23 1 383 1 393 1 280 1
204 48 33 341 1 329 1 336 1 193 1 218 1 109 1 316 2 224 1 381 1 382 2 326 1 338 1 409 1 371 1 73 1 219 1 28 1 429 1 400 1 500 1 228 1 335 1 105 1 90 1 108 1 211 1 212 1 104 1 137 1 225 1 347 1 372 2 308 1
4 2 9 11 1 12 1 14 1 17 1 25 1 88 1 341 1 336 1 308 1
//IdTournes NbColis
11 6
//IdColis IdCommandeInColis NbProducts IdProd1 QtyProd1 IdProd2 QtyProd2 ...
103 25 6 11 3 12 1 14 1 17 1 425 1 214 1
110 26 9 11 1 12 1 17 1 25 1 14 1 88 1 214 1 329 1 336 1
114 27 8 11 1 12 1 17 1 25 1 14 1 88 1 22 1 329 1
118 28 8 11 2 12 1 17 1 14 1 75 1 354 1 520 1 597 1
122 29 8 11 1 12 1 14 1 17 1 25 1 88 1 341 1 161 1
127 30 18 177 1 180 1 271 1 329 1 336 2 193 1 218 2 109 1 316 2 135 2 124 2 125 1 322 1 326 2 338 1 352 1 52 1 337 1
//IdTournes NbColis
12 6
//IdColis IdCommandeInColis NbProducts IdProd1 QtyProd1 IdProd2 QtyProd2 ...
136 32 7 11 2 12 1 14 1 17 1 75 1 71 1 329 1
158 36 7 11 2 12 1 25 1 14 1 17 1 361 1 354 1
206 49 7 11 2 12 1 17 1 25 1 14 1 457 1 214 1
211 50 7 11 2 12 1 21 1 25 1 17 1 488 1 214 1
216 51 6 11 2 12 1 17 1 25 1 14 1 91 1
222 52 8 36 1 11 1 12 1 17 1 25 1 14 1 404 1 107 1
//IdTournes NbColis
13 6
//IdColis IdCommandeInColis NbProducts IdProd1 QtyProd1 IdProd2 QtyProd2 ...
226 53 6 188 1 11 2 12 1 17 1 25 1 78 1
230 54 6 11 2 17 1 75 3 327 1 394 1 402 1
234 55 6 11 2 17 1 75 2 88 1 78 1 329 1
238 56 7 11 2 12 1 25 1 14 1 17 1 457 1 76 1
242 57 7 11 2 12 1 25 1 14 1 17 1 457 1 35 1
246 58 7 11 2 12 1 17 1 14 1 85 1 71 1 329 1
//IdTournes NbColis
14 6
//IdColis IdCommandeInColis NbProducts IdProd1 QtyProd1 IdProd2 QtyProd2 ...
251 59 7 188 1 11 2 12 1 17 1 14 1 144 1 329 1
256 60 7 11 2 12 1 25 1 14 1 17 1 131 1 329 1
259 60 21 456 2 338 1 548 1 352 1 52 2 237 1 323 2 453 4 99 2 417 2 166 2 278 2 282 1 331 2 601 1 346 2 300 3 107 1 257 1 258 2 335 2
262 61 7 11 2 12 1 17 1 14 1 75 1 433 1 329 1
264 61 21 101 1 180 1 354 1 336 1 102 1 193 1 379 1 316 1 79 1 326 2 338 1 181 2 297 3 166 2 346 1 107 1 184 2 95 1 90 1 112 1 108 2
266 62 8 11 2 12 1 17 1 14 1 85 1 58 1 329 1 336 1
//IdTournes NbColis
15 6
//IdColis IdCommandeInColis NbProducts IdProd1 QtyProd1 IdProd2 QtyProd2 ...
82 20 15 129 1 46 1 107 1 105 2 90 1 108 2 211 1 212 1 104 1 611 2 106 1 619 1 350 1 428 1 614 1
95 23 8 12 1 17 1 21 1 25 1 13 1 81 1 71 1 329 1
125 30 7 12 1 17 1 54 2 14 1 85 1 71 1 329 1
141 33 7 12 1 17 1 21 1 25 1 13 2 78 1 284 1
147 34 6 12 1 54 2 14 1 85 2 71 1 329 1
153 35 7 12 1 17 1 54 2 14 1 85 1 377 1 150 1
//IdTournes NbColis
16 6
//IdColis IdCommandeInColis NbProducts IdProd1 QtyProd1 IdProd2 QtyProd2 ...
166 38 7 12 1 13 2 17 1 21 1 25 1 329 2 393 1
202 48 8 36 1 12 1 17 1 21 1 25 1 88 1 42 1 107 1
270 63 7 12 1 14 1 17 1 54 1 85 2 341 1 58 1
275 64 8 12 1 17 1 21 1 25 1 13 2 42 1 284 1 308 1
280 65 6 12 1 13 3 17 1 21 1 446 1 329 1
285 66 8 12 1 13 1 17 1 21 1 25 1 81 1 457 1 423 1
//IdTournes NbColis
17 6
//IdColis IdCommandeInColis NbProducts IdProd1 QtyProd1 IdProd2 QtyProd2 ...
289 67 8 12 1 13 2 17 1 21 1 25 1 341 1 329 1 308 1
293 68 8 12 1 17 1 21 1 25 1 13 1 81 1 433 1 329 1
172 39 2 431 1 68 1
45 12 7 27 1 122 2 132 1 123 1 92 1 341 1 30 1
203 48 7 92 1 180 1 13 1 81 2 82 1 163 1 220 1
197 46 14 371 1 381 1 388 1 237 1 86 1 105 1 90 1 108 1 211 1 212 1 31 1 104 1 137 1 308 1
//IdTournes NbColis
18 6
//IdColis IdCommandeInColis NbProducts IdProd1 QtyProd1 IdProd2 QtyProd2 ...
227 53 8 14 1 88 1 75 1 82 1 101 2 234 1 591 1 607 1
297 69 6 14 1 17 1 54 2 85 2 408 1 128 1
27 7 27 336 2 157 1 102 1 218 1 316 1 381 1 382 1 338 1 427 1 352 1 224 1 409 1 371 1 326 2 32 1 331 2 486 1 424 1 346 1 107 1 335 2 105 1 90 1 108 1 211 1 212 1 137 1
208 49 18 92 1 180 1 404 2 236 1 220 1 423 1 393 2 102 1 249 1 109 2 316 1 47 1 388 2 338 1 65 1 204 1 235 1 105 1
303 70 25 246 1 207 1 336 2 316 1 224 1 364 1 371 1 381 1 382 1 326 2 456 1 338 1 204 1 357 1 32 1 278 1 346 1 107 1 335 2 127 1 108 2 211 1 212 1 104 1 403 1
54 14 14 122 1 123 1 118 1 327 1 394 1 328 2 391 2 397 2 110 1 395 1 339 1 329 1 336 2 335 1
//IdTournes NbColis
19 6
//IdColis IdCommandeInColis NbProducts IdProd1 QtyProd1 IdProd2 QtyProd2 ...
305 71 7 48 1 21 1 25 1 27 1 49 2 341 1 110 1
126 30 7 85 1 89 3 173 1 88 1 341 1 271 1 312 1
154 35 8 85 1 89 2 173 1 88 1 177 1 341 1 329 1 247 1
175 40 31 154 1 558 1 393 1 218 1 109 1 557 1 239 1 149 1 364 1 435 2 371 1 381 1 388 1 219 1 559 1 417 1 551 1 278 1 292 1 449 1 254 1 477 1 107 1 114 1 184 1 127 1 108 1 211 1 212 1 311 2 137 1
247 58 7 85 1 75 2 173 1 88 1 177 1 377 1 487 1
267 62 6 85 1 75 3 173 1 88 1 134 3 530 1
//IdTournes NbColis
20 6
//IdColis IdCommandeInColis NbProducts IdProd1 QtyProd1 IdProd2 QtyProd2 ...
309 72 4 36 1 85 3 89 2 78 1
360 84 20 85 1 89 1 495 1 497 1 224 1 409 1 371 1 381 1 382 1 326 1 133 1 501 1 502 1 278 1 228 1 402 1 104 1 137 1 77 1 308 1
15 4 6 15 1 27 1 122 3 123 1 71 1 336 1
49 13 6 15 2 27 1 122 2 123 1 341 1 344 1
316 73 9 15 1 48 1 21 1 25 1 27 1 49 1 480 1 329 1 481 1
199 47 9 69 1 48 1 120 1 154 1 158 1 215 1 404 1 393 1 349 1
//IdTournes NbColis
21 6
//IdColis IdCommandeInColis NbProducts IdProd1 QtyProd1 IdProd2 QtyProd2 ...
322 74 18 246 1 141 1 404 2 577 1 416 1 393 2 102 1 193 1 201 1 135 1 124 2 125 1 182 1 283 2 388 2 352 1 93 1 384 1
325 75 7 69 2 48 1 116 1 123 1 154 1 433 1 329 1
160 36 16 180 1 96 1 341 2 336 3 329 2 193 1 316 2 326 3 338 1 595 1 343 1 97 1 74 2 166 1 324 1 335 1
327 75 30 96 1 404 1 193 1 250 1 364 1 371 1 381 1 382 1 388 1 338 1 149 1 462 2 181 1 278 1 346 1 107 1 184 1 251 2 105 1 294 1 90 1 108 1 211 1 212 1 104 1 311 1 450 1 140 1 503 2 499 3
17 4 8 184 1 105 2 95 1 90 1 112 1 108 2 16 1 104 1
98 24 7 48 1 23 1 49 2 50 1 152 1 341 1 41 1
//IdTournes NbColis
22 6
//IdColis IdCommandeInColis NbProducts IdProd1 QtyProd1 IdProd2 QtyProd2 ...
101 24 27 427 1 326 2 93 1 244 2 418 1 572 1 348 3 401 3 533 1 399 2 584 1 107 1 187 1 493 1 335 2 105 2 95 1 90 1 112 1 108 2 16 1 143 1 104 1 340 2 138 2 67 2 272 2
130 31 7 48 1 21 1 25 1 27 1 49 2 71 1 329 1
214 50 21 129 1 598 1 300 1 107 1 539 1 335 2 489 1 105 1 90 1 108 2 211 1 212 1 16 1 104 1 103 1 119 1 420 2 308 1 325 2 530 1 376 1
260 60 15 335 1 90 2 95 2 112 1 108 2 321 1 16 2 104 1 441 1 248 3 140 1 299 3 438 1 444 3 360 2
301 70 7 48 1 21 1 25 1 27 1 49 2 341 1 203 1
313 72 28 124 2 125 1 170 1 224 1 275 1 295 1 326 3 338 1 216 1 494 1 93 2 126 2 343 1 274 2 546 1 282 1 320 1 331 1 217 2 129 1 346 1 226 1 66 1 335 3 294 2 16 1 221 1 171 1
//IdTournes NbColis
23 6
//IdColis IdCommandeInColis NbProducts IdProd1 QtyProd1 IdProd2 QtyProd2 ...
320 74 7 48 1 23 1 25 1 50 1 49 2 22 1 423 1
329 76 8 48 1 21 1 25 1 27 1 49 2 296 1 329 1 140 1
332 77 8 48 1 23 1 49 2 50 1 152 1 329 1 102 1 316 1
335 78 7 48 1 23 1 25 1 49 2 50 1 523 2 95 1
339 79 8 36 1 48 1 23 1 49 1 50 1 158 1 404 1 401 1
343 80 7 48 1 25 1 27 1 49 2 50 1 355 1 213 1
//IdTournes NbColis
24 6
//IdColis IdCommandeInColis NbProducts IdProd1 QtyProd1 IdProd2 QtyProd2 ...
347 81 7 48 1 23 1 49 2 50 1 152 1 22 1 329 1
351 82 6 48 1 21 1 25 1 27 1 49 2 24 1
356 83 9 215 1 246 1 48 1 23 1 50 1 496 1 296 1 341 1 329 1
148 34 7 17 1 173 1 88 1 89 2 177 1 482 1 58 1
310 72 6 17 1 54 2 88 1 75 2 78 1 115 1
58 15 5 27 1 81 2 122 3 42 1 40 1
//IdTournes NbColis
25 6
//IdColis IdCommandeInColis NbProducts IdProd1 QtyProd1 IdProd2 QtyProd2 ...
80 20 6 81 2 88 1 82 2 92 1 404 1 41 1
99 24 8 152 1 123 1 156 1 158 1 215 1 246 1 341 1 41 1
298 69 8 89 2 173 1 88 1 177 1 180 1 40 1 35 1 370 1
186 43 10 154 1 155 2 158 1 215 1 457 1 383 1 35 1 393 1 435 1 400 1
254 59 10 105 1 90 1 108 2 211 1 212 1 19 2 104 2 372 1 332 1 356 2
258 60 15 92 1 180 1 341 2 35 1 329 1 336 3 421 1 134 2 193 1 59 1 283 1 362 1 326 3 456 2 453 1
//IdTournes NbColis
26 6
//IdColis IdCommandeInColis NbProducts IdProd1 QtyProd1 IdProd2 QtyProd2 ...
331 76 14 388 1 566 1 219 1 142 1 400 1 107 1 105 1 95 1 90 1 112 1 108 1 137 1 308 1 444 1
248 58 19 180 1 341 2 58 1 336 2 134 1 196 1 510 3 223 2 316 1 256 1 170 1 338 1 326 2 536 1 537 1 323 2 199 1 535 1 417 1
138 32 22 180 1 341 1 329 1 336 2 316 1 59 3 135 1 124 2 125 1 239 1 283 1 306 1 326 2 333 1 338 1 462 1 595 1 93 1 244 2 274 1 310 1 140 1
295 68 26 361 1 377 1 383 1 341 1 243 2 336 2 316 2 59 1 326 2 338 1 204 1 235 1 241 1 301 1 337 1 129 2 107 1 335 1 105 2 95 1 90 1 112 1 108 2 541 1 458 1 372 1
337 78 25 336 1 557 1 316 1 59 1 209 1 371 1 381 1 382 1 326 1 338 1 224 1 409 1 292 2 556 1 346 1 107 1 90 1 112 1 108 1 467 1 137 1 574 1 469 1 288 1 291 1
149 34 12 180 1 60 1 229 1 296 3 341 2 150 2 174 1 329 1 336 2 175 1 193 2 113 1
//IdTournes NbColis
27 6
//IdColis IdCommandeInColis NbProducts IdProd1 QtyProd1 IdProd2 QtyProd2 ...
283 65 35 326 3 338 1 80 1 166 2 324 1 400 1 424 2 107 1 72 1 436 1 335 3 95 1 90 2 112 1 108 2 318 1 431 1 104 1 137 1 140 2 445 1 432 1 420 1 458 1 437 1 440 2 499 2 365 1 412 3 299 1 443 2 308 1 448 2 356 3 360 1
362 85 25 155 1 118 1 423 1 393 1 193 1 510 1 209 1 149 1 364 1 435 1 371 1 381 1 388 1 65 1 259 1 133 1 501 1 502 1 80 1 516 1 517 1 104 1 137 2 519 1 308 1
112 26 19 338 1 352 1 224 1 409 1 283 1 371 1 388 1 55 1 554 1 111 1 107 1 105 1 90 1 95 1 112 1 108 1 137 1 420 2 269 3
232 54 30 102 1 255 1 509 1 135 1 124 1 125 1 524 1 326 2 338 1 55 1 93 1 244 2 501 2 386 1 166 2 282 1 370 1 392 1 346 1 184 2 335 2 104 1 272 2 277 1 289 1 307 2 311 1 340 3 138 3 372 1
237 55 6 67 1 137 1 77 1 499 1 356 1 396 4
273 63 30 259 1 418 1 97 1 385 1 471 1 346 2 107 1 184 1 460 1 468 2 461 1 351 1 105 1 95 1 112 1 108 1 90 1 321 1 431 1 104 2 137 3 252 1 103 1 225 1 77 1 345 1 372 1 308 1 464 3 332 1
//IdTournes NbColis
28 6
//IdColis IdCommandeInColis NbProducts IdProd1 QtyProd1 IdProd2 QtyProd2 ...
276 64 7 81 2 88 1 82 2 92 1 42 1 336 1 543 1
294 68 8 81 1 82 2 88 1 92 1 180 1 42 1 329 1 398 1
311 72 11 118 1 131 1 42 1 296 1 341 4 117 1 344 2 327 2 394 2 483 2 339 1
150 34 22 316 2 62 1 135 2 124 2 125 1 322 2 338 1 326 2 111 1 219 1 323 2 183 1 93 2 244 2 113 1 386 2 282 1 400 3 478 1 129 1 226 1 300 3
281 65 6 25 1 81 3 88 1 82 1 341 1 520 1
10 3 12 82 1 123 1 92 1 207 1 520 1 26 1 271 1 329 2 393 3 134 2 193 1 107 1
//IdTournes NbColis
29 6
//IdColis IdCommandeInColis NbProducts IdProd1 QtyProd1 IdProd2 QtyProd2 ...
312 72 15 483 1 328 3 391 3 397 3 26 1 100 1 395 1 329 2 336 3 134 2 193 2 218 1 223 1 222 1 135 2
19 5 8 92 1 207 1 27 1 81 2 82 1 296 1 336 1 308 1
34 9 8 27 1 132 1 122 2 123 1 92 1 404 1 329 1 549 1
64 16 7 27 1 122 2 132 1 123 1 92 1 457 1 393 1
90 22 7 27 1 122 2 132 1 123 1 92 1 296 1 200 1
107 25 29 178 2 237 1 126 2 93 1 86 1 179 1 564 1 417 1 147 1 521 1 406 1 297 1 331 1 337 1 191 2 346 1 107 1 387 1 335 3 342 2 90 2 95 2 112 1 108 2 186 1 277 1 413 1 307 2 340 3
//IdTournes NbColis
30 6
//IdColis IdCommandeInColis NbProducts IdProd1 QtyProd1 IdProd2 QtyProd2 ...
164 37 29 118 1 328 1 391 1 397 1 395 1 339 1 498 1 329 1 336 1 135 1 124 1 125 1 371 1 382 1 326 1 452 1 454 1 338 1 84 2 93 1 244 1 442 1 337 1 455 1 459 1 460 1 461 1 351 1 140 1
228 53 20 92 1 180 1 591 1 329 1 393 2 316 1 388 2 338 1 84 1 535 1 357 2 386 1 282 3 401 2 400 2 486 1 107 1 105 2 294 1 606 1
272 63 18 173 1 88 1 118 1 193 1 255 2 175 1 515 2 256 1 371 1 381 1 382 2 326 1 388 1 338 1 224 1 409 1 204 1 84 1
291 67 26 92 1 180 1 336 1 134 2 193 1 362 1 326 2 338 1 204 1 84 1 274 1 233 1 166 1 608 1 449 1 346 1 107 1 228 1 335 2 95 1 90 1 112 1 108 2 542 1 104 1 269 1
307 71 25 207 1 336 2 102 1 193 1 316 1 202 1 283 1 326 2 338 1 462 1 84 1 521 1 593 1 324 1 601 1 107 1 335 2 105 1 90 1 108 1 211 1 212 1 431 2 321 4 137 1
81 20 21 180 1 404 1 344 1 329 1 393 2 87 1 249 1 109 2 316 1 618 2 182 1 338 1 224 1 409 1 371 1 381 1 382 1 388 2 260 1 278 3 129 1
//IdTournes NbColis
31 6
//IdColis IdCommandeInColis NbProducts IdProd1 QtyProd1 IdProd2 QtyProd2 ...
174 40 7 116 1 120 1 155 2 158 1 215 1 404 1 121 1
178 41 8 116 1 120 1 154 1 158 1 215 1 457 2 296 1 404 1
192 45 9 116 1 120 1 154 1 155 1 158 1 215 1 393 1 157 1 193 1
200 47 21 116 1 404 1 393 1 193 1 218 1 506 1 239 1 388 2 238 1 521 1 232 1 107 1 184 1 105 1 90 1 108 1 211 1 212 1 198 1 474 1 403 1
9 3 5 81 3 82 3 508 1 520 1 129 1
38 10 11 81 1 82 1 123 1 92 1 207 1 577 1 336 2 193 1 149 1 364 1 371 1
//IdTournes NbColis
32 6
//IdColis IdCommandeInColis NbProducts IdProd1 QtyProd1 IdProd2 QtyProd2 ...
123 29 12 75 1 101 2 92 1 180 1 213 1 329 1 336 1 160 1 193 1 224 1 409 1 107 1
142 33 5 81 3 88 1 82 2 341 1 344 1
167 38 5 81 2 82 3 88 1 336 1 134 2
212 50 6 81 3 88 1 82 2 163 1 329 1 140 1
223 52 9 81 1 88 1 82 1 101 1 92 1 180 1 329 1 393 1 102 1
286 66 8 81 1 88 1 82 1 92 1 180 1 457 1 425 1 404 2
//IdTournes NbColis
33 6
//IdColis IdCommandeInColis NbProducts IdProd1 QtyProd1 IdProd2 QtyProd2 ...
290 67 6 81 2 82 3 88 1 341 1 336 1 269 1
133 31 22 125 1 362 1 326 3 338 1 352 1 462 1 65 3 176 2 580 3 375 1 93 2 244 2 63 1 357 2 206 1 545 1 166 1 324 1 304 2 353 2 368 1 565 2
184 42 8 342 2 90 1 95 1 108 1 212 1 64 1 104 1 137 1
340 79 6 215 1 246 2 152 2 123 1 404 1 150 1
314 72 17 171 2 104 1 138 3 139 2 67 3 272 3 277 2 289 1 307 2 340 3 140 2 428 1 267 1 227 1 286 1 288 2 299 1
231 54 10 88 1 101 2 118 1 328 2 391 2 397 2 395 1 339 1 329 1 336 2
//IdTournes NbColis
34 6
//IdColis IdCommandeInColis NbProducts IdProd1 QtyProd1 IdProd2 QtyProd2 ...
235 55 12 101 2 118 1 296 1 383 1 344 1 327 1 394 1 328 2 397 2 391 2 395 1 336 1
42 11 25 122 1 404 2 523 1 483 1 393 2 193 1 109 1 388 2 338 1 231 1 185 1 348 3 401 1 226 1 107 1 230 1 459 1 460 1 461 1 351 1 105 2 95 1 90 1 112 1 104 1
60 15 26 316 1 135 2 124 2 125 1 239 1 170 1 268 1 326 3 338 1 185 1 126 2 93 2 315 1 324 1 522 1 107 1 335 3 342 1 90 2 95 2 112 1 108 2 186 1 104 1 138 3 67 2
183 42 27 190 1 296 2 404 1 200 1 344 1 192 1 109 3 317 1 364 1 435 1 371 1 381 1 388 1 338 1 149 1 185 1 235 1 453 1 551 1 449 1 346 1 107 1 187 1 461 1 351 1 105 1 342 1
59 15 11 123 1 92 1 207 1 341 3 128 2 329 1 336 3 134 2 193 1 316 1 186 1
104 25 5 75 4 173 1 88 1 482 1 329 1
//IdTournes NbColis
35 6
//IdColis IdCommandeInColis NbProducts IdProd1 QtyProd1 IdProd2 QtyProd2 ...
119 28 6 75 2 173 1 88 1 101 2 329 1 336 2
137 32 7 75 1 173 1 88 1 101 2 92 1 341 1 276 1
182 42 8 49 1 152 1 123 1 156 1 158 1 215 1 457 1 393 1
196 46 12 49 1 123 1 156 1 158 1 215 1 404 1 276 1 393 1 149 1 364 1 435 1 107 1
220 51 21 335 2 105 1 95 2 90 2 112 1 108 2 542 2 186 2 340 3 138 3 139 2 67 2 272 2 277 1 413 1 307 2 137 2 586 1 616 1 308 1 384 3
252 59 6 75 3 173 1 88 1 101 1 336 2 134 1
//IdTournes NbColis
36 6
//IdColis IdCommandeInColis NbProducts IdProd1 QtyProd1 IdProd2 QtyProd2 ...
263 61 7 75 2 92 1 173 1 88 1 101 1 131 1 336 1
355 83 6 49 2 152 1 123 1 156 1 158 1 194 1
345 80 19 207 1 361 2 404 2 393 2 205 1 102 1 193 1 109 1 210 1 379 1 316 2 283 1 388 2 338 1 253 1 357 2 113 1 330 1 342 1
218 51 10 101 1 92 1 180 1 131 1 229 1 341 3 588 1 329 1 336 3 193 2
26 7 8 152 1 123 1 156 1 246 2 207 1 341 1 329 1 308 1
41 11 7 123 1 92 1 207 1 152 2 122 1 457 1 423 1
//IdTournes NbColis
37 6
//IdColis IdCommandeInColis NbProducts IdProd1 QtyProd1 IdProd2 QtyProd2 ...
85 21 6 122 3 152 2 132 1 550 1 329 1 393 1
131 31 6 152 2 123 1 156 1 246 2 377 1 354 1
302 70 7 152 2 123 1 156 1 246 2 341 1 329 1 347 1
306 71 6 152 2 123 1 156 1 246 2 341 1 329 1
317 73 8 152 1 123 1 156 1 246 2 207 1 336 1 109 1 316 1
321 74 7 152 2 123 1 156 1 215 1 246 1 355 1 414 1
//IdTournes NbColis
38 6
//IdColis IdCommandeInColis NbProducts IdProd1 QtyProd1 IdProd2 QtyProd2 ...
330 76 13 152 1 123 1 156 1 246 1 207 1 316 1 524 1 149 1 283 1 364 1 371 1 381 1 382 1
336 78 8 152 1 123 1 156 1 215 1 246 2 523 1 329 1 453 1
344 80 6 152 2 123 1 156 1 246 2 355 1 329 1
352 82 6 152 2 123 1 156 1 246 2 329 2 336 1
23 6 13 132 1 123 1 156 1 246 1 207 1 393 1 193 1 317 1 149 1 364 1 371 1 381 1 382 1
30 8 7 132 1 122 2 123 1 156 1 207 1 341 1 276 1
//IdTournes NbColis
39 6
//IdColis IdCommandeInColis NbProducts IdProd1 QtyProd1 IdProd2 QtyProd2 ...
72 18 11 132 1 122 1 123 1 92 1 207 1 404 1 553 1 393 1 193 1 109 1 317 1
76 19 9 132 1 122 1 123 1 92 1 207 1 404 1 344 2 393 1 195 2
56 14 4 340 2 137 1 119 3 140 2
189 44 18 120 1 154 1 158 1 215 1 393 1 109 1 317 1 135 1 124 1 125 1 388 1 93 1 244 1 417 1 399 1 107 1 127 1 108 1
86 21 19 123 1 156 1 207 1 393 1 193 1 510 1 109 1 317 2 189 1 388 2 338 1 470 1 352 1 463 1 166 2 370 1 331 1 348 1 137 1
318 73 25 189 1 381 1 382 1 338 1 427 1 224 1 409 1 371 1 326 1 568 1 204 1 324 1 346 1 107 1 105 1 90 1 108 1 211 1 212 1 104 1 137 1 573 1 332 1 372 1 308 1
//IdTournes NbColis
40 6
//IdColis IdCommandeInColis NbProducts IdProd1 QtyProd1 IdProd2 QtyProd2 ...
69 17 19 122 2 404 2 393 2 102 1 193 1 524 1 388 2 338 1 65 1 237 1 323 2 136 1 274 1 107 1 184 2 528 1 459 1 342 1 127 1
353 82 28 207 1 336 1 193 1 109 1 256 1 382 1 326 2 338 1 65 1 183 1 181 4 417 1 166 1 324 1 608 1 533 1 129 1 107 1 228 1 90 1 95 1 112 1 108 2 503 1 605 1 332 2 403 1 610 1
159 36 6 75 2 88 1 101 2 92 1 341 1 354 1
207 49 5 75 3 88 1 101 2 457 1 363 1
217 51 5 75 3 88 1 101 2 78 1 329 1
239 56 6 82 2 88 1 101 2 92 1 457 1 423 1
//IdTournes NbColis
41 6
//IdColis IdCommandeInColis NbProducts IdProd1 QtyProd1 IdProd2 QtyProd2 ...
243 57 6 82 2 88 1 101 2 92 1 404 1 240 1
257 60 5 75 2 88 1 101 3 341 1 128 1
323 74 33 583 1 244 2 99 1 181 1 407 1 429 1 551 1 304 1 346 1 107 1 426 1 105 2 90 2 108 2 211 1 212 1 245 1 579 1 415 1 104 1 272 2 277 1 287 1 289 1 307 1 340 2 138 2 67 2 137 1 164 1 291 1 430 1 130 1
5 2 11 82 1 101 2 92 1 180 1 341 1 336 1 329 1 193 1 224 1 409 1 283 1
115 27 7 82 1 101 2 92 1 180 1 71 1 296 1 377 2
271 63 7 89 2 155 2 177 1 180 1 505 1 329 1 336 1
//IdTournes NbColis
42 6
//IdColis IdCommandeInColis NbProducts IdProd1 QtyProd1 IdProd2 QtyProd2 ...
282 65 10 82 2 92 1 180 1 341 2 329 1 336 3 109 1 379 1 316 2 129 1
143 33 16 92 1 180 1 83 1 341 1 329 1 336 2 510 1 557 1 317 2 290 1 135 1 124 2 125 1 293 1 326 2 93 1
108 25 13 138 3 139 2 67 2 623 2 137 1 145 2 349 1 422 1 299 1 308 1 332 1 403 1 356 1
129 30 9 289 1 319 1 340 3 145 2 312 1 349 2 345 2 269 1 313 2
179 41 20 404 1 555 1 393 2 193 1 317 1 316 1 338 1 362 1 388 2 330 1 297 2 556 1 107 1 127 1 108 2 211 1 212 1 104 1 145 2 140 1
333 77 9 123 1 156 1 158 1 215 1 246 2 149 1 364 1 371 1 585 1
//IdTournes NbColis
43 6
//IdColis IdCommandeInColis NbProducts IdProd1 QtyProd1 IdProd2 QtyProd2 ...
348 81 7 123 1 156 1 158 1 215 1 246 2 71 1 336 1
171 39 18 154 1 155 1 158 1 215 1 71 1 404 1 393 1 388 1 107 1 72 1 159 1 460 1 575 1 351 1 127 1 108 1 211 1 212 1
349 81 20 200 1 316 1 224 1 409 1 371 1 381 1 382 1 326 1 338 1 405 1 301 1 346 1 107 1 105 1 90 1 108 1 211 1 212 1 137 1 308 1
105 25 8 101 3 177 1 180 1 482 1 377 1 383 1 341 1 140 1
253 59 21 101 1 177 1 180 1 316 1 371 1 381 1 382 1 326 1 388 1 338 1 224 1 409 1 367 1 375 1 259 2 563 1 337 2 346 1 107 1 105 1 469 1
65 16 28 207 1 229 1 404 1 393 1 193 1 379 1 224 1 388 2 456 1 338 1 74 2 533 2 527 1 107 1 184 2 525 1 105 2 90 1 108 2 211 1 212 1 302 1 104 1 164 1 140 1 434 1 532 3 308 1
//IdTournes NbColis
44 6
//IdColis IdCommandeInColis NbProducts IdProd1 QtyProd1 IdProd2 QtyProd2 ...
93 22 14 272 3 277 2 285 2 287 2 289 1 311 4 340 3 138 3 67 3 137 1 146 1 164 1 403 1 571 2
169 38 6 212 1 242 1 104 1 103 1 164 1 403 1
249 58 21 535 1 417 1 166 1 107 1 436 1 335 2 105 2 197 1 90 1 108 2 211 1 212 1 540 1 164 1 140 1 428 1 266 3 499 2 365 1 543 2 544 1
287 66 24 591 1 393 2 421 1 134 1 102 1 193 1 510 1 506 2 316 2 338 1 388 2 165 1 348 1 533 1 107 1 105 2 90 1 108 2 211 1 212 1 104 1 137 1 248 1 164 1
341 79 27 156 1 203 2 526 1 329 1 393 2 102 1 255 1 109 1 476 1 388 2 338 1 473 1 463 1 400 1 477 1 107 1 105 2 108 2 211 1 212 1 90 1 350 1 472 1 164 1 266 1 531 1 529 1
268 62 22 177 1 180 1 195 1 193 1 326 2 338 1 418 1 297 2 331 3 292 1 424 1 107 1 184 2 294 1 95 1 90 1 112 1 108 2 431 3 104 1 137 1 530 1
//IdTournes NbColis
45 6
//IdColis IdCommandeInColis NbProducts IdProd1 QtyProd1 IdProd2 QtyProd2 ...
132 31 15 207 1 377 2 354 1 625 2 329 1 336 3 157 1 134 2 193 2 578 2 379 1 316 2 135 2 124 2 545 1
213 50 18 92 1 180 1 329 1 336 2 157 1 193 1 109 2 316 2 382 1 338 1 427 3 326 2 237 1 111 1 323 1 572 1 166 2 105 1
244 57 31 180 1 423 1 393 1 157 1 317 1 149 1 364 1 371 1 381 1 382 1 388 1 338 1 551 1 265 1 584 1 107 1 184 1 436 1 426 1 342 1 127 1 108 1 211 1 212 1 609 1 511 1 415 1 137 1 308 1 448 1 543 1
236 55 33 339 1 336 1 102 1 134 1 135 1 124 1 125 1 182 1 367 1 326 2 338 1 462 1 93 1 244 2 179 1 538 1 545 1 546 1 301 1 304 1 387 1 184 2 335 2 342 1 104 1 272 2 277 1 285 1 287 1 289 1 340 2 138 2 67 1
16 4 20 92 1 207 1 71 1 336 1 134 1 316 2 224 1 409 1 371 1 381 1 382 2 326 2 338 1 375 1 534 1 453 1 166 2 129 1 107 1 184 1
50 13 15 92 1 207 1 341 2 203 1 329 2 336 3 596 1 316 2 256 1 275 1 326 3 338 1 548 1 343 1 512 1
//IdTournes NbColis
46 6
//IdColis IdCommandeInColis NbProducts IdProd1 QtyProd1 IdProd2 QtyProd2 ...
35 9 24 207 1 393 1 102 1 382 1 338 1 224 1 409 1 371 1 381 1 388 1 204 1 346 1 107 1 184 1 105 1 90 1 108 1 211 1 212 1 242 1 450 1 137 1 372 1 308 1
240 56 29 180 1 404 2 393 2 109 1 316 1 224 1 409 1 371 1 381 1 382 1 388 2 324 1 107 1 590 1 105 2 108 2 90 1 211 1 212 1 104 1 106 1 103 2 262 1 140 1 519 1 617 1 475 1 615 1 308 1
277 64 21 180 1 341 2 336 1 329 2 193 1 249 1 379 1 316 2 224 1 548 1 409 1 371 1 381 1 382 2 326 2 338 1 613 1 166 1 348 2 282 1 370 1
55 14 26 134 4 124 2 125 1 135 1 326 2 338 1 427 3 126 2 93 1 136 2 418 1 133 1 297 2 129 1 424 1 335 1 105 1 411 1 104 1 138 2 139 1 67 2 272 2 277 1 289 1 307 1
299 69 24 329 1 336 2 134 2 193 1 316 1 326 2 338 1 181 1 191 1 129 1 424 1 107 1 387 1 335 2 105 2 95 1 90 1 112 1 108 2 104 1 428 1 412 1 308 1 130 1
77 19 35 195 1 193 1 316 1 135 1 124 1 125 1 388 1 338 1 352 1 462 1 93 1 244 2 551 1 368 1 107 1 105 1 90 1 95 1 112 1 108 1 263 1 285 1 287 1 289 1 340 2 138 2 67 2 272 2 277 1 137 1 434 2 439 1 592 1 499 3 372 2
//IdTournes NbColis
47 6
//IdColis IdCommandeInColis NbProducts IdProd1 QtyProd1 IdProd2 QtyProd2 ...
31 8 28 243 1 336 1 193 1 109 1 317 1 466 1 364 1 371 1 381 1 326 1 338 1 149 1 435 1 165 1 346 1 107 1 459 1 460 1 468 1 461 1 351 1 127 1 108 1 211 1 212 1 104 1 137 1 308 1
92 22 27 124 1 125 1 326 3 338 1 93 2 244 2 343 1 419 1 572 2 324 1 282 1 370 1 348 3 292 1 191 1 565 2 107 1 569 1 335 3 105 2 95 2 90 2 108 2 212 1 567 1 570 2 308 1
219 51 22 109 1 249 2 506 1 316 2 135 2 124 2 125 1 587 2 338 1 326 3 93 2 244 2 343 1 463 4 324 1 533 2 400 1 368 1 129 1 107 1 335 1 105 1
187 43 15 388 1 338 1 74 1 274 1 551 1 107 1 105 1 294 1 90 1 108 1 211 1 212 1 104 1 137 1 140 1
39 10 19 381 1 382 1 388 2 338 1 535 1 94 1 107 1 148 1 95 1 90 1 112 1 108 1 402 1 104 1 137 1 103 1 225 1 167 1 586 1
87 21 20 282 1 337 1 107 1 461 1 351 1 294 1 90 2 95 2 112 1 108 2 431 1 104 1 347 1 350 1 280 2 305 2 422 3 308 1 380 2 552 1
//IdTournes NbColis
48 6
//IdColis IdCommandeInColis NbProducts IdProd1 QtyProd1 IdProd2 QtyProd2 ...
193 45 27 317 1 149 1 364 1 371 1 381 1 382 2 388 1 338 1 147 1 417 1 521 1 282 1 346 1 107 1 148 1 184 2 105 2 90 1 95 1 112 1 108 2 104 1 621 1 146 1 620 1 617 1 622 1
209 49 21 601 1 400 2 346 1 107 1 105 1 95 1 90 1 112 1 108 2 321 1 104 1 450 1 540 1 347 2 247 1 349 1 372 1 308 3 332 3 130 2 543 1
229 53 6 95 1 90 1 112 1 108 2 603 1 104 1
278 64 8 598 1 107 1 335 2 105 2 95 1 90 1 112 1 108 2
20 5 25 341 1 193 1 239 1 371 1 381 1 382 1 326 1 338 1 224 1 409 1 518 1 331 1 346 1 107 1 184 1 351 1 105 1 90 1 108 1 211 1 212 1 465 1 104 1 137 1 106 1
24 6 14 388 1 338 1 551 1 278 1 337 1 107 1 105 1 90 1 108 1 211 1 212 1 104 1 137 1 308 1
//IdTournes NbColis
49 6
//IdColis IdCommandeInColis NbProducts IdProd1 QtyProd1 IdProd2 QtyProd2 ...
51 13 24 324 1 301 1 348 1 265 1 602 2 300 1 584 1 107 1 335 2 105 2 90 2 108 2 211 1 212 1 302 2 318 1 104 1 311 1 137 1 347 3 350 1 314 1 270 1 269 1
97 23 8 105 1 90 1 108 1 211 1 212 1 137 1 140 1 464 1
156 35 11 90 2 112 1 108 2 541 2 542 3 104 1 137 1 247 1 492 2 308 1 491 2
224 52 24 193 1 109 1 210 1 381 1 382 1 338 1 149 1 364 1 371 1 388 1 484 1 184 1 461 1 351 1 105 1 90 1 108 1 211 1 212 1 402 1 562 1 137 1 422 1 308 1
334 77 17 381 1 382 1 388 1 338 1 204 1 337 1 107 1 257 1 127 1 108 1 211 1 212 1 581 1 104 1 137 1 299 1 308 1
346 80 11 304 1 400 2 346 2 107 1 127 1 211 1 212 1 108 1 104 1 137 1 308 1
//IdTournes NbColis
50 6
//IdColis IdCommandeInColis NbProducts IdProd1 QtyProd1 IdProd2 QtyProd2 ...
358 83 17 366 1 107 1 387 3 358 1 335 2 342 4 127 1 108 1 211 1 212 1 104 1 137 2 398 1 270 1 403 1 360 1 369 1
152 34 6 103 3 303 2 140 2 349 2 312 1 345 1
70 17 4 108 2 211 1 212 1 104 1
265 61 3 104 1 137 1 543 2
117 27 14 139 1 67 1 272 1 277 1 413 1 307 1 340 2 137 1 248 1 347 1 262 1 140 1 432 3 332 1
145 33 19 272 1 277 2 289 1 307 2 340 3 138 3 139 2 589 1 137 2 248 1 279 1 303 3 280 1 140 3 264 2 312 2 305 1 309 1 291 1
//IdTournes NbColis
51 6
//IdColis IdCommandeInColis NbProducts IdProd1 QtyProd1 IdProd2 QtyProd2 ...
102 24 7 277 1 285 1 287 1 289 1 106 1 347 1 269 2
43 11 9 108 2 314 1 140 1 398 1 474 2 475 1 372 1 130 1 530 2
61 15 13 67 1 272 3 277 2 287 2 289 1 307 2 340 3 137 1 168 1 169 1 308 1 332 1 325 1
190 44 14 211 1 212 1 138 2 272 2 277 1 504 1 285 1 287 1 289 1 319 1 451 2 340 2 137 1 439 1
233 54 5 139 2 67 2 280 1 308 1 380 1
176 40 3 422 3 130 1 543 1
//IdTournes NbColis
52 5
//IdColis IdCommandeInColis NbProducts IdProd1 QtyProd1 IdProd2 QtyProd2 ...
135 31 4 380 2 325 1 360 1 396 1
284 65 2 291 3 447 1
296 68 2 308 1 374 1
140 32 2 312 1 345 1
304 70 2 347 1 378 1
