//NbTournees
26
//IdTournes NbColis
1 6
//IdColis IdCommandeInColis NbProducts IdProd1 QtyProd1 IdProd2 QtyProd2 ...
51 15 28 32 1 58 1 326 1 136 1 155 1 110 1 180 1 52 1 183 1 192 1 169 1 267 1 473 1 191 1 158 1 184 1 24 1 300 1 304 1 435 1 68 1 70 4 620 1 22 1 64 1 21 1 98 1 641 1
59 19 22 92 1 402 1 274 1 185 1 97 1 101 1 128 1 134 1 143 1 154 1 182 1 454 1 382 1 457 1 522 1 441 1 190 1 326 1 460 1 136 1 695 1 652 1
62 20 20 402 1 274 1 97 1 152 1 164 1 174 1 179 1 291 1 390 1 425 1 582 1 388 1 130 2 288 1 438 1 32 1 49 1 58 1 460 1 681 1
68 21 33 632 1 628 1 129 1 159 1 385 1 177 1 387 1 403 1 117 1 277 1 505 1 477 1 160 1 599 1 646 1 542 1 157 1 339 1 7 1 601 1 122 1 99 2 125 1 102 1 156 2 106 1 623 1 633 1 54 1 566 1 50 1 647 1 622 1
74 22 25 379 1 419 1 381 2 303 1 300 1 301 1 493 1 435 2 466 1 620 1 68 1 70 3 702 1 64 1 69 1 414 1 614 1 563 1 99 1 103 1 35 2 10 1 54 1 566 1 565 1
1 1 20 42 1 211 1 101 1 154 1 425 1 512 1 404 1 238 1 388 1 32 1 47 2 49 1 51 3 204 1 233 2 413 1 324 1 4 1 38 1 15 1
//IdTournes NbColis
2 6
//IdColis IdCommandeInColis NbProducts IdProd1 QtyProd1 IdProd2 QtyProd2 ...
2 1 17 136 2 196 1 201 1 110 1 115 1 118 1 214 2 217 1 220 1 226 1 254 2 265 1 426 1 362 2 363 1 506 1 479 1
8 3 18 8 1 101 1 144 1 284 2 223 1 174 1 179 2 354 1 573 1 182 1 425 1 522 1 241 1 388 1 580 1 47 2 203 1 532 1
14 5 25 192 1 183 1 100 1 139 1 109 1 117 2 126 1 169 1 267 1 272 1 481 1 191 1 158 1 295 1 39 1 171 1 173 1 235 1 419 1 446 1 300 1 470 1 551 1 464 1 31 1
17 6 19 238 2 44 1 48 1 168 1 353 1 233 1 421 1 451 1 498 1 326 1 460 1 52 1 196 1 198 1 110 2 205 1 219 1 180 1 270 1
25 8 17 42 1 365 1 274 1 101 1 107 1 200 1 112 1 208 1 152 2 223 2 310 1 166 1 232 2 174 1 386 1 238 1 590 1
27 8 17 58 1 108 2 204 1 168 1 233 2 421 1 491 1 474 1 136 1 148 1 290 1 76 1 196 2 198 2 218 1 26 1 84 1
//IdTournes NbColis
3 6
//IdColis IdCommandeInColis NbProducts IdProd1 QtyProd1 IdProd2 QtyProd2 ...
40 11 20 80 1 211 1 273 1 274 1 133 1 101 1 107 1 152 1 310 1 165 1 179 1 182 1 317 1 398 1 195 1 522 1 49 1 288 1 451 1 326 1
45 13 20 88 1 91 2 502 1 274 1 133 1 101 1 112 1 121 1 143 1 244 1 165 1 232 1 249 1 258 1 454 1 75 1 289 1 47 1 282 1 17 1
50 15 20 90 1 645 1 402 1 274 1 101 1 121 1 144 1 170 1 179 1 182 1 195 1 399 1 382 1 522 1 188 1 108 2 137 1 460 1 93 1 15 1
71 22 17 404 1 175 1 114 1 153 1 255 2 498 1 47 1 48 1 58 2 326 1 460 1 148 1 275 1 118 1 362 2 363 2 100 1
78 23 24 180 1 476 1 581 1 523 1 183 1 100 1 146 1 147 1 172 1 257 1 461 1 267 1 473 1 477 1 481 1 505 1 367 1 475 1 77 1 105 1 142 2 173 1 371 1 620 1
81 24 18 81 1 502 1 365 1 231 1 488 1 402 1 274 1 101 2 200 1 121 2 134 1 144 1 232 1 151 1 152 1 336 1 249 1 15 1
//IdTournes NbColis
4 6
//IdColis IdCommandeInColis NbProducts IdProd1 QtyProd1 IdProd2 QtyProd2 ...
83 24 21 44 2 49 1 190 1 326 1 460 1 113 1 148 1 448 1 275 1 196 1 217 1 218 1 219 1 366 1 226 1 369 2 391 1 362 2 206 1 10 1 589 1
90 25 22 204 1 225 1 47 1 48 1 49 1 215 1 167 1 416 1 136 1 290 1 196 1 110 1 234 1 254 1 321 1 409 1 202 1 183 1 186 1 213 1 82 1 701 1
93 26 19 101 1 200 1 121 1 223 1 161 1 166 1 232 1 258 1 318 1 360 1 453 1 582 1 327 1 130 1 233 1 251 1 255 1 584 1 603 1
94 26 24 585 1 51 1 58 1 275 1 196 1 115 1 218 1 252 1 253 1 259 1 265 1 523 1 485 1 206 1 169 1 277 1 596 1 250 1 435 1 520 1 46 1 124 1 589 1 84 1
96 27 21 90 1 81 1 242 1 244 1 166 1 249 1 237 1 193 1 398 1 425 1 188 1 266 1 585 1 47 1 51 1 190 1 113 1 196 1 217 1 219 1 660 1
99 28 21 78 1 264 1 273 1 127 1 101 1 243 1 232 1 258 1 261 1 241 1 188 1 255 1 271 1 51 1 326 1 196 1 409 1 109 1 126 1 247 1 71 1
//IdTournes NbColis
5 6
//IdColis IdCommandeInColis NbProducts IdProd1 QtyProd1 IdProd2 QtyProd2 ...
101 29 19 95 2 101 1 112 1 154 1 244 1 232 1 256 1 258 1 425 1 456 1 649 1 75 1 260 1 130 1 32 1 49 1 58 1 55 1 1 1
102 29 20 113 1 275 1 196 2 110 1 150 1 226 1 210 1 257 1 169 1 277 1 246 1 248 1 55 1 70 4 658 1 564 1 65 2 11 1 50 1 589 1
104 30 21 43 1 101 1 107 1 200 1 240 1 154 1 223 1 165 1 249 1 182 1 398 1 434 1 522 1 230 1 516 1 648 3 115 1 214 1 252 1 46 1 589 1
107 31 22 274 1 101 1 121 1 240 1 140 1 182 1 269 1 434 1 522 1 75 1 239 1 225 1 266 1 268 1 498 1 47 1 263 1 326 1 116 1 265 1 82 1 19 1
109 32 21 690 1 80 1 569 1 299 1 101 1 208 1 281 1 283 1 293 1 289 1 675 1 49 1 58 1 637 1 286 1 234 1 294 1 186 2 68 1 685 1 527 1
111 33 22 274 1 402 1 101 1 209 1 152 1 223 1 291 1 182 1 398 1 328 1 606 1 108 1 266 1 584 1 326 1 460 1 252 1 547 1 52 1 262 1 224 1 589 1
//IdTournes NbColis
6 6
//IdColis IdCommandeInColis NbProducts IdProd1 QtyProd1 IdProd2 QtyProd2 ...
114 34 20 274 1 402 1 101 1 121 1 279 1 283 1 291 1 297 1 372 1 373 1 182 1 522 2 404 1 406 1 238 1 455 1 287 1 292 1 51 1 692 1
118 35 23 707 1 8 1 402 1 274 1 101 1 121 1 144 1 425 1 465 1 238 1 288 1 292 2 47 2 648 1 460 1 326 1 148 1 155 1 110 1 82 1 595 1 593 1 15 1
171 51 20 299 1 127 1 336 1 258 1 522 1 290 1 341 1 196 1 110 1 115 1 536 1 186 1 480 1 272 1 173 1 71 3 532 1 11 1 85 1 540 1
172 52 23 264 1 468 1 425 1 521 1 260 1 251 1 255 1 326 1 196 1 321 1 186 1 529 1 117 1 169 1 518 2 142 1 301 1 520 1 35 1 3 1 531 1 528 1 538 1
6 2 24 43 1 264 1 161 1 232 1 258 1 456 1 238 1 32 1 51 1 347 1 255 1 516 1 326 1 214 1 262 1 169 1 519 1 197 1 514 1 228 1 436 1 55 1 54 1 20 1
9 3 22 204 1 137 1 288 1 136 1 52 1 205 1 217 1 254 1 276 1 262 1 574 1 199 1 169 1 405 1 473 1 191 1 197 1 184 1 295 2 235 1 381 1 68 1
//IdTournes NbColis
7 6
//IdColis IdCommandeInColis NbProducts IdProd1 QtyProd1 IdProd2 QtyProd2 ...
12 4 10 277 1 197 1 235 1 55 1 71 4 69 1 35 1 45 1 53 2 50 1
36 10 18 168 2 233 2 389 1 450 1 451 1 669 1 494 1 190 1 326 1 460 1 136 1 52 1 198 1 110 1 116 1 205 2 194 1 25 1
91 25 21 146 1 194 1 296 1 267 1 191 1 197 1 295 1 428 1 700 1 704 1 435 1 551 2 23 1 646 1 70 4 699 2 104 1 46 1 106 1 31 1 689 1
108 31 20 270 1 276 1 262 1 206 1 169 1 277 1 518 1 197 1 41 1 330 1 55 1 71 4 564 1 65 1 525 1 85 1 655 1 652 1 589 1 25 1
117 34 9 431 1 458 1 70 3 65 1 103 1 124 1 567 1 565 1 15 1
122 36 12 197 1 142 1 71 4 7 2 641 1 124 1 11 1 2 1 612 1 3 1 556 1 622 1
//IdTournes NbColis
8 6
//IdColis IdCommandeInColis NbProducts IdProd1 QtyProd1 IdProd2 QtyProd2 ...
124 37 20 239 1 225 1 32 1 48 1 58 2 326 1 136 1 308 1 411 1 198 1 205 1 218 1 270 1 409 1 581 1 501 1 52 1 192 1 109 1 267 1
30 8 22 71 4 69 1 564 1 640 1 21 2 104 1 46 1 123 2 124 2 3 1 18 1 85 1 528 1 87 1 526 1 74 1 635 1 561 2 10 1 557 1 617 1 559 1
47 13 11 173 1 435 1 464 1 278 1 71 4 64 2 104 1 38 1 586 2 19 1 15 1
64 20 31 109 1 267 1 519 1 82 3 173 1 176 1 436 1 439 1 68 1 70 4 640 1 64 2 69 1 21 1 104 1 67 1 46 1 525 2 563 1 27 1 26 1 641 1 534 1 5 2 556 1 30 1 36 1 531 1 597 1 86 1 687 1
87 24 17 435 1 464 2 439 2 520 1 651 1 644 1 542 1 157 1 68 1 70 7 69 1 21 1 104 1 222 2 1 1 641 1 124 3
105 30 24 254 1 409 1 186 2 262 1 169 1 272 1 277 1 505 1 24 1 105 1 435 2 63 2 68 4 71 4 640 1 463 1 104 1 563 1 38 1 595 1 124 1 531 1 56 1 638 1
//IdTournes NbColis
9 6
//IdColis IdCommandeInColis NbProducts IdProd1 QtyProd1 IdProd2 QtyProd2 ...
112 33 24 192 2 210 1 162 1 302 1 480 1 298 1 224 1 235 2 300 1 458 1 436 1 71 4 607 1 104 1 46 1 614 1 623 2 93 1 124 1 11 1 556 1 597 1 74 1 622 1
174 53 25 539 1 42 1 121 1 284 1 249 1 261 1 75 1 153 1 517 1 201 1 115 1 205 1 186 1 412 1 199 1 24 1 142 1 66 1 64 1 104 1 35 1 532 1 530 1 537 1 535 1
73 22 21 499 1 504 2 508 2 509 2 482 1 483 1 500 2 489 1 599 1 131 1 407 1 397 2 82 1 105 1 145 1 171 1 235 1 181 1 379 1 706 1 25 1
128 38 14 213 1 147 1 169 1 277 1 14 1 105 1 319 1 330 1 70 3 640 2 64 1 1 1 124 1 567 1
131 39 21 158 1 184 1 105 1 212 1 142 1 145 1 381 1 300 1 424 1 301 1 435 1 23 1 71 4 123 1 586 1 124 2 530 2 86 1 635 1 598 1 689 1
176 54 11 78 1 457 1 225 1 190 1 517 1 523 1 513 1 71 3 1 1 541 1 25 1
//IdTournes NbColis
10 6
//IdColis IdCommandeInColis NbProducts IdProd1 QtyProd1 IdProd2 QtyProd2 ...
34 10 19 78 1 79 1 402 1 274 1 107 1 305 1 200 2 112 1 166 1 232 1 152 1 284 1 243 1 223 1 161 1 174 1 376 1 442 1 57 1
66 21 23 627 1 383 1 393 1 141 1 626 1 133 1 107 1 112 1 121 1 135 1 161 1 166 1 179 1 354 1 394 1 400 1 625 1 630 1 404 1 51 1 11 1 589 1 15 1
76 23 20 402 1 274 1 127 1 107 1 112 1 144 1 161 1 164 2 152 1 283 1 154 1 179 1 373 1 398 1 425 1 522 1 678 1 260 1 460 1 589 1
89 25 21 78 1 666 1 673 1 274 1 133 1 107 1 209 1 134 1 237 1 179 1 390 1 427 1 434 1 328 1 175 1 289 1 423 1 408 1 203 1 51 1 637 1
133 40 24 94 1 8 1 430 1 274 1 402 1 133 1 107 1 112 1 164 1 179 1 398 1 75 1 311 1 229 1 230 1 175 1 238 1 432 1 423 1 408 1 204 1 288 1 689 1 589 1
136 40 23 447 1 301 1 304 1 464 1 330 1 439 1 435 1 551 1 644 1 66 1 70 4 22 2 69 2 463 1 21 2 26 1 106 1 683 1 682 1 2 1 534 1 530 1 635 1
//IdTournes NbColis
11 6
//IdColis IdCommandeInColis NbProducts IdProd1 QtyProd1 IdProd2 QtyProd2 ...
138 41 24 274 1 107 1 305 1 310 1 227 1 165 1 237 1 609 1 204 1 474 1 671 1 552 1 263 1 326 1 341 1 343 1 262 1 302 1 199 1 109 1 68 1 10 1 589 1 84 1
140 42 23 89 1 83 1 274 1 402 1 127 1 107 1 283 1 182 1 237 1 577 1 289 1 239 1 130 1 189 1 326 1 460 1 150 1 340 1 183 1 192 1 599 1 601 1 25 1
46 13 23 108 1 203 1 137 1 32 1 136 1 110 1 218 1 369 1 254 1 391 1 581 1 210 1 147 1 377 1 199 1 126 1 169 2 473 1 277 1 82 1 216 1 595 1 589 1
85 24 18 437 1 146 1 194 1 296 1 302 2 480 1 429 2 199 1 117 1 334 1 169 1 298 1 405 1 473 2 505 2 511 1 504 2 68 1
143 43 19 40 1 663 1 664 1 666 1 668 1 299 1 200 1 306 1 279 1 283 1 284 1 166 1 373 1 392 1 261 1 193 1 395 1 15 1 527 2
145 43 30 355 1 76 1 236 2 199 1 109 1 247 1 267 1 473 1 499 1 505 1 384 1 332 1 379 2 23 1 22 3 46 1 35 1 123 2 641 1 93 1 124 1 612 1 36 1 654 1 87 1 86 1 45 1 643 1 656 1 25 2
//IdTournes NbColis
12 6
//IdColis IdCommandeInColis NbProducts IdProd1 QtyProd1 IdProd2 QtyProd2 ...
147 44 20 665 1 696 1 331 1 335 1 402 1 274 1 200 1 333 1 164 1 165 1 166 1 179 1 373 1 193 1 195 1 468 1 399 1 453 1 648 1 18 1
177 55 25 78 1 94 1 273 1 244 1 327 1 524 1 220 1 180 1 536 1 262 1 199 2 267 1 515 1 277 1 24 1 212 1 142 1 301 1 439 1 542 1 530 1 53 1 533 1 50 1 527 1
179 56 22 40 1 200 1 544 1 51 1 183 1 210 1 405 1 24 1 212 1 235 1 381 1 303 1 458 1 68 1 71 4 463 1 556 1 18 2 87 1 554 1 84 1 527 1
18 6 20 374 1 378 2 321 1 270 1 276 1 343 1 495 1 676 1 523 1 476 1 236 1 210 1 162 3 377 2 480 1 461 1 109 1 267 1 191 1 684 1
22 7 20 274 1 223 1 310 1 161 1 232 1 174 1 261 1 258 1 399 1 609 1 48 1 58 1 108 1 204 1 516 1 190 1 263 1 326 1 113 1 290 1
28 8 21 150 1 369 1 254 1 496 1 329 1 236 2 210 1 162 2 338 1 302 1 480 1 387 1 109 1 117 2 267 1 272 2 473 1 191 1 73 1 634 1 25 1
//IdTournes NbColis
13 6
//IdColis IdCommandeInColis NbProducts IdProd1 QtyProd1 IdProd2 QtyProd2 ...
43 12 22 81 1 274 1 232 1 258 1 425 1 51 1 58 1 204 1 130 1 137 1 516 1 326 1 136 1 217 1 485 1 183 1 186 1 109 1 169 1 277 1 55 1 46 1
53 16 20 40 1 91 1 134 1 232 1 179 1 258 1 423 1 47 1 326 1 115 1 545 1 259 1 523 1 329 1 52 1 480 1 109 1 277 2 548 1 70 1
121 36 22 244 1 165 1 232 1 291 1 258 1 323 1 195 1 290 1 265 1 322 1 325 1 409 1 186 1 262 1 206 1 210 1 316 1 109 1 169 2 277 2 4 1 587 1
123 37 25 309 1 141 1 402 1 274 1 306 1 121 1 279 1 152 1 310 1 312 1 179 1 390 1 398 1 311 1 238 1 289 1 388 1 188 1 408 1 410 1 108 1 460 1 532 1 589 1 15 1
129 39 21 331 1 402 1 274 1 208 1 152 1 336 1 284 1 227 1 179 1 354 1 418 1 398 1 425 1 108 1 114 1 204 1 225 1 233 1 288 1 11 1 25 1
135 40 24 147 1 172 1 338 1 412 1 257 1 679 1 109 1 169 1 267 1 272 1 473 1 599 1 475 1 82 1 142 2 371 1 176 1 181 1 415 1 381 1 431 2 303 1 342 1 301 1
//IdTournes NbColis
14 6
//IdColis IdCommandeInColis NbProducts IdProd1 QtyProd1 IdProd2 QtyProd2 ...
148 44 21 454 1 487 1 522 1 678 1 608 1 406 1 404 1 337 1 108 1 287 1 389 1 421 1 484 1 491 1 492 1 32 1 637 1 132 1 326 1 460 1 689 1
153 45 22 94 1 127 1 144 1 232 1 354 1 258 1 347 1 364 1 51 1 190 1 113 1 205 1 345 1 254 1 355 1 183 1 109 1 334 1 169 1 272 1 24 1 621 1
157 46 18 445 1 302 2 109 1 267 1 272 1 511 1 481 1 184 1 24 1 55 1 68 1 71 4 46 2 1 1 619 1 653 1 643 1 661 1
161 47 27 109 1 277 2 482 1 483 1 500 1 504 1 508 1 509 1 599 1 184 1 295 1 82 1 142 1 381 1 424 1 435 1 651 1 21 1 65 1 623 1 285 1 344 1 3 1 36 1 45 1 561 1 598 1
48 14 22 89 1 92 1 96 1 232 1 258 1 261 1 360 1 454 1 337 1 546 1 341 1 478 1 201 1 547 1 459 1 210 1 139 1 146 1 169 1 14 1 68 1 38 1
115 34 22 440 1 255 1 494 1 47 1 51 1 58 1 449 1 326 1 460 1 290 1 201 1 180 1 254 1 362 1 363 1 321 1 426 1 506 1 507 1 479 1 186 1 692 1
//IdTournes NbColis
15 6
//IdColis IdCommandeInColis NbProducts IdProd1 QtyProd1 IdProd2 QtyProd2 ...
144 43 19 398 2 399 1 582 1 75 1 238 1 408 1 114 1 239 1 225 1 396 1 51 2 136 1 148 2 201 1 115 1 226 1 245 1 391 1 18 1
13 5 20 274 1 453 1 582 1 175 1 575 1 47 1 51 2 58 1 233 1 324 1 110 1 115 2 217 1 218 1 234 1 265 1 321 1 496 1 236 1 497 1
41 11 26 516 1 460 1 148 1 341 1 307 1 118 1 218 1 226 1 253 1 265 1 192 1 206 1 169 1 277 1 505 1 477 1 82 1 235 1 330 1 278 1 71 4 620 1 69 1 601 1 1 1 5 1
60 19 23 136 1 110 2 111 1 178 1 459 1 462 1 536 2 186 1 192 1 194 1 529 1 169 1 277 1 120 1 142 1 181 1 419 1 446 1 458 1 435 1 464 1 70 1 589 1
67 21 22 406 1 408 1 516 1 58 1 637 1 132 1 138 1 149 1 629 1 189 1 631 1 290 1 110 1 118 1 234 1 391 1 357 1 624 1 343 1 186 1 401 1 120 1
127 38 20 165 1 166 1 232 1 249 1 258 1 261 1 318 1 320 1 522 1 582 1 580 1 239 1 669 1 58 1 110 1 115 1 214 1 321 1 52 1 206 1
//IdTournes NbColis
16 6
//IdColis IdCommandeInColis NbProducts IdProd1 QtyProd1 IdProd2 QtyProd2 ...
154 45 10 277 1 212 1 278 1 70 4 564 1 69 1 124 2 10 1 655 2 20 1
164 48 24 183 1 267 1 473 1 33 1 82 1 216 1 171 2 173 1 304 1 651 1 466 1 278 1 70 2 71 1 361 1 640 1 65 1 46 1 641 1 662 1 344 1 659 2 530 1 538 1
166 49 25 266 1 48 1 190 1 324 1 110 1 115 1 220 1 357 1 581 1 52 1 183 1 169 1 267 1 272 1 518 1 24 1 171 2 173 1 300 1 11 1 534 1 36 1 74 1 618 1 621 1
70 22 19 81 2 696 1 402 1 274 1 133 1 112 1 140 1 151 1 165 1 187 1 193 1 261 1 433 1 394 1 398 1 323 1 472 1 406 1 592 1
77 23 19 423 1 408 1 137 1 168 1 255 1 380 1 474 1 47 1 326 1 113 1 136 2 148 2 420 1 411 1 111 1 115 1 220 1 150 1 595 1
155 46 18 645 1 443 1 402 1 274 1 112 1 306 2 348 1 243 1 166 1 174 2 356 1 261 1 293 1 372 1 442 1 444 1 460 1 17 1
//IdTournes NbColis
17 6
//IdColis IdCommandeInColis NbProducts IdProd1 QtyProd1 IdProd2 QtyProd2 ...
159 47 20 674 1 673 1 467 1 112 1 209 1 223 1 174 1 182 1 356 1 398 1 399 1 472 1 453 1 382 1 195 1 672 1 260 1 153 1 51 1 7 1
168 50 22 89 1 79 1 127 1 165 1 232 1 351 1 258 1 318 1 382 1 434 1 642 1 188 1 203 1 364 1 58 1 449 1 136 1 290 1 115 1 296 1 639 1 84 1
63 20 24 163 1 167 1 189 1 326 1 113 1 136 1 119 1 115 1 116 1 150 1 254 1 391 1 259 1 422 1 321 1 409 1 183 1 437 1 139 1 172 1 296 1 4 1 24 1 84 1
134 40 20 421 1 438 1 484 1 49 2 326 1 460 1 113 1 136 1 148 2 420 1 275 2 478 1 411 1 180 1 254 1 192 1 183 1 236 1 206 1 541 1
11 4 20 13 1 40 1 232 1 179 1 315 1 258 1 327 1 328 1 47 1 233 1 271 1 324 1 326 1 115 1 313 1 180 1 329 1 126 1 314 1 17 1
57 18 20 95 1 569 1 154 1 232 1 258 1 318 1 487 1 48 1 51 1 204 1 288 1 474 1 552 1 52 1 286 1 545 1 553 1 262 1 169 1 565 1
//IdTournes NbColis
18 6
//IdColis IdCommandeInColis NbProducts IdProd1 QtyProd1 IdProd2 QtyProd2 ...
119 35 22 115 1 220 1 259 1 236 1 183 1 162 1 257 1 302 1 461 1 169 2 267 1 405 1 191 1 295 1 397 1 407 1 142 1 171 1 379 2 419 1 300 1 435 1
149 44 17 136 1 115 1 116 1 219 1 220 1 226 1 369 1 234 1 180 1 374 1 362 2 363 2 426 1 485 1 486 2 495 1 506 1
160 47 21 225 1 421 1 484 1 491 1 498 1 49 1 115 1 345 1 350 1 362 1 363 1 426 1 479 1 486 1 506 1 507 1 262 1 401 1 429 1 191 1 11 1
163 48 21 665 1 274 1 279 1 154 1 165 1 174 1 261 1 360 1 425 1 399 1 260 1 188 1 168 1 148 1 115 2 496 1 343 1 52 1 657 1 70 1 589 1
32 9 23 40 1 83 1 75 1 227 1 170 1 182 1 442 1 454 1 456 1 549 1 51 2 550 1 411 1 116 1 218 1 192 1 272 1 503 1 367 1 424 1 470 1 18 1 527 1
23 7 22 307 1 217 1 226 1 313 1 180 1 294 1 391 1 321 1 270 1 183 1 169 1 277 2 518 2 77 1 171 1 381 1 605 1 464 1 72 1 70 4 21 1 7 1
//IdTournes NbColis
19 6
//IdColis IdCommandeInColis NbProducts IdProd1 QtyProd1 IdProd2 QtyProd2 ...
35 10 21 261 1 193 1 373 1 390 1 315 1 258 1 398 1 399 1 454 1 327 1 328 2 672 1 465 1 229 1 238 1 44 1 49 1 51 2 239 1 589 1 84 1
150 44 19 459 1 507 1 510 1 479 2 501 1 186 1 401 1 206 1 210 1 162 2 302 1 461 1 429 2 267 1 473 1 504 2 508 2 599 1 590 1
26 8 18 258 1 193 1 469 1 452 1 425 1 471 1 399 1 454 1 457 1 195 1 398 1 582 1 328 1 238 1 32 1 44 3 118 1 587 1
84 24 19 363 2 340 1 422 1 426 1 490 1 496 1 501 1 506 1 507 1 479 2 485 1 343 1 486 2 207 1 183 1 401 1 24 1 660 1 84 2
49 14 12 171 1 176 1 70 4 463 1 543 1 563 1 36 1 85 1 528 1 561 1 566 1 541 1
55 17 24 94 1 264 1 127 1 571 1 209 1 336 1 232 1 258 1 575 1 517 1 136 1 290 1 119 1 52 1 325 1 579 1 277 1 583 1 599 1 142 1 171 1 300 1 71 3 590 1
//IdTournes NbColis
20 6
//IdColis IdCommandeInColis NbProducts IdProd1 QtyProd1 IdProd2 QtyProd2 ...
24 7 10 222 1 619 1 613 1 124 1 344 1 534 1 612 1 615 1 528 1 86 1
86 24 22 508 2 509 2 482 1 483 1 500 2 120 1 158 2 184 2 24 1 82 1 216 1 142 1 171 1 173 2 176 1 381 1 447 1 301 1 458 1 435 1 63 1 31 1
125 37 22 272 2 405 1 120 1 397 1 407 1 171 1 379 1 23 2 157 1 71 4 22 1 64 1 69 1 65 2 35 1 555 1 641 1 93 1 3 1 568 1 561 1 538 1
169 50 32 220 1 245 1 294 1 343 1 461 1 169 1 473 1 367 1 4 1 82 1 300 1 303 1 646 1 63 1 70 4 640 1 64 1 69 1 46 1 614 1 123 2 285 1 641 1 93 1 124 1 344 2 19 1 18 1 635 1 10 1 557 1 25 1
61 19 13 439 1 70 3 69 1 463 1 339 1 614 1 563 1 123 1 26 1 623 1 537 1 685 1 84 1
79 23 22 176 1 181 1 381 1 342 1 447 1 300 1 301 2 304 1 464 1 439 1 435 1 644 1 71 4 123 1 124 1 11 2 659 1 3 1 18 1 87 1 635 1 54 1
//IdTournes NbColis
21 6
//IdColis IdCommandeInColis NbProducts IdProd1 QtyProd1 IdProd2 QtyProd2 ...
100 28 7 169 2 277 1 71 2 64 1 65 1 27 2 124 1
120 35 23 301 1 458 1 435 1 466 1 63 1 542 1 72 1 620 1 71 4 64 1 21 1 600 1 67 1 703 1 35 1 613 1 124 1 592 1 705 1 85 1 528 1 554 1 25 1
72 22 17 426 1 459 2 329 1 506 1 507 1 479 2 486 2 523 1 236 1 401 1 162 2 480 1 529 1 429 2 177 1 126 1 589 1
116 34 25 486 1 186 1 192 1 183 1 401 1 162 1 302 1 429 1 126 1 169 1 277 1 481 1 500 1 504 1 508 1 509 1 482 1 483 1 295 1 24 1 280 1 171 1 419 1 70 1 689 1
29 8 24 73 1 367 1 599 1 158 1 184 2 295 1 33 1 24 1 212 2 216 1 228 1 246 1 173 1 235 1 303 1 381 1 470 1 301 2 431 1 304 1 458 2 493 1 330 2 71 2
110 32 20 296 1 169 1 272 1 212 1 228 1 300 1 301 1 303 1 304 1 551 1 71 3 64 1 69 1 688 1 595 1 567 1 5 1 587 1 618 1 557 1
//IdTournes NbColis
22 6
//IdColis IdCommandeInColis NbProducts IdProd1 QtyProd1 IdProd2 QtyProd2 ...
19 6 23 680 2 131 1 221 1 224 1 158 1 295 1 397 2 39 2 28 1 216 1 142 1 379 2 381 1 300 1 301 2 458 1 330 1 493 1 464 1 68 2 70 6 11 1 685 1
165 49 21 274 1 240 1 346 1 333 1 152 1 336 1 284 1 351 1 170 1 237 1 358 1 182 1 425 1 456 1 522 1 608 1 328 1 233 1 288 1 51 1 603 1
180 57 24 309 1 141 1 185 1 240 1 577 1 549 1 522 1 328 1 229 1 188 1 324 1 148 1 294 1 576 1 236 1 213 1 139 1 572 1 578 1 176 1 6 1 64 1 339 1 588 1
16 6 22 686 1 402 1 274 1 133 1 34 1 223 1 227 1 243 1 368 1 370 1 372 2 375 1 425 1 399 1 677 1 522 1 229 1 230 1 188 1 46 1 17 1 527 1
182 58 24 232 1 291 1 258 1 175 1 137 1 32 1 58 1 190 1 517 1 290 1 350 1 296 1 480 1 267 1 277 1 228 1 68 2 71 3 600 1 601 1 35 1 555 1 18 1 597 1
141 42 30 334 2 277 1 518 2 505 1 73 2 39 1 82 1 216 1 228 1 173 2 303 1 300 1 301 1 304 1 435 1 644 1 157 1 71 2 64 1 600 1 639 1 623 1 5 1 587 1 531 1 597 1 643 1 557 1 617 1 541 1
//IdTournes NbColis
23 6
//IdColis IdCommandeInColis NbProducts IdProd1 QtyProd1 IdProd2 QtyProd2 ...
4 1 33 39 1 41 1 6 1 9 1 23 1 63 1 142 1 228 1 176 1 551 1 71 7 22 1 64 1 69 2 21 1 65 1 7 1 59 2 38 1 222 1 26 1 37 1 1 1 11 1 16 1 19 1 3 1 18 1 30 1 36 1 10 1 12 1 25 1
37 10 20 217 1 218 1 220 1 226 1 180 2 254 1 391 2 321 1 670 1 581 1 462 1 236 2 480 2 267 1 405 1 657 1 33 1 77 2 142 1 46 1
156 46 22 318 1 394 1 452 1 195 1 260 1 352 1 353 1 516 1 32 1 58 1 326 1 217 1 343 1 496 1 510 1 146 1 349 1 162 1 172 1 359 1 296 1 46 1
97 27 25 218 1 245 1 496 1 650 1 409 1 183 1 186 1 172 1 247 1 267 1 73 1 464 1 23 1 70 4 22 1 64 1 563 1 623 1 555 1 1 1 45 1 667 2 560 1 54 1 50 1
185 60 11 273 1 274 1 327 1 438 1 263 1 326 1 155 1 286 1 505 1 379 1 285 1
7 2 14 157 1 70 4 525 1 35 1 285 1 2 1 534 1 526 1 530 1 56 1 57 1 60 1 10 2 25 1
//IdTournes NbColis
24 6
//IdColis IdCommandeInColis NbProducts IdProd1 QtyProd1 IdProd2 QtyProd2 ...
10 3 12 458 1 330 1 157 1 70 4 22 1 65 1 27 1 35 1 285 2 5 1 587 1 591 1
15 5 14 439 1 157 1 66 2 70 4 64 1 21 1 46 2 616 1 610 1 533 1 62 1 559 2 589 1 25 2
130 39 23 421 1 498 1 32 1 44 1 51 1 58 1 190 1 326 1 460 1 294 1 321 1 409 2 186 2 192 1 183 1 162 1 296 1 267 1 518 1 73 1 158 1 6 1 10 1
151 44 25 509 2 482 1 483 1 500 2 191 1 497 1 503 1 691 1 158 1 184 1 295 1 657 1 24 1 82 1 436 1 698 1 70 4 697 1 65 2 623 1 654 1 533 1 591 1 693 1 84 1
44 12 4 228 1 71 3 564 1 560 1
139 41 10 267 1 505 1 171 1 173 1 342 1 68 1 71 4 339 1 85 1 25 1
//IdTournes NbColis
25 6
//IdColis IdCommandeInColis NbProducts IdProd1 QtyProd1 IdProd2 QtyProd2 ...
3 1 23 507 1 479 1 486 1 553 1 183 1 401 1 172 1 296 1 461 1 429 1 267 1 272 1 500 2 504 1 508 1 509 2 482 1 483 1 417 1 14 1 24 1 33 1 25 2
82 24 19 174 2 293 1 182 1 258 1 453 1 456 1 398 1 328 2 512 1 34 1 404 1 238 1 175 1 289 1 233 1 255 1 498 1 694 1 10 1
56 17 12 71 1 55 2 414 1 65 1 604 1 46 1 592 2 593 1 594 1 602 1 57 1 598 1
184 59 6 402 1 274 1 326 1 460 1 183 1 70 4
58 18 13 277 1 24 2 23 1 63 1 55 2 71 4 35 1 567 1 11 1 562 1 538 1 559 1 570 1
54 16 6 558 1 458 1 70 3 46 1 568 1 559 1
//IdTournes NbColis
26 5
//IdColis IdCommandeInColis NbProducts IdProd1 QtyProd1 IdProd2 QtyProd2 ...
33 9 11 435 1 551 1 436 1 439 1 71 4 65 1 7 1 555 1 556 1 85 1 557 1
38 10 15 466 1 71 6 620 1 69 1 22 1 65 2 67 1 46 1 1 1 641 1 11 1 615 1 528 2 557 1 565 1
20 6 20 64 1 22 1 21 1 67 1 59 1 27 1 16 2 19 1 30 1 587 1 556 1 615 1 18 1 36 1 530 2 61 1 10 1 538 1 29 1 25 2
42 11 6 30 1 611 1 560 1 566 1 617 1 15 1
52 15 5 613 1 85 1 636 1 31 1 557 1
