//NbTournees
9
//IdTournes NbColis
1 6
//IdColis IdCommandeInColis NbProducts IdProd1 QtyProd1 IdProd2 QtyProd2 ...
28 1 21 818 1 833 1 844 1 553 1 586 1 691 1 823 1 174 1 179 1 186 1 187 2 195 1 222 2 223 1 227 1 243 1 248 1 396 1 414 1 431 1 212 1
38 1 26 490 1 508 1 571 1 594 1 596 1 597 1 610 1 611 2 616 1 660 1 733 2 828 1 918 1 919 1 934 1 947 1 950 1 271 2 353 1 371 1 385 1 395 1 397 1 407 1 421 1 224 1
17 1 20 261 1 398 1 406 1 408 1 418 1 428 1 434 1 437 1 439 1 441 1 448 1 449 1 461 1 471 1 527 1 589 2 591 2 630 1 654 1 566 1
21 1 23 949 1 953 1 954 1 957 1 960 1 961 1 962 1 617 1 60 1 61 1 62 1 65 1 71 1 76 1 317 1 399 1 454 1 459 1 477 1 482 1 484 1 564 1 124 1
23 1 21 902 1 916 1 956 1 963 1 400 2 661 1 682 2 792 1 205 1 455 1 466 1 476 1 550 1 568 1 569 1 570 1 607 1 615 1 659 1 674 1 5 1
25 1 18 246 1 255 1 262 1 401 1 581 1 631 1 635 1 643 1 648 1 662 1 696 1 700 1 704 1 713 1 722 1 725 1 728 1 821 1
//IdTournes NbColis
2 6
//IdColis IdCommandeInColis NbProducts IdProd1 QtyProd1 IdProd2 QtyProd2 ...
12 1 22 791 1 140 1 156 1 160 1 192 1 402 1 628 1 629 1 656 1 666 1 676 1 684 1 693 1 720 1 724 1 726 1 727 1 730 1 731 1 824 1 90 1 24 1
42 1 26 155 1 159 1 161 1 164 1 165 1 166 1 169 1 173 2 180 1 181 1 189 1 196 1 201 2 207 1 290 1 346 1 359 1 376 1 403 3 432 1 445 2 451 1 468 1 494 1 315 1 968 2
39 1 26 423 1 446 1 457 1 526 1 540 1 549 1 562 1 584 1 614 1 641 1 74 1 132 2 135 2 137 2 213 2 293 2 295 2 296 2 329 2 334 2 415 2 416 1 456 1 469 2 472 1 79 1
13 1 13 90 2 234 4 357 4 366 4 627 1 706 1 717 1 799 1 802 1 410 1 538 1 822 1 404 1
41 1 29 687 1 863 1 404 1 452 1 489 1 500 1 517 1 714 1 801 2 251 1 344 2 350 1 86 1 498 2 149 2 299 2 370 2 420 2 556 1 639 1 276 1 289 1 39 2 81 4 141 1 150 1 152 1 158 1 124 1
8 1 14 310 1 311 1 321 1 322 1 980 1 981 1 405 1 543 2 547 1 558 1 559 1 573 1 657 1 259 1
//IdTournes NbColis
3 6
//IdColis IdCommandeInColis NbProducts IdProd1 QtyProd1 IdProd2 QtyProd2 ...
5 1 8 387 1 388 1 390 1 391 1 618 1 320 3 384 3 925 1
40 1 27 472 1 474 1 491 3 528 1 530 1 561 1 655 1 736 2 28 1 282 2 286 1 332 2 351 2 427 2 478 1 483 1 485 1 503 1 510 1 522 1 525 2 578 2 590 2 650 2 658 1 680 1 686 1
44 1 26 771 1 829 1 848 1 850 1 865 1 877 2 880 1 881 1 882 1 884 2 897 1 903 2 905 1 920 1 422 1 429 1 647 1 649 2 678 1 735 1 803 2 409 1 413 2 425 1 479 1 224 1
35 1 25 886 1 933 1 938 1 941 1 424 1 509 1 529 1 532 1 592 1 602 1 679 2 683 1 698 2 866 1 921 1 531 1 544 1 545 1 143 1 145 2 148 1 151 1 162 1 167 1 967 1
29 1 18 435 1 436 1 440 1 444 1 534 1 535 1 560 1 593 2 598 1 620 1 632 1 642 1 644 2 690 1 692 1 697 1 68 1 212 1
34 1 26 859 1 80 1 85 1 153 1 170 1 443 1 473 1 480 1 487 1 492 2 511 2 512 2 524 1 533 1 552 1 575 1 601 1 622 1 623 1 668 1 804 1 815 1 830 1 843 1 886 1 760 1
//IdTournes NbColis
4 6
//IdColis IdCommandeInColis NbProducts IdProd1 QtyProd1 IdProd2 QtyProd2 ...
46 1 32 16 1 283 1 378 2 11 1 47 4 13 1 44 2 45 1 34 4 324 2 325 1 326 1 327 1 24 1 33 3 58 2 87 3 99 2 136 2 211 2 274 2 304 2 369 2 928 1 929 1 97 4 926 1 927 1 113 3 12 2 123 4 930 1
10 1 12 206 3 458 1 470 1 702 1 781 2 84 4 536 1 541 1 542 1 567 1 604 1 110 1
9 1 15 447 1 685 1 716 2 580 1 619 1 537 1 554 1 577 1 608 1 707 1 723 1 807 1 808 2 302 1 973 1
22 1 19 499 1 856 1 904 2 922 1 923 1 924 1 138 1 154 1 232 1 411 1 695 1 705 1 751 1 846 1 857 1 862 1 898 2 331 1 31 1
11 1 13 279 2 360 4 426 1 548 1 565 1 671 1 574 1 576 1 373 4 412 1 419 1 645 1 90 1
15 1 18 302 3 462 1 464 1 563 1 587 2 664 1 795 1 539 1 583 2 606 2 72 4 108 1 139 1 144 1 146 1 176 1 185 1 979 1
//IdTournes NbColis
5 6
//IdColis IdCommandeInColis NbProducts IdProd1 QtyProd1 IdProd2 QtyProd2 ...
37 1 22 948 1 952 1 488 1 579 1 32 1 382 1 612 2 740 1 942 1 142 1 157 1 163 2 168 1 171 2 188 1 203 1 204 1 417 1 467 1 486 1 621 1 968 1
14 1 17 430 2 433 2 450 1 460 1 463 2 465 1 585 1 646 1 652 2 670 1 688 2 712 1 770 1 782 2 796 2 826 1 89 1
1 1 7 247 1 301 1 314 1 323 1 328 1 352 1 438 1
7 1 7 806 1 266 3 546 1 288 4 372 4 279 1 734 1
4 1 11 215 1 216 1 217 1 250 1 254 1 258 1 278 1 312 1 381 1 386 1 442 1
33 1 17 893 1 894 1 896 1 935 2 937 2 939 1 940 1 943 1 945 1 946 1 964 1 453 1 506 1 832 1 842 1 855 1 605 1
//IdTournes NbColis
6 6
//IdColis IdCommandeInColis NbProducts IdProd1 QtyProd1 IdProd2 QtyProd2 ...
18 1 19 633 1 634 1 636 1 637 1 638 1 640 1 651 1 653 1 654 1 663 1 665 1 667 1 672 1 675 1 689 1 701 1 708 1 291 2 572 1
16 1 20 177 1 178 1 184 1 219 1 221 1 225 1 226 1 229 1 235 1 237 1 238 1 240 1 242 1 244 1 245 1 253 1 256 1 257 1 291 1 551 1
45 1 28 810 1 280 1 49 3 50 1 224 2 269 1 347 1 281 2 79 1 475 1 521 2 555 1 557 1 582 1 588 1 603 1 613 1 341 4 367 4 368 4 263 2 83 4 7 1 20 1 284 1 285 1 233 4 59 1
36 1 20 167 1 172 1 175 1 182 1 183 1 230 1 231 1 599 1 749 1 789 1 867 1 895 1 900 1 901 1 906 2 936 2 944 1 481 1 332 1 967 2
6 1 14 384 1 190 1 191 1 197 1 198 1 199 1 200 1 202 1 333 1 355 1 669 1 793 1 279 1 979 1
43 1 27 495 2 496 1 497 1 501 1 502 1 504 1 505 1 507 1 513 1 514 1 515 1 516 1 518 1 519 1 520 1 523 1 595 1 600 1 609 1 624 1 625 1 626 1 673 1 699 1 764 1 49 1 968 2
//IdTournes NbColis
7 6
//IdColis IdCommandeInColis NbProducts IdProd1 QtyProd1 IdProd2 QtyProd2 ...
24 1 20 677 1 681 1 703 1 711 1 754 1 755 1 767 1 779 1 819 1 820 1 825 1 827 1 106 1 147 1 218 2 220 1 236 1 239 1 241 1 46 1
27 1 20 911 1 912 1 913 1 917 1 951 1 955 1 958 1 959 1 228 1 260 1 694 1 752 1 757 1 786 1 858 1 870 1 493 1 813 1 332 1 212 1
19 1 21 709 1 710 1 715 1 718 1 719 1 721 1 729 1 732 1 738 1 756 1 758 1 759 1 765 1 766 1 769 1 772 1 773 1 775 1 291 1 331 1 212 1
30 1 18 737 1 739 1 741 1 742 1 744 1 745 1 746 1 747 1 748 1 750 1 753 1 761 1 762 2 768 1 774 1 776 2 75 1 113 1
26 1 20 743 1 763 1 777 1 798 1 811 1 814 1 841 1 847 1 852 1 868 1 875 1 878 1 879 1 887 1 907 1 908 1 909 1 910 1 331 1 5 1
20 1 20 775 1 778 1 784 1 787 1 794 1 797 1 800 1 805 1 809 1 812 1 816 1 817 1 831 1 839 1 849 1 899 1 914 1 915 1 331 1 967 1
//IdTournes NbColis
8 6
//IdColis IdCommandeInColis NbProducts IdProd1 QtyProd1 IdProd2 QtyProd2 ...
31 1 20 780 1 783 1 785 1 788 1 790 1 834 1 835 1 836 1 837 1 838 1 840 1 845 1 851 1 853 1 854 1 860 1 861 1 864 1 869 1 74 1
32 1 15 869 1 871 1 872 1 873 1 874 2 876 1 883 1 885 2 888 1 889 2 890 2 891 1 892 2 78 1 46 1
47 1 60 300 2 303 2 339 2 931 1 932 1 88 2 287 2 330 4 104 1 335 1 336 2 337 1 110 3 208 1 209 1 27 2 35 2 313 2 977 2 10 1 70 1 122 2 267 2 270 2 363 2 365 2 102 1 5 2 15 2 48 2 64 2 77 1 98 1 112 1 116 1 124 2 265 1 273 1 292 2 305 1 306 1 309 2 319 2 380 4 2 1 4 1 93 1 96 1 297 1 375 1 14 2 342 2 1 1 17 1 26 2 29 1 30 1 53 1 54 2 103 1
2 1 8 358 1 374 1 389 1 392 1 394 1 109 1 126 1 3 1
48 1 75 55 2 56 2 57 1 66 1 67 2 73 2 95 1 100 2 101 2 249 1 316 2 343 1 354 2 356 2 361 2 379 2 338 1 91 2 294 2 383 2 43 2 22 2 38 2 41 2 23 4 9 1 21 2 92 1 340 1 345 2 349 2 393 2 42 1 268 2 8 1 18 1 362 1 264 2 277 2 318 1 978 2 971 4 252 1 307 2 40 2 51 2 52 2 94 1 272 1 275 2 348 2 364 1 377 1 19 1 308 2 976 2 69 2 133 2 134 2 36 2 37 3 82 2 111 2 114 2 115 2 117 2 118 2 119 2 121 2 125 3 120 2 6 2 25 2 103 1 105 1
49 1 10 298 1 105 1 969 4 970 4 972 4 975 4 974 4 979 2 965 4 966 5
//IdTournes NbColis
9 1
//IdColis IdCommandeInColis NbProducts IdProd1 QtyProd1 IdProd2 QtyProd2 ...
3 1 11 128 1 131 1 210 1 107 1 127 1 129 1 130 1 193 1 194 1 214 1 63 1
