//NbTournees
5
//IdTournes NbColis
1 6
//IdColis IdCommandeInColis NbProducts IdProd1 QtyProd1 IdProd2 QtyProd2 ...
4 1 17 115 1 1 1 8 1 46 1 199 1 67 1 96 1 132 1 92 1 45 1 63 1 72 2 74 2 82 3 84 4 138 2 4 1
10 2 4 28 3 181 1 2 1 4 1
25 2 22 177 2 179 2 180 4 185 1 195 1 122 5 150 6 3 2 164 4 44 3 127 1 175 2 193 2 194 2 29 1 39 1 47 1 16 1 21 1 59 1 15 1 114 1
6 1 14 129 1 136 2 150 3 44 1 119 1 97 1 4 1 22 1 47 1 111 1 37 1 108 1 114 1 116 1
11 2 5 181 1 188 1 196 2 32 1 4 1
15 2 6 6 2 7 5 163 1 190 6 69 1 4 1
//IdTournes NbColis
2 6
//IdColis IdCommandeInColis NbProducts IdProd1 QtyProd1 IdProd2 QtyProd2 ...
5 1 21 138 2 139 1 140 2 143 2 60 1 147 2 53 1 77 1 133 1 62 2 81 1 99 1 70 1 98 2 41 1 152 1 83 1 5 1 48 1 40 1 90 3
14 2 12 12 1 17 1 23 1 42 1 43 1 187 1 9 1 19 2 68 1 49 1 6 1 54 1
2 1 10 38 1 10 1 33 1 42 1 43 1 187 1 93 1 64 1 34 2 120 1
12 2 4 10 1 167 2 170 2 13 1
8 2 4 11 2 162 1 20 1 158 1
1 1 6 20 1 25 1 28 1 35 1 12 1 27 1
//IdTournes NbColis
3 6
//IdColis IdCommandeInColis NbProducts IdProd1 QtyProd1 IdProd2 QtyProd2 ...
9 2 6 174 1 24 1 38 1 161 1 14 1 103 1
26 2 17 15 2 51 1 160 1 37 3 176 2 184 2 189 1 191 1 192 3 104 1 109 1 110 1 112 1 156 2 106 1 107 1 157 1
24 2 18 48 2 100 1 18 4 80 1 171 1 173 1 153 1 90 1 129 2 26 6 31 5 50 1 52 2 165 2 168 3 169 2 177 2 22 1
21 2 11 82 1 84 4 138 3 139 1 143 1 145 4 148 3 151 3 141 3 142 2 159 1
13 2 5 32 3 166 2 197 1 183 1 127 1
23 2 12 77 7 125 5 70 1 30 5 182 1 152 2 154 1 155 2 172 1 178 1 186 2 48 2
//IdTournes NbColis
4 6
//IdColis IdCommandeInColis NbProducts IdProd1 QtyProd1 IdProd2 QtyProd2 ...
16 2 10 69 1 34 1 36 1 124 3 135 5 137 2 118 1 71 1 91 1 54 1
22 2 6 147 7 53 2 121 6 131 5 88 2 89 5
17 2 10 91 3 101 1 126 3 55 2 79 1 117 3 65 1 85 2 102 2 105 1
3 1 16 76 1 128 2 134 1 200 1 71 1 78 1 101 1 130 1 58 1 117 1 65 1 73 1 85 2 86 1 102 2 56 1
20 2 7 146 3 149 5 66 2 198 1 56 1 75 5 87 8
19 2 8 95 2 67 6 123 6 61 6 57 1 144 1 146 1 113 1
//IdTournes NbColis
5 1
//IdColis IdCommandeInColis NbProducts IdProd1 QtyProd1 IdProd2 QtyProd2 ...
18 2 3 115 2 94 9 95 9
