//NbTournees
19
//IdTournes NbColis
1 6
//IdColis IdCommandeInColis NbProducts IdProd1 QtyProd1 IdProd2 QtyProd2 ...
2 1 26 18 1 116 1 181 1 183 1 21 1 187 1 516 2 182 1 9 1 8 1 2 1 22 2 12 3 11 1 20 1 191 1 515 1 238 1 517 1 233 1 172 1 200 2 203 2 179 1 291 2 217 1
5 2 27 177 1 222 1 39 1 23 1 532 1 26 1 32 2 28 1 35 1 33 2 304 2 12 1 36 1 27 1 11 1 191 1 540 2 30 1 238 1 543 1 179 1 200 2 203 2 172 1 168 1 541 1 165 1
9 3 30 454 1 12 1 43 4 11 2 459 3 41 3 191 1 108 1 456 1 357 1 606 1 44 1 200 2 172 1 203 2 179 1 15 1 46 2 394 2 247 1 289 2 47 1 53 1 455 1 605 1 49 1 52 1 113 1 169 1 217 1
13 4 14 534 4 509 3 56 2 457 1 234 1 507 1 50 1 12 3 59 1 11 3 43 1 363 3 309 3 191 2
19 5 25 216 1 70 1 460 1 333 2 64 1 506 2 66 1 74 1 90 1 28 1 67 2 426 1 507 1 304 2 36 1 12 1 60 1 461 1 11 1 191 1 158 2 51 1 108 1 420 1 217 1
23 6 25 14 1 87 1 18 1 45 1 177 1 178 1 222 1 597 4 39 1 78 1 85 1 88 1 538 1 284 1 77 1 86 1 64 1 91 1 539 1 90 1 426 1 82 1 191 1 217 1 159 1
//IdTournes NbColis
2 6
//IdColis IdCommandeInColis NbProducts IdProd1 QtyProd1 IdProd2 QtyProd2 ...
67 18 15 502 1 526 1 253 1 268 1 269 1 7 1 381 3 287 3 166 1 302 1 513 1 322 1 58 1 324 1 12 1
72 19 32 23 1 608 1 589 1 532 1 35 1 304 1 12 1 36 1 11 1 27 1 158 1 260 1 319 1 30 1 231 1 180 1 238 1 233 1 209 1 330 1 200 2 172 1 203 2 179 1 329 1 15 1 95 2 54 1 557 1 291 1 174 1 217 1
20 5 44 357 1 517 1 209 2 69 3 172 1 179 1 200 2 203 1 176 1 15 1 522 1 46 2 73 2 72 1 462 1 599 1 291 1 174 1 247 1 289 2 47 1 53 1 295 1 62 1 68 1 71 1 49 1 378 2 52 1 29 1 619 2 169 5 629 2 167 1 173 3 270 2 271 3 272 2 294 2 274 2 275 3 276 2 277 3 343 1
29 7 41 96 4 79 1 98 1 47 1 295 1 100 1 62 1 498 1 49 1 97 2 99 3 71 1 218 2 29 1 504 1 213 1 505 2 169 5 646 1 212 1 644 1 647 1 554 2 546 1 290 2 167 1 217 1 173 3 272 2 294 2 274 2 275 3 276 2 277 3 270 2 271 3 157 1 164 1 175 1 358 2 159 1
35 8 54 57 1 464 2 542 1 96 1 246 2 475 1 47 1 79 1 295 1 100 1 263 1 170 2 62 2 498 1 49 1 378 1 106 1 104 1 472 1 473 1 399 1 29 1 480 2 245 1 113 1 305 1 169 5 554 2 621 1 556 2 367 1 474 1 190 2 477 2 173 3 277 3 270 2 271 3 272 2 294 1 274 2 275 3 276 2 616 1 259 1 157 1 551 1 164 1 552 1 264 1 262 1 476 1 544 1 358 3
39 9 43 43 1 30 1 180 1 319 1 162 2 172 1 176 2 179 1 168 1 112 3 73 4 118 1 174 1 548 1 79 3 47 1 295 1 170 2 68 1 498 1 49 1 122 1 29 1 113 1 169 5 546 1 171 2 545 1 173 3 277 3 270 2 271 3 272 2 294 1 274 2 275 3 276 2 157 1 164 1 175 1 411 1 544 1 358 1
//IdTournes NbColis
3 6
//IdColis IdCommandeInColis NbProducts IdProd1 QtyProd1 IdProd2 QtyProd2 ...
59 14 24 336 1 191 1 339 1 162 2 172 1 176 2 179 1 280 1 201 2 96 1 62 1 279 1 245 1 206 4 283 2 270 2 271 2 272 2 274 2 275 2 276 2 277 2 173 2 281 1
66 17 37 313 1 238 1 233 1 315 2 319 1 179 1 162 2 176 2 172 1 345 1 73 2 291 1 174 1 354 1 351 1 307 2 349 1 314 1 29 1 245 1 347 1 348 1 113 1 169 2 206 3 346 1 167 1 165 1 270 2 271 3 272 2 173 3 294 1 274 2 275 3 276 2 277 3
74 20 38 126 1 335 1 337 1 338 1 182 1 342 1 35 1 2 1 191 1 344 1 172 1 179 1 162 2 176 2 130 1 149 1 174 1 247 1 57 1 96 1 307 1 62 1 113 1 206 1 171 1 165 1 173 2 270 2 271 2 272 2 341 1 294 1 274 2 275 2 276 2 277 2 343 1 340 1
76 21 42 39 1 35 1 114 1 153 1 82 1 84 1 43 1 191 1 233 1 180 1 238 1 172 1 179 1 200 2 203 2 168 1 131 1 518 3 613 1 225 2 73 1 394 1 291 1 174 1 57 1 94 1 295 1 5 1 243 1 29 1 356 1 169 5 167 1 165 1 355 1 173 3 270 2 271 3 272 2 341 1 274 2 275 1
117 38 12 586 1 253 1 156 2 375 2 40 1 269 1 268 1 594 3 105 1 602 1 564 1 581 2
42 10 34 191 1 162 2 172 1 176 2 179 1 129 1 285 1 131 1 225 1 130 1 291 1 174 1 289 2 125 1 295 1 106 1 29 1 288 1 113 1 286 1 206 4 290 2 167 1 165 1 270 2 271 3 272 2 294 1 274 2 275 3 276 2 277 3 173 3 297 1
//IdTournes NbColis
4 6
//IdColis IdCommandeInColis NbProducts IdProd1 QtyProd1 IdProd2 QtyProd2 ...
47 11 38 247 2 246 1 558 1 53 1 47 1 248 1 590 1 49 1 52 1 243 2 399 1 29 1 137 1 139 2 213 1 245 1 169 5 250 1 251 1 185 1 559 1 625 1 629 1 244 1 167 1 173 3 271 3 272 2 277 3 270 2 274 2 275 3 276 2 241 1 175 1 411 1 240 1 159 1
51 12 52 357 1 145 1 172 1 200 2 203 2 179 1 462 1 149 1 150 1 291 1 174 1 144 1 464 1 201 1 649 1 591 1 147 1 47 1 53 1 141 1 49 1 99 2 467 1 465 1 52 1 195 1 595 1 650 1 204 1 139 1 421 1 408 2 653 1 206 5 652 1 185 1 397 1 198 1 196 1 167 1 197 1 173 3 277 3 270 2 271 3 272 2 274 2 275 3 276 2 202 3 205 1 192 1
80 22 39 344 2 224 1 172 1 200 2 203 2 179 1 541 1 291 1 174 1 201 1 648 2 47 1 53 1 295 1 519 1 49 1 364 1 52 1 29 1 139 1 113 1 169 5 482 1 662 1 663 1 359 1 167 1 217 1 173 3 277 3 270 2 271 3 272 2 294 1 274 2 275 3 276 2 552 1 358 2
81 23 35 268 1 269 1 163 1 302 1 126 1 335 1 116 1 117 1 366 1 370 1 35 1 371 1 8 1 304 1 372 1 261 1 172 1 179 1 162 1 176 1 118 1 369 1 71 1 347 1 169 4 367 1 173 2 270 2 271 2 272 2 274 2 275 2 276 2 277 2 368 1
84 24 30 370 3 226 1 227 1 228 1 229 1 520 1 521 1 177 1 178 1 109 1 64 1 90 1 114 1 82 1 84 1 43 1 363 1 162 2 172 1 176 2 179 1 522 2 374 2 247 1 523 1 206 5 376 1 272 1 173 3 377 1
86 25 21 253 1 268 1 269 1 381 1 235 3 292 1 166 1 116 1 13 1 14 1 18 1 111 1 385 1 370 1 177 1 222 1 39 1 284 1 386 1 383 1 378 1
//IdTournes NbColis
5 6
//IdColis IdCommandeInColis NbProducts IdProd1 QtyProd1 IdProd2 QtyProd2 ...
6 2 22 15 1 168 1 522 2 291 1 174 1 25 2 37 1 542 1 295 1 24 1 29 1 347 2 169 5 173 3 277 3 270 2 271 3 272 2 294 1 274 2 275 3 276 2
50 12 25 39 1 186 1 469 1 386 1 401 1 77 1 361 1 142 1 103 2 143 1 152 1 441 1 435 3 153 1 207 1 36 1 146 1 27 1 438 1 459 1 191 1 108 1 420 1 380 1 190 1
34 8 36 103 2 8 1 457 1 107 1 479 1 33 1 623 1 304 2 363 1 11 1 309 1 260 1 261 1 189 1 191 2 108 1 478 1 420 1 319 1 555 1 470 1 172 1 200 2 203 2 179 1 503 1 225 1 622 1 394 1 291 1 174 3 289 1 94 1 217 1 160 1 159 1
65 17 22 300 1 268 1 269 1 161 1 352 2 166 1 163 1 273 1 126 1 335 1 116 1 117 1 316 2 317 1 182 1 284 1 26 1 353 1 350 1 43 1 191 1 312 1
3 1 21 15 1 518 1 174 1 19 1 295 1 5 1 6 1 399 1 29 1 113 1 514 1 169 5 270 2 271 3 272 2 294 1 274 2 275 3 276 2 277 3 173 3
56 13 40 191 1 224 1 231 1 180 1 233 1 483 1 486 1 30 1 319 1 179 1 200 2 172 1 203 2 632 2 225 2 388 2 291 1 174 2 390 3 47 2 53 1 519 1 389 3 49 1 384 1 52 1 314 2 387 2 326 1 485 3 113 1 642 1 169 5 482 1 397 2 190 3 167 1 173 3 270 2 271 3
//IdTournes NbColis
6 6
//IdColis IdCommandeInColis NbProducts IdProd1 QtyProd1 IdProd2 QtyProd2 ...
24 6 43 304 1 84 1 80 1 43 1 309 1 363 1 231 1 172 1 179 1 162 2 176 2 225 3 291 1 542 1 79 1 47 1 295 1 81 1 83 1 498 1 76 1 49 1 655 1 29 1 245 2 113 1 408 1 169 4 244 1 167 1 173 3 277 3 270 2 271 3 272 2 294 1 274 2 275 3 276 2 175 5 157 1 164 1 544 1
121 38 20 9 2 584 1 561 2 143 1 114 2 569 1 56 1 570 1 457 2 414 1 415 1 426 1 234 1 425 1 82 1 50 2 304 2 36 2 567 1 225 1
38 9 23 117 2 13 2 17 1 121 1 155 1 181 1 183 1 154 3 177 1 178 3 392 1 182 1 114 1 119 1 2 1 153 1 82 1 84 1 158 1 291 1 165 1 160 1 159 1
61 15 29 132 1 114 1 82 1 84 1 43 1 191 1 420 1 179 1 200 2 203 2 172 1 168 1 280 1 174 1 295 1 29 1 113 1 421 1 169 5 167 1 270 2 271 3 272 2 294 1 274 2 275 3 276 2 277 3 173 3
62 16 24 300 1 268 1 269 1 166 1 163 1 273 2 310 1 311 1 116 1 13 1 14 1 18 1 177 1 184 1 39 1 186 1 64 1 114 1 90 1 414 1 415 1 82 1 304 1 165 1
87 25 36 35 1 114 1 107 1 82 1 318 1 304 2 84 1 20 1 191 1 319 1 380 1 180 1 238 1 528 1 172 1 200 2 203 2 179 1 518 5 382 1 291 1 447 1 174 1 57 1 201 1 246 1 384 1 451 2 472 1 326 1 29 1 113 1 213 1 245 1 169 3 217 1
//IdTournes NbColis
7 6
//IdColis IdCommandeInColis NbProducts IdProd1 QtyProd1 IdProd2 QtyProd2 ...
90 26 42 333 2 530 2 90 1 28 1 114 2 82 1 84 1 27 1 191 1 261 1 319 1 528 1 529 1 179 1 200 2 203 2 172 1 329 2 394 1 388 1 291 1 398 1 393 1 53 1 399 1 29 1 169 5 346 1 396 2 397 1 167 1 165 1 270 2 271 3 272 2 274 2 275 3 276 2 173 3 202 1 192 1 395 1
92 27 27 268 1 269 1 163 1 273 1 126 1 335 1 337 1 338 1 1 1 216 1 132 1 361 1 114 1 35 1 67 1 82 1 84 1 43 1 400 1 172 1 179 1 162 2 176 2 206 4 173 2 272 2 379 1
94 28 21 502 1 253 1 403 1 268 1 269 1 166 1 302 1 513 1 126 1 335 2 17 1 337 1 338 2 407 1 181 1 183 1 317 1 182 1 114 1 432 1 159 1
98 29 30 155 1 392 1 45 2 257 1 154 2 422 1 182 1 534 1 423 1 114 1 2 1 82 1 425 1 50 1 84 1 43 1 191 1 535 2 30 1 238 1 179 1 200 2 203 2 172 1 225 1 424 1 658 1 291 1 174 1 498 1
101 30 23 210 1 221 1 226 1 227 1 228 2 521 2 229 1 520 1 597 1 39 1 618 2 427 1 186 1 77 1 114 1 426 1 82 1 318 1 617 1 84 1 191 1 30 1 180 1
28 7 26 446 4 32 2 8 1 35 1 457 1 2 1 426 1 60 1 11 1 191 1 208 3 209 1 420 1 357 1 69 1 200 2 172 1 203 2 179 1 394 1 174 1 643 1 280 1 94 1 648 2 213 1
//IdTournes NbColis
8 6
//IdColis IdCommandeInColis NbProducts IdProd1 QtyProd1 IdProd2 QtyProd2 ...
104 31 25 433 1 268 1 269 1 163 1 302 1 155 1 437 1 13 1 126 1 116 1 117 1 222 1 70 1 439 1 35 1 435 1 436 2 50 1 60 1 438 1 540 1 176 2 172 1 173 1 432 1
63 16 39 84 1 309 1 43 1 363 1 41 1 191 1 180 1 179 1 162 2 176 2 172 1 412 1 416 1 382 1 291 1 174 1 247 1 413 1 307 1 62 1 97 1 303 2 347 1 305 1 206 5 306 1 167 1 308 1 270 2 271 3 272 2 173 3 294 1 274 2 275 3 276 2 277 3 410 1 411 1
7 3 15 253 1 375 2 40 3 268 1 269 1 292 1 166 1 302 1 163 1 34 2 14 2 42 1 18 1 17 1 174 1
16 5 12 586 1 615 2 253 1 40 2 268 1 639 1 269 1 7 1 602 1 381 2 278 2 461 1
58 14 15 266 1 267 1 268 1 269 1 40 1 278 4 282 2 163 1 273 1 126 1 335 1 337 1 338 1 21 1 35 1
106 32 15 609 1 502 1 300 1 40 3 268 1 269 1 442 1 497 1 166 1 273 1 163 1 135 1 18 1 34 1 169 1
//IdTournes NbColis
9 6
//IdColis IdCommandeInColis NbProducts IdProd1 QtyProd1 IdProd2 QtyProd2 ...
95 28 42 401 2 2 1 82 1 405 1 84 1 43 1 191 1 180 1 233 1 224 1 162 2 172 1 176 2 179 1 168 3 394 1 406 1 150 4 541 1 291 1 174 1 402 2 404 1 57 3 47 1 79 1 295 1 560 1 498 1 519 1 49 1 409 1 195 1 29 1 113 1 408 1 169 5 482 1 167 1 165 1 173 1 159 1
123 38 42 470 2 172 1 179 1 200 2 203 2 15 2 522 3 249 1 136 1 563 1 557 2 394 3 599 2 291 1 174 1 591 1 579 1 47 4 295 1 562 1 565 1 566 1 170 3 590 1 571 1 68 1 498 1 321 2 99 3 409 2 389 2 49 1 5 3 451 1 428 3 52 1 595 1 326 2 575 1 29 1 583 1 603 1
122 38 22 84 1 43 2 11 2 363 1 568 1 191 1 158 1 237 2 515 1 580 3 260 5 593 3 535 2 456 2 576 1 319 2 180 2 238 1 517 1 233 2 291 1 596 1
110 33 26 268 1 269 1 163 1 273 1 38 1 337 1 338 1 126 1 335 1 43 1 191 1 176 2 172 1 179 1 162 2 118 1 443 1 206 4 270 2 271 2 272 2 274 2 275 2 276 2 277 2 173 2
99 29 31 144 2 649 1 47 1 79 1 49 1 113 1 213 2 169 5 660 1 536 1 185 2 308 1 197 1 173 3 277 3 270 2 271 3 272 2 294 1 274 2 275 3 276 2 164 1 175 1 537 1 205 1 241 1 157 1 544 1 358 1 159 1
1 1 19 253 1 156 1 269 1 268 1 7 1 381 1 235 1 4 1 16 1 508 1 254 1 302 1 513 1 1 1 3 1 13 2 14 2 17 1 10 1
//IdTournes NbColis
10 6
//IdColis IdCommandeInColis NbProducts IdProd1 QtyProd1 IdProd2 QtyProd2 ...
4 2 18 300 1 533 1 268 1 269 1 292 2 166 1 163 1 302 2 34 2 14 2 38 1 17 1 18 1 531 1 220 2 183 1 31 1 167 1
17 5 16 278 1 133 3 352 3 4 3 161 1 497 1 638 1 254 1 302 1 513 1 34 1 61 1 63 1 75 1 110 1 304 1
22 6 13 512 1 656 1 657 1 300 1 269 1 89 1 287 2 166 1 163 2 302 1 34 1 13 1 169 1
26 7 18 300 1 268 1 269 1 219 2 493 3 166 1 163 1 302 1 18 1 92 1 34 2 61 1 55 2 101 1 102 3 95 1 544 1 358 1
32 8 17 352 1 161 1 219 1 287 2 254 1 302 1 513 1 18 1 34 2 14 2 55 3 17 1 110 1 220 2 221 2 183 1 543 1
41 10 25 268 1 296 1 123 1 292 1 127 1 287 2 293 1 163 1 273 1 126 1 116 1 117 1 13 1 298 1 222 1 39 1 284 1 64 1 124 1 128 1 90 1 82 1 84 1 43 1 297 1
//IdTournes NbColis
11 6
//IdColis IdCommandeInColis NbProducts IdProd1 QtyProd1 IdProd2 QtyProd2 ...
44 11 19 268 2 7 1 133 1 493 1 287 1 254 1 293 1 302 1 513 1 18 1 34 2 14 2 135 1 17 1 255 1 220 2 491 1 177 2 185 1
49 12 22 163 1 273 1 18 1 34 1 13 2 14 2 102 1 193 1 181 1 183 1 463 1 466 1 334 1 17 1 654 1 45 1 184 1 154 1 187 1 392 1 189 1 197 1
54 13 17 641 3 381 2 484 1 188 1 287 2 166 1 163 1 223 1 34 1 13 2 14 2 17 1 110 1 18 1 116 1 187 1 90 1
60 15 22 301 1 300 1 299 1 268 1 269 1 161 1 352 1 166 1 163 1 302 1 126 1 116 1 417 1 117 1 13 1 418 1 419 1 392 1 182 1 48 1 260 1 165 1
71 19 20 300 1 268 1 269 1 7 1 166 1 163 1 302 1 34 2 55 1 331 1 58 1 18 1 334 1 211 2 220 2 332 1 222 1 39 1 333 1 599 1
75 21 20 615 1 253 1 269 1 268 1 89 1 381 1 219 1 166 1 302 1 513 1 220 2 34 1 14 2 38 1 17 1 18 1 181 1 177 1 614 1 79 1
//IdTournes NbColis
12 6
//IdColis IdCommandeInColis NbProducts IdProd1 QtyProd1 IdProd2 QtyProd2 ...
78 22 15 300 1 156 2 403 1 268 1 269 1 661 2 287 2 166 1 163 1 302 1 17 1 18 1 34 2 211 2 365 1
89 26 20 527 1 526 1 300 1 269 1 268 1 239 1 166 1 273 1 163 1 126 1 116 1 117 1 13 1 392 1 525 1 222 1 391 1 39 1 524 1 174 1
97 29 21 253 1 268 1 269 1 292 1 659 1 352 1 161 1 493 1 287 1 166 1 302 1 513 1 116 1 117 2 13 2 17 1 18 1 181 1 183 1 155 1 167 1
100 30 13 481 5 300 1 375 2 268 1 269 1 166 1 302 1 163 1 13 1 14 1 101 1 18 1 246 1
111 34 27 268 1 269 1 497 1 493 1 163 1 273 1 126 1 13 1 116 1 117 1 177 1 182 1 284 1 64 1 445 1 446 1 90 1 82 1 84 1 309 1 43 1 363 1 191 1 233 1 176 2 165 1 358 1
113 35 24 300 1 268 1 269 1 278 1 449 1 352 2 161 1 166 1 302 1 163 1 126 1 116 1 117 1 13 1 45 1 392 1 39 1 450 1 82 1 84 1 309 1 363 1 291 1 167 1
//IdTournes NbColis
13 6
//IdColis IdCommandeInColis NbProducts IdProd1 QtyProd1 IdProd2 QtyProd2 ...
14 4 29 191 1 237 3 51 1 231 1 180 1 238 2 233 1 30 1 319 1 400 2 209 2 315 2 179 1 200 2 203 2 172 1 15 1 632 1 168 3 522 1 54 2 622 1 57 2 53 1 47 1 49 1 52 1 24 1 510 1
46 11 26 138 1 258 1 363 1 10 1 11 2 438 1 237 1 486 1 494 1 208 1 134 1 179 1 200 2 203 2 172 1 15 2 518 5 249 1 252 1 225 1 46 1 140 1 136 1 557 3 247 1 170 1
69 18 42 325 1 580 2 319 1 30 1 238 1 233 1 209 3 179 1 200 2 203 2 15 1 168 1 225 2 291 1 174 1 612 1 398 3 637 1 47 2 79 1 53 1 498 1 321 2 49 2 320 2 326 2 169 5 167 1 217 1 294 1 274 2 275 3 276 2 173 3 272 2 270 2 271 3 157 1 175 1 164 1 297 2 159 1
102 30 39 429 1 233 1 209 2 238 1 172 1 179 1 200 2 203 2 15 1 518 5 431 1 291 1 174 1 280 2 430 3 475 1 147 2 295 1 428 1 29 1 113 1 169 5 482 2 600 3 634 1 635 1 283 2 636 2 167 1 165 1 173 3 294 1 274 2 275 3 276 2 277 2 270 2 271 3 272 2
107 32 21 499 1 500 1 211 1 220 1 316 2 187 2 177 1 39 1 516 2 186 1 64 1 361 1 501 1 441 3 90 1 107 1 82 2 36 1 191 1 165 1 159 1
108 32 41 36 1 325 1 11 3 30 1 319 1 231 1 180 1 238 1 233 1 179 1 162 2 172 1 176 2 15 1 168 2 503 1 440 4 394 1 291 1 174 3 47 1 79 1 295 1 498 1 49 1 356 2 326 2 583 1 113 1 169 4 185 1 376 1 474 1 610 1 496 4 167 1 270 2 271 3 272 2 294 1 274 1
//IdTournes NbColis
14 6
//IdColis IdCommandeInColis NbProducts IdProd1 QtyProd1 IdProd2 QtyProd2 ...
115 36 30 268 1 269 1 163 1 273 1 337 1 338 1 126 1 335 1 316 1 45 1 453 1 176 2 172 1 179 1 162 2 15 1 168 1 452 1 451 1 206 4 173 2 270 2 271 2 272 2 274 2 275 2 276 2 277 2 259 2 232 1
114 35 29 191 1 176 2 172 1 179 1 162 2 112 1 447 1 174 1 295 1 349 1 97 1 448 1 243 1 29 1 113 1 169 5 165 1 477 1 173 3 272 2 294 1 274 2 275 3 276 2 277 3 640 1 270 2 271 3 411 1
53 13 10 230 2 300 1 481 3 403 1 268 1 269 1 105 1 7 4 641 1 388 1
31 8 9 553 1 253 1 481 5 268 1 269 1 105 1 381 3 235 2 213 1
8 3 16 220 2 183 1 607 3 45 3 316 3 177 1 178 2 222 1 48 1 39 1 458 1 23 1 532 1 35 1 457 1 394 1
18 5 19 110 1 18 1 111 1 417 2 220 2 601 1 211 2 236 1 221 1 215 1 45 2 620 1 257 1 525 1 39 1 186 1 284 1 65 1 519 1
//IdTournes NbColis
15 6
//IdColis IdCommandeInColis NbProducts IdProd1 QtyProd1 IdProd2 QtyProd2 ...
33 8 20 45 1 184 2 392 1 154 1 187 1 226 1 227 2 228 2 229 2 520 1 521 2 39 1 469 1 589 2 532 1 93 1 109 1 64 1 265 1 170 1
118 38 15 381 1 578 2 199 1 166 1 163 1 302 4 135 1 110 1 111 2 573 1 385 1 463 1 255 1 220 2 210 3
48 12 17 194 1 651 1 300 1 268 1 269 2 89 1 7 1 602 1 278 1 148 1 161 1 468 1 188 1 199 1 151 1 166 1 159 1
45 11 23 256 1 257 1 392 1 422 1 492 1 23 1 78 1 532 1 630 1 242 1 132 1 9 1 28 1 8 1 56 1 90 1 153 1 207 2 490 1 626 1 36 2 191 1 464 1
68 18 22 211 2 236 1 220 2 181 1 183 1 585 1 177 1 525 1 39 1 327 1 284 1 534 2 323 1 328 1 90 1 28 1 67 1 153 1 318 2 36 1 172 1 611 1
79 22 21 220 2 177 4 39 1 362 1 589 1 532 1 361 1 90 1 28 1 8 2 36 1 11 1 325 1 27 1 363 1 10 1 309 1 191 1 357 1 360 1 108 1
//IdTournes NbColis
16 6
//IdColis IdCommandeInColis NbProducts IdProd1 QtyProd1 IdProd2 QtyProd2 ...
12 4 17 166 1 163 1 55 2 58 1 18 1 211 2 236 2 220 2 221 1 183 1 21 1 391 3 39 1 23 1 532 1 174 1 217 1
120 38 15 39 2 572 1 458 3 516 1 186 2 589 1 284 2 216 1 460 2 401 1 534 3 361 1 574 1 9 1 66 1
73 19 21 289 1 201 1 47 1 53 1 295 1 248 1 49 1 52 1 320 1 29 1 169 5 167 1 173 3 277 3 270 2 271 3 272 2 294 2 274 2 275 3 276 2
124 38 26 137 1 245 1 169 5 250 1 598 2 600 1 604 1 587 1 290 1 167 1 217 1 592 1 173 3 270 2 271 3 272 2 294 1 274 2 275 3 276 2 277 3 582 1 202 1 264 2 603 2 358 5
11 4 15 512 1 375 1 269 1 268 1 381 2 235 1 633 2 16 1 239 1 508 1 511 1 188 1 219 1 287 2 291 1
37 9 17 550 1 549 1 300 1 156 1 268 2 269 1 115 1 120 1 161 1 547 2 166 1 163 1 302 1 18 1 111 1 116 1 167 1
//IdTournes NbColis
17 6
//IdColis IdCommandeInColis NbProducts IdProd1 QtyProd1 IdProd2 QtyProd2 ...
55 13 21 226 1 227 2 228 2 229 2 177 1 521 2 520 1 597 1 39 1 23 1 78 1 532 1 93 1 8 1 28 1 457 1 487 2 365 1 325 1 11 1 217 1
83 24 15 230 5 375 1 268 1 269 1 89 1 292 1 373 1 166 1 163 1 273 1 126 1 335 1 337 1 338 1 272 1
116 37 29 181 1 337 1 338 1 126 1 335 1 182 1 2 1 191 1 470 1 172 1 179 1 162 2 176 2 174 1 307 1 471 1 29 1 169 1 167 1 165 1 173 1 270 1 271 1 272 1 294 1 274 1 275 1 276 1 277 1
27 7 17 210 1 211 2 214 1 215 1 220 2 221 1 3 1 417 2 601 3 645 2 222 1 182 1 216 1 284 1 93 1 291 1 213 1
15 4 11 29 1 485 1 113 2 408 2 169 5 167 1 173 3 270 2 271 3 272 2 192 1
112 34 26 172 1 179 1 162 2 225 1 291 1 174 1 542 1 649 1 295 1 218 1 29 1 113 1 408 1 213 1 206 4 167 1 173 3 277 3 270 2 271 3 272 2 294 1 274 2 275 3 276 2 444 1
//IdTournes NbColis
18 6
//IdColis IdCommandeInColis NbProducts IdProd1 QtyProd1 IdProd2 QtyProd2 ...
119 38 15 211 2 236 2 221 2 585 1 223 2 214 1 601 1 31 1 577 1 316 4 222 2 184 1 525 3 597 1 588 1
105 31 12 179 1 162 2 434 1 169 4 173 1 277 2 270 2 271 2 272 2 274 2 275 2 276 2
10 3 10 169 4 167 1 355 1 270 2 271 3 272 2 294 1 274 2 275 1 173 3
88 25 7 169 2 167 1 272 1 173 3 537 1 444 1 379 1
96 28 14 173 2 277 3 270 2 271 3 272 2 294 1 274 2 275 3 276 2 175 1 157 1 232 1 544 1 159 2
109 32 7 274 1 275 3 276 2 173 3 164 1 157 1 175 1
//IdTournes NbColis
19 3
//IdColis IdCommandeInColis NbProducts IdProd1 QtyProd1 IdProd2 QtyProd2 ...
43 11 13 631 1 627 1 628 1 267 1 488 1 489 1 253 1 375 1 403 1 269 1 495 1 624 1 160 1
57 13 2 272 2 232 2
77 21 5 275 2 276 2 277 2 616 1 379 1
