//NbTournees
46
//IdTournes NbColis
1 6
//IdColis IdCommandeInColis NbProducts IdProd1 QtyProd1 IdProd2 QtyProd2 ...
1 1 9 3 1 4 1 7 1 2 1 5 1 6 1 10 1 276 1 414 1
6 2 9 14 1 11 1 2 1 6 1 15 1 10 1 442 1 439 2 461 1
9 3 12 4 1 7 1 2 1 10 1 341 1 528 1 406 1 252 1 543 1 261 1 456 1 530 1
13 4 10 4 1 7 1 27 1 23 1 6 1 2 1 276 1 221 1 442 1 26 1
17 5 10 4 1 7 1 35 1 6 1 2 1 10 1 396 1 415 1 380 1 596 1
143 28 13 70 1 51 1 2 1 80 1 131 1 253 1 442 1 439 1 81 1 373 1 462 1 255 1 360 1
//IdTournes NbColis
2 6
//IdColis IdCommandeInColis NbProducts IdProd1 QtyProd1 IdProd2 QtyProd2 ...
160 32 12 4 1 2 1 10 1 253 1 442 1 611 1 304 1 487 1 337 1 252 1 425 2 360 1
193 42 10 45 1 4 1 10 1 2 1 90 1 385 1 353 1 337 2 252 1 340 1
217 50 15 123 1 10 1 2 1 90 1 337 1 252 1 425 1 340 1 360 1 248 1 588 1 421 1 378 1 356 1 259 1
253 61 12 609 1 2 1 6 1 15 1 10 1 517 1 341 1 528 1 282 1 434 1 406 1 248 1
274 67 14 35 1 10 1 6 1 15 1 2 1 373 1 462 1 369 1 430 1 248 1 403 1 461 1 437 1 257 1
277 68 11 45 1 47 1 2 1 10 1 253 1 442 1 353 2 260 1 282 1 255 1 252 1
//IdTournes NbColis
3 6
//IdColis IdCommandeInColis NbProducts IdProd1 QtyProd1 IdProd2 QtyProd2 ...
284 70 14 10 1 6 1 15 1 2 1 373 1 369 1 495 2 425 1 264 1 256 1 33 1 153 1 171 1 246 1
289 72 12 51 2 6 1 2 1 15 1 10 1 373 1 510 1 351 2 248 1 371 1 619 1 513 1
291 73 11 39 1 51 1 6 1 15 1 2 1 10 1 373 1 394 1 369 1 248 1 371 1
293 74 15 2 1 6 1 15 1 10 1 380 1 373 1 419 1 369 1 255 1 248 1 403 1 371 1 461 1 9 1 600 1
295 75 14 78 1 10 1 6 1 15 1 2 1 373 1 369 1 337 1 425 1 530 1 248 1 371 1 378 1 250 1
303 79 16 2 1 6 1 15 1 10 1 550 1 369 1 551 1 456 1 332 1 248 1 371 1 461 1 440 1 285 1 17 1 602 1
//IdTournes NbColis
4 6
//IdColis IdCommandeInColis NbProducts IdProd1 QtyProd1 IdProd2 QtyProd2 ...
181 38 12 6 1 15 1 621 1 626 1 353 1 337 1 335 1 252 1 340 2 360 3 421 1 325 1
196 43 11 45 1 88 1 632 1 621 1 10 1 353 1 439 1 337 1 252 1 340 1 248 1
287 71 19 626 1 6 1 15 1 621 1 373 1 369 1 248 1 461 1 390 1 518 1 306 1 342 1 519 1 9 1 17 1 284 1 294 1 16 1 154 1
297 76 15 6 1 15 1 621 1 626 1 341 1 373 1 512 1 425 1 432 1 248 1 371 1 620 1 461 1 285 1 440 1
299 77 18 6 1 15 1 621 1 626 1 373 1 369 1 405 1 371 1 461 1 544 1 547 1 285 1 306 1 164 1 627 1 17 1 284 1 250 1
306 81 16 626 1 6 1 15 1 621 1 373 1 489 1 369 1 558 1 371 1 378 2 440 1 9 1 17 1 284 1 294 1 16 1
//IdTournes NbColis
5 6
//IdColis IdCommandeInColis NbProducts IdProd1 QtyProd1 IdProd2 QtyProd2 ...
310 83 16 626 1 6 1 15 1 621 1 373 1 369 1 578 1 582 1 580 1 544 1 440 1 306 1 164 1 17 1 589 2 294 1
23 6 9 39 1 3 1 4 1 696 1 10 1 40 1 353 1 395 1 360 1
27 7 11 46 1 45 1 23 1 47 1 51 1 276 1 221 1 508 1 341 1 282 1 270 1
31 8 13 4 1 59 1 55 1 253 1 442 1 353 1 439 1 260 1 279 1 337 1 252 1 430 1 340 1
35 9 12 45 1 15 1 70 1 74 1 51 1 396 1 415 1 380 1 442 1 487 1 434 1 404 1
43 10 9 108 1 126 1 78 1 82 1 70 1 74 1 55 1 80 1 415 1
//IdTournes NbColis
6 6
//IdColis IdCommandeInColis NbProducts IdProd1 QtyProd1 IdProd2 QtyProd2 ...
267 65 13 123 1 70 1 131 1 444 1 276 1 221 1 508 1 341 1 447 1 252 1 585 1 261 1 405 1
261 63 13 4 1 638 1 131 1 221 1 341 1 442 1 282 1 269 1 252 1 425 2 261 1 405 1 292 1
49 11 9 91 1 88 2 51 1 90 1 385 1 517 1 341 1 528 1 514 1
53 12 14 4 1 51 1 221 1 341 1 253 1 508 1 586 1 260 1 560 1 255 1 495 1 252 1 369 1 605 1
60 13 10 106 1 108 1 109 1 51 1 107 1 221 1 276 1 312 1 485 1 323 1
124 25 6 166 1 639 1 178 1 607 1 4 1 45 1
//IdTournes NbColis
7 6
//IdColis IdCommandeInColis NbProducts IdProd1 QtyProd1 IdProd2 QtyProd2 ...
125 25 11 47 1 51 1 55 1 80 1 131 1 221 1 276 1 496 1 341 3 253 1 320 1
142 28 7 166 1 178 1 607 1 4 1 45 1 47 1 312 1
199 44 14 4 1 51 1 439 1 353 1 282 1 337 1 252 1 340 1 360 1 248 1 275 1 421 2 321 2 293 1
213 49 12 4 1 609 1 51 1 288 1 353 2 381 1 279 1 419 1 337 1 489 1 252 1 343 1
312 84 19 607 1 123 1 373 1 369 1 351 1 248 1 371 1 440 1 306 1 44 1 294 1 246 1 584 1 231 1 372 1 367 1 257 1 350 1 57 1
187 40 15 123 1 643 1 353 1 337 1 335 1 252 1 340 1 360 1 421 1 354 2 356 1 645 1 293 1 544 1 386 2
//IdTournes NbColis
8 6
//IdColis IdCommandeInColis NbProducts IdProd1 QtyProd1 IdProd2 QtyProd2 ...
79 14 14 699 2 212 5 573 5 214 3 575 5 215 3 483 5 112 1 194 3 197 3 199 4 700 5 189 4 198 1
67 14 2 177 3 113 1
68 14 3 113 2 181 3 167 1
184 39 15 4 1 648 1 90 1 385 1 442 1 353 1 252 1 337 1 335 1 530 1 378 1 567 1 647 1 343 1 324 1
70 14 3 694 5 174 2 114 1
71 14 5 174 3 176 1 201 2 114 2 574 1
//IdTournes NbColis
9 6
//IdColis IdCommandeInColis NbProducts IdProd1 QtyProd1 IdProd2 QtyProd2 ...
83 15 18 88 1 45 1 341 1 288 1 337 1 340 1 351 1 283 1 336 1 343 1 234 1 342 1 345 1 226 1 344 1 60 1 284 1 287 1
85 16 13 39 1 88 1 45 1 341 1 353 1 462 1 337 1 427 1 351 1 275 1 293 1 343 1 120 1
87 17 8 122 1 124 1 123 1 7 1 45 1 221 1 276 1 282 1
91 18 10 109 1 45 1 35 1 126 1 47 1 276 1 221 1 341 1 442 1 282 1
96 19 10 3 1 45 1 47 1 131 1 276 1 221 2 282 1 252 1 369 2 134 1
100 20 10 45 1 7 1 137 1 27 1 47 1 276 1 221 1 253 1 550 1 538 1
//IdTournes NbColis
10 6
//IdColis IdCommandeInColis NbProducts IdProd1 QtyProd1 IdProd2 QtyProd2 ...
220 51 16 45 1 47 1 252 1 369 1 279 1 337 1 340 1 360 1 248 1 541 1 421 1 378 1 354 1 649 2 356 1 320 1
241 58 12 45 1 47 1 442 1 487 1 462 2 252 1 337 1 425 1 340 1 360 3 454 1 354 1
39 9 23 203 1 19 3 54 1 287 1 418 2 284 1 368 2 289 1 545 2 67 2 71 1 16 1 64 1 42 2 205 3 208 1 22 1 307 1 490 1 286 2 339 1 8 1 330 1
64 13 29 89 1 111 1 688 1 690 1 32 1 692 1 602 1 318 1 287 2 417 1 520 1 56 1 48 2 71 1 67 1 28 1 689 1 29 1 147 1 307 1 339 1 210 2 258 1 509 1 93 1 687 1 242 1 246 1 220 2
173 35 31 94 1 105 1 344 1 172 1 62 1 634 2 30 1 68 2 63 1 43 1 66 1 54 1 67 1 64 1 42 1 377 1 339 1 365 1 324 1 242 1 297 1 334 1 338 1 259 1 237 1 359 1 243 1 290 1 41 1 69 1 146 1
275 67 25 437 1 285 1 440 2 306 1 342 1 225 1 618 1 17 1 294 1 67 1 16 1 22 1 286 1 463 2 8 1 357 1 246 1 250 1 398 1 372 1 376 1 367 1 608 1 69 1 617 1
//IdTournes NbColis
11 6
//IdColis IdCommandeInColis NbProducts IdProd1 QtyProd1 IdProd2 QtyProd2 ...
262 63 22 493 1 403 1 371 2 354 2 431 1 461 1 285 1 455 1 277 1 268 1 453 1 345 2 320 1 636 1 24 1 172 1 44 1 145 1 52 1 32 1 287 1 515 2
15 4 31 455 1 277 1 268 1 453 1 320 1 24 1 30 1 32 1 287 1 28 1 29 1 399 1 258 1 509 1 246 1 334 2 347 1 323 1 346 1 349 1 296 1 404 1 367 2 224 1 249 1 257 2 524 2 25 1 278 1 507 1 31 1
63 13 22 473 1 521 1 440 2 455 2 236 1 268 1 453 1 239 1 342 1 225 1 676 1 94 1 319 1 320 1 392 1 24 1 60 1 600 1 145 2 30 2 686 1 633 3
93 18 23 354 2 461 1 514 1 433 1 234 1 285 4 521 1 455 1 277 1 268 1 453 1 239 1 280 1 320 1 443 1 24 1 130 1 30 1 128 1 32 1 53 1 318 1 284 1
98 19 26 268 1 438 1 133 1 320 1 24 1 30 2 145 1 134 3 32 2 287 1 417 1 545 2 56 1 50 1 29 1 147 1 258 1 509 1 132 1 714 1 457 1 246 1 220 2 347 1 349 2 136 1
102 20 22 421 1 354 2 567 1 138 2 356 1 321 1 455 1 484 1 400 1 236 1 453 1 388 1 392 1 24 1 30 1 145 1 32 1 418 1 417 2 520 1 601 4 710 1
//IdTournes NbColis
12 6
//IdColis IdCommandeInColis NbProducts IdProd1 QtyProd1 IdProd2 QtyProd2 ...
108 21 24 454 1 403 1 275 1 354 2 138 1 238 1 494 1 455 1 268 1 277 1 453 1 345 1 438 2 280 1 24 1 172 2 145 1 30 1 686 1 623 1 32 1 287 1 142 1 56 1
112 22 24 378 1 431 1 356 3 514 1 238 1 455 1 494 1 445 1 268 1 453 1 326 1 24 1 44 1 145 1 30 1 287 2 50 1 29 1 147 1 292 3 258 1 509 1 246 1 513 1
117 23 25 320 3 24 1 148 1 32 1 409 3 294 1 287 4 515 1 56 1 28 1 29 1 147 1 292 1 463 1 149 1 117 1 258 1 509 1 241 1 246 1 220 1 363 1 347 2 441 1 346 1
146 28 27 438 1 486 1 443 1 540 1 44 1 179 2 145 1 24 2 313 1 287 1 294 1 515 1 545 2 50 1 28 1 29 1 147 2 292 1 471 1 458 1 339 1 553 1 511 1 258 1 242 1 297 1 246 2
154 30 24 37 2 155 2 354 2 521 1 251 1 24 1 145 2 30 1 89 1 32 1 515 1 28 1 29 1 147 1 458 1 258 1 247 1 347 1 262 1 232 1 250 3 259 1 231 1 265 1
157 31 26 298 1 283 1 285 1 234 1 361 1 343 1 440 1 527 1 226 1 345 1 523 1 438 1 540 2 24 1 44 1 656 1 145 1 30 2 130 1 284 1 287 2 294 1 655 1 289 1 545 1 262 1
//IdTournes NbColis
13 6
//IdColis IdCommandeInColis NbProducts IdProd1 QtyProd1 IdProd2 QtyProd2 ...
218 50 28 293 1 343 1 306 1 345 1 344 1 540 1 443 1 426 1 24 1 9 1 89 1 515 3 542 1 16 1 339 1 338 1 411 1 297 1 324 1 334 2 359 1 243 1 372 2 348 1 257 2 325 1 206 1 606 1
258 62 23 371 4 567 1 431 1 461 1 514 1 298 1 234 1 238 1 455 1 494 1 521 1 277 1 268 1 453 1 225 1 320 1 24 1 44 1 30 1 89 1 32 1 450 1 511 1
265 64 22 341 1 276 1 221 1 252 1 405 1 522 1 351 1 403 1 454 1 371 1 514 1 400 1 455 1 238 1 453 1 268 1 225 1 44 1 24 1 287 1 50 1 404 1
296 75 24 440 1 612 1 9 1 13 1 294 1 287 1 16 1 22 1 286 1 8 1 258 1 338 1 529 1 246 1 250 1 231 1 376 1 367 2 372 1 243 1 224 1 613 1 161 1 614 1
298 76 19 306 1 24 1 9 1 623 1 520 1 294 1 16 1 8 1 624 1 625 1 246 1 232 1 250 1 231 1 503 1 367 1 372 1 622 1 170 1
122 24 28 156 1 397 1 258 1 338 4 235 1 242 4 347 1 232 1 237 1 233 1 259 1 398 2 348 1 249 1 375 1 161 1 25 1 160 1 641 1 154 1 163 1 57 2 139 1 136 1 170 3 157 1 162 2 697 1
//IdTournes NbColis
14 6
//IdColis IdCommandeInColis NbProducts IdProd1 QtyProd1 IdProd2 QtyProd2 ...
234 55 23 338 1 467 1 428 1 323 1 259 1 562 1 359 1 327 1 376 1 348 1 532 1 659 1 41 1 608 1 25 1 325 1 364 1 563 1 139 1 136 1 660 1 157 1 18 1
169 34 21 6 1 15 1 288 1 373 1 369 1 248 1 371 1 354 1 461 1 370 1 544 1 60 1 62 1 44 1 634 1 30 1 661 1 158 1 63 1 43 1 53 1
239 57 30 343 1 94 1 540 1 62 1 44 1 30 1 203 1 158 1 63 1 43 1 54 1 515 2 64 1 42 1 65 1 339 1 1 1 362 1 357 1 358 1 297 1 334 1 346 1 259 1 348 1 359 1 532 1 608 1 325 1 590 1
255 61 29 94 1 9 1 17 1 287 1 16 1 22 3 399 2 1 1 258 1 509 1 246 1 338 2 347 1 556 1 393 1 535 1 404 1 296 1 407 1 532 1 367 2 448 1 608 1 270 1 229 1 507 1 610 2 139 2 31 1
58 12 19 219 1 254 1 98 1 707 1 99 1 665 1 222 1 229 1 270 1 374 1 507 1 95 1 102 1 206 1 96 1 590 1 97 1 100 1 104 1
38 9 20 343 1 518 1 268 1 453 1 239 1 309 1 345 1 280 1 73 1 319 1 540 4 708 2 62 2 145 3 209 1 130 1 686 1 68 3 75 1 17 1
//IdTournes NbColis
15 6
//IdColis IdCommandeInColis NbProducts IdProd1 QtyProd1 IdProd2 QtyProd2 ...
121 24 26 691 1 285 1 440 1 94 1 344 1 320 1 555 1 62 1 164 1 68 3 158 1 63 1 43 1 159 1 53 1 54 1 284 3 56 1 85 1 64 1 65 1 286 2 399 1 244 1 458 1 553 1
191 41 26 238 4 342 1 345 1 438 3 344 1 62 1 634 1 68 1 158 1 63 1 43 1 64 1 42 1 339 1 338 1 324 1 362 1 297 1 334 1 220 1 383 1 237 1 259 1 331 1 305 1 243 1
278 68 16 252 3 425 2 569 1 424 2 248 1 401 1 354 1 527 1 440 1 9 1 68 1 111 3 53 1 287 1 418 2 464 1
308 82 18 4 1 11 1 442 1 373 1 351 2 248 1 371 1 461 1 440 1 133 1 94 1 62 1 44 1 30 1 158 1 63 1 54 1 246 1
7 2 20 373 1 425 1 369 1 544 3 440 1 326 1 438 2 443 1 9 2 12 2 13 1 54 1 294 1 16 1 244 3 1 1 8 1 258 1 365 2 367 1
10 3 22 405 1 522 1 403 1 248 1 454 1 371 1 431 1 514 1 544 2 285 1 234 1 400 1 521 1 236 1 268 1 453 1 342 1 239 3 225 1 9 1 12 1 18 1
//IdTournes NbColis
16 6
//IdColis IdCommandeInColis NbProducts IdProd1 QtyProd1 IdProd2 QtyProd2 ...
11 3 24 12 2 17 1 19 2 287 3 368 1 545 2 16 2 22 1 8 1 258 1 509 1 20 2 246 1 334 1 347 1 404 1 296 1 466 1 367 1 224 2 375 1 21 1 270 1 507 1
167 33 34 345 1 344 1 62 1 30 1 158 1 63 1 664 1 43 1 13 1 54 1 545 1 64 1 42 1 65 1 339 1 624 1 625 1 338 1 357 1 358 1 297 1 334 1 237 1 230 1 348 1 359 1 532 1 355 1 290 1 665 2 325 1 350 1 666 1 31 1
314 85 22 6 1 15 1 373 1 369 1 248 1 371 1 354 1 390 1 440 1 392 1 179 1 13 1 17 1 53 1 284 1 294 1 246 1 231 1 250 1 372 1 367 1 257 1
47 10 30 568 1 509 1 246 1 334 3 338 1 347 1 346 3 231 1 535 1 562 1 245 1 359 1 367 1 372 1 224 1 249 1 524 2 375 1 84 1 330 1 77 1 25 1 86 1 278 1 325 1 507 1 364 1 563 1 104 1 31 1
69 14 4 167 4 186 3 211 1 189 1
244 58 14 584 1 436 2 305 2 291 1 376 1 367 1 466 2 257 3 84 1 206 3 513 1 57 1 653 2 603 1
//IdTournes NbColis
17 6
//IdColis IdCommandeInColis NbProducts IdProd1 QtyProd1 IdProd2 QtyProd2 ...
272 66 23 425 1 460 1 248 1 401 1 354 2 94 1 667 1 627 1 63 1 64 1 458 1 347 1 235 1 358 1 262 1 250 1 398 1 230 1 257 1 459 1 249 1 524 1 375 1
4 1 24 463 2 1 1 8 1 509 1 258 1 246 2 220 3 552 1 232 1 349 1 310 2 245 1 352 3 296 1 281 1 243 1 404 1 367 2 224 1 257 1 524 3 355 2 278 1 507 1
94 18 31 287 1 515 2 542 1 601 2 48 1 28 1 29 1 147 1 1 1 509 1 258 1 246 2 347 2 535 1 230 2 352 1 327 2 296 1 281 1 404 1 367 2 466 1 224 1 41 1 127 1 77 1 129 1 229 1 278 1 270 1 110 1
158 31 29 545 3 56 2 50 1 28 1 29 1 147 1 286 1 292 1 339 1 553 1 1 1 258 1 297 1 246 1 338 1 383 1 363 2 556 3 262 1 295 2 237 1 250 1 296 1 243 1 299 1 367 1 348 1 257 1 290 1
206 46 31 540 1 62 1 44 1 30 1 63 1 43 1 66 1 53 1 54 1 368 1 515 2 545 2 119 1 64 1 42 1 286 1 244 1 458 1 1 1 624 1 669 1 338 1 363 2 235 1 242 1 347 1 262 1 232 1 250 1 315 1 603 1
288 71 11 22 1 1 2 8 1 625 1 397 1 630 1 241 2 246 1 250 1 231 1 372 1
//IdTournes NbColis
18 6
//IdColis IdCommandeInColis NbProducts IdProd1 QtyProd1 IdProd2 QtyProd2 ...
137 26 13 237 1 348 1 359 1 290 1 557 1 77 1 161 1 325 1 350 1 170 1 31 1 706 1 710 1
221 51 30 293 1 343 1 361 3 345 1 94 1 635 1 44 1 30 1 63 1 66 1 54 1 64 1 650 1 399 1 339 1 365 1 383 1 297 1 246 1 334 1 338 1 259 1 230 1 305 1 355 1 325 1 651 1 603 1 162 2 614 1
259 62 27 287 1 545 1 29 1 399 1 258 1 509 1 449 1 246 1 334 1 347 1 338 1 323 1 310 1 281 1 404 1 376 1 367 2 224 1 657 1 270 1 229 1 278 1 507 1 658 1 603 2 614 1 144 1
138 27 14 35 1 173 1 90 1 439 1 81 1 419 1 337 1 335 1 252 1 425 1 340 1 432 1 360 1 248 1
135 26 12 140 1 106 1 4 1 47 1 337 1 252 1 340 1 360 1 248 1 541 1 356 1 63 1
33 8 27 63 1 43 1 66 1 53 1 287 1 294 1 545 1 56 1 64 1 42 1 65 1 292 1 339 2 553 1 246 1 338 1 556 1 250 1 296 1 243 1 305 1 367 1 291 1 290 1 61 1 57 2 18 1
//IdTournes NbColis
19 6
//IdColis IdCommandeInColis NbProducts IdProd1 QtyProd1 IdProd2 QtyProd2 ...
263 63 30 515 1 601 1 56 1 28 1 637 1 29 1 147 1 451 1 258 1 509 1 246 1 247 1 220 1 347 1 346 1 250 1 404 2 296 1 281 3 367 1 224 1 452 1 270 1 229 1 507 1 57 1 69 1 139 2 603 1 144 1
72 14 5 168 4 190 1 211 4 500 2 574 1
106 21 7 14 1 140 1 4 1 7 1 109 1 141 1 271 1
75 14 7 195 4 200 5 701 5 478 3 169 3 695 3 183 1
114 23 11 4 1 7 1 6 1 276 1 221 1 341 1 442 1 373 1 382 1 419 1 369 2
120 24 14 4 1 90 1 253 1 508 1 304 1 260 1 255 1 252 1 432 1 261 1 360 1 248 1 401 1 354 2
//IdTournes NbColis
20 6
//IdColis IdCommandeInColis NbProducts IdProd1 QtyProd1 IdProd2 QtyProd2 ...
149 29 12 91 1 4 1 40 1 90 1 276 1 221 1 341 1 434 1 252 1 261 1 493 1 234 1
153 30 16 4 1 253 1 442 1 260 1 252 1 255 1 569 1 261 1 256 1 263 1 264 1 267 1 248 1 33 1 153 1 171 1
172 35 13 654 1 4 1 353 1 252 1 337 1 340 1 360 1 248 1 421 1 378 1 321 3 345 1 226 1
175 36 16 4 1 5 1 380 1 353 1 252 1 381 1 335 1 337 1 340 1 248 1 371 1 356 1 321 1 645 1 343 1 361 1
178 37 17 4 1 442 1 353 1 252 1 382 1 337 1 360 1 248 1 378 2 354 2 293 1 343 1 336 1 345 1 438 1 62 1 545 1
190 41 15 4 1 90 1 353 1 387 1 337 1 335 1 252 1 340 1 360 1 421 1 662 3 356 1 321 1 361 1 365 1
//IdTournes NbColis
21 6
//IdColis IdCommandeInColis NbProducts IdProd1 QtyProd1 IdProd2 QtyProd2 ...
205 46 17 4 1 253 1 260 1 252 1 255 1 382 1 585 1 531 1 401 1 354 2 514 1 400 2 521 1 342 1 94 1 540 1 162 1
226 53 14 137 1 4 1 353 1 395 1 419 1 337 1 252 1 340 1 427 1 275 1 421 1 378 2 567 1 514 1
238 57 16 4 1 560 1 337 1 252 1 395 1 340 1 432 2 248 1 378 2 354 1 138 1 390 1 293 1 370 1 336 1 344 1
246 59 12 7 1 4 1 5 1 47 1 276 1 221 1 341 1 282 1 269 1 425 1 252 1 320 1
249 60 11 4 1 27 1 276 1 516 1 517 1 341 1 288 3 255 1 406 1 447 1 337 1
257 62 15 4 1 276 1 221 1 442 1 304 1 512 1 269 1 252 1 405 1 493 1 510 2 403 1 248 1 454 1 310 1
//IdTournes NbColis
22 6
//IdColis IdCommandeInColis NbProducts IdProd1 QtyProd1 IdProd2 QtyProd2 ...
281 69 16 4 1 470 1 353 1 288 1 369 1 337 1 252 1 340 2 456 1 248 1 378 1 619 1 390 1 544 1 343 1 671 1
207 46 19 237 1 231 1 584 1 259 1 398 1 359 2 372 1 249 1 224 1 524 1 375 1 257 1 459 1 254 1 402 1 583 2 170 2 614 1 670 1
41 9 16 367 1 466 1 372 1 224 1 249 1 524 3 72 1 270 1 206 1 57 1 69 2 603 2 76 1 31 2 712 1 146 2
104 20 16 281 1 376 1 367 1 466 2 372 1 224 1 249 1 711 1 330 2 325 1 507 1 57 2 69 2 139 1 144 1 322 1
237 56 18 54 1 287 1 64 1 42 1 258 1 509 1 246 1 347 2 556 2 404 1 367 1 224 1 270 1 325 1 229 1 278 1 507 1 57 2
280 68 12 331 2 372 2 249 1 257 1 459 1 375 1 254 1 290 1 41 3 57 1 603 1 18 1
//IdTournes NbColis
23 6
//IdColis IdCommandeInColis NbProducts IdProd1 QtyProd1 IdProd2 QtyProd2 ...
32 8 26 248 1 371 1 378 1 461 1 298 1 343 1 285 1 234 1 238 1 473 1 361 1 440 1 527 1 226 1 345 1 523 1 438 2 344 1 555 1 60 1 62 1 44 1 30 1 54 1 58 1 557 1
223 52 13 88 1 353 1 252 1 255 3 337 1 427 1 351 1 360 2 421 1 533 2 390 1 461 1 343 1
232 55 15 88 1 353 1 395 1 337 2 252 1 427 1 538 2 530 1 360 2 390 1 539 1 321 1 343 1 285 1 139 1
46 10 25 521 1 236 1 453 1 79 1 83 1 443 4 62 1 172 1 683 1 63 1 43 1 66 1 417 1 520 3 85 1 87 1 64 1 42 1 65 1 684 2 333 1 339 1 463 1 273 1 258 1
51 11 28 453 1 326 2 703 2 94 1 92 1 44 1 30 1 130 1 89 1 63 1 43 1 158 1 287 1 64 1 42 1 65 1 93 1 397 1 258 2 509 1 246 1 347 1 237 2 404 1 296 1 407 1 367 1 376 2
179 37 30 44 1 30 1 63 1 43 1 66 1 142 1 64 1 42 1 208 1 292 1 339 1 365 1 324 1 242 1 297 1 334 1 338 1 677 1 237 1 230 1 327 1 359 1 243 1 348 1 290 1 325 1 678 1 151 1 18 1 679 1
//IdTournes NbColis
24 6
//IdColis IdCommandeInColis NbProducts IdProd1 QtyProd1 IdProd2 QtyProd2 ...
235 56 16 90 1 221 1 276 1 282 1 462 1 406 1 252 1 261 1 271 1 405 1 522 1 248 1 454 1 403 1 371 1 354 2
44 10 14 276 1 221 1 253 1 550 1 304 2 260 1 439 1 81 1 335 1 252 1 269 1 561 1 425 1 585 1
126 25 14 442 1 550 1 304 1 353 1 260 1 439 1 560 2 81 1 282 1 373 1 335 1 279 1 412 1 447 1
166 33 12 123 1 663 2 341 2 353 1 337 1 252 1 340 1 248 1 354 2 356 1 336 1 94 1
202 45 14 123 1 396 1 508 2 439 1 353 1 337 1 394 1 369 1 395 1 252 1 340 1 360 1 248 1 343 1
208 47 18 123 1 353 1 337 1 425 1 252 1 340 1 351 1 360 1 596 1 248 1 421 1 354 1 595 1 390 1 293 1 370 1 544 1 343 1
//IdTournes NbColis
25 6
//IdColis IdCommandeInColis NbProducts IdProd1 QtyProd1 IdProd2 QtyProd2 ...
211 48 18 123 1 415 1 353 1 337 1 252 1 360 1 421 1 378 2 354 1 356 1 321 1 336 1 342 2 345 1 438 1 94 1 344 1 338 1
229 54 15 123 1 353 1 255 1 395 1 337 1 252 1 561 1 430 1 340 2 570 1 534 1 578 1 248 1 421 1 85 1
107 21 14 6 1 221 1 276 2 341 1 442 1 282 1 269 1 279 1 489 1 252 1 425 1 261 1 493 1 274 1
301 78 20 6 1 15 1 508 1 369 2 279 1 248 1 548 1 461 1 549 1 433 1 306 1 62 1 44 1 158 1 63 1 43 1 682 1 284 1 294 1 258 1
80 14 6 198 4 175 2 196 5 698 1 191 3 192 3
271 66 9 137 1 668 1 15 1 40 1 253 1 442 1 260 1 255 1 425 4
//IdTournes NbColis
26 6
//IdColis IdCommandeInColis NbProducts IdProd1 QtyProd1 IdProd2 QtyProd2 ...
185 39 29 361 1 345 1 94 1 83 1 30 1 158 1 63 1 43 1 646 1 87 1 64 1 307 1 244 2 242 1 297 1 334 1 338 1 556 2 346 2 552 2 259 1 384 1 237 1 352 1 331 2 305 1 291 1 243 1 290 1
176 36 32 345 1 94 1 130 1 62 1 44 1 673 1 30 2 642 1 63 1 43 1 66 1 54 1 379 2 601 1 64 1 65 1 339 1 149 1 258 1 362 1 242 1 297 1 334 1 237 1 314 1 331 1 305 1 243 1 254 1 290 1 160 1 31 1
84 15 16 339 1 307 1 244 1 117 1 118 1 338 1 347 1 297 1 346 1 349 1 237 1 352 1 348 1 350 1 115 1 116 1
164 32 19 246 1 338 2 556 1 232 3 231 1 237 1 250 1 305 1 291 1 296 1 376 1 367 1 257 1 524 2 290 1 452 1 557 1 135 1 69 3
285 70 26 37 1 155 1 461 1 440 1 505 1 9 1 615 1 294 1 16 1 22 1 286 1 220 1 346 1 250 1 231 1 503 1 367 1 372 1 257 1 613 1 374 1 350 1 278 1 69 1 616 1 504 1
86 16 19 468 1 234 1 283 1 336 1 438 1 226 1 121 1 287 1 469 1 119 1 339 1 101 1 467 1 347 1 338 1 465 1 466 1 348 1 290 1
//IdTournes NbColis
27 6
//IdColis IdCommandeInColis NbProducts IdProd1 QtyProd1 IdProd2 QtyProd2 ...
210 47 12 349 1 237 1 559 1 259 1 327 1 359 1 532 1 348 1 290 1 613 1 270 2 325 1
29 7 28 455 1 236 1 268 1 453 1 320 1 44 1 30 1 49 1 52 2 32 1 53 1 287 1 48 1 50 1 29 1 307 1 258 2 509 1 246 1 347 1 231 1 384 1 526 1 404 1 243 1 367 1 224 1 507 1
73 14 7 500 1 574 1 497 3 217 3 502 5 571 5 193 1
78 14 11 216 1 476 3 718 5 182 10 501 4 193 2 218 3 480 3 184 3 202 3 699 1
224 52 31 285 2 345 1 438 1 94 1 60 1 62 1 44 1 164 1 30 1 63 1 43 1 66 1 542 1 545 1 28 2 64 1 42 1 339 1 428 1 357 1 235 1 334 1 467 1 233 1 535 1 359 1 372 1 348 1 325 1 546 1 100 1
111 22 16 109 1 444 1 276 1 221 1 341 1 282 1 269 1 252 1 271 1 405 1 493 1 403 1 248 1 454 1 371 1 290 1
//IdTournes NbColis
28 6
//IdColis IdCommandeInColis NbProducts IdProd1 QtyProd1 IdProd2 QtyProd2 ...
251 60 29 634 1 30 1 180 1 63 1 43 1 66 1 54 1 515 1 287 1 64 1 42 1 65 1 509 1 389 1 258 1 246 1 347 1 346 1 398 1 348 1 404 1 224 1 270 1 278 1 507 1 100 1 617 1 603 1 144 1
118 23 20 346 1 231 3 233 1 237 1 250 2 705 1 535 1 503 1 404 1 376 1 367 1 224 1 524 1 355 1 150 1 278 1 270 1 154 1 644 1 151 1
188 40 29 336 1 438 1 345 1 94 1 344 1 635 1 92 1 62 1 9 1 30 1 158 1 642 1 63 1 43 1 54 1 545 1 64 1 42 1 339 1 244 1 365 1 624 1 625 1 338 1 362 1 297 2 334 1 220 3 324 1
269 65 33 344 1 635 1 172 1 62 1 9 1 634 1 30 1 158 1 63 1 43 1 54 1 294 2 287 1 142 1 545 1 64 1 42 1 553 1 365 1 258 1 509 1 242 1 246 1 334 1 347 1 323 1 535 1 398 1 296 1 407 1 404 1 367 1 224 1
209 47 27 239 2 345 1 438 1 94 1 344 1 36 1 62 1 44 1 30 1 63 1 43 1 66 1 54 1 520 1 515 1 545 2 542 1 71 1 64 1 42 1 339 1 458 1 338 4 357 1 358 1 297 1 334 1
65 13 26 220 2 241 1 363 1 338 2 347 1 346 2 315 1 316 1 237 5 295 1 559 2 398 1 352 1 243 1 404 1 367 1 224 2 524 3 375 1 21 1 270 1 278 1 374 1 507 1 110 1 139 1
//IdTournes NbColis
29 6
//IdColis IdCommandeInColis NbProducts IdProd1 QtyProd1 IdProd2 QtyProd2 ...
56 12 26 44 1 49 1 54 3 63 1 43 1 17 1 66 1 53 1 287 1 418 1 284 3 515 1 589 1 520 1 28 2 64 1 42 2 244 1 471 1 458 2 553 1 8 1 101 1 227 1 258 1 146 1
294 74 14 49 1 53 1 294 1 601 1 16 1 490 1 244 1 525 2 509 2 246 1 250 1 231 1 367 1 372 1
77 14 7 477 1 482 5 498 5 187 3 693 10 185 5 216 4
76 14 7 183 4 188 3 481 3 576 5 702 10 213 3 477 2
89 17 30 455 1 125 2 225 1 94 1 540 1 9 2 44 1 62 1 30 1 17 1 63 1 158 1 287 1 64 1 42 1 22 1 339 2 258 1 509 1 303 1 241 1 246 1 347 1 224 1 41 1 270 1 325 1 229 1 278 1 507 1
25 6 22 43 1 63 1 66 1 42 1 64 1 339 1 357 1 235 1 358 1 334 2 338 1 467 1 272 2 465 1 359 1 296 1 348 1 532 1 41 1 154 1 31 1 697 2
//IdTournes NbColis
30 6
//IdColis IdCommandeInColis NbProducts IdProd1 QtyProd1 IdProd2 QtyProd2 ...
99 19 15 398 1 503 2 296 1 281 1 376 1 404 1 367 1 224 1 524 3 41 1 270 1 229 1 507 1 135 1 144 1
151 29 27 326 1 329 2 94 1 62 1 30 2 180 4 63 1 66 1 54 1 287 1 85 1 64 1 399 1 258 1 246 1 334 1 220 1 347 1 346 2 245 1 404 1 367 1 224 1 278 1 139 2 31 1 504 1
282 69 30 336 1 226 1 345 1 438 1 94 1 172 1 62 1 44 1 672 1 640 1 63 1 43 1 66 1 54 1 64 1 42 1 471 1 339 1 357 1 235 1 358 1 334 1 472 1 338 1 359 1 372 1 348 1 290 1 41 1 154 1
290 72 18 615 1 159 1 17 1 368 1 520 1 294 1 289 1 85 1 16 1 22 1 339 1 246 1 232 1 231 1 372 1 249 1 257 1 513 1
109 21 28 142 1 545 1 28 1 637 1 29 1 147 1 286 1 273 1 258 1 509 1 246 1 347 1 552 1 272 1 535 1 230 2 352 1 281 1 404 1 367 1 224 1 270 1 278 1 374 1 507 1 139 3 603 1 685 1
304 79 14 294 1 142 1 16 1 208 1 29 1 22 2 553 1 8 1 346 1 552 1 231 1 250 1 372 1 367 1
//IdTournes NbColis
31 6
//IdColis IdCommandeInColis NbProducts IdProd1 QtyProd1 IdProd2 QtyProd2 ...
136 26 30 293 1 361 1 343 1 345 1 226 1 94 1 344 1 716 1 92 1 30 1 209 2 43 1 134 1 54 1 715 1 66 1 64 1 65 1 22 1 339 1 93 1 365 1 362 2 324 1 363 1 297 1 366 1 334 1 323 1 364 1
140 27 29 54 1 418 1 542 1 64 1 42 1 147 1 339 1 365 1 338 1 362 1 324 1 242 1 297 1 334 1 259 1 352 1 327 1 331 1 305 1 243 1 466 1 355 1 290 1 325 1 163 1 603 2 151 1 706 1 420 1
116 23 22 153 1 37 2 155 2 421 1 662 1 579 1 461 1 514 1 408 1 238 1 361 2 285 1 494 1 455 1 277 1 488 1 268 1 251 1 704 1 239 1 152 1 546 1
18 5 11 442 1 611 1 462 1 434 1 279 3 419 3 337 1 252 1 425 2 713 1 33 1
115 23 12 269 1 252 1 425 2 261 1 405 1 410 1 538 3 403 4 248 1 454 1 371 1 33 2
139 27 23 33 1 153 1 171 1 37 1 155 2 275 1 421 1 354 2 579 1 356 1 293 1 370 1 361 1 342 1 345 1 94 1 172 1 62 1 44 1 30 1 158 1 63 1 43 1
//IdTournes NbColis
32 6
//IdColis IdCommandeInColis NbProducts IdProd1 QtyProd1 IdProd2 QtyProd2 ...
161 32 17 340 1 558 1 722 1 308 1 723 2 360 1 301 1 371 1 541 1 33 1 153 1 37 2 155 2 421 1 378 2 354 1 294 1
103 20 30 50 1 28 1 29 1 147 1 333 1 339 1 458 4 273 1 568 1 509 1 258 1 241 1 411 1 242 1 246 1 334 1 324 1 220 2 362 1 441 1 347 3 231 1 259 1 265 1 535 1 230 1 245 1 359 1 296 1 375 1
40 9 21 8 3 117 1 210 4 165 2 258 1 204 1 220 2 242 2 246 1 334 1 247 1 338 3 383 1 347 1 323 1 346 1 349 4 310 1 207 1 503 1 367 3
74 14 7 572 3 717 3 479 5 499 3 719 5 195 1 501 1
182 38 29 356 1 321 1 293 1 336 1 527 2 342 1 226 1 345 1 438 1 9 1 634 1 209 1 164 1 17 1 16 1 339 1 8 1 383 1 357 1 242 1 297 1 334 1 237 1 230 1 327 1 359 1 243 1 348 1 18 1
194 42 27 558 1 360 1 248 1 531 1 378 1 720 1 356 1 293 2 453 1 388 1 9 1 17 1 368 2 545 1 542 1 16 1 339 1 8 1 258 1 338 1 324 1 242 1 297 1 334 1 237 1 230 1 325 1
//IdTournes NbColis
33 6
//IdColis IdCommandeInColis NbProducts IdProd1 QtyProd1 IdProd2 QtyProd2 ...
197 43 26 421 1 354 3 390 1 321 1 293 1 343 1 336 1 527 1 345 1 392 1 9 1 633 1 17 1 368 2 284 1 391 1 545 1 16 1 339 1 8 1 389 1 591 1 362 1 357 1 358 1 297 1
292 73 20 371 1 354 1 461 1 440 1 319 1 9 1 17 1 284 1 294 1 16 1 22 1 8 1 258 1 383 1 246 1 250 1 231 1 436 1 367 1 257 1
311 83 13 16 1 286 1 8 1 631 1 246 1 349 1 503 1 592 1 367 1 375 1 506 1 154 1 18 1
230 54 27 354 1 431 1 356 1 321 1 293 1 336 1 721 1 345 1 94 1 62 1 634 1 681 1 158 1 63 1 43 1 284 2 64 1 42 1 339 2 625 1 357 1 242 1 297 1 334 1 349 3 393 1 31 1
236 56 25 431 1 461 1 514 1 293 2 370 1 234 1 238 1 361 1 400 1 285 1 521 1 455 1 268 1 236 1 453 1 94 1 680 1 320 1 344 2 172 1 62 1 44 1 158 1 63 1 43 1
247 59 24 446 1 261 1 271 1 405 1 522 1 403 1 454 1 431 1 461 1 234 1 238 1 285 1 494 1 455 1 676 1 133 1 94 1 172 1 62 1 30 1 63 1 43 1 66 1 54 1
//IdTournes NbColis
34 6
//IdColis IdCommandeInColis NbProducts IdProd1 QtyProd1 IdProd2 QtyProd2 ...
266 64 12 28 1 29 1 147 1 258 3 509 1 347 1 246 1 346 1 367 1 296 1 224 1 229 1
231 54 9 259 2 291 1 359 1 243 1 404 1 348 1 524 1 127 1 325 1
300 77 14 294 1 16 1 22 1 629 1 241 1 246 1 231 1 466 1 372 1 367 1 374 1 546 1 628 1 18 1
20 5 21 268 1 251 4 704 3 239 1 345 1 280 1 537 1 319 1 320 4 36 1 9 1 409 1 435 1 287 2 368 1 289 1 545 1 208 1 244 1 490 1 34 1
203 45 25 421 4 378 1 356 1 293 1 226 1 438 1 345 1 94 1 62 1 44 1 30 1 633 1 674 1 203 1 158 1 63 1 43 1 54 1 515 1 542 1 545 1 64 1 42 1 339 1 365 1
227 53 30 293 1 370 1 343 1 336 1 593 1 675 1 94 1 344 1 62 1 30 1 602 2 674 1 203 1 158 1 63 1 43 1 17 1 54 1 545 1 64 1 42 1 65 1 339 1 333 1 463 1 357 1 358 1 334 1 338 1 398 1
//IdTournes NbColis
35 6
//IdColis IdCommandeInColis NbProducts IdProd1 QtyProd1 IdProd2 QtyProd2 ...
201 44 11 362 1 232 2 393 1 237 1 259 1 359 1 348 1 524 2 641 1 61 1 163 2
200 44 26 285 1 336 1 226 1 345 1 94 1 320 3 640 1 158 1 63 1 43 1 53 1 54 1 515 1 379 3 64 1 65 1 377 1 339 1 273 1 564 1 357 1 242 3 297 1 334 1 338 1 232 1
233 55 26 306 1 336 1 94 1 105 1 540 4 62 1 30 1 640 1 158 1 63 1 43 1 17 1 53 1 284 1 601 2 64 1 42 1 399 1 458 1 553 1 339 1 365 1 358 1 241 3 334 1 161 1
212 48 19 30 1 158 1 63 1 43 1 545 1 64 1 339 1 624 2 324 1 242 1 297 1 334 1 220 1 348 1 359 1 243 1 160 1 325 1 163 1
24 6 20 395 2 406 1 337 1 489 1 252 1 427 1 405 1 416 1 421 1 390 1 293 1 336 1 345 1 94 1 344 1 9 2 44 1 30 1 62 1 325 1
130 25 25 329 1 554 1 345 1 523 1 438 1 94 1 344 3 555 1 62 1 30 1 43 1 66 1 54 1 294 1 287 2 284 1 379 1 520 1 545 1 64 1 42 1 333 1 292 1 307 1 339 4
//IdTournes NbColis
36 6
//IdColis IdCommandeInColis NbProducts IdProd1 QtyProd1 IdProd2 QtyProd2 ...
215 49 26 345 1 438 1 94 1 62 1 44 1 164 1 30 1 63 1 43 1 66 1 54 1 418 3 64 1 42 1 399 1 339 4 241 1 324 1 297 1 334 1 220 3 338 1 259 1 230 1 359 1 243 1
243 58 25 62 1 44 1 63 1 66 1 54 1 287 1 294 1 545 1 42 1 652 1 333 1 292 1 339 1 553 3 297 1 246 1 338 1 441 2 631 1 346 2 310 3 311 1 295 4 259 2 584 1
250 60 19 252 1 261 1 271 1 405 1 522 1 403 1 454 1 248 1 371 1 275 3 431 1 461 1 234 1 283 1 455 1 400 1 62 1 44 1 634 2
242 58 23 371 1 275 1 437 1 414 2 293 1 544 1 234 2 238 1 306 1 361 1 343 1 285 1 527 1 440 1 326 1 342 1 345 1 523 1 438 1 94 1 443 2 540 1 64 1
127 25 16 269 1 255 1 394 1 495 1 337 1 252 2 561 1 569 1 432 1 430 1 570 1 261 1 475 1 580 1 534 1 63 1
170 34 19 54 2 368 1 294 1 64 1 42 1 463 1 258 1 246 1 349 2 237 3 231 1 250 1 367 1 372 1 296 1 376 3 257 2 375 4 374 1
//IdTournes NbColis
37 6
//IdColis IdCommandeInColis NbProducts IdProd1 QtyProd1 IdProd2 QtyProd2 ...
248 59 20 287 1 64 1 42 1 258 1 509 1 246 1 347 1 346 1 265 1 535 1 296 1 281 1 404 1 367 1 224 1 524 1 330 1 229 1 278 1 507 1
302 78 12 64 1 42 2 65 1 241 2 366 1 246 1 231 1 250 1 372 1 367 1 350 1 229 1
307 81 7 64 1 286 1 246 1 250 2 231 1 372 4 367 1
309 82 15 515 2 294 1 284 1 64 1 42 1 258 1 346 1 259 1 237 2 250 1 466 1 367 1 524 1 350 1 31 1
163 32 17 9 5 284 3 287 1 368 1 542 1 545 1 65 1 292 1 307 3 244 1 339 1 286 4 553 3 220 2 303 1 241 2 297 2
3 1 24 354 2 567 1 548 1 431 1 356 1 238 1 455 1 494 1 343 1 277 1 453 1 268 1 239 1 345 2 342 1 280 1 413 1 540 1 9 1 284 1 515 1 545 2 333 1 463 1
//IdTournes NbColis
38 6
//IdColis IdCommandeInColis NbProducts IdProd1 QtyProd1 IdProd2 QtyProd2 ...
19 5 18 410 3 264 1 256 1 510 1 538 2 530 1 248 1 536 1 37 1 378 1 548 1 461 1 228 1 285 1 361 1 343 1 302 2 665 1
131 25 33 463 1 165 1 273 1 365 1 258 1 568 1 509 1 324 1 328 1 334 1 241 1 242 1 297 1 366 1 246 5 338 1 347 1 529 1 441 1 556 1 315 1 237 1 231 1 384 1 393 1 295 1 265 1 250 1 259 1 559 1 535 1 245 1 162 1
189 40 12 237 1 233 1 259 1 359 1 243 1 348 1 290 1 325 1 644 1 170 1 581 1 31 1
198 43 11 334 1 220 1 529 1 315 1 237 1 259 1 359 1 532 1 348 1 325 1 163 1
316 86 1 662 1
55 12 23 354 1 431 1 356 1 514 1 228 1 645 1 234 1 238 1 386 1 285 1 521 2 236 1 240 1 268 1 226 2 239 1 103 1 105 1 225 1 587 1 344 2 708 1 30 1
//IdTournes NbColis
39 6
//IdColis IdCommandeInColis NbProducts IdProd1 QtyProd1 IdProd2 QtyProd2 ...
66 13 3 139 1 146 1 322 1
95 18 5 507 1 364 3 563 1 139 2 144 1
159 31 6 257 2 355 1 300 2 513 1 139 1 603 2
204 45 15 338 3 357 1 242 1 297 1 334 1 237 1 327 1 296 1 243 1 348 1 224 1 524 1 290 1 325 1 139 1
216 49 8 348 1 224 1 290 1 325 1 170 3 603 2 31 1 422 1
62 13 15 403 1 531 1 454 1 371 2 317 1 431 1 461 1 321 1 370 3 691 1 234 2 285 6 484 1 386 1 400 1
//IdTournes NbColis
40 6
//IdColis IdCommandeInColis NbProducts IdProd1 QtyProd1 IdProd2 QtyProd2 ...
113 22 12 347 1 338 1 281 1 404 1 367 1 224 4 143 1 229 1 278 1 507 1 144 1 146 1
22 5 1 144 1
144 28 18 419 1 337 1 489 1 382 1 252 1 369 1 425 1 569 1 430 1 340 1 432 1 578 1 558 1 577 1 248 1 371 1 275 1 144 1
155 30 11 245 1 372 1 592 1 249 1 257 1 375 1 459 1 254 1 266 1 594 1 144 1
21 5 24 339 1 38 1 258 1 247 1 411 1 246 2 347 1 677 2 323 1 552 2 250 1 559 1 562 1 314 3 245 1 352 3 281 1 404 2 367 1 355 3 452 1 665 2 270 1 31 3
54 12 17 369 1 394 1 425 1 709 1 558 1 405 1 522 1 223 1 360 1 403 1 454 1 588 1 401 1 371 2 492 1 421 3 605 1
//IdTournes NbColis
41 6
//IdColis IdCommandeInColis NbProducts IdProd1 QtyProd1 IdProd2 QtyProd2 ...
195 42 8 376 2 327 1 305 1 359 1 243 1 350 1 563 1 605 1
228 53 10 467 1 428 1 349 2 359 1 348 1 429 1 325 1 364 2 605 1 31 2
279 68 23 418 3 515 2 601 1 604 1 244 1 458 1 597 1 258 1 242 1 334 1 247 1 338 3 347 1 349 4 231 1 250 1 584 1 230 1 245 1 305 1 243 4 404 1 331 1
132 25 23 503 3 327 1 331 3 305 1 291 1 299 1 243 3 367 2 372 3 224 1 249 1 355 1 375 1 290 1 330 1 452 2 325 1 474 1 266 1 278 1 599 1 507 2 31 1
57 12 32 509 1 220 1 235 2 241 1 242 1 246 1 338 1 363 1 441 1 347 1 232 1 349 1 231 1 233 1 237 2 265 1 259 2 535 1 559 1 230 1 245 1 243 1 404 1 376 2 367 1 372 1 224 1 249 1 257 1 524 1 459 1 375 2
147 28 29 247 1 347 1 556 1 262 1 552 1 232 3 237 1 310 1 231 1 311 2 265 1 250 2 245 2 314 2 305 1 291 1 296 1 243 1 404 2 367 1 466 1 372 1 249 1 257 2 524 1 375 1 402 1 429 1 350 1
//IdTournes NbColis
42 6
//IdColis IdCommandeInColis NbProducts IdProd1 QtyProd1 IdProd2 QtyProd2 ...
2 1 17 276 1 221 1 442 1 282 1 335 1 269 1 252 1 425 1 261 1 405 1 493 1 403 1 454 1 371 1 492 1 378 2 287 1
101 20 16 260 1 282 1 412 1 335 1 447 1 252 1 269 1 569 1 561 1 570 1 558 1 405 1 522 1 360 2 403 1 454 1
36 9 10 412 1 337 4 252 1 369 1 425 1 580 2 582 3 410 2 223 1 577 1
145 28 19 421 1 378 5 354 1 437 1 461 2 293 1 370 1 544 1 234 1 238 1 306 1 361 1 343 2 285 1 527 1 309 1 239 1 345 1 557 1
129 25 21 461 1 514 3 298 1 544 1 234 1 238 1 306 1 484 1 386 3 473 1 361 1 343 1 285 1 494 1 455 1 521 1 440 1 527 1 277 1 453 1 326 1
150 29 17 405 1 410 3 403 1 248 1 454 1 371 1 378 4 317 1 414 1 238 1 455 1 494 1 277 1 268 1 453 1 326 2 346 1
//IdTournes NbColis
43 6
//IdColis IdCommandeInColis NbProducts IdProd1 QtyProd1 IdProd2 QtyProd2 ...
214 49 17 340 1 424 1 351 2 360 1 248 1 403 1 275 1 421 1 378 1 354 2 423 1 356 1 285 3 336 1 547 1 326 3 388 1
88 17 17 341 1 337 2 252 1 261 1 271 1 405 1 403 1 454 1 371 2 431 1 283 1 285 1 234 1 361 3 400 1 521 1 404 1
92 18 15 382 1 252 1 269 1 425 1 432 2 261 1 271 1 493 1 405 1 566 1 403 1 565 1 371 1 378 4 320 1
254 61 21 252 1 261 1 271 1 534 1 405 1 522 1 403 1 454 1 371 2 533 1 431 1 461 1 234 1 386 1 283 1 400 1 527 1 455 1 226 1 225 1 393 1
162 32 23 514 3 461 1 293 1 298 1 234 1 238 1 306 1 361 1 343 1 285 1 440 1 527 1 302 1 488 1 251 1 704 1 345 1 523 1 537 1 486 1 344 2 540 1 555 1
52 11 5 376 4 532 1 224 1 459 1 507 1
//IdTournes NbColis
44 6
//IdColis IdCommandeInColis NbProducts IdProd1 QtyProd1 IdProd2 QtyProd2 ...
270 65 9 224 1 257 2 270 1 229 1 278 1 266 1 506 1 507 1 364 1
14 4 18 337 1 252 1 425 1 432 1 261 1 405 2 493 1 248 1 403 1 454 1 371 1 354 1 539 1 356 1 461 1 238 1 306 2 494 1
97 19 16 369 2 425 1 261 1 405 1 522 1 351 3 360 1 248 1 403 1 371 1 431 1 461 1 514 2 370 1 234 1 343 1
16 4 1 422 1
45 10 19 570 1 405 1 522 1 332 1 416 1 360 1 248 1 403 1 454 1 401 1 371 2 275 1 354 1 567 1 579 2 514 1 455 1 484 1 400 1
128 25 19 558 1 582 1 405 1 493 1 332 1 566 1 598 1 351 1 403 1 531 1 454 1 371 1 492 3 378 1 567 1 317 1 356 1 579 1 346 1
//IdTournes NbColis
45 6
//IdColis IdCommandeInColis NbProducts IdProd1 QtyProd1 IdProd2 QtyProd2 ...
50 11 18 304 1 282 1 406 1 252 1 337 1 405 1 522 1 403 1 248 1 454 1 371 1 421 2 283 1 455 1 468 1 236 1 268 3 278 1
268 65 20 522 1 351 3 360 1 248 1 403 1 454 1 354 1 423 1 431 1 461 1 514 1 234 1 455 1 283 2 400 1 549 1 236 1 268 1 453 1 344 1
37 9 14 530 4 360 2 275 1 378 2 414 1 514 1 370 2 433 2 234 1 491 1 285 1 473 1 361 3 494 1
156 31 17 253 1 288 1 353 1 260 1 373 1 462 1 252 1 337 1 340 1 248 1 371 1 421 1 354 1 647 2 461 1 293 2 291 1
28 7 18 462 1 269 1 337 1 252 1 425 1 405 1 522 1 403 1 248 1 454 1 371 1 421 1 431 1 285 3 238 2 400 1 527 1 229 1
61 13 17 341 1 439 1 560 1 373 1 255 1 406 1 382 1 489 1 252 1 369 1 561 1 534 1 405 1 522 1 248 1 403 1 511 1
//IdTournes NbColis
46 2
//IdColis IdCommandeInColis NbProducts IdProd1 QtyProd1 IdProd2 QtyProd2 ...
8 2 7 365 1 441 1 347 2 242 1 246 1 250 1 562 1
305 80 2 270 1 507 2
