//NbTournees
38
//IdTournes NbColis
1 6
//IdColis IdCommandeInColis NbProducts IdProd1 QtyProd1 IdProd2 QtyProd2 ...
2 1 41 500 1 785 1 773 1 626 1 278 1 434 1 638 2 337 2 759 1 320 1 672 1 735 1 671 1 590 1 770 1 841 1 325 1 642 1 514 1 91 1 589 2 1 1 401 2 832 1 307 2 309 2 310 1 319 2 461 1 462 2 636 2 573 1 838 1 494 1 39 1 40 1 139 1 13 1 61 1 68 1 85 1
6 2 33 87 1 42 1 54 1 78 1 111 1 312 1 315 1 958 1 32 1 109 1 47 1 120 1 715 1 22 1 138 1 129 1 130 1 131 1 132 1 140 1 957 1 500 1 37 1 722 1 2 1 638 1 434 1 695 1 447 1 23 1 402 1 307 1 462 1
11 3 36 785 1 737 1 324 1 333 3 37 1 210 1 2 1 867 1 626 1 123 2 450 3 638 2 919 1 759 1 55 1 672 1 347 1 432 1 414 2 447 1 590 1 596 1 605 1 837 1 814 1 671 1 845 1 764 2 923 1 91 1 752 2 79 1 810 1 653 1 851 2 179 1
18 4 30 263 2 865 1 316 3 304 1 500 1 773 1 785 1 2 1 123 1 434 1 638 3 919 1 34 1 55 1 672 2 432 2 506 1 549 2 447 2 731 3 735 1 457 1 743 1 590 1 596 4 811 1 605 2 24 1 589 1 401 1
23 5 30 95 1 105 1 112 1 313 1 558 1 20 1 509 1 26 1 77 1 115 1 136 1 124 1 692 1 383 1 9 1 94 1 635 1 3 1 108 2 324 2 333 1 500 1 503 1 2 1 305 2 82 1 123 2 890 1 74 1 414 1
28 6 38 29 1 72 1 124 1 534 1 18 1 116 1 207 1 500 1 710 1 391 1 527 1 324 2 333 1 2 1 305 1 80 1 81 1 123 2 638 2 747 1 434 1 426 2 457 1 743 1 605 1 927 1 325 1 347 1 402 1 192 1 308 3 309 1 387 1 439 1 636 1 570 1 117 1 4 1
//IdTournes NbColis
2 6
//IdColis IdCommandeInColis NbProducts IdProd1 QtyProd1 IdProd2 QtyProd2 ...
214 50 33 86 1 314 2 491 1 47 1 120 1 26 1 38 1 51 1 850 1 83 1 849 1 71 1 122 1 76 1 94 1 193 1 142 1 108 1 116 1 304 1 333 1 2 1 434 1 759 1 581 1 414 1 447 1 596 2 605 1 735 1 764 2 325 2 436 1
226 54 37 150 1 52 1 738 1 70 1 96 1 115 1 6 1 124 1 383 1 76 1 18 1 184 1 3 1 207 1 527 2 2 2 123 1 642 1 402 1 589 1 851 1 309 1 636 1 603 1 570 3 364 1 12 1 117 1 853 1 622 1 45 1 854 3 209 1 10 1 60 1 114 1 191 1
31 7 33 150 1 738 1 54 1 313 2 176 1 218 1 47 1 120 1 149 1 171 1 51 1 77 1 96 1 212 1 215 1 383 1 9 1 94 1 214 1 184 1 3 1 108 1 785 1 210 1 189 1 305 1 82 1 345 1 506 1 437 1 549 1 797 1 338 1
36 8 37 943 1 131 1 132 1 140 1 635 1 608 1 184 1 3 1 181 1 317 1 304 2 324 1 333 1 391 1 503 1 826 1 710 1 737 1 322 1 816 1 337 1 434 1 546 1 450 1 638 1 320 1 197 1 325 2 336 1 347 1 350 1 377 2 457 3 590 1 770 1 671 1 91 1
41 9 26 174 1 54 2 313 2 176 1 44 1 200 1 741 1 149 1 6 1 16 1 153 2 94 1 193 2 635 1 18 2 43 1 858 1 3 1 108 1 116 1 316 1 710 1 785 3 324 1 167 1 180 1
47 10 32 3 1 316 2 333 1 500 1 785 1 867 1 81 1 82 2 937 1 450 1 74 1 759 2 34 1 325 3 345 1 377 1 414 1 549 3 447 1 457 4 927 1 811 1 671 2 164 1 91 1 192 1 589 2 752 1 401 4 307 1 494 1 4 1
//IdTournes NbColis
3 6
//IdColis IdCommandeInColis NbProducts IdProd1 QtyProd1 IdProd2 QtyProd2 ...
51 11 28 166 1 95 1 25 1 178 1 89 1 188 1 924 1 111 1 558 1 413 2 144 1 155 1 47 1 151 1 51 1 136 1 857 1 212 1 383 1 140 1 129 1 130 1 131 1 132 1 3 1 316 1 500 1 173 1
55 12 28 205 1 32 1 194 2 930 1 97 1 953 1 6 2 29 1 202 1 18 1 3 2 181 1 196 3 203 1 207 1 37 1 152 1 172 2 198 1 890 2 941 1 638 1 103 1 187 1 208 2 134 1 536 2 573 1
173 37 35 112 1 558 1 569 1 349 1 298 2 22 1 147 1 122 1 481 1 76 1 193 1 608 1 864 1 858 1 3 2 108 2 773 1 737 1 37 1 189 1 82 1 123 1 546 1 227 1 320 1 34 1 377 1 414 1 457 1 764 1 180 1 232 1 190 1 307 1 310 1
176 38 46 150 1 315 1 569 1 349 1 11 1 18 1 3 1 196 1 527 1 450 1 759 1 320 1 34 1 325 1 596 1 605 1 619 1 589 1 307 1 319 1 603 1 618 1 12 1 595 1 5 1 57 1 616 1 621 1 60 1 66 1 67 1 334 1 384 2 386 2 410 1 442 1 519 2 593 1 613 1 615 1 601 1 623 1 191 1 418 1 433 2 588 1
184 41 38 538 1 32 1 491 1 26 1 30 1 38 1 383 1 76 1 3 1 108 1 500 2 210 1 189 1 278 1 55 1 347 1 432 1 447 1 402 1 589 1 308 2 309 1 318 4 364 1 542 1 570 2 703 1 27 1 5 1 88 1 270 1 10 1 84 1 335 1 369 1 384 2 386 2 407 1
187 42 32 188 1 35 1 78 1 313 1 480 1 73 1 194 1 857 1 72 1 383 3 94 1 635 1 847 1 3 1 324 2 333 1 503 1 710 1 527 2 82 1 450 1 638 1 377 1 457 1 731 2 845 1 24 1 439 1 636 2 703 1 603 1 763 1
//IdTournes NbColis
4 6
//IdColis IdCommandeInColis NbProducts IdProd1 QtyProd1 IdProd2 QtyProd2 ...
211 49 33 738 1 54 2 78 1 86 1 314 1 171 1 246 1 77 1 857 1 6 1 29 1 147 1 202 1 534 1 43 1 292 1 3 1 181 1 108 2 317 1 527 1 546 1 638 1 761 1 321 1 672 1 34 1 325 1 432 1 652 1 735 1 671 2 367 1
228 55 44 70 1 176 1 20 1 38 1 96 1 857 1 298 1 46 1 383 1 534 1 18 1 858 1 3 1 108 1 333 1 450 1 638 1 852 1 447 1 596 1 377 1 514 1 208 1 733 1 318 1 610 1 12 1 27 1 117 1 853 1 622 2 4 1 228 1 156 1 68 1 238 1 88 1 854 1 621 1 470 1 15 1 855 1 502 1 557 1
35 8 26 166 1 169 1 25 1 204 1 942 1 944 1 78 1 313 2 569 1 413 1 200 1 171 1 154 1 161 1 77 1 143 1 6 1 147 1 46 1 158 1 269 1 162 1 383 3 129 1 130 1 60 1
59 13 33 46 1 158 1 323 1 628 1 240 1 222 1 918 1 858 1 181 1 247 1 263 2 701 1 324 1 333 2 785 1 773 1 710 1 737 1 626 1 198 1 278 1 434 1 546 2 638 3 699 2 555 2 320 1 237 1 325 2 345 1 437 1 581 1 173 1
66 14 28 534 1 222 1 18 1 181 1 108 2 116 2 263 1 304 1 333 1 500 1 785 4 773 3 210 1 867 2 305 1 278 1 434 1 638 3 555 1 320 1 695 1 513 1 727 1 336 1 388 1 414 2 549 2 590 1
190 43 37 314 1 294 1 109 1 715 1 77 1 255 1 265 1 273 1 857 1 269 1 215 1 860 1 222 1 196 1 203 1 527 1 81 1 82 1 450 1 638 1 759 2 325 2 377 1 581 1 447 1 457 1 237 1 401 2 318 2 630 1 462 1 88 1 862 1 854 1 209 1 600 1 622 1
//IdTournes NbColis
5 6
//IdColis IdCommandeInColis NbProducts IdProd1 QtyProd1 IdProd2 QtyProd2 ...
7 2 56 307 1 405 1 12 1 107 1 117 1 119 1 139 1 4 1 7 1 31 1 45 1 69 1 85 1 88 1 121 1 127 1 128 1 133 1 137 1 833 1 879 1 959 1 98 1 135 1 724 1 475 1 460 1 613 1 696 1 335 2 369 1 682 1 502 2 407 1 438 1 442 1 519 2 477 1 763 1 720 2 823 1 268 1 467 1 563 1 418 1 454 1 458 1 588 1 754 1 612 1 375 1 403 1 406 1 441 1 658 1 680 1
12 3 42 307 2 309 1 364 1 387 1 498 4 703 2 461 1 462 2 636 1 573 1 12 1 27 1 40 1 117 1 691 1 4 1 13 1 14 1 28 1 45 1 50 2 68 1 128 1 863 1 271 1 216 1 411 2 530 2 10 1 60 1 736 1 104 1 297 2 881 1 135 1 66 1 106 2 335 3 629 1 354 1 369 5 763 1
19 4 34 401 3 733 1 319 4 498 4 462 2 636 3 327 1 12 1 4 2 5 1 13 1 45 2 48 1 57 1 69 1 85 1 88 2 127 3 863 1 270 1 897 2 133 1 622 2 60 2 104 2 724 1 459 2 470 1 135 1 66 1 67 1 537 1 629 1 335 1
24 5 44 321 2 695 1 672 1 513 1 435 1 811 1 662 1 671 1 103 1 134 1 79 1 402 1 311 1 462 1 793 1 603 1 570 3 610 1 703 1 27 1 4 2 5 1 62 1 65 1 127 3 854 1 133 1 530 1 616 1 15 1 98 2 114 1 66 1 106 1 335 1 354 1 369 3 384 2 386 2 407 2 410 1 430 1 442 2 381 1
29 6 46 4 1 14 1 45 1 127 1 209 1 270 1 113 1 470 1 384 2 681 1 499 1 700 1 407 2 410 1 442 1 452 1 460 1 478 1 537 1 369 4 602 1 720 1 268 1 211 1 512 2 418 2 454 2 563 1 663 1 220 1 433 2 385 1 711 2 518 1 744 1 749 1 488 1 576 1 431 1 740 1 100 1 141 1 505 1 565 1 713 1 341 2
32 7 47 605 1 764 1 170 1 192 1 310 1 405 1 636 2 603 1 570 2 573 1 107 1 4 2 48 1 68 1 127 1 209 1 600 1 622 1 411 2 10 1 15 1 470 2 344 1 106 1 335 2 537 1 369 4 384 2 502 1 407 1 410 1 429 1 430 1 442 1 519 1 478 1 753 1 477 1 211 1 213 1 602 1 676 1 220 2 418 2 458 3 526 2 343 1
//IdTournes NbColis
6 6
//IdColis IdCommandeInColis NbProducts IdProd1 QtyProd1 IdProd2 QtyProd2 ...
42 9 42 81 1 278 1 761 1 638 1 320 2 695 1 735 1 457 1 590 1 596 2 377 1 173 1 79 2 752 2 402 2 589 1 401 2 653 1 319 2 352 1 636 2 364 1 185 1 4 2 5 2 13 1 145 1 28 1 57 1 209 1 270 1 271 1 897 1 411 2 905 1 15 1 113 1 470 2 297 1 899 1 778 1 100 1
48 10 46 387 1 636 1 573 1 4 1 5 1 28 1 48 2 183 1 127 2 206 2 262 1 270 2 622 2 411 1 10 1 459 1 113 1 925 1 335 2 537 1 354 1 541 1 369 1 384 2 386 3 430 1 407 1 410 1 442 1 452 1 460 1 525 1 753 1 614 1 8 1 730 1 211 1 720 2 732 2 433 3 418 3 455 2 663 2 396 1 518 2 588 1
56 12 57 4 1 62 1 137 2 216 1 217 1 219 1 950 1 146 2 60 1 182 1 947 1 386 1 684 2 430 1 519 1 412 1 720 1 418 1 433 1 454 1 381 1 956 1 575 1 100 1 490 2 423 1 341 1 360 1 363 3 949 2 607 1 479 1 328 1 380 1 465 1 598 1 126 1 485 1 489 2 370 1 568 4 533 1 343 1 436 1 469 1 651 1 719 2 646 1 357 1 544 1 484 1 496 1 326 1 451 1 552 1 606 2 728 1
60 13 37 414 2 549 1 447 2 590 1 596 2 797 1 619 1 208 1 91 1 241 1 589 2 920 1 653 1 319 1 307 2 309 1 310 3 327 1 387 1 703 2 461 1 462 1 573 1 40 1 185 1 649 1 4 3 13 1 145 2 28 2 156 2 48 3 238 2 600 2 917 1 121 1 270 1
67 14 33 447 2 590 3 814 3 797 1 845 1 170 1 232 2 164 1 79 1 91 2 402 1 821 1 752 2 310 1 319 1 307 3 309 2 364 1 387 1 498 2 405 1 793 1 636 2 603 1 610 1 703 1 618 3 4 3 5 2 13 3 68 1 88 2 627 1
76 15 39 439 1 462 1 636 2 570 4 861 1 327 1 40 1 185 1 107 1 117 2 649 1 4 3 5 2 14 1 31 1 48 1 65 2 69 3 90 2 121 1 127 3 206 1 128 1 863 2 217 2 530 1 842 1 15 2 60 1 470 1 855 1 899 2 736 1 694 2 66 1 84 1 106 1 199 1 335 1
//IdTournes NbColis
7 6
//IdColis IdCommandeInColis NbProducts IdProd1 QtyProd1 IdProd2 QtyProd2 ...
83 16 38 776 1 383 3 142 1 108 1 247 1 116 2 304 1 333 1 391 1 226 1 904 1 638 1 227 1 325 2 514 1 447 1 605 2 671 1 653 1 309 1 310 1 439 1 570 1 4 1 13 1 14 1 228 1 65 1 127 3 206 1 863 1 936 1 217 1 219 1 855 1 335 2 384 2 386 2
87 17 41 635 1 560 1 534 1 116 1 108 3 304 1 305 1 81 1 546 1 747 1 761 1 227 1 74 1 919 1 555 1 759 1 695 1 506 1 549 2 447 1 743 1 590 1 596 1 671 1 377 1 514 1 103 1 308 3 318 1 795 1 498 1 462 1 327 1 542 1 12 1 4 2 5 1 48 1 65 1 238 1 127 1
91 18 44 918 1 181 1 116 1 207 1 527 1 226 1 867 1 305 1 233 1 123 1 922 1 638 2 337 1 434 2 320 1 672 1 662 1 671 1 447 1 590 1 770 2 325 1 170 1 91 1 401 1 308 1 318 2 387 1 610 1 494 1 40 1 119 1 4 1 13 1 156 1 68 1 245 1 206 1 622 1 600 1 302 1 270 1 137 1 15 1
96 19 37 247 1 116 1 324 1 500 1 503 1 527 2 226 1 932 1 867 1 546 1 638 2 227 1 759 1 55 1 325 1 336 1 377 2 671 1 619 1 927 1 457 1 23 1 208 1 401 3 768 1 309 1 387 1 462 1 570 4 703 3 439 1 4 2 65 1 245 1 127 2 206 1 540 1
102 20 35 731 1 735 2 596 2 605 1 837 2 764 1 134 1 241 1 589 1 401 3 733 1 307 3 309 1 310 1 319 4 494 1 364 2 387 1 498 4 791 1 636 2 703 2 610 1 327 1 12 1 117 1 4 2 28 1 156 3 48 1 62 1 68 1 258 1 127 1 917 1
108 21 51 232 1 173 1 402 2 589 1 752 1 733 1 364 1 498 2 405 1 636 2 573 1 27 1 185 1 139 1 4 2 5 1 45 1 262 1 127 1 270 1 60 1 135 1 470 1 724 1 736 1 511 1 369 2 384 2 386 1 502 1 407 2 442 2 519 1 460 1 796 1 639 1 753 1 614 1 168 1 268 1 276 1 720 1 732 1 623 1 220 1 418 2 512 1 458 3 526 1 464 1 221 1
//IdTournes NbColis
8 6
//IdColis IdCommandeInColis NbProducts IdProd1 QtyProd1 IdProd2 QtyProd2 ...
112 22 48 457 3 743 1 590 1 671 2 241 2 653 1 308 1 461 1 462 2 570 2 27 1 4 1 156 2 45 1 183 1 127 1 206 1 209 1 271 1 411 2 280 1 459 1 470 1 475 1 736 1 66 1 84 2 335 1 410 2 442 2 452 1 460 1 639 1 478 1 753 1 102 2 191 1 418 1 458 2 220 1 396 1 782 1 750 1 711 1 754 1 381 1 431 1 453 1
116 23 43 731 1 619 1 134 1 79 1 91 1 589 2 401 1 307 1 318 1 327 1 405 1 439 2 462 1 636 2 603 1 570 2 573 1 703 3 618 1 12 1 4 2 5 3 28 1 45 1 48 1 65 1 127 2 217 1 897 1 60 1 104 1 114 1 135 1 354 1 384 1 386 2 407 3 410 3 519 1 553 1 460 1 525 1 373 1
121 24 47 447 1 590 1 79 1 267 1 402 1 307 1 310 1 498 1 791 1 4 3 5 1 14 1 48 1 127 1 270 1 133 1 411 1 530 1 60 1 98 2 135 1 470 2 84 1 511 1 175 1 335 3 369 4 384 2 386 1 502 1 430 1 407 2 442 1 519 2 553 2 460 1 525 1 478 1 753 1 614 1 725 1 223 2 264 1 268 1 275 1 418 1 455 1
125 25 41 918 1 864 1 108 2 317 1 500 1 503 1 710 1 785 1 773 2 82 1 450 1 638 2 320 1 325 1 414 1 432 1 549 1 457 2 731 1 671 1 764 1 590 1 770 1 536 1 402 1 951 1 952 1 307 1 310 1 822 1 327 1 387 1 703 1 462 2 793 1 636 1 12 2 4 2 285 1 145 1 482 1
129 26 40 500 1 710 1 503 1 527 2 638 1 759 2 320 1 513 1 671 2 764 1 457 2 743 1 347 1 581 1 401 3 768 1 307 1 703 1 439 1 462 1 570 1 327 1 364 1 542 1 387 2 27 1 4 2 5 1 45 1 245 1 127 1 755 2 622 1 595 1 216 1 217 1 411 4 60 1 98 1 66 1
134 27 38 82 1 55 1 672 1 506 1 549 1 447 2 457 2 770 2 671 3 325 2 377 1 388 1 79 1 402 2 752 1 401 1 733 1 307 1 310 1 319 1 822 1 570 1 703 2 327 1 107 1 117 1 4 2 5 2 85 2 127 2 622 3 270 1 897 1 411 1 235 1 104 1 470 2 724 1
//IdTournes NbColis
9 6
//IdColis IdCommandeInColis NbProducts IdProd1 QtyProd1 IdProd2 QtyProd2 ...
139 28 44 81 1 82 1 123 1 278 2 320 2 727 1 743 2 764 1 733 1 319 1 703 1 636 2 570 3 139 1 4 2 5 1 13 1 28 1 156 1 45 1 50 1 289 1 258 1 127 2 600 1 270 1 621 1 530 1 60 1 104 1 724 1 736 1 459 1 470 2 297 1 280 1 907 1 66 1 511 1 386 3 410 1 700 1 407 1 442 2
145 29 42 306 1 307 3 319 2 352 1 364 1 498 2 636 1 107 1 5 1 13 1 48 1 57 1 68 1 85 2 183 1 127 1 206 1 622 2 209 1 891 1 271 1 217 1 600 3 411 1 530 2 60 1 459 1 470 1 724 1 736 1 881 1 66 1 84 1 67 1 335 3 354 1 369 3 384 2 386 1 429 1 430 1 407 1
149 30 38 747 1 320 1 695 2 688 1 590 2 843 1 605 1 837 2 731 1 325 3 642 1 945 1 377 3 232 1 401 1 653 1 308 4 310 1 387 1 630 1 462 2 327 1 107 1 691 2 5 1 156 2 45 1 289 1 65 2 68 1 238 1 88 2 183 1 262 1 302 1 216 1 217 1 448 1
157 32 40 35 1 802 1 30 1 850 1 115 2 286 1 231 1 215 1 76 1 560 1 858 1 108 2 304 2 320 1 325 1 345 1 437 1 447 2 23 1 872 1 402 1 308 1 310 1 364 1 405 1 12 1 185 1 4 1 156 1 68 1 127 1 271 1 110 1 113 1 66 1 84 1 334 2 369 1 384 1 380 1
161 33 45 320 1 672 1 377 1 414 1 590 1 596 2 671 2 815 1 827 1 462 2 817 1 636 2 703 1 618 1 600 1 4 3 127 2 621 1 60 1 354 1 369 1 386 3 499 1 410 1 507 1 430 1 519 1 460 2 647 1 613 1 614 1 730 1 823 1 732 2 418 1 433 3 455 2 563 1 663 3 510 1 518 1 744 1 711 1 829 1 529 1
164 34 39 17 1 89 1 243 1 38 1 299 1 857 1 560 1 292 1 866 1 116 1 865 1 333 1 527 1 305 1 450 1 55 1 325 1 506 1 432 2 401 1 327 1 494 1 27 1 4 2 5 1 69 1 121 1 600 2 530 2 10 1 297 1 114 1 724 1 84 1 369 2 386 3 502 1 407 1 430 1
//IdTournes NbColis
10 6
//IdColis IdCommandeInColis NbProducts IdProd1 QtyProd1 IdProd2 QtyProd2 ...
167 35 41 95 1 54 1 78 1 569 1 218 1 73 1 77 1 383 1 76 1 94 1 193 1 858 1 324 1 333 1 210 1 867 1 347 1 447 1 232 1 306 1 309 1 319 1 327 1 494 1 570 1 573 1 703 1 12 3 117 1 4 1 5 1 13 1 145 1 68 2 69 1 854 1 879 1 10 1 297 1 113 1 493 1
170 36 36 42 1 871 1 86 1 491 1 20 1 878 1 299 1 29 1 124 1 323 1 560 1 18 1 184 1 864 1 503 1 527 1 826 1 82 1 546 1 450 1 555 1 619 1 208 1 402 1 572 1 307 3 387 1 439 1 570 3 703 1 117 1 870 1 4 2 5 1 13 1 28 1
174 37 48 535 1 327 1 364 1 542 1 439 1 861 1 139 1 600 1 4 2 28 1 156 2 45 1 862 1 127 3 459 1 724 1 110 1 113 2 335 1 369 1 384 2 386 3 410 2 430 1 547 1 442 1 460 1 525 1 562 1 614 1 825 1 56 2 168 1 213 1 418 2 454 2 458 3 455 1 518 1 749 1 711 1 576 1 381 2 431 1 448 2 375 1 403 1 517 1
179 39 64 4 1 5 1 14 1 31 1 45 1 48 1 245 1 127 1 877 1 209 1 217 1 84 1 334 2 386 2 452 1 460 1 725 1 8 1 602 1 223 1 56 1 168 1 856 1 213 1 720 1 418 1 433 1 455 1 592 1 591 1 448 1 704 1 340 1 341 1 505 2 607 2 661 1 565 2 674 1 520 1 487 1 404 2 583 1 564 2 328 1 366 1 597 1 598 1 408 1 523 1 533 1 125 1 445 1 343 1 390 1 587 1 554 1 468 1 469 1 561 1 374 1 493 1 397 1 551 1
182 40 63 4 1 68 1 128 1 863 1 621 1 459 1 475 1 10 1 114 1 66 1 537 1 354 1 384 2 386 1 442 1 519 1 460 1 593 3 562 1 614 1 412 1 433 1 455 1 588 1 711 1 576 1 754 1 557 1 612 1 726 1 760 1 490 1 578 1 100 1 141 1 338 1 363 1 444 2 362 1 379 1 594 1 846 1 515 1 517 1 356 1 380 1 508 1 521 2 523 1 568 1 343 1 390 1 524 1 599 1 567 1 609 1 625 2 221 1 473 1 346 1 393 2 397 1 706 1
188 42 59 610 1 622 1 4 2 31 1 156 1 50 1 65 2 68 1 238 1 127 1 209 1 621 1 459 1 470 1 60 1 84 1 335 1 629 1 384 1 386 1 407 2 410 1 442 2 460 1 613 1 614 1 720 1 732 1 264 1 211 2 275 1 276 1 834 1 433 1 526 1 675 1 563 1 663 1 396 1 749 1 529 2 716 1 381 2 612 1 403 1 100 1 141 1 360 1 363 1 505 2 634 1 658 1 661 1 486 1 362 1 446 1 522 1 356 1 378 1
//IdTournes NbColis
11 6
//IdColis IdCommandeInColis NbProducts IdProd1 QtyProd1 IdProd2 QtyProd2 ...
196 45 41 414 1 731 1 735 1 619 1 180 1 605 2 170 1 536 1 318 1 387 1 462 1 636 3 570 3 861 1 595 1 622 1 4 2 14 1 45 1 65 1 68 1 127 2 854 1 879 1 459 1 724 1 114 1 354 1 369 4 384 2 386 4 407 3 410 1 442 1 693 1 639 1 478 1 614 1 709 2 562 1 8 1
199 46 37 47 1 11 1 38 1 201 1 279 1 539 1 859 1 181 1 317 1 391 2 527 2 826 1 722 1 189 1 434 2 450 1 638 1 759 1 320 1 377 1 581 1 432 2 435 1 447 1 764 1 873 1 401 2 653 1 439 1 461 1 603 1 27 1 4 3 289 1 68 1 876 1 854 1
203 47 52 439 1 570 1 703 1 618 1 4 2 5 1 13 1 285 1 48 1 50 1 68 1 891 1 459 1 104 1 66 1 67 1 629 1 369 1 384 2 386 3 407 1 410 1 429 1 442 2 519 1 460 1 639 1 613 1 700 1 825 1 709 1 223 1 268 1 856 1 418 1 512 1 454 1 464 1 467 1 396 2 718 1 381 1 431 1 557 1 612 1 726 2 704 1 340 1 375 2 423 1 441 1 479 1
207 48 42 845 1 752 2 733 1 309 1 318 2 387 1 462 1 780 1 603 1 610 1 618 1 185 1 4 2 13 1 68 2 238 1 127 2 209 1 459 1 60 1 113 2 778 1 66 1 84 1 334 1 335 3 629 1 354 1 541 1 369 5 384 1 386 2 502 1 507 1 429 1 430 1 407 4 442 1 519 1 452 1 553 1 639 3
212 49 51 208 1 232 1 192 1 308 2 311 1 327 1 364 1 387 1 570 3 703 2 12 1 649 1 4 1 13 1 127 2 128 1 270 1 137 1 411 1 470 1 736 1 60 2 369 1 386 1 407 1 547 1 442 2 519 1 460 1 647 1 639 1 614 1 709 1 477 1 720 1 623 1 168 1 418 1 512 1 458 2 467 3 675 2 510 1 588 1 416 1 612 2 375 1 664 1 520 1 487 2 378 1
215 50 53 170 1 840 1 589 1 267 1 636 1 570 1 12 1 848 1 4 1 28 1 48 1 258 1 127 1 137 1 459 1 475 1 297 1 541 1 369 2 499 1 429 1 430 1 442 2 519 2 593 1 614 1 725 1 700 1 8 1 730 1 834 1 223 1 268 1 856 1 275 1 418 1 512 2 433 1 455 1 563 1 749 2 529 1 754 1 490 1 186 1 338 1 456 1 658 1 479 1 617 1 520 1 404 1 517 1
//IdTournes NbColis
12 6
//IdColis IdCommandeInColis NbProducts IdProd1 QtyProd1 IdProd2 QtyProd2 ...
218 51 48 570 2 703 1 618 1 600 2 4 1 5 1 145 1 68 1 238 1 183 1 127 1 128 1 209 1 470 2 724 1 60 1 110 1 135 1 66 1 84 1 384 2 386 1 410 1 429 1 430 1 442 1 519 1 553 2 460 1 525 1 639 2 709 1 334 1 369 2 601 1 732 1 512 2 454 1 464 1 563 1 433 3 588 1 762 1 657 1 431 1 702 1 704 1 375 1
220 52 32 166 1 89 1 204 1 54 2 86 1 176 1 47 1 73 1 38 1 231 1 124 1 269 1 212 1 215 1 76 1 142 1 108 1 304 1 391 3 527 1 278 1 434 1 695 1 91 1 308 1 439 1 636 1 603 1 570 1 27 1 600 2 4 1
223 53 37 169 1 738 1 313 2 715 1 171 1 194 1 38 1 253 1 255 1 300 1 136 1 122 1 269 1 212 1 383 1 534 1 527 1 722 1 320 1 447 1 735 1 164 1 173 1 309 1 387 1 405 1 462 1 636 1 570 2 27 1 185 1 622 1 4 2 886 1 183 1 262 1 654 1
238 59 45 243 1 301 1 715 1 20 1 194 2 158 1 108 1 333 1 626 1 590 1 671 1 437 1 589 1 309 1 570 1 703 1 439 1 622 1 4 1 156 1 45 1 209 1 297 1 113 1 114 1 84 1 553 2 593 1 639 1 613 1 614 1 615 1 334 1 537 1 384 1 386 1 442 1 732 1 211 1 454 1 433 3 707 1 762 1 575 1 431 1
240 60 45 166 1 314 1 569 1 317 1 826 1 227 1 596 1 821 1 185 1 4 1 5 1 14 1 68 1 280 1 384 2 386 2 430 1 460 1 709 1 433 1 467 1 675 1 711 1 529 1 723 1 75 1 141 1 607 1 713 1 487 1 379 1 515 1 449 1 624 1 408 1 445 1 683 1 587 1 554 1 468 1 670 1 869 1 393 1 353 1 358 1
241 61 61 301 1 92 1 255 1 539 1 94 1 123 1 434 1 581 1 589 1 318 1 630 1 4 1 69 1 854 1 270 1 530 1 15 1 334 2 354 1 442 1 789 2 460 1 525 1 562 1 639 1 478 1 8 1 418 1 467 1 563 1 657 1 529 1 448 1 772 1 375 1 532 1 882 2 360 1 505 1 545 1 634 1 456 1 331 1 404 1 351 1 408 1 533 1 445 1 390 1 436 3 471 1 497 1 869 1 493 1 393 1 585 1 556 1 326 1 604 1 611 1 389 1
//IdTournes NbColis
13 6
//IdColis IdCommandeInColis NbProducts IdProd1 QtyProd1 IdProd2 QtyProd2 ...
243 62 13 314 1 315 1 364 1 570 1 4 1 209 1 334 1 386 1 430 1 418 1 433 4 455 1 380 1
10 3 26 109 1 44 2 92 1 49 1 930 1 97 1 850 1 914 1 115 1 298 2 6 1 16 1 72 2 122 2 928 1 323 1 383 1 94 1 21 1 247 2 116 2 865 1 757 1 316 3 500 1 352 1
25 5 60 562 1 478 1 613 1 700 1 8 1 730 1 102 1 211 2 602 1 720 1 512 1 433 3 220 1 526 1 467 1 488 1 396 2 749 2 576 1 754 1 431 1 702 1 575 1 760 1 19 1 75 2 141 1 340 1 406 1 360 1 456 1 660 1 713 1 486 1 487 1 594 1 515 1 446 2 380 3 400 1 508 2 492 1 125 1 126 1 489 2 408 1 417 1 501 1 524 1 656 1 471 1 650 1 374 1 425 1 786 1 440 1 342 1 393 2 698 1 633 1
27 6 23 99 1 17 2 916 1 112 1 926 1 277 1 738 1 35 2 86 1 313 1 314 1 413 1 70 1 47 2 120 1 349 1 38 2 51 1 77 1 115 1 136 1 742 1 8 1
46 10 25 150 1 52 1 178 1 538 1 312 3 47 1 92 1 745 1 51 1 159 1 177 1 299 1 163 1 6 1 16 1 153 1 201 1 212 1 539 1 383 5 9 1 76 1 534 1 560 1 368 1
61 13 38 879 1 897 2 225 1 470 2 98 2 66 1 344 1 335 2 354 1 384 4 386 1 410 1 429 1 700 1 407 1 442 2 553 1 460 1 525 1 796 1 562 1 478 2 613 2 696 1 725 2 892 1 8 1 676 1 191 1 418 4 512 3 455 3 458 5 464 2 675 1 543 2 396 1 588 1
//IdTournes NbColis
14 6
//IdColis IdCommandeInColis NbProducts IdProd1 QtyProd1 IdProd2 QtyProd2 ...
92 18 42 616 2 411 2 113 1 925 1 66 1 106 1 384 2 429 1 673 2 407 2 684 1 442 2 519 2 553 3 478 1 537 1 369 4 8 1 102 1 655 1 602 1 676 2 191 1 418 2 512 1 433 2 663 3 675 2 467 2 220 2 771 1 666 1 529 1 716 1 612 1 765 1 772 1 100 1 375 1 677 1 406 1 441 1
100 20 20 42 1 260 1 35 2 54 1 86 1 303 1 558 1 312 1 315 2 413 3 93 2 259 1 246 1 30 2 6 1 202 1 215 1 383 4 94 1 420 1
111 22 30 52 1 89 1 266 1 277 1 313 1 413 1 802 1 120 1 26 1 30 1 154 1 51 1 159 1 255 1 272 1 6 1 22 1 46 1 269 1 279 1 383 2 108 1 304 3 773 1 722 1 278 1 325 1 377 1 447 1 343 1
117 23 58 639 4 478 1 615 1 8 1 223 1 56 2 191 1 211 1 418 2 458 5 526 1 467 1 563 1 663 1 675 1 771 1 416 1 529 2 576 1 381 1 431 2 448 1 772 1 612 1 726 1 575 1 100 1 340 1 406 1 578 1 634 1 456 1 466 1 559 1 674 1 713 1 331 1 362 1 379 1 404 5 689 1 564 2 667 1 351 1 517 1 446 2 449 1 522 1 624 1 329 1 356 1 378 2 400 1 443 1 521 1 474 1 758 1 420 1
124 25 26 41 1 53 1 89 1 112 1 204 1 266 1 926 1 880 2 738 1 301 1 246 1 878 1 26 1 159 1 252 1 177 1 115 1 300 1 136 2 6 1 147 1 72 1 124 1 215 1 383 1 82 1
135 27 49 855 1 511 1 58 1 407 1 410 2 442 2 519 2 460 1 819 1 639 1 725 1 335 3 384 2 386 2 429 1 8 1 730 1 732 1 676 1 211 2 856 1 418 2 454 1 455 1 458 3 526 1 464 1 467 2 663 1 512 1 518 2 782 1 718 1 828 2 584 1 529 2 779 1 612 1 726 1 702 1 381 2 33 1 100 1 186 1 403 1 406 1 375 1 769 1 767 1
//IdTournes NbColis
15 6
//IdColis IdCommandeInColis NbProducts IdProd1 QtyProd1 IdProd2 QtyProd2 ...
138 28 27 224 1 287 1 89 1 251 1 35 2 569 1 312 2 83 1 97 1 299 1 136 1 934 1 6 1 36 1 71 1 124 1 76 1 94 1 290 1 196 1 207 1 304 2 500 1 737 2 333 2 189 1 472 1
143 29 23 150 1 236 2 880 1 35 2 78 1 312 2 315 1 558 1 144 1 802 1 92 1 200 1 349 1 878 1 282 1 38 2 159 2 273 1 136 1 6 1 158 1 231 1 316 1
160 33 28 178 1 112 1 889 1 54 1 313 1 413 2 155 1 171 1 30 1 887 1 77 1 495 1 6 1 158 1 71 1 124 1 215 1 288 1 383 2 9 1 43 1 292 1 108 1 324 1 826 3 737 1 305 1 450 1
185 41 56 410 1 507 1 430 1 442 1 553 1 460 1 562 1 8 1 763 1 213 1 732 1 418 1 433 2 467 1 749 1 711 2 584 1 576 1 448 1 779 1 702 1 760 1 375 2 419 1 441 1 578 1 466 1 559 1 661 1 565 1 607 2 717 1 520 1 362 1 379 2 404 3 669 1 515 1 508 1 443 2 521 1 465 1 489 1 523 1 394 2 587 2 577 1 678 1 497 2 428 1 472 1 654 2 493 1 582 1 552 1 640 1
191 43 68 631 1 10 1 98 1 84 1 334 1 369 1 384 1 386 2 410 1 430 1 442 1 460 1 613 1 614 1 709 1 8 1 720 1 418 1 433 1 563 1 663 1 396 2 711 1 529 1 716 1 431 1 839 1 490 1 403 1 419 1 532 1 274 1 607 1 565 1 331 1 359 1 379 1 404 3 516 1 564 2 667 1 669 2 351 1 515 1 517 1 624 1 508 1 126 1 729 1 501 2 524 1 469 1 567 1 668 1 577 1 497 2 346 1 393 1 395 1 397 1 551 1 585 1 637 1 712 1 372 1 424 1 451 2 641 1
221 52 61 156 1 69 1 183 1 258 1 121 1 530 1 459 1 60 2 386 1 499 1 442 1 452 1 647 1 696 1 709 1 334 1 354 1 369 1 8 1 433 2 454 1 563 1 707 1 584 1 529 1 381 1 448 1 557 1 406 2 697 2 713 1 404 2 689 1 515 1 449 1 443 1 465 1 708 1 408 1 422 2 523 1 533 1 125 1 126 1 390 2 524 2 690 1 468 1 343 1 374 1 398 1 376 1 393 1 706 1 712 1 493 1 640 1 641 1 358 1 389 2 368 1
//IdTournes NbColis
16 6
//IdColis IdCommandeInColis NbProducts IdProd1 QtyProd1 IdProd2 QtyProd2 ...
229 55 53 407 1 442 1 519 1 615 1 335 1 537 1 429 1 8 1 602 1 676 1 623 2 56 1 418 2 663 1 578 1 340 1 444 1 714 1 674 1 713 1 360 1 520 1 667 1 522 1 351 1 508 1 758 1 408 1 568 2 533 1 501 1 656 1 651 1 670 2 625 1 221 1 398 1 421 2 357 1 393 1 645 1 585 1 556 1 748 1 775 1 484 1 346 1 604 1 640 1 620 1 372 1 368 2 420 1
231 56 43 35 1 109 1 92 1 349 1 895 1 38 1 83 1 273 1 136 1 6 1 36 1 288 1 76 1 116 1 317 1 82 1 123 1 671 1 764 1 134 1 24 1 308 1 439 1 461 1 364 1 12 1 600 1 622 2 156 1 854 1 209 1 530 1 724 1 113 1 855 1 84 1 410 1 442 1 460 1 525 1 593 1 334 2 400 1
237 58 25 271 1 104 1 110 2 899 1 135 1 794 1 519 1 334 2 369 2 8 1 477 1 223 1 56 1 418 2 433 1 804 1 658 1 479 2 408 1 568 1 659 1 788 1 803 3 805 1 806 2
244 63 36 538 1 313 2 569 2 534 1 635 1 333 1 826 1 710 1 737 1 589 2 885 1 630 2 28 1 57 1 65 1 897 2 110 1 899 1 280 1 794 2 519 3 613 1 8 2 601 1 744 1 749 1 828 1 403 2 804 1 882 1 900 1 902 1 901 3 531 1 805 1 358 1
3 1 47 90 1 127 1 595 1 600 2 622 1 863 1 897 1 137 1 411 2 530 1 616 1 10 1 60 1 98 1 110 1 113 1 470 1 736 1 855 1 135 1 84 1 58 1 384 2 407 2 410 1 429 1 442 1 693 2 809 1 830 1 562 2 613 2 614 2 335 1 537 1 629 1 369 3 64 1 477 1 56 1 102 1 732 2 720 2 676 1 268 1 418 2 458 1
17 4 27 63 1 89 1 248 1 112 1 54 1 118 1 312 1 315 1 93 1 109 1 246 1 11 1 26 1 30 1 915 1 300 1 46 1 101 1 279 1 539 1 383 3 76 1 560 1 43 1 918 1 247 1 116 2
//IdTournes NbColis
17 6
//IdColis IdCommandeInColis NbProducts IdProd1 QtyProd1 IdProd2 QtyProd2 ...
52 11 47 391 1 123 1 337 1 546 1 434 2 450 1 165 1 581 1 457 1 208 1 134 1 190 1 195 1 589 1 653 2 307 2 319 1 494 1 542 1 462 2 603 1 12 1 39 1 14 1 65 1 68 1 127 1 216 1 382 2 270 1 530 1 10 1 60 1 98 1 104 1 84 1 67 1 175 1 335 1 369 3 384 1 407 1 429 1 892 1 442 1 519 2 460 1
69 14 36 639 1 478 1 477 1 730 1 223 1 56 2 834 1 720 1 623 1 268 1 732 1 418 1 512 5 454 1 455 1 458 2 464 1 467 1 663 2 675 1 518 1 588 1 782 2 749 1 718 1 711 6 529 2 723 1 812 1 824 1 576 1 482 1 381 3 431 4 726 1 612 1
74 15 26 136 1 777 1 298 2 153 1 158 1 202 1 935 1 215 1 279 1 323 1 776 1 383 3 9 2 94 1 193 1 560 2 21 1 864 1 247 4 116 2 263 1 304 1 333 2 503 1 527 1 340 1
88 17 55 90 1 183 2 127 1 595 1 128 1 906 1 411 3 235 1 113 1 114 1 470 1 724 1 925 1 386 2 502 1 410 1 442 1 460 1 647 1 753 1 709 1 354 1 384 2 429 1 223 1 168 1 623 1 418 1 458 1 663 1 512 1 543 1 518 1 588 1 931 1 463 1 576 1 406 1 419 1 441 1 578 1 505 1 632 1 466 1 714 1 607 1 360 1 404 1 564 1 669 1 362 1 446 1 550 2 624 2 395 1
95 19 27 938 1 42 2 230 1 176 1 109 1 218 1 47 2 120 1 509 1 171 1 51 1 253 1 177 1 857 1 136 1 298 1 124 1 269 1 256 1 323 1 9 1 94 1 193 1 560 1 181 1 247 3 612 1
126 25 58 262 1 128 1 595 1 530 1 10 2 104 1 114 1 84 2 511 1 335 2 384 1 386 2 502 1 429 1 442 2 553 1 614 1 725 1 460 1 639 1 753 1 477 1 223 2 56 1 602 1 720 1 455 2 458 2 467 1 540 1 828 1 711 1 588 1 592 1 835 1 381 1 557 1 702 1 704 1 295 1 341 1 505 1 545 1 680 2 713 1 466 1 714 1 607 2 483 1 846 1 564 1 515 1 517 1 446 1 522 1 550 1 902 1 329 1
//IdTournes NbColis
18 6
//IdColis IdCommandeInColis NbProducts IdProd1 QtyProd1 IdProd2 QtyProd2 ...
150 30 51 600 1 854 1 530 1 905 1 10 1 98 1 104 1 297 1 113 2 114 1 631 1 736 1 925 1 694 2 66 1 946 1 386 2 682 1 502 2 410 1 415 1 442 2 553 1 460 1 593 2 639 1 478 1 614 1 725 1 700 1 354 1 369 2 384 2 477 1 56 1 191 1 720 2 623 1 418 3 512 1 455 1 526 2 563 1 663 1 433 4 744 1 711 1 529 1 666 1 772 1 100 1
154 31 51 837 2 731 1 671 1 845 1 187 1 134 1 402 1 24 1 164 1 91 1 960 1 653 1 311 1 827 1 387 2 405 1 636 1 610 1 618 1 12 1 27 1 853 1 649 1 14 1 145 1 69 1 862 1 905 1 297 1 114 1 899 1 334 2 354 1 369 1 386 2 415 1 460 1 593 1 639 1 615 1 412 1 223 1 56 1 211 1 418 2 433 1 220 1 454 2 663 1 675 3 431 1
158 32 62 386 4 410 1 430 1 438 1 442 2 460 1 478 1 884 1 613 1 477 1 223 1 168 1 211 1 433 3 454 1 455 1 464 1 467 1 220 1 663 1 828 1 711 1 416 1 463 1 448 1 726 1 704 1 375 1 403 1 423 1 141 1 338 1 360 1 479 1 607 1 674 1 379 1 404 2 446 2 380 2 400 1 465 1 474 1 598 1 721 1 476 1 126 1 436 1 468 2 469 1 471 1 705 1 678 2 786 1 393 1 395 2 397 1 698 1 606 1 728 2 330 1 453 1
234 57 47 507 1 730 1 623 1 223 1 56 1 168 1 191 1 268 1 211 1 418 1 433 1 576 1 783 1 532 1 456 1 680 2 360 1 520 1 564 1 331 1 379 2 624 1 380 2 508 1 523 1 476 1 126 1 445 1 790 1 524 3 468 1 650 1 599 1 800 1 625 1 501 1 646 1 497 2 504 1 428 1 654 1 585 1 706 2 869 1 493 1 620 1 424 2
246 64 21 569 1 333 1 450 1 414 1 909 1 743 1 596 1 653 1 733 2 309 1 630 1 570 2 10 1 104 2 66 1 334 1 191 1 911 1 634 1 331 1 380 1
37 8 49 192 1 402 1 589 1 733 1 307 2 309 1 318 1 327 2 355 1 462 2 817 1 636 1 838 1 703 1 618 1 12 1 117 1 14 1 145 1 28 1 156 1 48 1 160 1 68 1 382 1 600 1 877 1 209 1 530 1 616 1 179 1 104 1 113 1 475 1 470 2 280 1 736 1 84 1 344 1 369 4 384 2 386 1 502 1 410 1 684 2 507 1 547 1 519 2 64 1
//IdTournes NbColis
19 6
//IdColis IdCommandeInColis NbProducts IdProd1 QtyProd1 IdProd2 QtyProd2 ...
178 39 36 89 1 242 1 112 1 880 1 78 1 120 1 147 1 875 1 269 1 323 1 383 2 142 1 43 1 290 1 116 1 333 1 189 1 82 1 546 1 434 2 325 1 579 1 345 1 347 1 590 1 24 1 267 1 308 2 352 1 885 1 364 1 405 1 570 1 874 1 600 1 15 1
181 40 37 242 1 54 1 78 1 32 1 47 1 200 1 38 1 286 1 859 1 76 1 214 1 534 1 560 1 608 1 181 1 196 2 116 1 333 2 391 1 710 1 737 1 867 1 844 1 165 1 325 1 414 1 596 1 164 1 192 1 308 1 610 1 703 1 868 1 12 1 117 1 622 1 730 1
200 46 55 854 1 209 1 622 1 621 1 15 1 98 1 881 1 280 1 334 1 442 1 519 1 460 1 525 1 593 1 562 2 211 1 732 1 418 1 512 1 433 2 455 1 663 1 543 1 588 1 416 1 576 1 760 1 403 1 100 1 141 1 466 1 565 1 520 2 331 1 487 1 564 2 351 1 515 1 366 1 508 1 443 2 721 1 445 1 436 1 587 1 554 1 648 1 668 1 678 1 497 1 504 1 421 1 633 1 606 1 640 1
236 58 31 538 1 569 1 491 2 509 2 255 1 265 2 560 1 527 2 710 1 737 1 333 1 391 1 278 2 747 1 581 3 439 2 636 1 364 2 630 1 27 2 14 1 31 1 893 1 48 1 289 1 61 2 88 1 894 1 896 1 891 1 15 1
65 14 25 224 1 229 1 242 1 86 1 312 1 558 1 569 1 20 1 47 1 259 1 921 1 234 1 293 1 299 1 298 2 36 1 122 1 212 1 323 3 539 1 383 4 94 1 239 1 193 1 368 1
133 27 27 281 1 236 1 54 1 315 1 480 1 92 1 120 1 291 1 159 1 299 1 298 1 153 2 46 1 215 1 288 1 76 1 142 1 943 1 560 2 108 2 263 1 773 2 333 3 37 1 210 1 626 1 284 1
//IdTournes NbColis
20 6
//IdColis IdCommandeInColis NbProducts IdProd1 QtyProd1 IdProd2 QtyProd2 ...
148 30 26 248 2 112 1 54 1 303 1 313 2 413 1 176 1 715 2 283 1 293 1 272 1 286 1 158 2 71 1 124 1 692 1 142 1 635 1 864 1 701 1 826 1 333 3 867 1 278 1 546 1 505 1
206 48 32 105 2 78 1 313 1 176 1 20 1 51 1 96 1 849 1 158 1 124 1 108 2 116 1 317 2 324 1 500 2 785 1 226 1 82 1 890 1 638 1 844 1 759 1 432 1 549 1 447 1 457 1 590 2 596 1 797 1 731 1 735 1 671 1
90 18 25 87 1 17 1 243 1 916 1 35 1 54 1 118 1 250 1 111 1 313 1 413 4 32 1 200 1 30 1 51 1 22 1 46 1 124 1 249 1 129 1 130 1 131 1 132 1 140 1 18 1
195 45 30 105 1 17 1 41 1 205 1 480 1 413 1 32 1 254 1 246 1 49 1 159 1 898 1 298 1 279 1 323 1 481 1 608 1 18 2 108 2 317 1 333 1 500 2 503 1 546 1 450 2 638 1 761 1 345 1 414 1 368 1
1 1 29 25 1 41 1 35 1 78 1 111 2 569 1 312 1 70 1 20 1 73 1 59 1 77 1 83 1 96 1 36 1 71 1 122 1 124 1 279 1 383 1 142 1 129 1 130 1 131 1 132 1 140 1 865 1 316 2 390 1
33 7 62 464 2 467 1 563 1 588 1 782 1 416 1 529 2 716 1 381 1 431 1 448 2 19 1 100 1 375 2 406 2 441 1 783 1 799 1 532 1 769 1 341 1 360 1 373 1 505 3 545 1 792 1 607 1 479 2 339 1 379 1 404 3 515 1 446 2 449 1 465 1 125 1 485 1 417 1 568 1 533 1 365 1 524 1 587 1 656 2 554 1 659 1 746 1 561 2 567 1 719 2 678 1 221 1 425 1 548 1 654 1 493 1 393 2 712 1 552 1 604 2 640 1 330 1
//IdTournes NbColis
21 6
//IdColis IdCommandeInColis NbProducts IdProd1 QtyProd1 IdProd2 QtyProd2 ...
58 13 22 166 1 87 1 236 1 242 1 916 1 277 1 54 1 312 3 480 1 109 2 491 1 20 1 47 1 120 1 149 2 171 1 77 1 299 2 273 1 495 1 29 1 46 1
62 13 49 396 1 744 1 592 1 749 1 835 1 750 2 711 3 829 1 482 1 381 1 702 1 704 1 448 1 779 1 612 2 726 2 760 1 19 1 375 3 419 1 441 2 100 2 274 1 141 1 338 1 360 1 363 3 505 4 545 1 444 2 634 2 658 1 559 1 565 1 607 1 664 1 679 1 520 2 331 3 379 3 667 1 351 1 515 1 446 1 449 2 566 1 329 2 366 4 508 1
82 16 26 230 1 53 1 89 1 248 1 251 1 54 1 86 1 480 1 940 1 109 1 491 1 802 1 20 1 47 1 120 1 509 2 73 1 177 2 934 1 898 1 777 1 147 1 71 1 122 1 323 1 481 1
107 21 30 52 1 261 1 54 2 313 1 47 1 92 1 30 1 273 1 46 1 71 1 124 1 212 1 323 1 481 1 94 1 18 1 247 2 263 2 317 1 304 1 333 1 773 1 82 1 434 1 435 1 549 3 743 1 596 1 731 1 735 1
115 23 30 166 1 95 1 112 1 277 1 78 1 111 1 313 1 20 1 155 1 254 1 252 1 115 1 265 1 122 1 124 1 279 1 304 1 391 1 710 2 737 1 210 1 322 1 82 1 638 2 55 1 414 2 432 1 457 1 743 2 307 1
120 24 25 105 1 313 2 480 1 569 1 802 1 47 2 715 1 149 1 115 1 136 1 36 1 71 1 323 1 76 1 94 1 18 1 108 4 116 1 316 2 304 1 37 1 210 1 450 1 320 2 55 1
//IdTournes NbColis
22 6
//IdColis IdCommandeInColis NbProducts IdProd1 QtyProd1 IdProd2 QtyProd2 ...
165 34 62 442 1 460 1 525 1 819 1 639 1 613 1 191 1 268 1 275 1 720 1 458 2 526 1 675 1 488 1 529 2 448 1 726 2 340 1 532 1 19 1 100 1 341 1 456 1 379 1 404 1 516 1 351 1 515 1 517 1 522 1 378 3 521 1 465 1 528 2 474 1 485 1 489 1 523 1 531 1 533 1 126 1 390 2 501 1 524 1 609 1 678 1 374 1 428 1 357 1 421 1 440 1 654 1 342 1 346 1 493 1 496 1 393 1 748 1 698 1 706 1 775 1 451 2
202 47 35 242 1 261 1 248 1 35 1 20 1 149 1 194 1 124 1 212 1 76 1 193 1 560 1 608 1 108 1 263 1 317 1 333 1 500 1 305 2 123 1 34 1 325 1 642 1 377 1 506 1 743 1 590 2 596 1 821 1 79 1 241 1 318 1 307 2 310 2 763 1
224 53 60 862 1 127 1 128 1 209 1 881 1 681 1 502 1 407 2 507 1 430 1 442 2 452 1 460 1 639 1 613 1 614 1 615 1 537 1 369 1 384 1 732 1 275 1 512 1 526 1 663 1 718 1 716 1 448 1 612 1 726 1 704 1 381 1 419 1 441 1 19 1 100 1 375 1 444 1 714 1 717 1 734 1 679 1 680 1 564 1 669 2 331 1 486 1 515 1 522 1 351 1 721 1 380 3 492 1 523 1 690 1 468 1 609 2 678 2 497 1 397 1
75 15 35 785 1 324 1 210 1 198 1 123 2 278 1 434 1 747 1 761 1 759 1 672 1 514 1 581 3 731 1 447 1 457 1 590 2 596 3 770 1 933 1 325 1 671 2 619 1 23 2 24 1 232 1 164 3 402 2 589 1 267 2 768 1 309 2 319 1 364 1 439 1
247 65 35 538 1 265 1 391 1 527 1 710 2 123 1 761 1 589 2 318 2 630 1 27 1 117 1 28 2 48 1 289 1 61 1 238 2 90 1 906 1 135 1 907 1 910 1 415 2 519 1 913 1 191 1 418 1 912 1 680 1 380 2 408 2 729 1 908 1 358 2 389 1
128 26 25 87 1 105 1 242 1 188 1 880 1 54 1 301 1 312 2 176 1 294 1 200 1 30 1 38 1 177 1 163 1 124 1 94 1 142 1 635 1 292 1 858 1 181 1 108 4 263 2 638 1
//IdTournes NbColis
23 6
//IdColis IdCommandeInColis NbProducts IdProd1 QtyProd1 IdProd2 QtyProd2 ...
248 66 38 538 1 313 1 491 1 608 1 317 3 391 1 267 1 364 1 405 1 636 1 570 3 117 1 31 1 45 1 48 1 57 1 62 1 68 1 85 2 90 1 183 2 903 1 128 1 896 1 906 1 297 1 855 1 907 1 910 1 502 3 593 1 418 2 416 1 463 1 375 1 406 1 901 1 420 1
9 3 20 99 1 41 1 42 1 52 1 53 2 89 1 242 1 260 2 916 1 112 1 204 1 880 1 738 1 35 1 54 1 569 2 312 2 315 1 32 1 383 1
86 17 28 89 1 112 1 204 1 205 1 248 1 924 1 880 1 35 1 78 1 569 1 32 1 109 1 802 1 491 1 155 1 47 1 715 1 349 1 246 1 194 1 38 1 96 1 136 1 231 1 71 1 94 1 193 1 33 1
4 1 47 512 3 467 1 663 2 675 2 220 1 543 2 749 1 711 1 416 1 666 1 716 1 448 2 779 1 704 1 839 1 760 2 33 1 100 1 375 2 403 1 419 1 441 1 799 1 677 1 578 1 769 1 505 1 808 1 466 1 661 1 565 1 714 1 674 1 341 2 520 2 379 2 404 4 667 2 564 2 331 1 486 1 517 1 446 2 449 1 566 1 378 3 508 1
21 4 56 754 1 612 1 702 2 760 2 33 1 75 1 100 2 490 1 375 1 419 2 423 1 403 2 441 1 677 1 578 1 769 1 545 1 697 1 456 1 466 1 338 1 520 2 339 1 379 1 404 2 594 1 564 3 667 1 515 1 517 1 446 3 522 1 550 1 366 2 508 1 474 2 758 1 465 1 528 1 492 1 125 3 489 2 408 4 568 2 445 1 501 1 394 3 436 1 670 1 656 1 554 1 468 1 746 1 567 1 609 1 504 1
38 8 49 693 2 553 1 809 1 647 1 593 3 562 1 819 1 639 2 478 1 613 1 614 1 148 1 686 1 687 2 732 2 433 1 418 2 512 1 454 1 455 1 464 1 467 1 563 1 220 2 663 2 385 2 543 1 396 2 771 1 749 2 711 1 584 1 529 2 723 1 381 1 431 2 772 1 726 1 702 2 760 2 403 1 406 1 783 1 677 1 341 1 559 1 479 2 660 1 661 1
//IdTournes NbColis
24 6
//IdColis IdCommandeInColis NbProducts IdProd1 QtyProd1 IdProd2 QtyProd2 ...
49 10 61 592 1 782 1 707 1 711 2 416 1 381 2 557 1 612 1 702 2 33 1 100 2 186 2 419 1 403 1 532 1 360 1 505 2 466 1 658 1 661 1 479 1 664 1 674 1 359 1 379 1 404 1 594 1 667 1 351 1 515 1 446 2 449 2 902 1 400 1 443 2 528 1 708 1 126 1 485 1 408 5 417 2 523 2 568 1 533 1 445 1 365 1 390 2 524 1 690 1 468 1 471 1 554 1 659 1 651 1 609 1 751 1 719 1 409 1 376 1 451 1 552 1
122 24 50 458 3 488 1 396 1 518 1 416 1 529 2 704 1 33 1 100 1 490 2 375 2 419 1 423 1 403 2 406 1 360 1 456 1 607 2 483 1 379 2 689 1 446 2 522 1 329 3 508 1 598 1 125 2 126 1 489 1 408 5 417 2 523 2 533 1 343 1 587 1 554 2 567 1 719 3 409 1 428 1 421 1 484 1 342 1 496 1 393 3 585 1 698 1 451 3 552 2 784 2
101 20 24 560 1 534 2 181 1 108 3 263 1 316 1 333 4 785 1 773 4 867 2 434 1 638 3 34 2 813 2 695 1 642 1 347 1 549 4 377 1 388 1 414 1 435 1 814 1 731 1
73 15 21 41 1 63 2 243 1 261 1 303 1 569 1 312 4 294 1 491 1 155 1 92 2 120 1 781 1 149 1 930 1 38 1 151 2 255 2 265 1 857 1 716 1
193 44 42 314 1 509 1 259 1 38 1 279 1 193 1 181 1 108 1 317 1 333 1 500 1 391 1 527 2 826 1 189 1 904 1 434 1 432 1 590 1 596 1 770 1 402 1 318 1 630 2 636 1 703 1 185 1 209 1 530 1 104 1 280 1 334 1 537 1 384 2 386 2 438 1 442 1 460 1 639 1 102 1 211 1 601 1
217 51 36 105 1 287 1 54 1 888 1 38 1 154 1 46 1 231 1 323 1 383 1 560 1 608 1 108 2 317 1 391 1 503 1 826 2 710 1 324 1 123 1 278 1 546 1 450 1 761 1 844 1 320 1 377 1 581 2 596 1 735 1 589 1 192 1 267 1 401 1 461 1 358 1
//IdTournes NbColis
25 6
//IdColis IdCommandeInColis NbProducts IdProd1 QtyProd1 IdProd2 QtyProd2 ...
153 31 30 87 1 150 1 178 1 243 1 261 1 86 1 111 1 314 1 44 1 246 1 154 1 299 1 300 1 231 1 323 2 94 1 193 1 560 1 864 1 858 1 196 2 304 1 450 1 747 1 321 2 377 1 388 1 435 1 605 1 381 1
233 57 45 880 1 569 1 313 1 155 1 560 1 534 1 292 1 317 1 304 2 527 1 333 1 305 1 82 1 546 1 434 1 770 1 797 1 671 1 325 1 350 1 414 1 402 1 308 1 793 1 610 1 387 1 107 1 50 1 61 1 68 1 206 1 128 1 854 1 530 1 104 1 110 1 113 2 442 1 789 1 519 1 452 1 614 1 354 1 410 1 403 1
171 36 54 50 2 61 1 68 1 183 1 854 2 270 1 217 1 755 1 616 1 470 1 475 1 175 1 334 3 369 1 384 1 430 1 442 2 519 1 460 1 264 1 512 1 433 1 467 1 563 1 675 1 574 1 529 2 883 1 723 1 375 1 141 1 783 1 466 1 559 1 479 1 714 1 404 2 515 1 566 1 380 2 721 1 417 3 531 1 568 1 571 1 125 2 343 1 390 1 554 2 567 1 705 2 668 1 409 1 428 1
53 11 57 553 2 525 1 157 1 102 1 412 1 856 1 601 2 418 2 454 1 464 2 467 2 663 2 718 1 416 1 381 1 431 1 772 1 612 1 100 1 340 1 375 1 769 1 505 1 565 1 954 1 479 1 955 1 520 2 379 1 404 3 594 1 515 1 446 1 522 2 329 1 378 2 400 1 492 1 126 1 485 1 417 1 445 2 394 1 436 2 587 2 554 1 469 2 651 1 357 1 398 2 421 2 346 1 376 1 393 2 395 1 397 1 330 1
13 3 35 369 1 384 3 386 3 429 3 430 1 499 1 407 5 507 1 519 2 452 1 647 1 693 1 639 1 478 2 562 2 819 2 753 2 614 1 700 1 56 1 732 1 602 1 720 1 191 1 264 1 856 1 512 2 418 3 454 1 455 2 458 4 526 1 467 2 563 1 395 1
97 19 42 621 2 530 1 842 1 98 2 104 1 470 1 475 1 84 1 67 1 334 2 354 2 541 1 369 5 384 1 386 2 407 2 410 1 547 1 831 1 613 1 460 2 693 1 730 1 56 1 168 1 601 1 602 1 720 2 732 1 211 1 418 3 512 2 433 5 563 2 675 2 454 1 455 1 588 1 749 1 835 1 574 1 775 1
//IdTournes NbColis
26 6
//IdColis IdCommandeInColis NbProducts IdProd1 QtyProd1 IdProd2 QtyProd2 ...
103 20 42 209 1 863 1 897 1 530 2 616 1 257 1 98 1 459 1 470 1 724 1 297 1 925 1 66 1 106 1 335 2 407 3 442 2 629 1 354 2 384 3 386 2 410 3 430 1 452 1 460 2 614 1 725 1 647 1 639 5 478 1 753 2 730 1 56 2 264 1 720 1 732 2 602 2 213 1 418 3 454 1 458 2 358 1
130 26 45 106 1 502 1 613 1 614 1 615 1 410 2 442 2 519 4 553 1 460 1 639 3 478 1 335 2 537 1 629 1 384 2 386 2 547 1 763 1 56 1 168 1 601 1 720 1 676 1 623 1 211 1 418 2 663 1 675 2 455 1 467 3 512 1 433 4 543 1 711 2 396 3 588 1 749 1 540 1 723 1 584 1 591 1 760 1 448 2 381 1
68 14 38 127 3 121 1 128 2 891 2 270 1 411 3 530 2 235 1 98 1 724 1 297 2 114 1 736 1 66 2 67 1 175 1 106 1 335 1 537 2 354 2 541 1 384 3 386 2 410 1 507 1 429 1 430 1 442 2 519 3 452 1 460 1 525 1 614 2 796 1 831 1 819 1 639 2 418 1
43 9 39 344 1 511 1 199 1 407 3 410 1 753 3 696 1 614 1 519 1 460 1 639 3 335 1 369 5 386 2 429 2 430 1 730 2 477 1 168 1 191 1 720 3 732 2 856 1 418 3 675 3 512 1 711 1 762 1 588 1 749 1 385 2 931 1 416 1 576 1 584 1 529 3 716 1 754 1 381 1
84 16 64 386 2 407 1 410 1 519 3 613 1 696 1 730 1 168 1 211 1 433 3 220 1 526 1 563 1 675 1 588 1 749 1 711 1 416 1 381 1 431 2 448 1 779 1 704 1 760 1 75 1 100 1 375 1 419 1 441 1 360 1 792 2 658 1 714 1 479 1 487 1 379 1 404 1 564 1 351 1 328 1 329 1 378 4 465 1 474 1 708 1 244 1 408 1 390 1 436 2 587 2 939 1 746 2 705 1 374 1 409 1 427 1 221 1 357 1 421 1 654 1 376 1 637 2 424 2 348 1
197 45 49 720 1 732 1 676 1 168 1 102 2 211 2 418 2 455 1 458 3 563 2 663 1 220 1 588 1 749 2 591 1 529 3 612 2 704 1 340 1 441 1 769 1 360 1 363 2 632 1 505 2 444 1 607 1 479 1 565 2 714 1 664 1 713 1 520 2 331 3 339 1 486 1 404 4 667 2 351 1 446 2 378 4 465 1 597 1 708 1 417 1 408 1 523 2 531 1 568 2
//IdTournes NbColis
27 6
//IdColis IdCommandeInColis NbProducts IdProd1 QtyProd1 IdProd2 QtyProd2 ...
14 3 56 563 1 663 1 675 1 220 1 540 1 543 2 518 1 749 1 828 1 711 5 762 1 723 1 448 1 702 1 340 1 375 2 423 1 403 1 799 1 677 1 75 1 100 2 296 1 274 1 338 1 341 1 363 1 505 2 632 1 479 1 674 1 680 2 713 1 520 1 404 2 667 3 669 1 517 1 446 2 522 1 624 2 356 1 366 1 378 4 708 3 465 1 528 1 598 1 758 1 492 1 417 2 523 1 531 1 476 1 568 1 445 2
78 15 43 458 6 464 1 467 1 563 1 220 1 675 1 488 1 543 3 396 2 707 1 782 2 835 1 718 1 828 1 711 3 762 1 416 1 529 1 463 1 381 1 431 4 612 3 726 5 704 2 448 2 760 1 490 3 419 1 423 2 406 1 75 1 100 3 186 1 274 2 141 1 578 1 341 1 360 2 664 1 505 1 444 2 767 1 456 1
104 20 49 458 3 464 1 563 2 774 1 220 1 488 1 543 3 396 1 707 1 588 1 744 1 771 1 749 1 574 1 416 1 381 1 431 1 704 2 612 1 482 1 75 1 100 1 490 1 406 1 375 3 419 1 141 1 360 1 505 1 479 1 713 1 520 3 483 2 339 2 486 1 404 6 379 3 594 1 669 3 515 1 446 1 624 4 366 1 443 3 378 2 508 1 807 1 474 1 803 1
131 26 56 431 2 75 1 186 1 578 1 406 1 929 1 141 1 423 1 660 1 674 1 505 1 767 1 466 1 360 1 363 1 669 1 594 1 487 1 379 1 624 1 515 1 517 1 449 1 351 1 758 1 766 1 521 2 598 1 329 2 356 1 378 2 531 1 568 3 485 1 501 1 561 2 625 1 524 1 554 1 436 1 504 1 654 2 393 1 748 1 665 1 698 1 342 1 493 1 376 2 604 2 620 1 633 1 451 1 552 1 330 1 392 2
144 29 28 124 1 323 1 383 5 864 1 108 4 116 1 263 1 865 1 304 1 324 1 503 1 785 2 773 2 305 1 82 2 761 1 638 1 747 1 759 2 320 1 426 1 457 1 590 1 91 1 241 1 402 1 401 4 420 1
227 54 42 84 2 410 1 442 1 460 1 478 2 615 1 739 1 334 2 384 2 386 1 455 1 675 2 512 1 433 1 431 1 406 1 375 1 419 1 505 1 660 1 341 1 594 1 564 1 515 1 624 1 508 1 465 1 380 1 523 1 533 1 501 2 524 1 656 1 469 1 678 1 625 1 343 1 497 1 654 1 326 1 389 1 420 1
//IdTournes NbColis
28 6
//IdColis IdCommandeInColis NbProducts IdProd1 QtyProd1 IdProd2 QtyProd2 ...
44 9 49 100 1 677 1 403 1 441 1 660 1 661 1 680 1 505 1 444 1 466 1 564 2 667 1 359 1 624 4 515 2 446 1 550 2 708 1 465 2 329 1 366 1 378 2 126 1 417 1 729 2 476 1 533 1 445 2 390 2 678 2 524 2 587 1 656 2 554 2 651 1 504 1 427 2 654 2 397 1 644 1 342 1 604 2 451 4 606 1 641 1 330 2 784 1 611 1 358 2
70 14 44 612 2 760 1 100 1 340 1 490 1 375 1 406 1 419 2 441 1 578 2 274 1 341 2 505 5 466 1 660 1 664 1 483 1 359 1 362 1 379 3 594 1 564 1 667 2 515 1 517 1 446 4 449 3 522 1 624 3 329 1 366 1 378 4 708 1 125 1 489 1 408 3 417 1 476 4 729 1 390 3 394 2 587 1 554 4 468 2
98 19 59 711 1 518 1 529 1 754 1 612 2 702 1 557 1 100 1 677 1 580 1 607 2 664 1 674 1 713 1 505 1 792 2 520 2 331 1 517 1 446 1 449 2 522 1 328 3 356 1 366 1 380 3 400 1 465 3 597 1 598 2 721 1 708 1 528 2 485 1 476 1 568 2 445 2 365 1 436 1 587 1 656 1 561 1 567 1 670 1 524 2 468 1 471 1 497 1 646 1 357 1 440 1 342 2 493 1 712 1 585 2 451 1 348 2 368 2 389 1
109 21 52 467 2 563 2 774 2 675 1 488 1 396 3 771 1 749 2 711 1 463 1 482 1 381 2 431 4 448 2 704 1 100 1 141 1 340 1 406 1 419 2 403 1 441 1 532 1 341 1 360 2 505 1 466 1 565 1 714 1 664 1 520 1 359 1 379 2 404 1 689 2 515 1 446 2 566 1 329 1 366 1 378 3 474 2 408 3 476 2 533 1 729 1 371 2 501 1 394 2 656 1 554 1 471 1
113 22 45 431 1 612 1 100 1 274 1 441 1 532 1 338 2 360 1 444 1 456 1 466 1 617 1 679 1 379 2 404 1 689 2 564 1 669 1 446 2 329 1 400 1 465 1 125 2 370 1 417 1 531 1 476 2 371 1 468 1 656 2 746 1 651 1 705 1 427 1 472 1 786 1 473 2 654 1 424 2 451 1 620 1 348 1 611 1 368 1 389 2
146 29 58 407 2 410 2 553 1 615 1 725 1 709 1 614 1 676 1 211 1 601 3 720 3 418 1 455 1 458 4 526 1 464 2 675 1 563 1 385 1 543 1 396 1 750 1 749 1 529 2 716 1 381 1 704 1 612 1 100 2 406 1 363 1 545 1 674 1 565 2 339 2 404 1 564 1 446 1 624 2 566 2 366 1 528 1 758 1 422 1 408 1 417 2 476 1 533 1 729 1 445 2 332 1 365 1 501 1 394 1 524 2 746 1 609 1 420 1
//IdTournes NbColis
29 6
//IdColis IdCommandeInColis NbProducts IdProd1 QtyProd1 IdProd2 QtyProd2 ...
155 31 58 588 1 812 1 723 1 448 2 726 1 340 1 419 1 100 1 769 1 341 1 399 1 444 1 808 2 466 1 658 1 661 1 479 1 679 2 520 1 359 1 379 1 404 2 689 2 667 1 669 1 449 3 328 3 356 1 366 1 400 1 528 1 474 1 598 1 721 3 708 2 408 1 417 2 523 2 729 2 445 1 343 1 436 4 524 1 587 2 554 2 468 1 469 2 599 1 561 1 567 1 705 1 425 1 427 1 428 1 803 1 357 1 398 2 421 1
177 38 26 431 1 448 1 532 1 100 1 274 1 479 2 617 1 520 3 404 1 564 1 515 1 624 1 380 2 508 1 521 1 485 1 371 1 567 1 625 1 705 1 497 1 398 1 421 2 346 1 620 1 611 1
204 47 54 532 1 578 1 100 1 141 1 769 1 341 1 360 1 545 2 466 1 565 1 674 1 520 1 362 1 379 1 594 1 564 1 667 1 669 1 351 1 515 1 446 1 449 2 566 1 400 1 508 1 521 1 465 1 708 1 476 1 533 1 729 2 126 1 445 1 343 1 394 2 471 1 659 1 561 1 567 1 678 1 654 2 342 1 346 1 493 1 376 1 397 1 644 1 775 1 643 1 606 1 641 1 330 1 348 1 367 1
208 48 46 614 2 725 1 709 1 892 1 763 1 720 1 102 1 418 3 512 2 454 2 458 3 464 1 563 2 675 1 220 1 396 2 749 1 835 1 718 1 707 1 416 1 584 1 723 1 576 1 431 2 612 3 726 1 340 1 490 1 375 3 403 1 441 1 783 1 100 1 769 1 360 1 466 1 661 2 607 2 717 1 479 1 664 1 379 1 404 1 594 1 689 1
232 56 45 415 2 102 1 191 1 454 2 464 1 433 2 529 1 576 1 760 1 100 1 664 1 341 1 689 1 564 2 669 1 515 1 624 1 508 2 443 2 328 1 492 1 523 1 531 1 568 1 126 2 485 1 469 2 471 1 561 1 787 1 343 1 371 1 436 1 504 1 221 1 786 1 440 1 775 1 712 1 869 1 346 1 393 1 620 1 372 1 611 1
141 28 47 680 2 767 1 456 1 466 1 580 1 667 2 404 3 624 2 515 1 449 1 508 1 521 1 465 1 474 1 328 2 378 3 244 1 126 3 729 1 408 2 568 1 533 1 445 2 554 2 648 1 659 1 343 1 371 1 436 2 654 1 645 1 585 1 346 1 424 1 728 3 620 1 451 1 552 1 330 1 392 2 611 2 348 1 367 1 353 1 368 1 420 1 453 1
//IdTournes NbColis
30 6
//IdColis IdCommandeInColis NbProducts IdProd1 QtyProd1 IdProd2 QtyProd2 ...
168 35 50 114 1 335 2 541 1 369 1 386 3 502 1 430 1 442 1 519 1 525 1 562 1 730 1 211 1 418 2 467 1 563 1 543 1 396 1 416 1 463 1 576 1 431 1 575 1 403 1 419 1 578 1 186 1 341 1 505 1 545 1 565 1 564 1 515 1 566 2 328 1 378 1 400 1 408 1 417 1 445 1 436 1 524 2 554 1 468 1 471 2 561 1 577 1 451 2 330 2 367 1
93 18 65 295 1 274 1 660 1 661 1 565 1 664 1 674 1 679 1 680 2 505 1 444 1 466 1 479 1 341 1 360 1 520 1 379 2 583 1 667 2 669 1 594 1 486 1 566 2 517 1 522 1 351 1 400 1 508 1 443 1 465 1 597 1 598 2 329 2 356 2 492 1 126 1 408 2 523 1 476 1 568 1 485 2 445 3 390 2 668 1 670 1 678 1 394 1 587 3 554 1 599 1 651 1 751 1 343 1 365 1 436 1 374 1 421 2 398 2 473 1 544 1 376 1 665 1 585 1 637 1 633 1
140 28 42 460 2 639 2 613 2 537 1 354 1 369 2 384 3 429 1 430 1 730 1 720 1 732 3 623 2 601 1 418 2 512 2 675 2 526 2 467 1 563 1 433 3 543 1 707 1 711 1 396 1 518 1 744 1 782 1 749 2 540 1 723 1 529 2 704 2 448 1 612 2 381 1 431 2 296 1 441 1 783 1 274 1 141 1
8 2 43 399 1 505 1 545 1 632 1 331 1 404 1 624 1 351 1 515 1 522 1 465 1 758 1 400 1 508 1 521 1 528 1 125 1 126 1 476 1 445 1 656 1 554 1 690 1 567 1 668 1 670 1 625 1 371 1 390 1 524 1 504 1 425 1 472 1 654 1 398 1 748 1 836 1 346 1 644 1 640 1 451 2 552 1 330 1
30 6 40 882 1 360 1 373 1 331 1 486 1 487 1 517 1 446 2 449 1 351 1 378 3 400 1 508 1 465 1 474 1 329 1 125 1 126 1 417 2 705 1 394 2 471 1 659 1 599 1 567 1 751 1 625 1 365 1 436 1 409 1 473 1 665 1 698 1 645 1 585 1 556 1 637 1 748 1 424 1 641 1
39 8 69 617 1 734 1 520 1 379 2 404 1 564 1 846 1 351 1 515 1 446 1 449 1 522 1 566 1 624 2 328 1 356 1 508 1 443 2 521 1 465 1 528 2 597 2 721 2 125 1 408 4 417 1 523 1 476 1 568 1 445 1 343 1 371 1 436 1 390 1 501 1 587 1 659 1 818 1 561 1 820 1 567 1 609 1 668 2 670 1 678 1 625 1 374 1 497 3 504 1 409 1 472 2 803 1 357 1 398 1 421 1 440 1 473 1 654 1 342 1 376 1 393 1 395 1 585 1 748 2 706 1 326 1 424 1 451 1 640 1
//IdTournes NbColis
31 6
//IdColis IdCommandeInColis NbProducts IdProd1 QtyProd1 IdProd2 QtyProd2 ...
63 13 49 378 4 508 1 521 1 465 1 598 1 485 2 531 2 476 1 568 1 125 4 126 4 343 1 365 2 436 3 501 2 394 2 668 3 587 1 656 1 554 2 468 2 469 1 599 3 609 1 751 1 625 2 504 2 428 1 548 1 803 2 786 3 357 2 421 4 440 1 473 2 346 1 496 1 393 2 644 1 372 1 424 1 633 1 451 2 552 2 606 1 640 1 620 1 330 2 392 1
79 15 45 792 3 661 1 565 1 717 1 479 4 674 1 520 3 487 1 379 2 667 1 669 1 404 1 689 1 515 1 446 4 566 1 378 5 508 4 708 1 474 1 465 1 597 1 329 1 492 1 485 2 489 1 408 3 568 2 126 3 445 2 343 4 436 1 390 2 719 2 468 2 587 2 656 1 554 4 746 1 561 1 651 1 609 1 678 1 504 2 409 1
89 17 28 624 1 465 1 329 1 366 1 378 1 492 2 125 2 417 1 394 1 524 1 471 1 659 1 670 2 365 1 371 1 425 1 472 1 786 1 440 1 393 2 395 1 451 2 801 1 640 1 641 1 620 1 358 1 389 1
105 20 49 708 2 758 1 465 1 329 1 492 1 125 3 408 2 422 1 523 2 531 1 476 3 533 2 445 1 343 5 394 1 436 1 524 1 554 3 468 2 656 2 659 1 599 1 561 1 609 1 627 1 504 1 428 1 472 1 357 2 440 3 398 1 421 1 654 5 484 2 346 1 493 2 644 1 397 1 556 2 748 1 798 1 372 1 633 1 451 3 728 1 392 1 611 1 368 1 420 1
118 23 43 125 2 126 1 476 1 568 3 445 2 371 1 390 1 394 2 436 2 524 1 587 1 554 1 471 1 650 2 561 1 651 2 609 1 668 1 577 1 678 2 409 2 357 1 440 1 473 1 654 1 376 1 393 1 397 1 551 1 585 2 665 1 706 1 326 1 451 1 604 1 801 1 330 2 348 1 361 1 367 1 392 1 420 1 453 2
136 27 54 658 2 565 1 607 1 664 1 674 1 341 2 360 1 520 1 404 2 594 1 564 1 667 2 331 1 379 2 515 1 446 3 522 1 351 1 508 2 474 1 465 1 492 1 125 1 408 5 523 1 531 2 476 2 485 2 489 1 445 3 501 1 394 1 468 1 656 1 648 1 659 1 567 1 609 1 668 2 343 1 436 3 504 1 428 1 421 1 654 1 393 5 645 1 582 1 556 1 585 2 748 1 706 1 346 1 376 1
//IdTournes NbColis
32 6
//IdColis IdCommandeInColis NbProducts IdProd1 QtyProd1 IdProd2 QtyProd2 ...
189 42 26 400 1 443 1 721 1 126 1 371 1 390 1 471 1 705 1 625 1 599 1 561 2 567 2 786 1 440 1 473 1 376 2 496 1 393 1 585 2 706 1 712 1 637 1 748 1 326 1 552 1 330 2
209 48 53 564 1 449 1 550 1 624 2 329 1 356 1 378 3 400 1 443 1 521 1 465 1 528 1 474 2 597 2 370 1 408 5 568 2 125 1 126 2 343 1 390 4 501 1 394 2 524 1 587 3 656 1 468 2 659 1 599 1 567 1 651 1 577 2 678 1 504 1 646 1 803 1 357 1 421 1 473 1 654 1 393 1 397 2 644 1 556 1 637 1 748 1 712 1 326 1 424 1 451 4 552 1 606 1 640 1
216 50 38 566 1 624 1 380 3 598 1 328 1 408 2 417 2 523 2 476 1 533 1 729 1 125 1 445 1 524 1 648 1 469 1 656 1 554 1 651 1 577 1 409 1 425 1 646 1 472 2 357 1 440 1 342 1 346 1 376 1 393 1 645 1 585 1 637 1 665 3 698 1 712 1 451 3 392 1
219 51 32 406 1 441 1 677 1 141 1 658 1 479 1 360 1 379 2 404 2 331 1 522 1 566 1 624 1 508 1 328 1 356 1 531 1 568 1 126 1 445 1 656 1 659 1 343 1 472 1 440 1 654 1 357 2 376 2 397 1 484 1 493 1 330 1
239 59 31 431 1 448 1 490 1 375 1 617 1 360 1 487 2 465 1 380 1 508 1 531 2 476 1 126 2 417 2 587 1 469 1 678 1 343 3 436 1 650 1 497 3 504 1 484 1 393 1 604 1 640 1 620 1 451 1 330 1 353 1 358 1
77 15 29 537 1 629 1 369 1 384 4 386 2 429 3 430 1 502 2 410 3 507 1 613 4 614 3 725 2 407 5 442 2 519 2 460 2 562 1 639 4 478 1 412 2 720 1 732 2 211 2 275 1 623 1 418 4 663 2 455 2
//IdTournes NbColis
33 6
//IdColis IdCommandeInColis NbProducts IdProd1 QtyProd1 IdProd2 QtyProd2 ...
194 44 41 213 1 602 1 732 1 418 1 512 1 433 3 455 1 464 1 663 1 385 1 749 2 711 1 431 1 704 1 403 1 505 2 607 1 674 1 404 1 564 1 669 1 366 1 380 2 508 1 489 1 408 1 422 1 533 1 436 1 609 2 567 1 786 1 493 1 633 1 451 1 552 1 640 1 392 1 353 1 358 1 420 1
20 4 41 354 2 369 2 384 1 386 4 502 2 410 2 507 1 429 1 430 1 547 1 442 2 753 1 614 3 700 1 519 2 452 1 460 2 647 1 639 2 709 2 763 1 412 1 275 1 676 1 418 1 512 1 774 1 454 1 458 4 563 1 543 1 396 2 707 1 588 1 749 1 711 4 584 1 529 1 812 1 576 1 716 1
162 33 56 529 2 824 1 381 1 448 1 340 1 375 1 419 1 441 1 677 1 141 1 360 1 363 2 399 1 697 2 679 1 713 1 520 2 379 1 404 2 515 1 449 1 328 2 380 3 508 2 465 1 598 2 758 1 485 1 417 1 422 1 523 1 476 2 343 1 436 1 524 1 468 2 469 1 471 1 561 1 800 1 651 1 670 1 678 2 497 1 504 1 409 1 646 1 421 1 654 2 484 1 376 1 665 1 775 1 424 2 728 1 348 1
198 45 34 445 2 343 4 394 2 436 1 524 3 587 1 554 1 650 1 599 1 705 1 577 1 625 1 561 1 427 2 409 1 221 1 421 1 398 1 654 3 484 1 393 3 556 2 424 1 451 1 640 1 641 1 620 1 330 1 361 1 367 1 392 2 389 2 420 1 453 2
151 30 62 726 1 482 1 578 1 490 1 505 1 632 1 444 1 565 2 664 1 697 2 674 1 680 1 713 1 948 1 404 2 564 1 667 1 669 1 331 2 379 1 624 2 508 2 721 1 708 2 380 4 408 1 417 2 523 1 568 1 485 1 489 1 370 1 445 1 501 1 683 1 587 1 468 2 469 2 471 1 650 1 651 1 719 2 668 1 670 1 577 3 678 1 343 1 409 1 803 1 786 1 421 1 654 2 357 1 496 1 551 1 556 1 706 2 484 1 346 1 685 2 451 2 389 1
15 3 46 343 1 371 1 501 1 394 2 705 3 668 1 756 1 587 1 656 1 554 1 648 1 650 1 659 1 719 2 577 2 678 1 627 1 409 1 548 1 646 2 786 1 654 2 342 1 346 1 493 1 496 1 582 1 397 1 644 1 551 1 798 1 775 1 712 1 633 1 552 2 606 1 801 1 326 1 330 1 367 1 392 1 611 2 353 1 358 2 368 3 420 1
//IdTournes NbColis
34 6
//IdColis IdCommandeInColis NbProducts IdProd1 QtyProd1 IdProd2 QtyProd2 ...
80 15 16 646 1 357 1 421 4 654 2 346 1 493 2 496 2 393 3 585 1 775 1 451 2 552 5 604 1 326 3 620 1 611 1
110 21 23 468 2 746 1 599 1 567 1 609 1 668 2 670 1 577 2 803 1 421 1 654 2 496 1 397 1 585 1 798 3 775 1 326 1 424 1 633 1 604 1 606 2 392 1 784 1
137 27 3 633 1 451 1 326 1
152 30 3 606 2 326 3 368 1
175 37 33 441 1 677 1 578 1 769 1 341 2 444 1 466 1 559 1 713 1 483 1 379 1 669 1 515 1 446 1 522 2 366 1 378 3 417 1 533 1 445 1 343 1 501 2 394 2 656 1 719 1 670 1 577 2 544 1 484 1 326 2 620 1 368 1 389 1
5 1 30 443 1 474 1 521 1 528 1 465 3 408 3 523 2 445 3 524 1 587 1 554 2 648 1 468 1 705 1 668 1 820 1 651 1 609 1 678 1 365 1 786 1 440 1 654 2 393 2 556 1 637 1 493 1 633 1 604 1 330 1
//IdTournes NbColis
35 6
//IdColis IdCommandeInColis NbProducts IdProd1 QtyProd1 IdProd2 QtyProd2 ...
50 10 6 451 1 606 1 330 1 348 3 368 1 389 1
71 14 23 468 1 471 1 609 1 751 1 719 2 577 1 678 1 409 1 646 1 786 1 421 1 440 1 654 3 493 2 376 1 496 1 645 1 748 1 798 1 451 4 552 1 606 1 330 1
147 29 22 609 1 670 2 577 1 625 1 651 1 504 1 472 1 357 2 398 1 440 1 654 2 346 1 644 1 706 1 424 2 552 4 606 1 640 1 330 1 392 1 784 1 453 1
156 31 17 473 2 654 2 346 1 376 1 393 1 585 2 748 1 665 1 712 1 372 1 451 3 604 1 728 1 620 1 330 1 611 2 368 1
180 39 5 585 2 586 1 606 1 330 1 361 1
192 43 3 330 2 353 1 420 1
//IdTournes NbColis
36 6
//IdColis IdCommandeInColis NbProducts IdProd1 QtyProd1 IdProd2 QtyProd2 ...
225 53 6 698 1 376 1 641 1 330 1 389 1 453 1
22 4 22 678 2 786 1 357 1 398 2 654 2 473 1 376 1 496 3 582 1 748 1 665 1 551 1 585 1 484 3 641 1 620 1 367 1 392 1 353 1 368 2 420 2 453 1
172 36 5 803 1 484 1 551 1 353 1 389 2
94 18 4 342 1 493 2 451 3 604 1
34 7 2 348 1 368 1
40 8 10 451 2 604 1 640 1 641 2 620 1 392 1 353 1 358 1 420 1 453 1
//IdTournes NbColis
37 6
//IdColis IdCommandeInColis NbProducts IdProd1 QtyProd1 IdProd2 QtyProd2 ...
54 11 5 358 1 368 2 389 1 420 1 453 1
26 5 3 633 2 451 2 361 1
85 16 3 361 1 392 1 611 1
213 49 24 379 1 515 1 446 2 378 3 523 1 533 1 445 1 394 1 554 1 650 1 599 1 651 1 705 1 374 1 504 1 472 1 803 1 654 1 496 1 393 1 395 1 551 1 552 1 611 1
127 25 24 378 2 508 1 465 1 729 1 476 1 390 1 501 2 436 2 690 1 746 1 599 1 651 1 719 1 409 2 425 1 548 1 473 1 556 1 665 2 424 1 552 1 606 2 641 1 392 1
64 13 2 392 1 611 1
//IdTournes NbColis
38 2
//IdColis IdCommandeInColis NbProducts IdProd1 QtyProd1 IdProd2 QtyProd2 ...
183 40 2 604 1 606 1
123 24 1 611 2
