//NbTournees
7
//IdTournes NbColis
1 6
//IdColis IdCommandeInColis NbProducts IdProd1 QtyProd1 IdProd2 QtyProd2 ...
19 6 21 85 1 96 2 103 3 142 1 78 1 22 1 92 1 99 1 168 1 104 2 156 1 50 1 51 1 77 1 53 1 98 3 101 1 163 1 122 2 70 1 16 1
27 8 12 201 1 31 3 23 6 127 1 145 1 96 2 103 2 78 1 90 1 109 1 111 1 199 1
14 5 10 185 1 79 1 115 1 31 5 9 6 110 1 145 1 127 1 96 2 18 1
33 10 9 206 1 79 1 80 2 86 1 105 2 152 5 135 2 31 1 16 1
8 3 29 104 2 33 1 170 1 176 1 192 1 98 2 101 1 187 1 108 1 122 1 171 1 27 1 82 1 83 1 120 1 81 1 114 1 179 1 195 1 70 1 93 1 95 2 100 2 107 1 112 2 123 1 147 1 148 1 69 2
11 4 23 104 2 170 1 176 2 180 1 117 1 167 1 98 2 101 1 177 1 97 1 171 1 116 1 82 1 179 1 195 1 70 1 93 3 95 3 100 2 107 1 112 2 41 1 19 1
//IdTournes NbColis
2 6
//IdColis IdCommandeInColis NbProducts IdProd1 QtyProd1 IdProd2 QtyProd2 ...
24 7 26 96 2 102 1 103 1 149 1 22 1 92 1 99 1 104 2 46 1 170 1 172 1 176 1 180 1 98 1 101 1 121 1 177 1 97 1 83 2 61 1 157 1 179 1 38 1 93 1 41 1 16 1
28 8 22 92 1 99 1 104 2 50 1 170 1 191 1 167 1 52 1 98 2 101 1 171 2 151 1 83 1 125 1 179 1 38 1 93 3 95 3 100 2 107 1 112 3 19 1
36 10 22 204 2 167 1 98 4 101 2 154 1 163 1 177 2 52 1 122 1 141 1 151 1 202 1 181 1 25 1 91 1 153 1 83 1 89 1 164 1 88 2 44 1 19 1
38 10 36 147 2 148 2 69 4 17 2 63 1 113 1 84 1 41 2 12 7 54 1 2 2 11 3 72 1 34 2 36 3 1 4 5 4 6 3 7 3 24 3 39 4 40 4 43 3 3 2 8 3 19 1 29 4 30 4 10 3 42 2 45 1 67 1 13 7 14 7 37 4 35 1
41 11 21 145 1 127 1 85 1 96 2 103 2 161 1 165 1 149 1 22 1 48 1 92 1 99 1 175 1 104 1 170 1 98 2 101 1 177 1 108 1 25 1 141 1
18 6 10 86 1 105 1 152 3 135 2 31 2 9 6 159 1 145 1 127 1 55 1
//IdTournes NbColis
3 6
//IdColis IdCommandeInColis NbProducts IdProd1 QtyProd1 IdProd2 QtyProd2 ...
23 7 10 86 1 105 1 135 2 152 2 31 3 23 6 159 1 145 1 127 1 98 1
40 11 9 186 1 86 1 105 1 135 2 152 2 31 3 9 6 159 1 104 1
37 10 19 88 1 132 2 162 1 179 1 205 2 76 2 87 2 38 1 93 6 107 3 95 6 100 3 131 3 112 6 136 2 123 3 147 1 16 1 35 1
7 3 15 31 3 9 2 32 4 127 1 145 1 96 2 103 2 90 1 118 1 126 1 149 1 22 1 92 1 99 1 93 1
2 1 29 92 1 99 1 104 1 190 1 51 1 143 1 98 2 101 1 177 1 28 1 139 1 151 1 171 1 179 1 38 1 93 2 95 2 100 2 107 1 112 2 123 1 147 1 148 1 17 1 63 1 196 1 113 1 41 1 24 1
5 2 26 149 1 22 1 92 1 99 1 26 1 173 1 104 2 33 1 176 1 189 1 98 2 101 1 178 1 25 1 141 1 146 1 120 1 179 1 70 1 138 1 38 1 93 2 95 2 131 1 41 2 65 1
//IdTournes NbColis
4 6
//IdColis IdCommandeInColis NbProducts IdProd1 QtyProd1 IdProd2 QtyProd2 ...
10 4 13 193 1 31 3 23 6 127 1 145 1 96 2 102 2 119 1 128 1 149 1 22 1 92 1 99 1
15 5 22 103 2 124 1 149 1 22 1 92 1 99 1 174 1 104 2 94 1 143 1 98 2 101 1 121 1 178 1 141 1 151 1 140 1 179 1 93 3 95 3 41 1 16 1
30 9 15 31 3 23 6 145 1 127 1 96 1 103 2 142 1 129 1 134 1 149 1 150 1 22 1 92 1 99 1 93 1
35 10 19 102 3 155 2 160 1 106 1 130 1 118 1 166 1 149 2 169 1 22 1 92 1 99 1 173 1 104 3 158 1 180 1 203 2 98 1 19 1
20 6 30 171 1 181 1 25 1 76 1 179 1 38 2 93 3 95 3 100 3 107 2 112 3 123 2 147 2 148 1 69 3 17 2 63 1 75 1 41 1 18 6 2 2 11 3 57 1 62 2 72 1 74 1 34 2 36 4 59 1 1 1
25 7 44 93 1 95 2 100 2 107 1 112 2 123 1 147 1 148 1 69 1 17 1 113 1 41 1 18 6 2 1 11 2 60 1 62 2 57 1 72 1 34 1 36 1 59 2 1 2 5 2 6 1 7 1 24 1 39 2 43 1 3 1 8 1 19 1 29 2 30 2 4 1 10 2 13 6 14 6 37 3 71 2 16 1 35 5 65 5 73 5
//IdTournes NbColis
5 6
//IdColis IdCommandeInColis NbProducts IdProd1 QtyProd1 IdProd2 QtyProd2 ...
31 9 26 173 1 104 1 137 1 144 1 170 1 176 2 190 1 191 1 98 2 101 1 171 1 151 1 140 1 198 1 68 2 179 1 38 1 93 1 95 2 100 2 107 1 112 2 123 1 41 1 18 1 65 2
42 11 46 164 1 132 1 61 1 179 1 133 1 38 1 93 3 95 3 100 2 107 1 112 3 123 1 147 1 148 1 69 1 17 1 113 1 41 2 18 6 47 1 2 1 11 2 49 1 72 1 36 1 1 2 5 2 6 1 7 1 24 1 43 1 39 2 3 1 8 1 19 1 29 2 30 2 10 2 13 6 14 6 184 1 37 3 71 2 35 5 65 5 73 5
1 1 14 200 1 31 3 9 3 23 3 145 1 127 1 197 1 96 2 103 2 129 1 149 1 22 1 104 1 65 1
4 2 10 200 1 31 3 9 6 145 1 127 1 197 3 96 2 102 2 134 1 38 1
34 10 9 135 2 31 2 32 7 145 1 127 2 96 4 102 2 104 1 16 1
16 5 39 100 2 107 1 112 3 123 1 147 1 148 1 69 2 15 1 183 1 17 2 113 1 41 2 18 5 2 2 11 2 34 2 36 1 1 3 5 3 6 2 7 2 24 2 39 3 40 3 43 2 66 1 3 2 8 2 19 2 20 1 29 3 30 3 10 2 42 1 182 1 13 6 37 3 71 2 65 5
//IdTournes NbColis
6 6
//IdColis IdCommandeInColis NbProducts IdProd1 QtyProd1 IdProd2 QtyProd2 ...
6 2 32 107 1 112 2 136 2 123 1 147 1 148 1 69 1 18 6 2 1 11 2 36 1 59 1 1 2 5 2 6 1 7 1 24 1 39 1 40 1 43 1 3 1 8 1 19 1 29 2 30 2 4 1 10 2 21 2 13 6 37 3 71 2 65 4
12 4 36 112 1 123 1 147 1 148 1 69 3 17 2 63 1 113 1 41 1 18 6 2 2 11 2 58 1 74 1 34 2 36 2 59 2 1 3 5 3 6 2 7 2 24 2 43 2 39 3 3 2 8 2 19 1 29 3 30 3 4 3 10 2 42 1 13 6 37 3 71 2 65 5
9 3 29 17 1 63 1 113 1 188 1 41 2 12 4 18 2 2 2 11 2 36 3 1 3 5 3 6 2 7 2 24 2 39 3 40 2 43 2 3 2 8 2 19 2 29 3 30 3 4 2 10 2 13 6 37 3 71 2 65 5
29 8 33 123 1 147 1 148 1 17 1 113 1 41 2 18 6 54 1 2 1 11 2 58 1 64 1 74 1 34 2 36 1 1 2 5 2 6 1 7 1 24 1 39 2 40 1 43 1 3 1 8 1 29 2 30 2 10 2 67 1 13 6 37 3 71 2 65 5
32 9 30 148 1 147 1 17 1 18 5 2 1 11 2 57 1 64 2 34 2 36 1 1 2 5 2 6 1 7 1 24 1 39 2 40 2 43 1 3 1 8 1 19 1 29 2 30 2 4 2 10 2 42 2 13 6 37 3 71 2 65 3
3 1 27 41 1 194 1 18 6 2 2 11 3 74 1 34 2 36 3 1 3 5 3 6 2 7 2 24 1 39 3 40 3 43 2 3 2 8 2 19 2 29 3 30 3 10 3 42 1 13 6 37 4 71 4 65 4
//IdTournes NbColis
7 2
//IdColis IdCommandeInColis NbProducts IdProd1 QtyProd1 IdProd2 QtyProd2 ...
21 6 26 59 3 1 3 5 4 6 2 7 2 24 2 39 4 40 3 43 2 66 1 3 2 8 2 19 2 30 4 29 4 4 4 10 3 42 3 56 1 13 6 14 6 37 3 71 2 35 5 65 5 73 5
39 10 4 71 4 35 3 65 5 73 5
