//NbTournees
3
//IdTournes NbColis
1 6
//IdColis IdCommandeInColis NbProducts IdProd1 QtyProd1 IdProd2 QtyProd2 ...
1 1 14 47 1 132 1 108 1 1 2 43 1 54 1 145 1 150 1 19 1 126 1 111 1 3 1 151 1 138 1
5 2 16 41 1 1 2 21 1 54 1 145 1 117 1 123 1 59 1 3 1 172 1 82 1 151 1 23 1 24 1 138 2 147 1
7 2 30 139 2 156 1 165 1 175 1 188 1 205 3 2 1 4 1 22 2 58 1 171 1 176 1 177 1 27 1 81 1 103 1 131 1 25 1 31 1 40 1 60 1 65 1 115 1 30 1 101 2 194 1 163 1 12 1 86 1 153 1
10 3 19 43 2 150 1 36 1 44 1 123 1 29 1 144 1 173 1 100 1 187 1 66 1 138 2 192 1 5 1 28 1 79 1 185 2 201 2 110 1
9 2 17 76 1 78 2 121 2 15 1 207 1 77 1 6 1 189 1 154 1 119 1 97 1 114 2 110 2 190 1 135 1 109 1 120 1
8 2 27 203 1 74 2 183 2 26 1 48 1 50 1 102 1 125 1 7 3 9 2 14 1 18 2 68 3 80 3 87 2 182 2 57 2 127 1 143 2 146 1 155 2 161 1 164 1 166 2 16 1 70 1 76 2
//IdTournes NbColis
2 6
//IdColis IdCommandeInColis NbProducts IdProd1 QtyProd1 IdProd2 QtyProd2 ...
14 4 10 45 1 46 1 8 2 93 1 94 1 145 1 92 2 33 1 17 1 134 1
6 2 17 138 1 192 2 10 1 37 1 75 1 83 1 38 1 61 1 112 3 185 3 201 4 13 1 73 1 128 3 133 4 139 1 106 1
12 3 25 80 2 87 2 182 2 149 1 208 1 55 1 57 1 127 1 143 2 146 1 153 1 155 2 161 1 164 1 166 2 70 2 78 2 76 2 206 1 121 1 11 1 157 1 210 1 197 2 130 2
3 1 29 131 2 40 1 63 1 169 1 115 2 137 1 104 1 136 1 163 1 122 1 204 1 12 1 86 1 74 2 183 2 26 1 50 2 88 1 51 2 68 2 80 2 87 2 182 2 149 1 55 2 127 1 143 2 146 1 159 1
11 3 29 201 1 112 2 116 1 156 2 160 1 52 1 176 1 215 2 81 1 131 1 42 1 63 1 65 1 136 1 140 1 163 1 122 1 12 1 86 1 129 1 211 1 74 2 183 2 26 1 50 2 88 1 102 1 51 2 68 2
15 4 30 100 1 151 1 64 1 165 1 180 1 160 2 141 1 30 1 96 1 101 1 95 1 12 1 86 1 74 2 183 2 85 1 51 2 68 2 80 2 87 2 182 1 57 1 91 1 127 1 143 2 146 1 153 1 155 2 161 1 121 1
//IdTournes NbColis
3 6
//IdColis IdCommandeInColis NbProducts IdProd1 QtyProd1 IdProd2 QtyProd2 ...
17 5 26 19 1 36 1 220 1 53 1 56 1 37 1 216 1 218 1 156 1 165 1 160 1 22 1 35 1 52 1 71 1 176 1 141 2 131 1 72 1 30 1 32 1 101 1 136 1 163 4 12 1 86 1
2 1 21 187 1 138 1 192 1 167 1 84 1 179 1 112 2 185 2 201 3 20 1 124 1 128 2 133 3 139 2 181 1 205 2 160 1 22 1 176 1 141 1 142 1
19 5 22 184 1 214 1 191 1 69 1 34 1 207 1 77 1 49 1 174 1 195 2 212 1 217 1 202 1 193 1 178 1 190 3 196 2 209 1 148 1 135 1 213 1 198 1
16 4 14 164 1 166 2 89 1 170 2 184 2 90 2 98 1 113 1 39 1 107 1 97 1 99 1 162 1 105 1
4 1 23 153 1 155 2 158 1 161 1 164 1 166 2 70 2 76 2 78 2 152 1 62 1 121 2 168 1 49 1 67 1 186 1 200 1 162 1 105 2 148 1 190 1 199 1 118 1
18 5 26 74 2 183 2 88 1 85 1 51 2 68 2 80 2 87 2 182 2 149 1 55 2 127 1 143 2 146 1 153 1 155 2 219 1 158 3 161 1 164 1 166 2 152 2 89 2 90 2 170 2 184 1
