//NbTournees
2
//IdTournes NbColis
1 6
//IdColis IdCommandeInColis NbProducts IdProd1 QtyProd1 IdProd2 QtyProd2 ...
1 1 23 138 1 144 1 34 1 85 1 36 1 50 2 39 1 29 1 15 1 28 1 51 1 52 1 81 1 55 1 149 2 8 1 42 1 49 1 74 1 137 1 1 2 40 1 24 1
3 2 24 133 2 78 1 63 1 31 1 33 2 15 1 83 1 28 1 80 1 120 1 2 1 7 1 18 2 19 1 43 1 45 1 47 2 60 1 66 1 113 2 16 1 44 1 74 1 87 1
7 3 27 38 1 81 1 26 1 4 2 7 1 18 2 19 2 43 1 47 2 66 1 72 1 109 1 6 1 21 1 62 1 68 1 103 1 71 1 112 1 100 2 5 1 35 1 59 1 77 1 115 2 142 1 146 1
8 3 34 12 1 107 2 147 1 117 1 130 2 99 1 22 1 69 1 119 1 57 1 102 1 114 1 132 2 54 1 25 1 41 1 64 2 121 3 79 1 65 2 3 1 13 1 46 1 48 2 73 1 90 1 92 1 128 3 56 1 89 2 101 2 104 2 105 3 108 1
4 2 37 97 1 110 1 30 2 53 1 124 1 111 1 93 1 9 2 119 1 106 1 116 1 123 1 132 1 23 1 37 1 64 1 76 1 121 2 17 1 48 1 90 1 92 1 128 2 134 2 82 1 89 1 101 1 104 2 105 2 135 1 108 2 125 1 131 2 98 1 136 1 96 1 67 1
2 1 23 10 1 95 1 140 1 141 1 58 2 139 1 119 1 132 1 121 2 90 1 92 1 128 3 89 1 101 2 148 1 104 2 105 2 135 1 108 3 131 3 98 2 136 2 91 1
//IdTournes NbColis
2 2
//IdColis IdCommandeInColis NbProducts IdProd1 QtyProd1 IdProd2 QtyProd2 ...
6 3 16 32 1 145 1 11 2 127 1 27 1 61 1 70 1 84 1 126 1 31 2 33 2 14 1 129 2 28 2 20 1 104 1
9 3 13 135 2 108 2 125 1 131 3 143 1 98 2 136 2 122 1 94 1 88 2 75 1 118 1 86 1
