//NbTournees
15
//IdTournes NbColis
1 6
//IdColis IdCommandeInColis NbProducts IdProd1 QtyProd1 IdProd2 QtyProd2 ...
14 5 33 467 1 123 1 457 1 414 1 29 1 91 1 201 1 107 1 132 1 244 1 145 1 266 1 262 1 282 1 293 1 52 1 79 2 113 1 27 3 96 2 94 1 104 1 48 1 85 1 254 1 93 1 101 1 102 2 103 1 108 1 110 1 129 2 131 1
19 6 31 210 2 91 1 221 1 201 1 24 1 107 1 132 1 145 2 266 2 293 2 52 1 113 1 96 2 470 1 19 1 94 1 104 1 47 1 85 1 254 1 101 1 102 2 103 2 105 2 108 1 110 1 129 2 131 2 133 2 42 1 1 1
9 4 30 258 1 416 1 92 2 97 1 112 1 107 1 145 3 266 1 262 1 282 1 293 1 174 1 18 1 28 1 40 1 58 1 260 1 351 1 422 1 99 1 85 1 93 2 101 1 108 1 110 1 129 3 133 3 136 1 168 1 71 1
24 7 40 210 2 295 1 474 1 92 1 145 1 138 1 282 1 293 1 174 1 18 1 351 1 94 1 93 1 101 1 102 1 108 1 110 1 129 2 133 2 136 1 141 2 168 1 173 2 178 2 185 2 179 1 214 1 337 1 2 1 13 1 71 2 82 2 478 1 324 1 319 2 23 1 57 1 53 2 55 3 1 2
27 8 35 292 1 139 1 382 1 123 1 210 1 295 1 331 1 481 1 92 1 107 1 145 1 138 1 262 1 282 1 96 1 94 1 47 1 93 1 101 1 108 1 110 1 129 2 133 2 136 1 141 2 168 1 173 2 178 2 185 2 179 1 3 2 214 1 50 1 516 1 1 1
30 9 38 389 1 95 2 139 1 398 1 397 1 123 1 388 1 125 1 505 1 145 1 266 1 138 1 445 1 18 1 52 1 79 1 113 1 96 1 308 1 104 1 47 1 93 1 101 1 102 1 108 1 110 1 129 1 133 1 136 1 141 1 168 1 173 1 178 1 185 1 402 1 214 1 2 1 53 1
//IdTournes NbColis
2 6
//IdColis IdCommandeInColis NbProducts IdProd1 QtyProd1 IdProd2 QtyProd2 ...
34 10 35 153 1 233 1 155 1 157 1 295 1 149 1 241 1 150 2 97 1 221 1 125 1 255 1 184 1 154 1 268 1 165 1 230 1 235 1 208 2 189 1 287 1 293 1 328 1 174 1 52 1 227 1 486 1 502 1 93 1 101 1 102 1 108 1 110 1 133 2 13 1
38 11 46 293 1 79 1 413 1 415 1 419 1 308 1 351 1 451 1 94 1 93 1 101 1 102 1 108 1 110 1 129 2 133 2 136 1 168 1 141 2 173 2 178 2 185 2 179 2 214 1 436 1 78 1 2 1 13 1 71 2 82 2 453 1 426 1 324 1 440 1 450 1 6 3 320 2 11 2 395 1 443 1 441 1 434 1 53 2 55 3 66 1 1 2
43 12 34 210 1 456 1 295 1 491 1 461 1 464 1 29 1 97 1 221 1 125 1 184 1 154 1 156 1 268 1 165 1 230 1 203 1 189 1 304 1 152 1 293 1 250 1 485 1 227 1 264 1 308 1 469 1 494 1 498 1 48 1 85 1 417 1 93 1 442 1
44 12 34 93 1 101 1 102 2 108 1 110 1 133 3 136 1 129 3 141 3 168 1 173 3 178 3 185 3 179 2 223 1 214 2 164 1 78 1 13 1 71 2 82 2 6 1 320 1 11 1 35 2 512 1 77 1 53 2 55 3 370 1 1 5 5 5 7 5 357 2
47 13 48 174 1 473 1 18 1 176 1 351 1 47 1 93 1 101 1 108 1 110 1 129 2 133 2 136 1 168 1 141 2 173 2 178 2 185 2 480 1 214 1 164 1 362 1 442 1 2 1 13 1 71 2 82 2 313 1 75 1 453 2 426 1 450 1 320 2 23 1 35 2 434 1 53 2 55 3 427 1 318 1 311 1 22 1 1 5 5 3 7 5 316 1 86 1 357 1
49 14 24 386 1 111 1 115 1 452 1 98 2 106 1 191 2 182 1 172 1 183 2 114 1 135 1 148 1 166 1 433 1 432 1 210 1 184 1 24 1 293 1 52 1 74 1 163 1 314 1
//IdTournes NbColis
3 6
//IdColis IdCommandeInColis NbProducts IdProd1 QtyProd1 IdProd2 QtyProd2 ...
52 15 24 111 1 115 1 109 1 191 1 114 1 162 1 32 1 148 1 195 1 493 1 497 1 194 1 188 1 487 1 492 1 192 1 433 1 186 1 190 1 193 1 490 1 189 1 500 1 53 1
55 16 25 291 1 98 2 106 1 191 2 128 1 114 1 135 1 225 1 271 1 273 1 187 1 240 1 377 1 378 1 421 1 207 1 209 1 274 1 155 1 157 1 210 2 234 1 430 1 149 1 324 1
13 5 24 115 1 137 1 213 1 106 1 109 2 191 2 119 1 121 1 127 1 245 1 144 1 279 1 385 1 128 1 183 1 32 1 114 1 284 1 292 1 95 1 167 1 280 1 57 1 45 1
18 6 24 231 1 68 1 213 1 98 2 191 2 121 1 127 1 245 1 144 1 279 1 385 1 246 1 114 1 471 1 95 1 167 1 25 1 424 1 274 1 280 1 467 1 123 1 257 1 230 1
37 11 21 170 1 100 1 111 1 115 1 109 2 191 2 119 1 172 1 114 1 181 1 439 4 95 1 167 1 423 1 210 1 175 1 414 1 354 1 24 1 107 1 145 1
42 12 28 114 1 263 1 273 1 187 2 400 1 465 1 95 1 139 1 269 1 286 1 458 1 151 1 472 1 270 1 224 1 209 1 171 1 190 1 21 1 499 1 155 1 157 1 242 1 210 1 222 1 248 1 253 1 2 1
//IdTournes NbColis
4 6
//IdColis IdCommandeInColis NbProducts IdProd1 QtyProd1 IdProd2 QtyProd2 ...
76 24 33 38 1 111 1 115 1 305 1 452 1 109 1 191 1 303 1 114 1 95 1 240 1 298 1 411 1 322 1 40 1 101 1 102 1 103 1 197 1 105 1 198 1 108 1 110 1 131 1 202 1 136 1 205 1 168 1 169 1 179 2 214 2 2 1 1 1
100 36 25 401 1 493 1 292 1 95 1 459 1 492 1 420 1 382 1 530 1 534 1 257 2 529 1 295 1 430 1 241 1 97 1 221 1 525 1 145 3 266 1 189 1 304 2 174 1 79 1 113 1
59 17 52 446 1 293 2 445 1 52 1 74 1 79 1 96 1 101 1 102 1 103 1 197 2 105 2 198 2 108 1 110 1 131 1 202 2 136 1 205 2 168 1 169 2 179 1 214 1 164 1 358 1 438 1 54 1 442 1 2 1 13 1 71 2 44 1 390 1 310 1 6 3 11 2 435 1 437 1 35 1 57 1 447 1 443 1 444 2 455 2 448 1 53 2 55 3 66 1 22 1 1 4 5 4 7 2
61 18 28 371 1 111 1 115 1 106 1 109 2 191 2 172 1 183 1 114 1 135 1 484 1 398 1 212 1 467 1 210 1 97 1 396 1 505 1 473 1 18 1 74 1 96 1 211 1 504 1 47 1 101 1 102 1 33 1
78 25 20 338 1 299 1 172 1 273 1 323 1 180 1 186 1 302 1 330 1 96 1 308 1 47 1 337 1 78 1 44 1 332 1 325 1 324 1 11 2 22 1
56 16 37 501 1 241 1 97 1 221 1 125 1 255 1 184 1 154 1 145 1 268 1 165 1 230 1 235 1 189 1 152 1 293 1 18 1 74 1 227 1 374 1 376 1 300 1 380 1 468 1 19 2 101 1 102 1 103 1 105 2 198 1 108 1 110 1 133 1 136 1 129 1 442 1 1 1
//IdTournes NbColis
5 6
//IdColis IdCommandeInColis NbProducts IdProd1 QtyProd1 IdProd2 QtyProd2 ...
79 26 37 199 1 111 1 301 1 213 1 217 1 218 1 114 1 267 1 296 1 331 1 97 1 203 1 101 1 102 1 103 1 197 1 105 1 198 1 108 1 110 1 131 1 202 1 136 1 205 1 168 1 169 1 87 1 78 1 2 1 13 1 71 1 82 2 53 2 55 2 1 4 5 2 7 4
64 19 20 454 1 111 1 115 2 98 2 191 2 121 1 144 1 385 1 303 1 114 1 187 1 439 1 139 2 200 1 412 1 175 1 266 1 203 1 101 1 1 1
67 20 28 215 1 111 1 115 1 98 2 106 1 191 2 144 1 114 1 135 1 209 1 475 1 201 1 204 1 445 1 79 1 206 1 468 1 351 1 101 1 102 1 103 1 197 2 105 2 198 2 108 1 110 1 337 1 53 1
69 21 26 511 1 111 1 115 1 213 1 98 2 106 1 191 2 183 1 114 1 135 1 195 1 493 1 207 1 424 1 210 1 501 1 411 1 204 1 145 1 101 1 102 1 103 1 197 2 105 2 198 1 11 1
81 27 42 111 1 115 1 321 1 98 1 191 1 299 1 114 1 195 1 193 1 329 1 175 1 101 1 102 1 103 1 197 1 105 1 198 1 108 1 110 1 131 1 202 1 136 1 205 1 168 1 169 1 80 1 314 1 2 1 13 1 71 2 82 2 333 1 324 1 319 1 320 1 11 1 53 2 55 3 1 4 5 1 7 4 312 2
83 28 41 334 1 31 1 336 1 111 1 115 1 98 1 191 1 114 1 309 1 304 1 328 1 79 1 306 2 47 1 101 1 102 1 103 1 105 1 108 1 110 1 129 1 131 1 133 1 136 1 168 1 169 1 173 1 185 1 2 1 13 1 71 2 320 2 11 1 53 2 55 3 311 1 22 1 1 5 5 1 7 5 316 1
//IdTournes NbColis
6 6
//IdColis IdCommandeInColis NbProducts IdProd1 QtyProd1 IdProd2 QtyProd2 ...
85 29 43 327 1 111 1 115 1 98 1 191 1 114 1 307 1 297 1 257 1 210 1 300 1 47 1 48 1 101 1 102 1 103 1 105 1 108 1 110 1 129 1 131 1 133 1 136 1 168 1 169 1 173 1 185 1 42 1 2 1 13 1 71 2 82 2 320 2 11 2 12 1 53 2 55 3 318 1 335 1 22 1 1 5 7 5 86 2
87 30 44 277 1 111 1 115 1 98 1 191 1 114 1 366 1 350 1 355 1 365 1 190 1 176 1 101 1 102 1 103 1 197 1 105 1 198 1 108 1 110 1 131 1 202 1 136 1 205 1 168 1 169 1 358 1 50 1 2 1 13 1 71 2 313 1 356 1 324 1 319 1 320 1 12 1 23 3 53 2 370 1 311 1 1 5 5 2 7 5
89 31 29 518 1 371 1 111 1 115 1 140 1 98 1 191 1 303 1 114 1 346 1 195 1 269 1 347 1 257 1 52 1 368 1 101 1 102 1 103 1 105 1 108 1 110 1 129 1 131 1 133 1 136 1 168 1 310 1 1 1
98 36 16 89 1 386 1 523 1 387 1 111 1 115 2 285 1 140 1 532 1 536 1 535 1 98 3 191 3 158 1 209 1 22 1
5 3 31 90 1 199 1 111 1 15 1 345 1 217 1 218 1 114 1 209 1 353 1 171 1 340 1 241 1 339 1 201 1 262 1 74 2 51 1 260 1 344 1 349 2 101 1 102 1 103 1 197 1 105 1 198 1 108 1 110 1 131 1 1 2
91 32 42 46 1 199 1 111 1 301 1 217 1 218 1 182 1 114 1 369 1 352 1 343 1 99 1 342 1 101 1 102 1 103 1 197 1 105 1 198 1 108 1 110 1 131 1 202 1 136 1 205 1 168 1 169 1 2 1 13 1 71 1 82 2 310 1 359 1 6 1 320 1 11 1 12 1 61 1 53 2 55 2 1 4 7 4
//IdTournes NbColis
7 6
//IdColis IdCommandeInColis NbProducts IdProd1 QtyProd1 IdProd2 QtyProd2 ...
3 2 24 64 1 37 1 76 1 199 1 111 1 196 2 191 2 114 1 41 1 210 1 354 1 165 1 230 1 19 1 47 3 101 1 102 1 103 1 197 2 105 2 198 2 108 1 110 1 71 1
58 17 21 199 1 111 1 291 2 196 2 191 2 119 1 114 1 181 1 26 1 210 3 430 1 175 1 414 2 405 1 107 1 204 1 145 3 208 1 446 1 429 1 1 1
1 1 27 199 1 111 1 62 2 106 1 217 2 218 2 172 1 183 1 14 1 114 1 216 1 135 1 16 1 39 1 243 1 60 1 81 1 18 1 28 1 59 1 101 1 102 1 103 1 197 2 105 1 2 1 86 1
29 9 22 116 1 386 1 387 1 100 1 111 1 115 1 379 1 109 1 191 1 117 1 119 1 127 1 144 1 276 1 385 1 303 1 114 1 122 1 263 1 271 1 181 1 514 1
32 10 18 256 1 511 1 116 1 120 1 239 1 294 1 130 1 160 1 161 1 229 1 278 1 219 1 238 1 100 1 111 1 115 1 231 1 2 1
40 12 16 503 1 256 1 120 1 239 1 272 1 294 1 130 1 160 1 229 2 278 1 238 1 100 1 111 1 115 2 231 1 510 1
//IdTournes NbColis
8 6
//IdColis IdCommandeInColis NbProducts IdProd1 QtyProd1 IdProd2 QtyProd2 ...
50 14 46 425 1 417 1 101 1 102 1 103 1 105 2 108 1 110 1 129 2 131 1 133 2 136 1 168 1 169 2 173 2 185 2 70 1 30 1 179 2 3 1 214 2 164 1 42 1 50 1 337 1 314 1 2 1 13 1 71 2 82 2 333 1 313 1 11 1 12 1 23 2 35 2 455 1 53 2 55 3 427 1 428 1 83 1 1 5 5 3 7 5 357 1
53 15 38 47 1 101 1 102 1 103 1 108 1 110 1 129 1 131 1 133 1 136 1 168 1 141 1 173 1 178 1 185 1 30 1 179 1 392 1 449 2 2 1 13 1 71 2 82 2 333 1 313 1 4 1 320 1 11 1 12 1 506 1 53 1 55 3 427 1 428 1 1 5 5 2 7 5 316 1
54 16 18 256 1 116 1 120 1 239 1 294 1 130 1 160 1 161 1 229 1 278 1 219 1 238 1 100 1 111 1 115 1 231 1 283 1 159 1
72 22 38 171 1 393 1 481 1 396 1 24 1 405 1 407 1 515 1 145 1 517 1 174 1 383 1 18 1 394 1 19 1 47 1 101 1 102 2 103 2 108 1 110 1 129 2 131 2 133 2 136 1 168 1 169 1 141 2 173 2 178 1 185 2 30 1 179 1 3 1 50 1 2 1 13 1 43 1
74 23 23 161 1 277 1 219 1 199 2 111 1 109 2 191 2 385 1 114 1 135 1 418 1 139 1 421 1 175 1 145 1 266 1 18 1 104 1 101 1 102 2 103 2 197 2 42 1
93 33 37 199 1 111 1 217 1 218 1 303 1 114 1 122 1 207 1 348 1 341 1 351 1 367 1 101 1 102 1 103 1 197 1 105 1 198 1 108 1 110 1 131 1 202 1 136 1 205 1 168 1 169 1 2 1 13 1 71 1 82 2 310 1 360 1 363 1 53 2 55 2 1 4 7 4
//IdTournes NbColis
9 6
//IdColis IdCommandeInColis NbProducts IdProd1 QtyProd1 IdProd2 QtyProd2 ...
95 34 40 199 1 111 1 217 1 218 1 114 1 401 1 372 1 407 1 411 1 373 1 101 1 102 1 103 1 197 1 105 1 198 1 108 1 110 1 131 1 202 1 136 1 205 1 168 1 169 1 2 1 13 1 71 1 82 2 409 1 49 1 310 1 320 1 364 1 11 1 12 1 406 2 53 2 55 2 1 4 7 4
96 35 42 387 1 111 1 115 1 109 1 191 1 114 1 375 1 212 1 145 1 293 1 404 1 408 1 47 1 101 1 102 1 103 1 197 1 105 1 198 1 108 1 110 1 131 1 202 1 136 1 205 1 168 1 169 1 214 1 392 2 54 1 2 1 13 1 71 2 82 2 410 1 310 1 320 2 11 1 53 2 55 3 1 5 7 5
101 36 25 227 1 526 2 260 1 380 1 531 1 468 1 533 1 524 1 47 1 101 1 102 2 103 2 197 3 105 3 198 3 108 1 110 1 131 2 202 3 136 1 205 3 168 1 169 3 179 2 449 1
65 19 44 203 1 189 1 74 1 308 1 368 1 102 2 103 2 105 2 108 1 110 1 129 2 131 2 133 2 136 1 168 1 169 2 173 2 185 2 70 2 30 1 3 1 362 1 50 1 449 1 2 1 13 1 71 2 82 2 313 1 409 2 390 1 431 1 75 1 324 1 73 1 6 1 320 2 35 2 53 2 55 3 265 1 1 4 5 1 7 5
41 12 19 232 1 137 1 140 1 301 1 321 1 496 1 220 1 283 1 291 1 109 3 191 3 158 1 117 1 276 1 385 1 303 1 128 1 252 1 267 1
62 18 42 103 1 108 1 110 1 129 2 131 1 133 2 136 1 168 1 141 2 173 2 178 2 185 2 56 1 70 1 214 1 429 1 449 4 2 1 13 1 71 2 82 2 509 1 317 1 478 1 310 1 6 1 363 1 320 1 11 1 12 1 35 2 447 1 508 1 406 1 53 2 55 3 489 1 33 2 36 2 1 5 5 1 7 5
//IdTournes NbColis
10 6
//IdColis IdCommandeInColis NbProducts IdProd1 QtyProd1 IdProd2 QtyProd2 ...
2 1 37 105 1 198 2 108 1 110 1 131 1 202 2 136 1 205 2 168 1 169 2 56 1 70 1 30 1 3 1 214 2 34 1 78 1 13 1 71 2 82 2 43 1 9 1 75 1 4 1 6 1 11 1 12 1 20 1 8 1 10 1 53 2 55 3 83 1 22 1 1 5 5 1 7 5
75 23 30 105 2 198 2 108 1 110 1 131 2 202 2 136 1 205 2 168 1 169 2 362 1 449 4 78 1 80 1 2 1 13 1 71 2 82 2 324 1 310 1 6 2 320 1 12 1 53 2 55 3 83 1 1 5 5 1 7 5 45 2
23 7 24 106 1 109 2 191 2 119 1 143 1 114 1 122 1 135 1 247 1 271 1 181 1 139 1 459 1 286 1 472 1 466 1 288 1 146 1 171 1 180 1 123 1 411 1 253 1 1 1
33 10 24 232 1 283 1 291 1 106 1 109 2 191 2 128 1 252 1 159 1 114 1 135 1 225 1 271 1 273 1 187 1 495 1 226 1 228 1 281 1 209 1 289 1 290 1 475 1 1 1
46 13 24 476 1 336 1 111 1 115 1 321 1 106 1 147 2 191 2 114 1 181 1 187 1 400 1 65 1 177 1 171 1 146 1 180 1 190 1 21 1 432 1 393 1 481 1 145 1 478 1
71 22 18 522 1 236 1 386 1 111 1 115 2 321 1 403 2 106 1 109 2 191 2 183 1 114 1 135 1 237 1 187 1 195 1 309 1 77 1
//IdTournes NbColis
11 6
//IdColis IdCommandeInColis NbProducts IdProd1 QtyProd1 IdProd2 QtyProd2 ...
70 21 22 198 1 108 1 110 1 131 1 202 2 136 1 205 2 168 1 169 2 507 1 337 1 442 1 2 1 13 1 71 2 82 2 53 2 55 3 1 5 5 1 7 5 86 1
8 4 23 137 1 140 1 62 1 403 1 109 3 191 3 65 1 114 1 135 1 181 1 284 1 292 1 139 1 124 1 251 1 420 1 26 1 309 1 424 1 186 1 241 1 80 1 45 1
7 4 13 118 1 134 1 236 1 275 1 272 1 215 1 387 2 130 1 31 3 238 1 111 1 115 2 249 1
12 5 16 89 1 462 1 236 1 386 1 259 1 460 1 463 1 126 1 215 1 294 1 387 1 277 1 46 1 111 1 115 1 21 1
17 6 15 38 1 88 1 462 1 236 1 386 1 259 1 460 1 463 1 126 1 215 1 387 1 277 1 111 1 115 2 1 3
22 7 15 483 1 482 1 479 1 256 1 134 1 275 1 120 1 334 1 111 1 115 1 285 1 140 1 249 1 137 1 292 1
//IdTournes NbColis
12 6
//IdColis IdCommandeInColis NbProducts IdProd1 QtyProd1 IdProd2 QtyProd2 ...
26 8 20 384 1 513 1 134 1 111 1 115 1 137 1 140 1 249 1 213 1 147 2 191 2 119 1 143 1 114 1 122 1 135 1 263 1 399 1 400 1 1 1
99 36 20 117 2 119 2 127 1 527 1 143 1 144 1 276 1 182 1 279 2 385 1 172 3 183 1 159 1 114 1 225 1 135 2 528 1 537 1 2 1 1 1
35 10 29 136 1 129 2 168 1 141 2 173 2 178 2 185 2 261 1 214 2 87 1 438 1 449 1 488 1 314 2 71 2 82 2 333 1 17 1 320 1 11 1 12 1 23 3 53 2 55 3 427 1 265 1 1 4 5 1 7 5
57 16 22 129 1 131 1 202 2 205 1 168 1 169 2 173 1 381 1 261 1 214 1 2 1 13 1 71 1 82 2 6 2 53 2 55 3 391 1 1 4 5 2 7 5 45 1
4 2 36 131 1 202 2 136 1 205 2 168 1 169 2 30 1 214 2 362 1 50 1 71 1 82 2 2 1 13 1 313 1 44 1 63 1 9 1 73 1 6 3 35 2 310 1 320 1 364 1 11 2 12 1 53 2 55 3 84 1 8 1 33 3 36 2 5 1 7 5 1 5 357 1
68 20 24 131 1 202 2 136 1 205 2 168 1 169 2 179 1 214 2 54 1 2 1 13 1 71 2 82 2 313 1 17 1 75 1 324 1 53 1 55 3 427 1 311 1 1 5 5 1 7 5
//IdTournes NbColis
13 6
//IdColis IdCommandeInColis NbProducts IdProd1 QtyProd1 IdProd2 QtyProd2 ...
6 3 18 202 1 136 1 205 1 168 1 169 1 80 1 71 1 82 2 2 1 13 1 61 1 310 1 6 1 320 1 53 2 55 2 1 2 7 4
15 5 27 133 2 136 1 168 1 141 2 173 2 178 2 185 2 179 1 3 1 214 2 71 2 82 2 2 1 13 1 310 1 6 2 320 2 364 1 11 2 12 1 77 1 53 2 55 3 1 5 5 2 7 5 86 1
20 6 29 136 1 168 1 169 2 173 2 185 2 381 1 179 1 3 1 214 1 392 1 34 1 54 1 71 2 82 2 2 1 13 1 72 1 23 2 319 2 320 2 434 1 77 1 53 2 55 3 318 1 1 1 5 1 7 5 316 1
90 31 15 169 1 173 1 185 1 3 1 2 1 13 1 71 1 82 2 320 2 361 1 53 2 55 3 1 3 5 1 7 4
10 4 35 141 3 173 3 178 3 185 3 179 1 3 1 214 2 87 1 71 1 82 2 2 1 13 1 43 1 67 1 17 1 49 1 390 1 9 1 6 2 11 1 69 1 434 2 53 2 55 3 66 1 427 1 83 1 33 2 326 1 36 2 22 2 45 1 1 5 7 5 86 1
31 9 24 214 1 142 1 13 1 71 2 82 2 333 1 313 1 317 1 11 2 23 3 35 2 520 1 53 1 55 3 519 1 311 1 22 1 1 5 5 3 7 5 316 1 45 1 86 2 357 1
//IdTournes NbColis
14 6
//IdColis IdCommandeInColis NbProducts IdProd1 QtyProd1 IdProd2 QtyProd2 ...
102 36 20 179 1 449 3 78 1 13 1 71 2 82 2 75 2 11 2 23 4 35 3 447 1 406 1 53 2 55 3 265 1 1 4 5 2 7 5 316 1 86 2
77 24 19 510 1 13 1 71 2 82 2 313 1 317 1 324 1 310 1 320 1 61 1 53 2 55 2 66 1 326 2 36 2 1 3 315 1 5 3 7 4
25 7 5 477 1 311 1 1 2 5 3 7 5
28 8 20 2 1 13 1 71 2 82 2 390 1 450 1 363 1 11 2 23 2 35 2 61 1 447 1 395 1 520 1 455 1 53 2 55 3 1 3 5 2 7 5
39 11 5 1 3 5 4 7 5 316 1 45 1
73 22 20 71 2 82 2 313 2 390 1 319 2 320 2 23 4 57 1 521 1 53 2 55 3 83 1 391 1 335 2 1 5 5 1 7 5 316 1 312 3 357 1
//IdTournes NbColis
15 1
//IdColis IdCommandeInColis NbProducts IdProd1 QtyProd1 IdProd2 QtyProd2 ...
60 17 1 7 3
