//NbTournees
5
//IdTournes NbColis
1 6
//IdColis IdCommandeInColis NbProducts IdProd1 QtyProd1 IdProd2 QtyProd2 ...
1 1 14 67 1 272 1 1 1 22 1 64 1 108 1 285 2 61 1 181 1 103 1 57 1 71 1 98 1 245 1
3 1 33 267 2 269 2 273 1 281 1 3 1 47 1 74 1 105 1 167 1 379 1 109 1 150 1 148 1 333 1 352 1 242 1 258 1 2 1 6 1 12 1 60 1 80 1 125 1 146 1 366 1 115 1 58 1 59 1 173 1 219 1 188 1 238 1 276 1
7 2 15 91 1 272 1 1 2 64 1 108 1 409 1 41 1 61 1 103 1 37 1 57 1 98 1 100 1 245 1 14 1
13 3 10 34 1 67 1 44 1 272 2 1 1 22 1 64 2 108 1 411 1 110 1
16 3 23 221 2 225 1 263 1 267 4 361 1 391 1 269 3 403 2 405 2 16 1 89 1 93 1 105 1 114 1 264 1 138 1 352 1 222 1 271 2 2 1 6 1 50 2 95 1
22 4 7 62 1 65 1 66 1 94 1 1 1 41 1 397 1
//IdTournes NbColis
2 6
//IdColis IdCommandeInColis NbProducts IdProd1 QtyProd1 IdProd2 QtyProd2 ...
26 5 10 31 1 67 2 68 1 272 2 1 1 22 1 64 1 18 1 41 1 196 1
9 2 28 220 1 267 3 269 2 273 1 418 1 3 1 105 1 372 1 109 1 148 1 150 1 333 1 280 2 230 1 271 1 6 1 60 1 308 1 256 1 404 1 115 1 59 1 173 2 219 2 188 1 276 1 279 1 422 1
18 3 23 104 3 343 2 362 1 266 1 4 2 24 3 45 1 303 1 149 4 162 3 168 4 169 2 371 1 226 1 289 1 113 2 417 1 295 2 378 1 268 2 283 3 286 1 412 2
14 3 19 61 1 392 1 179 2 181 1 190 1 304 1 408 2 176 1 184 1 5 1 182 1 291 1 49 1 69 1 96 1 351 1 194 2 278 1 111 1
27 5 19 63 2 61 1 38 2 71 1 305 1 323 1 84 1 5 1 79 1 326 1 350 1 213 1 36 2 49 1 69 1 177 1 139 1 367 1 178 1
29 5 29 215 1 247 2 370 2 7 2 13 1 19 1 20 1 43 1 48 1 70 1 137 1 152 1 153 1 155 1 320 1 327 1 349 1 123 1 403 1 410 1 312 1 325 1 418 1 15 1 16 1 21 1 26 1 86 1 193 1
//IdTournes NbColis
3 6
//IdColis IdCommandeInColis NbProducts IdProd1 QtyProd1 IdProd2 QtyProd2 ...
15 3 17 278 1 110 1 30 1 336 2 363 2 337 1 339 1 247 3 370 3 215 4 400 1 56 2 320 1 357 2 187 1 220 3 8 1
2 1 24 177 1 194 1 274 1 29 1 297 1 25 1 55 1 135 1 151 2 154 1 158 1 336 1 331 1 215 3 247 2 370 2 10 1 56 1 122 1 133 1 220 2 263 2 267 1 282 1
30 5 30 89 1 92 1 114 1 120 1 121 1 126 1 141 1 157 1 306 1 307 1 310 1 317 1 330 1 347 1 348 1 167 2 54 1 109 1 118 1 140 1 143 1 352 1 258 2 280 1 9 1 50 1 53 2 81 1 90 1 95 2
4 1 30 301 1 175 1 279 2 284 1 298 1 28 1 160 1 218 1 270 1 145 2 171 2 51 1 104 2 343 1 183 1 11 1 17 2 24 2 40 2 149 2 162 2 168 2 169 2 226 1 289 1 113 2 268 1 283 2 286 1 295 1
10 2 29 422 1 28 1 160 1 193 1 145 2 171 2 51 1 104 2 343 1 183 1 11 1 17 3 24 2 40 2 149 3 162 2 168 3 169 2 113 2 268 1 283 2 286 1 295 1 412 1 299 1 416 1 423 1 425 1 229 1
24 4 32 104 1 159 1 24 2 149 2 162 2 168 2 169 2 170 1 398 1 113 2 268 1 283 2 286 1 295 1 299 2 423 1 425 2 163 2 164 2 172 2 174 2 14 1 166 1 300 1 414 1 407 2 390 1 165 1 354 1 388 1 232 2 288 1
//IdTournes NbColis
4 6
//IdColis IdCommandeInColis NbProducts IdProd1 QtyProd1 IdProd2 QtyProd2 ...
8 2 25 326 1 36 1 177 2 178 1 194 1 278 1 315 1 25 1 55 1 116 1 131 1 151 1 154 1 329 1 336 1 331 1 215 3 247 2 370 2 43 1 56 1 133 1 357 1 220 1 200 1
17 3 30 308 1 186 2 189 1 277 1 415 2 292 1 366 2 399 1 97 1 115 1 180 1 188 1 413 1 198 1 231 2 238 1 279 2 402 1 28 1 309 1 324 1 160 1 384 1 386 1 218 1 145 3 171 3 23 1 51 1 322 1
31 5 35 95 1 125 1 127 1 134 1 146 1 321 1 332 1 338 1 415 1 292 1 42 1 97 1 115 1 33 1 201 1 219 1 175 1 238 2 301 1 284 1 422 1 426 1 28 1 128 1 324 1 160 1 218 1 145 2 171 2 23 1 51 1 104 2 343 1 183 1 24 1
32 5 33 24 1 77 1 117 1 318 1 149 2 162 2 355 1 168 2 360 1 169 2 377 1 226 1 289 2 113 2 268 1 283 2 286 1 295 1 416 1 423 1 425 2 129 2 144 2 335 2 223 2 204 1 233 1 257 1 192 2 396 1 27 1 32 1 76 1
11 2 21 425 1 129 3 144 2 335 2 229 2 368 1 27 1 112 1 340 1 102 1 235 3 210 1 383 1 290 1 227 1 165 1 202 1 232 2 275 1 243 1 246 1
23 4 27 424 1 39 1 389 1 135 1 387 1 220 2 267 2 269 2 405 1 47 1 105 1 141 2 167 1 230 1 134 1 58 1 173 1 188 1 219 1 161 1 301 1 422 1 28 1 160 1 145 2 171 2 419 1
//IdTournes NbColis
5 5
//IdColis IdCommandeInColis NbProducts IdProd1 QtyProd1 IdProd2 QtyProd2 ...
28 5 30 194 1 274 1 311 1 315 1 110 1 30 1 52 1 73 1 75 1 78 1 82 1 111 1 116 1 119 1 130 1 131 1 135 1 158 1 319 1 328 1 329 1 336 1 151 1 342 1 358 1 363 1 374 1 87 1 346 1 215 1
33 5 58 85 1 142 1 316 1 344 1 364 1 72 1 83 1 156 1 248 1 224 1 341 1 313 1 101 1 35 1 46 1 88 1 99 1 102 1 107 1 132 1 345 1 287 1 300 1 314 1 282 1 255 1 407 1 234 1 240 1 401 2 209 2 207 1 216 1 227 1 236 1 249 1 165 1 420 1 185 1 191 1 206 1 212 2 232 1 241 1 244 1 354 1 260 1 395 1 261 2 293 1 259 1 217 1 243 2 246 1 250 1 252 1 356 1 369 2
5 1 46 299 2 129 2 144 2 335 2 223 1 294 1 233 1 257 1 262 1 192 1 375 1 147 1 224 1 341 1 373 1 101 1 132 1 199 1 287 3 300 2 255 1 210 1 195 1 203 1 208 1 211 1 265 1 302 1 380 1 381 1 382 2 376 1 249 2 165 1 212 1 244 1 260 1 185 1 259 1 275 2 205 2 243 2 250 2 369 3 214 1 251 1
19 3 34 412 1 416 2 421 1 425 3 129 4 144 2 335 3 353 1 294 2 228 1 233 2 257 2 262 2 204 1 393 1 192 2 142 1 334 1 253 1 106 1 124 1 136 1 340 1 373 1 132 1 287 1 300 2 200 1 239 1 255 1 407 1 296 1 195 2 385 2
20 3 23 211 2 394 1 290 2 209 1 197 1 165 2 249 1 185 1 237 1 244 1 261 2 288 1 293 1 365 1 202 1 395 2 359 2 205 2 246 2 254 1 356 1 369 1 406 1
