//NbTournees
21
//IdTournes NbColis
1 6
//IdColis IdCommandeInColis NbProducts IdProd1 QtyProd1 IdProd2 QtyProd2 ...
4 1 37 1 1 57 1 290 1 131 1 251 1 69 1 254 2 100 1 5 1 6 1 8 1 9 1 17 1 72 1 114 1 297 1 104 1 169 2 308 1 38 1 191 1 200 2 218 1 224 2 134 2 135 1 149 1 150 1 153 1 103 1 293 1 175 2 181 1 269 1 295 1 253 1 177 2
8 2 22 347 1 208 2 211 2 242 1 201 1 202 1 205 1 197 2 282 1 1 1 340 1 343 1 71 1 219 1 100 1 72 1 114 1 297 1 104 1 345 1 103 1 195 1
13 3 23 100 1 2 2 53 1 70 1 72 2 74 2 297 1 308 1 263 4 60 2 103 1 293 2 73 1 292 2 280 2 281 1 304 1 275 1 270 1 283 1 295 1 306 2 195 3
145 36 13 121 1 111 1 409 1 220 2 31 1 332 1 408 1 417 1 211 3 198 1 285 1 97 2 414 1
17 4 12 121 1 111 1 51 1 189 2 221 3 151 1 211 3 198 1 285 1 3 1 337 1 367 2
21 5 11 32 2 48 1 61 1 62 1 221 1 332 1 211 1 4 1 285 1 242 1 319 1
//IdTournes NbColis
2 6
//IdColis IdCommandeInColis NbProducts IdProd1 QtyProd1 IdProd2 QtyProd2 ...
27 6 27 179 2 182 1 45 1 64 2 65 2 66 1 363 1 197 2 282 2 63 2 303 2 203 1 50 1 68 1 174 1 71 3 196 1 144 1 166 1 227 1 371 1 217 1 279 1 100 1 5 1 6 1 8 1
33 7 30 161 1 132 1 211 2 112 1 179 1 182 1 186 1 64 1 65 1 66 1 197 2 201 1 202 1 205 1 63 1 303 2 131 1 216 1 113 1 5 1 6 1 8 2 9 1 17 1 114 1 297 1 300 1 104 2 135 1 138 1
37 8 25 221 1 183 1 184 1 211 2 127 2 179 2 182 1 186 1 64 1 65 2 66 1 201 2 202 1 197 2 63 1 385 1 303 2 194 1 226 1 174 1 71 1 214 1 257 1 113 1 5 1
43 9 33 197 1 201 2 202 1 228 2 63 1 303 2 394 1 137 2 219 1 172 1 100 1 26 1 114 1 297 1 104 2 324 2 149 1 150 1 153 1 191 2 200 2 224 2 134 2 135 1 103 1 30 2 387 1 393 1 130 1 236 1 248 3 247 2 250 2
47 10 15 62 1 31 1 221 3 392 1 178 1 208 2 211 3 384 1 285 1 127 1 390 1 87 1 27 2 367 1 197 3
38 8 28 6 1 8 2 9 1 17 2 331 1 72 1 114 1 297 1 300 1 104 2 259 1 169 2 200 2 218 2 224 2 134 2 135 1 149 1 150 1 153 1 180 1 388 1 175 2 76 1 270 1 140 1 181 1 192 1
//IdTournes NbColis
3 6
//IdColis IdCommandeInColis NbProducts IdProd1 QtyProd1 IdProd2 QtyProd2 ...
52 11 35 97 1 99 1 197 2 268 1 101 1 108 1 158 1 193 1 28 1 96 1 98 1 93 1 33 1 196 1 137 1 144 1 166 1 171 1 204 1 227 1 145 2 156 2 172 3 105 2 100 1 107 1 298 1 70 1 72 1 104 1 297 1 102 1 146 1 103 1 159 1
56 12 14 97 1 29 2 197 2 206 1 235 2 254 1 113 1 107 1 72 1 114 1 297 1 104 1 103 1 195 1
3 1 20 46 1 309 2 221 2 183 1 211 2 97 1 294 1 127 1 179 1 182 1 64 1 65 1 66 1 197 2 201 1 202 1 310 1 7 1 63 1 303 1
58 13 17 110 1 94 1 95 1 111 1 112 1 302 1 154 1 167 1 188 1 260 1 402 1 113 1 114 1 297 1 300 1 104 1 35 1
146 36 25 318 2 127 2 197 3 202 2 411 1 412 1 329 2 258 1 131 1 377 1 144 1 166 1 415 1 113 1 298 2 72 2 114 2 297 2 104 2 324 2 38 1 60 3 30 2 73 2 338 2
28 6 26 8 1 9 2 17 2 70 2 72 2 74 1 297 1 104 1 169 3 102 1 16 1 38 1 365 1 134 3 135 2 149 2 150 2 153 1 200 3 218 4 224 4 361 2 359 1 175 4 317 1 405 3
//IdTournes NbColis
4 6
//IdColis IdCommandeInColis NbProducts IdProd1 QtyProd1 IdProd2 QtyProd2 ...
62 14 31 184 1 179 1 182 1 186 1 64 1 65 1 66 1 337 1 201 1 202 1 252 2 63 1 303 2 71 2 196 1 251 3 341 1 113 1 114 1 297 1 300 1 104 2 36 1 39 1 59 1 149 1 150 1 153 1 191 2 200 1 195 1
6 2 7 10 2 13 1 18 1 48 1 83 1 189 1 19 1
40 9 7 10 1 18 1 23 2 83 1 41 1 92 1 211 1
64 15 9 10 1 13 1 18 1 42 1 24 1 83 1 184 1 183 1 208 1
68 16 8 10 1 13 1 18 1 24 1 83 1 41 1 220 1 372 1
72 17 6 10 2 13 2 18 1 46 1 49 1 277 1
//IdTournes NbColis
5 6
//IdColis IdCommandeInColis NbProducts IdProd1 QtyProd1 IdProd2 QtyProd2 ...
77 18 7 10 3 18 1 23 1 13 1 221 1 183 1 76 1
82 19 8 18 1 23 1 42 1 24 1 83 1 41 1 51 1 43 1
87 20 22 111 1 211 1 97 1 127 2 197 2 272 1 108 1 50 1 329 1 196 1 100 1 72 1 114 1 104 2 297 1 128 1 308 1 38 2 44 1 195 1 248 1 237 1
70 16 32 374 1 211 1 37 1 97 1 242 1 233 1 197 1 209 1 252 1 230 1 329 1 246 1 235 1 204 1 373 1 371 1 341 1 105 1 100 1 72 1 114 1 297 1 104 2 38 1 319 1 364 1 73 1 249 1 159 1 239 2 195 1 248 1
7 2 8 41 1 42 1 24 1 94 1 121 2 189 1 11 1 346 1
54 12 7 32 2 15 1 18 1 46 1 48 1 266 1 11 1
//IdTournes NbColis
6 6
//IdColis IdCommandeInColis NbProducts IdProd1 QtyProd1 IdProd2 QtyProd2 ...
85 20 7 18 1 23 2 24 1 83 1 41 1 220 1 11 1
142 35 16 161 1 11 1 284 1 311 2 285 1 97 1 291 1 127 1 288 1 312 1 123 1 305 1 286 1 103 1 195 1 248 1
74 17 16 121 2 115 1 277 1 208 1 211 2 97 1 45 1 228 1 157 2 197 2 366 1 240 1 203 2 68 1 246 2 133 1
89 21 8 18 1 23 1 42 1 24 1 83 1 41 1 51 1 45 1
2 1 8 12 1 52 1 48 1 61 1 62 1 46 1 51 1 208 1
10 3 7 15 2 20 1 22 1 52 1 48 1 51 1 208 1
//IdTournes NbColis
7 6
//IdColis IdCommandeInColis NbProducts IdProd1 QtyProd1 IdProd2 QtyProd2 ...
20 5 8 12 1 15 1 18 1 22 1 52 1 46 1 266 1 208 1
25 6 6 32 2 12 1 52 1 46 2 189 1 277 1
35 8 7 15 2 20 1 22 1 52 1 48 1 25 1 208 1
51 11 8 62 1 52 1 46 1 32 2 212 1 221 2 211 2 148 1
92 22 7 52 1 46 1 48 1 24 1 32 2 220 1 183 1
96 23 7 52 1 46 1 48 1 24 1 32 2 220 1 267 1
//IdTournes NbColis
8 6
//IdColis IdCommandeInColis NbProducts IdProd1 QtyProd1 IdProd2 QtyProd2 ...
11 3 6 61 1 46 2 32 2 12 1 221 1 14 1
26 6 9 46 2 48 1 61 1 62 1 277 1 183 1 208 2 211 2 97 1
36 8 7 61 1 46 2 32 1 12 1 62 1 221 1 77 1
45 10 6 12 1 15 2 18 1 46 2 222 1 389 1
100 24 9 46 1 32 1 13 1 18 1 48 1 83 1 161 1 208 1 106 1
103 25 8 46 1 48 1 41 1 42 1 24 1 32 1 51 1 208 1
//IdTournes NbColis
9 6
//IdColis IdCommandeInColis NbProducts IdProd1 QtyProd1 IdProd2 QtyProd2 ...
107 26 5 46 3 32 2 13 1 51 1 208 1
113 27 4 46 3 32 3 25 1 336 1
1 1 5 15 2 20 1 22 1 32 2 21 1
24 6 6 56 1 15 2 20 1 22 1 32 1 25 1
46 10 7 32 2 48 1 41 1 24 1 61 1 222 1 389 1
104 25 11 32 1 13 1 18 1 83 1 94 1 220 1 82 1 80 1 211 1 127 1 100 1
//IdTournes NbColis
10 6
//IdColis IdCommandeInColis NbProducts IdProd1 QtyProd1 IdProd2 QtyProd2 ...
50 11 8 12 1 15 1 20 1 22 1 48 1 61 1 51 1 208 1
93 22 12 12 1 15 1 18 1 61 1 62 1 222 1 307 1 184 1 208 1 211 1 55 1 195 1
97 23 9 12 1 15 1 18 1 61 1 62 1 58 1 220 1 320 1 264 1
108 26 8 13 1 18 1 41 1 42 1 24 1 94 1 220 1 19 1
12 3 18 62 1 221 1 14 2 75 3 211 2 97 1 127 1 271 1 197 2 67 2 296 2 203 3 227 1 144 1 166 1 219 1 313 1 160 1
69 16 8 42 1 94 1 121 2 111 1 40 1 231 1 14 1 358 1
//IdTournes NbColis
11 6
//IdColis IdCommandeInColis NbProducts IdProd1 QtyProd1 IdProd2 QtyProd2 ...
114 27 9 15 2 18 1 48 1 42 1 24 1 97 1 78 1 117 1 160 1
118 28 6 110 2 94 1 95 2 111 1 220 1 80 1
123 29 20 154 1 157 1 167 1 188 1 197 1 84 1 323 1 144 1 216 1 113 1 114 1 297 1 300 1 104 1 103 1 386 1 295 1 195 1 177 1 238 1
15 4 7 18 1 23 2 24 1 83 1 41 1 25 1 208 1
31 7 7 18 1 23 2 24 1 83 1 41 1 220 1 183 1
57 13 8 18 1 23 1 41 1 42 1 24 1 83 1 220 1 267 1
//IdTournes NbColis
12 6
//IdColis IdCommandeInColis NbProducts IdProd1 QtyProd1 IdProd2 QtyProd2 ...
60 14 8 18 1 23 1 42 1 24 1 83 1 41 1 220 1 183 1
117 28 8 18 1 23 1 42 1 24 1 83 1 41 1 51 1 147 1
121 29 8 18 1 23 1 41 1 42 1 24 1 83 1 51 1 211 1
124 30 7 18 1 23 2 42 1 24 1 83 1 232 1 208 1
128 31 8 18 1 23 1 41 1 42 1 24 1 83 1 51 1 116 1
131 32 8 18 1 23 1 42 1 24 1 83 1 41 1 51 1 208 1
//IdTournes NbColis
13 6
//IdColis IdCommandeInColis NbProducts IdProd1 QtyProd1 IdProd2 QtyProd2 ...
139 34 7 18 1 23 2 24 1 121 1 111 1 220 1 184 1
143 36 6 18 1 23 2 83 1 41 1 42 1 410 1
109 26 19 48 1 61 1 220 1 212 1 19 1 183 1 184 1 211 2 54 2 97 1 179 1 182 1 186 1 64 1 65 1 66 1 122 1 197 2 295 1
115 27 19 41 1 94 1 61 1 40 1 79 1 50 1 342 1 71 1 219 1 105 2 100 1 72 1 114 1 297 1 104 2 321 2 338 1 265 1 237 3
83 19 15 110 1 94 1 95 1 111 1 47 1 220 1 383 1 174 1 398 1 113 1 400 1 114 1 297 1 300 1 104 1
135 33 8 23 1 85 1 41 1 42 1 24 1 83 1 401 1 183 1
//IdTournes NbColis
14 6
//IdColis IdCommandeInColis NbProducts IdProd1 QtyProd1 IdProd2 QtyProd2 ...
48 10 27 201 2 202 1 203 1 88 1 90 1 290 1 131 1 196 1 137 1 144 1 207 1 219 1 89 2 217 1 105 2 100 1 34 1 391 1 72 2 114 1 297 1 104 2 319 2 180 1 103 1 304 1 195 2
138 34 7 83 1 41 1 42 1 94 1 95 2 220 1 315 1
73 17 9 48 1 24 1 83 1 41 1 42 1 94 1 332 1 277 1 133 1
79 18 20 121 1 111 1 208 1 211 2 97 1 179 2 182 1 186 1 64 1 65 1 66 1 123 1 201 2 202 1 197 2 120 1 63 1 303 2 81 1 195 1
98 23 26 266 1 309 1 75 1 211 2 198 1 54 1 285 1 318 1 188 1 260 1 197 2 302 1 154 1 167 1 316 1 196 1 113 1 72 1 114 1 297 1 104 1 263 1 286 1 103 1 333 1 177 2
133 32 33 242 1 182 1 86 1 64 1 65 1 66 1 197 1 268 3 63 1 303 1 90 3 258 1 172 1 107 1 114 1 297 1 300 1 104 1 191 2 199 2 200 2 224 2 135 1 149 1 150 1 153 1 355 1 103 1 109 1 256 1 195 1 353 1 237 2
//IdTournes NbColis
15 6
//IdColis IdCommandeInColis NbProducts IdProd1 QtyProd1 IdProd2 QtyProd2 ...
102 24 19 380 1 91 1 375 1 131 1 204 2 381 1 251 1 113 1 114 1 297 1 300 2 104 2 379 1 59 1 103 1 106 2 382 2 160 2 248 1
16 4 6 42 1 94 1 95 3 121 1 92 1 208 1
78 18 9 83 1 41 1 42 1 24 1 94 1 121 1 221 1 184 1 141 1
55 12 10 41 1 42 1 24 1 94 1 61 1 221 1 344 1 339 1 208 1 211 2
65 15 12 41 1 94 1 121 2 111 1 211 1 124 1 127 1 179 1 186 1 182 1 64 1 100 1
101 24 12 41 1 42 1 24 1 94 1 121 1 161 1 211 1 285 1 97 1 378 1 188 1 197 1
//IdTournes NbColis
16 6
//IdColis IdCommandeInColis NbProducts IdProd1 QtyProd1 IdProd2 QtyProd2 ...
125 30 6 41 1 110 2 94 1 95 2 161 1 119 1
32 7 7 42 1 94 1 95 2 121 1 111 1 220 1 184 1
41 9 7 42 1 24 1 94 1 95 1 121 2 51 1 211 1
86 20 6 42 1 110 2 94 1 95 2 208 2 211 1
144 36 6 24 1 94 1 95 2 121 2 220 1 208 1
61 14 8 110 2 94 1 95 1 111 1 220 1 161 2 328 1 109 1
//IdTournes NbColis
17 6
//IdColis IdCommandeInColis NbProducts IdProd1 QtyProd1 IdProd2 QtyProd2 ...
63 14 6 200 1 224 2 134 2 135 1 109 1 238 1
90 21 19 110 1 94 1 95 1 111 1 220 1 117 1 348 1 349 1 356 1 131 1 323 1 113 1 114 1 297 1 300 1 104 1 357 1 354 1 170 1
122 29 9 110 2 94 1 95 1 111 1 220 1 395 2 242 1 302 1 399 1
129 31 16 110 1 94 1 95 1 111 1 220 1 267 1 183 1 184 1 179 1 182 1 186 1 397 1 396 1 254 1 113 1 114 1
132 32 11 110 2 94 1 95 1 111 1 184 1 183 1 211 1 97 1 179 2 186 1 113 1
136 33 14 110 1 94 1 95 1 111 1 220 1 403 1 404 1 406 1 184 1 179 1 182 1 186 1 282 1 370 1
//IdTournes NbColis
18 6
//IdColis IdCommandeInColis NbProducts IdProd1 QtyProd1 IdProd2 QtyProd2 ...
80 18 23 314 1 196 1 227 1 279 1 105 1 113 1 301 1 114 1 297 1 300 1 104 2 59 1 200 2 224 2 135 1 138 1 149 1 150 1 153 1 190 1 191 2 199 2 299 1
94 22 33 97 1 179 1 182 1 186 1 64 1 65 1 66 1 167 1 188 1 197 1 201 1 202 1 205 1 302 1 154 1 157 1 287 1 63 1 303 1 226 1 131 1 113 1 114 1 297 1 300 1 104 1 59 1 149 1 190 1 191 2 199 2 200 2 224 2
119 28 32 136 1 211 1 350 1 154 1 157 1 167 1 188 1 197 1 228 1 352 1 302 1 206 1 194 1 88 1 226 1 131 1 227 1 214 2 113 1 213 1 223 1 225 1 229 1 114 1 297 1 300 1 104 1 128 1 59 1 103 2 173 1 195 1
140 34 30 183 1 186 1 179 1 182 1 64 1 65 1 66 1 201 1 202 1 63 1 303 2 341 1 113 1 351 1 114 1 297 1 300 1 104 2 190 1 191 2 199 2 200 2 224 2 135 1 149 1 150 1 153 1 76 1 304 1 262 1
126 30 20 111 1 161 1 221 1 208 1 211 2 97 1 126 3 188 1 197 2 201 2 202 1 125 2 243 1 240 1 96 1 144 2 166 2 251 1 113 1 118 1
42 9 16 111 1 220 2 309 4 183 1 184 1 97 1 291 1 112 2 179 2 182 1 186 1 64 1 65 1 66 1 197 1 72 1
//IdTournes NbColis
19 6
//IdColis IdCommandeInColis NbProducts IdProd1 QtyProd1 IdProd2 QtyProd2 ...
66 15 31 65 1 66 1 167 1 188 1 197 1 302 1 154 1 157 1 63 1 303 1 72 1 114 1 297 1 104 1 261 1 286 1 191 2 199 2 200 2 224 2 135 1 149 1 150 1 153 1 180 1 103 1 376 1 265 3 255 1 195 1 238 4
110 26 26 201 1 202 1 209 1 252 2 228 1 282 2 243 1 63 1 303 2 241 3 131 1 71 2 330 1 69 1 100 1 322 1 331 1 72 1 114 1 297 1 104 2 149 2 191 3 199 2 200 3 134 1
18 4 26 188 1 197 3 209 1 215 2 282 2 187 1 360 1 131 1 168 1 174 1 227 1 207 1 219 2 214 1 210 1 105 3 113 1 72 2 114 2 297 1 104 2 365 1 103 1 359 1 140 2 163 2
22 5 22 272 1 205 1 197 1 201 1 335 1 219 1 254 1 113 1 72 1 114 1 297 1 104 1 324 1 321 1 103 1 273 1 130 1 327 1 334 2 276 1 244 1 278 1
105 25 19 268 1 302 1 154 1 157 2 167 1 188 1 197 1 201 2 202 1 329 1 131 1 204 1 323 1 274 1 72 1 114 1 297 1 104 1 103 2
127 30 13 245 2 72 2 114 1 104 2 180 2 103 1 141 1 239 4 248 1 244 1 234 2 165 1 177 3
//IdTournes NbColis
20 6
//IdColis IdCommandeInColis NbProducts IdProd1 QtyProd1 IdProd2 QtyProd2 ...
111 26 13 135 2 150 2 153 1 224 3 103 1 317 1 326 1 325 1 407 1 295 2 195 1 248 3 237 2
95 22 5 135 1 150 1 153 1 103 1 289 1
75 17 11 377 1 196 1 113 1 362 1 114 1 297 1 300 1 104 2 133 1 195 1 368 1
137 33 5 113 1 114 1 104 1 297 1 300 1
130 31 3 297 1 300 1 104 1
29 6 16 405 2 369 1 139 1 304 1 130 2 141 1 181 2 270 1 160 1 133 1 155 2 192 3 195 1 247 1 299 1 370 4
//IdTournes NbColis
21 5
//IdColis IdCommandeInColis NbProducts IdProd1 QtyProd1 IdProd2 QtyProd2 ...
147 36 11 413 2 304 1 416 1 160 2 176 1 239 3 195 1 248 2 244 2 177 1 264 1
53 11 15 106 1 152 1 160 2 143 2 163 1 170 3 176 1 195 1 129 1 142 1 162 2 164 3 165 2 177 1 185 1
44 9 3 250 1 353 3 234 4
34 7 8 149 1 150 1 153 1 190 1 191 2 199 2 200 2 224 2
19 4 2 195 1 276 1
