//NbTournees
78
//IdTournes NbColis
1 6
//IdColis IdCommandeInColis NbProducts IdProd1 QtyProd1 IdProd2 QtyProd2 ...
1 1 8 79 1 84 1 7 1 1 2 2 1 3 1 214 1 45 1
7 2 9 5 1 2 1 6 2 19 1 87 1 88 1 78 1 75 1 263 1
12 3 6 5 2 2 2 19 1 88 2 6 2 215 1
18 4 6 12 2 13 1 39 3 40 2 41 1 490 1
25 5 6 10 2 11 2 12 2 13 1 40 2 362 1
35 6 6 10 2 11 2 12 2 13 1 39 2 310 1
//IdTournes NbColis
2 6
//IdColis IdCommandeInColis NbProducts IdProd1 QtyProd1 IdProd2 QtyProd2 ...
43 7 5 12 2 39 3 67 2 11 2 235 1
49 8 7 7 1 13 1 9 2 10 2 11 2 12 1 45 1
50 8 6 12 1 39 2 40 2 41 2 67 2 235 1
56 9 6 9 1 10 2 11 2 12 2 39 2 309 1
65 10 10 18 1 19 1 6 1 20 1 21 1 75 1 27 1 342 1 214 2 521 1
70 11 10 20 2 21 1 27 1 75 1 19 1 17 1 18 1 356 1 354 1 45 1
//IdTournes NbColis
3 6
//IdColis IdCommandeInColis NbProducts IdProd1 QtyProd1 IdProd2 QtyProd2 ...
75 12 10 22 1 4 1 16 1 17 1 18 1 27 1 19 1 20 1 21 1 444 1
78 13 10 22 1 4 1 20 1 16 1 17 1 18 1 27 1 19 1 21 1 533 1
81 14 8 4 1 16 1 17 1 20 2 18 1 6 2 21 1 234 1
85 15 9 115 1 150 1 22 1 4 1 16 1 17 1 18 1 20 1 421 1
90 16 9 51 1 21 1 22 2 4 1 16 1 17 1 18 1 20 1 45 1
91 16 13 20 1 27 1 75 1 19 1 214 1 321 1 438 1 281 1 257 2 256 1 444 1 566 1 26 1
//IdTournes NbColis
4 6
//IdColis IdCommandeInColis NbProducts IdProd1 QtyProd1 IdProd2 QtyProd2 ...
95 17 8 17 1 18 1 6 2 20 2 75 1 19 1 27 1 215 1
101 18 7 16 1 17 2 20 2 75 2 19 1 6 1 512 1
106 19 9 79 1 80 1 7 1 4 1 20 1 16 1 17 1 214 1 45 1
112 20 11 20 1 18 1 6 1 21 1 75 1 19 1 27 1 215 1 256 1 257 2 328 1
117 21 8 17 1 6 2 20 2 75 1 19 1 18 1 27 1 215 1
122 22 6 4 1 16 2 20 2 21 2 27 2 215 1
//IdTournes NbColis
5 6
//IdColis IdCommandeInColis NbProducts IdProd1 QtyProd1 IdProd2 QtyProd2 ...
129 23 9 4 1 16 1 20 2 27 1 75 1 19 1 17 1 78 1 215 1
134 24 8 17 1 18 1 6 2 20 2 19 1 27 1 75 1 215 1
140 25 6 606 1 9 3 10 2 30 2 11 1 316 1
151 26 6 9 2 11 2 30 2 13 1 36 2 215 1
158 27 7 9 1 11 2 31 2 30 2 13 1 38 1 301 1
164 28 6 11 2 31 2 30 2 38 2 40 1 306 1
//IdTournes NbColis
6 6
//IdColis IdCommandeInColis NbProducts IdProd1 QtyProd1 IdProd2 QtyProd2 ...
172 29 6 32 1 31 2 33 2 30 2 37 2 234 1
179 30 7 10 2 11 2 30 2 38 1 39 1 40 1 263 1
187 31 6 9 2 11 2 30 2 31 2 13 1 263 1
194 32 7 9 1 11 2 31 2 30 2 13 1 38 1 235 1
204 33 7 9 1 11 2 30 2 13 1 36 2 38 1 306 1
213 34 6 31 2 33 2 30 2 38 2 69 1 459 1
//IdTournes NbColis
7 6
//IdColis IdCommandeInColis NbProducts IdProd1 QtyProd1 IdProd2 QtyProd2 ...
221 35 6 11 1 31 2 33 3 30 2 38 1 512 1
229 36 7 647 1 13 1 9 2 10 2 11 2 30 1 406 1
230 36 7 30 1 38 2 40 2 69 1 41 2 31 1 235 1
237 37 6 9 2 10 2 30 2 11 2 13 1 395 1
246 38 7 10 1 30 2 13 1 38 2 41 2 11 1 490 1
256 39 8 37 1 38 2 33 2 30 1 13 1 69 1 74 1 215 1
//IdTournes NbColis
8 6
//IdColis IdCommandeInColis NbProducts IdProd1 QtyProd1 IdProd2 QtyProd2 ...
260 40 7 86 1 13 1 9 2 11 2 31 2 30 1 52 1
261 40 7 30 1 38 2 40 2 69 1 36 2 41 1 263 1
267 41 7 11 1 30 2 39 2 40 2 69 1 41 1 516 1
272 42 6 11 1 31 2 30 2 38 2 40 2 310 1
279 43 6 11 2 30 2 31 2 13 1 38 2 435 1
285 44 7 31 1 30 2 33 2 13 1 37 2 38 1 215 1
//IdTournes NbColis
9 6
//IdColis IdCommandeInColis NbProducts IdProd1 QtyProd1 IdProd2 QtyProd2 ...
292 45 11 30 1 33 2 13 1 69 1 74 1 99 1 214 1 321 1 234 1 263 1 47 1
296 46 10 33 2 30 1 41 1 40 1 69 1 263 1 512 1 390 2 256 1 257 1
301 47 11 33 2 30 1 41 1 40 1 69 1 479 1 214 1 321 1 215 1 263 1 72 1
306 48 12 31 1 39 1 40 1 41 1 30 1 69 1 215 1 263 1 661 1 523 1 390 1 310 1
311 49 7 10 1 30 2 13 1 31 2 39 2 40 1 215 1
318 50 8 587 1 9 2 10 1 11 1 30 1 13 1 38 2 73 1
//IdTournes NbColis
10 6
//IdColis IdCommandeInColis NbProducts IdProd1 QtyProd1 IdProd2 QtyProd2 ...
324 51 7 7 1 9 2 10 2 30 2 13 1 38 1 45 1
331 52 6 33 1 30 2 36 2 37 2 38 2 235 1
340 53 6 10 2 30 2 31 2 39 2 40 1 263 1
347 54 6 30 2 36 2 37 2 38 2 32 1 263 1
354 55 7 31 1 30 2 33 2 13 1 11 1 38 2 215 1
42 7 6 606 1 193 1 13 1 9 3 10 3 415 1
//IdTournes NbColis
11 6
//IdColis IdCommandeInColis NbProducts IdProd1 QtyProd1 IdProd2 QtyProd2 ...
55 9 7 85 1 165 1 117 1 86 1 13 1 9 2 294 1
86 15 13 28 1 19 1 21 1 27 1 355 1 356 1 354 1 498 1 422 1 491 1 256 1 257 1 274 1
94 17 7 79 1 84 1 51 2 21 1 4 1 16 1 223 1
100 18 8 84 1 79 1 51 1 21 2 4 1 16 1 215 1 251 1
107 19 12 18 1 19 1 6 1 21 1 27 1 75 1 321 1 229 1 215 1 263 1 523 1 274 1
128 23 7 23 1 54 1 51 1 129 1 21 1 22 2 214 1
//IdTournes NbColis
12 6
//IdColis IdCommandeInColis NbProducts IdProd1 QtyProd1 IdProd2 QtyProd2 ...
133 24 8 79 1 84 1 51 1 587 1 21 1 4 1 16 1 336 1
141 25 6 11 1 13 1 31 2 39 3 40 2 504 1
163 28 6 80 1 85 1 86 2 13 1 9 2 554 1
171 29 7 80 1 79 1 86 2 145 1 13 1 32 1 24 1
178 30 6 165 1 85 1 86 2 13 1 9 2 507 1
212 34 6 80 1 79 1 86 2 13 1 32 2 465 1
//IdTournes NbColis
13 6
//IdColis IdCommandeInColis NbProducts IdProd1 QtyProd1 IdProd2 QtyProd2 ...
220 35 7 85 1 165 1 86 2 145 1 13 1 11 1 24 1
266 41 7 181 1 86 1 13 1 9 2 10 2 11 1 464 1
271 42 8 79 1 84 1 7 1 13 1 9 2 11 1 215 1 286 1
295 46 8 51 1 108 1 13 1 11 1 31 1 36 1 38 2 234 1
300 47 8 79 1 7 1 13 1 11 1 31 1 36 1 38 2 521 1
305 48 9 85 1 165 1 86 1 13 1 9 1 10 1 11 1 229 1 45 1
//IdTournes NbColis
14 6
//IdColis IdCommandeInColis NbProducts IdProd1 QtyProd1 IdProd2 QtyProd2 ...
330 52 6 79 1 80 1 7 2 13 1 33 2 314 1
339 53 6 79 1 80 1 7 2 13 1 9 2 294 1
346 54 6 79 1 84 1 7 2 13 1 33 2 380 1
360 56 10 23 1 54 1 51 1 21 1 340 1 229 1 215 1 257 2 252 1 331 1
365 57 9 61 1 62 1 63 1 33 2 13 1 64 1 74 1 19 1 234 1
371 58 20 13 1 74 1 306 1 444 1 566 1 256 1 257 1 281 1 541 1 149 1 211 1 403 1 492 1 493 1 93 1 56 1 112 1 66 1 59 1 288 1
//IdTournes NbColis
15 6
//IdColis IdCommandeInColis NbProducts IdProd1 QtyProd1 IdProd2 QtyProd2 ...
374 59 13 13 1 74 1 19 1 321 1 214 1 591 1 263 1 216 1 222 1 228 1 266 2 444 2 138 1
378 60 7 32 1 36 2 63 2 33 2 13 1 38 1 215 1
384 61 7 15 1 145 1 13 1 63 2 33 3 247 1 381 1
393 62 6 32 2 63 2 13 1 33 2 64 2 234 1
400 63 6 36 1 63 2 33 3 13 1 61 2 512 1
410 64 8 63 1 33 2 13 1 64 1 74 1 19 1 61 2 215 1
//IdTournes NbColis
16 6
//IdColis IdCommandeInColis NbProducts IdProd1 QtyProd1 IdProd2 QtyProd2 ...
416 65 8 6 2 63 1 13 1 74 1 19 1 83 1 61 2 215 1
421 66 7 63 1 33 2 13 1 61 2 19 1 62 2 215 1
426 67 6 80 1 79 1 7 2 63 2 13 1 327 1
434 68 7 33 1 13 1 32 2 38 2 69 1 62 2 215 1
439 69 5 35 1 51 2 32 2 33 2 13 1
446 70 6 32 1 63 2 33 3 13 1 37 2 530 1
//IdTournes NbColis
17 6
//IdColis IdCommandeInColis NbProducts IdProd1 QtyProd1 IdProd2 QtyProd2 ...
455 71 6 32 2 63 2 33 2 13 1 37 2 235 1
462 72 7 63 1 33 2 13 1 61 2 69 1 62 2 263 1
469 73 10 5 1 13 1 37 1 61 1 19 1 62 1 6 1 63 1 32 1 234 1
6 2 8 79 1 80 1 7 1 1 2 3 1 4 1 417 1 45 1
11 3 5 79 1 51 2 1 2 3 2 4 1
17 4 5 117 1 129 1 9 3 10 2 11 2
//IdTournes NbColis
18 6
//IdColis IdCommandeInColis NbProducts IdProd1 QtyProd1 IdProd2 QtyProd2 ...
24 5 7 179 1 165 1 85 1 86 1 9 2 479 1 178 1
34 6 7 177 1 79 1 80 1 7 1 9 2 215 1 251 1
69 11 7 23 1 54 1 51 1 22 2 4 1 16 1 355 1
157 27 6 181 1 165 1 85 1 86 2 9 1 523 1
193 32 6 85 1 115 1 165 1 86 2 9 1 354 1
203 33 6 79 1 80 1 71 1 7 2 9 1 214 1
//IdTournes NbColis
19 6
//IdColis IdCommandeInColis NbProducts IdProd1 QtyProd1 IdProd2 QtyProd2 ...
236 37 8 85 1 181 1 71 1 86 1 145 1 9 1 247 1 221 1
245 38 7 206 1 15 1 86 1 606 1 9 2 10 1 356 1
278 43 5 179 2 166 1 86 1 9 2 45 1
310 49 6 79 1 84 1 7 2 9 2 10 1 554 1
473 74 9 79 1 80 1 7 1 4 1 5 1 37 1 1 1 214 1 45 1
474 74 10 1 1 6 2 63 1 32 1 74 1 19 1 62 1 321 1 215 1 536 1
//IdTournes NbColis
20 6
//IdColis IdCommandeInColis NbProducts IdProd1 QtyProd1 IdProd2 QtyProd2 ...
479 75 8 6 2 63 1 1 2 32 1 62 1 75 1 19 1 235 1
484 76 8 32 1 4 1 5 1 37 1 6 2 63 1 1 2 234 1
488 77 9 108 1 32 1 4 1 5 1 37 1 6 2 63 1 1 1 126 1
489 77 13 1 1 62 1 75 1 19 1 321 1 214 1 229 1 263 1 216 1 310 2 222 1 228 1 245 1
493 78 6 32 2 4 1 5 2 63 2 1 2 309 1
501 79 6 1 2 63 2 32 2 5 2 19 1 263 1
//IdTournes NbColis
21 6
//IdColis IdCommandeInColis NbProducts IdProd1 QtyProd1 IdProd2 QtyProd2 ...
508 80 8 1 2 63 1 62 1 6 2 75 1 19 1 175 1 256 1
513 81 6 63 2 1 2 32 2 75 2 19 1 523 1
519 82 11 1 1 32 1 75 1 19 1 83 1 215 1 234 1 263 1 266 3 216 1 222 1
523 83 12 6 1 63 1 1 1 62 1 75 1 19 1 214 1 229 1 215 1 234 1 263 1 568 1
528 84 8 17 1 18 1 6 2 1 2 19 1 27 1 78 1 215 1
247 38 7 11 1 31 2 40 2 83 1 69 1 156 1 571 2
//IdTournes NbColis
22 6
//IdColis IdCommandeInColis NbProducts IdProd1 QtyProd1 IdProd2 QtyProd2 ...
312 49 10 40 1 41 2 11 2 69 1 340 1 133 1 263 1 523 1 310 1 540 1
325 51 6 38 1 40 2 41 2 11 2 31 2 390 1
341 53 10 40 1 41 2 11 2 69 1 137 1 229 1 320 1 523 1 278 1 47 1
440 69 6 64 2 19 1 62 2 63 2 37 2 278 1
116 21 8 23 1 105 1 84 1 51 1 3 1 4 1 16 1 45 1
255 39 7 79 1 84 2 51 1 32 1 31 1 36 1 52 1
//IdTournes NbColis
23 6
//IdColis IdCommandeInColis NbProducts IdProd1 QtyProd1 IdProd2 QtyProd2 ...
284 44 7 79 1 84 1 7 1 174 1 32 2 31 1 219 1
291 45 8 84 1 100 1 32 1 31 1 36 1 37 1 38 2 521 1
332 52 6 38 1 32 2 31 2 69 1 74 2 355 2
348 54 8 32 1 31 2 69 1 74 2 78 1 14 1 214 2 218 1
353 55 7 165 1 85 1 86 2 145 1 32 1 31 1 24 1
364 57 7 85 1 80 1 86 2 32 1 37 1 61 1 383 1
//IdTournes NbColis
24 6
//IdColis IdCommandeInColis NbProducts IdProd1 QtyProd1 IdProd2 QtyProd2 ...
370 58 10 606 1 32 1 36 1 37 1 61 1 19 1 62 1 63 1 33 1 536 1
373 59 8 32 1 36 1 37 1 61 2 62 1 63 1 33 2 234 1
377 60 6 79 1 84 1 71 1 51 2 32 1 480 1
385 61 5 32 2 37 2 61 3 62 2 309 1
399 63 7 115 1 165 1 85 1 86 1 32 2 36 1 45 1
409 64 8 79 1 80 1 7 1 81 1 32 1 37 1 62 1 235 1
//IdTournes NbColis
25 6
//IdColis IdCommandeInColis NbProducts IdProd1 QtyProd1 IdProd2 QtyProd2 ...
415 65 9 79 1 84 1 7 1 32 1 5 1 37 1 62 1 214 1 45 1
420 66 6 79 1 80 1 7 2 32 2 63 1 562 1
427 67 6 33 2 32 2 38 2 69 1 62 2 263 1
445 70 7 166 1 79 1 71 1 80 1 7 1 32 1 45 1
461 72 7 80 1 79 1 7 1 15 1 32 2 63 1 383 1
507 80 9 23 1 54 1 51 1 3 1 4 1 5 1 37 1 215 1 251 1
//IdTournes NbColis
26 6
//IdColis IdCommandeInColis NbProducts IdProd1 QtyProd1 IdProd2 QtyProd2 ...
522 83 9 79 1 84 1 7 1 32 1 4 1 5 1 37 1 321 1 45 1
527 84 8 79 1 84 1 51 1 108 1 3 1 4 1 5 1 537 1
533 85 6 80 1 79 1 7 2 5 2 32 1 529 1
534 85 7 32 1 63 2 4 1 61 2 19 1 62 2 215 1
539 86 8 4 1 5 1 37 1 61 2 62 1 32 1 6 2 234 1
2 1 10 4 1 5 1 6 2 75 1 19 1 18 1 27 1 321 1 215 1 72 1
//IdTournes NbColis
27 6
//IdColis IdCommandeInColis NbProducts IdProd1 QtyProd1 IdProd2 QtyProd2 ...
64 10 8 79 1 84 1 114 1 7 1 4 1 16 1 17 1 45 1
111 20 8 23 1 54 1 51 1 108 1 4 1 16 1 17 1 347 1
152 26 6 38 2 40 2 41 2 31 2 69 1 278 1
180 30 9 40 1 31 2 69 1 41 2 137 1 247 1 229 1 530 1 523 1
205 33 8 38 1 41 2 31 2 69 1 40 2 321 1 318 1 94 1
231 36 13 31 1 247 1 229 1 219 1 263 1 215 1 523 2 390 1 564 1 228 1 427 1 392 3 536 1
//IdTournes NbColis
28 6
//IdColis IdCommandeInColis NbProducts IdProd1 QtyProd1 IdProd2 QtyProd2 ...
238 37 5 39 3 40 2 41 2 31 2 504 1
268 41 10 41 1 31 2 626 1 625 1 468 1 359 1 405 2 361 2 465 2 507 2
319 50 11 40 1 69 1 41 1 31 1 629 1 235 1 309 1 530 1 228 1 392 4 402 1
478 75 7 79 1 84 1 51 2 4 1 5 1 37 1 465 1
500 79 6 79 1 84 1 119 1 7 2 4 1 320 1
512 81 8 165 1 15 1 100 1 598 1 4 1 5 2 263 1 297 1
//IdTournes NbColis
29 6
//IdColis IdCommandeInColis NbProducts IdProd1 QtyProd1 IdProd2 QtyProd2 ...
518 82 9 84 1 7 1 4 1 5 1 37 1 62 1 6 1 63 1 255 1
159 27 7 38 1 40 2 69 1 36 2 41 2 301 2 274 1
165 28 10 40 1 69 1 41 2 36 2 247 1 468 1 229 1 309 1 390 1 402 1
173 29 8 38 2 69 1 74 2 36 2 186 1 351 1 247 1 237 1
188 31 6 38 2 40 2 69 1 41 2 36 2 523 1
195 32 7 38 1 40 2 69 1 36 2 41 2 356 1 355 1
//IdTournes NbColis
30 6
//IdColis IdCommandeInColis NbProducts IdProd1 QtyProd1 IdProd2 QtyProd2 ...
214 34 7 74 2 36 2 37 2 650 1 125 1 301 3 262 1
222 35 6 38 2 40 2 41 2 36 2 69 1 530 1
273 42 9 41 2 36 2 69 1 310 3 222 1 228 1 386 2 478 1 531 1
280 43 8 40 2 69 1 41 2 36 2 656 1 434 1 320 1 312 1
286 44 9 38 1 69 1 74 2 36 2 175 1 318 1 320 1 390 1 512 1
355 55 6 40 2 69 1 74 2 36 2 392 4 262 1
//IdTournes NbColis
31 6
//IdColis IdCommandeInColis NbProducts IdProd1 QtyProd1 IdProd2 QtyProd2 ...
386 61 10 36 2 69 1 74 2 78 1 572 1 125 1 512 1 564 1 435 1 359 1
422 66 8 36 2 37 2 74 2 263 1 523 1 533 1 310 3 47 1
428 67 9 36 2 37 2 74 2 471 1 472 1 523 1 530 1 392 1 507 1
435 68 7 36 2 37 2 74 2 318 1 310 4 222 1 45 1
447 70 6 61 3 62 2 36 2 69 1 74 1 564 1
456 71 6 61 2 19 1 62 2 36 2 74 2 558 1
//IdTournes NbColis
32 6
//IdColis IdCommandeInColis NbProducts IdProd1 QtyProd1 IdProd2 QtyProd2 ...
463 72 8 36 2 37 2 74 2 156 1 342 1 321 1 214 1 391 1
123 22 6 19 1 17 2 6 2 18 2 75 2 234 1
379 60 8 69 1 74 2 62 2 37 2 61 1 214 1 321 1 439 1
394 62 6 74 2 19 1 62 2 37 2 61 2 234 1
401 63 6 61 1 69 1 62 2 37 2 74 2 571 2
494 78 6 75 2 19 1 62 2 6 2 37 2 309 1
//IdTournes NbColis
33 6
//IdColis IdCommandeInColis NbProducts IdProd1 QtyProd1 IdProd2 QtyProd2 ...
502 79 7 62 2 6 2 37 2 75 2 523 1 390 1 262 1
514 81 9 62 2 6 2 37 2 478 1 310 2 222 1 228 1 386 1 270 1
535 85 9 6 2 37 2 74 2 320 1 234 1 235 1 263 1 390 1 310 1
441 69 11 61 2 74 2 222 1 216 1 566 1 444 2 266 2 217 1 287 1 211 1 562 1
26 5 8 69 1 41 2 39 2 67 2 214 1 417 1 318 1 219 1
57 9 7 39 1 40 2 41 2 67 2 137 1 69 1 438 1
//IdTournes NbColis
34 6
//IdColis IdCommandeInColis NbProducts IdProd1 QtyProd1 IdProd2 QtyProd2 ...
102 18 9 6 1 18 2 27 2 410 1 310 4 222 1 228 1 413 1 139 1
130 23 12 18 1 321 1 234 1 263 1 256 1 257 4 444 1 281 1 322 2 261 2 252 1 47 1
13 3 9 27 2 75 2 281 1 257 1 222 1 266 3 444 2 566 1 252 1
82 14 12 19 1 27 1 75 1 214 1 321 1 320 1 235 1 263 1 256 1 257 2 444 2 281 1
19 4 11 41 1 67 2 69 1 247 1 125 1 301 2 392 1 222 1 228 1 305 2 402 1
36 6 7 40 2 41 2 67 2 69 1 310 3 222 1 289 1
//IdTournes NbColis
35 6
//IdColis IdCommandeInColis NbProducts IdProd1 QtyProd1 IdProd2 QtyProd2 ...
44 7 8 41 3 40 2 69 1 14 1 247 1 417 1 414 1 504 1
51 8 12 69 1 83 1 137 1 78 1 156 1 247 1 229 1 629 1 263 1 523 2 390 1 374 1
76 12 25 75 1 281 1 566 1 256 1 257 1 211 1 492 1 493 1 276 1 227 1 384 1 56 1 112 1 589 1 59 1 60 1 285 1 213 1 288 1 286 1 284 1 45 1 47 1 44 1 48 1
79 13 21 75 1 234 1 263 1 444 1 281 1 566 1 256 1 257 1 252 1 261 1 521 1 463 1 56 1 112 1 589 1 59 1 60 1 282 1 237 1 225 1 506 1
142 25 9 41 2 69 1 356 1 571 2 354 1 247 2 577 2 318 1 352 1
239 37 10 156 1 69 1 500 1 530 1 392 5 228 1 222 1 386 3 478 1 200 1
//IdTournes NbColis
36 6
//IdColis IdCommandeInColis NbProducts IdProd1 QtyProd1 IdProd2 QtyProd2 ...
326 51 12 83 1 78 1 69 1 234 1 263 1 266 2 216 1 222 1 566 1 444 2 388 2 389 1
485 76 13 19 1 62 1 75 1 321 1 214 1 320 1 263 1 278 1 266 2 216 1 222 1 444 2 47 1
529 84 12 75 1 214 1 434 1 321 1 310 4 222 1 228 1 386 2 478 1 532 1 486 1 274 1
448 70 10 74 1 247 1 392 5 228 1 222 1 386 3 478 2 516 1 486 1 450 1
470 73 13 78 1 74 1 320 1 309 1 263 1 266 2 216 1 222 1 444 2 566 1 388 2 236 1 237 1
540 86 12 63 1 19 1 74 1 263 1 444 2 216 1 222 1 266 2 566 1 388 2 236 1 521 1
//IdTournes NbColis
37 6
//IdColis IdCommandeInColis NbProducts IdProd1 QtyProd1 IdProd2 QtyProd2 ...
262 40 13 41 1 414 1 247 1 320 1 523 1 413 1 305 2 301 2 222 1 228 1 478 1 516 2 521 1
433 68 6 23 1 54 1 51 2 63 2 33 1 383 1
46 7 22 507 1 372 2 416 1 316 1 313 2 109 1 642 1 640 1 46 1 124 1 194 1 77 1 92 2 93 2 130 1 95 2 208 1 102 3 50 1 319 2 68 1 195 1
146 25 13 92 2 102 2 319 2 68 1 151 1 450 2 325 1 241 1 578 1 76 1 29 11 207 8 126 1
121 22 6 23 1 115 1 54 1 117 1 51 2 25 1
208 33 18 377 1 432 1 406 1 401 2 34 1 507 2 562 3 560 3 289 1 372 1 336 1 375 1 393 1 463 1 485 1 326 1 363 1 50 1
//IdTournes NbColis
38 6
//IdColis IdCommandeInColis NbProducts IdProd1 QtyProd1 IdProd2 QtyProd2 ...
244 38 5 35 1 85 1 71 1 165 2 145 1
150 26 6 79 1 84 1 7 2 587 1 588 1 320 1
317 50 6 71 1 105 1 84 1 79 1 7 1 15 1
454 71 6 177 1 79 1 80 1 7 2 170 1 121 1
328 51 14 237 1 511 1 604 1 254 3 555 1 251 1 307 1 42 1 531 1 544 1 167 1 47 1 48 2 172 1
525 83 30 55 1 652 1 56 1 66 1 59 1 77 1 112 1 589 1 50 1 94 1 270 1 325 1 76 1 29 1 113 1 210 1 271 1 242 1 584 1 528 1 254 2 545 1 226 1 209 1 42 1 240 1 24 1 47 1 44 1 48 2
//IdTournes NbColis
39 6
//IdColis IdCommandeInColis NbProducts IdProd1 QtyProd1 IdProd2 QtyProd2 ...
41 7 7 85 1 115 1 165 1 15 1 117 1 86 1 122 1
492 78 6 85 1 115 1 71 1 165 1 15 1 86 1
509 80 14 14 1 257 4 444 2 281 1 252 1 265 2 274 1 211 1 327 1 262 1 289 1 329 2 328 1 107 1
9 2 30 274 1 380 1 218 1 418 1 368 1 8 1 89 1 72 1 55 1 56 1 112 1 589 1 66 1 59 1 50 1 53 1 325 1 210 1 548 1 212 1 254 1 221 1 209 1 226 1 198 1 298 1 24 1 48 2 172 1 90 1
14 3 21 265 1 217 1 211 1 569 2 554 2 537 2 262 1 289 1 280 1 227 2 492 1 493 2 218 1 8 1 72 1 55 1 188 1 77 1 56 1 66 1 221 1
145 25 16 493 3 353 1 369 1 495 2 576 1 313 2 8 1 72 1 55 1 640 1 77 1 130 1 95 2 208 1 628 9 93 2
//IdTournes NbColis
40 6
//IdColis IdCommandeInColis NbProducts IdProd1 QtyProd1 IdProd2 QtyProd2 ...
307 48 13 310 3 222 1 228 1 386 2 478 1 540 2 532 3 521 1 389 1 262 1 289 1 259 1 8 1
450 70 22 227 2 493 3 492 2 416 1 218 1 313 2 8 1 72 1 55 1 77 1 92 1 93 2 95 1 56 1 112 1 66 1 59 2 319 2 50 1 94 1 622 1 167 1
30 5 25 493 2 363 1 218 1 220 1 487 1 316 1 503 1 368 1 313 2 152 1 632 1 77 1 161 1 194 1 92 1 628 1 93 2 130 1 162 2 95 1 50 1 319 2 70 1 49 1 270 1
53 8 25 233 2 154 1 102 2 153 1 92 1 93 1 130 1 95 1 70 2 473 1 366 2 258 1 155 1 297 1 225 1 474 1 534 1 268 1 506 1 250 1 209 1 505 1 47 1 48 2 172 2
321 50 27 492 1 573 2 493 2 233 1 218 1 400 1 72 1 55 1 92 1 93 1 130 1 95 1 102 1 50 2 70 1 94 1 185 1 270 1 429 1 76 1 113 1 308 1 210 1 288 1 527 2 343 1 297 1
537 85 25 56 1 66 1 59 2 112 1 589 1 70 1 94 1 76 1 29 1 113 1 210 1 297 1 511 1 548 1 584 1 221 1 441 1 561 1 251 2 226 1 45 1 173 1 47 1 44 1 48 2
//IdTournes NbColis
41 6
//IdColis IdCommandeInColis NbProducts IdProd1 QtyProd1 IdProd2 QtyProd2 ...
139 25 6 85 1 165 2 86 1 100 1 150 1 361 1
186 31 6 165 1 85 1 117 1 86 2 150 1 300 1
228 36 5 165 2 85 1 86 2 648 1 432 1
388 61 17 465 1 314 1 507 2 560 2 375 1 227 3 492 2 573 1 493 3 446 1 220 1 316 1 313 2 122 1 152 1 663 2 641 1
392 62 6 165 1 85 1 86 2 587 1 174 1 247 1
282 43 24 313 1 121 1 95 1 93 1 66 1 102 2 92 1 319 1 49 1 190 1 191 1 399 1 452 1 245 2 212 1 254 4 231 1 221 1 299 1 226 1 657 1 47 1 48 2 172 2
//IdTournes NbColis
42 6
//IdColis IdCommandeInColis NbProducts IdProd1 QtyProd1 IdProd2 QtyProd2 ...
288 44 28 227 1 280 1 493 2 492 1 573 1 233 1 218 1 55 1 77 1 96 1 95 1 93 1 66 1 92 1 102 2 50 1 49 1 94 1 366 1 241 1 29 1 113 1 213 1 285 2 210 1 288 1 245 1 221 1
362 56 25 338 1 669 1 672 1 50 1 49 1 53 1 270 1 29 1 113 1 339 1 210 1 237 1 548 1 221 1 585 2 670 1 671 1 250 1 251 1 535 3 226 1 209 1 489 1 52 1 24 1
520 82 24 228 1 444 1 236 1 388 2 265 1 521 1 217 1 562 1 554 1 72 1 55 1 109 1 77 1 56 1 112 1 66 1 59 1 589 1 50 1 49 1 53 1 270 1 76 1 29 1
543 87 22 321 1 214 1 320 1 484 1 278 1 335 1 330 1 332 1 333 1 334 1 613 1 612 1 621 1 614 1 615 1 550 1 26 1 56 1 112 1 596 1 619 1 620 1
458 71 27 507 1 465 2 560 1 289 1 363 1 169 1 407 1 313 2 72 1 55 1 176 1 77 1 161 1 171 1 93 1 56 1 112 1 66 1 59 2 50 1 319 1 94 1 76 1 29 1 113 1 210 1 209 1
541 86 29 236 1 223 1 262 1 289 1 220 1 400 1 56 1 112 1 589 1 66 1 59 1 593 1 592 1 237 1 511 1 548 1 254 1 555 1 267 1 251 1 307 1 445 1 128 1 178 1 45 1 148 1 47 1 48 2 172 1
//IdTournes NbColis
43 6
//IdColis IdCommandeInColis NbProducts IdProd1 QtyProd1 IdProd2 QtyProd2 ...
88 15 30 420 1 352 1 316 1 353 1 495 1 576 1 337 1 313 1 553 1 26 1 56 1 112 1 596 1 597 1 59 1 60 1 319 1 595 1 348 1 285 1 213 1 288 1 284 1 286 1 140 1 45 1 131 1 47 1 44 1 48 1
210 33 9 140 1 126 1 45 1 148 1 24 1 97 1 47 1 44 1 48 2
4 1 32 432 1 401 1 462 1 463 1 55 1 56 1 112 1 589 1 66 1 59 1 50 1 53 1 659 1 210 1 271 2 245 1 212 1 231 1 221 1 433 1 254 1 660 1 461 1 226 1 209 1 106 1 73 1 24 1 107 1 47 1 44 1 48 2
15 3 30 59 2 589 1 112 1 50 1 127 1 53 1 187 1 283 1 76 1 285 2 210 1 213 1 288 1 271 1 282 1 511 1 221 1 251 1 284 2 286 1 226 1 209 1 547 1 510 1 189 1 45 1 24 1 47 1 44 1 48 2
21 4 20 227 1 492 2 493 3 316 1 313 2 92 2 93 2 130 1 95 2 317 1 50 1 127 1 319 2 270 1 308 1 399 1 269 1 288 2 527 2 271 2
38 6 26 537 1 227 2 493 2 492 1 218 1 451 1 316 1 313 1 55 1 164 1 77 1 161 1 92 1 93 1 130 1 162 2 95 1 50 1 29 1 113 1 213 1 285 2 210 1 288 1 160 1 297 1
//IdTournes NbColis
44 6
//IdColis IdCommandeInColis NbProducts IdProd1 QtyProd1 IdProd2 QtyProd2 ...
61 9 24 92 2 93 2 130 1 162 1 95 2 603 1 50 2 82 2 142 1 283 1 270 2 331 1 578 1 144 1 379 1 246 1 225 2 474 1 271 3 548 1 433 1 381 1 436 2 231 1
67 10 28 252 1 261 2 265 1 25 1 55 1 77 1 26 1 56 1 112 1 589 1 59 1 60 1 50 1 53 1 325 1 76 1 29 1 113 1 210 1 245 1 555 1 226 1 209 1 549 1 24 1 47 1 44 1 48 2
97 17 24 217 1 519 1 554 1 537 1 562 2 227 2 280 1 492 1 493 2 218 1 220 1 25 1 55 1 194 1 77 1 26 1 56 1 112 1 589 1 597 1 59 1 60 1 50 2 45 1
103 18 23 386 2 478 1 532 1 389 1 402 1 673 1 227 2 492 1 493 1 337 1 260 1 55 1 77 1 56 1 112 1 59 2 60 1 589 1 50 1 53 1 270 1 29 1 113 1
109 19 34 406 1 519 1 507 1 536 1 546 1 25 1 55 1 26 1 56 1 112 1 59 1 60 1 50 1 53 1 325 1 29 1 113 1 210 1 245 1 548 1 268 1 212 1 221 1 254 1 535 1 226 1 209 1 547 1 426 1 298 1 24 1 47 1 44 1 48 2
119 21 26 388 3 521 1 265 1 442 1 218 1 220 1 25 1 55 1 77 1 56 1 112 1 589 1 66 1 59 1 582 1 50 1 53 1 350 1 113 1 210 1 271 1 230 1 548 2 581 1 561 1 24 1
//IdTournes NbColis
45 6
//IdColis IdCommandeInColis NbProducts IdProd1 QtyProd1 IdProd2 QtyProd2 ...
126 22 26 589 1 50 1 53 1 241 1 29 1 76 1 113 1 210 1 237 1 225 1 511 1 522 1 231 1 221 2 555 1 226 1 509 1 209 1 232 1 240 1 510 1 505 1 24 1 47 1 48 2 172 1
131 23 22 264 1 265 1 25 1 55 1 59 1 60 1 77 1 56 1 112 1 589 1 50 1 53 1 76 1 210 1 245 1 323 1 226 1 209 1 45 1 24 1 44 1 48 2
154 26 26 537 1 579 1 262 1 289 1 276 1 227 2 280 1 326 1 493 2 492 1 72 1 109 1 55 1 77 1 92 1 93 1 95 1 66 1 102 2 277 1 50 1 94 1 76 1 29 1 113 1 549 1
161 27 30 92 1 93 1 95 1 66 1 102 2 50 1 94 1 76 1 29 1 113 1 308 1 527 2 288 1 297 1 304 1 378 1 271 2 221 2 254 3 299 1 545 1 267 1 286 1 290 2 302 1 291 1 209 1 505 1 531 1 653 1
168 28 29 259 1 55 1 77 1 95 1 92 1 93 1 66 1 102 2 50 2 94 1 270 1 655 1 76 2 29 1 113 1 308 1 210 1 288 2 527 2 474 1 271 1 548 1 249 1 409 1 250 1 323 1 251 1 286 1 290 1
183 30 37 102 1 431 1 575 1 50 1 643 1 110 1 270 1 94 1 429 1 578 1 76 1 29 1 113 1 182 1 210 1 574 1 644 1 245 1 246 1 452 1 474 1 249 1 506 1 254 2 430 1 250 1 267 1 535 1 226 1 209 1 547 1 394 1 505 1 45 1 107 1 47 1 44 1
//IdTournes NbColis
46 6
//IdColis IdCommandeInColis NbProducts IdProd1 QtyProd1 IdProd2 QtyProd2 ...
199 32 27 316 1 353 1 495 2 576 1 313 2 72 1 55 1 77 1 92 1 93 2 95 1 66 1 102 2 324 1 50 1 319 2 94 1 185 1 241 1 76 1 113 1 308 1 399 1 514 1 210 1 288 1 242 1
216 34 22 560 2 507 2 314 1 227 2 520 1 493 2 529 1 492 1 552 1 313 2 109 1 55 1 77 1 95 1 92 1 93 1 66 1 102 2 50 1 319 1 142 1 94 1
225 35 26 124 1 77 1 92 2 93 2 95 2 50 1 319 2 94 1 488 1 76 1 29 1 113 1 308 1 210 1 288 2 527 2 245 1 297 1 225 2 474 1 271 1 381 1 221 2 249 1 409 1 412 1
233 36 24 521 1 507 1 562 3 560 1 425 1 262 1 289 1 621 1 565 1 218 1 72 1 55 1 77 1 92 1 646 1 93 2 95 1 66 1 102 2 50 1 82 1 283 1 270 1 293 1
241 37 23 493 1 233 1 72 1 109 3 77 1 96 1 92 2 93 2 130 1 95 2 102 2 202 1 50 1 270 1 29 1 113 1 308 1 210 1 288 2 527 2 201 1 297 1 474 2
251 38 24 492 1 416 1 218 1 352 1 316 1 203 1 369 2 495 2 552 1 576 1 260 1 313 2 72 1 55 1 77 1 161 1 92 1 93 2 130 1 95 1 102 2 50 1 319 2 205 1
//IdTournes NbColis
47 6
//IdColis IdCommandeInColis NbProducts IdProd1 QtyProd1 IdProd2 QtyProd2 ...
275 42 28 492 1 493 2 400 1 398 1 316 1 313 1 55 1 159 1 102 2 77 1 92 1 93 1 95 1 66 1 50 1 127 1 319 1 94 1 29 1 113 1 399 1 285 2 210 1 213 1 288 1 245 2 452 1 45 1
303 47 19 55 1 77 1 92 1 93 1 95 1 66 1 102 1 50 1 94 1 76 1 210 1 245 1 212 1 226 1 45 1 24 1 47 1 44 1 48 2
336 52 25 72 1 55 2 634 1 43 1 77 1 92 2 93 2 95 2 66 1 102 2 50 1 319 2 94 1 76 1 113 1 399 1 210 1 288 2 527 2 447 1 448 1 474 1 349 1 249 1 250 1
343 53 26 360 1 294 1 380 1 507 2 465 2 262 1 289 1 529 1 109 1 55 1 121 1 77 1 92 1 93 1 130 1 95 1 102 2 50 1 76 1 113 1 136 1 379 1 304 1 378 1 297 1 548 1
350 54 21 516 1 540 2 486 1 521 1 654 1 507 1 465 2 560 2 375 1 457 1 55 1 46 1 77 1 96 1 92 1 93 1 95 1 66 1 102 2 456 1 50 1
357 55 30 493 1 280 1 529 1 492 1 220 1 400 1 218 1 55 1 77 1 95 1 92 1 93 1 66 1 102 2 50 1 94 1 258 1 76 1 29 1 113 1 308 1 527 2 210 1 288 1 580 1 271 1 297 1 511 1 528 1 45 1
//IdTournes NbColis
48 6
//IdColis IdCommandeInColis NbProducts IdProd1 QtyProd1 IdProd2 QtyProd2 ...
375 59 21 388 2 236 2 521 1 289 1 93 1 56 1 112 1 66 1 59 1 443 1 142 1 225 1 249 1 254 2 303 1 590 1 45 1 24 1 47 1 44 1 48 2
381 60 26 521 1 406 1 562 2 560 2 507 1 336 1 573 1 55 1 161 1 95 1 92 1 93 1 586 1 66 1 59 2 50 1 94 1 366 1 325 1 29 1 113 1 269 1 210 1 374 1 226 1 481 1
389 61 23 92 2 93 2 95 2 66 1 59 2 50 1 319 2 270 1 665 1 308 1 399 1 288 2 527 2 574 1 474 1 378 3 268 1 250 2 357 1 286 1 290 3 664 1 489 1
397 62 30 59 2 50 1 94 1 76 1 29 1 113 1 210 1 242 1 245 1 246 1 237 1 474 1 249 1 279 1 506 1 254 1 250 1 251 1 244 1 226 1 209 1 240 1 489 1 510 1 505 1 45 1 24 1 47 1 48 2 172 1
406 63 24 93 1 56 2 112 2 66 1 59 2 50 1 371 1 319 2 258 2 76 1 29 1 308 1 399 1 210 1 288 2 527 3 548 2 267 1 286 1 290 3 226 1 209 1 298 1 24 1
412 64 21 478 1 236 2 532 3 486 1 521 1 377 1 401 1 276 1 218 1 536 1 72 1 55 1 641 1 77 1 93 1 56 1 112 1 66 1 59 1 50 1 82 1
//IdTournes NbColis
49 6
//IdColis IdCommandeInColis NbProducts IdProd1 QtyProd1 IdProd2 QtyProd2 ...
424 66 31 554 1 537 2 610 1 529 1 218 1 220 1 72 1 55 1 93 1 56 1 112 1 66 1 59 2 50 1 94 1 113 1 210 1 245 1 297 1 225 1 511 1 231 1 251 1 563 1 226 1 209 1 544 1 45 1 73 1 24 1 48 2
466 72 28 289 1 372 2 336 1 393 1 485 1 463 1 280 1 55 1 46 1 77 1 95 1 92 1 93 1 66 1 59 2 50 1 82 1 94 1 350 1 513 1 29 1 608 1 113 2 168 1 210 1 246 1 548 1 116 1
476 74 31 573 1 218 1 615 1 553 1 72 1 55 1 77 1 56 1 112 1 589 1 66 1 59 1 646 1 50 1 94 1 270 2 618 1 325 1 76 1 210 1 231 1 349 1 221 1 556 1 535 2 226 1 549 1 24 1 47 1 44 1 48 2
481 75 23 406 1 401 1 440 1 402 1 507 2 562 1 289 1 336 1 227 2 280 1 492 1 416 2 536 2 72 1 77 1 56 1 112 1 589 1 66 1 59 1 50 1 53 1 76 1
497 78 32 289 1 220 1 418 1 55 1 66 1 59 2 77 1 56 1 112 1 589 1 50 1 94 1 350 1 113 1 76 1 210 1 580 1 304 1 245 2 297 1 548 1 231 1 254 2 299 1 307 1 226 1 509 1 209 1 630 1 623 1 116 1 189 1
510 80 33 72 1 55 1 640 1 121 1 77 1 56 1 112 1 589 1 66 1 59 1 50 1 53 1 76 1 213 1 285 2 210 1 288 1 182 1 237 1 511 1 221 2 267 1 284 2 286 1 226 1 209 1 590 1 45 1 24 1 107 1 47 1 48 2 44 1
//IdTournes NbColis
50 6
//IdColis IdCommandeInColis NbProducts IdProd1 QtyProd1 IdProd2 QtyProd2 ...
530 84 25 406 1 402 1 537 1 562 2 227 2 280 1 492 1 493 2 218 1 536 1 25 1 55 1 66 1 59 1 77 1 628 1 56 1 112 1 589 1 50 1 111 1 53 1 325 1 76 1 308 1
120 21 7 226 1 209 1 180 1 104 1 47 1 44 1 48 2
294 45 13 245 2 534 1 584 1 387 1 555 2 385 1 535 1 244 1 98 1 101 1 45 1 44 1 103 2
320 50 17 222 1 386 2 478 1 516 1 486 1 406 1 401 1 184 1 465 2 507 2 560 2 183 1 289 1 276 1 227 2 529 1 77 1
143 25 10 125 1 564 1 530 1 512 1 228 1 392 5 222 1 386 3 478 2 312 1
298 46 22 262 2 220 1 259 1 146 1 92 1 93 1 95 1 66 1 102 1 253 1 82 1 258 1 511 1 254 2 567 2 251 1 147 1 45 1 148 1 47 1 44 1 48 2
//IdTournes NbColis
51 6
//IdColis IdCommandeInColis NbProducts IdProd1 QtyProd1 IdProd2 QtyProd2 ...
430 67 28 465 1 560 2 262 1 289 1 220 1 552 1 55 1 146 1 77 1 92 1 93 1 95 1 66 1 59 2 151 1 94 1 270 1 607 1 144 1 76 1 29 1 113 1 210 1 297 1 225 1 511 1 254 2 221 1
22 4 28 271 1 297 1 449 1 452 1 474 2 381 1 506 1 254 4 299 2 267 1 290 3 286 1 291 1 364 1 376 1 240 1 489 1 510 1 445 1 505 1 518 1 126 1 45 1 131 1 107 1 47 1 44 2 103 2
32 5 13 547 1 180 1 364 1 510 1 583 2 126 2 148 1 45 1 24 1 44 2 367 1 47 1 48 2
62 9 17 254 3 299 1 323 1 535 1 302 1 303 1 298 1 510 1 126 1 45 1 106 1 148 2 24 1 204 1 103 2 47 1 44 2
147 25 25 207 4 113 1 308 1 399 1 210 1 288 2 527 2 449 1 448 1 474 1 271 3 221 1 254 3 250 1 267 1 535 1 290 3 286 1 307 2 226 1 291 1 209 1 126 1 45 1 73 2
252 38 29 94 1 76 1 29 1 113 1 308 1 399 1 526 1 210 1 288 2 527 2 225 1 474 1 271 2 268 1 221 1 254 3 585 1 299 1 250 1 535 1 267 1 290 3 286 1 244 1 226 1 209 2 489 1 505 1 126 1
//IdTournes NbColis
52 6
//IdColis IdCommandeInColis NbProducts IdProd1 QtyProd1 IdProd2 QtyProd2 ...
344 53 20 548 1 584 1 254 1 221 1 299 1 267 1 545 2 302 1 209 1 291 1 240 1 531 1 139 1 189 1 126 1 138 1 45 1 24 1 44 2 48 2
390 61 6 544 1 126 2 45 1 73 1 44 2 103 2
58 9 14 156 1 434 1 214 1 417 1 551 1 572 1 320 1 143 1 263 1 523 2 512 1 435 1 228 1 432 1
314 49 31 562 1 262 1 289 1 336 1 280 1 218 1 553 1 132 1 55 1 164 1 93 1 130 1 95 1 586 1 102 2 110 1 94 1 270 1 258 1 29 1 113 1 210 1 134 1 297 1 511 1 279 1 251 1 226 1 303 1 209 1 298 1
47 7 27 191 1 607 1 618 1 29 1 113 1 399 1 379 1 246 1 297 1 453 1 474 1 378 1 506 1 250 1 303 1 394 1 505 1 192 1 163 1 45 1 148 1 24 1 123 1 131 1 48 2 47 1 44 2
98 17 18 53 1 76 1 210 1 213 1 288 1 285 2 225 1 230 1 212 1 221 1 290 2 286 1 209 1 226 1 24 1 47 1 48 2 172 1
//IdTournes NbColis
53 6
//IdColis IdCommandeInColis NbProducts IdProd1 QtyProd1 IdProd2 QtyProd2 ...
114 20 33 112 1 589 1 59 1 60 1 345 1 319 1 53 1 346 1 29 1 76 1 213 1 348 1 285 1 210 1 288 1 282 1 343 1 344 1 254 1 284 1 286 1 226 1 209 1 240 1 510 1 549 1 189 1 45 1 24 1 97 1 47 1 48 1 172 1
137 24 19 431 1 53 1 110 1 325 1 76 1 210 1 439 1 212 1 221 1 254 3 506 1 226 1 209 1 549 1 45 1 24 1 47 1 44 1 48 2
504 79 23 486 1 521 1 406 1 507 2 465 2 560 2 289 1 610 1 280 1 407 1 552 1 368 1 118 1 55 1 611 1 77 1 56 1 112 1 589 1 66 1 59 2 345 1 445 1
31 5 30 270 1 366 1 258 1 76 1 29 1 113 1 308 1 399 1 269 1 379 1 542 1 288 2 527 3 246 1 474 1 378 1 548 1 584 1 221 1 249 1 357 1 365 1 563 1 535 1 286 1 290 3 307 1 302 1 209 2 547 1
72 11 26 311 1 496 1 211 1 347 1 519 1 227 2 492 1 493 2 218 1 352 1 316 1 353 1 495 1 576 1 313 1 25 1 26 1 77 1 56 1 112 1 589 1 59 1 60 1 319 1 76 1 412 1
176 29 27 76 1 29 1 113 1 210 1 225 1 271 2 268 1 231 1 221 1 506 1 254 1 250 1 412 1 251 1 307 1 226 1 509 1 209 1 636 1 240 1 510 1 505 1 128 1 45 1 44 1 47 1 48 2
//IdTournes NbColis
54 6
//IdColis IdCommandeInColis NbProducts IdProd1 QtyProd1 IdProd2 QtyProd2 ...
190 31 25 521 1 287 1 294 2 507 2 465 2 262 1 72 1 55 1 109 1 102 2 92 1 93 1 95 1 66 1 270 1 94 1 76 1 29 1 113 1 269 1 210 1 295 1 297 1 304 1 293 1
217 34 29 76 1 29 1 113 1 308 1 399 1 210 1 288 1 527 2 295 1 297 1 304 1 452 3 584 1 548 3 268 1 231 1 221 1 254 3 561 1 299 1 323 1 286 1 290 2 226 1 128 1 45 1 73 1 148 1 24 1
234 36 31 94 1 76 1 29 1 113 1 210 1 344 1 297 1 474 1 452 1 271 3 221 1 231 1 506 1 409 1 535 1 267 1 244 1 226 1 209 1 509 1 180 1 240 1 426 1 531 2 45 1 73 1 24 1 107 1 47 1 48 1 172 1
258 39 30 316 1 72 1 55 1 77 1 161 1 92 1 93 1 95 1 66 1 102 1 317 1 319 1 94 1 76 1 113 1 210 1 548 1 584 1 212 1 254 2 244 1 226 1 631 1 590 1 549 1 45 1 24 1 47 1 48 2 172 1
274 42 18 312 1 486 1 315 1 361 2 406 1 496 2 211 1 327 1 383 1 314 1 562 2 554 1 537 2 262 1 289 1 227 2 280 1 76 1
308 48 30 72 1 55 1 77 1 92 1 93 1 130 1 95 1 102 1 662 1 94 1 76 1 29 1 113 1 210 1 295 1 344 1 297 1 271 2 511 1 548 2 221 2 555 1 415 1 226 1 209 1 73 2 24 1 47 1 44 1 48 2
//IdTournes NbColis
55 6
//IdColis IdCommandeInColis NbProducts IdProd1 QtyProd1 IdProd2 QtyProd2 ...
351 54 23 94 1 258 1 76 1 29 1 113 1 455 1 269 1 210 1 304 1 225 1 212 1 231 1 254 2 556 1 226 1 209 1 510 1 45 1 24 1 107 1 47 1 48 2 172 1
368 57 29 76 1 113 1 210 1 237 1 225 1 271 2 511 1 548 2 528 1 231 1 349 1 221 2 254 3 555 1 251 1 545 1 226 1 209 1 547 1 240 1 510 1 531 1 73 1 45 1 148 1 24 1 44 1 48 2 47 1
413 64 19 270 1 94 1 325 1 513 1 76 1 113 1 221 1 251 1 226 1 209 1 364 1 489 2 106 1 45 1 148 1 24 1 48 2 47 1 44 1
418 65 25 236 1 532 3 521 1 255 1 401 1 463 1 218 1 536 1 72 1 55 1 77 1 56 1 112 1 589 1 66 1 59 1 94 1 325 1 76 1 210 1 182 1 271 1 522 1 275 1 221 1
437 68 24 317 1 466 1 94 1 325 1 76 1 29 1 213 1 285 2 210 1 288 1 297 1 511 1 221 2 585 2 251 1 286 1 290 2 226 1 209 1 24 1 47 1 44 1 48 2 404 1
505 79 28 120 1 94 1 76 1 29 1 113 1 210 1 225 2 511 1 548 1 254 2 231 1 221 1 585 1 412 1 251 1 267 1 535 1 226 1 209 1 531 1 45 1 73 1 24 2 609 1 107 1 47 1 44 1 48 2
//IdTournes NbColis
56 6
//IdColis IdCommandeInColis NbProducts IdProd1 QtyProd1 IdProd2 QtyProd2 ...
302 47 11 523 1 310 4 222 1 228 1 386 2 478 1 236 2 532 3 406 1 91 1 554 1
269 41 24 560 2 314 1 425 1 262 1 289 1 316 1 313 2 92 1 93 2 130 1 95 1 102 2 466 1 319 1 270 2 399 1 624 1 627 1 297 1 304 1 254 3 231 1 469 1 299 1
337 52 15 251 2 290 3 286 1 244 1 226 1 209 1 635 1 240 1 45 1 24 1 123 1 97 2 44 2 47 1 48 2
20 4 15 305 1 478 2 540 1 359 1 464 1 361 2 405 2 402 1 517 1 314 1 507 2 465 2 560 2 227 2 128 1
396 62 20 236 1 252 3 265 1 521 1 217 1 243 1 569 1 562 1 554 2 537 2 262 1 280 1 109 1 55 1 77 1 93 1 56 1 112 1 66 1 128 1
459 71 21 399 1 269 1 297 1 304 1 452 2 548 2 268 1 387 1 221 1 557 1 408 1 561 1 209 1 226 1 128 1 45 1 24 1 107 1 47 1 44 2 103 2
//IdTournes NbColis
57 6
//IdColis IdCommandeInColis NbProducts IdProd1 QtyProd1 IdProd2 QtyProd2 ...
29 5 18 405 1 541 1 402 2 294 1 314 1 465 3 579 1 358 1 262 1 289 1 336 1 483 3 463 2 393 1 485 1 492 2 493 1 204 1
39 6 18 225 2 511 1 548 3 221 2 254 2 290 2 286 1 226 1 291 1 209 1 531 1 544 1 163 1 45 1 24 1 47 1 44 2 48 2
80 13 8 254 2 231 1 535 1 251 1 45 1 47 1 44 1 48 2
83 14 22 252 2 261 2 264 1 326 1 26 1 56 1 112 1 589 1 59 1 60 1 324 1 190 1 325 1 282 2 251 1 535 1 267 2 45 1 73 2 47 1 44 1 103 2
104 18 30 308 1 210 1 288 1 527 2 295 1 297 1 225 2 511 1 584 1 387 1 409 1 221 1 254 1 323 1 286 1 290 2 226 1 209 1 411 1 273 1 674 1 240 1 45 1 73 2 24 1 135 1 107 1 47 1 48 2 172 2
125 22 20 388 3 521 1 265 1 217 1 562 1 554 2 537 2 239 1 262 1 233 1 218 1 220 1 536 1 55 1 59 2 60 1 77 1 56 1 112 1 45 1
//IdTournes NbColis
58 6
//IdColis IdCommandeInColis NbProducts IdProd1 QtyProd1 IdProd2 QtyProd2 ...
155 26 24 210 1 213 1 285 2 288 1 271 1 237 1 225 2 511 1 275 1 221 2 279 1 556 1 251 1 267 2 286 1 290 2 226 1 273 1 45 1 24 1 135 1 47 1 44 1 103 2
162 27 5 45 1 24 1 47 1 44 2 48 2
169 28 13 290 2 307 1 226 1 209 1 240 1 510 1 45 1 73 1 24 1 107 1 47 1 44 1 48 2
191 31 18 221 1 254 1 545 1 302 1 303 1 298 1 240 1 510 1 544 1 189 1 45 1 73 1 24 1 204 1 107 1 47 1 44 2 48 2
200 32 32 288 1 527 2 246 1 297 2 225 1 439 1 271 1 474 1 528 1 231 1 381 1 249 1 254 3 561 1 585 1 250 1 290 3 286 1 244 1 226 1 209 1 636 1 240 1 489 1 505 1 45 1 73 1 24 1 97 1 107 1 47 1 44 1
226 35 15 535 1 545 1 286 1 290 3 244 1 226 1 209 2 240 1 510 1 505 1 45 1 135 1 47 1 48 2 172 2
//IdTournes NbColis
59 6
//IdColis IdCommandeInColis NbProducts IdProd1 QtyProd1 IdProd2 QtyProd2 ...
242 37 19 271 3 548 1 254 4 535 1 290 3 286 1 244 1 226 1 209 1 394 1 396 1 489 1 510 1 45 1 73 2 24 1 47 1 44 2 48 2
253 38 8 45 1 73 2 24 1 204 1 649 1 47 1 44 1 103 2
264 40 19 102 1 304 1 297 1 254 3 279 1 555 1 415 1 299 1 250 1 535 1 267 1 198 1 531 1 45 1 199 1 135 1 47 1 48 2 172 2
270 41 9 299 1 267 2 467 1 240 1 544 1 45 1 47 1 44 2 103 2
289 44 21 297 1 511 1 452 1 548 2 254 4 561 1 251 1 267 2 290 2 286 1 307 1 226 1 240 1 510 1 549 1 544 1 45 1 24 1 47 1 48 2 172 1
315 49 8 240 1 510 2 45 1 73 1 24 1 47 1 48 2 172 1
//IdTournes NbColis
60 6
//IdColis IdCommandeInColis NbProducts IdProd1 QtyProd1 IdProd2 QtyProd2 ...
322 50 17 511 1 548 2 254 4 555 1 251 1 290 2 286 1 307 1 226 1 240 2 510 1 531 1 45 1 24 1 47 1 48 1 172 1
372 58 12 575 1 574 1 285 1 213 1 555 1 284 1 286 1 605 1 45 1 47 1 48 1 172 1
382 60 8 505 1 45 1 73 1 24 1 173 1 47 1 44 1 103 2
429 67 13 392 3 222 1 228 1 386 2 478 1 516 3 540 2 486 1 521 1 406 1 507 1 465 1 45 1
443 69 13 254 3 267 1 251 1 290 2 286 1 291 1 292 1 531 1 45 1 73 1 47 1 44 1 48 2
467 72 18 506 1 254 1 561 1 555 1 585 1 250 1 545 1 244 1 226 1 509 1 209 1 298 2 510 1 45 1 24 1 47 1 48 2 172 2
//IdTournes NbColis
61 6
//IdColis IdCommandeInColis NbProducts IdProd1 QtyProd1 IdProd2 QtyProd2 ...
471 73 24 236 1 265 1 521 1 568 1 289 1 262 1 276 1 56 1 112 1 589 1 66 1 59 1 511 1 548 1 221 1 254 2 556 1 555 1 251 1 531 1 45 1 47 1 48 1 172 1
480 75 12 156 1 320 2 533 1 392 4 222 1 228 1 386 2 478 1 516 1 540 1 486 1 45 1
486 76 23 566 1 236 2 388 2 521 1 336 1 446 1 220 1 56 1 112 1 589 1 66 1 59 1 600 1 325 1 245 1 271 1 548 1 254 2 535 1 45 1 73 1 44 1 103 2
490 77 21 386 2 236 2 532 2 521 1 389 1 401 1 440 1 56 1 112 1 589 1 66 1 59 1 325 1 584 1 254 1 545 1 303 1 45 1 47 1 48 2 172 1
498 78 9 45 1 73 1 148 1 24 1 204 1 107 1 47 1 48 2 172 1
516 81 15 589 1 66 1 59 2 599 1 245 2 511 1 548 1 279 1 254 1 251 1 531 1 45 1 47 1 44 1 48 2
//IdTournes NbColis
62 6
//IdColis IdCommandeInColis NbProducts IdProd1 QtyProd1 IdProd2 QtyProd2 ...
521 82 16 113 1 210 1 269 1 245 1 237 1 548 1 268 1 254 1 267 1 226 1 45 1 73 1 24 1 47 1 48 2 172 1
531 84 20 210 1 288 1 527 2 534 1 212 1 221 1 254 3 535 2 286 1 290 2 226 1 209 1 298 1 510 1 45 1 148 1 24 1 47 1 48 1 172 1
209 33 31 218 1 536 1 55 1 652 1 92 1 93 1 95 1 651 1 66 1 102 2 371 1 258 1 113 1 29 1 210 1 141 1 245 3 242 1 225 1 474 1 584 1 374 1 221 1 254 1 373 1 535 2 226 1 209 1 376 1 298 1 445 1
8 2 11 214 1 523 1 228 1 305 2 392 4 222 1 478 1 516 3 540 2 486 1 47 1
73 11 14 348 1 285 2 210 1 213 1 288 1 212 1 254 2 284 2 286 1 226 1 24 1 47 1 48 2 172 1
92 16 24 274 1 211 1 329 2 476 2 492 1 56 1 112 1 589 1 59 1 60 1 195 1 258 1 213 1 288 1 285 2 212 1 475 1 585 1 545 1 284 2 286 1 47 1 48 2 172 1
//IdTournes NbColis
63 6
//IdColis IdCommandeInColis NbProducts IdProd1 QtyProd1 IdProd2 QtyProd2 ...
148 25 5 24 1 135 1 47 1 48 2 172 2
218 34 3 47 1 44 2 103 2
276 42 12 511 1 374 1 231 1 254 4 290 2 226 1 158 1 24 1 47 1 44 1 48 2 90 1
358 55 16 221 2 254 1 561 1 250 1 251 1 267 1 290 2 286 1 307 1 226 1 209 1 477 1 510 1 47 1 44 2 48 2
387 61 11 301 3 228 1 305 3 222 1 478 2 464 1 361 2 405 2 402 2 465 2 47 1
407 63 3 47 1 48 2 172 2
//IdTournes NbColis
64 6
//IdColis IdCommandeInColis NbProducts IdProd1 QtyProd1 IdProd2 QtyProd2 ...
419 65 10 254 2 412 1 226 1 209 1 549 1 148 1 24 1 47 1 44 1 48 2
431 67 11 251 1 323 1 307 1 226 1 209 1 167 1 73 1 24 1 47 1 44 1 48 2
452 70 3 47 1 48 2 172 2
482 75 28 113 1 308 1 210 1 288 1 527 2 271 1 295 1 297 2 225 2 452 1 511 2 231 1 221 1 279 1 250 1 251 1 323 1 267 1 290 2 286 1 226 1 291 1 209 1 73 1 24 1 47 1 44 1 48 2
113 20 23 257 1 444 1 281 1 566 1 252 1 312 1 265 1 315 1 311 1 496 1 211 1 493 1 329 1 658 1 492 1 316 1 313 1 109 1 55 1 25 1 26 1 77 1 56 1
136 24 18 266 1 444 2 236 2 388 3 391 1 265 1 521 1 440 1 654 1 536 1 55 1 25 1 77 1 56 1 112 1 589 1 59 1 60 1
//IdTournes NbColis
65 6
//IdColis IdCommandeInColis NbProducts IdProd1 QtyProd1 IdProd2 QtyProd2 ...
160 27 17 301 1 228 1 305 2 478 1 543 1 516 1 402 1 294 2 507 2 465 1 262 1 289 1 227 2 492 1 493 2 55 1 77 1
175 29 20 444 1 566 1 252 3 236 2 508 1 265 1 521 1 55 1 637 1 77 1 96 1 102 2 92 1 93 1 95 1 66 1 94 1 331 1 350 1 241 1
182 30 20 540 2 486 1 521 1 274 1 432 1 507 1 465 3 560 3 416 1 220 1 400 1 337 1 645 1 77 1 95 1 92 1 93 1 130 1 102 1 240 1
367 57 19 236 2 388 3 502 1 265 2 521 1 401 1 262 1 336 2 573 1 400 1 77 1 93 1 56 1 112 1 66 1 59 1 270 1 94 1 73 1
405 63 20 393 1 463 1 485 1 493 3 492 2 218 1 400 1 352 2 316 2 639 1 369 2 495 2 576 1 570 1 313 2 72 1 55 1 77 1 196 1 93 1
536 85 14 310 3 216 1 222 1 228 1 386 2 236 2 388 3 486 1 521 1 218 1 220 1 55 1 77 1 24 1
//IdTournes NbColis
66 6
//IdColis IdCommandeInColis NbProducts IdProd1 QtyProd1 IdProd2 QtyProd2 ...
327 51 21 236 2 521 1 274 1 383 1 562 2 554 2 537 2 289 1 280 1 529 1 536 1 601 1 92 1 93 1 95 1 603 1 66 1 102 2 151 1 602 1 549 1
263 40 22 540 2 149 1 294 2 507 2 465 2 289 1 276 1 280 1 529 1 416 1 384 1 220 1 552 1 368 1 96 1 92 1 196 1 93 1 95 1 66 1 102 1 197 1
495 78 11 78 1 629 2 263 1 523 1 512 1 530 1 392 4 222 1 228 1 305 2 391 1
544 87 10 57 1 58 1 59 1 60 1 600 1 616 1 607 1 617 1 618 1 549 1
451 70 29 350 1 113 1 308 1 399 1 210 1 288 2 527 2 297 1 246 1 474 1 271 1 268 1 381 2 279 1 254 2 585 1 561 1 555 1 299 1 250 1 535 1 267 1 286 1 290 3 226 1 209 2 240 1 505 1 106 1
181 30 9 523 1 504 1 301 5 222 1 228 1 305 3 478 2 516 3 24 1
//IdTournes NbColis
67 6
//IdColis IdCommandeInColis NbProducts IdProd1 QtyProd1 IdProd2 QtyProd2 ...
293 45 18 278 1 216 1 310 2 222 1 228 1 386 2 236 2 388 1 532 1 274 1 276 1 536 1 92 1 93 1 95 1 102 1 66 1 325 1
313 49 14 310 3 222 1 228 1 386 2 478 1 540 1 532 3 521 1 486 1 406 1 401 1 554 1 537 1 92 1
436 68 21 228 1 386 2 478 1 486 1 389 1 402 1 403 1 262 1 289 1 227 2 492 1 493 2 220 1 55 1 65 1 92 1 93 1 95 1 102 2 66 1 73 1
361 56 25 261 1 265 1 330 1 332 1 333 1 334 1 335 2 336 1 499 1 341 1 337 1 667 1 553 1 25 1 55 1 56 1 57 1 58 1 59 1 60 1 589 1 619 1 620 1 112 1 668 1
224 35 16 361 2 437 1 405 2 402 2 314 1 227 3 492 2 493 3 218 1 487 1 313 2 72 1 55 1 66 1 102 2 299 1
464 72 11 229 1 320 1 523 2 512 1 504 1 530 1 392 5 222 1 228 1 386 2 72 1
//IdTournes NbColis
68 6
//IdColis IdCommandeInColis NbProducts IdProd1 QtyProd1 IdProd2 QtyProd2 ...
524 83 12 222 1 216 1 266 4 444 2 566 1 236 2 388 3 265 1 521 1 218 1 72 1 212 1
60 9 19 540 1 486 2 521 1 437 1 294 1 465 3 579 1 262 1 289 1 372 1 336 1 393 1 463 2 485 1 573 1 233 1 418 2 55 1 102 1
366 57 14 625 1 320 1 500 1 224 1 263 1 215 1 278 1 310 2 222 1 216 1 228 1 266 2 386 1 444 1
442 69 22 562 1 554 2 537 2 289 1 262 1 276 1 227 2 492 1 493 2 529 1 220 1 93 1 56 1 112 1 66 1 59 2 288 1 285 2 213 1 237 1 511 1 279 1
257 39 17 156 1 321 1 214 1 318 1 320 1 266 2 388 1 265 1 312 1 315 1 274 1 311 1 496 1 314 1 239 1 218 1 313 1
201 32 1 48 2
//IdTournes NbColis
69 6
//IdColis IdCommandeInColis NbProducts IdProd1 QtyProd1 IdProd2 QtyProd2 ...
167 28 14 486 1 255 1 406 1 389 1 402 1 554 1 537 3 562 3 239 1 227 3 492 2 493 3 218 2 109 1
515 81 17 386 1 532 2 540 2 521 1 437 1 406 1 562 2 537 2 507 2 262 1 280 1 220 2 259 1 536 1 56 1 112 1 210 1
45 7 14 301 2 359 1 486 1 464 1 274 1 377 1 432 1 361 2 405 2 157 1 294 3 465 3 314 1 507 1
52 8 13 392 3 222 1 228 1 386 1 305 2 478 2 516 2 540 2 521 1 157 1 327 1 218 1 299 1
27 5 12 318 1 633 1 490 1 390 1 564 1 504 1 523 1 501 1 278 2 301 5 228 1 368 1
425 66 1 172 1
//IdTournes NbColis
70 6
//IdColis IdCommandeInColis NbProducts IdProd1 QtyProd1 IdProd2 QtyProd2 ...
449 70 14 464 1 315 1 361 2 406 1 496 2 401 2 402 2 314 1 507 2 465 3 560 3 262 1 227 1 623 1
356 55 16 228 1 386 2 478 1 516 1 486 2 255 1 406 1 402 1 507 2 562 2 560 2 289 1 276 1 227 2 493 1 173 1
395 62 11 629 1 248 1 263 1 215 1 216 1 222 1 281 1 266 5 444 3 566 1 236 1
417 65 12 321 1 591 2 523 1 263 1 278 1 310 4 222 1 228 1 386 2 478 1 236 1 289 1
197 32 14 386 3 478 2 312 1 486 1 515 1 315 1 377 1 361 2 406 1 496 2 389 1 149 1 402 2 383 1
215 34 17 301 1 222 1 228 1 305 2 478 1 359 1 486 1 508 1 464 1 460 1 361 2 405 2 149 1 458 1 402 1 465 1 289 1
//IdTournes NbColis
71 6
//IdColis IdCommandeInColis NbProducts IdProd1 QtyProd1 IdProd2 QtyProd2 ...
250 38 13 405 2 149 1 428 1 402 2 465 3 314 1 507 2 560 3 227 3 529 1 493 3 492 1 416 1
281 43 21 315 1 274 1 406 1 361 2 496 2 401 1 149 1 519 1 314 1 507 2 465 1 560 1 262 1 289 1 499 1 220 1 398 1 316 1 552 1 313 1 304 1
297 46 15 257 1 444 2 281 1 566 1 261 2 252 2 255 1 264 1 217 1 568 1 149 1 569 2 554 1 537 2 260 1
184 30 1 103 2
66 10 12 321 1 320 1 215 1 234 1 263 1 256 1 257 4 566 1 444 2 281 1 252 2 218 1
71 11 13 321 1 214 1 498 1 215 1 256 1 257 4 281 1 444 2 566 1 252 1 312 1 315 1 666 1
//IdTournes NbColis
72 6
//IdColis IdCommandeInColis NbProducts IdProd1 QtyProd1 IdProd2 QtyProd2 ...
153 26 13 216 1 222 1 266 4 444 2 566 1 265 2 274 1 217 1 272 1 211 1 562 2 554 2 271 1
475 74 11 234 1 263 1 390 1 278 1 222 1 216 1 266 4 444 2 236 2 252 2 388 1
28 5 13 305 3 478 2 543 1 359 2 502 1 486 1 464 1 482 1 274 2 360 1 377 1 361 2 405 1
207 33 10 386 3 310 2 478 2 516 2 540 3 532 2 486 1 521 1 274 1 360 1
403 63 13 301 2 305 3 478 2 516 1 539 1 359 2 370 1 486 1 515 2 464 1 274 1 360 1 474 1
240 37 17 478 1 516 1 486 1 255 1 402 2 383 2 507 1 465 1 560 1 397 1 262 1 336 1 227 3 499 1 492 2 573 1 493 2
//IdTournes NbColis
73 6
//IdColis IdCommandeInColis NbProducts IdProd1 QtyProd1 IdProd2 QtyProd2 ...
248 38 14 354 1 247 1 214 1 577 2 525 1 512 1 530 1 504 1 564 2 228 1 427 1 222 1 386 1 272 1
96 17 13 214 1 321 1 229 1 219 1 224 1 216 1 222 1 228 1 266 4 444 2 388 1 265 1 211 1
118 21 12 214 1 321 1 320 1 234 1 263 1 222 1 216 1 228 1 444 2 266 4 236 2 573 1
124 22 12 238 1 235 1 263 1 512 1 278 1 216 1 222 1 228 1 266 4 444 2 236 2 562 1
135 24 12 214 1 340 1 321 1 320 1 234 1 263 1 564 2 278 2 216 1 222 1 228 1 266 3
287 44 13 310 4 222 1 216 1 228 1 386 2 486 1 406 1 211 1 537 2 562 2 554 2 262 1 227 1
//IdTournes NbColis
74 6
//IdColis IdCommandeInColis NbProducts IdProd1 QtyProd1 IdProd2 QtyProd2 ...
37 6 18 228 1 386 1 478 1 532 1 312 1 486 1 315 1 274 1 361 1 406 1 311 1 496 2 211 1 314 1 562 2 554 2 537 1 313 1
87 15 21 281 1 444 1 566 1 424 1 497 1 370 1 312 1 315 1 494 1 311 1 496 1 211 1 347 1 419 1 382 1 423 1 594 1 336 1 492 1 493 1 329 1
334 52 15 386 2 478 2 540 1 532 1 312 1 486 1 515 1 524 1 315 1 432 1 361 2 406 1 496 2 402 2 308 1
223 35 11 247 1 301 5 228 1 305 3 222 1 478 2 359 1 470 1 486 1 464 1 552 1
198 32 15 314 1 507 2 465 3 560 3 382 1 262 1 289 1 375 1 227 3 493 3 492 2 384 1 218 1 352 1 353 1
335 52 14 507 2 562 3 560 2 262 1 227 3 492 2 493 3 218 1 316 1 352 1 353 2 495 2 576 1 313 2
//IdTournes NbColis
75 6
//IdColis IdCommandeInColis NbProducts IdProd1 QtyProd1 IdProd2 QtyProd2 ...
496 78 14 478 1 516 3 540 2 486 1 521 1 274 1 389 2 507 2 465 2 560 2 425 1 262 1 289 1 220 1
349 54 12 340 1 417 1 320 1 523 1 530 1 392 4 222 1 228 1 305 2 478 1 516 2 454 1
333 52 12 356 1 354 1 247 1 498 1 577 1 215 1 564 1 435 1 228 1 222 1 310 5 386 1
404 63 13 377 1 361 2 405 2 401 1 402 2 538 1 465 3 314 1 507 2 579 1 560 3 358 1 227 3
108 19 11 278 1 310 4 222 1 228 1 386 2 478 1 540 2 532 3 486 1 521 1 218 1
144 25 13 486 1 315 1 361 1 406 1 496 2 402 2 465 3 314 1 507 2 560 3 336 1 227 3 492 2
//IdTournes NbColis
76 6
//IdColis IdCommandeInColis NbProducts IdProd1 QtyProd1 IdProd2 QtyProd2 ...
174 29 11 229 1 234 1 248 1 263 1 215 1 504 1 222 1 281 2 266 5 444 2 218 1
342 53 11 278 1 228 1 305 2 301 4 478 1 543 1 516 3 540 2 486 1 521 1 218 1
249 38 12 386 2 392 5 478 2 516 1 540 1 486 1 515 1 464 1 315 1 361 2 406 1 240 1
457 71 16 559 1 390 1 530 1 278 1 392 2 222 1 516 1 486 1 464 1 315 1 405 2 406 1 361 2 314 1 507 1 262 1
465 72 11 386 1 478 2 516 4 540 3 521 1 377 1 406 1 465 3 507 2 560 1 246 1
206 33 13 229 1 235 1 309 1 484 1 215 1 263 1 523 2 512 2 504 1 228 1 392 3 222 1 364 1
//IdTournes NbColis
77 6
//IdColis IdCommandeInColis NbProducts IdProd1 QtyProd1 IdProd2 QtyProd2 ...
402 63 12 638 2 354 1 214 1 417 1 577 2 491 1 530 1 278 1 228 1 222 1 301 3 299 1
423 66 15 310 1 222 1 228 1 386 2 478 1 236 2 532 3 486 1 521 1 274 1 406 1 389 1 562 1 554 1 262 1
196 32 11 571 1 247 1 577 2 229 1 309 1 530 1 564 1 228 1 392 5 222 1 413 1
189 31 11 296 1 278 1 301 4 222 1 228 1 305 2 478 1 516 3 540 2 486 1 299 1
503 79 11 530 1 278 1 386 2 392 4 222 1 228 1 478 1 516 3 540 2 486 1 268 1
3 1 11 263 1 523 1 310 4 222 1 228 1 386 2 478 1 540 2 532 3 486 1 298 1
//IdTournes NbColis
78 5
//IdColis IdCommandeInColis NbProducts IdProd1 QtyProd1 IdProd2 QtyProd2 ...
166 28 9 390 2 215 1 512 1 310 5 222 1 228 1 386 3 478 2 532 1
411 64 11 214 1 321 2 263 1 523 1 390 1 278 2 310 4 222 1 228 1 386 2 210 1
59 9 7 301 5 305 3 478 2 543 1 516 4 540 2 339 1
232 36 10 392 2 222 1 386 3 478 2 516 3 540 2 486 2 255 1 508 1 507 1
380 60 10 320 1 263 1 523 1 392 4 222 1 228 1 386 2 478 1 540 2 516 3
