//NbTournees
4
//IdTournes NbColis
1 6
//IdColis IdCommandeInColis NbProducts IdProd1 QtyProd1 IdProd2 QtyProd2 ...
2 1 26 166 1 195 1 25 1 44 1 34 1 98 1 43 2 45 1 17 1 78 1 105 1 94 1 158 2 47 1 57 1 71 1 72 1 225 1 9 1 38 1 61 1 58 2 148 2 173 1 54 2 106 1
16 4 24 129 1 46 3 17 1 82 1 78 1 94 1 47 1 57 1 71 1 72 1 167 2 185 1 194 1 196 1 206 4 210 2 244 2 219 1 136 1 15 1 38 1 39 1 58 2 241 1
17 4 30 61 1 91 1 148 2 151 3 235 1 208 1 176 1 190 1 143 1 11 1 59 2 74 1 154 2 242 1 146 1 149 1 232 1 245 1 246 1 53 2 73 1 247 1 14 1 26 1 35 1 52 1 123 1 155 3 161 1 168 1
18 4 39 161 1 168 3 233 1 255 1 13 1 126 1 6 1 248 1 18 1 134 1 241 1 142 1 144 1 119 1 108 1 118 1 249 1 174 1 125 1 162 1 102 1 120 1 133 1 135 1 234 1 100 1 93 1 96 1 114 4 131 1 140 1 145 1 160 2 107 1 130 2 138 2 253 2 112 3 139 1
6 2 15 239 1 19 1 250 2 21 2 90 1 121 1 28 2 41 2 169 1 67 1 23 1 170 1 2 1 32 1 44 2
20 5 12 188 1 48 2 27 2 8 1 28 3 184 2 201 2 203 1 205 1 171 1 195 1 106 1
//IdTournes NbColis
2 6
//IdColis IdCommandeInColis NbProducts IdProd1 QtyProd1 IdProd2 QtyProd2 ...
11 3 24 205 2 211 1 16 1 43 1 153 1 164 1 46 2 78 1 47 1 57 1 71 1 72 1 9 1 38 1 39 1 58 2 61 1 148 1 151 2 172 1 55 1 56 1 59 1 64 1
22 5 33 61 1 58 2 110 2 208 1 229 1 175 1 60 2 59 2 74 1 149 1 53 2 73 1 52 1 86 1 155 3 161 2 126 1 157 1 165 1 119 1 117 1 191 1 193 1 102 1 120 2 99 1 100 1 135 2 150 2 93 1 114 2 131 1 163 1
5 2 8 182 1 213 1 177 1 179 1 178 1 183 1 48 1 4 1
15 4 18 28 1 41 3 89 1 103 2 31 1 243 1 181 1 231 1 236 1 238 1 63 1 44 2 42 1 68 1 50 2 37 1 45 1 180 1
1 1 12 48 1 24 1 21 1 92 1 28 2 41 1 184 2 201 2 203 1 205 2 211 1 150 1
10 3 12 188 1 202 1 20 1 27 2 28 2 41 2 184 2 197 1 201 2 203 1 141 1 5 1
//IdTournes NbColis
3 6
//IdColis IdCommandeInColis NbProducts IdProd1 QtyProd1 IdProd2 QtyProd2 ...
24 6 14 213 1 214 2 40 1 49 2 264 1 76 1 184 1 201 2 203 1 204 1 211 1 75 1 22 1 79 1
14 4 9 187 1 186 2 12 1 48 1 189 3 237 1 29 1 27 2 28 1
21 5 24 205 1 211 1 209 1 212 1 218 1 44 2 50 2 45 1 17 2 78 1 105 1 94 1 158 1 47 1 57 1 71 1 72 1 88 1 198 1 225 1 38 1 39 2 51 2 192 1
7 2 26 68 1 50 1 45 1 70 1 17 1 78 1 105 1 94 1 259 1 47 1 84 1 57 1 71 1 72 1 196 1 206 3 210 2 219 1 240 2 244 2 225 1 38 1 58 2 61 1 148 1 151 1
8 2 38 256 1 199 2 54 3 56 1 59 2 74 1 64 1 69 2 257 1 149 1 7 1 36 1 53 2 85 1 73 1 228 1 26 1 52 1 87 1 258 1 83 1 252 1 223 1 95 1 119 1 142 1 260 1 118 1 122 1 120 1 102 1 97 1 100 1 104 1 251 1 254 1 114 2 131 1
25 6 30 44 1 50 2 30 1 78 1 47 1 57 1 71 1 72 1 136 1 38 1 58 1 61 1 110 2 227 1 229 1 77 1 59 1 74 1 207 1 64 1 33 1 53 1 73 1 221 1 228 2 52 1 200 1 258 1 155 2 261 1
//IdTournes NbColis
4 4
//IdColis IdCommandeInColis NbProducts IdProd1 QtyProd1 IdProd2 QtyProd2 ...
26 6 13 161 1 144 1 81 1 215 1 262 1 80 1 104 1 222 1 226 1 131 1 152 1 263 1 139 1
3 1 39 54 1 65 1 59 2 74 1 149 1 3 1 53 2 62 1 66 1 85 3 73 1 52 1 87 1 155 3 161 2 223 1 224 1 1 1 113 1 157 1 165 1 216 1 119 1 142 1 117 1 118 1 109 1 102 1 120 1 99 1 100 1 104 1 135 1 230 1 114 1 131 2 140 1 163 1 111 1
12 3 28 74 1 115 1 154 1 220 1 146 1 7 1 10 1 53 1 73 1 52 1 127 1 147 1 155 3 161 2 137 1 132 1 217 1 108 1 124 1 101 1 159 1 100 1 116 1 128 1 150 2 96 2 152 2 156 1
4 1 1 112 1
