//NbTournees
46
//IdTournes NbColis
1 6
//IdColis IdCommandeInColis NbProducts IdProd1 QtyProd1 IdProd2 QtyProd2 ...
3 1 7 277 1 289 1 16 1 228 1 666 1 1 1 651 1
11 2 30 368 1 513 1 620 2 2 2 87 1 5 1 316 1 600 1 8 1 334 1 363 5 479 1 38 1 181 1 329 2 489 1 397 1 180 2 605 2 622 2 101 1 212 1 98 2 387 2 388 1 514 3 389 1 587 2 396 1 576 4
17 3 20 277 1 280 1 669 1 173 1 228 1 311 1 234 1 433 1 357 1 488 1 418 1 534 3 535 1 554 2 359 2 520 1 496 1 286 1 252 1 2 1
307 44 16 360 1 259 1 290 1 523 1 277 2 289 2 240 1 257 1 417 2 598 1 357 1 534 1 535 2 474 1 350 3 298 1
8 2 13 257 1 351 1 277 2 289 2 392 2 362 5 417 3 3 1 226 1 228 1 317 1 191 1 283 1
15 3 8 194 1 117 1 11 1 6 1 218 1 30 1 41 1 3 1
//IdTournes NbColis
2 6
//IdColis IdCommandeInColis NbProducts IdProd1 QtyProd1 IdProd2 QtyProd2 ...
24 4 16 322 3 257 1 351 1 277 2 289 2 392 1 362 1 417 2 3 1 13 1 19 1 36 2 230 1 315 1 228 1 205 1
32 5 18 46 1 320 1 360 2 588 1 259 1 290 1 341 1 277 1 289 1 362 2 417 1 3 1 54 1 604 1 357 1 403 1 439 1 479 1
39 6 22 289 1 295 1 392 1 665 1 3 1 19 1 230 1 227 1 173 1 453 1 252 1 263 1 271 1 474 1 478 2 468 2 251 2 274 1 288 1 285 1 654 1 67 1
51 7 16 3 1 36 1 196 1 357 2 367 1 411 1 470 1 471 3 507 2 242 1 439 1 408 2 325 2 418 1 534 3 61 1
59 8 14 404 1 412 3 460 1 500 2 449 1 256 1 278 2 295 2 649 1 457 1 417 1 419 2 49 1 16 1
68 9 16 486 1 259 1 328 1 290 1 257 1 277 2 279 1 289 2 280 1 417 2 419 2 49 1 16 1 19 1 60 2 5 1
//IdTournes NbColis
3 6
//IdColis IdCommandeInColis NbProducts IdProd1 QtyProd1 IdProd2 QtyProd2 ...
73 10 5 64 2 143 1 88 1 50 1 333 1
82 11 7 33 1 89 1 93 1 105 1 70 2 78 1 444 1
89 12 9 93 1 6 1 213 2 70 1 31 1 39 1 66 1 259 1 82 1
93 13 5 123 1 93 1 121 3 70 1 422 1
94 13 11 182 2 70 1 76 1 31 1 43 1 47 1 165 1 532 1 668 1 320 1 670 1
18 3 23 263 1 497 1 553 3 348 1 272 2 274 1 339 2 285 1 48 1 250 1 273 1 21 1 211 1 26 1 450 1 363 1 484 2 94 1 489 1 4 1 29 1 231 1 428 1
//IdTournes NbColis
4 6
//IdColis IdCommandeInColis NbProducts IdProd1 QtyProd1 IdProd2 QtyProd2 ...
79 10 29 251 1 274 1 579 1 356 1 288 1 285 2 53 1 87 1 96 1 100 1 525 1 573 1 55 1 86 2 92 3 293 1 594 1 38 1 84 1 94 1 95 2 102 1 292 1 443 1 283 1 349 1 253 2 4 2 621 1
97 13 22 495 2 550 1 568 2 555 1 522 1 483 1 569 1 519 2 549 2 361 2 272 2 274 1 365 2 330 1 264 1 273 1 5 1 260 1 275 1 525 1 79 1 543 1
102 14 2 246 1 71 1
104 15 12 72 1 31 1 43 1 47 1 155 2 462 1 354 1 480 1 416 2 259 1 518 1 257 1
6 2 12 159 1 25 2 31 1 47 1 40 1 42 1 22 1 12 1 335 2 354 1 320 1 7 1
45 7 4 27 1 123 3 6 1 348 1
//IdTournes NbColis
5 6
//IdColis IdCommandeInColis NbProducts IdProd1 QtyProd1 IdProd2 QtyProd2 ...
86 11 21 274 1 469 2 410 1 365 2 602 1 475 1 606 1 53 1 529 1 530 1 309 1 600 1 324 1 363 2 298 1 489 2 605 1 7 1 426 1 388 1 427 1
88 12 5 33 2 35 1 89 1 6 1 356 1
101 14 22 47 1 155 2 663 1 341 1 73 1 80 1 85 1 227 1 230 1 239 1 659 1 661 1 662 1 660 1 288 1 67 1 48 1 638 1 561 1 401 1 77 1 664 1
105 15 17 290 1 262 1 380 1 351 1 277 2 289 2 665 1 362 3 13 1 19 1 90 1 311 1 658 1 367 1 411 2 470 1 7 1
108 16 5 64 2 124 1 143 1 6 1 348 1
115 17 5 124 2 45 1 27 1 121 1 7 1
//IdTournes NbColis
6 6
//IdColis IdCommandeInColis NbProducts IdProd1 QtyProd1 IdProd2 QtyProd2 ...
136 18 28 102 1 283 1 329 1 489 1 180 1 307 1 397 2 544 1 29 1 113 1 209 1 7 1 206 2 536 1 564 1 20 1 148 2 98 1 517 3 635 1 563 1 499 1 299 1 514 1 303 1 542 1 466 1 580 1
232 31 24 362 1 417 1 604 1 522 1 252 1 263 1 282 1 274 1 339 1 365 1 592 1 330 1 250 1 273 1 607 2 573 1 492 1 489 1 180 1 673 1 156 1 7 2 145 1 20 1
111 16 18 290 1 256 1 278 2 289 2 417 1 221 1 433 1 128 1 357 2 471 2 488 2 476 1 434 1 252 1 271 1 286 1 487 1 103 1
147 19 36 150 1 157 1 620 2 373 1 561 1 103 1 211 1 378 1 260 1 347 1 399 1 319 1 266 1 390 1 158 2 324 2 334 1 484 1 112 2 38 2 270 1 349 1 345 1 253 1 489 1 458 1 126 1 364 1 51 1 20 1 98 2 99 1 212 1 214 1 426 1 427 1
153 20 25 252 1 272 1 274 1 285 2 48 1 638 2 330 1 273 1 108 1 529 1 104 1 58 1 119 1 120 1 246 1 116 1 29 1 122 1 114 1 603 1 564 1 563 1 299 1 302 1 562 1
34 5 11 525 1 8 1 329 1 489 1 605 1 232 1 542 1 427 1 302 1 394 1 446 1
//IdTournes NbColis
7 6
//IdColis IdCommandeInColis NbProducts IdProd1 QtyProd1 IdProd2 QtyProd2 ...
151 20 10 202 1 105 1 97 1 14 1 30 1 47 1 41 2 42 1 566 1 106 1
156 21 5 45 1 89 1 124 2 105 1 433 1
308 44 23 350 1 359 1 252 1 521 1 478 1 495 1 496 2 348 1 361 2 272 2 274 1 339 1 285 2 386 1 374 1 273 1 8 1 363 1 246 1 484 1 605 1 527 1 526 1
10 2 19 359 1 520 1 510 1 555 1 522 3 495 2 568 2 549 2 415 1 361 3 348 2 369 1 288 1 339 1 9 1 37 2 619 1 250 1 20 1
40 6 32 48 1 638 2 267 1 264 1 273 1 52 1 131 1 260 1 498 1 627 1 269 1 127 1 135 1 611 1 102 1 349 2 541 1 605 1 307 1 56 1 29 2 447 1 247 1 536 1 299 1 303 1 302 1 394 1 671 1 651 1 444 1 445 1
169 22 13 285 2 273 1 204 1 399 1 324 1 484 4 127 1 429 1 489 1 253 1 62 1 199 1 99 1
//IdTournes NbColis
8 6
//IdColis IdCommandeInColis NbProducts IdProd1 QtyProd1 IdProd2 QtyProd2 ...
271 37 21 415 1 254 1 21 1 237 1 467 1 26 1 127 1 135 1 38 1 248 1 298 1 244 1 253 1 489 3 605 1 307 1 430 1 653 1 236 1 428 1 542 1
16 3 14 41 1 42 1 47 1 10 1 532 1 12 1 290 1 259 1 412 2 505 2 289 2 256 1 277 1 622 1
172 23 5 143 1 45 1 117 2 25 2 10 1
178 24 12 639 1 14 1 30 1 47 1 41 2 42 1 10 1 290 1 259 1 342 1 297 1 51 1
80 10 19 430 1 326 1 101 1 564 1 51 1 62 1 20 4 98 3 99 1 597 1 585 1 596 1 426 1 303 1 595 1 466 1 304 1 446 1 576 1
162 22 5 190 1 201 1 136 1 124 1 106 1
//IdTournes NbColis
9 6
//IdColis IdCommandeInColis NbProducts IdProd1 QtyProd1 IdProd2 QtyProd2 ...
165 22 9 132 1 133 1 134 1 18 1 159 1 14 2 30 1 47 1 51 1
166 22 11 41 2 42 1 110 1 567 1 106 2 405 1 413 1 290 1 259 1 412 4 478 1
188 25 15 289 1 291 1 417 1 128 2 171 1 402 1 589 1 403 1 382 1 411 4 471 2 507 1 367 1 488 4 485 1
61 8 35 251 1 274 1 503 1 288 1 285 2 67 2 48 1 273 1 52 1 131 1 573 1 381 1 594 1 484 3 112 1 38 1 94 1 541 1 544 1 29 1 653 1 101 1 428 1 306 1 146 1 20 1 99 1 577 1 557 2 517 1 394 1 587 2 304 1 421 1 576 1
91 12 6 492 1 337 1 74 1 499 1 441 1 302 1
135 18 24 272 1 274 1 400 1 285 2 654 1 368 1 590 3 584 1 512 1 592 2 593 2 513 2 273 1 52 1 183 1 399 1 467 1 203 1 556 1 591 2 363 2 479 2 181 2 394 1
//IdTournes NbColis
10 6
//IdColis IdCommandeInColis NbProducts IdProd1 QtyProd1 IdProd2 QtyProd2 ...
152 20 15 63 1 125 1 360 1 290 1 259 1 278 2 289 2 256 1 107 1 636 1 414 1 493 4 565 1 478 1 487 2
201 26 14 52 1 347 1 324 2 363 2 479 2 484 2 329 1 489 3 180 1 605 1 307 2 430 1 646 1 544 1
207 27 21 52 1 21 1 115 2 147 1 204 1 266 1 246 1 450 1 484 2 329 1 307 1 458 1 603 1 148 1 301 1 303 1 308 1 294 1 302 1 304 1 300 1
212 28 23 488 4 325 1 554 1 252 1 546 1 359 3 549 1 272 1 274 1 579 1 323 1 285 2 142 1 48 1 330 1 273 1 52 1 26 1 319 1 293 1 390 1 283 1 364 1
217 29 8 277 1 279 1 36 1 632 1 376 1 266 1 74 1 126 1
221 30 5 289 1 257 1 277 2 417 2 107 16
//IdTournes NbColis
11 6
//IdColis IdCommandeInColis NbProducts IdProd1 QtyProd1 IdProd2 QtyProd2 ...
206 27 20 289 1 419 1 227 1 408 1 252 1 258 1 487 3 555 4 144 1 468 1 485 1 348 2 272 2 274 1 285 1 67 1 91 1 250 1 273 1 447 1
65 9 6 143 1 45 1 194 1 89 1 109 1 272 1
126 18 5 64 1 152 2 192 1 109 1 481 1
180 24 10 67 1 48 1 137 1 129 1 479 2 363 2 349 1 544 1 536 1 540 1
58 8 12 159 1 14 2 25 2 30 1 42 1 47 1 110 1 567 1 360 1 259 1 290 1 572 1
63 9 4 64 3 27 1 11 1 294 1
//IdTournes NbColis
12 6
//IdColis IdCommandeInColis NbProducts IdProd1 QtyProd1 IdProd2 QtyProd2 ...
129 18 11 14 2 25 2 30 1 42 1 47 1 532 1 110 1 12 1 305 1 335 2 141 1
142 19 13 45 1 47 1 42 1 110 1 151 1 207 1 305 1 335 1 320 1 416 1 547 1 360 2 514 1
163 22 5 27 2 179 1 89 1 11 1 206 1
247 34 9 44 1 93 1 40 1 155 2 43 1 504 1 110 1 207 1 256 1
269 37 13 45 1 47 1 42 1 165 1 110 1 261 1 480 1 547 2 360 1 588 1 259 1 290 1 206 1
118 17 11 41 2 42 1 332 1 12 2 354 1 320 1 455 2 360 1 259 1 328 3 272 1
//IdTournes NbColis
13 6
//IdColis IdCommandeInColis NbProducts IdProd1 QtyProd1 IdProd2 QtyProd2 ...
70 9 24 510 1 555 1 511 2 487 2 483 1 497 2 553 1 549 1 272 1 274 1 503 1 296 1 285 2 48 1 273 1 265 1 275 1 55 1 58 1 293 1 324 1 363 2 479 3 464 1
160 21 23 478 1 487 1 555 2 272 1 274 1 243 1 296 1 285 2 48 1 273 1 373 1 344 1 55 1 166 1 266 1 284 1 484 1 489 2 653 1 603 1 161 1 427 1 652 1
239 32 21 274 1 285 2 141 1 142 1 67 1 48 1 273 1 21 1 373 1 309 1 319 1 266 1 324 1 484 2 276 1 345 1 253 1 489 1 169 1 236 1 161 2
106 15 21 582 1 376 1 409 2 331 1 384 1 340 1 478 1 482 3 519 2 415 1 361 2 272 2 274 1 339 2 365 1 368 1 273 1 75 1 260 1 381 1 447 1
244 33 15 242 1 436 1 350 2 495 4 496 1 497 2 361 1 644 1 75 1 363 2 283 1 541 1 489 1 307 1 396 1
238 32 16 417 1 13 1 228 1 234 1 604 1 414 1 367 1 478 3 487 4 555 2 511 2 468 1 485 1 549 1 481 2 251 2
//IdTournes NbColis
14 6
//IdColis IdCommandeInColis NbProducts IdProd1 QtyProd1 IdProd2 QtyProd2 ...
249 34 15 417 3 419 3 13 1 164 2 19 1 36 1 227 1 230 1 471 1 488 4 242 1 255 1 476 1 418 1 309 1
257 35 18 314 1 508 1 509 1 259 1 290 1 404 1 328 1 477 1 256 1 278 2 295 2 417 1 13 1 163 1 36 1 197 1 200 1 156 1
251 34 20 87 1 238 1 266 1 284 1 112 1 611 1 613 1 270 1 276 1 349 1 489 2 56 1 122 1 577 2 517 2 301 1 294 1 302 1 516 2 587 3
4 2 5 15 1 17 1 32 1 44 1 335 1
14 3 6 17 1 24 1 27 1 34 1 14 1 285 1
20 4 5 15 1 17 1 33 1 35 1 261 1
//IdTournes NbColis
15 6
//IdColis IdCommandeInColis NbProducts IdProd1 QtyProd1 IdProd2 QtyProd2 ...
36 6 4 27 1 124 3 14 1 25 1
42 7 4 15 1 149 2 32 1 562 1
43 7 5 201 1 64 2 152 1 14 1 285 1
47 7 11 648 1 14 1 30 1 41 2 42 1 47 1 314 1 151 1 335 1 456 2 486 1
74 10 10 57 1 97 1 14 2 25 2 30 1 42 1 47 1 332 1 366 1 83 1
110 16 12 14 1 25 2 30 1 42 1 47 1 610 1 473 3 456 1 480 1 486 1 259 1 489 1
//IdTournes NbColis
16 6
//IdColis IdCommandeInColis NbProducts IdProd1 QtyProd1 IdProd2 QtyProd2 ...
117 17 8 89 1 153 1 121 1 193 1 14 1 30 1 47 1 532 1
140 19 5 152 1 118 1 123 2 14 1 25 1
158 21 14 14 1 30 1 41 2 47 1 42 1 486 1 259 1 404 1 290 1 322 1 256 1 278 2 289 1 252 1
182 25 3 15 3 152 1 587 1
183 25 5 15 1 17 1 186 1 123 1 583 1
186 25 7 182 2 193 2 14 1 30 1 41 2 168 1 614 1
//IdTournes NbColis
17 6
//IdColis IdCommandeInColis NbProducts IdProd1 QtyProd1 IdProd2 QtyProd2 ...
205 27 14 14 1 25 2 30 1 47 1 42 1 305 1 259 1 290 1 262 1 505 1 256 1 277 2 289 1 285 1
210 28 11 143 1 14 1 25 2 30 1 42 1 47 1 462 1 63 1 354 1 259 1 290 1
220 30 13 184 1 14 1 30 1 47 1 41 2 42 1 504 1 328 1 290 1 259 1 333 1 289 1 487 1
235 32 6 27 1 123 1 194 1 89 1 14 1 30 1
254 35 5 64 1 24 1 27 2 14 1 25 1
262 36 8 152 1 192 1 648 1 162 1 25 2 40 1 47 1 362 1
//IdTournes NbColis
18 6
//IdColis IdCommandeInColis NbProducts IdProd1 QtyProd1 IdProd2 QtyProd2 ...
267 37 5 32 1 64 2 123 1 14 1 25 1
273 38 5 32 1 64 2 143 1 14 1 25 1
278 39 9 639 1 198 1 14 1 30 1 47 1 41 2 42 1 504 1 322 1
283 40 9 32 1 64 1 14 1 25 2 30 1 42 1 47 1 354 1 272 1
287 41 3 15 2 44 2 335 1
305 44 6 143 1 44 1 152 1 192 1 162 1 25 1
//IdTournes NbColis
19 6
//IdColis IdCommandeInColis NbProducts IdProd1 QtyProd1 IdProd2 QtyProd2 ...
46 7 7 89 1 143 1 57 1 202 1 154 1 218 1 335 1
100 14 7 33 1 45 1 89 1 202 1 76 1 31 1 43 1
103 15 5 175 1 33 2 89 1 76 1 365 1
109 16 6 143 1 27 2 117 1 57 1 320 1 446 1
128 18 7 57 1 213 1 218 1 188 1 154 2 18 2 304 1
155 21 5 24 1 123 2 34 1 57 1 272 1
//IdTournes NbColis
20 6
//IdColis IdCommandeInColis NbProducts IdProd1 QtyProd1 IdProd2 QtyProd2 ...
209 28 5 64 2 32 1 179 1 57 1 348 1
301 43 10 213 2 648 1 25 1 30 1 40 1 42 1 47 1 608 1 462 1 588 1
314 47 4 57 1 188 1 372 1 367 1
92 13 5 174 1 175 1 33 1 35 1 335 1
164 22 7 639 1 130 1 117 1 198 1 88 1 195 1 59 1
215 29 5 35 1 68 2 89 1 138 1 23 1
//IdTournes NbColis
21 6
//IdColis IdCommandeInColis NbProducts IdProd1 QtyProd1 IdProd2 QtyProd2 ...
125 18 4 17 2 201 1 32 1 671 1
5 2 7 44 1 89 1 143 1 618 1 18 1 612 1 415 1
21 4 6 45 1 117 2 132 1 121 1 111 1 20 1
127 18 5 192 2 89 1 143 1 111 1 361 1
150 20 5 124 2 601 1 639 1 111 1 272 1
176 24 4 149 1 136 1 124 2 18 1
//IdTournes NbColis
22 6
//IdColis IdCommandeInColis NbProducts IdProd1 QtyProd1 IdProd2 QtyProd2 ...
185 25 6 136 1 225 1 121 2 182 1 18 1 285 1
197 26 11 117 1 18 1 25 2 31 1 47 1 40 1 42 1 314 1 366 1 305 1 330 1
204 27 7 152 1 89 1 153 1 111 1 154 1 612 1 230 1
218 30 6 27 1 179 1 34 1 45 1 111 1 481 1
250 34 21 554 1 534 1 252 1 263 1 281 1 474 1 487 3 496 1 553 1 468 1 549 2 348 1 272 2 274 1 285 2 167 1 48 1 91 3 273 1 131 1 158 1
288 41 9 182 1 111 1 188 1 612 1 25 2 30 1 40 1 42 1 22 1
//IdTournes NbColis
23 6
//IdColis IdCommandeInColis NbProducts IdProd1 QtyProd1 IdProd2 QtyProd2 ...
122 17 21 484 2 112 2 448 1 102 1 292 1 298 1 349 1 329 1 489 2 605 1 572 1 307 1 430 1 653 1 458 1 101 1 62 1 371 1 98 1 642 2 446 1
131 18 7 674 1 404 5 328 6 259 1 290 1 477 3 112 1
312 46 14 68 1 23 1 31 1 39 1 43 1 46 1 290 1 259 1 342 1 289 1 249 1 257 1 277 1 609 1
112 16 22 487 1 485 1 361 1 272 2 274 1 285 2 48 1 442 1 273 1 352 1 266 2 591 1 284 1 324 2 113 1 126 1 447 1 59 1 62 1 557 1 444 1 445 1
213 28 19 253 1 329 1 122 1 653 1 113 1 673 1 140 1 621 1 536 1 564 1 597 1 585 1 596 1 303 1 542 1 595 1 294 2 466 1 304 1
145 19 16 418 1 535 2 331 1 263 1 340 1 478 3 482 4 359 2 286 1 521 1 495 3 568 2 520 1 510 1 522 1 114 1
//IdTournes NbColis
24 6
//IdColis IdCommandeInColis NbProducts IdProd1 QtyProd1 IdProd2 QtyProd2 ...
298 42 24 257 1 351 1 277 1 279 1 289 1 407 1 242 1 287 1 425 1 401 1 667 1 158 2 248 1 429 1 430 1 424 1 236 1 428 1 114 1 426 1 427 1 294 1 421 1 396 1
121 17 27 495 2 568 1 555 1 272 1 274 1 243 1 296 1 339 1 365 2 654 1 37 1 48 1 619 1 386 1 368 1 592 2 273 1 641 1 115 1 204 2 160 1 467 1 390 1 324 1 363 2 479 1 61 1
291 41 15 341 1 351 1 277 2 291 1 538 1 362 2 417 4 176 1 604 2 367 1 376 2 439 1 533 1 325 1 418 1
222 30 3 139 12 60 10 361 1
76 10 13 342 1 500 2 501 2 385 1 460 1 312 1 313 1 256 1 278 2 295 2 417 5 419 1 59 1
285 40 25 325 1 252 1 263 1 506 1 510 1 511 3 274 1 285 2 67 1 48 1 512 1 513 1 273 1 170 1 21 1 373 1 324 1 450 1 479 2 363 2 283 1 253 1 459 2 489 3 517 1
//IdTournes NbColis
25 6
//IdColis IdCommandeInColis NbProducts IdProd1 QtyProd1 IdProd2 QtyProd2 ...
223 30 5 60 7 185 6 222 7 229 2 361 1
258 35 25 90 1 414 1 382 1 325 1 436 1 252 1 359 2 487 2 511 1 251 2 274 1 369 1 296 1 285 2 167 1 48 1 386 1 273 1 21 1 344 1 319 1 390 1 515 1 324 1 247 1
107 15 8 390 1 594 1 180 1 307 1 544 1 146 1 398 1 212 1
192 25 18 591 3 450 1 363 4 479 2 484 5 298 1 329 3 489 4 180 2 581 1 570 1 146 1 585 1 499 1 387 1 303 1 294 1 389 1
57 8 7 149 1 64 1 117 1 132 1 213 1 332 1 389 1
300 43 7 123 1 45 1 117 1 132 1 134 1 25 1 513 1
//IdTournes NbColis
26 6
//IdColis IdCommandeInColis NbProducts IdProd1 QtyProd1 IdProd2 QtyProd2 ...
44 7 4 152 3 27 1 177 1 306 1
277 39 5 124 2 45 1 89 1 177 1 614 1
1 1 5 33 2 35 1 45 1 23 1 31 1
83 11 13 31 1 39 1 43 1 599 1 504 1 472 1 320 2 456 2 416 1 354 1 480 1 360 1 259 1
296 42 6 33 1 35 1 45 1 68 1 23 1 31 1
310 45 9 45 1 68 1 23 2 31 1 39 1 43 1 46 1 259 1 331 1
//IdTournes NbColis
27 6
//IdColis IdCommandeInColis NbProducts IdProd1 QtyProd1 IdProd2 QtyProd2 ...
177 24 6 45 1 24 1 601 1 89 1 612 1 354 1
203 27 6 32 1 64 1 143 1 24 1 193 1 306 1
66 9 8 117 1 88 1 213 1 97 1 25 2 30 1 47 1 532 1
141 19 5 192 2 89 1 143 1 25 1 30 1
230 31 7 32 1 89 1 143 1 188 1 25 1 31 1 40 1
255 35 5 179 2 32 1 143 1 25 1 30 1
//IdTournes NbColis
28 6
//IdColis IdCommandeInColis NbProducts IdProd1 QtyProd1 IdProd2 QtyProd2 ...
268 37 6 123 1 194 1 89 1 143 1 25 1 30 1
274 38 12 143 1 25 1 30 1 47 1 42 1 610 1 261 2 456 1 259 1 290 1 262 1 408 1
306 44 11 117 1 25 1 40 1 42 1 47 1 320 1 473 1 455 2 456 2 360 2 250 1
263 36 13 42 1 165 2 332 1 360 1 259 1 290 1 322 2 257 1 277 2 289 2 362 2 171 1 348 1
22 4 11 193 1 97 1 31 1 40 1 43 1 47 1 155 2 626 1 338 1 462 1 344 1
35 6 5 32 1 69 1 27 2 224 1 235 1
//IdTournes NbColis
29 6
//IdColis IdCommandeInColis NbProducts IdProd1 QtyProd1 IdProd2 QtyProd2 ...
64 9 5 27 2 32 1 143 1 121 1 464 1
289 41 9 47 1 626 1 532 2 551 1 320 1 455 1 360 4 547 4 189 1
157 21 6 124 1 225 2 117 1 97 1 63 1 61 1
98 13 8 423 1 484 6 253 1 180 1 646 1 527 1 673 1 81 1
293 41 21 485 2 549 1 348 2 272 2 274 1 365 2 386 1 273 1 620 1 260 1 86 1 92 1 324 2 334 2 336 1 363 3 484 1 329 2 489 4 82 1 528 1
313 46 22 331 1 274 1 272 1 365 1 273 1 381 1 270 1 572 2 306 1 364 1 570 1 571 1 82 1 575 1 542 1 294 1 391 1 446 1 574 1 578 1 396 1 580 1
//IdTournes NbColis
30 6
//IdColis IdCommandeInColis NbProducts IdProd1 QtyProd1 IdProd2 QtyProd2 ...
9 2 16 367 1 411 2 376 2 408 1 409 1 436 1 534 2 535 1 554 1 435 2 340 3 346 1 478 1 482 2 359 3 28 1
71 9 14 479 1 292 1 298 1 283 1 429 2 489 1 307 2 544 1 122 1 231 1 28 1 637 2 444 1 645 1
114 17 5 149 1 201 1 118 1 34 1 125 1
281 39 23 485 1 549 2 502 2 251 2 274 1 285 2 67 2 48 1 91 2 273 1 377 1 378 1 309 1 319 1 484 4 617 1 283 1 253 1 28 1 564 1 557 1 563 1 585 1
120 17 21 289 1 604 1 650 1 239 1 367 1 411 3 582 1 325 1 476 1 534 1 554 1 178 1 640 2 435 1 453 1 454 1 370 1 252 1 359 1 478 1 482 1
133 18 13 357 1 411 2 507 2 488 2 582 1 325 1 418 3 534 3 535 1 554 2 178 2 252 1 346 3
//IdTournes NbColis
31 6
//IdColis IdCommandeInColis NbProducts IdProd1 QtyProd1 IdProd2 QtyProd2 ...
189 25 17 242 1 533 1 535 2 554 1 534 1 178 1 640 1 454 1 241 1 252 1 263 1 271 1 350 3 478 1 546 5 359 1 506 2
292 41 14 310 1 178 1 340 1 252 1 359 5 478 2 495 3 550 2 483 1 519 2 497 2 321 1 485 3 339 1
37 6 4 143 2 179 1 117 2 65 1
38 6 14 117 1 30 1 41 1 47 1 42 1 508 1 259 1 290 1 245 1 537 1 249 1 256 1 278 2 285 1
236 32 5 124 3 117 1 47 1 41 1 252 1
173 23 16 30 1 47 1 40 1 42 1 462 1 305 2 405 1 259 1 290 1 451 1 249 1 257 1 341 1 277 1 36 1 426 1
//IdTournes NbColis
32 6
//IdColis IdCommandeInColis NbProducts IdProd1 QtyProd1 IdProd2 QtyProd2 ...
31 5 8 192 1 93 1 184 1 31 1 39 1 66 2 43 1 257 1
216 29 10 93 2 31 1 46 1 39 1 43 1 125 1 259 1 297 1 257 1 48 1
241 33 5 35 1 143 1 44 2 31 1 47 1
246 34 6 33 1 35 1 89 1 223 1 31 1 47 1
139 19 5 32 1 64 2 152 1 213 1 415 1
171 23 5 32 1 64 2 123 1 121 1 465 1
//IdTournes NbColis
33 6
//IdColis IdCommandeInColis NbProducts IdProd1 QtyProd1 IdProd2 QtyProd2 ...
195 26 4 186 2 32 1 44 1 456 1
191 25 24 361 4 348 1 272 2 274 1 339 1 285 1 330 1 267 1 590 2 593 2 273 1 150 1 157 1 210 1 219 1 641 1 401 2 467 1 86 1 216 1 92 2 293 1 423 1 253 1
75 10 11 63 1 615 1 354 1 259 1 404 1 477 1 290 1 412 3 355 1 505 6 471 1
30 5 5 35 1 68 2 123 1 193 1 301 1
132 18 16 494 1 548 1 322 2 537 2 257 1 341 1 277 2 279 2 289 2 531 1 36 1 90 1 217 1 220 1 357 1 183 1
144 19 14 257 1 277 3 289 3 362 3 417 3 559 1 36 1 311 1 239 1 367 1 255 1 409 1 558 1 415 1
//IdTournes NbColis
34 6
//IdColis IdCommandeInColis NbProducts IdProd1 QtyProd1 IdProd2 QtyProd2 ...
167 22 14 505 1 322 1 295 2 256 1 278 2 417 4 419 1 36 1 657 1 633 1 414 3 408 2 534 1 48 1
198 26 15 360 1 259 1 290 1 322 1 240 1 257 1 343 1 351 1 277 2 289 2 362 2 417 5 36 1 464 1 444 1
243 33 19 261 1 494 1 290 1 259 1 262 1 322 1 333 1 379 1 277 1 289 1 257 1 341 1 343 1 362 1 417 2 36 1 239 1 407 1 408 1
116 17 4 152 3 123 1 121 1 647 1
196 26 6 44 1 152 1 89 1 143 1 121 1 570 1
49 7 7 412 4 505 5 552 4 342 1 297 1 322 3 37 1
//IdTournes NbColis
35 6
//IdColis IdCommandeInColis NbProducts IdProd1 QtyProd1 IdProd2 QtyProd2 ...
253 35 4 215 1 201 1 64 2 360 1
261 36 5 186 1 64 1 143 1 44 1 159 1
84 11 15 290 1 322 1 257 1 277 2 279 1 289 2 171 2 470 1 582 2 534 1 535 1 340 4 346 2 331 1 273 1
234 32 4 201 1 136 1 143 2 612 1
248 34 10 168 1 486 1 259 1 290 1 404 1 328 5 477 3 322 1 278 2 289 2
256 35 6 143 1 45 1 208 1 194 1 47 1 504 1
//IdTournes NbColis
36 6
//IdColis IdCommandeInColis NbProducts IdProd1 QtyProd1 IdProd2 QtyProd2 ...
264 36 15 191 1 657 1 357 3 554 1 534 1 535 1 310 1 346 1 350 4 359 2 478 4 482 1 495 1 522 2 316 1
174 23 28 289 1 280 1 362 1 317 1 200 1 367 1 439 1 436 1 478 1 568 1 520 2 482 1 483 1 549 1 481 1 67 1 309 1 467 1 573 1 463 1 443 1 461 1 270 1 397 1 394 1 466 1 391 1 464 1
184 25 4 186 1 201 2 192 1 576 1
219 30 5 124 2 225 1 88 1 154 1 567 1
2 1 12 89 1 93 1 39 1 46 1 43 1 259 1 290 1 375 1 438 1 257 1 343 1 231 1
297 42 11 89 1 93 1 39 1 46 1 43 1 305 1 259 1 290 1 406 1 333 1 249 1
//IdTournes NbColis
37 6
//IdColis IdCommandeInColis NbProducts IdProd1 QtyProd1 IdProd2 QtyProd2 ...
67 9 9 40 1 42 1 504 1 268 1 320 1 473 5 456 2 360 3 322 1
242 33 10 45 1 89 1 40 1 155 2 43 1 305 1 456 1 480 1 360 1 302 1
69 9 20 90 1 230 1 636 1 632 1 173 1 220 1 357 1 411 2 471 1 507 2 488 1 408 1 534 1 554 2 252 1 258 1 286 1 287 1 359 2 243 1
25 4 14 239 1 411 1 507 2 582 4 367 1 409 2 252 1 340 1 478 1 495 2 568 3 520 1 555 4 212 1
276 38 9 65 1 246 1 440 1 363 1 443 1 430 2 397 1 169 1 371 1
237 32 14 41 1 42 1 320 1 360 1 486 1 259 1 290 1 477 3 240 1 256 1 278 2 295 2 417 1 478 1
//IdTournes NbColis
38 6
//IdColis IdCommandeInColis NbProducts IdProd1 QtyProd1 IdProd2 QtyProd2 ...
231 31 15 155 1 42 1 47 1 462 1 405 1 455 3 360 1 259 1 290 1 322 1 342 1 257 1 277 1 289 1 272 1
187 25 16 42 1 47 1 354 2 473 1 456 1 360 1 588 1 259 1 290 1 333 1 342 1 385 1 257 1 277 2 289 1 244 1
90 12 23 43 1 46 1 290 1 333 1 460 1 257 1 277 1 289 1 633 1 239 1 263 1 271 1 288 1 48 1 91 1 67 1 250 1 386 1 378 1 260 2 275 1 498 1 634 1
179 24 16 322 1 351 1 278 2 295 2 240 2 256 1 341 1 280 1 311 1 471 1 408 1 359 3 487 1 496 2 348 2 67 1
265 36 18 496 3 252 1 553 3 497 1 361 3 503 2 272 2 274 1 339 1 365 2 67 1 273 1 381 1 556 1 324 2 363 3 479 1 283 1
303 43 21 555 2 359 2 485 1 348 1 272 2 274 1 285 2 67 2 48 1 638 1 273 1 525 1 515 1 484 1 450 1 248 1 349 3 517 1 514 2 516 1 446 1
//IdTournes NbColis
39 6
//IdColis IdCommandeInColis NbProducts IdProd1 QtyProd1 IdProd2 QtyProd2 ...
77 10 13 311 1 616 1 624 1 414 5 471 2 493 3 507 1 488 2 533 1 325 1 418 2 554 3 577 1
211 28 17 412 1 358 1 256 1 341 1 278 2 291 1 289 2 311 1 317 1 318 1 631 1 226 1 228 1 411 3 471 2 367 1 272 1
284 40 19 405 1 360 1 259 1 262 1 505 1 256 1 277 1 278 1 279 1 289 2 417 1 419 1 172 1 173 1 239 1 367 2 507 1 325 1 272 1
228 30 7 187 1 137 1 429 1 489 3 326 1 424 1 232 1
159 21 16 289 1 452 1 419 1 433 1 471 1 493 1 488 4 376 2 255 1 408 2 436 1 418 1 435 2 453 3 271 1 169 1
279 39 13 372 1 125 1 261 1 486 3 259 1 404 1 477 3 290 1 355 1 256 1 351 1 278 2 239 1
//IdTournes NbColis
40 6
//IdColis IdCommandeInColis NbProducts IdProd1 QtyProd1 IdProd2 QtyProd2 ...
275 38 21 438 1 431 1 256 1 351 1 277 2 643 1 289 2 419 1 227 1 367 1 252 1 271 1 272 2 274 1 285 2 48 1 273 1 377 1 373 1 378 1 275 1
200 26 15 495 1 550 1 568 3 510 2 522 3 549 3 361 1 348 3 481 2 272 2 274 1 579 1 365 2 91 1 273 1
227 30 13 623 10 624 2 367 1 408 1 520 1 522 1 252 1 272 1 274 1 410 2 285 2 91 1 273 1
53 7 21 555 3 522 2 496 1 491 1 553 4 321 1 468 1 549 1 481 1 272 2 274 1 365 1 619 1 386 1 584 2 273 1 378 1 467 1 203 1 437 1 205 1
26 4 19 550 1 286 1 425 1 483 1 519 4 497 1 549 3 361 1 481 2 415 2 272 2 274 1 503 1 356 1 365 2 619 1 628 1 368 1 327 1
33 5 19 435 1 350 1 478 2 482 3 495 1 496 2 252 1 483 1 519 1 321 2 485 3 361 2 272 1 274 1 339 1 365 1 273 1 620 1 529 1
//IdTournes NbColis
41 6
//IdColis IdCommandeInColis NbProducts IdProd1 QtyProd1 IdProd2 QtyProd2 ...
225 30 4 234 8 432 12 226 2 361 1
226 30 3 226 16 669 6 272 1
60 8 20 227 1 589 1 471 1 493 3 507 1 488 2 408 1 554 1 435 1 453 1 252 1 263 1 281 1 282 1 487 2 496 1 468 2 502 1 251 1 160 1
311 45 17 290 1 277 1 289 1 257 1 623 1 272 1 274 1 365 1 273 1 625 1 467 1 334 1 543 1 306 1 539 1 542 1 446 1
224 30 4 229 10 233 8 234 4 361 1
270 37 19 297 1 240 1 257 1 277 1 279 2 289 1 291 1 362 3 417 2 230 1 239 1 409 1 241 1 271 1 282 1 286 1 520 1 519 1 299 1
//IdTournes NbColis
42 6
//IdColis IdCommandeInColis NbProducts IdProd1 QtyProd1 IdProd2 QtyProd2 ...
199 26 15 311 1 357 2 239 1 367 2 325 2 534 2 435 1 454 1 331 1 271 1 340 3 482 3 359 1 495 3 329 1
280 39 17 295 2 417 3 419 2 311 1 318 1 493 1 488 2 367 2 376 1 408 1 476 1 554 1 241 1 252 1 263 1 287 1 485 1
119 17 13 328 1 477 2 548 1 290 1 412 4 505 1 552 2 385 1 257 1 277 2 279 1 289 1 369 1
146 19 17 522 1 550 2 361 2 348 2 481 3 272 3 274 2 369 1 323 3 243 1 365 3 374 1 254 1 420 1 593 1 273 1 542 1
96 13 18 402 1 357 1 470 2 507 2 582 2 376 1 255 1 490 1 409 1 325 1 436 1 454 1 331 1 281 1 340 2 346 2 478 3 672 1
52 7 11 535 2 554 1 435 3 453 5 370 1 252 1 346 2 350 1 359 3 478 4 495 1
//IdTournes NbColis
43 6
//IdColis IdCommandeInColis NbProducts IdProd1 QtyProd1 IdProd2 QtyProd2 ...
7 2 11 320 2 455 3 360 3 413 2 486 1 259 1 290 1 545 1 548 2 322 1 393 1
23 4 13 305 1 320 1 455 1 456 1 480 1 259 1 548 1 290 1 412 2 355 1 505 5 333 1 436 1
95 13 12 320 1 416 2 480 1 360 2 259 1 290 1 322 1 257 1 343 1 277 2 289 2 417 4
130 18 8 335 2 320 1 455 4 456 1 360 5 413 1 508 2 322 1
85 11 16 384 1 478 2 482 1 495 2 568 3 550 1 520 1 522 1 321 1 485 2 549 2 361 3 481 2 415 2 272 2 397 1
50 7 9 322 1 656 3 537 3 257 1 277 2 289 2 392 1 417 3 419 4
//IdTournes NbColis
44 6
//IdColis IdCommandeInColis NbProducts IdProd1 QtyProd1 IdProd2 QtyProd2 ...
143 19 13 360 1 268 1 486 2 508 1 509 2 259 1 290 2 375 1 379 1 383 1 322 3 560 1 656 1
290 41 9 509 1 328 5 259 1 545 2 548 2 322 4 342 1 249 1 257 1
27 4 24 273 1 352 1 525 1 573 1 594 1 324 1 450 1 334 3 363 2 484 1 337 1 349 2 345 1 329 3 489 5 307 1 430 1 653 1 630 1 514 2 308 1 562 1 421 1 629 1
302 43 17 462 1 486 2 456 1 259 1 290 1 355 1 256 1 278 2 289 2 417 2 325 1 418 1 241 1 252 1 263 1 524 1 557 1
259 35 13 479 1 363 2 489 2 326 1 398 1 517 1 395 1 514 2 394 1 516 1 391 1 576 1 629 1
48 7 9 486 1 674 1 259 1 328 4 477 4 494 4 548 1 290 1 345 1
//IdTournes NbColis
45 6
//IdColis IdCommandeInColis NbProducts IdProd1 QtyProd1 IdProd2 QtyProd2 ...
54 7 18 556 1 363 1 484 2 349 3 329 1 489 2 646 1 458 1 673 1 543 1 306 1 441 1 514 1 303 1 466 1 446 2 651 1 464 1
78 10 14 554 1 534 1 252 1 474 1 359 4 546 1 555 3 511 2 496 3 553 4 549 2 502 1 251 1 353 1
168 22 12 535 2 487 5 555 3 496 2 252 1 553 2 485 3 549 2 348 2 274 1 251 2 579 1
190 25 15 506 2 282 1 487 4 568 1 510 3 555 3 496 2 586 1 491 1 483 1 553 1 497 3 549 1 361 1 410 1
266 36 2 349 1 253 1
134 18 13 346 1 350 4 482 4 478 3 546 3 495 2 568 2 520 1 510 1 522 1 549 2 272 1 590 1
//IdTournes NbColis
46 2
//IdColis IdCommandeInColis NbProducts IdProd1 QtyProd1 IdProd2 QtyProd2 ...
148 19 4 655 1 421 1 651 1 396 1
286 40 2 514 1 516 1
