//NbTournees
3
//IdTournes NbColis
1 6
//IdColis IdCommandeInColis NbProducts IdProd1 QtyProd1 IdProd2 QtyProd2 ...
1 1 18 156 1 150 2 198 1 12 1 15 1 158 1 6 1 152 1 84 2 154 1 204 1 202 1 87 1 7 1 8 1 9 1 19 1 37 1
9 2 27 94 1 24 1 96 1 101 1 102 1 180 1 175 2 40 1 112 2 37 1 97 1 188 1 38 1 3 1 67 2 4 4 13 2 10 1 176 2 25 1 183 5 168 1 172 1 177 1 171 1 178 1 182 1
14 3 33 64 1 66 1 112 2 45 1 50 2 72 1 37 1 116 1 1 2 11 3 57 1 245 1 199 1 63 1 75 1 106 1 192 1 216 1 262 1 264 1 44 1 38 1 196 1 243 1 253 1 3 1 201 1 67 2 241 1 197 1 200 1 13 1 210 1
15 3 71 13 2 16 1 70 1 71 3 10 2 134 1 52 1 250 1 176 1 127 1 115 2 205 2 20 1 183 5 46 2 48 2 230 1 47 1 60 1 222 1 54 1 143 2 137 1 168 1 172 1 232 1 249 1 195 1 130 2 139 1 140 1 212 1 240 1 124 1 133 1 135 1 141 1 206 1 209 1 211 1 218 1 247 1 259 1 260 1 263 1 123 1 128 1 129 1 138 1 203 1 261 1 193 1 213 1 244 1 251 1 177 1 267 1 224 1 246 1 248 2 252 1 125 1 220 1 258 1 136 3 223 1 207 1 255 1 215 2 174 1 221 1
3 1 23 225 1 108 1 219 1 111 1 89 1 119 1 78 3 238 1 81 1 82 1 88 1 121 1 65 1 170 1 2 1 14 2 56 1 105 1 94 2 18 2 86 1 64 1 206 1
2 1 20 19 1 21 1 76 1 77 1 58 1 80 1 83 1 34 1 110 1 114 1 120 1 165 1 226 1 185 2 187 1 236 1 5 1 36 1 167 1 221 1
//IdTournes NbColis
2 6
//IdColis IdCommandeInColis NbProducts IdProd1 QtyProd1 IdProd2 QtyProd2 ...
7 2 22 28 1 12 1 179 2 32 1 27 1 90 1 93 1 95 1 100 1 189 1 190 1 7 1 29 1 30 1 34 1 35 1 19 1 91 1 58 1 104 1 39 1 174 1
12 3 21 7 1 41 1 8 1 43 1 49 1 51 1 53 1 19 1 55 1 58 1 59 1 62 1 142 1 147 1 149 1 185 2 214 1 217 1 219 1 151 1 210 1
4 1 25 234 1 109 1 66 2 175 1 112 3 37 1 113 1 116 1 117 1 1 2 11 3 57 1 233 1 199 1 106 2 107 1 118 1 155 1 166 1 192 1 239 1 38 1 3 1 67 2 4 3
8 2 23 185 1 187 1 23 1 26 1 31 1 36 1 99 1 167 1 173 1 92 2 89 1 169 1 82 1 65 1 98 1 103 1 170 1 181 1 184 1 186 1 33 1 94 1 4 1
5 1 42 4 1 237 1 227 1 197 1 229 1 13 3 16 1 70 1 10 2 151 1 160 2 134 1 153 1 176 1 127 1 115 1 20 1 183 5 17 1 231 1 230 1 79 1 60 1 85 1 157 1 222 1 159 1 143 1 22 1 232 2 162 1 163 1 138 1 235 1 164 1 125 1 161 1 220 1 228 1 136 2 223 1 207 1
13 3 24 256 1 36 1 61 1 68 1 191 1 69 1 169 2 265 1 65 1 132 1 146 1 121 1 42 1 14 2 56 1 73 1 33 1 94 2 144 1 148 1 126 1 145 1 175 1 231 1
//IdTournes NbColis
3 1
//IdColis IdCommandeInColis NbProducts IdProd1 QtyProd1 IdProd2 QtyProd2 ...
11 3 13 194 1 131 1 198 1 254 3 12 1 266 2 208 1 74 1 257 1 204 1 242 2 202 1 122 1
