//NbTournees
20
//IdTournes NbColis
1 6
//IdColis IdCommandeInColis NbProducts IdProd1 QtyProd1 IdProd2 QtyProd2 ...
83 23 17 391 3 201 1 114 1 31 2 37 2 388 1 43 1 51 1 377 1 382 1 92 1 77 1 321 1 322 1 95 1 200 1 218 1
120 36 12 395 1 80 1 81 2 126 1 88 1 18 2 37 2 42 1 43 2 51 1 378 1 304 1
121 36 26 378 1 392 1 401 1 336 1 206 1 326 1 140 1 160 2 77 1 211 1 321 1 322 1 330 1 95 1 155 1 104 1 116 1 397 1 90 1 152 1 188 2 190 1 216 2 315 1 380 1 180 1
132 40 28 237 1 95 1 155 1 104 1 116 1 400 1 284 1 90 1 188 2 190 1 216 2 315 1 403 1 236 1 285 1 101 3 189 1 115 1 379 1 100 1 102 4 159 1 109 1 99 1 103 1 222 2 223 1 218 1
2 1 27 107 1 309 1 550 2 349 2 230 1 155 1 104 1 116 1 8 2 19 1 21 1 29 1 48 2 49 1 59 1 61 1 542 1 397 1 90 1 152 1 186 1 190 1 216 2 315 1 1 1 10 1 334 1
7 2 30 155 1 104 1 156 1 65 1 71 1 74 1 90 1 94 1 216 2 315 1 188 1 190 2 291 1 2 1 41 1 52 1 396 1 112 1 115 2 101 2 266 1 205 1 207 2 294 1 100 2 106 1 109 1 153 2 99 1 299 1
//IdTournes NbColis
2 6
//IdColis IdCommandeInColis NbProducts IdProd1 QtyProd1 IdProd2 QtyProd2 ...
11 3 26 76 1 202 1 92 2 98 1 93 1 259 1 95 1 257 1 116 2 155 1 104 1 432 1 559 1 74 1 90 2 148 1 152 1 203 1 188 2 190 2 208 1 217 2 315 1 2 1 5 1 56 1
16 4 27 107 1 67 1 98 2 292 1 78 1 69 1 85 1 116 1 95 1 155 1 104 1 68 1 75 1 90 1 188 1 190 2 291 1 217 2 315 1 2 1 41 1 52 2 396 1 115 2 101 2 266 1 205 1
27 7 27 51 1 92 1 107 1 67 1 98 1 82 2 86 1 292 1 78 1 85 1 95 1 116 1 155 1 104 1 90 1 188 1 190 2 291 1 216 2 315 1 2 1 41 1 52 1 396 1 101 2 112 1 115 1
36 9 28 292 1 78 1 85 1 116 1 95 1 155 1 104 1 90 1 188 1 190 2 291 1 216 2 2 1 41 1 52 1 396 2 112 1 115 2 101 2 266 1 205 1 189 2 111 1 294 1 100 2 102 2 109 1 221 1
84 23 32 116 1 155 1 104 1 90 1 188 2 190 1 216 2 315 1 387 1 2 1 115 1 207 1 311 1 325 1 147 1 100 1 109 1 99 1 103 1 302 1 356 3 223 2 312 1 306 1 297 1 390 1 355 1 341 1 301 1 304 1 340 1 353 1
108 32 33 404 1 95 1 155 1 104 1 116 1 389 1 90 1 148 1 188 1 190 1 216 2 315 1 2 1 101 2 105 1 115 1 189 1 147 1 100 1 102 3 109 1 405 1 99 1 103 1 255 1 385 1 220 1 4 1 221 1 262 1 299 1 406 1 407 1
//IdTournes NbColis
3 6
//IdColis IdCommandeInColis NbProducts IdProd1 QtyProd1 IdProd2 QtyProd2 ...
104 31 19 394 1 80 2 134 1 142 1 83 2 88 2 408 1 416 1 426 2 433 1 181 1 77 1 96 1 342 1 237 1 95 1 104 1 116 1 155 1
116 35 12 13 1 333 1 80 2 178 1 83 2 88 2 18 2 37 2 42 1 43 1 408 1 410 1
8 2 16 103 1 222 2 223 1 337 1 34 1 4 1 296 1 50 1 221 1 24 1 47 1 239 1 279 1 278 1 305 1 339 1
12 3 34 11 1 41 1 52 1 396 1 101 2 105 1 115 2 266 1 189 2 64 1 125 1 147 1 100 2 102 2 159 1 109 1 193 1 251 1 145 1 99 1 103 1 255 1 222 3 223 2 129 1 337 1 45 1 269 1 4 1 50 1 296 1 297 1 556 1 561 1
17 4 27 189 2 112 1 185 1 294 1 64 1 100 2 154 2 109 1 99 1 103 1 222 2 223 1 548 1 63 1 213 1 4 1 46 1 296 1 50 1 300 2 221 1 273 1 239 1 338 1 307 1 299 1 305 1
21 5 29 35 1 44 1 101 2 115 2 189 2 549 1 119 1 100 2 154 2 159 1 106 1 109 1 99 1 103 1 222 2 223 1 337 1 15 1 118 1 269 1 3 1 50 1 331 1 262 1 218 1 352 1 225 1 278 1 250 1
//IdTournes NbColis
4 6
//IdColis IdCommandeInColis NbProducts IdProd1 QtyProd1 IdProd2 QtyProd2 ...
25 6 19 103 1 222 2 223 1 337 1 269 1 33 1 3 1 50 1 331 1 275 1 282 1 262 2 338 1 218 1 352 1 225 1 277 1 278 1 250 1
28 7 22 115 1 205 2 189 2 266 1 294 1 100 2 109 1 102 2 99 1 103 1 288 1 222 2 223 1 381 1 296 1 4 1 50 1 221 1 239 1 218 1 299 1 305 1
34 9 10 38 1 20 1 72 1 289 1 290 1 97 1 80 1 62 2 83 2 4 1
41 10 23 100 2 154 2 106 1 268 1 109 1 99 1 103 1 328 1 385 1 222 2 223 1 358 1 418 1 3 1 50 1 262 1 245 1 338 1 218 1 352 1 225 1 278 1 250 1
92 26 29 43 1 51 1 98 1 162 1 211 2 95 1 155 1 104 1 116 1 71 1 75 1 90 1 188 1 190 1 216 2 207 1 105 1 115 1 212 1 421 1 147 2 100 1 109 1 99 1 222 1 223 1 3 1 411 1 412 1
111 33 33 419 1 90 1 148 1 186 1 190 1 217 2 315 1 101 2 189 1 115 1 438 1 415 1 320 1 100 1 109 1 99 1 103 1 223 1 435 1 222 2 261 1 220 1 319 1 365 1 244 1 3 1 221 1 215 1 262 1 338 1 263 1 264 1 436 1
//IdTournes NbColis
5 6
//IdColis IdCommandeInColis NbProducts IdProd1 QtyProd1 IdProd2 QtyProd2 ...
136 42 33 88 1 76 1 254 1 93 1 155 1 104 1 116 1 432 1 186 1 190 1 217 2 315 1 101 2 115 1 438 1 320 1 437 1 102 1 109 1 431 1 103 1 222 2 223 1 434 1 220 1 439 1 3 1 300 1 221 1 279 1 338 1 343 1 340 1
44 11 15 222 2 223 1 158 1 450 1 366 1 443 1 362 1 213 1 479 1 440 1 341 1 307 1 214 1 264 1 477 1
55 14 32 102 1 109 1 99 1 103 1 222 2 223 1 363 1 368 1 376 2 369 2 319 1 246 1 371 1 365 1 466 1 248 1 440 1 441 1 270 1 360 1 275 1 372 1 282 1 341 1 276 1 298 1 279 1 239 1 215 1 218 1 340 1 305 1
60 15 26 317 1 109 1 100 1 153 3 99 1 103 1 222 2 223 1 246 1 369 1 371 1 281 1 303 1 365 1 248 1 440 1 275 1 282 1 293 1 239 1 215 1 276 1 298 1 279 1 218 1 352 1
39 10 19 88 1 89 1 113 1 110 1 114 1 6 1 18 1 37 2 42 1 43 1 51 1 409 1 382 1 108 1 92 1 107 1 66 1 67 1 65 1
10 3 16 83 2 88 3 89 1 87 2 6 1 18 1 37 2 42 1 43 1 51 1 9 1 26 1 30 1 144 1 65 1 127 1
//IdTournes NbColis
6 6
//IdColis IdCommandeInColis NbProducts IdProd1 QtyProd1 IdProd2 QtyProd2 ...
14 4 9 13 1 38 1 20 1 425 1 91 1 97 1 80 2 62 1 6 1
19 5 15 38 1 20 1 97 1 124 1 80 1 130 1 57 1 60 1 142 1 81 1 232 1 6 1 18 1 37 2 75 1
23 6 16 38 1 20 1 232 1 6 1 18 1 37 2 42 1 43 1 51 1 22 1 25 1 28 1 53 1 58 1 92 1 98 1
26 7 15 38 1 20 1 97 1 62 1 83 1 88 1 113 1 79 1 114 1 6 1 18 1 37 2 42 1 43 1 9 1
35 9 18 88 1 110 1 113 1 386 1 87 1 114 1 6 1 18 1 37 2 42 1 43 1 51 1 76 1 92 1 107 1 67 1 86 1 70 1
47 12 25 154 2 159 1 109 1 145 1 103 1 442 1 222 2 223 1 246 1 369 1 371 1 281 1 365 1 248 1 455 1 313 1 275 1 282 1 239 1 215 1 276 1 298 1 279 1 218 2 307 1
//IdTournes NbColis
7 6
//IdColis IdCommandeInColis NbProducts IdProd1 QtyProd1 IdProd2 QtyProd2 ...
3 1 29 23 1 27 2 35 1 41 1 44 1 54 1 52 1 226 1 101 2 189 1 105 1 112 1 115 1 7 1 471 1 320 1 147 1 100 1 109 1 99 1 103 1 36 1 435 1 222 2 223 1 220 1 227 1 369 1 221 1
95 27 26 182 1 138 1 95 1 155 1 104 1 116 1 90 1 188 1 190 1 217 2 482 1 199 1 101 2 205 1 189 1 115 1 320 1 100 1 102 1 109 1 99 1 103 1 222 2 249 1 220 1 443 1
76 21 19 460 1 80 1 83 1 88 1 113 1 444 1 232 1 18 1 40 2 42 1 43 1 51 1 474 1 198 1 206 1 108 1 202 1 181 1 157 1
6 2 20 18 1 40 2 42 1 43 1 470 1 9 1 108 1 92 1 107 1 67 1 86 1 96 1 292 1 73 1 78 1 14 1 545 1 85 2 95 1 116 1
15 4 13 81 3 88 3 113 1 114 1 31 1 37 2 42 1 43 1 51 1 9 2 32 1 92 1 86 1
68 18 28 496 1 9 1 487 1 167 1 140 1 92 1 498 1 191 1 77 1 86 1 321 1 322 1 95 1 155 1 104 1 116 1 494 1 497 1 90 1 188 2 216 2 315 1 190 1 235 1 115 1 207 1 311 1 111 1
//IdTournes NbColis
8 6
//IdColis IdCommandeInColis NbProducts IdProd1 QtyProd1 IdProd2 QtyProd2 ...
59 15 27 98 2 122 1 135 1 77 1 150 1 162 1 445 1 342 1 171 1 237 1 116 1 95 1 155 1 104 1 156 1 284 1 90 1 188 2 190 1 217 2 315 1 367 1 236 1 285 1 115 1 101 3 207 1
126 38 28 143 1 146 1 265 1 83 1 89 1 202 1 181 1 195 1 82 1 445 1 259 1 272 1 330 1 155 1 194 1 116 1 203 1 186 1 190 1 217 2 482 1 11 1 27 1 101 1 266 1 115 1 102 1 269 1
77 21 34 98 1 272 1 95 1 155 1 104 1 116 1 196 1 90 1 148 1 208 1 188 1 190 1 235 1 216 2 315 1 205 1 105 1 115 1 189 1 212 1 448 1 452 1 320 1 147 1 100 1 102 1 109 1 99 1 103 1 446 1 370 1 222 2 223 1 129 1
74 20 34 93 1 168 1 95 1 194 1 116 1 155 1 21 1 156 1 90 1 186 1 190 1 217 2 315 1 166 1 101 2 115 1 189 1 185 1 100 1 102 2 109 1 193 1 131 1 165 1 179 1 184 1 103 1 364 1 129 1 220 1 483 1 412 1 297 1 221 1
54 14 28 95 1 104 1 116 1 155 1 29 1 48 2 49 2 397 1 59 1 284 1 90 1 216 2 315 1 473 1 188 2 190 1 367 1 11 1 285 1 236 1 101 3 115 1 189 1 471 1 475 1 317 1 100 1 102 2
1 1 15 12 1 80 1 161 1 547 1 359 1 174 2 113 1 18 1 40 2 42 1 43 1 470 1 76 1 181 1 95 1
//IdTournes NbColis
9 6
//IdColis IdCommandeInColis NbProducts IdProd1 QtyProd1 IdProd2 QtyProd2 ...
45 12 14 468 1 451 1 394 1 149 1 562 1 80 2 133 1 359 1 126 1 142 1 83 2 88 2 447 1 342 1
97 28 26 484 1 183 1 175 1 229 1 83 1 181 1 160 1 241 1 155 1 104 1 116 1 29 1 48 1 49 1 397 1 59 1 94 1 186 1 190 1 234 1 217 2 315 1 101 2 115 1 438 1 415 1
51 13 25 448 1 317 1 121 1 100 1 153 3 106 1 109 1 308 1 99 1 103 1 222 3 223 2 458 1 312 1 306 1 303 1 297 1 313 1 323 1 224 1 239 1 301 1 304 1 307 1 314 1
128 39 17 489 1 485 1 486 1 88 2 495 1 181 1 98 2 162 1 501 1 95 1 155 1 104 1 116 1 29 1 384 1 493 1 366 1
5 2 11 13 1 38 1 20 1 543 1 39 1 84 1 62 1 81 1 546 1 114 1 17 1
30 8 11 13 1 395 1 394 1 80 2 62 1 83 1 88 2 87 1 18 1 37 2 90 1
//IdTournes NbColis
10 6
//IdColis IdCommandeInColis NbProducts IdProd1 QtyProd1 IdProd2 QtyProd2 ...
48 13 6 13 1 489 1 38 1 395 1 394 2 318 1
57 15 8 13 1 38 1 395 1 394 1 84 1 149 1 124 1 80 2
64 17 12 13 1 505 1 394 1 173 1 124 1 83 2 88 1 31 1 37 2 42 1 43 1 100 1
67 18 10 13 1 394 1 176 2 81 2 177 2 18 2 37 2 42 1 43 1 51 1
73 20 17 13 1 183 1 172 1 174 1 83 1 18 1 40 2 42 1 43 1 470 1 181 1 492 1 98 1 499 1 169 1 182 1 488 1
82 23 13 13 1 394 1 176 1 324 1 327 1 359 1 197 2 141 1 81 2 177 2 89 1 210 2 73 1
//IdTournes NbColis
11 6
//IdColis IdCommandeInColis NbProducts IdProd1 QtyProd1 IdProd2 QtyProd2 ...
99 29 21 13 1 80 1 174 1 509 1 511 1 53 1 516 1 76 1 144 1 181 1 98 2 77 1 211 1 342 1 237 1 95 1 155 1 104 1 116 1 29 1 246 1
124 37 20 13 1 91 1 172 1 175 1 83 1 18 1 40 1 42 1 43 1 470 1 274 1 95 1 155 1 194 1 116 1 284 1 90 1 186 1 190 1 221 1
42 11 21 80 1 161 1 88 1 87 1 18 1 37 2 42 1 43 1 51 1 469 1 140 1 139 1 157 1 449 1 138 1 85 1 95 1 155 1 104 1 116 1 221 1
20 5 25 42 1 43 1 51 1 16 2 22 1 426 1 92 1 160 1 117 1 98 1 551 1 233 1 330 1 95 1 104 1 116 1 155 1 21 1 90 1 188 1 190 2 235 1 217 2 315 1 55 1
117 35 28 51 1 413 1 30 1 424 1 144 1 108 1 92 1 349 1 77 1 321 1 322 1 342 1 95 1 104 1 116 1 155 1 389 1 430 1 284 1 90 1 94 1 208 1 190 1 216 2 315 1 188 2 285 1 303 1
102 30 26 183 1 80 1 88 1 87 1 513 1 76 1 202 1 181 1 155 1 104 1 116 1 156 1 493 1 49 1 75 1 152 1 188 1 190 1 217 2 315 1 354 1 101 2 115 1 102 3 109 1 503 1
//IdTournes NbColis
12 6
//IdColis IdCommandeInColis NbProducts IdProd1 QtyProd1 IdProd2 QtyProd2 ...
31 8 23 42 1 43 1 51 1 504 1 510 2 512 2 76 1 554 1 77 1 342 1 93 3 237 1 95 1 104 1 116 1 155 1 506 1 419 1 156 1 284 1 188 2 190 1 217 1
32 8 34 217 1 482 1 367 1 27 1 35 1 236 1 285 1 101 3 105 1 115 1 189 1 100 1 102 3 109 1 99 1 103 1 222 1 381 1 246 1 369 1 371 1 281 1 365 1 553 1 248 1 275 1 282 1 355 1 239 1 215 1 276 1 298 1 279 1 218 1
90 25 21 222 2 223 1 381 1 357 1 369 1 246 1 515 1 371 1 365 1 281 1 248 1 507 1 275 1 282 1 298 1 279 1 301 1 239 1 215 1 361 2 314 1
61 16 15 523 1 183 1 97 1 175 1 126 1 83 1 187 1 18 1 40 2 42 1 43 1 470 1 76 1 160 1 281 1
70 19 16 459 1 183 1 124 1 172 1 175 1 541 1 174 1 87 1 18 1 40 2 42 1 43 1 470 1 26 1 98 1 138 1
79 22 16 528 1 524 1 427 1 80 1 126 1 83 1 113 1 527 1 18 1 40 2 42 1 43 1 526 1 92 1 521 1 221 1
//IdTournes NbColis
13 6
//IdColis IdCommandeInColis NbProducts IdProd1 QtyProd1 IdProd2 QtyProd2 ...
88 25 16 394 1 427 1 80 2 88 2 18 1 37 2 42 1 43 1 51 1 30 1 76 1 92 1 77 1 342 1 237 1 276 1
94 27 16 183 1 80 1 83 2 88 2 187 1 232 1 18 1 40 2 42 1 43 1 470 1 462 1 454 1 181 1 349 1 221 1
107 32 18 149 1 88 1 210 2 18 1 37 2 42 1 43 1 51 1 393 1 76 1 144 1 92 1 309 1 254 1 98 1 399 1 135 1 384 1
110 33 20 423 1 174 1 83 1 253 1 18 1 40 2 42 1 43 1 51 1 429 1 76 1 181 1 182 1 138 1 422 1 95 1 155 1 104 1 116 1 156 1
113 34 18 252 1 175 1 174 2 83 1 60 1 18 1 40 2 42 1 43 1 470 1 531 1 76 1 181 1 492 1 258 1 532 1 95 1 155 1
131 40 17 394 1 80 1 402 1 142 1 83 1 18 1 37 2 42 1 43 1 51 1 76 1 92 1 160 1 77 1 342 1 267 1 271 1
//IdTournes NbColis
14 6
//IdColis IdCommandeInColis NbProducts IdProd1 QtyProd1 IdProd2 QtyProd2 ...
71 19 35 98 1 182 1 95 1 155 1 194 1 116 1 156 1 520 1 90 1 148 1 186 1 190 1 217 2 315 1 101 2 189 1 115 1 438 1 320 1 100 1 102 2 109 1 184 1 103 1 220 1 368 1 295 1 515 1 221 1 536 1 540 1 343 1 534 1 348 1 299 1
86 24 22 451 1 183 1 175 1 197 1 174 2 83 2 529 1 181 1 219 1 155 1 104 1 116 1 71 1 203 1 186 1 190 1 217 2 315 1 101 2 115 1 438 1 320 1
9 3 12 38 1 395 1 20 1 136 1 143 1 146 1 80 1 62 1 137 1 141 1 83 1 552 1
91 26 11 38 1 414 2 427 1 423 1 176 1 133 1 177 2 31 1 37 2 42 1 213 1
46 12 28 32 1 92 1 160 1 550 1 120 1 478 1 237 1 104 1 116 1 155 1 453 1 456 1 419 1 284 1 152 1 476 1 188 2 190 1 480 1 217 2 315 1 367 1 236 1 285 1 101 3 115 1 242 1 154 1
127 38 17 109 1 193 1 103 1 500 2 502 1 280 1 319 1 490 1 262 1 338 1 214 1 218 2 352 1 225 1 277 1 278 1 250 1
//IdTournes NbColis
15 6
//IdColis IdCommandeInColis NbProducts IdProd1 QtyProd1 IdProd2 QtyProd2 ...
87 24 15 102 2 109 1 103 1 222 2 223 1 220 1 539 1 33 1 221 1 224 1 355 1 24 1 218 1 225 1 352 1
105 31 26 29 1 48 3 49 2 397 1 59 1 430 1 284 1 90 1 256 1 188 2 190 1 216 2 315 1 367 1 236 1 285 1 101 3 115 1 189 1 100 1 102 4 106 1 109 1 99 1 103 1 222 1
134 41 17 522 1 395 1 172 1 83 1 533 1 401 1 181 1 155 1 104 1 116 1 29 1 48 3 49 1 494 1 397 1 59 1 221 1
100 29 36 48 3 49 2 397 1 59 1 284 1 75 1 90 1 186 2 190 1 217 2 315 1 367 1 236 1 101 3 189 1 115 1 100 1 102 1 109 1 99 1 103 1 306 1 369 1 281 1 365 1 248 1 310 1 508 1 275 1 282 1 239 1 215 1 276 1 298 1 279 1 218 1
49 13 13 544 1 136 1 80 2 123 1 134 1 88 2 31 2 37 2 461 1 43 1 463 1 491 1 310 1
58 15 13 178 1 81 2 177 1 88 1 114 1 31 2 37 2 461 1 43 1 463 1 513 1 92 1 195 2
//IdTournes NbColis
16 6
//IdColis IdCommandeInColis NbProducts IdProd1 QtyProd1 IdProd2 QtyProd2 ...
37 9 9 99 1 103 1 302 1 383 1 50 1 296 1 239 1 299 1 278 1
118 35 35 101 3 115 1 189 1 311 1 317 2 100 1 102 3 109 1 335 1 347 1 99 1 103 1 222 3 223 2 417 2 170 1 350 1 312 1 357 1 306 1 319 1 345 1 297 1 428 1 334 1 275 2 287 1 301 1 304 1 343 1 340 1 348 1 351 1 346 1 314 1
80 22 30 209 1 95 1 155 1 104 1 116 1 61 1 90 1 148 1 188 1 190 1 217 2 315 1 199 1 189 1 105 1 115 1 320 1 147 1 100 1 102 1 109 1 179 1 99 1 103 1 222 2 223 1 220 1 455 1 313 1 221 1
66 17 23 109 1 99 1 103 1 222 2 223 1 518 1 34 1 246 1 371 1 365 1 281 1 163 1 248 1 275 1 282 1 276 1 298 1 239 1 215 1 279 1 517 1 218 1 375 1
24 6 26 160 2 98 1 233 1 228 1 95 1 155 1 104 1 116 1 75 1 90 1 188 1 190 2 235 1 216 2 315 1 35 1 44 1 101 2 207 2 115 2 100 2 153 2 159 1 109 1 99 1 218 1
40 10 29 98 1 86 1 292 1 73 1 78 1 85 1 116 1 95 1 155 1 104 1 90 1 188 1 216 2 315 1 190 2 291 1 354 1 35 1 44 1 115 2 101 2 266 1 205 1 189 2 112 1 111 1 320 1 294 1 262 1
//IdTournes NbColis
17 6
//IdColis IdCommandeInColis NbProducts IdProd1 QtyProd1 IdProd2 QtyProd2 ...
43 11 32 156 1 419 1 48 1 465 1 90 1 148 1 216 2 315 1 188 1 190 1 481 1 472 1 101 2 105 1 115 1 189 1 317 1 320 1 373 1 294 1 119 1 128 1 147 1 100 1 154 2 109 1 131 1 99 1 103 1 328 1 370 1 374 1
53 14 17 459 1 80 2 137 1 83 2 88 2 457 1 464 1 467 1 76 1 132 1 98 1 122 1 135 1 77 1 342 1 237 1 281 1
78 21 14 458 1 220 1 271 1 319 1 221 1 239 1 245 1 304 1 338 1 557 1 343 1 519 1 348 1 353 2
38 10 10 38 1 425 1 84 1 91 2 97 2 80 2 62 1 81 3 88 1 277 1
69 18 20 147 1 180 1 100 1 109 1 99 1 364 1 356 3 223 2 129 1 170 1 164 1 312 1 306 1 55 1 297 1 420 1 301 1 262 1 304 1 225 1
93 26 4 420 1 221 1 215 1 214 1
//IdTournes NbColis
18 6
//IdColis IdCommandeInColis NbProducts IdProd1 QtyProd1 IdProd2 QtyProd2 ...
114 34 26 104 1 116 1 530 1 90 1 186 1 190 1 217 2 315 1 101 2 189 1 105 1 115 1 438 1 320 1 147 1 100 1 102 3 109 1 184 1 103 1 222 2 223 1 220 1 260 1 420 1 221 1
62 16 32 195 1 537 1 538 1 122 1 182 1 138 1 95 1 155 1 104 1 116 1 90 1 186 1 525 1 190 1 291 1 216 2 315 1 101 2 189 1 115 1 320 1 100 1 102 2 109 1 184 1 103 1 222 1 220 1 535 1 221 1 218 1 314 1
129 39 31 48 3 49 1 397 1 59 1 90 1 188 1 190 1 216 2 315 1 285 1 101 2 189 1 105 1 115 1 320 1 147 1 100 1 102 3 106 1 109 1 99 1 103 1 222 2 223 1 370 1 270 1 221 1 287 1 286 1 348 1 225 1
65 17 25 51 1 192 1 98 1 195 1 77 1 342 1 237 1 95 1 155 1 104 1 116 1 284 1 90 1 148 1 188 2 216 2 315 1 190 1 285 1 236 1 101 3 189 1 115 1 154 3 369 1
50 13 27 424 1 92 1 309 1 77 1 86 1 150 2 151 1 162 1 321 1 322 1 95 1 116 1 155 1 104 1 90 1 188 2 190 1 234 1 217 2 315 1 316 1 101 3 115 1 266 1 207 1 311 1 319 1
103 30 17 103 1 222 2 223 1 231 1 220 1 374 1 514 1 243 1 238 1 247 2 221 1 239 1 240 1 519 1 250 1 314 1 436 1
//IdTournes NbColis
19 6
//IdColis IdCommandeInColis NbProducts IdProd1 QtyProd1 IdProd2 QtyProd2 ...
133 40 16 269 1 246 1 369 1 371 1 281 1 365 1 248 1 283 1 398 1 275 1 282 2 239 1 215 1 276 1 279 1 298 1
89 25 28 93 1 95 1 155 1 104 1 116 1 284 1 71 1 75 1 90 1 216 2 315 1 188 2 190 1 285 1 236 2 101 3 115 1 189 1 147 1 100 1 102 3 109 1 131 1 145 1 99 1 103 1 204 1 218 1
98 28 14 242 1 320 1 102 2 109 1 103 1 222 2 249 1 220 1 227 1 306 1 246 1 244 1 221 2 245 1
125 37 18 235 1 217 2 315 1 285 1 101 1 189 1 105 1 115 1 147 1 100 1 102 1 109 1 184 1 103 1 222 2 223 1 273 1 286 1
135 41 19 186 1 190 1 216 1 217 1 315 1 101 2 105 1 115 1 320 1 102 2 268 1 109 1 147 1 180 1 103 1 222 2 223 1 220 1 295 1
122 36 23 101 3 189 1 115 1 311 1 100 1 153 2 154 1 109 1 193 1 329 1 332 1 99 1 103 1 344 1 222 3 223 2 312 1 306 1 303 1 297 1 301 1 214 2 346 1
//IdTournes NbColis
20 2
//IdColis IdCommandeInColis NbProducts IdProd1 QtyProd1 IdProd2 QtyProd2 ...
13 3 8 560 1 239 1 276 1 558 1 555 1 406 1 278 1 305 1
106 31 18 222 1 223 1 357 1 246 1 369 1 371 1 281 1 365 1 248 1 275 1 282 1 239 1 215 1 276 1 298 1 279 1 218 1 278 1
