//NbTournees
38
//IdTournes NbColis
1 6
//IdColis IdCommandeInColis NbProducts IdProd1 QtyProd1 IdProd2 QtyProd2 ...
30 10 16 46 1 91 1 128 1 64 1 65 1 58 1 60 1 99 1 155 1 160 1 162 1 163 1 164 1 165 1 174 1 255 1
74 23 15 46 1 129 1 128 1 64 1 65 1 58 1 60 1 155 1 160 1 162 1 163 1 164 1 165 1 174 1 176 2
82 25 14 139 1 46 1 98 1 128 1 85 1 64 1 65 1 58 1 60 1 155 1 160 1 162 1 163 1 61 1
108 33 15 41 1 46 1 49 1 128 1 42 1 64 1 65 1 58 1 154 1 181 1 191 2 195 1 199 1 168 1 575 1
145 45 16 46 1 98 1 128 1 58 1 60 1 64 1 65 1 99 1 155 1 160 1 162 1 163 1 164 1 165 1 174 1 255 1
189 61 23 98 1 466 1 472 1 198 1 286 1 485 1 301 1 211 1 482 1 300 1 332 1 334 1 222 1 217 1 202 1 53 1 189 1 196 2 204 1 201 1 156 1 186 1 62 1
//IdTournes NbColis
2 6
//IdColis IdCommandeInColis NbProducts IdProd1 QtyProd1 IdProd2 QtyProd2 ...
191 62 16 89 1 195 1 203 1 207 1 213 1 522 1 270 1 198 1 200 1 205 1 208 1 210 1 211 1 485 2 300 2 156 1
195 63 13 222 1 217 1 223 1 209 1 169 1 53 1 156 1 220 1 62 5 7 1 50 2 51 3 13 3
230 77 25 154 1 486 1 481 1 382 1 388 1 484 1 48 2 52 2 180 1 182 1 184 1 319 1 487 1 47 2 53 1 492 1 186 1 134 2 238 1 33 2 63 3 491 1 50 2 51 3 118 3
262 96 4 42 1 154 1 331 1 477 1
2 1 16 249 1 198 1 359 1 397 1 259 1 200 1 414 1 401 2 402 2 228 1 248 1 214 2 255 2 443 1 253 1 29 1
4 1 32 20 1 184 1 217 1 241 1 264 1 202 1 47 1 53 1 189 1 196 3 204 2 151 1 97 2 59 1 201 1 212 2 187 1 171 1 237 1 159 2 158 3 172 2 238 1 218 1 62 5 33 2 63 3 8 1 12 1 50 2 13 3 24 1
//IdTournes NbColis
3 6
//IdColis IdCommandeInColis NbProducts IdProd1 QtyProd1 IdProd2 QtyProd2 ...
28 9 17 198 1 200 1 485 2 211 2 248 1 214 1 266 1 331 1 300 2 332 2 179 1 222 1 182 1 88 1 93 1 236 2 202 1
34 10 19 204 1 97 2 59 1 201 1 212 1 187 1 171 1 159 1 170 1 158 2 186 1 172 1 61 5 33 2 63 3 27 1 50 2 51 3 13 3
78 23 22 236 1 202 1 53 1 189 1 194 1 196 1 204 2 201 1 212 1 187 1 130 1 159 1 158 2 172 1 131 1 61 6 33 2 63 3 50 2 51 3 118 3 132 1
85 25 26 266 1 300 1 460 2 332 1 334 1 157 1 357 1 48 1 52 2 54 1 57 1 520 1 247 1 256 1 257 1 260 1 261 1 265 3 182 1 180 1 133 2 166 1 252 1 454 1 235 1 61 1
86 25 20 235 1 202 1 53 1 189 1 196 2 204 1 201 1 212 1 185 1 187 1 171 1 159 2 158 2 172 1 61 3 33 2 63 3 50 2 51 3 118 3
148 45 13 185 2 187 1 106 1 171 1 159 2 158 2 172 1 61 5 63 3 33 2 50 2 51 3 118 3
//IdTournes NbColis
4 6
//IdColis IdCommandeInColis NbProducts IdProd1 QtyProd1 IdProd2 QtyProd2 ...
157 48 18 98 1 129 1 231 1 335 1 270 1 606 1 243 1 251 1 254 1 258 1 259 1 414 1 485 1 301 1 211 1 214 1 255 2 131 1
160 49 26 98 1 469 1 468 1 326 1 478 1 213 1 392 1 480 1 214 1 473 1 490 1 48 2 52 2 54 1 57 1 467 1 173 1 475 1 235 2 53 1 96 1 238 1 62 5 25 1 50 2 115 1
180 57 29 152 1 148 1 244 1 195 1 293 1 207 1 270 1 213 1 248 1 214 1 52 2 54 1 57 1 48 2 180 1 182 1 88 2 235 2 53 1 47 2 151 1 59 1 186 1 62 4 102 1 25 1 493 1 494 1 50 1
194 63 20 143 1 239 1 245 2 195 1 207 1 267 1 270 1 213 1 370 1 262 1 268 1 214 1 269 1 206 1 271 1 48 2 52 2 54 1 57 1 80 1
196 64 18 558 1 234 1 244 1 195 1 207 1 270 1 213 1 242 1 198 1 200 1 401 2 610 1 402 1 248 1 214 1 263 1 400 1 222 1
13 4 17 270 1 213 1 198 1 286 1 200 1 290 1 296 1 401 2 402 1 35 1 215 1 282 1 400 2 331 1 461 1 11 1 44 1
//IdTournes NbColis
5 6
//IdColis IdCommandeInColis NbProducts IdProd1 QtyProd1 IdProd2 QtyProd2 ...
22 7 27 299 1 301 1 211 1 485 1 6 1 215 1 281 1 300 1 332 1 334 1 291 1 179 1 180 1 182 1 236 1 202 1 84 1 47 1 53 1 189 1 194 1 204 1 201 1 212 1 73 1 61 1 50 1
33 10 25 460 2 461 1 420 1 313 1 484 1 15 2 17 2 54 1 55 1 247 1 256 1 257 1 260 1 261 1 265 3 182 1 180 1 183 1 295 1 235 2 202 1 47 2 189 1 196 2 159 1
36 11 20 41 1 49 1 85 1 86 1 58 1 99 1 280 1 379 1 474 1 476 1 267 1 488 1 270 1 248 1 215 1 382 1 413 1 489 1 15 1 62 1
76 23 16 167 1 335 1 251 1 198 1 258 1 259 1 414 1 485 2 301 1 211 1 105 3 423 1 255 2 269 1 48 1 159 1
106 32 17 200 1 205 1 603 1 401 2 402 1 602 1 297 1 215 2 285 1 266 1 400 2 331 1 434 1 461 1 605 1 222 1 235 1
124 38 18 401 1 402 2 215 1 279 1 287 1 400 2 331 1 461 2 253 1 283 1 222 1 161 1 487 1 202 1 53 1 189 1 196 2 31 1
//IdTournes NbColis
6 6
//IdColis IdCommandeInColis NbProducts IdProd1 QtyProd1 IdProd2 QtyProd2 ...
154 47 18 113 1 288 1 207 1 438 1 270 1 198 1 258 1 259 1 200 1 414 1 485 1 211 1 284 1 215 1 285 1 255 2 460 1 62 1
169 52 17 198 1 200 1 401 2 402 2 229 1 224 1 228 1 215 1 266 1 400 2 331 1 461 2 227 1 579 1 222 1 630 1 24 1
178 56 26 99 1 152 1 470 1 308 1 195 1 199 1 478 1 207 1 146 1 215 1 434 1 269 1 52 2 54 1 57 1 48 2 179 1 180 2 182 1 53 1 204 1 95 1 21 1 61 5 50 2 118 3
200 65 21 601 1 215 2 285 1 400 1 331 1 461 1 180 1 182 1 487 1 169 1 202 1 47 1 53 1 189 1 196 2 204 1 201 1 212 1 61 4 7 1 50 2
94 28 11 442 1 235 2 53 1 101 1 302 1 186 1 44 1 76 1 50 2 51 3 13 3
96 29 22 300 1 332 1 334 1 333 1 180 1 182 1 487 1 235 2 202 1 53 1 189 1 196 1 204 1 97 2 59 2 201 1 212 1 302 1 137 1 62 5 141 1 50 2
//IdTournes NbColis
7 6
//IdColis IdCommandeInColis NbProducts IdProd1 QtyProd1 IdProd2 QtyProd2 ...
101 30 5 201 1 212 1 302 1 62 4 50 2
1 1 15 45 1 46 1 49 1 128 1 42 1 64 1 65 1 58 1 99 1 216 1 195 1 199 1 207 1 213 1 161 1
51 16 17 52 1 54 1 57 1 161 1 278 1 319 1 235 3 53 1 73 1 238 2 218 1 61 5 92 1 108 1 50 2 51 3 118 3
77 23 23 269 1 300 2 332 1 334 1 439 2 48 1 52 2 54 1 57 1 179 1 161 1 247 1 256 2 257 1 260 1 261 1 265 3 184 1 314 1 448 1 604 1 236 1 171 1
103 31 16 146 1 198 1 200 1 211 2 485 2 331 1 300 2 626 1 332 2 227 1 206 1 161 1 219 1 319 1 209 1 149 1
110 33 24 461 1 35 1 193 1 206 1 161 1 526 1 169 1 202 1 47 1 53 1 189 1 192 1 196 2 204 2 59 1 201 1 212 1 11 1 597 1 62 5 598 1 596 1 50 2 103 2
//IdTournes NbColis
8 6
//IdColis IdCommandeInColis NbProducts IdProd1 QtyProd1 IdProd2 QtyProd2 ...
119 36 25 332 1 437 1 253 1 179 1 161 1 278 1 325 1 241 1 316 1 322 1 209 1 202 1 53 1 196 3 204 2 201 1 212 2 31 1 237 1 238 1 218 1 62 6 583 1 12 1 50 2
125 38 9 196 1 204 2 201 1 212 2 170 1 273 1 62 5 50 3 103 1
131 41 14 46 1 128 1 41 1 49 1 58 1 64 1 65 1 42 1 148 1 307 1 191 2 195 1 207 1 161 1
170 52 25 579 1 161 1 219 1 252 1 264 2 459 1 487 1 202 1 53 1 47 4 189 1 196 3 204 2 97 3 59 1 246 1 201 1 212 2 565 1 237 1 73 1 233 1 238 1 218 1 62 1
232 78 17 85 1 294 1 335 1 381 1 266 1 48 2 52 2 54 1 57 1 179 1 161 1 53 1 238 1 7 1 50 2 51 3 118 3
37 11 30 338 1 15 1 17 2 55 2 54 2 222 1 72 1 75 1 144 1 477 1 479 1 483 1 47 1 56 1 71 1 94 1 97 2 59 2 81 1 90 2 33 2 63 3 78 1 23 1 67 1 77 1 82 1 50 2 51 3 13 3
//IdTournes NbColis
9 6
//IdColis IdCommandeInColis NbProducts IdProd1 QtyProd1 IdProd2 QtyProd2 ...
61 19 20 400 2 331 1 460 2 461 2 193 2 338 1 611 1 48 2 52 1 54 1 57 1 247 1 256 1 257 1 260 1 261 1 265 3 182 1 235 1 61 1
83 25 20 164 1 165 1 174 1 176 2 177 1 188 1 190 1 178 1 419 1 422 2 424 1 441 1 444 1 445 2 449 1 450 1 451 1 446 2 592 1 594 1
233 79 28 310 1 207 1 504 1 146 1 495 1 503 1 440 1 497 1 15 1 17 1 54 1 55 1 222 1 180 1 120 1 316 1 483 1 53 1 94 1 97 1 512 1 218 1 62 4 50 2 51 2 13 2 513 1 68 1
42 13 18 41 1 45 1 49 2 58 1 277 1 505 1 385 1 486 1 248 1 496 1 498 2 17 1 48 1 52 2 54 1 55 1 507 1 47 1
14 4 18 227 1 179 1 520 1 180 1 182 1 166 1 209 1 202 1 53 1 189 1 196 2 204 1 201 1 212 1 61 5 3 1 23 1 50 2
46 14 21 166 1 202 1 84 1 53 1 189 1 101 1 196 2 204 1 97 1 59 1 201 1 212 1 109 1 73 2 343 1 342 1 62 6 14 1 12 1 50 3 103 1
//IdTournes NbColis
10 6
//IdColis IdCommandeInColis NbProducts IdProd1 QtyProd1 IdProd2 QtyProd2 ...
107 32 19 219 1 278 1 184 1 325 1 166 1 295 1 389 1 235 1 202 1 53 1 189 1 196 2 204 2 201 1 212 1 221 1 62 6 116 1 50 2
142 44 17 46 1 128 1 49 1 58 1 60 1 64 1 65 1 195 1 362 1 207 1 270 1 213 1 339 1 274 1 197 1 198 1 222 1
174 54 31 91 1 383 1 418 1 502 1 511 1 498 1 52 2 54 1 57 1 48 2 179 1 180 1 182 1 75 1 166 1 241 1 501 1 506 1 390 1 236 2 53 1 26 1 97 1 61 5 33 2 63 3 39 1 510 1 50 2 51 1 118 3
10 3 20 402 1 168 1 279 1 282 1 266 1 400 2 331 1 461 2 253 1 464 1 222 1 520 1 457 1 202 1 47 3 53 1 189 1 196 1 204 2 62 1
18 6 22 45 1 40 1 32 1 356 1 207 1 370 1 335 1 270 1 213 1 354 1 197 1 6 1 340 1 361 1 369 1 353 1 15 2 17 2 54 1 55 1 222 1 62 1
88 26 22 345 1 195 1 207 1 270 1 213 1 205 1 297 1 34 1 168 1 473 1 443 1 266 1 523 1 324 2 54 1 55 1 15 2 17 2 222 1 520 1 47 1 36 1
//IdTournes NbColis
11 6
//IdColis IdCommandeInColis NbProducts IdProd1 QtyProd1 IdProd2 QtyProd2 ...
99 30 17 60 1 327 1 240 1 303 1 207 1 328 1 329 1 270 1 213 1 466 1 198 1 200 1 401 2 402 2 168 1 306 1 100 1
129 40 27 45 1 99 1 303 1 195 1 335 1 32 1 296 1 168 1 282 1 206 1 271 1 52 2 54 1 57 1 48 2 222 1 390 1 235 2 53 1 47 1 94 1 97 1 492 1 106 1 96 1 62 6 63 2
203 66 24 482 1 340 1 349 1 415 1 400 1 331 1 461 1 364 1 219 1 93 1 202 1 47 2 53 1 189 1 196 2 204 1 201 1 212 1 186 1 341 1 61 5 36 1 50 2 112 1
235 80 19 98 1 167 1 304 1 48 2 52 2 54 1 57 1 179 1 180 1 182 1 448 1 53 1 81 1 61 6 33 2 63 3 50 2 51 3 118 3
236 81 23 516 1 522 1 270 1 213 1 394 1 340 1 511 1 48 2 52 2 54 1 57 1 222 1 47 1 53 1 100 1 59 1 186 2 527 1 33 2 63 3 50 2 51 3 118 3
21 7 15 41 1 46 1 49 1 128 1 42 1 64 1 65 1 58 1 99 1 298 1 195 1 274 1 198 1 292 1 236 1
//IdTournes NbColis
12 6
//IdColis IdCommandeInColis NbProducts IdProd1 QtyProd1 IdProd2 QtyProd2 ...
62 19 16 217 1 235 1 202 1 53 1 189 1 196 2 204 1 246 1 201 1 212 1 81 1 61 4 50 2 51 3 13 1 118 2
89 26 13 217 1 53 1 97 2 492 1 134 1 172 1 62 1 33 2 63 3 50 2 51 3 13 3 136 1
54 17 17 182 1 169 1 235 2 202 1 47 1 53 1 189 1 94 1 192 1 196 1 204 1 201 1 212 1 62 2 50 2 51 3 13 3
81 24 18 180 1 182 1 169 1 235 2 202 1 47 2 53 1 189 1 26 1 196 2 204 1 59 1 95 1 201 1 212 1 122 1 62 6 50 2
113 34 10 492 1 201 1 212 1 186 1 275 1 61 5 39 1 22 1 145 1 50 2
141 43 13 201 1 212 2 564 1 81 1 137 1 186 1 374 2 275 1 218 1 62 5 629 1 50 3 24 1
//IdTournes NbColis
13 6
//IdColis IdCommandeInColis NbProducts IdProd1 QtyProd1 IdProd2 QtyProd2 ...
155 47 29 300 1 460 1 332 1 334 1 105 2 333 1 48 2 52 2 54 1 57 1 179 1 265 1 180 1 182 1 295 1 202 1 53 1 189 1 196 2 204 1 201 1 212 1 11 1 275 1 221 1 62 5 14 1 36 1 50 2
206 67 21 331 1 461 1 179 1 222 1 380 1 209 1 169 2 236 2 202 1 53 1 189 1 196 2 204 2 201 1 212 1 134 1 61 5 614 1 36 1 50 2 528 1
208 68 18 46 1 98 1 642 1 60 1 643 1 65 1 195 2 391 1 254 1 301 1 211 1 485 1 284 1 300 1 332 1 275 1 238 1 639 1
49 15 22 253 1 179 1 180 1 219 1 399 1 47 1 53 1 189 1 196 3 204 2 95 1 201 1 212 2 237 1 170 1 238 1 218 2 61 5 116 1 12 1 50 2 112 1
134 41 19 204 2 97 2 59 1 492 1 201 1 212 2 237 1 238 1 218 1 62 4 2 1 7 1 639 1 12 1 36 3 50 2 528 1 640 1 630 1
171 52 9 218 1 62 4 5 1 577 1 7 1 23 1 12 1 633 1 50 3
//IdTournes NbColis
14 6
//IdColis IdCommandeInColis NbProducts IdProd1 QtyProd1 IdProd2 QtyProd2 ...
176 55 32 99 1 518 1 514 1 521 1 270 1 228 1 524 1 502 1 364 1 52 2 54 1 57 1 48 2 519 1 180 1 182 1 526 1 235 2 53 1 47 1 186 1 218 1 62 6 33 2 63 3 531 1 525 1 530 1 50 2 51 1 118 1 528 1
211 69 24 279 1 400 2 331 1 461 1 378 1 620 1 483 1 235 2 202 1 53 1 189 1 196 2 204 1 201 1 212 1 31 1 11 1 106 1 218 1 44 2 62 3 491 1 39 1 50 2
238 82 24 45 1 515 1 517 1 207 1 270 1 213 1 6 1 48 2 52 2 179 1 182 1 219 1 75 1 352 1 487 2 533 1 153 1 218 1 221 1 76 1 532 1 50 2 51 3 13 3
182 58 27 99 1 152 1 143 1 195 1 199 1 207 1 270 1 213 1 545 1 228 1 281 1 547 1 52 2 54 1 57 1 48 2 407 1 180 1 182 1 223 1 235 2 53 1 100 1 186 1 153 1 341 1 50 1
19 6 25 367 1 368 1 38 1 352 3 264 1 235 2 56 1 26 1 59 1 11 1 220 1 221 1 62 4 33 2 63 3 9 1 10 2 5 1 25 1 39 1 7 1 36 1 50 2 51 3 13 3
44 14 17 113 1 41 1 110 1 49 1 98 1 298 1 345 1 355 1 195 1 199 1 363 1 207 1 329 1 203 1 213 1 344 1 219 1
//IdTournes NbColis
15 6
//IdColis IdCommandeInColis NbProducts IdProd1 QtyProd1 IdProd2 QtyProd2 ...
65 20 17 57 1 541 1 180 1 182 1 219 1 487 1 47 2 53 1 119 1 59 1 186 1 221 1 61 5 50 1 51 3 118 3 121 1
152 46 24 265 2 260 1 261 1 180 1 182 1 236 1 202 1 53 1 189 1 194 2 204 1 59 1 201 1 212 1 106 2 220 1 16 1 221 1 61 5 14 1 582 2 50 2 51 3 118 3
213 70 19 195 1 199 1 207 1 329 1 213 1 394 1 198 1 200 1 401 1 402 1 601 1 400 1 404 1 331 1 461 1 219 1 184 1 235 2 47 1
216 71 19 461 2 193 1 435 1 222 1 219 1 393 1 235 2 202 1 53 1 189 1 196 2 204 2 201 1 212 1 4 1 62 6 618 1 621 1 50 2
43 13 18 180 1 182 1 487 1 53 1 97 1 11 1 106 1 170 1 342 1 186 2 104 1 114 2 62 5 102 1 50 2 51 3 13 3 115 1
121 37 25 45 1 99 1 377 1 207 1 270 1 213 1 358 1 543 1 540 1 117 2 287 1 271 1 253 1 542 1 48 2 52 2 54 1 57 1 180 1 182 1 235 2 53 1 95 1 535 1 552 1
//IdTournes NbColis
16 6
//IdColis IdCommandeInColis NbProducts IdProd1 QtyProd1 IdProd2 QtyProd2 ...
240 83 22 546 1 388 1 439 1 105 1 378 1 357 1 48 2 52 2 54 1 57 1 179 1 180 1 182 1 538 1 53 1 233 1 342 1 221 1 61 5 50 2 51 3 118 3
242 84 22 539 1 379 1 207 1 544 1 388 1 536 1 48 2 52 2 54 1 57 1 180 1 182 1 235 2 53 1 535 1 106 2 186 1 61 5 8 1 50 2 51 3 118 3
244 85 24 548 1 286 1 285 1 48 2 52 2 54 1 57 1 180 1 182 1 462 1 390 1 235 2 47 1 53 1 59 1 535 1 62 1 33 2 63 3 551 1 50 2 51 3 13 3 549 1
159 48 7 212 1 130 1 221 1 61 6 50 2 51 3 118 3
16 5 18 213 1 486 1 270 1 198 1 200 1 401 2 402 1 400 2 331 1 625 1 461 1 222 1 202 1 53 1 189 1 196 2 4 1 62 1
25 8 21 402 1 34 1 83 1 395 1 400 2 331 1 461 1 403 1 222 1 380 1 235 2 202 1 47 2 53 1 100 1 189 1 196 2 204 2 97 1 201 1 212 1
//IdTournes NbColis
17 6
//IdColis IdCommandeInColis NbProducts IdProd1 QtyProd1 IdProd2 QtyProd2 ...
29 9 12 53 1 189 1 94 1 194 2 204 2 201 1 212 1 170 1 61 5 66 1 92 1 50 2
100 30 21 400 2 331 1 269 1 388 1 461 2 313 1 317 1 321 1 435 1 436 1 222 1 180 1 278 1 314 1 462 1 202 1 53 1 189 1 196 2 204 2 62 1
115 35 23 197 1 198 1 200 1 401 2 402 1 228 1 400 2 331 1 461 1 617 1 222 1 619 1 202 1 47 1 53 1 84 1 189 1 101 1 196 2 204 1 59 1 582 1 24 1
116 35 10 204 1 95 1 201 1 212 1 170 1 186 1 62 6 50 2 573 1 575 1
197 64 25 400 1 331 1 388 1 461 1 523 1 34 1 484 1 222 1 180 1 264 1 272 1 235 2 202 1 47 1 53 1 189 1 101 1 196 2 204 1 201 1 212 1 186 1 623 1 61 5 50 2
219 72 15 461 1 511 1 179 1 222 1 202 1 53 1 189 1 196 2 204 2 201 1 212 1 61 4 2 1 614 1 50 2
//IdTournes NbColis
18 6
//IdColis IdCommandeInColis NbProducts IdProd1 QtyProd1 IdProd2 QtyProd2 ...
221 73 27 461 2 561 1 34 1 611 1 179 1 222 1 526 1 88 2 202 1 53 1 189 1 196 3 204 2 97 2 201 1 212 2 31 1 130 1 4 1 28 1 114 2 62 6 39 1 22 1 494 1 50 2 132 2
246 86 22 514 1 199 1 294 1 438 1 412 1 48 2 52 2 54 1 57 1 179 1 47 1 53 1 204 1 106 1 238 1 61 4 493 1 50 2 51 3 563 1 13 3 24 1
247 87 24 553 1 468 1 544 1 562 1 554 1 290 1 561 1 206 1 464 1 48 2 52 2 54 1 57 1 179 1 180 1 182 1 559 1 53 1 114 1 23 1 29 1 50 2 51 3 118 3
6 2 21 41 1 45 1 49 1 98 1 99 1 270 1 508 1 290 1 224 1 279 1 361 1 48 2 52 2 54 1 57 1 30 1 180 1 182 1 223 1 235 1 26 1
68 21 27 331 1 460 2 461 1 48 2 52 2 54 1 57 1 179 1 247 1 256 1 257 1 260 1 261 1 265 2 180 1 182 1 120 1 127 1 223 1 241 1 236 2 202 1 53 1 125 1 189 1 196 2 61 1
127 39 24 255 1 300 1 460 2 332 1 334 1 105 2 48 1 52 2 54 1 57 1 407 1 247 1 256 1 257 1 260 1 261 1 265 2 180 1 182 1 223 1 235 2 202 1 53 1 189 1
//IdTournes NbColis
19 6
//IdColis IdCommandeInColis NbProducts IdProd1 QtyProd1 IdProd2 QtyProd2 ...
140 43 20 301 1 300 2 332 2 334 1 193 1 371 1 373 1 253 1 384 1 627 1 631 1 202 1 53 1 100 1 47 2 189 1 196 3 204 2 97 2 565 1
165 51 18 98 1 49 1 405 1 254 1 258 1 259 1 414 1 485 1 301 1 211 1 255 2 361 1 413 1 300 1 332 1 437 1 439 2 149 1
132 41 18 294 1 458 1 465 1 615 1 309 1 197 1 198 1 200 1 401 2 402 2 146 1 224 1 228 1 285 1 361 1 400 1 253 1 62 1
218 72 17 45 1 207 1 213 1 335 1 198 1 200 1 402 1 211 1 485 2 146 1 224 1 361 1 400 2 331 1 461 1 384 1 61 1
210 69 18 41 1 49 1 372 1 375 1 195 1 377 1 199 1 379 1 385 1 207 1 392 1 616 1 213 1 344 1 198 1 200 1 401 2 402 1
80 24 16 46 1 128 1 58 1 60 1 64 1 65 1 345 1 207 1 213 1 198 1 381 1 301 1 211 1 387 1 300 1 388 1
//IdTournes NbColis
20 6
//IdColis IdCommandeInColis NbProducts IdProd1 QtyProd1 IdProd2 QtyProd2 ...
162 50 18 289 1 345 1 225 1 195 1 207 1 270 1 198 1 359 1 259 1 200 1 414 1 401 1 402 1 255 2 443 1 400 1 331 1 52 1
215 71 16 345 1 195 1 207 1 213 1 270 1 197 1 198 1 200 1 401 2 402 2 228 1 285 1 400 2 331 1 396 1 12 1
15 5 14 43 1 46 1 49 1 98 1 128 1 58 1 60 1 64 1 65 1 225 1 195 1 199 1 207 1 62 1
24 8 17 41 1 49 1 87 1 99 2 225 1 277 1 195 1 207 1 270 1 213 1 198 1 397 2 200 1 401 2 610 1 297 1 44 1
112 34 22 41 1 49 1 534 1 225 1 307 1 195 1 198 1 200 1 485 1 211 1 300 1 332 1 334 1 180 1 182 1 529 1 202 1 47 2 53 1 189 1 196 1 204 1
168 52 17 128 1 46 1 635 1 58 1 64 1 42 1 65 1 289 1 225 1 230 1 195 1 250 1 199 1 207 1 213 1 270 1 95 1
//IdTournes NbColis
21 6
//IdColis IdCommandeInColis NbProducts IdProd1 QtyProd1 IdProd2 QtyProd2 ...
202 66 20 45 1 225 1 305 1 191 1 195 1 199 1 207 1 509 1 213 1 242 1 198 1 200 1 290 1 401 1 402 1 595 1 601 1 117 1 88 1 186 1
192 62 22 388 1 332 1 334 1 179 1 180 1 182 1 526 1 173 1 209 1 487 1 202 1 84 1 53 1 189 1 192 1 194 1 204 1 201 1 212 1 632 1 61 5 50 2
114 35 16 113 1 111 1 98 1 49 2 99 1 276 1 195 1 199 1 294 1 207 1 213 1 335 1 242 1 411 1 412 1 605 1
123 38 18 45 1 128 1 46 1 58 1 64 1 65 1 42 1 276 1 195 1 250 1 199 1 207 1 213 1 198 1 200 1 401 1 59 1 12 1
27 9 18 46 1 98 1 128 1 58 1 60 1 64 1 65 1 99 1 240 1 226 1 232 1 244 1 207 1 213 1 335 1 270 1 61 1 79 1
93 28 22 43 1 129 1 138 1 143 1 226 1 376 1 207 1 270 1 508 1 509 1 213 1 499 1 309 1 6 1 500 1 227 1 54 1 55 1 15 2 17 2 407 1 84 1
//IdTournes NbColis
22 6
//IdColis IdCommandeInColis NbProducts IdProd1 QtyProd1 IdProd2 QtyProd2 ...
126 39 21 45 1 406 1 195 1 270 1 213 1 146 1 198 1 258 1 259 1 200 1 588 1 414 1 485 1 211 1 601 1 117 1 409 1 255 1 48 1 31 1 1 1
172 53 24 568 1 567 1 558 1 298 1 226 1 232 1 556 1 566 1 255 1 52 2 54 1 57 1 48 2 179 1 180 1 182 1 389 1 53 1 61 5 33 2 63 3 50 2 51 1 118 3
31 10 21 176 2 177 1 188 1 190 1 178 1 419 1 422 2 424 1 441 1 444 1 445 2 446 2 449 1 450 1 451 1 592 1 594 1 175 1 195 1 377 1 66 1
95 29 17 46 1 91 1 128 1 58 1 60 1 64 1 65 1 304 1 311 1 326 1 198 1 200 1 211 1 337 1 485 1 330 1 47 1
139 43 15 46 1 128 1 634 1 58 1 64 1 65 1 42 1 383 1 304 1 376 1 335 1 198 1 211 2 485 2 617 1
220 73 16 304 1 195 1 199 1 207 1 213 1 410 1 198 1 200 1 485 2 402 2 248 1 266 1 415 1 400 2 331 1 30 1
//IdTournes NbColis
23 6
//IdColis IdCommandeInColis NbProducts IdProd1 QtyProd1 IdProd2 QtyProd2 ...
187 60 21 300 2 332 1 334 1 418 1 179 1 180 2 182 1 416 1 426 1 236 2 202 1 47 2 53 1 189 1 196 2 204 1 201 1 212 1 131 1 62 6 50 2
249 88 14 270 1 411 1 15 2 17 2 54 1 55 1 416 1 390 1 235 2 53 1 186 1 50 2 51 3 13 3
67 21 16 329 1 385 2 270 1 213 1 309 1 198 1 258 1 259 1 200 1 414 1 402 1 485 1 228 1 255 2 443 2 400 1
146 45 25 176 1 177 1 178 1 188 1 190 1 419 1 422 1 424 1 441 1 444 1 449 1 450 1 451 1 445 1 446 1 592 1 594 1 593 1 198 1 258 1 259 1 200 1 414 1 485 1 52 1
75 23 17 188 2 190 2 177 2 178 1 240 1 419 1 422 2 424 1 441 1 444 2 445 2 446 2 449 1 450 1 451 1 592 1 594 1
143 44 18 200 1 205 1 504 1 401 2 590 1 402 1 107 1 566 1 266 1 400 2 331 1 269 1 461 1 253 1 351 1 180 1 346 1 47 1
//IdTournes NbColis
24 6
//IdColis IdCommandeInColis NbProducts IdProd1 QtyProd1 IdProd2 QtyProd2 ...
9 3 18 199 1 207 1 366 1 456 1 463 1 335 1 213 1 392 1 644 1 350 1 242 1 347 1 198 1 200 1 401 2 402 1 34 1 62 1
50 16 20 110 1 111 1 49 1 98 1 305 1 195 1 293 1 207 1 328 1 335 1 270 1 213 1 336 1 285 1 324 1 323 1 312 1 48 2 52 1 237 1
150 46 16 46 1 98 1 128 1 58 1 60 1 64 1 65 1 240 1 305 2 307 1 207 1 476 1 198 1 258 1 259 1 236 1
223 74 20 305 1 417 1 307 1 195 1 199 1 207 1 213 1 270 1 198 1 200 1 401 1 402 1 248 1 425 1 400 1 331 1 461 1 34 1 235 1 24 1
59 19 16 46 1 91 1 124 1 64 1 65 1 58 1 60 1 231 1 195 1 199 1 360 1 207 1 267 1 213 1 335 2 75 1
199 65 19 98 1 622 1 289 1 152 1 277 1 280 1 244 1 195 1 294 1 207 1 615 1 270 1 213 1 198 1 200 1 485 1 402 1 179 1 61 1
//IdTournes NbColis
25 6
//IdColis IdCommandeInColis NbProducts IdProd1 QtyProd1 IdProd2 QtyProd2 ...
12 4 14 41 1 45 1 46 1 49 1 128 1 64 1 65 1 58 1 60 1 232 1 181 1 293 1 207 1 61 1
64 20 19 41 1 123 1 45 1 49 1 99 1 298 1 232 1 199 1 385 1 207 1 270 1 392 1 537 1 269 1 313 1 48 2 52 2 54 1 50 1
250 89 23 555 1 557 1 207 1 270 1 428 1 253 1 48 2 52 2 54 1 57 1 179 1 487 1 93 1 236 2 53 1 560 1 564 1 565 1 61 4 50 2 51 3 118 3 147 1
57 18 27 485 1 301 1 105 1 255 1 439 1 440 1 300 1 332 1 437 1 48 1 52 2 54 1 57 1 179 1 247 1 256 1 257 1 260 1 261 1 265 1 202 1 53 1 189 1 196 1 204 1 238 1 62 1
71 22 18 485 1 301 1 211 1 105 1 255 2 434 3 624 1 300 1 332 1 437 1 439 2 605 1 48 2 52 2 54 1 57 1 179 1 100 1
147 45 23 402 1 255 1 443 2 400 1 331 1 460 2 461 1 52 1 54 1 57 1 48 2 179 1 265 1 180 1 182 1 209 1 202 1 53 1 189 1 194 2 204 1 201 1 212 1
//IdTournes NbColis
26 6
//IdColis IdCommandeInColis NbProducts IdProd1 QtyProd1 IdProd2 QtyProd2 ...
151 46 20 414 1 485 1 301 1 211 1 255 2 382 1 300 1 460 2 332 1 334 1 105 2 48 2 52 2 54 1 57 1 179 1 247 1 256 1 257 1 265 1
158 48 22 300 1 332 1 437 1 439 2 105 2 48 2 52 2 54 1 57 1 179 1 247 1 256 1 257 1 260 1 261 1 265 3 202 1 53 1 189 1 194 2 204 1 201 1
209 68 19 437 1 179 1 180 1 182 1 389 1 390 1 202 1 53 2 189 1 194 2 204 1 201 1 212 1 61 6 551 1 39 1 27 1 50 2 24 1
226 75 21 266 1 415 1 400 1 331 1 461 1 179 1 180 1 182 1 389 1 236 2 202 1 53 1 189 1 194 1 204 1 201 1 212 1 61 5 641 1 614 1 50 2
228 76 19 240 1 267 1 438 1 358 1 198 1 301 1 211 1 485 2 361 1 300 2 332 1 437 1 435 1 436 1 179 1 202 1 84 1 53 1 194 1
252 90 18 476 1 504 1 48 2 52 2 54 1 57 1 179 1 180 1 182 1 236 2 47 2 53 1 69 1 61 5 50 2 51 3 118 3 574 1
//IdTournes NbColis
27 6
//IdColis IdCommandeInColis NbProducts IdProd1 QtyProd1 IdProd2 QtyProd2 ...
253 91 26 240 1 570 1 476 1 569 1 381 1 571 1 503 1 333 1 48 2 52 2 54 1 57 1 179 1 180 1 182 1 20 1 184 1 93 1 53 1 26 1 134 1 62 2 576 1 50 2 51 3 118 3
255 92 24 43 1 45 1 391 1 213 1 48 2 52 2 54 1 57 1 179 1 180 1 182 1 459 1 389 1 236 1 53 1 31 1 62 3 82 1 50 2 51 3 103 1 118 3 573 1 513 1
257 93 24 152 1 572 1 486 1 460 1 48 2 52 2 54 1 57 1 179 1 180 1 182 1 38 1 295 1 53 1 101 1 246 1 106 1 62 6 577 1 50 2 51 3 118 3 1 1 575 1
259 94 18 143 1 207 1 267 1 270 1 268 1 117 2 48 2 52 2 54 1 57 1 179 1 53 1 238 1 28 1 61 4 50 2 51 3 118 3
69 21 9 204 1 201 1 212 1 233 1 61 4 126 1 50 2 51 3 118 3
7 2 12 235 1 47 1 53 1 28 1 62 6 2 2 25 1 22 1 27 1 50 2 51 3 13 3
//IdTournes NbColis
28 6
//IdColis IdCommandeInColis NbProducts IdProd1 QtyProd1 IdProd2 QtyProd2 ...
40 12 23 35 1 300 1 332 1 334 1 447 1 407 1 442 1 180 1 182 1 93 1 235 2 202 1 53 1 189 1 196 2 204 1 95 1 201 1 212 1 80 1 186 1 62 6 50 1
91 27 27 332 1 334 1 105 2 428 1 351 1 48 1 52 2 54 1 57 1 247 1 256 1 257 1 260 1 265 3 261 1 180 2 182 1 235 2 202 1 53 1 135 1 584 2 189 1 94 1 26 1 61 3 24 1
104 31 11 235 2 202 1 53 1 189 1 196 2 204 2 59 1 201 1 212 1 61 5 50 2
137 42 17 88 1 487 1 235 2 202 1 47 1 53 1 84 1 189 1 196 1 204 1 59 1 201 1 212 1 62 5 50 2 51 3 118 3
144 44 14 235 2 202 1 53 1 47 1 135 1 189 1 196 1 204 2 201 1 212 1 62 5 599 1 102 1 50 2
163 50 28 460 2 461 1 313 1 48 2 52 1 54 1 57 1 585 1 247 1 256 1 257 1 260 1 265 2 261 1 180 1 182 1 30 1 314 1 487 1 235 2 202 1 53 1 189 1 196 1 204 1 201 1 212 1 62 3
//IdTournes NbColis
29 6
//IdColis IdCommandeInColis NbProducts IdProd1 QtyProd1 IdProd2 QtyProd2 ...
166 51 29 105 2 54 1 55 1 638 1 15 2 17 2 247 1 256 1 257 1 260 1 261 1 265 2 20 1 526 1 235 2 202 1 53 1 47 2 189 1 194 2 204 1 97 1 59 1 95 2 201 1 212 1 186 1 153 1 61 5
184 59 22 45 1 99 1 270 1 198 1 200 1 485 1 211 1 300 1 332 1 334 1 83 1 180 1 182 1 272 1 235 2 202 1 53 1 189 1 196 2 204 1 97 2 1 1
224 74 18 351 1 579 1 611 1 180 1 235 1 202 1 53 1 189 1 196 2 204 1 59 1 201 1 212 1 612 1 186 1 62 4 576 1 50 2
260 95 21 98 1 195 1 433 1 466 1 249 1 420 1 48 2 52 2 54 1 57 1 180 1 182 1 235 2 47 2 53 1 62 6 50 2 51 3 112 1 118 3 147 1
72 22 15 180 1 182 1 264 1 236 2 202 1 53 1 189 1 194 1 204 1 201 1 212 1 61 5 50 1 51 3 118 3
53 17 23 414 1 401 1 402 1 248 1 255 2 443 1 400 1 331 1 460 2 461 1 579 1 48 1 52 2 54 1 57 1 247 1 256 1 257 1 260 1 265 1 261 1 180 1 62 2
//IdTournes NbColis
30 6
//IdColis IdCommandeInColis NbProducts IdProd1 QtyProd1 IdProd2 QtyProd2 ...
136 42 23 211 1 255 2 431 1 300 1 460 2 332 1 334 1 105 1 432 1 48 2 52 2 54 1 57 1 520 1 247 1 256 1 257 1 260 1 261 1 265 2 180 1 182 1 636 1
133 41 22 400 1 331 1 269 1 461 2 609 1 320 1 455 1 403 2 182 1 278 1 315 1 368 1 127 1 202 1 47 3 56 1 100 1 150 1 189 1 26 1 196 3 95 1
45 14 21 348 1 358 1 117 2 198 1 200 1 268 1 401 1 402 1 285 1 503 1 400 1 331 1 269 1 461 1 581 1 306 1 357 1 579 1 578 1 88 1 93 1
48 15 14 270 1 213 1 350 1 107 1 198 1 200 1 485 2 402 2 400 2 331 1 461 2 206 1 398 1 373 1
190 61 4 212 1 62 5 471 1 50 2
66 21 12 45 2 46 1 129 1 128 1 42 1 65 1 58 1 64 1 383 1 408 1 195 1 207 1
//IdTournes NbColis
31 6
//IdColis IdCommandeInColis NbProducts IdProd1 QtyProd1 IdProd2 QtyProd2 ...
90 27 18 98 1 195 1 433 1 270 1 213 1 198 1 258 1 259 1 200 1 414 1 485 1 211 1 255 2 415 1 300 1 460 2 48 1 186 1
122 37 7 31 1 70 1 186 2 62 5 50 2 51 3 13 3
128 39 9 196 2 204 1 201 1 212 1 186 1 62 6 50 2 51 3 118 3
185 59 7 201 1 212 1 186 1 61 5 586 1 50 2 587 1
214 70 10 202 1 53 1 189 1 196 1 204 1 201 1 212 1 186 1 62 5 50 2
117 36 11 113 1 111 1 46 1 142 1 98 1 128 1 49 1 58 1 60 1 64 1 189 1
//IdTournes NbColis
32 6
//IdColis IdCommandeInColis NbProducts IdProd1 QtyProd1 IdProd2 QtyProd2 ...
229 76 9 189 1 194 1 204 1 201 1 212 1 21 1 62 6 636 1 50 2
135 42 17 46 1 128 1 58 1 60 1 64 1 65 1 99 2 417 1 213 1 198 1 258 1 259 1 414 1 485 1 628 1 301 1 75 1
118 36 16 65 1 99 1 240 1 308 1 310 1 544 1 254 1 485 2 301 1 211 2 285 1 318 1 266 1 269 1 300 2 332 1
186 60 18 128 1 46 1 58 1 42 1 64 1 65 1 207 1 270 1 335 1 198 1 200 1 211 1 485 2 349 1 361 1 637 1 613 1 24 1
205 67 19 98 1 99 2 240 1 199 1 360 1 207 1 213 1 608 1 270 1 198 1 200 1 401 2 402 1 117 1 382 1 400 2 511 1 533 1 613 1
47 15 15 111 1 46 1 91 1 128 1 60 1 64 1 65 1 58 1 558 1 307 1 195 1 207 1 329 1 335 1 202 1
//IdTournes NbColis
33 6
//IdColis IdCommandeInColis NbProducts IdProd1 QtyProd1 IdProd2 QtyProd2 ...
102 31 14 41 1 45 1 46 1 49 1 128 1 42 1 64 1 65 1 58 1 280 1 207 1 213 1 270 1 61 1
60 19 14 270 1 508 1 198 1 359 1 259 1 200 1 414 1 453 1 401 2 402 2 281 1 255 2 443 3 52 1
70 22 18 46 1 98 1 128 1 58 1 60 1 64 1 65 1 365 1 99 1 293 1 427 1 254 1 286 1 258 1 259 1 414 1 50 1 24 1
84 25 18 143 1 199 1 207 1 366 1 270 1 213 1 198 1 258 1 259 1 200 1 414 1 485 1 211 1 421 1 255 2 443 2 48 1 61 1
32 10 18 199 1 207 1 335 1 270 1 213 1 309 1 198 1 359 1 259 1 200 1 414 1 401 1 402 1 255 1 443 2 400 1 331 1 70 1
263 97 8 645 1 268 1 248 1 331 1 364 1 646 1 101 1 97 1
//IdTournes NbColis
34 6
//IdColis IdCommandeInColis NbProducts IdProd1 QtyProd1 IdProd2 QtyProd2 ...
56 18 17 46 1 49 1 128 1 42 1 64 1 65 1 58 1 429 1 430 1 335 1 270 1 254 1 258 1 259 1 414 1 211 1 48 1
8 3 14 41 1 46 1 49 1 128 1 42 1 65 1 58 1 64 1 37 1 365 1 99 1 152 1 195 1 196 1
52 17 17 46 1 128 1 42 1 58 1 64 1 65 1 386 1 195 1 199 1 207 1 580 1 213 1 198 1 359 1 259 1 200 1 48 1
105 32 13 41 2 46 1 49 1 128 1 42 1 64 1 65 1 58 1 148 1 195 1 207 1 198 1 147 1
225 75 18 46 1 58 1 60 1 64 1 65 1 195 1 207 1 213 1 438 1 270 1 197 1 198 1 200 1 208 1 485 1 402 1 120 1 630 1
92 27 11 196 2 204 1 201 1 212 1 61 3 140 1 8 1 583 1 50 2 51 3 13 3
//IdTournes NbColis
35 6
//IdColis IdCommandeInColis NbProducts IdProd1 QtyProd1 IdProd2 QtyProd2 ...
109 33 16 207 1 589 1 591 1 213 1 146 1 197 1 198 1 200 1 401 2 402 2 595 1 400 2 331 1 461 1 144 1 600 1
39 12 17 45 1 46 1 128 1 89 1 42 1 64 1 65 1 58 1 99 1 207 1 270 1 198 1 200 1 211 1 485 1 50 1 68 1
11 3 13 97 1 201 1 212 1 31 1 21 1 62 4 14 1 2 1 19 1 12 1 36 1 50 3 18 1
17 5 8 204 2 201 1 212 1 28 1 21 1 62 3 12 1 50 2
58 18 7 201 1 212 1 62 2 61 1 50 2 51 3 13 3
3 1 18 443 2 361 1 400 2 331 1 434 2 269 1 460 2 461 2 609 1 364 1 48 2 54 2 57 2 452 1 52 2 265 1 16 1 1 1
//IdTournes NbColis
36 6
//IdColis IdCommandeInColis NbProducts IdProd1 QtyProd1 IdProd2 QtyProd2 ...
264 98 4 42 1 647 1 331 1 11 1
156 47 4 607 1 51 3 118 3 528 1
177 55 4 51 2 118 2 528 1 24 1
183 58 5 550 1 61 5 50 1 51 3 13 3
26 8 10 69 1 11 1 62 6 76 1 19 1 8 1 74 1 92 1 12 1 50 2
130 40 5 63 1 33 2 50 2 51 3 13 3
//IdTournes NbColis
37 6
//IdColis IdCommandeInColis NbProducts IdProd1 QtyProd1 IdProd2 QtyProd2 ...
161 49 2 51 3 13 3
164 50 4 62 2 50 2 51 3 13 3
98 30 12 111 1 46 1 49 1 142 1 98 1 128 1 138 1 64 1 65 1 58 1 99 1 62 1
23 7 3 96 1 61 4 50 1
167 51 3 50 2 51 3 118 3
181 57 3 50 1 51 3 118 3
//IdTournes NbColis
38 4
//IdColis IdCommandeInColis NbProducts IdProd1 QtyProd1 IdProd2 QtyProd2 ...
5 1 1 51 3
173 53 1 51 2
175 54 1 51 2
179 56 1 51 3
