//NbTournees
34
//IdTournes NbColis
1 6
//IdColis IdCommandeInColis NbProducts IdProd1 QtyProd1 IdProd2 QtyProd2 ...
2 1 40 111 1 22 1 27 1 14 1 20 1 29 2 2 1 528 1 4 2 17 1 110 1 105 5 15 1 91 1 48 4 7 2 9 2 57 1 58 1 3 1 16 1 24 1 654 1 297 1 65 1 6 1 63 1 107 2 10 1 467 1 61 2 5 2 59 1 66 1 158 1 64 1 258 1 49 1 199 1 8 6
5 2 44 41 1 14 1 20 1 29 2 161 1 634 1 43 1 4 2 110 1 30 1 105 5 109 1 48 4 153 1 9 2 7 2 57 1 58 1 382 1 33 1 16 1 24 1 297 2 60 1 39 3 40 1 65 1 36 1 38 1 6 1 63 1 107 2 10 1 61 1 169 2 221 2 5 2 59 1 66 1 120 1 633 1 64 1 49 1 8 3
154 56 21 78 1 475 1 505 1 476 1 525 1 472 1 323 1 99 1 680 1 269 1 28 1 243 1 677 1 111 5 22 1 402 1 220 2 14 1 29 2 4 1 473 1
9 3 54 48 1 595 1 257 1 58 1 7 2 9 2 309 1 70 1 16 1 24 1 69 1 112 1 67 1 68 1 60 1 297 1 50 1 65 1 591 1 270 1 51 1 73 1 74 1 6 1 36 1 63 1 54 1 451 1 543 1 596 1 463 1 538 1 464 2 474 1 10 1 259 1 61 1 59 1 169 2 221 2 5 2 66 1 431 1 479 2 46 1 56 1 530 2 449 1 55 2 64 2 321 5 8 6 170 1 62 2
11 4 32 222 4 22 1 27 1 20 1 89 1 29 2 77 1 84 1 521 1 4 1 110 1 105 5 332 1 82 1 86 1 48 4 9 2 57 1 217 2 58 1 70 1 303 1 372 1 16 1 24 1 624 1 599 1 112 1 297 1 60 5 169 1 64 1
14 5 24 92 1 12 1 99 1 168 2 94 1 98 1 93 5 22 1 220 1 20 1 29 2 97 1 571 1 502 1 641 1 4 2 105 4 86 1 384 1 91 1 48 4 7 2 9 1 64 1
//IdTournes NbColis
2 6
//IdColis IdCommandeInColis NbProducts IdProd1 QtyProd1 IdProd2 QtyProd2 ...
16 6 21 298 1 102 1 103 1 104 1 92 2 116 1 115 1 28 1 114 1 117 1 111 5 118 1 2 1 110 2 105 5 109 1 15 1 86 1 48 3 57 1 8 2
181 66 39 105 3 332 3 86 1 692 1 265 1 48 4 132 1 257 1 9 2 7 1 57 1 58 1 309 2 33 2 24 1 16 1 112 2 297 1 60 1 608 1 689 1 6 1 330 1 10 1 61 1 66 1 158 1 431 1 630 1 100 1 160 1 407 1 511 1 64 1 321 5 164 1 313 2 49 2 8 6
224 77 65 105 1 747 1 86 1 685 1 91 1 48 4 425 1 123 1 257 1 7 1 9 2 670 2 399 1 676 1 360 1 57 1 58 1 70 1 16 1 133 1 24 1 686 1 69 1 599 1 297 2 60 1 50 1 524 1 65 2 279 1 108 1 270 1 682 1 6 1 683 1 330 1 375 1 620 1 452 1 589 1 748 1 254 1 574 1 622 1 10 2 582 1 61 1 5 1 169 2 221 2 66 1 479 1 569 1 621 1 407 1 160 1 64 2 164 1 163 1 313 1 49 1 199 2 8 6 357 2 62 1
234 80 35 105 3 48 4 70 1 159 1 24 1 16 1 624 1 69 1 599 1 67 1 297 1 60 1 39 1 65 1 270 1 356 1 6 1 687 1 73 1 244 1 10 1 467 1 61 1 169 1 66 1 322 1 120 1 407 1 56 1 511 1 64 1 49 1 8 6 170 1 62 2
20 7 50 29 1 190 1 528 1 43 1 84 1 4 1 343 1 127 1 110 1 105 5 332 1 48 4 339 1 123 1 257 1 7 2 9 2 57 1 58 1 3 1 453 1 16 1 24 1 112 1 297 1 60 1 65 2 219 1 166 1 73 1 6 1 513 1 63 1 107 2 10 1 61 1 189 1 5 2 59 1 192 1 66 1 431 1 120 1 576 1 64 1 49 1 258 1 8 6 357 1 62 3
23 8 36 222 2 22 1 220 1 20 1 29 1 528 1 43 1 4 1 105 5 91 1 48 4 132 1 327 1 9 1 57 1 217 2 58 1 16 1 133 1 24 1 297 1 60 1 65 1 108 1 598 1 74 1 198 1 6 1 254 1 10 1 61 1 66 1 64 1 565 1 8 6 62 1
//IdTournes NbColis
3 6
//IdColis IdCommandeInColis NbProducts IdProd1 QtyProd1 IdProd2 QtyProd2 ...
216 75 53 48 2 132 1 257 1 58 1 7 2 9 2 396 1 453 1 382 1 24 1 16 1 133 1 599 1 112 1 696 1 60 1 297 1 246 2 65 1 184 1 561 1 356 1 562 1 6 1 63 1 570 1 549 1 606 1 254 1 456 1 577 1 464 2 10 2 259 5 61 1 169 1 221 2 59 2 5 2 66 1 158 1 322 1 56 1 64 1 321 5 49 1 199 1 258 1 357 1 141 1 8 6 170 2 62 2
25 9 20 499 1 580 1 138 1 148 1 31 1 294 2 44 2 18 1 95 1 414 1 143 1 147 1 28 1 152 1 142 1 146 1 93 5 22 1 122 1 459 1
29 10 22 83 1 81 1 44 2 155 1 88 1 78 1 639 1 154 1 92 2 119 1 584 1 93 5 22 1 27 1 156 1 20 1 29 1 197 1 386 1 4 1 153 1 7 1
31 11 33 172 1 79 1 165 1 167 1 157 1 168 1 119 1 93 5 27 1 122 1 161 1 105 5 109 1 48 4 153 1 57 1 58 1 159 1 162 1 65 1 166 1 63 1 107 2 61 2 59 1 169 1 158 1 171 1 160 1 164 1 163 1 170 1 62 1
193 69 21 19 1 362 1 249 1 441 5 585 1 289 1 22 1 27 1 537 2 220 1 20 1 75 2 161 1 209 1 4 1 84 1 568 1 349 1 110 1 105 4 10 1
34 12 45 93 3 22 1 220 2 29 1 20 1 386 1 161 1 379 1 4 1 105 5 109 2 332 1 48 4 496 1 153 2 366 1 175 1 3 1 180 1 16 1 24 1 599 1 112 1 179 1 297 1 60 1 39 1 173 1 65 1 184 1 341 1 182 1 6 1 181 1 330 1 10 1 61 1 169 1 66 1 408 1 64 1 565 2 164 1 49 1 8 5
//IdTournes NbColis
4 6
//IdColis IdCommandeInColis NbProducts IdProd1 QtyProd1 IdProd2 QtyProd2 ...
37 13 49 111 2 22 1 220 1 20 1 29 2 190 1 386 1 43 1 194 1 4 1 105 5 109 1 332 1 48 4 153 1 132 1 662 1 7 2 9 1 57 1 58 1 3 1 180 1 16 1 24 1 195 1 191 1 297 1 60 1 663 1 65 1 6 1 36 2 628 1 188 1 602 1 10 1 61 2 189 2 221 2 192 1 66 1 322 1 632 1 64 1 185 1 258 1 49 1 8 4
41 14 38 105 2 200 1 48 3 153 1 9 2 57 1 217 2 58 1 309 1 202 1 96 1 16 1 24 1 599 1 297 1 60 1 201 1 203 1 65 1 198 1 206 1 6 1 63 1 107 2 10 1 61 1 5 2 59 1 66 1 120 2 64 1 313 1 480 1 49 1 199 1 468 1 8 6 62 1
44 15 38 48 4 213 1 366 1 7 1 9 2 57 1 58 1 382 1 3 1 33 1 652 1 16 1 24 1 112 2 297 1 60 1 203 1 65 2 108 1 6 1 36 1 63 1 107 2 10 1 61 1 5 2 221 1 59 1 66 1 64 1 565 1 215 2 258 2 49 1 199 1 8 6 170 2 62 1
150 55 59 679 2 265 1 446 1 314 1 91 1 48 4 339 1 425 2 9 2 57 1 58 1 399 1 396 2 33 1 159 1 24 2 16 1 245 1 69 1 67 1 60 1 297 1 203 1 678 1 65 2 51 1 374 1 586 1 36 1 330 1 6 1 587 1 447 1 63 1 442 1 448 1 558 1 240 1 464 2 10 1 61 1 59 1 221 1 5 2 66 1 158 1 171 1 407 1 449 1 64 1 163 2 313 2 49 1 468 1 141 2 8 6 357 1 170 1 62 1
228 78 41 29 1 20 1 709 1 647 1 343 1 392 1 349 1 105 5 109 3 610 1 200 1 314 2 48 4 257 2 7 2 9 2 57 1 58 1 33 2 159 1 609 1 24 1 16 1 69 1 297 1 60 1 203 1 708 1 65 2 356 1 166 1 36 1 6 1 644 1 602 1 10 2 259 1 61 1 189 2 66 1 120 1
45 16 23 79 2 223 1 28 1 222 5 220 1 218 1 225 1 226 1 4 1 105 4 227 1 48 3 57 1 217 2 58 1 9 2 224 1 219 1 10 1 221 1 46 1 56 1 8 4
//IdTournes NbColis
5 6
//IdColis IdCommandeInColis NbProducts IdProd1 QtyProd1 IdProd2 QtyProd2 ...
155 56 40 20 1 600 1 190 2 197 1 528 1 502 1 386 1 238 1 527 1 605 1 296 1 380 1 354 1 105 5 109 1 432 1 679 1 48 4 339 1 435 1 425 1 327 1 364 1 57 1 58 1 7 2 9 2 670 1 399 1 673 1 676 1 436 1 453 1 33 1 674 1 24 1 16 1 623 1 69 1 169 1
47 17 33 441 3 41 1 22 1 122 1 20 1 29 1 502 1 230 1 43 1 238 1 4 1 343 1 234 1 105 5 109 1 229 1 314 1 48 4 16 1 24 1 235 1 112 1 60 1 297 1 663 1 65 3 6 1 63 1 464 2 10 1 59 1 221 1 49 1
205 72 32 475 1 119 1 710 1 222 5 22 1 711 1 220 1 29 2 20 1 43 1 4 1 127 1 234 1 105 4 48 3 339 1 153 1 9 1 57 1 217 2 58 1 382 1 24 1 16 1 599 1 297 1 60 1 551 1 550 1 6 1 10 1 467 1
194 69 42 105 1 109 1 332 1 685 1 701 1 265 1 48 4 700 1 257 1 9 2 7 2 57 1 58 1 159 1 699 1 24 1 16 2 297 1 60 1 246 2 40 1 65 3 270 1 335 1 6 1 206 1 538 1 259 1 61 1 169 1 66 1 322 1 171 1 100 1 64 1 350 1 163 1 468 1 49 1 8 6 357 1 170 2
50 18 53 253 1 118 1 250 1 239 1 84 1 110 1 105 5 109 1 48 4 257 1 217 2 58 1 57 1 9 2 309 1 453 1 33 1 202 1 16 1 245 1 455 1 248 1 246 1 108 1 166 1 244 2 252 1 36 1 458 1 63 1 451 1 452 1 462 1 465 1 463 1 240 1 254 3 456 1 457 1 464 2 10 1 459 1 59 1 169 1 221 2 5 2 322 1 100 1 64 1 164 1 215 1 8 5 62 2
52 19 29 255 1 79 2 261 1 28 1 117 1 222 5 121 1 212 1 262 1 260 1 105 5 48 4 257 1 57 1 217 2 58 1 9 1 63 1 254 1 107 2 259 1 59 1 221 1 5 2 171 1 199 1 258 1 256 1 8 5
//IdTournes NbColis
6 6
//IdColis IdCommandeInColis NbProducts IdProd1 QtyProd1 IdProd2 QtyProd2 ...
55 20 43 22 1 263 1 20 1 29 2 437 1 264 2 226 1 43 1 84 1 4 1 105 5 265 1 314 1 48 4 153 1 257 1 9 1 57 1 217 2 58 1 436 1 16 1 24 1 60 1 297 1 267 1 65 1 113 2 108 1 6 1 198 2 467 1 61 3 66 1 158 1 100 1 361 1 408 1 64 1 350 1 164 1 49 1 8 5
149 55 24 704 1 441 5 300 1 22 1 353 1 212 1 402 1 263 1 75 1 287 1 20 1 302 2 343 1 527 1 238 1 4 1 380 1 684 1 705 1 105 5 332 1 491 1 7 1 221 1
58 21 40 262 1 20 1 29 2 43 1 4 1 272 1 105 5 610 1 332 1 273 1 48 4 153 1 366 1 9 2 57 1 217 2 58 1 382 1 16 1 24 1 297 1 60 1 65 1 270 1 356 1 36 1 6 1 198 1 10 1 61 2 169 1 221 1 66 1 64 1 215 1 49 3 271 1 8 6 170 1 62 1
156 56 50 599 1 112 1 675 1 297 1 524 1 669 1 246 1 671 1 672 1 678 1 335 1 337 1 311 1 36 2 513 1 6 1 573 1 604 1 596 1 451 1 254 1 456 1 101 1 474 1 526 1 478 1 10 2 467 1 459 1 61 1 169 1 221 2 192 1 66 1 479 1 120 1 100 1 171 2 56 1 55 1 64 1 350 1 185 1 321 5 163 1 313 1 49 1 141 1 271 3 8 6
222 77 23 78 2 13 2 88 1 247 1 503 1 414 1 277 1 143 1 99 1 693 1 168 1 735 1 45 1 362 1 410 1 681 1 136 1 359 1 249 1 117 2 243 1 7 1 256 2
22 8 21 131 1 580 1 460 1 298 1 42 1 134 1 135 1 87 1 31 1 83 1 81 1 44 2 88 1 78 1 92 1 130 1 136 1 222 3 220 1 169 1 49 1
//IdTournes NbColis
7 6
//IdColis IdCommandeInColis NbProducts IdProd1 QtyProd1 IdProd2 QtyProd2 ...
10 4 19 32 1 499 1 580 1 174 1 293 1 79 2 334 1 87 1 83 1 81 1 78 1 44 2 88 1 76 1 241 1 651 1 28 1 222 1 565 1
60 22 21 295 1 580 1 588 1 87 1 31 2 165 1 83 1 81 1 78 1 44 2 18 1 88 1 280 1 560 1 92 1 277 1 99 1 275 1 130 1 222 1 283 1
64 23 25 78 1 88 1 242 1 651 1 111 3 441 2 22 1 284 1 20 1 89 1 29 1 386 1 379 1 43 1 4 1 105 5 283 1 109 1 332 1 446 1 611 1 429 1 48 2 175 1 221 1
66 24 17 131 1 439 1 519 4 334 1 42 1 138 1 664 1 87 1 31 1 83 1 81 1 44 2 290 1 78 1 88 1 403 1 171 1
69 25 17 471 1 32 1 295 1 580 1 460 1 223 1 87 1 31 1 83 1 81 1 78 1 44 2 18 1 88 2 92 1 292 1 275 1
73 26 20 83 1 440 1 81 1 78 1 44 3 18 1 88 1 268 1 222 5 20 1 29 1 409 1 641 1 386 1 197 1 4 1 745 1 296 1 105 3 169 2
//IdTournes NbColis
8 6
//IdColis IdCommandeInColis NbProducts IdProd1 QtyProd1 IdProd2 QtyProd2 ...
75 27 16 580 1 519 6 298 1 138 1 87 1 31 1 385 1 83 1 167 1 81 1 47 1 619 1 13 1 78 1 44 1 20 1
179 66 19 223 1 87 1 31 1 294 2 165 2 83 1 81 1 47 1 88 3 522 1 523 1 497 1 688 1 290 1 690 1 78 2 13 1 221 1 62 1
183 67 18 131 1 32 1 580 1 79 1 531 2 42 1 34 1 666 1 87 1 385 2 83 1 81 1 88 2 247 1 261 1 78 1 4 1 480 1
187 68 19 535 1 131 1 295 1 580 1 470 1 87 1 31 1 83 1 81 1 523 1 88 2 536 1 13 1 78 1 18 1 734 1 220 1 169 2 256 1
192 69 18 138 1 87 1 345 6 385 1 167 1 83 1 81 1 47 1 88 2 18 1 78 1 13 2 242 1 454 1 693 1 28 1 584 1 513 1
196 70 19 294 1 83 1 81 1 88 1 78 1 688 1 44 2 18 1 651 1 92 1 563 1 119 1 126 1 117 1 93 5 22 1 726 1 118 1 29 2
//IdTournes NbColis
9 6
//IdColis IdCommandeInColis NbProducts IdProd1 QtyProd1 IdProd2 QtyProd2 ...
200 71 19 385 2 83 1 81 1 47 1 545 1 88 2 643 1 78 1 13 2 247 1 717 1 718 1 233 1 661 1 52 1 403 1 28 1 45 1 169 2
204 72 20 471 1 32 1 580 1 638 1 174 1 42 1 223 1 87 1 31 1 385 1 83 1 81 1 88 1 427 1 44 2 18 1 78 1 28 1 49 1 8 1
207 73 17 439 1 460 1 174 1 79 2 742 1 87 1 83 1 81 1 88 2 44 3 78 1 18 1 414 1 658 1 28 1 4 1 9 1
211 74 24 556 1 13 2 88 2 78 1 18 1 414 1 92 1 730 1 193 1 403 1 25 1 28 1 111 1 732 1 22 1 555 1 220 1 409 2 118 1 29 1 20 1 379 1 161 1 91 1
219 76 38 105 3 48 4 7 2 9 2 712 1 372 1 24 1 16 1 715 1 69 1 716 1 112 1 714 1 67 1 68 1 60 1 297 1 398 1 65 1 6 2 73 1 507 1 612 1 10 1 61 1 189 1 169 2 221 1 613 1 66 1 192 1 46 1 55 1 64 2 565 1 49 2 8 6 62 1
227 78 22 83 1 81 1 497 1 88 2 13 1 706 1 18 1 78 1 52 1 403 1 426 1 28 1 111 3 93 2 41 1 22 1 707 1 29 1 645 1 221 1 313 1 256 1
//IdTournes NbColis
10 6
//IdColis IdCommandeInColis NbProducts IdProd1 QtyProd1 IdProd2 QtyProd2 ...
230 79 15 469 1 471 1 131 1 32 1 295 1 580 1 733 1 87 1 31 1 83 1 81 1 88 1 78 1 44 2 49 1
54 20 18 131 1 580 1 255 1 174 1 42 1 31 1 294 2 44 2 18 1 183 1 269 1 28 1 403 1 142 1 266 1 268 1 111 5 9 1
78 28 17 471 1 32 1 580 1 174 1 176 1 79 1 42 1 31 1 167 1 44 2 261 1 306 1 268 1 222 5 22 1 20 1 4 1
180 66 25 13 1 567 1 656 1 99 1 168 1 362 1 94 1 421 1 691 1 677 1 441 5 22 1 212 1 29 1 20 1 528 1 276 2 521 1 4 1 568 2 43 1 354 1 105 2 109 1 7 1
57 21 16 741 1 131 1 32 1 580 1 42 1 31 1 47 2 44 2 18 1 157 1 266 1 274 1 222 5 22 1 313 1 258 1
70 25 24 657 1 274 1 93 5 22 1 262 1 122 1 20 1 29 2 161 1 190 1 276 1 4 1 110 1 105 5 755 1 332 1 48 4 7 2 9 2 57 1 58 1 3 1 548 1 10 1
//IdTournes NbColis
11 6
//IdColis IdCommandeInColis NbProducts IdProd1 QtyProd1 IdProd2 QtyProd2 ...
76 27 21 18 1 88 2 497 1 656 1 92 1 563 1 274 1 111 5 300 1 22 1 301 1 212 1 220 2 502 1 43 1 71 1 238 1 4 1 568 1 380 1 105 3
80 29 15 308 1 471 1 32 1 439 1 174 1 223 1 231 1 31 1 13 2 18 1 312 1 114 1 274 1 111 4 22 1
188 68 21 242 1 414 1 52 1 362 1 25 1 269 1 28 1 45 2 426 1 117 2 274 1 441 5 22 1 532 1 555 1 220 1 89 1 263 1 75 1 386 1 57 1
218 76 24 403 1 347 1 28 1 492 1 274 1 117 1 111 5 300 1 22 1 402 1 150 1 122 1 29 2 124 1 20 1 566 1 568 1 43 1 84 1 110 1 105 2 564 1 57 1 58 1
17 6 20 48 1 339 2 58 1 7 2 9 2 512 1 33 1 112 1 108 1 113 2 63 1 106 1 101 1 107 2 61 2 59 1 5 2 100 1 171 1 8 3
74 26 33 105 2 109 1 91 2 48 4 132 1 7 2 9 2 57 1 58 1 159 1 16 1 24 1 599 1 297 1 60 1 65 2 113 2 6 1 38 1 330 2 10 1 61 1 66 2 431 1 479 1 171 1 160 1 56 1 64 1 346 1 49 1 8 6 62 2
//IdTournes NbColis
12 6
//IdColis IdCommandeInColis NbProducts IdProd1 QtyProd1 IdProd2 QtyProd2 ...
84 30 15 48 3 217 2 58 1 57 1 9 1 599 1 113 2 616 1 36 1 316 1 320 1 615 1 313 1 8 4 62 1
85 31 31 328 1 79 1 325 1 323 1 324 1 111 5 326 1 84 1 105 5 91 1 48 4 153 1 327 1 159 1 16 1 69 1 113 2 63 1 107 2 259 1 59 1 169 2 221 2 158 2 322 1 55 1 321 5 163 2 313 1 256 1 170 1
87 32 26 79 2 223 1 193 1 329 1 222 5 331 1 105 5 332 1 48 4 132 1 257 1 9 2 57 1 217 2 58 1 33 1 112 1 39 1 65 1 113 2 330 1 189 1 163 1 199 1 8 5 170 1
90 33 42 441 1 22 1 20 1 29 2 634 1 379 1 43 2 4 2 110 1 105 5 109 1 332 1 48 4 153 1 327 1 9 2 57 1 217 2 58 1 16 1 24 1 297 1 60 1 39 1 80 1 65 1 113 2 335 1 337 1 6 1 181 1 198 2 63 1 464 2 10 1 467 1 61 1 5 1 169 1 221 1 59 1 49 1
92 34 26 345 1 92 1 117 1 93 5 121 1 342 1 340 1 344 1 343 1 110 1 105 4 48 3 339 1 9 2 57 1 217 2 58 1 297 1 338 1 113 2 341 1 38 1 198 1 330 1 169 1 8 4
94 35 42 22 1 262 1 29 1 528 1 43 1 4 2 110 1 105 5 91 1 48 4 7 2 9 2 57 1 58 1 186 1 224 1 159 1 652 1 372 1 16 1 24 1 297 1 60 1 113 2 108 1 6 1 63 1 107 2 10 1 635 1 5 2 59 1 66 1 171 1 64 1 480 2 346 2 49 1 8 6 357 1 256 1 170 2
//IdTournes NbColis
13 6
//IdColis IdCommandeInColis NbProducts IdProd1 QtyProd1 IdProd2 QtyProd2 ...
97 36 44 637 1 20 1 29 2 528 1 502 1 84 1 4 1 105 5 91 1 48 4 132 1 7 2 9 2 57 1 58 1 309 1 159 1 16 1 24 1 455 1 60 1 65 1 113 2 6 1 36 1 63 1 107 2 636 1 10 1 459 2 61 2 5 2 169 1 59 1 66 1 120 2 576 1 64 1 185 1 49 1 199 1 8 6 141 1 62 4
100 37 25 349 1 354 1 105 5 48 4 57 1 58 1 7 2 9 2 16 1 24 1 351 1 60 1 297 1 65 2 113 2 6 1 36 1 352 1 10 1 61 1 66 1 64 1 350 1 8 6 62 1
102 38 26 105 3 332 2 48 4 57 1 217 2 58 1 9 1 16 1 24 1 60 1 297 1 113 2 356 1 6 1 589 1 10 1 61 1 169 2 66 1 64 1 313 1 49 1 199 1 357 2 8 6 62 1
101 38 22 580 1 470 1 223 1 31 1 358 1 44 2 247 1 590 1 45 1 222 5 22 1 262 1 220 1 331 1 124 1 20 1 29 1 43 1 4 1 105 2 283 1 327 1
104 39 30 359 1 222 5 122 1 20 1 29 2 4 1 43 1 127 1 110 2 105 5 109 2 332 2 48 4 339 1 9 2 360 1 57 1 217 2 58 1 453 1 16 1 24 1 297 1 60 1 65 1 6 1 63 1 107 1 10 1 478 1
208 73 26 93 5 41 1 22 1 122 1 331 2 29 1 20 1 208 1 43 1 84 1 343 1 110 1 105 5 432 1 332 1 48 4 552 1 9 1 57 1 217 2 58 1 453 1 382 1 297 1 169 1 346 1
//IdTournes NbColis
14 6
//IdColis IdCommandeInColis NbProducts IdProd1 QtyProd1 IdProd2 QtyProd2 ...
223 77 22 441 5 22 1 637 1 220 1 122 1 331 1 75 2 284 1 20 1 746 1 600 1 386 1 190 1 276 1 4 1 43 2 343 2 272 1 684 1 105 4 109 1 169 1
19 7 23 18 1 125 1 128 1 104 1 758 1 242 1 92 1 119 1 28 1 403 1 52 1 757 1 126 1 98 1 111 4 41 1 22 1 121 1 129 1 122 1 124 1 20 1 153 1
43 15 21 216 1 553 1 414 1 168 1 383 1 93 5 22 1 212 1 121 1 210 1 20 1 29 2 409 1 502 1 43 1 209 1 4 1 568 1 105 5 109 1 7 1
83 30 20 315 1 504 1 298 1 500 1 167 1 44 1 196 1 319 1 168 2 318 1 28 1 317 1 222 5 121 1 262 1 110 1 105 4 283 1 227 1 314 1
107 40 23 165 2 31 1 13 1 228 1 103 1 242 1 92 1 434 1 52 1 362 2 45 1 111 5 22 1 121 1 220 1 20 1 253 1 29 2 197 1 84 1 343 1 57 1 256 1
111 41 26 31 1 165 2 13 1 368 1 18 1 242 1 152 1 410 1 52 1 369 1 441 5 22 1 121 1 20 1 118 1 29 2 276 1 238 1 4 1 371 1 110 1 105 1 109 1 153 1 366 1 221 1
//IdTournes NbColis
15 6
//IdColis IdCommandeInColis NbProducts IdProd1 QtyProd1 IdProd2 QtyProd2 ...
113 42 19 32 1 35 1 580 1 174 1 42 1 31 1 385 1 13 2 377 1 378 1 111 5 22 1 121 1 122 1 20 1 75 2 376 1 43 1 91 1
115 43 21 412 1 607 1 588 1 79 1 345 3 95 1 119 1 222 5 121 1 379 1 386 1 43 1 84 2 17 1 380 1 105 5 109 1 48 1 366 1 49 1 8 1
117 44 20 614 1 79 1 334 1 138 1 385 1 294 1 47 1 387 1 388 1 389 1 193 1 383 1 111 5 121 1 386 1 197 1 4 1 349 1 105 4 120 1
120 45 32 222 2 22 1 122 1 20 1 29 2 390 1 43 1 392 1 4 1 110 1 30 1 105 4 391 1 48 3 393 1 16 1 24 1 297 1 60 1 65 1 108 1 6 1 10 1 61 1 169 2 66 1 336 1 64 1 49 1 8 5 170 1 62 1
40 14 23 756 1 461 1 45 1 28 1 403 1 52 1 205 1 111 5 22 1 204 1 210 1 122 1 20 1 208 1 29 1 211 1 197 1 145 1 209 1 4 1 105 3 169 1 221 1
79 28 36 29 2 302 1 379 1 110 2 304 1 105 5 332 1 48 4 305 1 7 2 9 1 57 1 58 1 303 1 16 1 24 1 297 1 60 1 65 1 6 1 751 1 254 1 575 1 10 1 467 1 61 1 169 1 221 1 66 1 64 1 313 1 480 1 49 1 215 2 8 6 62 2
//IdTournes NbColis
16 6
//IdColis IdCommandeInColis NbProducts IdProd1 QtyProd1 IdProd2 QtyProd2 ...
122 46 33 347 1 93 5 22 1 29 2 302 1 502 1 4 1 568 1 105 4 48 3 436 1 16 1 24 1 162 2 297 1 60 1 65 1 244 1 73 1 6 1 330 1 254 1 10 1 61 2 169 2 66 1 171 1 64 1 164 1 313 1 49 1 8 5 170 1
26 9 45 150 1 20 1 29 1 137 1 161 1 145 1 4 2 105 5 149 1 48 4 144 1 9 2 57 1 217 2 58 1 151 1 16 1 24 2 112 2 297 1 60 1 65 1 561 1 139 1 140 1 627 1 586 1 36 1 6 1 458 1 463 1 602 1 10 1 61 1 66 1 120 1 160 1 56 1 64 1 350 1 164 1 49 1 141 1 8 6 62 1
125 47 23 92 1 397 1 400 1 642 1 117 1 98 1 222 5 22 1 20 1 29 2 4 1 568 1 110 1 105 5 332 1 48 4 327 1 7 2 9 2 396 1 399 1 57 1 10 1
189 68 46 20 1 43 1 84 1 110 1 354 1 105 5 283 1 694 1 265 1 314 1 48 4 58 1 7 2 9 2 24 1 16 1 112 1 162 2 60 1 297 1 65 1 598 1 586 1 73 1 74 1 6 1 375 1 534 1 533 1 254 1 526 1 636 1 582 1 10 1 61 1 158 1 66 1 367 1 407 1 408 1 576 1 64 1 350 1 49 2 8 6 62 2
215 75 24 697 1 441 5 41 1 22 1 278 1 208 1 29 2 379 1 276 1 77 1 238 1 4 1 43 1 84 1 105 5 564 1 332 1 694 1 695 1 200 1 48 2 339 1 57 1 169 2
49 18 22 131 1 460 1 138 1 47 1 155 1 247 1 251 1 241 1 242 1 154 1 454 1 461 1 52 1 45 1 426 1 403 1 243 1 249 1 441 5 212 1 220 1 122 1
//IdTournes NbColis
17 6
//IdColis IdCommandeInColis NbProducts IdProd1 QtyProd1 IdProd2 QtyProd2 ...
128 48 23 405 1 403 1 28 1 362 1 466 1 426 1 441 5 22 1 212 1 402 1 210 1 220 1 20 1 75 2 197 1 190 1 404 1 84 1 4 2 296 1 105 2 24 1 169 2
112 41 49 105 4 200 1 48 4 132 1 360 1 159 1 372 1 370 1 16 1 24 1 112 1 67 1 297 1 60 1 65 1 608 1 108 1 270 2 36 1 38 1 6 1 63 1 101 1 577 1 464 2 474 1 602 1 10 1 61 2 189 1 5 2 221 1 59 1 169 2 66 1 431 1 367 1 120 1 395 1 64 1 313 1 346 1 49 1 199 1 271 1 8 6 357 1 170 1 62 1
131 49 44 22 1 409 1 20 1 75 1 343 2 43 1 105 5 332 1 411 1 48 4 257 2 57 1 58 1 9 2 7 2 24 1 583 1 67 1 195 1 60 1 297 1 108 1 270 2 51 1 513 1 6 1 63 1 464 2 10 1 61 1 59 1 169 2 221 2 5 2 66 1 158 1 431 1 64 1 163 1 49 1 258 1 357 1 8 6 170 1
134 50 35 355 1 18 1 103 1 93 5 22 1 20 1 29 1 528 1 276 1 110 1 105 5 48 4 366 1 7 2 9 2 57 1 58 1 16 1 24 1 67 1 60 1 297 1 65 2 270 1 6 1 36 1 10 1 61 1 169 1 192 1 66 1 158 1 361 1 56 1 313 1
137 51 33 20 1 29 2 161 1 343 1 4 1 105 5 109 1 48 4 217 2 58 1 9 2 16 1 24 1 416 1 162 1 60 1 297 1 65 1 279 1 513 1 6 1 10 1 582 1 259 1 61 1 221 2 66 1 120 1 64 1 350 1 565 1 8 6 62 1
1 1 23 439 1 11 1 385 2 47 1 13 2 18 1 21 1 242 1 414 1 560 1 92 1 12 1 23 1 1 1 19 1 25 1 26 1 28 1 653 1 111 4 4 1 169 1 62 1
//IdTournes NbColis
18 6
//IdColis IdCommandeInColis NbProducts IdProd1 QtyProd1 IdProd2 QtyProd2 ...
13 5 16 315 1 471 1 131 1 32 1 580 1 298 1 42 1 31 2 440 1 13 2 18 1 95 1 242 1 567 1 105 1 49 1
18 7 15 131 1 32 1 295 1 35 1 580 1 174 1 293 1 298 1 42 1 294 1 31 1 385 1 440 2 13 2 111 1
33 12 21 131 1 439 1 177 1 174 1 176 1 42 1 178 1 31 1 385 1 13 2 18 1 183 1 242 1 560 1 657 1 658 1 168 1 19 1 93 2 29 1 8 1
36 13 18 187 1 35 1 580 1 174 1 79 2 31 1 385 1 13 2 18 1 196 1 242 1 414 1 475 1 740 1 193 1 28 1 111 3 186 1
39 14 16 471 1 131 1 32 1 35 1 580 1 638 1 174 1 134 1 138 1 31 1 165 1 13 2 18 1 207 1 104 1 48 1
42 15 13 214 2 131 1 412 1 35 1 32 1 580 1 79 1 334 1 42 1 165 1 167 1 13 2 314 1
//IdTournes NbColis
19 6
//IdColis IdCommandeInColis NbProducts IdProd1 QtyProd1 IdProd2 QtyProd2 ...
46 17 20 214 1 460 1 174 1 138 1 664 1 231 1 294 2 228 1 13 2 232 1 497 1 154 1 665 1 414 1 233 1 193 1 168 1 236 1 237 1 441 2
63 23 17 471 1 439 1 255 2 174 1 87 1 165 1 83 1 167 3 81 1 281 1 282 1 13 3 285 1 18 1 275 1 49 1 8 1
99 37 22 174 1 79 1 31 1 355 1 18 1 13 2 76 1 505 1 28 1 93 5 41 1 22 1 353 1 262 1 122 1 278 1 20 1 29 2 43 1 4 1 647 1 49 1
106 40 12 471 2 131 1 35 1 580 1 255 1 174 1 79 1 334 3 34 2 223 1 13 1 565 1
110 41 13 32 1 295 1 348 1 439 1 470 2 174 1 176 1 334 1 298 2 42 2 666 1 31 1 13 1
127 48 16 469 1 471 1 32 1 439 1 255 1 470 1 174 1 79 1 223 1 394 1 31 2 13 1 241 1 406 1 16 1 164 1
//IdTournes NbColis
20 6
//IdColis IdCommandeInColis NbProducts IdProd1 QtyProd1 IdProd2 QtyProd2 ...
130 49 17 471 1 348 1 439 1 174 1 79 1 138 1 31 1 358 1 13 2 228 1 52 1 410 1 45 2 28 1 117 1 441 5 16 1
139 52 22 32 1 499 1 439 1 460 1 174 1 31 1 47 1 419 1 18 1 13 2 103 1 424 1 45 1 318 1 28 1 119 1 403 1 426 1 52 1 421 1 117 1 256 2
142 53 21 579 1 580 1 31 1 294 1 13 2 52 1 403 1 426 1 19 1 111 5 22 1 402 1 20 1 29 1 197 1 43 1 4 1 105 3 332 1 57 1 169 1
144 54 17 32 1 35 1 580 1 588 1 174 1 176 1 334 1 42 1 138 1 428 1 427 1 18 1 13 2 242 1 28 1 222 4 36 1
148 55 24 31 1 294 1 47 1 557 2 128 1 497 1 102 1 103 1 13 2 247 1 445 1 505 1 560 1 92 2 559 1 99 1 403 2 347 1 450 1 142 1 697 1 703 1 7 1 169 2
157 57 38 42 1 31 1 481 1 13 2 18 1 483 1 28 1 111 1 22 1 262 1 20 1 29 2 4 1 110 1 105 1 48 1 58 1 7 1 9 1 57 1 16 1 24 1 60 1 297 1 39 1 65 1 482 1 473 1 6 1 10 1 61 1 169 1 66 1 367 1 64 1 480 1 49 1 8 2
//IdTournes NbColis
21 6
//IdColis IdCommandeInColis NbProducts IdProd1 QtyProd1 IdProd2 QtyProd2 ...
158 58 23 485 1 138 1 428 1 31 1 165 1 13 2 18 1 656 1 92 1 193 1 99 1 45 1 28 1 152 1 52 1 426 1 111 5 300 1 22 1 484 1 220 1 122 1 256 1
184 67 21 723 1 13 2 725 1 18 1 125 1 497 1 103 1 242 1 92 1 168 1 236 1 93 5 22 1 262 1 118 1 29 2 20 1 161 1 43 1 4 2 36 1
214 75 18 131 1 32 1 439 1 176 1 298 1 698 1 31 2 282 1 497 1 247 1 13 2 693 1 143 3 563 1 236 1 28 1 450 1 20 1
217 76 17 471 1 131 1 32 1 439 1 174 1 293 1 79 1 223 1 138 1 713 2 13 2 18 1 76 1 567 1 193 1 52 1 24 1
12 4 23 80 1 65 1 90 1 598 1 85 1 6 1 36 1 198 1 573 1 10 1 650 1 61 1 189 1 66 1 648 1 511 1 565 1 164 1 163 1 346 1 49 1 8 6 62 1
67 24 21 88 1 403 1 426 1 288 1 289 1 441 5 585 1 22 1 156 1 220 1 29 1 287 1 20 1 43 2 4 1 105 5 446 1 48 2 339 1 169 1 49 1
//IdTournes NbColis
22 6
//IdColis IdCommandeInColis NbProducts IdProd1 QtyProd1 IdProd2 QtyProd2 ...
197 70 48 287 1 20 1 161 1 379 1 43 1 84 1 4 1 645 1 729 1 744 1 105 5 332 1 728 1 48 3 339 1 153 1 7 2 9 2 676 1 57 1 58 1 436 1 721 1 16 2 24 1 727 1 112 1 297 2 60 1 39 1 608 1 6 1 10 1 650 1 259 1 61 3 169 1 221 1 66 2 630 1 407 1 160 2 336 1 64 2 350 2 468 1 49 1 8 6
126 47 32 58 1 33 1 159 1 16 1 24 1 401 1 297 1 60 1 398 1 65 2 270 1 6 1 36 2 63 1 107 2 259 1 467 1 61 1 5 2 169 1 221 1 59 1 192 1 66 1 158 1 630 1 120 1 407 1 395 1 8 6 141 1 62 2
153 56 16 504 2 520 1 176 1 79 2 223 1 34 3 31 1 83 1 81 1 47 1 88 2 497 1 44 2 18 1 232 1 227 1
178 66 10 471 1 295 1 470 2 255 1 520 1 519 6 79 1 334 1 223 1 81 1
202 71 60 105 4 564 1 109 1 695 1 48 4 541 1 542 1 339 1 496 1 153 1 488 1 327 2 662 1 257 1 364 1 9 1 7 2 57 1 58 1 436 1 33 1 303 2 721 1 548 1 24 1 16 1 624 1 659 1 112 2 297 2 267 1 544 1 598 1 166 1 38 1 6 1 330 1 375 1 430 1 540 1 543 1 451 1 549 1 320 1 574 1 299 1 10 1 467 2 221 1 66 1 431 1 479 1 160 1 64 1 321 5 215 1 49 1 271 2 8 6 170 2
210 74 16 131 1 32 1 348 1 439 1 470 1 174 1 298 2 223 1 554 1 87 1 31 2 83 1 81 1 523 1 553 1 60 1
//IdTournes NbColis
23 6
//IdColis IdCommandeInColis NbProducts IdProd1 QtyProd1 IdProd2 QtyProd2 ...
221 77 14 470 2 255 2 79 4 223 1 34 1 178 1 698 1 737 1 736 1 87 1 31 1 83 1 81 2 258 1
162 59 34 105 3 432 2 489 1 446 1 314 1 91 1 48 3 488 1 16 1 24 1 486 1 297 1 60 1 65 2 270 1 6 1 36 2 198 2 628 1 375 1 448 2 10 1 61 1 66 1 120 1 361 1 530 2 64 1 413 1 346 1 49 1 8 5 357 1 62 1
161 59 20 32 1 487 1 470 1 174 1 298 1 42 1 31 1 44 2 572 1 629 1 288 1 222 5 22 1 20 1 490 1 29 2 528 1 4 1 105 1 609 1
232 79 30 48 4 9 1 57 1 217 2 58 1 224 1 24 1 16 1 599 1 297 1 60 1 65 1 598 1 85 1 36 1 6 1 683 1 206 1 198 2 10 1 61 1 169 1 221 1 66 1 64 1 565 1 163 1 8 6 271 3 62 2
71 25 15 16 1 24 1 599 1 297 1 60 1 291 2 36 1 6 1 61 1 221 1 66 1 64 1 49 1 8 6 62 2
185 67 36 568 1 744 1 110 1 105 5 109 1 48 4 339 1 175 1 7 2 9 2 724 1 57 1 58 1 33 2 24 1 16 1 297 2 60 1 65 3 561 1 51 1 6 1 529 1 447 1 448 2 10 2 61 1 66 1 530 3 64 1 480 2 346 5 258 1 8 6 170 1 62 1
//IdTournes NbColis
24 6
//IdColis IdCommandeInColis NbProducts IdProd1 QtyProd1 IdProd2 QtyProd2 ...
140 52 21 441 5 41 1 22 1 637 1 20 1 75 2 420 1 190 1 43 1 71 1 392 1 423 1 4 1 404 1 105 5 332 1 48 4 425 1 339 2 10 1 169 1
61 22 33 222 4 22 1 122 1 278 1 20 1 29 1 409 2 379 1 276 1 4 1 105 5 48 4 9 2 57 1 217 2 58 1 16 1 24 1 297 1 60 1 65 2 279 1 108 1 198 1 6 1 169 1 66 1 100 1 64 1 565 1 49 1 8 6 62 1
164 60 37 300 1 353 1 210 1 220 2 122 1 110 2 310 1 105 5 109 2 332 1 491 1 314 1 91 2 48 4 496 1 327 1 58 1 57 1 7 2 382 1 159 2 202 1 195 1 65 1 573 1 254 2 456 1 574 1 575 1 577 1 467 2 61 3 578 1 171 1 163 1 357 2 62 1
136 51 21 32 1 580 1 174 1 42 1 31 1 44 2 18 1 417 1 196 1 503 1 414 1 98 1 111 5 41 1 22 1 342 1 418 1 220 2 415 1 57 1 49 1
167 61 22 501 1 318 1 236 1 93 5 300 1 22 1 220 1 20 1 29 2 190 1 528 1 197 1 4 1 376 1 110 2 105 5 283 1 332 1 314 1 91 1 48 3 330 1
169 62 29 504 1 223 1 294 1 503 1 355 1 104 1 505 1 126 1 93 5 502 2 105 5 109 1 332 1 48 4 217 2 58 1 9 1 57 1 3 1 39 1 63 1 107 2 59 1 169 1 221 1 5 2 468 1 8 5 170 1
//IdTournes NbColis
25 6
//IdColis IdCommandeInColis NbProducts IdProd1 QtyProd1 IdProd2 QtyProd2 ...
212 74 48 190 1 4 1 43 1 105 5 731 1 48 4 496 1 339 1 153 1 132 1 257 1 57 1 217 2 58 1 9 2 453 1 3 1 224 1 372 1 24 1 16 1 297 1 40 1 65 5 544 1 598 1 270 1 335 1 198 1 6 1 447 1 373 1 254 1 10 1 61 2 169 1 66 1 322 1 408 1 64 1 321 5 163 2 49 1 199 1 357 1 141 1 8 6 62 1
201 71 31 441 5 660 1 22 1 204 1 262 1 546 1 547 1 537 1 722 1 220 1 409 1 75 1 20 1 386 1 502 1 379 1 641 1 161 1 238 1 4 1 597 1 376 1 568 1 43 1 719 1 110 1 720 1 105 1 541 1 169 1 221 1
171 63 28 255 1 460 1 506 1 508 1 509 1 92 2 111 5 220 1 510 1 110 2 105 5 48 4 257 1 9 2 57 1 217 2 58 1 33 1 191 1 166 1 330 1 507 1 169 1 221 1 56 1 8 5 357 1 62 1
233 80 21 174 1 298 2 31 2 44 2 18 1 414 1 92 1 625 1 626 1 28 1 441 5 22 1 484 1 220 1 20 1 29 2 276 1 4 1 43 1 105 2 153 1
15 5 23 9 1 57 1 58 1 96 1 16 1 24 2 162 1 60 1 65 2 85 1 6 1 63 1 570 1 107 2 10 1 61 1 5 2 59 1 66 1 120 2 407 1 8 6 62 1
30 10 33 105 5 91 1 48 4 153 1 7 1 9 2 57 1 58 1 159 1 16 1 24 1 162 1 297 1 60 1 65 1 270 1 627 1 36 2 6 1 462 1 640 1 10 1 459 1 189 1 169 1 221 1 66 1 120 1 633 1 336 1 64 1 8 5 62 1
//IdTournes NbColis
26 6
//IdColis IdCommandeInColis NbProducts IdProd1 QtyProd1 IdProd2 QtyProd2 ...
65 23 30 48 2 175 1 7 2 9 2 57 1 58 1 548 1 16 1 24 1 112 1 297 1 60 1 286 1 65 1 335 1 73 1 6 1 254 1 474 1 10 1 61 1 169 1 221 1 192 1 66 1 431 1 160 1 64 1 8 5 357 1
68 24 24 48 2 257 1 9 1 7 2 57 1 58 1 16 1 24 1 599 1 297 1 60 1 108 1 608 1 36 1 6 1 10 1 189 1 66 1 171 1 64 1 565 1 49 1 8 6 62 1
77 27 42 105 2 332 1 91 1 48 4 496 1 366 1 257 1 7 2 9 2 57 1 58 1 655 1 33 2 16 1 24 1 624 1 112 1 297 1 60 1 65 1 482 1 6 1 618 1 299 1 617 1 10 2 259 1 61 1 189 2 169 2 221 1 66 1 171 1 56 1 395 1 64 1 565 1 164 1 49 1 8 6 357 1 62 2
81 29 40 111 1 20 1 29 2 379 1 43 1 4 1 310 1 105 5 564 1 109 1 332 1 48 4 327 1 7 2 9 2 57 1 58 1 309 1 453 1 3 1 372 1 16 1 24 1 297 1 60 1 65 1 356 1 311 1 74 1 6 1 649 1 307 1 10 1 61 1 221 1 66 2 64 1 49 1 271 2 8 6
108 40 58 4 1 105 5 432 1 429 1 314 1 91 1 48 4 435 1 153 2 366 1 257 1 364 1 58 1 7 2 9 2 436 1 309 1 159 1 16 1 24 1 112 2 60 1 297 1 65 1 108 1 219 1 363 1 244 1 36 1 433 1 6 2 63 1 430 1 464 2 365 1 602 1 10 3 467 1 61 3 59 2 169 3 221 1 5 2 66 1 192 1 431 1 601 1 100 1 361 1 55 1 64 1 413 1 350 1 163 1 49 1 199 2 468 2 8 6
114 42 35 84 1 4 1 105 5 109 2 48 4 339 2 327 1 57 1 217 2 58 1 9 2 16 1 24 1 60 1 297 1 65 1 374 1 198 1 6 1 581 1 375 1 373 1 10 1 259 1 61 1 169 1 221 1 66 1 361 1 576 1 64 1 49 1 8 6 170 1 62 2
//IdTournes NbColis
27 6
//IdColis IdCommandeInColis NbProducts IdProd1 QtyProd1 IdProd2 QtyProd2 ...
141 52 28 366 1 7 2 9 2 57 1 58 1 382 1 3 1 16 1 69 1 112 1 297 1 60 1 246 1 65 1 270 1 422 1 6 1 459 1 61 2 66 1 322 1 56 1 64 1 350 1 313 1 49 1 8 6 62 3
143 53 29 105 2 48 4 217 2 58 1 9 2 33 1 16 1 24 1 60 1 297 1 65 1 198 1 244 1 73 2 63 1 254 1 107 2 10 1 61 1 59 1 169 1 221 2 5 2 66 1 120 2 64 1 163 1 49 2 8 6
145 54 48 222 1 22 1 20 1 29 2 502 1 4 1 566 1 110 2 105 5 48 4 153 1 9 2 7 2 57 1 58 1 3 1 159 1 303 1 16 1 24 1 112 1 297 1 60 1 65 1 270 1 36 2 38 2 6 1 330 1 63 1 254 1 107 2 10 1 259 1 635 1 61 2 189 1 169 1 5 2 59 1 66 1 120 1 64 1 346 1 49 2 141 1 8 6 62 1
159 58 51 20 1 29 2 437 1 43 2 4 1 568 1 105 5 48 4 327 1 257 1 7 2 9 2 57 1 58 1 372 2 16 1 24 1 179 1 297 2 60 1 65 1 108 1 6 1 375 1 63 1 320 1 618 1 107 2 299 1 10 1 467 1 459 1 61 1 169 2 221 1 5 2 59 1 158 1 66 1 479 1 171 1 633 1 64 1 313 1 480 2 49 1 258 1 215 1 8 6 170 1 62 1
168 61 36 48 1 153 1 132 1 366 1 257 1 7 2 9 2 57 1 58 1 382 1 33 1 16 2 24 1 599 1 60 1 297 1 65 2 108 1 270 1 6 1 36 3 63 1 107 1 10 2 459 1 5 2 59 1 158 2 569 1 160 1 407 1 64 1 215 1 49 1 8 6 62 1
174 64 49 22 1 29 2 528 1 43 1 514 1 84 1 4 1 110 1 105 5 332 1 91 1 48 4 9 2 57 1 217 2 58 1 309 1 512 1 382 1 96 1 24 1 16 1 297 1 60 1 65 1 6 1 513 1 63 1 107 2 10 1 631 1 61 2 5 2 169 1 221 1 59 1 66 1 630 1 120 2 361 1 395 1 511 1 632 1 55 1 64 1 565 1 49 1 8 6 62 1
//IdTournes NbColis
28 6
//IdColis IdCommandeInColis NbProducts IdProd1 QtyProd1 IdProd2 QtyProd2 ...
209 73 18 24 1 16 1 60 1 267 1 108 1 166 1 743 1 6 1 10 1 61 1 66 1 171 1 160 1 64 1 49 1 8 6 170 1 62 1
177 65 30 93 5 528 1 105 5 446 1 91 1 48 4 175 1 516 1 9 2 57 1 217 2 58 1 159 1 108 1 6 1 244 1 63 1 107 2 5 2 221 1 59 1 158 1 56 1 336 1 413 1 185 1 313 1 8 5 141 1 170 2
4 2 17 32 1 35 1 37 1 460 1 174 1 42 1 34 1 223 1 31 1 47 1 44 2 45 1 19 1 28 1 403 1 111 5 314 1
28 10 14 638 1 580 1 470 1 519 6 79 2 298 1 42 1 138 1 87 1 31 1 385 1 165 1 49 1 8 1
93 35 15 471 1 131 1 35 1 580 1 255 1 293 1 42 1 223 1 31 1 44 2 92 1 318 1 347 1 93 5 20 1
96 36 15 333 1 348 1 477 1 79 2 42 1 34 1 31 1 165 2 44 2 18 1 503 1 117 1 111 5 22 1 297 1
//IdTournes NbColis
29 6
//IdColis IdCommandeInColis NbProducts IdProd1 QtyProd1 IdProd2 QtyProd2 ...
103 39 17 32 1 295 1 754 1 580 1 255 1 174 1 42 1 138 1 294 1 31 1 44 2 18 1 651 1 92 2 19 1 152 1 22 1
119 45 20 32 1 580 1 638 1 460 1 504 1 174 1 42 1 31 1 167 1 18 1 103 1 753 1 560 1 752 1 168 1 28 1 403 1 126 1 222 3 33 1
121 46 16 471 1 32 1 348 1 580 1 470 1 174 1 42 1 394 1 739 2 31 1 385 1 165 1 44 2 18 1 168 1 20 1
124 47 16 131 1 412 1 32 1 580 1 255 1 588 1 79 3 42 1 223 1 31 1 294 1 44 1 18 1 643 1 76 1 64 1
133 50 15 471 1 32 1 412 1 35 1 580 1 174 1 42 1 223 1 231 1 666 1 31 1 165 1 167 2 44 2 383 1
166 61 15 32 1 499 1 667 1 439 1 42 1 500 1 34 1 31 4 294 1 165 2 440 1 44 2 18 1 668 1 107 1
//IdTournes NbColis
30 6
//IdColis IdCommandeInColis NbProducts IdProd1 QtyProd1 IdProd2 QtyProd2 ...
173 64 14 471 1 32 1 580 1 174 1 176 1 42 1 223 2 345 2 31 1 44 2 242 1 28 1 93 5 20 1
231 79 21 18 1 651 1 501 1 117 2 93 5 22 1 150 1 29 2 20 1 190 1 528 1 379 1 521 2 43 2 84 1 4 1 110 2 105 5 109 1 9 1 169 1
8 3 20 19 1 72 1 426 1 403 1 441 5 22 1 75 2 437 1 53 1 43 1 71 1 438 1 4 1 597 1 105 5 594 1 48 3 153 1 132 1 57 1
176 65 17 469 1 738 1 515 1 295 1 580 1 293 1 334 1 517 1 138 1 739 1 99 1 518 1 28 1 152 1 119 1 126 1 4 1
147 55 13 172 1 471 1 35 1 443 1 580 1 470 2 588 1 174 1 293 1 298 1 34 1 702 1 444 1
7 3 17 592 1 328 1 471 1 333 1 439 1 520 1 31 1 440 1 47 1 44 2 18 1 593 1 92 1 52 1 45 1 20 1 49 1
//IdTournes NbColis
31 6
//IdColis IdCommandeInColis NbProducts IdProd1 QtyProd1 IdProd2 QtyProd2 ...
89 33 13 471 1 333 1 439 1 174 1 79 3 334 2 31 2 44 2 18 1 28 1 119 1 441 4 5 1
163 60 22 499 1 79 1 165 1 385 1 294 2 167 1 493 1 497 1 102 1 572 1 498 1 454 1 168 1 383 1 492 1 494 1 495 1 152 1 403 1 93 5 110 1 576 1
72 26 16 315 1 295 1 131 1 580 1 174 1 293 1 176 1 79 1 334 1 298 1 138 1 34 1 87 1 294 1 31 1 22 1
152 56 11 471 1 477 1 348 1 131 1 32 1 580 1 603 1 177 1 460 2 504 2 87 1
195 70 16 32 1 295 1 348 1 580 1 470 1 255 1 460 1 174 1 293 1 176 1 79 1 334 1 394 1 87 1 31 1 48 1
199 71 12 295 1 580 1 588 1 520 1 519 6 176 2 334 1 138 1 34 1 223 1 87 1 9 1
//IdTournes NbColis
32 6
//IdColis IdCommandeInColis NbProducts IdProd1 QtyProd1 IdProd2 QtyProd2 ...
226 78 13 470 2 255 3 174 1 485 1 176 1 223 2 138 2 34 1 87 1 294 1 31 2 165 1 646 1
116 43 22 48 3 364 1 57 1 217 2 58 1 9 2 382 1 3 1 33 1 583 1 65 1 73 1 36 1 38 1 63 1 381 2 540 1 107 2 59 1 169 1 5 2 8 4
129 48 33 105 3 48 4 60 1 297 1 65 1 73 2 6 1 63 1 254 1 464 2 10 1 259 1 467 1 61 1 189 2 59 1 221 2 5 2 66 1 158 1 322 1 100 1 171 1 160 1 407 1 408 1 55 1 64 2 163 1 49 1 468 1 8 6 62 1
118 44 25 105 1 332 1 384 1 48 4 366 1 132 1 257 1 57 1 58 1 7 2 9 2 33 1 151 1 372 1 166 1 74 1 63 1 107 2 59 1 169 2 221 2 5 2 120 1 100 1 8 5
235 81 29 79 1 298 1 138 2 34 1 167 1 12 1 403 1 93 5 409 1 528 1 4 1 105 5 332 2 91 1 48 4 7 2 9 2 57 1 58 1 303 1 63 1 107 2 5 2 59 1 120 1 56 1 648 1 55 1 8 5
48 17 11 5 2 66 1 158 1 322 1 56 1 632 1 64 1 321 2 49 1 8 6 62 1
//IdTournes NbColis
33 6
//IdColis IdCommandeInColis NbProducts IdProd1 QtyProd1 IdProd2 QtyProd2 ...
229 78 11 408 1 46 1 64 1 350 1 321 5 565 1 49 1 8 6 357 1 170 1 62 1
237 82 25 295 1 750 1 79 2 92 1 222 5 220 1 749 1 528 1 105 5 91 1 48 4 153 1 327 1 9 2 57 1 217 2 58 1 453 1 382 1 112 1 459 1 61 1 169 1 55 1 8 5
91 33 9 66 2 336 1 632 1 64 1 49 1 199 1 8 6 170 2 62 2
105 39 12 107 1 61 1 5 2 221 1 59 1 66 1 64 1 480 1 49 1 8 6 170 2 62 1
135 50 7 413 1 64 1 350 1 49 1 8 6 141 1 62 1
6 2 3 350 1 8 3 62 3
//IdTournes NbColis
34 5
//IdColis IdCommandeInColis NbProducts IdProd1 QtyProd1 IdProd2 QtyProd2 ...
206 72 7 61 1 169 1 66 1 56 1 64 1 8 4 62 1
38 13 2 8 2 62 2
56 20 3 8 1 170 2 62 2
191 69 11 32 1 35 1 499 1 580 1 638 1 174 1 539 5 519 1 79 2 334 1 132 1
220 77 11 315 1 592 1 471 1 348 1 131 1 32 1 515 1 499 1 439 1 79 1 132 1
