//NbTournees
20
//IdTournes NbColis
1 6
//IdColis IdCommandeInColis NbProducts IdProd1 QtyProd1 IdProd2 QtyProd2 ...
43 19 26 271 1 261 1 289 1 288 1 318 1 3 1 310 1 276 1 295 1 290 1 292 1 294 1 16 1 62 1 82 1 319 1 284 1 264 1 277 1 283 1 97 1 324 1 304 1 321 1 205 1 171 1
22 9 28 69 1 154 1 262 2 291 1 266 1 299 1 140 1 40 1 149 1 210 1 181 1 292 1 296 1 18 1 35 1 62 2 146 1 78 1 175 1 82 1 92 1 322 1 326 1 200 1 323 1 68 1 311 1 308 1
45 20 18 263 1 48 1 59 1 14 1 305 1 35 1 62 1 78 1 82 1 320 1 197 1 269 1 280 1 281 1 285 1 298 1 307 1 103 1
46 21 20 303 1 263 1 287 1 137 1 3 1 265 1 278 1 50 1 315 1 309 1 314 1 62 1 72 2 82 1 322 1 302 1 317 1 316 1 90 1 98 1
12 4 20 187 1 42 1 264 1 230 1 235 1 247 1 498 1 428 1 24 1 645 1 301 1 103 1 112 1 468 1 297 1 205 1 122 2 244 2 214 2 116 1
48 22 13 58 1 278 1 186 1 290 1 293 1 273 1 62 1 82 1 313 1 267 1 264 1 274 1 91 1
//IdTournes NbColis
2 6
//IdColis IdCommandeInColis NbProducts IdProd1 QtyProd1 IdProd2 QtyProd2 ...
49 23 23 265 1 278 1 347 1 43 1 12 1 59 1 290 1 292 1 31 1 63 1 62 1 82 1 200 1 382 1 384 1 105 1 180 1 345 1 218 1 334 1 221 1 194 1 116 2
50 24 24 343 1 58 1 344 1 265 1 331 1 358 1 36 1 339 1 342 1 292 1 361 1 62 1 83 1 82 1 68 1 180 1 269 1 357 1 120 1 283 1 100 1 380 1 385 1 226 1
13 5 19 456 1 45 1 69 1 58 1 39 1 6 1 457 1 387 1 336 1 43 1 46 1 56 1 115 1 10 1 50 1 85 1 121 1 290 1 22 1
28 12 19 400 1 346 1 352 1 201 1 13 1 142 1 38 1 77 1 388 1 387 1 43 1 113 1 56 2 96 1 183 1 290 1 293 1 22 1 218 1
30 13 26 346 1 13 1 17 1 38 1 370 1 81 1 328 1 338 1 355 1 229 1 5 1 228 1 50 1 4 1 36 1 181 1 351 1 290 1 292 1 340 1 259 1 62 1 146 1 153 1 78 1 241 1
51 25 26 354 1 373 1 328 1 336 1 341 1 360 1 383 2 46 1 79 1 115 1 363 1 369 1 290 1 273 1 53 1 62 1 153 1 124 1 82 1 236 1 51 1 323 1 222 1 280 1 345 1 257 1
//IdTournes NbColis
3 6
//IdColis IdCommandeInColis NbProducts IdProd1 QtyProd1 IdProd2 QtyProd2 ...
53 26 43 352 1 328 1 48 1 356 1 342 1 290 1 293 1 315 1 272 1 353 1 16 1 62 1 72 1 153 1 73 1 82 1 92 1 322 1 313 1 372 1 51 1 362 1 376 1 110 1 109 1 330 1 378 1 329 1 307 1 379 1 386 1 374 1 237 1 202 1 217 1 100 1 194 1 195 1 244 1 209 1 214 1 177 2 207 1
55 27 26 332 1 366 1 368 1 3 1 328 1 335 1 337 1 282 1 349 1 355 1 371 1 367 1 365 1 25 1 12 1 293 2 375 1 350 1 62 1 23 1 82 1 364 1 66 1 311 1 348 1 244 1
57 28 22 32 1 3 1 344 1 328 1 299 1 290 1 292 1 413 1 397 1 410 1 153 1 396 1 71 1 322 1 187 1 431 1 422 1 334 1 393 1 283 1 243 1 198 1
58 29 22 390 1 354 1 406 1 3 1 266 1 358 1 46 1 430 1 417 1 290 1 158 1 65 1 73 1 322 1 222 1 409 1 255 1 324 1 429 1 412 1 217 1 122 1
60 30 21 354 1 392 1 389 1 11 1 414 1 418 1 3 1 266 1 424 1 46 1 427 1 181 1 413 1 62 1 376 1 422 1 359 1 398 1 204 1 205 1 380 1
62 31 12 266 1 12 1 4 1 75 1 415 1 402 1 408 1 62 1 65 1 23 1 426 1 209 1
//IdTournes NbColis
4 6
//IdColis IdCommandeInColis NbProducts IdProd1 QtyProd1 IdProd2 QtyProd2 ...
63 32 31 69 2 370 1 421 1 404 1 387 1 331 1 282 1 347 1 405 1 113 1 61 1 292 1 423 1 144 1 35 1 153 1 83 1 175 1 399 1 407 1 419 1 432 1 416 1 401 1 199 1 428 1 391 1 425 1 208 1 412 1 88 1
65 33 12 69 1 387 1 438 1 447 1 458 1 453 1 156 1 267 1 170 1 437 1 237 1 205 1
66 34 28 67 1 370 1 3 1 387 1 449 1 342 1 290 1 292 1 305 1 62 1 65 1 23 1 82 1 326 1 74 1 238 1 451 1 416 1 434 1 436 1 234 1 275 1 277 1 459 1 103 1 297 1 467 1 172 2
16 6 34 10 1 80 1 14 1 27 1 397 1 460 1 8 1 23 1 73 1 82 1 117 1 55 1 26 1 28 1 37 1 323 1 49 1 267 1 42 1 109 1 443 1 87 1 435 1 120 1 469 1 334 2 90 1 206 1 104 1 111 1 114 1 468 1 88 1 98 1
29 12 21 394 1 395 1 403 1 408 1 65 1 72 1 314 1 53 1 153 1 411 1 71 1 73 1 420 1 267 1 110 1 222 1 143 1 168 1 93 1 194 1 176 1
34 14 25 448 1 203 1 249 1 267 1 311 1 230 1 235 1 190 1 247 1 450 1 234 1 254 1 334 1 439 2 301 1 252 2 240 1 193 1 202 1 205 1 214 1 176 2 98 1 177 1 207 1
//IdTournes NbColis
5 6
//IdColis IdCommandeInColis NbProducts IdProd1 QtyProd1 IdProd2 QtyProd2 ...
40 17 10 231 1 9 1 372 1 156 1 267 1 301 1 165 1 211 2 226 1 116 1
67 35 21 155 1 464 1 125 1 290 1 292 1 64 1 403 1 460 1 440 1 462 1 463 1 461 1 267 1 466 1 327 1 178 1 465 1 107 1 194 1 209 1 207 1
68 36 27 13 1 69 1 130 1 495 1 233 1 6 1 86 1 278 1 371 1 229 1 80 1 36 1 290 1 292 1 480 1 62 1 494 1 82 1 477 1 499 1 267 2 222 1 502 1 377 1 102 1 202 1 88 1
70 37 25 446 1 482 1 45 1 81 1 473 1 476 1 447 1 479 1 228 1 155 1 487 1 61 1 62 1 78 1 23 1 82 1 497 1 238 1 501 1 267 1 89 2 176 1 177 1 116 1 207 1
72 38 39 418 1 335 1 478 1 427 1 79 1 489 1 290 1 293 1 133 1 493 1 31 1 41 1 62 1 491 1 65 1 73 1 82 1 37 1 51 1 490 1 500 1 267 1 311 2 143 1 159 1 484 1 327 1 483 1 196 1 498 1 496 1 334 1 398 1 192 1 89 1 202 1 244 1 209 1 207 1
74 39 19 17 1 486 1 475 1 48 1 290 1 173 1 258 2 420 1 200 1 267 1 284 1 170 1 180 1 502 1 325 1 254 1 471 1 283 1 93 1
//IdTournes NbColis
6 6
//IdColis IdCommandeInColis NbProducts IdProd1 QtyProd1 IdProd2 QtyProd2 ...
75 40 28 470 1 492 1 58 1 485 1 299 1 355 1 48 1 290 1 62 1 219 1 23 2 82 1 256 1 319 1 227 3 238 1 230 1 474 1 257 1 208 1 386 1 237 1 217 1 107 1 214 1 177 1 385 1 226 1
77 41 8 389 1 509 1 290 1 161 1 324 1 100 1 214 1 544 1
78 42 31 507 1 515 1 516 1 521 1 77 1 338 1 447 1 347 1 520 1 80 1 16 1 503 1 62 1 523 1 71 1 82 1 92 1 9 1 372 1 66 1 420 1 68 1 518 1 436 1 280 1 428 1 224 1 285 1 540 1 381 1 122 1
80 43 12 504 1 332 1 6 1 531 1 43 1 36 1 462 1 227 1 524 1 283 1 237 1 98 1
27 11 27 41 1 78 2 82 1 313 1 145 1 535 1 159 1 139 1 105 1 526 1 191 1 357 1 167 1 108 1 533 1 471 1 277 1 283 1 522 1 459 2 528 1 206 1 97 1 122 1 297 1 195 1 207 1
81 44 32 514 1 96 1 25 1 517 1 530 1 290 1 537 1 505 1 397 1 510 1 146 1 78 1 462 1 519 1 311 1 539 1 139 1 506 1 428 1 224 1 513 1 378 1 471 1 283 1 285 2 162 1 90 1 206 1 97 1 538 1 221 1 207 2
//IdTournes NbColis
7 6
//IdColis IdCommandeInColis NbProducts IdProd1 QtyProd1 IdProd2 QtyProd2 ...
15 6 19 446 1 118 1 29 1 30 1 106 1 6 1 454 1 433 1 441 1 282 1 444 1 445 1 452 1 455 1 48 1 113 1 79 1 40 1 101 1
82 45 29 81 1 433 1 527 1 140 1 115 1 10 1 536 1 290 1 315 1 296 1 408 1 529 1 62 1 83 1 512 1 494 1 82 1 322 2 542 1 247 1 428 1 357 1 254 1 334 1 283 1 541 1 543 1 211 1 116 1
83 46 27 557 1 11 1 20 1 148 1 563 1 154 1 370 1 567 1 3 1 140 1 56 1 566 1 149 1 568 1 342 1 511 1 62 1 82 1 92 1 135 1 163 1 545 1 553 1 556 1 381 1 107 1 244 2
85 47 17 562 1 573 1 290 1 292 1 259 1 448 1 196 1 502 1 435 1 329 1 206 1 112 1 216 1 574 1 248 1 116 1 207 1
86 48 17 69 1 77 1 549 1 569 1 290 1 293 1 512 1 34 1 490 1 253 1 384 1 199 1 571 1 435 1 378 1 554 1 541 1
24 10 23 300 1 148 1 39 1 81 1 546 1 337 1 551 1 445 1 341 1 447 1 50 1 561 1 564 1 351 1 290 1 292 1 147 1 160 1 185 1 63 1 158 1 548 1 408 1
//IdTournes NbColis
8 6
//IdColis IdCommandeInColis NbProducts IdProd1 QtyProd1 IdProd2 QtyProd2 ...
87 49 27 39 1 47 1 142 1 336 1 43 3 140 1 229 1 5 1 565 1 36 1 560 1 182 1 505 1 403 1 62 2 23 1 82 1 448 1 135 1 156 1 42 1 572 1 547 1 325 1 283 2 215 1 194 1
89 50 19 17 1 318 1 113 1 290 1 147 1 505 1 555 1 62 1 65 1 82 1 570 1 345 1 237 1 204 1 221 1 574 1 176 1 226 1 207 1
90 51 26 482 1 593 1 592 1 581 1 38 2 457 1 341 1 290 1 505 1 548 1 8 1 62 1 34 1 82 1 28 1 484 1 327 1 591 1 577 1 345 1 359 1 90 1 208 1 93 1 89 1 297 1
91 52 19 390 1 508 1 17 1 6 1 527 1 587 1 290 1 132 1 62 1 82 1 260 1 422 1 196 1 192 1 208 1 89 1 122 1 574 1 207 1
18 7 22 332 1 286 1 585 1 130 1 128 1 134 1 47 2 150 1 575 1 584 1 43 1 157 1 152 1 10 1 141 1 149 1 210 1 290 1 292 1 173 1 35 1 41 1
19 7 23 62 1 576 1 151 1 23 1 82 1 92 1 326 1 66 1 580 1 170 1 189 1 199 1 190 1 196 1 474 1 280 1 225 1 138 1 165 1 188 1 198 1 202 1 221 1
//IdTournes NbColis
9 6
//IdColis IdCommandeInColis NbProducts IdProd1 QtyProd1 IdProd2 QtyProd2 ...
92 53 15 575 1 299 1 59 1 342 1 292 1 548 1 559 1 173 1 594 1 62 1 82 1 163 1 378 1 334 1 93 1
1 1 17 268 1 557 1 332 1 44 1 84 1 1 1 47 1 337 1 444 1 583 1 586 1 43 1 46 1 113 2 96 1 125 1 93 1
10 4 8 268 1 270 1 300 1 76 1 286 2 13 2 17 1 84 1
32 14 7 268 3 608 1 482 1 58 1 130 1 30 1 334 1
37 16 16 268 2 58 1 486 1 476 1 527 1 588 1 590 1 10 1 292 1 251 2 589 1 22 1 305 1 62 1 219 1 53 1
93 54 21 611 1 32 1 290 1 292 1 62 1 83 1 620 1 23 1 82 1 26 1 37 1 227 1 222 2 597 1 139 1 178 1 100 1 107 1 194 1 226 1 207 1
//IdTournes NbColis
10 6
//IdColis IdCommandeInColis NbProducts IdProd1 QtyProd1 IdProd2 QtyProd2 ...
94 55 26 601 1 17 1 38 1 47 1 355 1 131 1 115 1 612 1 290 1 31 1 397 1 309 1 610 1 62 1 258 1 396 1 82 1 68 1 320 1 99 1 598 1 600 1 89 1 202 1 107 1 207 1
96 56 21 607 1 69 1 614 1 6 1 525 1 46 1 85 1 290 1 413 1 605 1 599 1 34 1 279 1 19 1 110 1 136 1 109 1 547 1 348 1 91 1 116 1
97 57 30 603 1 608 1 482 1 363 1 619 1 158 1 305 1 173 2 62 1 599 1 82 1 322 1 227 1 604 1 109 1 428 1 24 1 618 1 283 1 192 1 164 1 616 1 617 1 297 1 237 1 198 1 100 1 98 1 220 1 116 1
99 58 15 602 1 456 1 343 1 3 1 48 1 149 1 85 1 290 1 147 1 606 1 526 1 269 1 429 1 91 1 374 1
101 59 19 58 1 278 1 155 1 10 1 565 1 290 1 559 1 609 1 613 1 35 1 62 2 82 1 256 1 37 1 372 1 615 2 269 1 334 1 283 2
102 60 10 631 1 622 1 64 1 35 2 70 1 641 2 71 1 372 1 547 1 357 1
//IdTournes NbColis
11 6
//IdColis IdCommandeInColis NbProducts IdProd1 QtyProd1 IdProd2 QtyProd2 ...
103 61 20 607 1 130 1 639 1 640 1 3 1 531 1 43 1 427 1 228 1 64 1 477 1 643 1 284 1 547 1 174 1 178 1 215 1 297 1 214 1 172 1
41 18 21 343 1 482 1 148 1 44 1 67 1 58 1 233 1 331 1 438 1 625 1 626 1 232 1 113 1 356 1 290 1 493 1 403 1 609 1 636 1 144 1 281 1
104 62 26 515 1 1 1 473 1 445 1 638 1 141 1 59 1 14 1 292 1 293 1 173 1 62 1 258 1 396 1 82 1 42 1 159 1 577 1 627 1 637 1 437 1 334 1 393 1 164 1 243 1 244 1
31 13 15 333 1 82 1 253 1 311 1 109 1 359 1 250 2 334 2 301 1 192 1 93 1 237 1 205 1 100 1 209 1
105 63 28 642 1 585 1 11 1 13 1 17 1 86 1 3 1 43 1 59 1 14 1 290 1 64 1 624 1 511 1 634 1 635 1 62 1 491 1 333 1 82 1 9 1 420 1 499 1 628 1 187 1 474 1 630 1 312 1
39 17 21 472 1 286 1 13 1 488 1 142 1 38 1 3 1 278 1 481 1 43 1 342 1 290 1 408 1 62 1 65 1 258 1 153 1 83 1 23 2 82 1 225 1
//IdTournes NbColis
12 6
//IdColis IdCommandeInColis NbProducts IdProd1 QtyProd1 IdProd2 QtyProd2 ...
107 64 25 270 1 17 1 614 1 77 1 444 1 629 1 632 1 633 1 371 1 79 1 290 1 158 1 646 1 62 1 82 1 615 1 644 1 647 1 425 1 645 1 623 1 217 1 194 1 223 1 98 1
109 65 21 601 1 588 1 85 1 14 1 290 1 147 1 634 1 605 1 314 1 594 1 62 1 65 1 665 1 71 2 82 1 245 1 653 2 451 1 591 1 502 1 650 1
110 66 24 602 1 648 1 495 1 656 1 441 1 405 1 166 1 658 1 664 1 666 1 290 1 657 1 70 1 477 1 55 1 9 1 51 1 499 1 649 1 161 1 660 1 307 1 162 1 194 1
2 1 37 14 1 292 1 293 1 63 1 460 1 60 1 62 1 124 1 123 1 70 1 23 1 34 1 82 1 92 1 579 1 9 1 19 1 110 1 42 1 105 1 526 1 596 1 474 1 578 1 357 1 325 1 108 1 94 1 582 1 126 2 93 1 95 1 112 1 127 1 122 2 209 1 98 1
8 3 33 80 1 619 1 290 1 292 1 293 1 75 1 668 1 31 2 296 1 558 1 16 1 35 1 62 1 65 1 72 1 78 1 57 2 71 1 82 1 653 1 199 1 99 1 102 1 334 1 97 1 103 1 215 1 468 1 304 1 193 1 202 1 100 1 574 1
14 5 18 442 1 340 1 18 1 35 1 41 1 62 1 72 1 83 1 82 1 119 1 21 1 74 1 68 1 334 1 275 1 91 1 107 1 116 1
//IdTournes NbColis
13 6
//IdColis IdCommandeInColis NbProducts IdProd1 QtyProd1 IdProd2 QtyProd2 ...
25 10 35 305 2 558 1 559 1 62 1 153 1 83 1 82 1 203 1 51 1 66 1 9 1 28 1 135 1 156 1 136 1 143 1 552 1 191 1 179 1 334 1 550 1 281 1 283 1 285 1 528 1 208 1 93 1 91 1 205 1 209 1 172 1 177 1 211 1 220 1 226 1
52 25 12 377 1 469 1 334 1 274 1 307 1 192 1 93 1 215 1 89 1 91 1 381 1 107 1
20 8 34 137 1 67 1 129 1 38 1 131 1 155 1 79 1 80 1 14 1 182 1 133 1 548 1 173 1 132 1 62 1 219 1 396 1 70 1 82 1 448 1 659 1 37 1 227 1 655 1 110 1 163 1 474 1 224 1 439 1 283 1 652 1 556 1 662 1 90 1
35 15 18 608 2 585 1 58 1 663 1 30 1 77 1 86 1 291 1 43 2 229 1 342 1 292 1 661 1 548 1 62 1 146 1 35 1 83 1
42 18 17 62 1 219 2 82 1 313 1 420 1 68 1 311 1 621 1 208 1 165 1 217 1 297 1 244 1 209 1 98 1 226 1 116 1
11 4 28 58 1 47 1 77 1 3 1 525 1 282 1 15 1 79 1 25 1 59 1 4 1 36 1 182 1 731 1 290 1 292 2 64 1 272 1 35 1 62 1 65 1 71 1 82 1 279 1 313 1 51 2 66 1 100 1
//IdTournes NbColis
14 6
//IdColis IdCommandeInColis NbProducts IdProd1 QtyProd1 IdProd2 QtyProd2 ...
5 2 27 86 1 81 1 335 1 551 1 626 1 447 1 676 1 678 1 7 1 12 1 61 1 658 1 4 1 293 1 147 2 52 1 158 1 18 1 35 1 53 1 62 2 83 1 605 1 23 1 82 1 670 1 256 1
112 67 16 446 1 482 1 335 1 654 1 290 1 293 1 133 1 160 1 65 1 494 1 19 1 135 1 163 1 196 1 345 1 667 1
113 68 26 38 1 54 1 584 1 632 1 43 1 5 1 686 1 292 1 293 2 147 1 305 1 679 1 62 1 153 1 83 1 82 1 463 1 110 1 474 1 241 1 550 1 168 1 616 1 171 1 226 1 116 1
114 69 31 201 1 1 1 430 1 125 1 290 1 292 1 458 1 273 1 511 1 636 1 35 1 62 1 82 1 382 1 284 1 687 1 483 1 190 1 196 1 428 1 674 1 684 1 685 1 208 1 114 2 193 2 202 1 221 1 244 1 214 1 207 2
26 11 19 456 1 508 1 118 1 532 1 534 1 39 1 169 1 485 1 525 2 43 1 166 1 186 1 290 1 147 1 63 1 511 1 144 1 62 1 197 1
115 70 22 414 1 77 1 336 1 278 1 633 1 50 1 290 1 292 1 73 1 42 1 159 1 327 1 180 1 502 1 677 1 378 1 103 1 164 1 89 1 91 1 616 1 217 1
//IdTournes NbColis
15 6
//IdColis IdCommandeInColis NbProducts IdProd1 QtyProd1 IdProd2 QtyProd2 ...
116 71 20 515 1 593 1 663 1 29 1 671 1 583 1 342 1 75 1 669 1 305 1 62 1 146 1 82 1 19 1 284 1 197 1 283 1 93 1 540 1 209 1
33 14 27 697 1 341 1 625 1 43 1 721 1 113 1 5 1 246 1 719 1 363 2 80 2 290 1 292 1 293 1 394 1 397 1 294 1 296 1 718 1 305 1 173 1 62 1 53 1 72 1 78 1 715 1 82 1
117 72 22 456 1 675 1 673 1 290 1 293 1 682 1 394 1 408 1 680 1 18 1 41 1 72 1 595 1 151 1 71 1 494 1 9 1 681 1 683 1 91 1 88 1 385 1
23 9 34 187 2 222 1 199 1 327 1 180 1 161 1 306 1 224 1 325 1 174 1 275 1 307 1 312 1 162 1 90 1 168 1 206 1 164 1 178 1 215 1 165 1 193 1 198 1 204 1 216 1 205 1 213 1 195 1 212 1 223 1 171 1 220 1 226 1 207 1
118 73 19 642 1 692 1 689 1 632 1 531 1 517 1 594 1 83 1 37 1 372 1 135 1 68 1 275 1 90 1 178 1 194 1 209 1 574 1 211 1
38 16 30 595 1 440 1 34 1 82 1 236 1 245 1 256 1 260 1 238 1 242 1 109 1 230 1 196 1 474 1 359 1 257 1 241 1 174 1 90 1 206 1 255 1 215 1 89 1 205 1 221 1 297 1 214 1 248 1 116 1 207 1
//IdTournes NbColis
16 6
//IdColis IdCommandeInColis NbProducts IdProd1 QtyProd1 IdProd2 QtyProd2 ...
119 74 29 201 1 118 1 67 1 142 1 421 1 689 1 586 1 694 1 158 1 35 1 62 1 494 1 82 1 37 1 68 1 311 1 222 1 474 1 691 1 681 1 206 1 684 1 103 1 164 1 616 1 114 2 381 1 574 1 98 1
120 75 24 688 1 69 1 370 1 77 1 43 1 693 1 61 1 125 1 568 1 182 1 290 1 397 1 62 1 595 1 82 1 51 1 227 1 474 1 357 1 162 1 645 1 188 1 214 1 172 1
121 76 11 338 1 629 1 290 1 292 1 594 1 62 1 72 1 73 1 82 1 51 1 187 1
122 77 16 607 1 278 1 527 1 424 1 14 1 292 1 696 1 311 1 163 1 660 1 162 1 103 1 95 1 91 1 194 1 172 1
123 78 28 585 1 406 1 67 1 663 1 690 1 30 1 278 1 342 1 290 1 408 1 609 1 460 1 62 1 65 1 82 1 695 1 236 1 74 1 227 1 580 1 539 1 222 1 627 1 104 1 538 1 381 1 202 1 221 1
142 95 11 354 1 278 1 219 1 732 1 256 1 222 1 647 2 428 1 224 1 217 1 223 1
//IdTournes NbColis
17 6
//IdColis IdCommandeInColis NbProducts IdProd1 QtyProd1 IdProd2 QtyProd2 ...
36 15 11 239 1 82 1 535 1 156 1 651 1 230 1 439 1 283 1 285 1 243 1 116 1
125 79 32 404 1 531 1 705 1 210 1 612 1 64 1 8 1 62 1 146 1 258 1 151 1 82 1 9 1 615 1 461 1 135 1 156 1 580 1 704 1 518 1 428 1 712 1 556 1 700 1 208 1 412 1 193 1 214 1 709 1 211 2 220 1 116 1
126 80 21 607 1 697 1 43 1 113 1 96 1 182 1 290 1 147 1 62 1 83 1 82 1 21 1 238 1 580 2 645 1 89 1 386 1 711 1 226 1 116 1 207 1
4 2 13 672 1 400 1 354 1 11 1 2 1 13 1 67 1 33 1 39 1 38 1 47 1 54 1 280 1
127 81 24 233 1 421 1 3 1 445 1 531 1 427 2 113 1 56 1 699 1 59 1 61 1 290 1 35 1 62 1 462 1 82 1 448 1 416 1 234 1 102 1 281 1 283 1 700 1 237 1
128 82 21 706 1 701 1 1 1 38 1 43 1 56 1 290 1 423 1 22 1 62 1 66 1 159 1 109 1 702 1 191 1 377 1 234 1 283 1 708 1 297 1 213 1
//IdTournes NbColis
18 6
//IdColis IdCommandeInColis NbProducts IdProd1 QtyProd1 IdProd2 QtyProd2 ...
129 83 32 482 1 17 1 38 1 370 1 698 1 349 1 531 1 707 1 246 1 290 1 493 1 668 1 589 1 679 1 680 1 62 1 78 2 175 1 710 1 82 1 253 1 431 1 571 1 283 1 662 1 97 1 252 1 164 1 237 1 176 1 211 1 116 1
131 84 21 286 1 13 1 445 1 229 1 18 1 78 1 703 1 71 1 477 1 320 1 235 1 190 1 428 1 377 1 283 1 94 1 164 1 93 1 178 1 237 1 116 1
132 85 20 713 1 286 1 129 1 370 1 46 1 722 1 182 1 290 1 147 1 173 1 62 1 82 1 477 1 313 1 615 1 253 1 376 1 187 1 285 1 714 1
133 86 23 717 1 44 1 154 1 6 1 299 1 113 1 157 1 61 1 292 1 296 1 62 1 151 1 239 1 665 1 82 1 55 1 284 1 401 1 518 1 716 1 90 1 685 1 95 1
7 3 14 446 1 607 1 20 1 67 2 17 1 32 2 3 1 656 1 551 1 444 1 43 1 48 1 5 1 89 1
134 87 13 38 1 720 1 444 1 210 1 290 1 133 2 62 1 724 1 82 1 197 1 112 1 244 1 116 2
//IdTournes NbColis
19 6
//IdColis IdCommandeInColis NbProducts IdProd1 QtyProd1 IdProd2 QtyProd2 ...
135 88 10 17 1 534 1 131 1 342 1 292 1 147 1 319 1 591 1 98 1 211 1
136 89 13 11 1 697 1 626 1 347 1 43 1 62 1 82 1 156 1 139 1 93 1 215 1 723 1 616 1
137 90 7 288 1 727 1 169 1 729 1 725 1 728 1 726 1
138 91 9 525 1 290 1 75 1 60 1 82 1 376 1 190 1 247 1 206 1
139 92 15 155 1 149 1 290 1 293 1 408 1 236 1 117 2 9 1 19 1 320 1 250 1 730 1 255 1 324 1 209 1
140 93 23 689 1 371 1 79 1 12 1 59 1 290 1 292 1 133 1 537 1 480 1 62 1 23 1 82 2 326 1 420 1 109 1 190 1 196 1 102 1 426 1 178 1 107 1 116 1
//IdTournes NbColis
20 3
//IdColis IdCommandeInColis NbProducts IdProd1 QtyProd1 IdProd2 QtyProd2 ...
141 94 21 201 1 17 1 370 1 246 1 449 1 292 1 31 1 173 1 594 1 71 1 313 1 249 1 382 1 196 1 180 1 205 1 216 1 217 1 211 1 220 1 116 1
6 2 17 253 1 249 1 242 1 42 1 191 1 377 1 162 1 164 1 412 1 243 1 321 1 214 1 171 1 172 1 544 1 385 1 116 1
21 8 12 184 1 192 1 114 1 217 2 221 2 122 1 412 1 214 2 223 2 177 1 226 1 116 1
