//NbTournees
2
//IdTournes NbColis
1 6
//IdColis IdCommandeInColis NbProducts IdProd1 QtyProd1 IdProd2 QtyProd2 ...
3 1 22 91 3 30 1 1 1 6 1 8 1 18 1 24 1 35 1 44 1 48 1 53 1 62 1 68 1 128 1 34 1 93 1 57 1 66 1 147 1 125 1 136 1 133 1
4 1 29 139 1 142 1 69 1 172 1 89 1 77 1 2 1 36 1 85 2 155 1 95 1 40 1 56 1 70 2 76 3 132 1 171 1 5 1 9 1 31 1 67 1 129 2 29 1 49 2 134 1 86 1 145 1 149 1 122 1
5 1 39 135 1 170 1 126 1 58 1 21 1 158 1 11 1 157 1 169 1 143 1 64 1 156 1 3 1 4 1 19 1 23 1 45 4 50 1 141 1 41 1 154 1 148 1 163 1 167 1 42 1 140 1 101 1 144 1 150 1 152 1 160 1 165 1 106 2 161 1 162 1 159 1 164 1 151 1 153 1
7 2 10 12 1 13 1 14 2 26 1 79 1 75 1 73 1 7 1 17 1 20 1
1 1 8 27 1 46 1 22 1 39 1 10 2 16 2 54 1 137 1
8 2 30 24 1 25 1 37 1 43 1 47 1 52 1 82 1 60 1 81 1 87 1 113 1 105 1 102 1 63 1 77 1 80 1 84 1 89 1 85 1 51 1 55 1 61 1 76 1 78 1 94 1 28 1 97 1 116 1 110 1 15 1
//IdTournes NbColis
2 2
//IdColis IdCommandeInColis NbProducts IdProd1 QtyProd1 IdProd2 QtyProd2 ...
9 2 30 71 1 86 1 92 1 96 1 114 1 59 1 108 1 121 1 38 1 21 1 98 1 99 1 32 1 33 2 83 1 111 1 103 1 107 1 109 1 119 1 118 2 42 1 100 2 101 1 104 1 115 1 106 1 117 1 120 1 112 1
2 1 17 124 1 79 1 123 1 65 1 75 1 130 1 131 1 138 1 72 1 74 2 127 1 146 2 166 2 88 1 90 1 91 1 168 1
