//NbTournees
5
//IdTournes NbColis
1 6
//IdColis IdCommandeInColis NbProducts IdProd1 QtyProd1 IdProd2 QtyProd2 ...
2 1 38 2 2 24 1 26 1 38 1 50 1 53 1 65 2 200 1 202 2 73 1 227 1 106 1 107 1 245 1 1 1 15 1 23 1 234 1 94 1 5 1 27 1 219 1 3 1 7 1 9 1 12 1 19 1 22 1 29 1 35 1 43 1 224 1 230 1 92 1 144 1 28 1 30 1 99 2
5 2 33 62 1 68 1 72 1 75 1 204 1 11 2 8 1 46 1 60 1 64 1 77 1 18 1 63 1 71 1 263 1 266 1 223 1 229 1 6 1 38 1 59 1 61 1 65 1 73 1 74 1 267 1 1 1 15 1 23 1 234 1 5 1 27 1 3 1
8 3 29 32 1 70 2 68 1 72 1 203 1 204 1 34 1 46 1 51 1 64 2 77 1 201 1 261 1 41 1 42 1 71 1 260 1 263 1 76 1 223 1 24 1 38 1 45 1 52 1 59 2 1 1 15 1 23 1 79 1
13 4 44 53 1 65 1 257 1 202 1 73 1 1 1 15 1 23 1 234 1 147 1 5 1 27 1 116 1 3 1 7 1 9 1 12 1 19 1 22 1 29 1 265 1 135 1 144 1 28 1 30 1 160 1 168 1 96 3 78 1 170 2 137 1 161 2 180 2 232 1 178 2 101 1 81 1 172 1 120 2 125 2 171 1 179 1 105 2 154 1
17 5 32 16 1 38 2 227 1 169 2 1 1 15 1 23 1 208 1 234 1 131 1 251 1 5 1 27 1 3 2 7 2 9 1 12 1 19 2 22 1 29 1 43 1 144 1 28 1 30 1 157 4 160 2 138 1 242 1 240 6 197 1 143 3 139 1
22 6 49 52 1 56 1 202 1 1 1 15 1 23 1 234 1 244 1 5 1 27 1 3 1 7 1 9 1 12 1 19 1 22 1 29 1 92 1 144 1 28 1 30 1 112 1 81 1 111 1 105 2 84 2 254 1 119 1 128 1 90 3 250 1 82 1 109 1 222 1 89 1 121 1 123 5 91 2 114 1 255 1 226 1 85 1 97 3 142 2 243 1 249 1 95 1 253 1 113 1
//IdTournes NbColis
2 6
//IdColis IdCommandeInColis NbProducts IdProd1 QtyProd1 IdProd2 QtyProd2 ...
24 7 39 68 1 72 1 204 1 75 1 205 1 51 1 189 1 64 1 194 1 77 1 42 1 196 1 71 1 223 1 229 1 38 1 1 1 15 1 23 1 234 1 94 1 147 1 5 1 27 1 3 1 7 1 9 1 12 1 19 1 22 1 182 1 29 1 183 1 144 1 28 1 30 1 192 1 236 1 172 1
27 8 35 68 1 72 1 203 1 204 1 11 1 193 1 198 1 217 1 51 1 188 1 64 2 77 1 36 1 260 1 186 1 76 1 264 1 24 1 38 1 184 1 190 1 1 1 15 1 23 1 191 1 234 1 5 1 27 1 3 1 7 1 9 1 12 1 19 1 22 1 30 1
30 9 46 68 1 72 1 75 1 209 1 64 1 213 1 77 1 187 1 235 1 229 1 38 1 61 1 65 1 214 1 1 1 15 1 23 1 234 1 5 1 27 1 3 1 7 1 9 1 12 1 19 1 22 1 29 1 228 1 230 1 28 1 30 1 232 1 81 1 237 1 239 1 84 1 246 1 250 1 82 1 222 1 89 1 241 2 91 1 85 1 95 1 124 1
9 3 43 234 1 147 1 244 1 5 1 27 1 116 1 3 2 7 2 9 1 12 1 19 2 22 1 29 1 262 1 144 1 28 1 30 1 157 1 160 1 136 2 168 1 112 3 55 1 67 2 134 2 137 1 161 2 79 1 81 1 120 2 125 2 149 1 171 1 110 1 148 1 159 1 105 1 139 1 154 1 163 1 165 2 173 2 141 2
12 4 30 32 1 258 1 62 1 68 1 72 1 203 1 204 1 21 1 14 1 20 1 37 1 64 1 213 1 77 1 4 1 10 1 18 2 36 1 48 1 57 1 58 1 196 1 260 1 39 1 66 1 76 1 223 1 229 1 38 1 45 1
6 2 52 7 1 9 1 12 1 19 1 22 1 29 1 92 1 144 1 28 1 30 1 270 2 273 1 160 1 96 2 248 1 271 1 143 1 112 2 47 1 134 1 161 2 69 1 79 1 81 1 154 1 84 1 141 2 128 1 132 1 150 1 276 1 90 1 82 1 252 1 109 1 222 1 89 3 121 1 123 3 241 1 114 1 226 1 85 1 97 2 272 1 142 1 233 3 80 1 95 1 102 1 117 1 118 1
//IdTournes NbColis
3 6
//IdColis IdCommandeInColis NbProducts IdProd1 QtyProd1 IdProd2 QtyProd2 ...
21 6 24 32 3 211 1 72 1 75 1 209 1 21 1 8 1 14 1 17 1 37 1 64 2 77 1 10 1 18 2 36 2 195 1 196 1 199 1 71 1 212 1 66 2 207 1 13 1 38 1
16 5 24 31 1 33 1 68 1 72 2 203 2 204 1 21 2 25 1 40 1 44 1 215 1 46 1 51 1 64 2 77 2 10 1 18 2 42 1 57 1 58 1 196 1 221 2 108 1 145 1
1 1 28 140 1 146 1 31 1 68 1 72 1 203 1 204 1 21 2 44 1 185 1 198 1 210 1 17 1 37 1 60 1 64 1 201 2 77 1 42 1 212 1 216 1 220 1 39 1 76 1 221 1 98 1 130 1 111 1
28 8 52 29 1 43 1 230 1 262 1 144 1 28 1 160 1 136 1 275 1 100 1 259 1 161 1 180 2 232 1 81 1 101 1 125 1 163 1 165 1 173 1 84 1 246 1 141 2 128 1 156 2 162 1 176 1 82 1 252 1 109 1 222 3 89 1 121 1 175 1 181 3 238 4 241 2 91 2 114 3 226 1 85 1 97 2 153 1 166 1 142 2 113 2 117 1 118 2 122 1 124 1 274 1 93 1
3 1 40 160 1 96 2 231 1 206 1 143 2 248 1 100 1 112 1 49 1 54 1 55 1 134 1 161 2 69 1 81 1 120 2 149 2 148 1 139 2 84 2 128 1 109 1 82 1 89 4 121 2 123 5 222 3 114 3 238 1 83 3 97 3 133 2 226 2 85 1 142 1 117 2 118 3 122 2 124 3 126 1
25 7 52 157 2 160 1 96 2 100 1 112 1 54 1 86 1 134 1 79 1 81 1 125 1 148 1 105 2 154 3 163 1 165 1 173 1 84 1 87 2 88 2 128 1 132 1 150 1 156 2 162 1 90 2 82 1 109 1 89 1 121 2 123 2 222 1 83 1 91 1 114 3 85 2 97 2 153 2 166 2 226 1 142 1 80 1 95 1 102 1 113 3 117 1 118 1 122 1 124 1 127 2 174 1 93 1
//IdTournes NbColis
4 6
//IdColis IdCommandeInColis NbProducts IdProd1 QtyProd1 IdProd2 QtyProd2 ...
18 5 36 218 1 112 6 67 1 137 2 161 3 180 3 178 3 79 1 81 1 172 5 120 3 177 1 247 1 155 1 167 1 171 2 237 1 110 2 148 1 159 2 173 2 103 1 84 2 115 1 119 3 128 1 132 3 162 1 176 4 88 1 109 2 82 2 252 1 89 2 121 2 123 2
10 3 36 164 1 269 1 84 2 246 3 87 2 115 1 128 1 132 3 150 1 156 2 162 3 88 2 109 1 82 1 252 2 222 2 89 4 121 2 123 5 114 3 91 2 151 1 153 4 166 1 226 2 85 2 97 4 142 2 272 4 104 2 113 4 117 2 118 4 127 2 225 1 122 1
14 4 45 163 1 165 2 173 2 141 1 164 1 268 1 269 1 84 2 246 1 87 1 115 1 128 1 132 2 156 2 162 3 176 3 90 1 109 1 82 1 252 2 121 1 175 3 181 1 222 3 89 3 123 4 114 1 129 2 152 2 238 1 83 1 91 1 153 3 166 1 226 2 85 2 97 2 142 2 113 3 117 1 118 3 158 1 95 1 122 2 124 2
19 5 26 123 4 175 5 181 3 222 2 114 5 129 1 152 1 238 2 133 3 153 1 166 1 226 1 85 3 97 2 142 3 113 2 118 5 122 3 124 1 127 4 158 1 174 2 225 1 233 4 249 2 126 2
11 3 4 225 2 243 2 122 1 124 3
15 4 2 124 1 93 1
//IdTournes NbColis
5 2
//IdColis IdCommandeInColis NbProducts IdProd1 QtyProd1 IdProd2 QtyProd2 ...
23 6 6 117 1 118 1 122 1 124 1 127 3 256 1
7 2 3 122 1 124 1 158 1
