//NbTournees
5
//IdTournes NbColis
1 6
//IdColis IdCommandeInColis NbProducts IdProd1 QtyProd1 IdProd2 QtyProd2 ...
2 1 28 203 1 227 1 92 1 89 1 254 1 101 2 100 1 1 1 18 1 56 1 7 1 17 1 6 2 154 1 106 1 224 1 230 1 245 1 249 1 251 1 20 1 13 1 238 1 262 1 265 1 261 2 243 2 237 1
4 2 19 62 1 54 1 95 1 210 1 10 1 247 1 27 1 46 1 91 1 176 1 186 1 246 1 263 1 345 1 2 1 216 1 68 1 93 1 9 1
7 3 22 338 1 62 1 30 1 10 1 43 1 44 1 102 1 58 1 97 1 14 1 168 1 41 1 70 1 166 1 33 1 40 1 57 1 146 1 288 1 311 1 2 1 71 1
13 4 21 11 1 63 1 74 1 183 1 78 1 233 1 322 1 31 1 306 1 75 1 278 1 251 1 3 1 8 1 42 1 323 1 262 1 293 1 261 2 243 2 237 1
17 5 30 88 1 156 1 15 1 32 1 37 1 73 2 47 2 4 1 96 1 285 2 6 2 76 1 224 1 255 1 313 1 172 2 3 1 13 3 328 1 334 1 262 1 265 1 264 2 295 1 261 2 243 2 339 1 237 1 296 1 241 3
20 6 26 101 1 16 1 105 1 326 1 5 1 47 2 4 1 81 1 106 1 255 1 83 1 103 1 77 1 29 1 182 1 330 1 334 1 244 1 317 1 262 1 337 1 325 1 261 2 243 2 237 1 82 1
//IdTournes NbColis
2 6
//IdColis IdCommandeInColis NbProducts IdProd1 QtyProd1 IdProd2 QtyProd2 ...
22 7 32 225 2 107 1 301 1 16 1 125 1 100 1 226 1 37 1 47 2 144 1 218 1 4 1 171 1 80 1 112 1 142 1 154 1 106 1 219 1 245 1 251 1 258 1 103 1 77 1 239 1 316 1 262 1 261 2 243 2 324 1 237 1 294 1
21 7 21 113 1 151 1 67 1 299 1 70 1 284 1 246 1 308 1 130 1 281 1 305 1 68 1 279 1 274 1 85 1 162 1 184 1 28 1 158 1 183 1 108 1
31 10 25 19 1 97 1 198 1 176 1 257 1 259 1 269 4 199 1 155 1 235 1 253 1 191 1 218 1 17 1 142 1 219 1 220 1 267 1 143 1 258 1 262 1 261 2 243 2 237 1 82 1
26 8 23 116 2 117 1 122 1 128 2 135 1 153 1 201 1 154 1 106 1 230 2 255 1 347 1 267 1 8 1 143 2 174 2 316 1 350 1 262 1 261 2 243 2 237 1 292 1
25 8 21 129 1 85 2 86 1 140 1 199 1 207 1 217 1 221 1 223 1 184 1 165 1 177 1 343 1 156 1 226 1 233 1 250 1 9 1 126 2 127 1 353 1
8 3 24 49 1 289 1 298 1 188 1 68 1 50 1 79 1 180 1 310 1 132 1 181 1 85 1 184 1 276 1 300 1 11 1 92 1 165 1 177 1 183 1 302 1 312 1 190 1 333 1
//IdTournes NbColis
3 6
//IdColis IdCommandeInColis NbProducts IdProd1 QtyProd1 IdProd2 QtyProd2 ...
24 8 18 355 1 340 1 346 1 145 1 150 1 341 2 133 2 152 1 212 1 308 1 344 1 349 1 124 1 173 1 348 1 109 1 118 1 352 1
33 11 28 19 1 232 1 150 1 200 1 68 1 211 1 180 1 109 1 85 1 184 1 234 1 225 1 231 2 193 1 233 1 250 1 197 1 66 1 196 1 96 1 245 1 260 1 239 1 262 1 261 2 243 2 237 1 241 4
1 1 22 273 1 272 1 62 1 30 1 38 1 12 1 21 1 70 1 46 1 90 1 205 1 215 1 248 1 256 1 216 1 69 1 213 1 181 1 23 1 85 1 99 1 239 1
35 12 30 95 1 192 1 247 1 12 1 195 1 202 1 209 1 252 1 184 2 229 1 194 1 231 1 190 1 193 1 236 1 270 1 222 1 255 1 103 1 268 1 271 1 240 1 239 1 262 1 264 1 261 2 243 2 237 1 266 1 242 1
40 13 36 128 1 135 1 366 1 369 1 154 1 204 1 220 1 278 1 374 1 185 1 230 2 375 1 249 1 251 1 267 1 20 1 172 3 385 1 143 1 39 1 365 1 356 2 330 1 378 1 262 1 293 1 264 1 261 2 243 2 384 1 339 1 388 1 237 1 242 1 381 1 332 1
38 13 22 362 1 72 1 364 2 48 1 40 1 133 2 373 1 186 1 286 1 290 1 376 1 252 1 357 1 367 1 180 1 363 1 22 1 84 1 87 1 158 1 52 1 241 3
//IdTournes NbColis
4 6
//IdColis IdCommandeInColis NbProducts IdProd1 QtyProd1 IdProd2 QtyProd2 ...
9 3 27 301 1 314 1 134 1 100 1 336 1 15 1 80 1 335 1 76 1 157 1 159 1 106 1 249 1 320 1 172 1 39 1 174 2 182 1 239 1 262 1 265 1 261 2 243 2 324 1 237 1 296 1 82 1
37 13 14 387 1 358 2 346 1 382 1 361 1 95 1 210 1 372 1 30 1 371 1 368 1 360 2 195 1 383 1
39 13 22 141 1 370 1 221 1 379 1 158 1 165 1 177 2 183 1 377 1 302 1 359 2 282 2 301 1 343 1 16 1 193 1 156 1 105 1 380 1 18 2 386 1 241 2
15 5 21 340 1 321 1 19 1 45 1 64 1 151 1 53 1 67 1 27 1 36 1 147 1 175 1 176 1 186 1 290 1 136 1 173 1 310 1 160 1 329 1 291 1
19 6 21 340 1 19 1 26 1 64 1 98 1 102 1 277 1 247 1 48 1 104 1 308 1 181 1 84 1 221 1 107 1 301 1 314 1 88 1 101 1 52 1 240 1
28 9 22 273 1 115 1 67 1 110 1 27 1 114 1 40 1 120 1 121 1 186 1 303 1 256 1 304 1 119 1 50 1 181 1 111 1 118 1 139 1 140 1 92 1 239 1
//IdTournes NbColis
5 6
//IdColis IdCommandeInColis NbProducts IdProd1 QtyProd1 IdProd2 QtyProd2 ...
12 4 18 307 1 49 1 298 1 137 1 93 2 79 1 167 2 173 1 283 1 181 1 22 2 87 1 99 1 155 1 179 1 189 1 309 1 315 1
16 5 22 318 1 35 1 25 1 55 1 129 1 138 1 140 1 141 1 161 1 163 1 164 1 187 1 179 1 280 1 319 1 24 1 92 1 225 1 275 1 282 1 131 1 60 1
11 4 18 62 1 169 1 64 1 102 1 170 1 34 1 61 1 72 2 150 2 70 2 27 1 46 1 59 1 149 2 178 1 286 1 252 1 31 1
5 2 22 180 1 86 1 87 2 94 1 179 1 229 1 342 1 28 1 92 1 177 1 228 1 65 1 206 1 208 1 37 1 51 2 66 1 204 1 214 1 220 1 249 1 255 1
29 9 26 87 1 221 1 92 1 148 1 225 2 282 1 287 1 322 1 123 1 76 1 185 1 219 1 222 1 327 1 262 1 297 1 265 1 331 1 325 1 261 2 243 2 324 1 237 1 296 1 292 1 332 1
6 2 15 313 1 172 1 351 1 174 1 77 1 329 1 327 1 330 1 239 1 244 1 354 1 262 1 261 2 243 2 237 1
