//NbTournees
26
//IdTournes NbColis
1 6
//IdColis IdCommandeInColis NbProducts IdProd1 QtyProd1 IdProd2 QtyProd2 ...
1 1 17 39 1 24 1 200 1 535 1 17 1 33 1 35 1 41 1 43 2 1 1 6 1 12 1 13 1 49 1 50 1 55 1 455 1
4 2 17 39 1 348 1 517 1 202 1 203 1 198 1 17 1 33 1 35 1 41 1 43 2 1 1 37 1 49 1 60 1 100 1 57 1
6 3 15 47 1 11 1 31 1 24 2 458 1 203 1 481 1 584 1 1 1 6 1 50 1 64 1 66 1 68 1 590 1
9 4 21 18 1 46 1 209 2 65 1 1 1 6 1 19 1 49 1 50 1 64 1 66 1 68 1 70 1 73 1 45 1 51 1 71 1 184 1 227 1 264 1 69 1
12 5 24 41 1 43 2 1 1 26 1 160 1 344 1 23 1 541 2 208 1 214 1 225 1 512 1 216 1 9 2 27 2 30 1 152 1 454 1 102 1 109 2 192 1 235 1 7 1 247 1
15 6 16 10 1 11 1 540 1 46 1 549 1 203 1 17 1 33 1 35 2 41 1 43 2 1 1 26 1 53 1 160 1 543 1
//IdTournes NbColis
2 6
//IdColis IdCommandeInColis NbProducts IdProd1 QtyProd1 IdProd2 QtyProd2 ...
118 47 17 118 1 338 1 269 1 24 1 348 1 203 1 222 1 1 1 120 1 351 1 161 1 357 1 9 2 27 1 30 1 102 1 109 2
130 53 24 154 1 343 1 359 1 1 1 128 1 129 1 137 1 55 1 310 1 363 1 225 1 355 1 134 1 177 1 136 1 184 1 356 1 342 1 141 1 354 1 206 1 57 1 339 1 303 1
132 54 37 202 1 203 1 361 1 365 1 1 1 368 1 192 1 291 1 283 1 69 1 249 1 206 1 221 1 367 1 57 1 92 1 349 1 25 1 54 1 59 1 303 1 84 2 341 1 42 1 44 1 67 1 230 2 238 2 242 1 244 1 159 1 245 1 370 1 256 1 251 1 311 1 259 1
134 55 26 94 1 338 1 11 1 125 1 203 1 1 1 64 1 360 1 362 1 214 1 337 1 204 1 334 1 263 1 340 1 369 1 346 1 345 2 350 1 75 1 230 1 366 1 238 1 242 1 244 1 251 1
136 56 27 47 1 272 1 203 1 347 1 1 1 128 1 129 1 137 1 55 1 344 1 134 1 136 1 141 1 57 1 352 1 25 1 54 1 84 2 42 1 44 1 67 1 230 2 238 2 242 1 244 1 256 1 251 1
138 57 23 47 1 364 1 1 1 128 1 129 1 137 1 55 1 143 1 134 1 136 1 186 1 141 1 135 1 332 1 84 1 230 2 238 2 242 1 244 1 159 1 245 1 256 1 251 1
//IdTournes NbColis
3 6
//IdColis IdCommandeInColis NbProducts IdProd1 QtyProd1 IdProd2 QtyProd2 ...
19 7 23 143 1 70 1 600 1 594 1 588 1 512 1 81 1 77 1 9 2 27 1 30 1 51 1 102 1 71 1 109 2 314 1 254 1 69 1 354 1 367 1 57 1 56 1 315 1
22 8 40 68 1 70 1 73 1 100 1 201 1 196 1 598 1 77 1 51 1 71 1 107 1 99 1 69 1 249 1 83 1 57 1 513 1 434 1 508 1 263 1 321 1 277 1 25 1 54 1 101 1 79 1 303 1 307 1 42 2 44 1 56 1 67 2 75 1 230 3 238 2 242 1 244 1 653 1 312 1 652 2
139 58 24 39 1 376 1 203 1 86 1 175 1 91 1 37 1 60 1 100 1 142 1 77 1 371 1 20 1 62 1 379 1 107 1 380 1 382 1 373 1 38 1 104 1 2 1 28 1 106 1
141 59 32 47 1 385 1 128 1 129 1 95 1 374 1 55 1 384 1 77 1 371 1 134 1 136 1 297 1 386 1 141 1 57 1 228 1 25 1 135 1 54 1 394 1 84 1 42 1 44 1 67 1 391 1 230 2 242 1 244 1 159 1 315 1 245 1
5 2 27 642 1 464 1 9 2 20 1 27 1 30 1 62 1 102 1 109 1 443 1 7 1 76 1 211 1 624 1 204 1 52 1 352 1 38 1 104 1 2 1 72 1 28 1 106 1 245 1 256 1 251 1 284 1
25 9 33 100 1 436 2 445 1 437 1 591 1 9 2 20 1 27 1 30 1 62 1 109 1 102 1 289 1 107 1 270 1 231 1 87 1 273 1 650 1 57 1 322 1 654 1 516 1 38 1 104 1 2 1 90 1 518 1 28 1 106 1 245 1 256 1 251 1
//IdTournes NbColis
4 6
//IdColis IdCommandeInColis NbProducts IdProd1 QtyProd1 IdProd2 QtyProd2 ...
28 10 17 57 1 444 1 38 1 104 1 651 1 629 1 2 1 108 1 295 2 28 1 106 1 245 1 256 1 251 1 284 3 312 2 255 1
30 11 16 268 1 92 1 279 1 38 1 101 1 104 1 2 1 84 1 75 1 282 1 28 1 106 1 278 1 245 1 256 1 251 1
32 12 22 109 1 102 1 107 1 227 1 87 1 273 1 57 1 334 2 263 1 78 1 277 1 293 2 38 1 104 1 2 1 28 1 106 1 232 1 245 1 256 1 536 1 251 1
34 13 27 37 1 63 1 98 1 100 1 435 1 456 1 265 1 9 2 27 1 30 1 93 1 62 1 109 1 102 1 57 1 434 1 104 1 392 1 2 1 317 1 28 1 106 1 245 1 256 1 251 1 284 2 259 1
37 14 17 100 1 408 1 20 1 62 1 213 1 555 1 57 1 52 1 38 1 104 1 2 1 292 1 28 1 106 1 245 1 256 1 251 1
39 15 15 93 1 62 1 109 1 102 1 87 1 57 1 228 1 38 1 104 1 629 1 2 2 119 1 245 1 256 1 251 1
//IdTournes NbColis
5 6
//IdColis IdCommandeInColis NbProducts IdProd1 QtyProd1 IdProd2 QtyProd2 ...
42 16 40 30 1 152 1 109 2 454 1 102 1 107 1 380 1 382 1 207 1 627 1 521 1 358 1 58 1 249 1 190 1 624 1 206 1 57 2 162 1 548 1 121 1 54 1 38 1 135 1 101 1 533 1 2 1 84 1 56 1 42 2 44 2 67 2 240 1 634 1 108 1 292 1 28 2 61 1 554 1 606 1
45 17 24 448 1 9 2 20 1 27 1 30 1 122 1 62 1 102 1 109 1 107 1 579 1 387 1 57 1 32 1 38 1 104 1 562 1 2 1 317 1 28 1 119 1 245 1 256 1 251 1
47 18 25 63 1 100 1 115 1 20 1 62 1 582 1 107 1 112 1 87 1 57 1 288 1 38 1 104 1 2 1 75 1 230 2 238 2 242 1 244 1 28 1 106 1 601 1 245 1 370 1 256 1
48 19 14 39 1 200 2 188 1 223 2 185 1 187 1 215 1 17 1 33 1 35 1 41 1 43 2 100 1 2 1
52 20 14 102 1 283 1 57 1 38 2 104 1 2 1 28 1 106 1 245 1 256 1 536 1 251 1 311 1 237 1
54 21 17 30 1 62 1 109 1 102 1 107 1 274 1 513 1 322 1 38 1 104 1 2 1 28 1 106 1 632 1 245 1 256 1 251 1
//IdTournes NbColis
6 6
//IdColis IdCommandeInColis NbProducts IdProd1 QtyProd1 IdProd2 QtyProd2 ...
56 22 26 460 1 93 1 51 1 62 1 431 1 354 1 190 1 57 1 212 1 574 1 38 1 104 1 566 1 131 1 578 1 2 1 230 1 238 2 242 1 244 1 28 1 106 1 245 1 256 1 251 1 255 1
111 43 18 109 1 220 1 107 1 429 1 226 1 57 1 38 1 104 1 2 1 90 1 245 1 256 1 28 1 119 1 251 1 237 2 239 1 259 1
113 44 24 93 1 403 1 62 1 29 1 178 1 191 1 231 1 87 1 57 1 228 1 406 1 135 1 104 1 2 2 179 1 230 1 238 2 242 1 244 1 245 1 256 1 28 1 106 1 251 1
123 49 15 57 1 228 1 104 1 2 1 423 1 425 1 230 2 238 2 242 1 244 1 245 1 256 1 28 1 106 1 251 1
127 51 23 109 1 297 1 264 1 57 1 328 1 318 1 334 1 263 1 228 1 38 1 59 1 104 1 2 1 327 1 335 1 278 1 315 1 245 1 256 1 28 1 106 1 251 1 311 1
143 60 32 94 1 203 1 91 1 37 1 63 1 98 1 100 1 377 1 378 1 93 1 62 1 107 1 57 1 228 1 25 1 38 1 54 1 104 1 2 1 42 2 44 1 67 1 230 2 366 1 238 2 242 1 244 1 28 1 106 1 245 1 256 1 251 1
//IdTournes NbColis
7 6
//IdColis IdCommandeInColis NbProducts IdProd1 QtyProd1 IdProd2 QtyProd2 ...
145 61 26 94 1 381 1 385 1 365 1 395 1 9 2 27 1 30 1 102 1 109 1 107 1 383 1 231 1 387 1 257 1 57 1 212 1 390 1 38 1 104 1 2 1 28 1 119 1 245 1 256 1 251 1
147 62 27 39 1 202 1 86 1 372 1 91 1 37 1 60 2 100 2 70 1 20 1 62 1 388 1 57 1 228 1 393 1 38 1 104 2 131 1 392 1 2 1 3 1 366 1 28 1 106 1 245 1 256 1 251 1
149 63 26 94 1 203 1 267 1 198 1 91 1 37 1 375 1 60 1 63 1 100 1 20 1 62 1 107 1 389 1 57 1 393 1 38 1 104 1 2 1 366 1 28 1 119 1 245 1 256 1 251 1 247 1
151 64 29 39 1 202 1 396 1 37 1 402 1 60 1 63 1 100 1 216 1 20 1 62 1 107 1 57 1 38 1 104 1 2 1 306 1 230 2 238 2 242 1 244 1 28 1 106 1 245 1 256 1 251 1 418 1 422 1 255 1
153 65 26 94 1 203 1 86 1 400 1 91 1 37 1 60 1 63 1 100 1 384 1 398 1 134 1 93 1 62 1 404 2 407 1 57 1 38 1 104 1 2 1 230 3 238 2 242 1 244 1 28 1 119 1
155 66 32 94 1 139 1 114 1 91 1 37 1 63 1 98 1 100 1 93 1 62 1 412 1 411 1 57 1 212 1 25 1 38 1 54 1 104 1 417 1 2 1 42 2 44 1 67 1 414 1 230 2 238 2 242 1 244 1 28 1 245 1 256 1 251 1
//IdTournes NbColis
8 6
//IdColis IdCommandeInColis NbProducts IdProd1 QtyProd1 IdProd2 QtyProd2 ...
157 67 30 94 1 203 1 301 1 413 1 416 1 9 2 27 1 30 1 102 1 109 1 383 1 419 1 264 1 397 1 405 1 421 1 57 1 52 2 263 1 228 1 420 1 38 1 104 1 2 1 28 1 106 1 245 1 256 1 251 1 415 1
159 68 28 39 1 189 1 222 1 91 1 37 1 60 1 63 1 100 1 427 1 435 1 172 1 20 1 62 1 184 1 388 1 358 1 87 1 446 1 57 1 38 1 104 1 2 1 242 1 244 1 28 1 106 1 245 1 447 1
161 69 28 39 1 432 1 202 1 203 1 410 1 86 1 91 1 37 1 98 1 100 1 93 1 62 1 107 1 273 1 57 1 428 1 25 1 38 1 54 1 104 1 2 1 42 2 44 1 67 1 244 1 28 1 119 1 245 1
163 70 26 39 1 442 1 203 1 86 1 91 1 37 1 63 1 98 1 100 1 433 1 445 1 437 1 93 1 62 1 107 1 207 1 87 1 431 1 57 1 424 1 38 1 104 1 2 1 28 1 106 1 245 1
165 71 30 94 1 348 1 441 1 203 1 439 1 37 1 299 1 448 1 107 1 443 1 446 1 57 1 434 1 268 1 52 2 438 1 444 1 228 1 430 1 38 1 104 1 2 1 72 1 230 2 242 1 244 1 28 1 119 1 245 1 370 1
167 72 28 47 1 128 1 129 1 95 1 374 1 55 1 143 1 196 1 362 1 460 1 371 1 134 1 136 1 227 2 141 1 57 1 470 1 334 1 452 1 471 1 230 2 238 2 242 1 244 1 159 1 245 1 256 1 251 1
//IdTournes NbColis
9 6
//IdColis IdCommandeInColis NbProducts IdProd1 QtyProd1 IdProd2 QtyProd2 ...
13 5 25 254 1 58 1 249 2 539 1 206 2 57 2 258 1 194 1 430 1 36 1 54 1 59 1 538 1 233 1 3 1 16 2 21 1 48 2 44 1 350 1 75 3 240 1 108 1 246 1 255 1
58 23 11 141 1 281 1 57 1 228 1 135 1 59 1 3 1 84 1 245 1 256 1 251 1
169 73 33 47 1 218 1 128 1 129 1 95 1 374 1 55 1 463 1 464 1 337 1 134 1 136 1 207 1 373 1 57 1 204 1 36 1 25 1 135 1 54 1 461 1 423 1 84 1 42 1 44 1 67 1 230 2 238 1 242 1 244 1 159 1 245 1 467 1
59 24 14 39 1 15 2 534 1 202 1 203 1 593 1 123 1 6 1 133 1 137 1 50 1 64 1 66 1 56 1
63 25 27 43 1 123 1 150 1 50 1 64 1 66 1 68 1 552 1 199 1 413 1 9 2 27 1 30 1 51 1 102 1 71 1 109 2 145 1 107 1 386 1 542 2 525 1 57 2 162 1 36 1 101 2 21 1
66 26 23 109 1 141 1 206 1 57 1 513 1 619 1 78 1 25 1 135 1 54 1 629 1 610 1 84 1 42 1 44 1 67 1 414 1 159 1 232 1 245 1 256 1 251 2 285 1
//IdTournes NbColis
10 6
//IdColis IdCommandeInColis NbProducts IdProd1 QtyProd1 IdProd2 QtyProd2 ...
69 27 12 419 1 264 1 257 1 655 1 263 1 78 1 157 1 516 1 637 1 332 1 638 1 56 1
60 24 29 68 1 70 1 482 1 602 1 266 1 547 1 9 2 27 1 30 1 51 1 109 2 102 1 71 1 107 1 589 1 446 1 274 1 57 1 470 1 444 1 124 1 138 1 607 1 612 1 604 1 605 1 609 1 488 1 237 2
122 49 21 39 1 269 1 203 1 410 1 396 1 86 1 91 1 37 1 95 1 60 1 100 1 436 1 296 1 426 1 440 1 409 1 20 1 62 1 283 1 273 1 38 1
128 52 25 458 1 203 1 301 1 185 1 396 1 6 1 114 1 116 1 50 1 64 1 66 1 68 1 142 1 298 1 201 1 300 1 9 2 27 1 453 1 30 1 51 1 454 1 102 1 71 1 245 1
16 6 33 199 1 547 1 300 1 9 2 27 2 30 1 152 1 454 1 102 1 109 2 107 1 207 1 34 1 555 1 58 1 221 1 57 2 162 1 5 1 4 3 228 1 36 1 32 1 394 2 21 1 75 1 108 1 246 1 61 1 106 2 554 1 557 1 247 1
71 28 35 598 1 613 1 152 1 454 1 107 1 192 1 193 1 207 1 291 1 34 1 358 1 386 1 231 1 608 1 273 1 595 1 57 2 162 1 4 3 490 1 121 1 25 2 54 1 21 1 42 2 44 1 67 2 108 1 246 2 230 3 238 2 242 1 244 1 559 1 247 1
//IdTournes NbColis
11 6
//IdColis IdCommandeInColis NbProducts IdProd1 QtyProd1 IdProd2 QtyProd2 ...
74 29 29 43 2 545 1 149 1 363 1 161 1 9 2 27 2 30 1 102 1 109 2 147 1 107 1 383 1 297 1 388 1 389 1 553 1 314 1 205 1 57 2 162 1 506 1 4 2 478 1 36 1 304 1 25 2 54 1 307 1
7 3 33 298 1 9 2 27 1 30 1 51 1 582 3 102 1 71 1 109 2 8 1 583 1 211 1 387 1 249 1 57 1 5 1 40 1 228 2 321 1 610 1 14 1 56 1 75 2 345 1 246 1 286 1 335 1 366 1 554 1 606 1 245 1 599 1 557 1
57 23 17 39 1 47 1 125 1 203 1 584 1 128 1 129 1 137 1 55 1 142 1 143 1 134 1 136 1 144 1 649 1 553 1 61 1
171 74 26 94 1 125 1 457 1 465 1 128 1 129 1 137 1 50 1 55 1 469 1 459 1 134 1 136 1 213 1 57 1 468 1 84 1 230 2 238 2 242 1 244 1 159 1 245 1 256 1 251 1 255 1
18 7 17 39 1 517 1 587 1 203 1 17 1 33 1 35 1 41 1 43 2 6 1 95 1 49 1 50 1 64 1 73 1 66 1 68 1
21 8 16 18 1 11 1 269 1 442 1 549 1 648 1 203 1 88 1 89 1 479 3 483 1 6 1 49 1 50 1 64 1 66 1
//IdTournes NbColis
12 6
//IdColis IdCommandeInColis NbProducts IdProd1 QtyProd1 IdProd2 QtyProd2 ...
67 27 14 94 1 656 1 514 1 439 1 267 1 198 2 576 1 17 1 33 1 35 1 41 1 43 2 564 1 6 1
77 30 25 35 1 41 1 43 2 6 1 49 1 50 1 64 1 66 1 68 1 329 1 440 1 515 1 523 1 9 2 27 1 30 1 51 1 213 1 102 1 71 1 109 2 302 1 107 1 531 1 386 1
79 31 15 94 1 97 1 46 1 168 1 385 1 481 1 365 1 17 1 33 1 35 1 153 2 41 1 6 1 49 1 546 1
82 32 16 94 1 615 1 202 1 203 1 365 1 17 1 33 1 35 1 41 1 153 2 6 1 49 1 50 1 64 1 73 1 57 1
85 33 16 94 1 169 1 272 2 203 1 267 1 6 1 49 1 50 1 64 1 66 1 73 1 201 1 265 1 271 1 9 2 171 1
87 34 14 118 1 39 1 18 1 203 1 6 1 133 1 49 1 50 1 64 1 73 1 66 1 70 1 512 1 25 1
//IdTournes NbColis
13 6
//IdColis IdCommandeInColis NbProducts IdProd1 QtyProd1 IdProd2 QtyProd2 ...
89 35 11 148 1 39 1 585 1 31 1 586 1 203 1 572 1 479 2 6 1 37 1 107 1
92 36 16 39 1 626 1 203 2 215 1 17 1 33 1 35 1 41 1 43 2 6 1 49 1 50 1 64 1 66 1 68 1 616 1
95 37 18 94 1 565 1 203 1 17 1 33 1 35 1 41 1 43 1 153 1 6 1 49 1 50 1 64 1 73 1 498 1 66 1 384 1 413 1
110 43 21 94 1 202 1 217 1 185 1 198 1 6 1 91 1 37 1 60 1 63 1 66 1 100 1 260 1 9 2 20 1 27 1 30 1 62 1 102 1 71 1 232 1
173 75 22 47 1 458 1 462 1 377 1 456 1 265 1 397 1 205 1 274 1 57 1 450 1 135 1 84 1 317 1 230 2 238 2 242 1 244 1 159 1 245 1 256 1 251 1
174 76 21 364 1 385 1 6 1 49 1 50 1 64 1 66 1 73 1 199 1 455 1 9 2 27 1 30 1 51 1 102 1 71 1 109 2 451 1 56 1 466 1 418 1
//IdTournes NbColis
14 6
//IdColis IdCommandeInColis NbProducts IdProd1 QtyProd1 IdProd2 QtyProd2 ...
175 77 24 94 1 18 1 385 1 6 1 49 1 50 1 64 1 477 1 66 1 70 1 51 1 71 1 69 1 57 1 25 1 54 1 42 2 44 1 56 1 67 2 230 3 238 1 242 1 244 1
177 78 27 39 1 203 1 6 1 49 1 50 1 64 1 66 1 70 1 73 1 485 1 51 1 71 1 107 1 69 1 205 1 486 1 57 1 491 1 151 1 56 1 246 1 230 3 238 2 242 1 244 1 493 1 247 1
179 79 31 189 1 203 1 481 1 492 2 479 1 6 1 49 1 64 1 66 1 445 1 166 1 51 1 71 1 264 1 69 1 446 1 57 1 268 1 263 1 490 1 320 1 472 1 59 1 476 1 56 1 74 1 234 1 295 1 106 1 418 1 494 1
115 45 17 134 1 136 1 193 1 257 1 478 1 262 1 135 1 473 1 84 1 179 1 234 1 245 1 256 1 261 1 159 1 251 1 237 1
129 52 14 109 2 358 1 305 1 326 1 449 1 352 1 304 1 319 1 246 1 256 1 324 1 251 1 284 1 330 1
49 19 30 196 1 253 1 9 2 27 1 30 1 140 1 102 1 109 1 213 1 107 1 186 1 207 1 241 1 126 1 211 1 205 1 57 1 204 1 228 1 252 1 38 1 59 1 104 1 131 1 90 1 28 1 119 1 245 1 256 1 251 1
//IdTournes NbColis
15 6
//IdColis IdCommandeInColis NbProducts IdProd1 QtyProd1 IdProd2 QtyProd2 ...
98 38 18 556 1 203 1 647 1 17 2 33 1 35 2 41 1 43 2 12 1 26 1 176 1 53 1 160 1 299 1 360 1 172 1 194 1 21 1
114 45 15 82 1 47 1 203 1 217 1 483 1 128 1 129 1 95 1 137 1 55 1 482 2 208 1 172 1 219 1 57 1
24 9 15 94 1 97 1 80 1 269 1 200 1 646 1 203 1 483 1 222 1 86 1 91 1 37 1 60 1 63 1 96 1
181 80 26 154 1 203 1 218 1 474 2 129 1 374 1 55 1 98 1 480 1 149 1 413 1 475 1 134 1 136 1 379 1 184 1 380 1 141 1 57 1 135 1 84 1 159 1 315 1 245 1 487 1 489 1
183 81 31 47 1 202 1 203 1 187 1 474 1 129 1 374 1 55 1 66 1 134 1 136 1 484 1 57 1 444 1 25 1 135 1 54 1 468 1 84 1 42 1 44 1 67 1 230 2 238 2 242 1 244 1 159 1 488 1 245 1 256 1 251 1
185 82 12 97 1 202 1 203 2 375 1 70 1 501 1 495 1 506 1 229 1 415 1 285 1 509 1
//IdTournes NbColis
16 6
//IdColis IdCommandeInColis NbProducts IdProd1 QtyProd1 IdProd2 QtyProd2 ...
40 16 13 111 1 522 1 11 2 623 1 348 2 628 1 203 1 88 1 155 1 65 1 17 1 33 1 25 1
55 22 14 47 1 127 1 524 1 31 1 19 2 130 1 132 1 91 1 37 1 63 1 98 1 100 1 344 1 230 1
73 29 12 127 1 156 1 313 2 549 2 203 2 88 1 155 1 65 1 17 1 33 1 35 2 41 1
186 83 23 47 1 97 1 202 1 203 1 496 1 128 1 129 1 95 1 137 1 55 1 498 1 462 1 134 1 136 1 141 1 57 1 390 1 84 1 230 1 242 1 244 1 159 1 245 1
2 1 24 63 1 64 1 66 1 526 1 70 1 73 1 9 2 27 1 30 1 51 1 152 1 102 1 71 1 109 2 22 1 29 1 525 1 529 1 57 1 513 1 92 1 52 1 532 1 108 1
27 10 19 94 1 97 1 103 1 483 1 91 1 37 1 60 1 63 1 100 1 9 2 85 1 27 1 30 1 93 1 62 1 109 1 110 1 102 1 87 1
//IdTournes NbColis
17 6
//IdColis IdCommandeInColis NbProducts IdProd1 QtyProd1 IdProd2 QtyProd2 ...
29 11 21 39 1 105 1 103 1 203 1 86 1 91 1 37 1 60 1 100 1 266 1 9 2 20 1 27 1 30 1 62 1 102 1 109 1 289 1 107 1 274 1 57 1
31 12 16 82 1 94 1 202 1 86 1 91 1 37 1 63 1 98 1 100 1 201 1 642 1 9 2 27 1 30 1 93 1 62 1
38 15 16 39 1 47 1 200 1 202 1 203 1 37 1 55 1 63 1 98 1 100 1 362 1 485 1 9 2 27 1 30 1 28 1
41 16 21 35 2 41 1 43 2 584 1 26 1 37 1 120 1 158 1 53 1 160 1 498 1 163 1 351 1 614 1 23 1 594 1 630 1 464 1 9 2 27 2 25 1
51 20 19 39 1 385 1 17 1 33 1 35 1 41 1 43 2 86 1 91 1 37 1 60 1 63 1 100 1 9 2 27 1 30 1 93 1 62 1 109 1
53 21 17 94 1 139 1 267 1 198 1 17 1 33 1 35 1 41 1 43 2 86 1 91 1 37 1 60 1 100 1 9 2 20 1 27 1
//IdTournes NbColis
18 6
//IdColis IdCommandeInColis NbProducts IdProd1 QtyProd1 IdProd2 QtyProd2 ...
65 26 20 154 1 385 1 17 1 33 1 35 1 41 1 153 2 13 1 129 1 137 1 55 1 143 1 459 1 622 1 9 1 27 1 30 1 134 1 136 1 102 1
68 27 22 13 1 49 1 50 2 73 1 64 1 66 1 68 1 70 1 569 1 580 1 384 1 571 1 575 1 568 1 485 1 9 2 27 1 30 1 51 2 102 1 71 2 109 2
80 31 30 50 1 64 1 66 1 142 1 368 1 485 1 9 2 27 1 30 1 166 1 51 1 102 1 71 1 109 2 192 1 69 1 57 1 92 1 322 1 551 1 560 1 25 1 54 1 151 1 44 1 56 1 42 2 67 2 74 1 255 1
83 32 32 66 2 68 1 70 1 594 1 316 1 621 1 9 2 27 1 30 1 51 1 102 1 71 1 617 1 109 2 227 2 419 1 69 1 249 1 263 1 25 1 54 1 637 1 332 1 638 1 42 2 44 1 56 2 67 2 366 1 554 1 636 1 285 1
93 36 31 384 1 463 1 208 1 416 1 635 1 625 1 9 2 27 1 30 1 167 1 51 1 109 2 102 1 71 1 107 1 207 2 191 1 553 1 170 1 624 1 273 1 57 1 40 1 428 1 490 1 279 1 390 1 332 1 56 1 599 1 312 1
96 37 25 9 2 27 1 30 1 177 1 51 1 102 1 71 2 109 2 107 1 579 1 577 1 206 1 57 1 322 1 304 1 25 1 54 1 42 2 44 1 56 1 67 2 391 1 246 1 284 1 493 1
//IdTournes NbColis
19 6
//IdColis IdCommandeInColis NbProducts IdProd1 QtyProd1 IdProd2 QtyProd2 ...
99 38 30 527 1 588 1 208 1 546 1 9 2 27 2 30 1 152 1 454 1 109 2 379 1 102 1 213 1 107 2 178 1 644 1 525 1 273 1 57 2 162 1 520 1 428 1 36 1 25 2 54 1 16 2 48 2 44 1 75 4 108 1
102 39 32 43 1 12 1 26 1 53 1 183 1 160 1 427 1 528 1 9 2 27 2 30 1 152 1 454 1 102 1 109 2 178 2 57 1 236 1 36 1 25 2 54 1 21 1 42 2 44 1 67 2 350 1 391 1 108 1 246 1 536 1 247 1 255 1
104 40 20 47 1 17 1 33 1 35 1 41 1 43 2 128 1 129 1 175 1 180 1 55 1 182 1 137 1 558 1 9 1 27 1 30 1 134 1 136 1 58 1
106 41 18 47 1 573 1 17 1 33 1 35 1 41 1 153 2 86 1 150 1 91 1 37 1 63 1 563 1 98 1 100 1 581 1 9 2 27 1
124 50 19 39 1 269 1 272 1 504 1 12 1 26 1 53 1 160 1 503 1 308 1 316 2 9 2 27 2 30 1 152 1 454 1 102 1 109 1 107 1
126 51 20 39 1 410 1 309 1 86 1 91 1 37 1 180 1 375 1 60 1 100 1 299 1 201 1 336 1 9 2 20 1 27 1 30 1 62 2 102 1 333 1
//IdTournes NbColis
20 6
//IdColis IdCommandeInColis NbProducts IdProd1 QtyProd1 IdProd2 QtyProd2 ...
188 84 23 47 1 500 1 385 1 439 1 128 1 129 1 497 1 137 1 55 1 196 1 501 1 363 1 134 1 136 1 403 1 112 1 141 1 57 1 508 1 84 2 499 1 159 1 245 1
46 18 9 94 2 113 2 103 2 188 1 203 1 596 1 86 1 37 1 60 1
101 39 12 47 1 10 1 15 1 313 1 458 1 203 1 17 2 33 1 35 2 41 1 43 1 58 1
76 30 10 148 1 39 1 18 2 146 1 530 1 203 1 481 1 17 1 33 1 533 1
108 42 15 47 1 181 1 97 1 385 1 535 1 173 1 128 1 129 1 37 1 137 1 55 1 143 1 296 2 134 1 251 1
116 46 16 82 1 47 1 18 1 203 1 128 1 129 1 133 1 137 1 55 1 464 1 134 1 136 1 270 1 141 1 226 1 294 1
//IdTournes NbColis
21 6
//IdColis IdCommandeInColis NbProducts IdProd1 QtyProd1 IdProd2 QtyProd2 ...
190 85 25 47 1 203 1 128 1 129 1 137 1 53 1 55 1 143 1 502 1 433 1 505 1 134 1 136 1 356 1 193 1 141 1 57 1 277 1 507 1 233 1 84 1 61 1 245 1 256 1 251 1
192 86 26 47 1 465 1 128 1 129 1 137 1 55 1 143 1 134 1 136 1 429 1 141 1 195 1 57 1 470 1 228 1 59 1 303 1 84 1 230 2 238 2 242 1 244 1 159 1 245 1 256 1 251 1
193 87 24 47 1 202 1 198 1 128 1 129 1 95 1 137 1 55 1 143 1 502 1 134 1 136 1 417 1 84 1 230 2 238 2 242 1 244 1 159 1 519 1 245 1 256 1 251 1 330 1
194 88 23 47 1 203 1 128 1 12 1 129 1 137 1 120 1 55 1 100 1 482 1 463 1 409 1 134 1 136 1 206 1 57 1 513 1 268 1 84 1 159 1 245 1 256 1 251 1
196 89 26 47 1 269 1 313 1 514 1 128 1 13 1 129 2 37 1 137 1 55 1 143 1 134 1 136 1 57 1 135 1 84 1 280 1 518 1 230 2 238 2 242 1 244 1 159 1 245 1 447 1 284 1
198 90 23 47 1 269 1 517 1 458 1 203 1 128 1 129 1 137 1 55 1 512 2 440 1 266 1 134 1 136 1 227 1 141 1 57 1 516 1 135 1 84 1 159 1 315 1 245 1
//IdTournes NbColis
22 6
//IdColis IdCommandeInColis NbProducts IdProd1 QtyProd1 IdProd2 QtyProd2 ...
88 34 22 51 1 71 1 184 1 107 1 620 1 618 1 206 1 57 1 54 1 165 1 16 1 44 1 48 2 56 1 67 1 631 1 230 3 238 2 242 1 244 1 632 1 261 1
131 53 16 165 1 84 1 56 1 306 1 230 2 238 2 242 1 244 1 278 1 232 1 245 1 256 1 261 1 159 1 323 1 251 1
97 38 11 47 1 645 1 524 1 11 1 105 1 24 1 348 1 103 1 168 1 200 1 549 1
33 13 13 118 1 39 1 203 1 633 1 215 1 492 3 222 1 576 1 13 1 114 1 86 1 91 1 38 1
36 14 15 39 1 47 1 31 1 202 1 203 1 309 1 117 1 13 1 86 1 91 1 37 1 60 1 63 1 96 1 255 1
70 28 18 39 1 517 1 549 1 88 1 155 1 65 1 564 1 13 1 26 1 158 1 53 1 160 1 163 1 164 1 597 2 416 1 161 1 36 1
//IdTournes NbColis
23 6
//IdColis IdCommandeInColis NbProducts IdProd1 QtyProd1 IdProd2 QtyProd2 ...
120 48 19 39 1 169 1 276 1 203 1 13 1 86 1 91 1 37 1 60 1 96 1 100 1 511 1 515 1 20 1 62 1 249 1 57 1 228 1 25 1
11 5 13 47 1 15 1 24 1 544 1 224 1 197 1 203 1 222 2 479 1 17 2 33 1 35 2 25 1
44 17 18 94 1 203 1 561 1 572 1 17 1 33 1 35 1 43 2 41 1 116 1 37 1 120 1 60 1 63 1 100 1 567 1 570 1 87 1
62 25 11 47 1 139 1 550 1 24 2 556 1 203 1 17 2 33 1 35 2 43 1 41 1
90 35 31 49 1 50 1 64 1 73 1 66 1 436 1 360 1 408 1 501 1 208 1 592 1 300 1 591 1 51 1 71 1 382 1 250 1 25 1 54 1 16 2 44 1 48 2 56 1 230 3 238 2 242 1 244 1 106 1 278 1 603 1 611 1
105 40 15 136 1 102 1 109 1 141 1 387 1 195 1 57 1 236 1 548 1 84 1 159 1 245 1 256 1 559 1 493 1
//IdTournes NbColis
24 6
//IdColis IdCommandeInColis NbProducts IdProd1 QtyProd1 IdProd2 QtyProd2 ...
107 41 17 30 1 93 1 62 1 102 1 109 1 383 1 386 1 87 1 326 1 135 2 84 1 174 1 179 1 159 1 245 1 256 1 251 1
109 42 25 136 1 639 1 297 1 618 1 141 1 640 1 57 1 25 1 135 1 54 1 641 1 84 1 42 1 44 1 67 1 643 2 230 2 238 2 242 1 244 1 159 1 232 1 245 1 256 1 599 1
117 46 16 57 1 277 1 293 1 287 1 84 1 510 1 341 1 230 2 238 2 242 1 244 1 245 1 256 1 159 1 251 1 285 1
200 91 28 47 1 534 1 203 1 86 1 91 1 37 1 375 1 63 1 64 1 98 1 100 1 93 1 62 1 87 1 537 1 57 1 287 1 84 1 341 1 317 1 230 2 238 2 242 1 244 1 159 1 245 1 256 1 251 1
112 44 20 39 1 189 1 202 1 203 1 218 1 86 1 399 1 37 1 55 1 60 1 63 1 64 1 100 1 201 1 210 1 408 1 199 1 409 1 401 1 230 1
75 29 11 21 1 151 1 44 1 42 2 67 2 74 1 317 1 108 1 246 1 554 1 247 1
//IdTournes NbColis
25 6
//IdColis IdCommandeInColis NbProducts IdProd1 QtyProd1 IdProd2 QtyProd2 ...
125 50 19 109 1 206 1 57 1 228 1 321 1 478 1 325 1 331 1 320 1 36 1 38 1 59 1 332 1 21 1 174 1 108 1 261 1 251 1 312 1
10 4 25 76 1 249 1 257 1 190 1 221 1 195 1 57 1 236 1 212 1 250 1 263 1 25 1 54 1 42 2 44 1 56 1 67 2 74 1 243 1 248 1 229 1 230 3 238 2 242 1 244 1
86 33 18 27 1 30 1 51 1 102 1 71 1 109 2 107 1 227 1 291 1 274 1 195 1 57 1 263 1 288 1 56 1 286 1 292 1 295 1
121 48 17 38 1 54 1 104 1 42 2 44 1 56 1 67 1 290 1 230 2 238 2 242 1 244 1 245 1 256 1 28 1 106 1 251 1
202 92 6 47 1 203 1 230 2 238 1 242 1 244 1
78 30 11 231 1 69 1 249 1 57 1 250 1 322 1 428 1 293 1 56 1 159 1 284 2
//IdTournes NbColis
26 3
//IdColis IdCommandeInColis NbProducts IdProd1 QtyProd1 IdProd2 QtyProd2 ...
119 47 11 358 1 281 1 275 1 57 1 204 1 268 1 353 1 280 1 75 1 251 1 284 1
64 25 3 108 1 278 2 247 1
43 16 3 245 1 256 1 557 1
