//NbTournees
17
//IdTournes NbColis
1 6
//IdColis IdCommandeInColis NbProducts IdProd1 QtyProd1 IdProd2 QtyProd2 ...
16 5 27 248 1 222 2 353 1 185 1 192 1 198 1 236 2 623 1 221 1 75 1 259 1 511 1 483 1 187 2 73 1 482 1 22 1 411 2 82 1 229 1 88 2 62 1 13 2 14 2 60 1 64 2 15 1
60 19 20 678 1 202 1 496 1 248 1 222 2 345 1 185 1 198 2 225 2 226 1 245 1 331 1 259 1 336 1 597 1 633 1 107 2 144 2 8 2 64 5
2 1 24 84 2 405 1 515 1 219 1 318 1 410 1 25 1 36 1 52 1 55 1 56 1 200 1 519 1 416 1 465 1 403 1 419 1 498 1 469 1 78 1 259 1 421 1 193 1 10 1
6 2 29 583 1 577 1 582 1 248 1 45 1 71 1 199 1 224 1 243 1 280 1 524 1 484 1 186 1 197 1 217 1 189 1 257 1 239 1 201 1 550 1 511 1 205 1 261 1 196 1 203 1 81 1 482 2 229 1 10 3
39 12 27 479 1 270 1 499 1 39 1 265 1 588 1 211 1 254 1 271 1 498 1 202 1 244 1 275 1 496 1 620 1 92 1 222 2 280 1 524 1 186 1 190 1 225 1 226 1 595 1 119 1 201 1 153 1
63 20 30 603 1 659 1 164 1 656 1 263 1 486 1 280 1 664 1 186 1 267 1 204 1 252 2 133 1 201 1 281 1 575 1 359 1 657 1 261 1 285 1 187 1 193 1 227 1 97 1 7 1 6 1 63 1 98 1 21 2 59 3
//IdTournes NbColis
2 6
//IdColis IdCommandeInColis NbProducts IdProd1 QtyProd1 IdProd2 QtyProd2 ...
66 21 16 250 1 186 1 188 2 612 1 233 2 252 1 259 1 285 1 196 1 658 1 10 2 614 1 616 1 76 1 21 2 59 3
111 38 29 545 1 526 1 35 1 533 1 342 1 278 1 416 1 540 1 531 1 532 1 468 1 248 1 353 1 49 1 186 1 347 1 546 1 534 1 528 1 9 1 81 1 61 1 547 1 7 1 544 1 63 1 2 1 260 1 535 4
47 15 23 290 1 644 1 118 1 321 1 562 1 354 1 510 1 419 1 125 1 628 1 271 1 121 1 289 1 591 1 150 1 197 1 198 1 233 4 317 1 252 2 335 1 352 1 221 1
52 17 20 182 1 323 1 325 1 106 1 294 1 169 1 306 1 235 2 451 1 598 1 290 1 273 1 108 1 115 1 74 1 332 1 118 1 599 1 277 1 610 3
67 22 21 593 1 298 1 299 1 300 1 235 1 344 1 278 1 451 1 416 1 684 1 290 1 270 1 508 1 673 1 51 1 350 1 600 1 576 1 357 1 485 1 304 1
10 3 29 187 1 80 1 81 1 99 1 7 1 69 1 6 1 66 1 101 1 12 1 14 3 60 2 64 3 57 2 16 1 15 1 54 1 4 1 102 1 3 1 79 1 17 1 58 1 96 1 94 1 32 2 76 1 21 2 59 3
//IdTournes NbColis
3 6
//IdColis IdCommandeInColis NbProducts IdProd1 QtyProd1 IdProd2 QtyProd2 ...
22 7 26 581 1 103 1 551 1 149 1 197 2 335 2 571 1 144 1 259 2 421 1 514 1 187 1 229 1 7 1 62 1 101 1 137 1 64 3 14 3 57 1 83 1 136 1 131 1 17 1 20 1 535 3
37 11 21 633 1 297 1 187 1 411 2 126 1 155 1 295 1 132 1 141 1 613 2 7 1 143 2 11 1 13 2 60 2 63 1 156 1 142 1 21 2 59 3 260 1
40 12 25 256 1 575 1 514 1 534 1 617 1 285 1 187 1 193 1 609 1 411 2 613 1 7 1 6 1 615 1 62 1 8 2 11 2 60 2 98 1 140 2 159 1 154 1 142 1 21 2 59 3
43 13 20 404 1 192 1 396 2 245 1 221 1 452 1 617 1 187 1 413 1 165 1 229 1 61 1 7 1 66 1 62 1 63 1 152 1 21 1 643 2 59 1
48 15 16 257 1 259 1 281 1 645 1 187 1 170 3 411 3 229 1 172 1 613 1 97 1 44 1 134 1 8 2 21 2 59 3
72 23 22 679 1 301 1 257 1 31 1 297 1 187 1 229 1 611 1 153 1 62 1 18 1 60 1 64 1 143 1 146 1 57 1 156 2 614 1 159 1 168 1 142 1 20 1
//IdTournes NbColis
4 6
//IdColis IdCommandeInColis NbProducts IdProd1 QtyProd1 IdProd2 QtyProd2 ...
74 24 28 654 1 417 1 577 1 289 1 121 1 234 1 49 1 86 1 150 1 217 1 328 1 301 1 392 1 347 2 119 1 221 1 374 1 407 1 575 1 657 1 667 1 187 1 227 1 413 1 411 3 62 1 544 1 90 2
76 25 26 692 1 282 1 365 1 315 1 348 1 386 1 420 1 375 1 673 1 51 1 419 1 338 1 263 2 422 1 423 1 103 1 222 1 664 1 388 1 347 1 201 1 373 1 399 1 187 1 380 1 7 1
79 26 15 202 1 121 1 166 1 335 1 394 1 399 1 281 1 483 1 657 1 187 1 141 1 5 1 62 2 60 1 536 1
113 39 24 548 1 276 1 249 1 405 1 412 1 480 1 120 1 517 1 543 1 530 1 485 1 541 1 529 1 521 1 524 1 150 1 516 1 317 1 328 1 187 1 482 1 229 1 542 1 509 1
12 4 30 402 1 47 1 48 1 406 1 284 1 24 1 74 1 401 1 383 1 251 1 389 2 418 1 269 1 360 1 41 1 188 2 364 1 387 1 396 2 415 1 221 1 19 1 281 1 378 1 229 1 7 1 8 1 60 1 63 1 16 1
45 14 25 270 1 109 1 357 1 367 1 289 1 524 1 484 1 188 1 364 1 197 1 396 1 487 1 301 1 201 1 483 1 482 1 411 2 538 1 509 1 62 2 143 1 8 1 60 2 131 1 20 1
//IdTournes NbColis
5 6
//IdColis IdCommandeInColis NbProducts IdProd1 QtyProd1 IdProd2 QtyProd2 ...
82 27 30 513 1 358 1 202 1 275 1 289 1 582 1 103 1 222 2 326 1 345 1 188 1 190 2 225 3 396 1 189 2 252 2 335 1 347 1 619 1 421 1 297 1 193 1 196 1 22 1 411 2 171 1 691 1 616 1 76 1 688 2
85 28 23 270 1 403 1 557 1 562 1 631 1 258 1 218 1 255 1 390 1 549 1 553 1 504 1 191 2 430 2 231 2 254 1 360 1 244 1 250 1 334 2 345 1 188 1 62 1
86 28 29 188 1 364 2 305 1 85 2 433 1 328 1 681 1 546 1 221 1 331 2 256 2 511 1 575 1 514 1 637 1 138 1 297 1 165 1 482 2 62 1 101 1 13 1 60 1 143 1 83 1 15 1 79 1 76 1 90 1
89 29 23 303 1 354 1 568 1 673 1 674 1 258 1 255 1 355 2 501 1 453 1 677 1 191 2 231 2 247 1 559 1 529 1 583 1 630 1 582 1 248 1 250 1 188 1 585 1
115 40 17 405 1 385 1 115 1 270 1 522 1 254 1 112 1 188 1 387 1 198 1 516 1 487 1 347 2 316 1 307 1 482 1 313 1
21 7 20 319 1 406 1 51 1 291 1 303 1 255 1 355 2 125 1 338 1 110 1 191 3 231 3 271 1 339 1 122 1 123 1 423 2 250 1 97 1 535 1
//IdTournes NbColis
6 6
//IdColis IdCommandeInColis NbProducts IdProd1 QtyProd1 IdProd2 QtyProd2 ...
42 13 23 291 1 631 1 164 1 379 1 624 1 590 1 532 1 485 1 53 1 417 1 632 1 362 2 367 1 275 1 166 1 496 1 581 1 49 2 353 1 580 1 361 1 368 1 197 1
8 3 17 683 1 72 1 104 1 70 1 206 1 216 1 315 1 33 1 292 1 320 1 249 1 533 1 346 1 26 1 38 1 200 1 31 1
19 6 23 204 1 424 3 331 1 261 1 413 1 81 1 411 1 82 1 229 1 5 1 6 1 44 2 62 1 28 1 29 1 537 1 63 1 16 1 100 1 20 1 2 1 59 3 21 2
20 7 18 560 1 564 2 27 1 124 1 292 1 320 1 213 1 348 2 283 3 346 1 308 1 309 2 318 2 23 1 128 1 312 1 153 1 535 2
28 9 20 161 1 427 1 447 1 216 1 564 2 292 1 435 1 106 1 241 1 274 2 475 1 40 1 450 1 416 1 26 1 56 1 115 1 437 1 145 1 260 1
50 16 25 437 1 321 1 125 1 418 1 634 1 576 2 636 1 39 1 498 1 275 1 486 1 280 1 353 1 574 1 580 1 197 1 388 1 204 1 439 1 301 1 392 1 347 1 78 1 424 2 584 1
//IdTournes NbColis
7 6
//IdColis IdCommandeInColis NbProducts IdProd1 QtyProd1 IdProd2 QtyProd2 ...
73 24 19 670 1 381 1 292 1 405 1 386 2 410 1 416 1 36 1 74 1 403 1 354 1 397 1 418 1 603 2 541 1 659 1 662 1 211 1 8 1
92 30 19 648 1 72 1 194 1 124 1 348 1 372 1 377 1 309 1 425 1 442 1 451 1 601 1 26 1 288 1 74 1 395 1 354 1 30 1 189 1
93 30 33 426 1 379 1 453 1 634 1 532 2 579 1 211 1 202 1 42 1 486 1 71 1 189 1 392 1 347 1 331 1 452 1 193 1 196 1 413 1 6 1 62 1 11 1 34 1 63 1 143 1 146 1 98 1 57 1 176 1 140 1 96 1 21 2 59 3
36 11 25 130 1 340 1 113 1 255 1 579 1 541 1 43 1 191 2 211 1 231 2 240 1 513 1 333 1 630 1 250 1 345 1 524 1 353 2 484 1 578 1 641 1 201 1 330 1 452 1 153 1
59 19 20 503 1 510 1 499 1 218 1 255 1 355 1 419 1 489 1 262 1 492 1 659 1 164 1 662 1 191 3 195 1 211 2 231 3 247 1 513 1 250 1
65 21 23 232 1 282 1 213 1 283 1 253 1 228 1 55 1 208 1 286 1 288 1 30 1 218 1 255 1 532 1 659 1 191 1 231 1 269 1 287 1 289 1 620 1 689 1 76 1
//IdTournes NbColis
8 6
//IdColis IdCommandeInColis NbProducts IdProd1 QtyProd1 IdProd2 QtyProd2 ...
71 23 28 337 1 355 1 675 1 390 1 397 1 561 1 569 1 576 1 680 1 191 2 195 1 231 2 269 1 529 1 363 1 202 1 367 1 248 1 250 1 629 1 222 1 345 2 361 1 371 1 317 1 382 1 245 1 11 1
95 31 26 68 1 212 1 409 1 320 1 462 1 235 1 470 1 461 1 218 1 255 1 390 1 191 2 211 1 231 2 277 1 417 1 362 1 250 1 305 1 404 1 217 1 396 1 433 1 301 1 481 1 651 1
25 8 25 115 1 383 1 502 1 340 1 607 1 592 1 390 1 419 1 457 1 459 1 398 1 590 1 485 1 46 1 53 1 247 1 417 1 287 1 360 1 362 1 275 1 122 1 468 1 589 1 423 1
29 9 22 606 1 108 1 118 1 109 1 51 1 395 1 605 1 337 1 419 1 129 1 426 1 428 1 446 1 588 1 603 1 110 1 247 1 277 1 360 1 121 1 122 1 296 1
78 26 22 391 1 366 1 219 1 377 1 412 1 210 1 369 1 400 1 341 1 604 1 539 1 120 1 52 1 384 1 395 1 398 1 408 1 254 1 269 1 360 1 202 1 229 1
98 32 27 269 2 43 1 202 1 422 1 423 1 289 1 629 1 361 1 198 1 245 2 328 1 469 1 415 2 119 1 221 1 575 1 660 4 297 1 307 2 472 2 14 1 537 1 34 1 64 2 614 1 151 1 2 1
//IdTournes NbColis
9 6
//IdColis IdCommandeInColis NbProducts IdProd1 QtyProd1 IdProd2 QtyProd2 ...
9 3 30 642 1 606 1 356 1 338 1 350 1 357 1 43 1 46 1 358 1 275 1 92 1 103 2 334 1 353 1 93 1 296 1 305 1 85 1 86 1 192 1 293 1 198 1 317 1 328 1 595 1 91 1 336 2 349 1 359 1 32 1
68 22 23 602 1 661 1 129 1 302 1 552 1 498 2 417 1 513 1 202 1 263 2 422 1 166 1 224 1 326 1 345 2 591 1 574 1 192 1 197 2 198 1 204 2 252 1 316 1
56 18 32 390 1 459 1 418 2 485 1 247 1 513 1 456 1 589 1 422 1 629 2 45 1 368 1 371 1 85 2 198 1 415 2 301 2 463 1 75 1 476 1 193 1 482 2 311 1 7 1 178 1 584 2 146 1 13 1 14 1 29 1 60 1 63 2
62 20 23 666 1 67 1 206 1 194 1 207 1 219 1 412 1 410 1 200 1 228 1 235 1 272 1 284 1 627 1 644 1 270 1 502 1 262 1 264 1 590 1 652 1 266 1 82 1
97 32 23 650 1 325 1 194 1 213 1 346 1 475 1 128 1 465 2 108 1 115 1 118 1 479 1 270 1 340 1 599 1 130 1 251 1 446 1 628 1 532 1 661 1 211 1 8 1
101 33 22 244 1 263 2 333 1 93 1 371 1 198 1 668 1 221 1 651 1 633 1 645 1 667 1 413 1 411 2 454 1 669 1 101 1 8 1 60 1 64 3 16 1 102 1
//IdTournes NbColis
10 6
//IdColis IdCommandeInColis NbProducts IdProd1 QtyProd1 IdProd2 QtyProd2 ...
90 29 38 524 1 574 1 45 1 663 1 364 1 567 1 578 1 301 1 347 1 392 1 259 2 394 1 550 1 573 1 483 1 676 1 107 1 111 1 645 1 297 1 482 2 411 2 229 1 434 1 544 1 1 1 682 1 101 1 8 1 11 1 14 1 28 1 64 1 146 2 16 1 136 1 147 1 142 1
51 16 21 331 2 637 1 617 1 645 2 196 1 177 1 613 1 608 1 175 1 146 1 8 1 29 1 34 1 60 2 64 3 15 1 154 1 96 1 17 1 21 2 59 3
77 25 9 336 2 421 1 196 1 227 1 229 1 146 1 616 1 21 2 59 3
49 16 15 158 1 67 1 314 1 414 2 206 1 431 1 179 5 181 1 294 1 309 1 200 1 369 1 228 1 117 1 4 1
102 34 21 545 1 212 1 213 1 294 1 274 1 478 1 284 1 539 2 606 1 270 1 30 1 685 1 457 1 485 1 622 1 477 1 110 1 333 1 289 1 486 1 460 1
104 35 22 648 1 70 1 294 1 386 1 406 1 451 1 506 1 507 1 270 1 251 1 354 1 389 1 419 1 457 1 504 1 418 1 634 1 211 1 247 1 254 1 498 1 202 1
//IdTournes NbColis
11 6
//IdColis IdCommandeInColis NbProducts IdProd1 QtyProd1 IdProd2 QtyProd2 ...
26 8 32 49 1 345 3 580 1 455 1 197 2 133 1 317 1 301 1 107 1 111 1 114 1 138 1 259 1 587 1 594 1 597 1 203 1 413 1 81 1 311 1 542 1 153 1 611 1 608 1 62 1 143 1 146 1 57 1 616 1 100 1 142 1 151 1
33 10 25 418 1 579 1 164 1 498 1 529 1 202 1 112 1 222 2 554 1 484 1 580 1 404 1 198 1 225 1 226 1 236 2 396 2 382 1 252 1 328 1 257 2 135 1 330 1 349 1 575 1
53 17 26 354 1 337 1 129 1 588 1 622 1 247 1 271 1 46 1 339 1 289 1 574 1 580 1 621 1 296 1 329 1 612 2 198 1 133 1 317 1 347 2 119 1 180 2 619 2 138 1 331 2 171 1
103 34 25 353 2 484 1 387 1 198 1 392 1 394 1 483 1 359 1 297 1 482 1 81 1 99 1 547 1 7 1 584 1 8 2 60 2 54 1 102 1 20 1 94 1 687 1 2 1 21 2 59 3
70 23 22 104 1 448 1 564 1 366 1 241 1 385 2 274 1 308 1 200 1 299 1 210 1 235 1 342 1 406 1 505 2 555 2 502 1 572 1 568 1 255 1 61 1 176 1
100 33 22 671 1 268 1 230 1 237 1 474 1 386 1 480 1 200 1 214 1 400 1 342 1 50 1 479 1 592 1 397 1 466 1 467 1 164 1 247 1 269 1 417 1 62 1
//IdTournes NbColis
12 6
//IdColis IdCommandeInColis NbProducts IdProd1 QtyProd1 IdProd2 QtyProd2 ...
106 36 21 238 1 447 1 219 1 372 1 410 1 306 1 228 1 598 1 539 1 655 1 109 1 390 1 419 1 466 1 504 1 653 1 600 1 603 1 659 1 247 1 295 1
34 10 15 399 1 359 1 297 1 127 1 227 1 81 1 6 1 134 1 148 1 584 1 15 1 152 1 585 2 21 2 59 3
24 8 17 162 1 158 1 106 1 27 1 596 1 366 2 220 2 241 1 274 2 26 1 52 1 299 1 406 2 601 1 604 1 25 1 108 2
18 6 21 525 1 67 1 105 1 314 1 365 1 206 1 431 1 23 1 527 1 465 1 286 1 384 1 354 1 467 1 532 1 53 1 271 1 42 1 518 1 49 1 536 1
1 1 9 65 1 68 1 89 6 279 1 206 1 216 1 523 1 84 4 213 1
46 15 20 183 1 626 1 351 1 206 1 564 1 27 1 253 1 163 1 235 1 322 1 341 1 343 1 478 1 627 1 598 1 642 2 56 1 115 1 275 1 61 1
//IdTournes NbColis
13 6
//IdColis IdCommandeInColis NbProducts IdProd1 QtyProd1 IdProd2 QtyProd2 ...
58 19 19 184 1 238 2 206 1 216 1 448 1 493 1 249 1 33 1 672 1 219 1 214 1 505 2 23 1 38 1 383 1 502 1 488 1 251 1 8 1
15 5 21 84 2 207 2 220 2 241 1 412 1 25 1 26 1 40 1 50 1 278 1 341 1 416 1 598 1 273 1 479 1 51 1 258 1 211 1 240 1 577 2 87 1
38 12 18 160 1 525 1 157 1 242 1 238 1 223 1 209 1 237 1 283 1 207 1 274 2 37 1 120 1 210 1 604 1 618 1 163 1 118 1
84 28 20 314 1 447 1 268 1 443 1 493 1 237 1 596 1 207 1 449 1 346 1 370 1 278 1 519 1 527 1 598 1 37 1 50 1 169 1 606 1 401 1
107 36 25 110 1 367 1 333 1 248 1 486 1 280 1 484 1 663 1 487 1 252 3 352 3 257 1 649 1 657 1 227 1 658 1 482 2 411 4 229 1 134 1 8 2 60 1 63 1 665 1 2 1
81 27 22 220 1 274 2 475 1 308 1 309 1 494 1 450 1 26 1 646 1 437 1 490 1 479 1 440 1 270 1 441 1 508 1 491 1 500 1 603 1 211 1 269 2 63 1
//IdTournes NbColis
14 6
//IdColis IdCommandeInColis NbProducts IdProd1 QtyProd1 IdProd2 QtyProd2 ...
4 2 11 694 1 212 2 77 4 89 2 223 1 276 1 564 1 493 1 230 2 35 1 9 1
41 13 21 184 1 414 1 167 1 213 1 283 1 372 1 37 1 370 1 393 2 478 1 639 1 640 1 23 1 376 1 479 2 270 1 403 1 572 1 531 2 389 1 21 1
44 14 10 232 1 89 6 520 1 84 6 386 1 37 1 300 1 235 1 539 1 174 1
96 31 10 511 1 114 1 138 1 471 1 81 1 458 3 313 1 464 1 143 2 159 1
69 22 22 252 1 328 1 301 1 119 2 256 2 111 1 686 1 324 1 413 1 316 1 311 1 313 1 99 1 669 1 88 2 61 1 62 1 14 1 64 1 100 1 168 1 76 1
5 2 20 84 6 241 1 274 1 37 1 272 1 393 1 341 1 215 1 246 1 30 1 510 1 258 1 39 1 532 1 579 1 552 1 565 1 277 1 417 1 234 1
//IdTournes NbColis
15 6
//IdColis IdCommandeInColis NbProducts IdProd1 QtyProd1 IdProd2 QtyProd2 ...
11 4 8 89 6 409 1 414 2 84 6 385 1 309 1 402 1 304 1
109 37 24 249 1 386 1 370 1 228 2 416 1 383 1 510 1 258 1 501 1 504 1 240 1 254 1 275 2 353 1 487 1 221 1 394 1 336 1 511 1 512 1 514 1 411 1 229 1 509 1
14 5 10 89 6 268 1 279 1 409 2 216 1 276 1 27 1 84 4 62 1 260 1
54 17 17 256 1 594 1 107 1 127 1 307 2 411 2 311 2 313 2 229 1 171 1 542 1 509 1 7 1 29 1 60 1 168 1 610 2
88 29 18 666 1 232 1 429 1 566 1 448 1 432 1 35 1 385 1 449 1 309 2 556 1 406 2 618 1 273 1 108 1 115 1 332 1 438 1
30 9 35 334 1 71 1 580 1 329 1 150 1 221 1 138 1 349 1 476 1 452 1 421 1 127 1 80 1 139 1 316 1 9 1 155 1 229 2 10 2 445 1 5 1 6 1 143 1 11 2 13 1 14 1 60 1 64 2 83 1 57 1 614 1 136 1 4 1 147 1 3 1
//IdTournes NbColis
16 6
//IdColis IdCommandeInColis NbProducts IdProd1 QtyProd1 IdProd2 QtyProd2 ...
35 11 21 72 1 314 1 323 1 230 1 249 1 283 1 274 1 327 2 36 1 116 1 117 1 342 1 519 1 625 1 478 1 646 1 644 1 286 1 310 1 270 1 355 1
80 27 12 232 1 282 1 444 1 89 4 223 1 436 1 320 1 84 4 690 2 348 1 283 1 614 1
55 18 19 72 1 525 1 323 1 447 1 320 1 377 1 274 1 228 1 393 3 473 1 598 1 23 1 117 1 288 1 502 1 572 1 30 1 389 2 413 1
32 10 21 67 1 68 1 447 1 520 1 249 1 385 1 235 1 393 1 494 1 470 1 558 1 563 1 527 1 586 1 120 1 440 1 384 2 503 1 570 1 338 1 380 1
105 35 22 498 1 417 1 43 1 423 1 326 1 495 1 86 1 396 1 245 1 595 1 638 1 497 1 635 1 261 1 285 1 81 1 62 1 8 2 29 1 60 1 21 2 59 3
3 1 23 80 1 413 1 411 2 693 1 10 1 5 1 97 1 7 1 95 1 62 1 1 1 11 1 13 2 18 1 34 1 60 2 63 2 98 1 83 1 176 1 140 1 159 1 58 1
//IdTournes NbColis
17 3
//IdColis IdCommandeInColis NbProducts IdProd1 QtyProd1 IdProd2 QtyProd2 ...
7 2 12 88 1 61 1 7 1 62 1 13 1 34 1 60 2 16 1 142 1 17 2 90 2 2 1
13 4 3 98 1 20 1 90 1
57 18 9 64 2 173 1 83 1 176 1 647 1 79 1 96 1 20 2 58 1
