//NbTournees
52
//IdTournes NbColis
1 6
//IdColis IdCommandeInColis NbProducts IdProd1 QtyProd1 IdProd2 QtyProd2 ...
4 1 34 264 1 85 1 249 2 267 2 266 1 552 1 690 1 720 1 268 2 273 2 922 1 257 2 82 1 369 1 886 1 885 1 284 1 232 1 9 4 90 3 39 5 507 1 292 1 375 1 260 1 91 4 259 1 2 4 360 1 349 1 380 1 409 1 258 1 539 1
8 2 28 817 1 819 1 13 1 621 2 106 2 515 1 862 1 264 1 267 2 266 1 424 1 249 2 219 1 690 1 448 1 574 1 816 1 15 1 9 2 310 1 10 1 39 5 507 1 260 1 548 1 363 1 259 1 2 3
12 3 22 415 1 553 2 898 1 736 1 713 1 87 1 486 2 261 1 580 1 255 1 313 1 282 1 523 1 667 1 531 1 877 1 253 1 315 1 416 1 18 1 264 2 266 1
17 4 26 288 1 302 1 250 1 523 1 594 1 573 1 253 1 961 1 25 1 381 1 322 1 642 1 743 1 572 1 264 1 318 1 35 1 267 2 266 1 249 2 538 1 265 1 268 2 312 1 273 2 46 1
22 5 25 556 1 33 1 305 1 51 1 261 1 688 1 708 2 911 1 254 1 288 1 302 1 250 1 523 1 573 1 253 1 48 1 858 1 572 1 264 1 473 1 474 1 266 1 300 2 581 1 265 1
28 6 26 307 1 261 1 738 1 254 1 364 1 255 1 271 1 302 1 288 1 573 1 253 1 64 1 322 1 264 1 318 1 249 2 252 1 266 1 267 2 424 1 85 1 690 1 268 2 273 2 919 1 61 1
//IdTournes NbColis
2 6
//IdColis IdCommandeInColis NbProducts IdProd1 QtyProd1 IdProd2 QtyProd2 ...
32 7 26 77 1 33 1 305 1 408 1 717 1 261 1 892 1 708 1 700 1 254 1 255 1 288 1 302 1 250 1 683 1 523 1 573 1 253 1 264 1 266 1 267 2 249 2 265 1 268 2 273 1 43 1
38 8 21 250 1 255 1 500 1 302 1 288 1 523 2 641 1 253 2 334 1 25 2 342 1 743 1 858 1 100 1 18 1 264 2 400 1 266 2 300 3 485 2 139 1
45 9 19 253 1 663 3 236 1 817 1 446 1 106 2 13 1 515 1 621 2 264 2 266 1 300 2 581 2 52 1 102 2 591 1 856 1 82 1 211 1
49 10 27 101 1 50 1 566 1 33 1 305 1 386 1 408 1 261 1 368 1 254 1 282 1 271 1 302 1 250 1 288 1 631 1 573 1 253 1 236 1 858 1 264 1 35 1 266 1 267 2 424 1 71 1 43 1
53 11 27 122 1 50 1 783 1 261 1 785 1 254 1 255 1 271 1 302 1 250 1 573 1 253 1 264 1 267 2 266 1 249 2 693 1 866 1 552 1 265 1 268 2 273 2 856 1 706 1 394 1 71 1 43 1
56 12 25 587 1 537 1 558 1 779 1 884 1 126 1 77 1 744 1 353 1 261 1 254 1 255 1 402 1 250 1 523 1 573 1 253 1 236 1 264 1 400 1 127 1 267 2 266 1 249 1 265 1
//IdTournes NbColis
3 6
//IdColis IdCommandeInColis NbProducts IdProd1 QtyProd1 IdProd2 QtyProd2 ...
60 13 26 84 1 386 1 261 1 580 1 730 1 739 1 254 1 255 1 304 1 368 1 523 1 573 1 253 1 663 1 264 1 267 2 266 1 249 2 219 1 35 1 538 1 265 1 268 2 314 1 273 1 78 1
64 14 27 250 1 573 1 253 1 416 1 431 1 663 2 446 1 18 1 428 1 264 1 318 1 267 2 266 1 249 2 690 1 693 1 85 1 268 2 339 1 314 1 273 2 899 1 754 1 490 1 568 1 662 1 435 1
70 15 27 341 1 302 1 523 1 594 1 288 1 253 1 343 1 858 1 663 1 264 2 266 1 300 2 581 2 787 1 265 2 268 3 273 2 46 1 227 1 790 1 915 1 229 3 629 1 357 2 20 1 160 1 9 1
74 16 22 53 6 529 1 691 1 671 1 900 1 470 1 180 1 86 2 466 1 261 1 728 1 933 1 940 1 51 1 250 1 288 1 255 1 293 1 281 1 282 1 266 1 1 1
79 17 29 445 1 692 1 559 1 879 1 735 1 876 1 370 1 261 1 681 1 250 1 374 1 255 1 282 1 271 1 877 1 683 1 253 1 755 1 687 1 264 1 249 1 267 1 266 1 265 1 268 1 379 1 327 1 71 1 78 1
84 18 25 315 2 322 1 342 1 236 2 663 1 572 2 264 2 474 1 266 1 300 2 581 2 916 1 690 1 538 1 693 1 354 1 265 1 268 2 273 2 586 1 874 1 706 1 721 1 185 1 43 1
//IdTournes NbColis
4 6
//IdColis IdCommandeInColis NbProducts IdProd1 QtyProd1 IdProd2 QtyProd2 ...
88 19 25 97 1 63 1 610 1 408 1 261 1 717 2 254 1 288 1 255 1 523 1 302 1 250 1 573 1 253 1 48 1 264 1 318 2 300 2 266 1 581 2 265 1 268 2 297 1 273 1 71 1
91 20 31 757 1 876 1 881 1 261 1 534 1 883 1 549 1 550 1 255 1 271 1 250 1 196 1 253 1 25 1 264 1 485 1 266 1 267 1 249 1 219 1 265 1 268 2 273 1 776 1 601 1 316 1 592 1 9 3 393 1 39 4 197 1
94 21 26 691 1 587 1 643 1 872 1 873 1 261 1 752 1 738 1 250 1 254 1 255 1 271 1 573 1 253 1 264 1 249 2 252 1 266 1 267 2 219 1 265 1 268 2 273 2 874 1 721 1 78 1
98 22 26 730 1 688 1 700 1 254 1 340 1 341 1 302 1 683 1 523 1 288 1 573 1 631 1 253 1 334 1 48 1 729 1 342 1 343 1 100 1 264 1 326 1 266 1 300 2 581 2 219 1 9 1
104 23 24 302 1 368 1 483 1 288 1 250 1 710 1 523 2 589 1 641 1 573 1 253 1 334 1 917 1 343 1 431 1 236 1 743 1 283 3 264 2 474 1 266 2 300 2 485 1 265 1
110 24 42 219 1 35 1 267 2 266 1 249 2 268 2 273 2 358 1 532 1 221 1 211 1 216 1 9 3 218 1 39 5 285 1 260 1 344 1 259 1 2 3 380 2 332 1 477 1 725 1 338 2 702 1 272 2 734 1 539 1 34 1 210 1 215 1 222 1 70 1 200 1 214 1 212 1 217 1 56 1 213 1 220 1 43 5
//IdTournes NbColis
5 6
//IdColis IdCommandeInColis NbProducts IdProd1 QtyProd1 IdProd2 QtyProd2 ...
114 25 32 288 1 573 1 253 1 315 2 48 1 428 1 264 1 219 1 308 1 266 1 300 2 555 1 581 2 265 1 268 2 312 1 314 1 273 2 567 1 874 1 227 1 211 1 316 1 886 1 73 1 309 1 9 4 310 1 10 1 23 1 39 3 43 1
118 26 28 664 1 683 1 523 1 253 1 334 1 230 2 283 2 264 1 267 2 266 1 249 2 693 1 561 2 265 1 268 2 273 2 75 1 574 1 532 1 211 1 949 1 229 3 284 1 9 4 42 1 54 2 159 1 43 1
123 27 37 219 1 266 1 300 2 427 1 581 2 914 1 690 1 268 2 297 1 273 2 576 1 175 1 52 1 358 1 211 1 356 1 627 1 633 1 475 2 357 1 9 4 393 1 54 5 218 1 159 1 285 1 359 1 291 1 296 1 724 1 260 1 363 2 259 1 2 4 360 2 361 1 167 1
125 28 13 959 1 362 1 303 2 280 1 665 1 535 1 557 2 732 2 583 1 57 3 59 2 40 2 266 1
132 29 27 701 1 936 1 832 1 238 1 132 1 674 1 698 1 699 1 700 1 261 1 250 1 254 1 276 1 255 1 279 1 281 1 282 1 664 1 523 1 594 1 573 1 253 1 687 1 817 1 283 1 9 1 185 1
133 29 28 446 1 283 1 264 1 249 2 266 1 267 2 265 1 268 2 273 2 636 1 571 1 532 1 256 1 244 1 284 1 160 1 39 1 260 1 616 1 259 1 2 1 258 2 62 1 272 2 938 1 539 1 222 1 43 1
//IdTournes NbColis
6 6
//IdColis IdCommandeInColis NbProducts IdProd1 QtyProd1 IdProd2 QtyProd2 ...
137 30 30 288 1 573 1 253 1 322 1 48 1 295 1 264 1 318 1 326 1 266 1 300 2 581 2 690 1 265 1 268 2 327 1 273 2 658 1 75 1 472 1 133 1 317 1 828 2 112 1 449 1 257 1 895 1 592 1 885 1 323 1
142 31 33 250 1 253 1 381 1 572 1 264 1 249 1 267 2 266 1 538 1 35 1 265 1 268 2 273 2 570 1 576 2 354 1 447 1 574 1 833 1 571 1 112 1 256 1 895 1 369 1 356 1 955 1 620 1 9 4 457 1 298 1 42 1 39 5 121 1
146 32 27 261 1 534 1 254 1 288 1 302 1 250 1 304 1 523 1 573 1 253 1 381 1 572 1 264 1 266 1 300 2 555 1 581 2 690 1 265 1 268 2 273 2 608 1 636 1 742 1 574 1 673 1 71 2
151 33 28 288 1 302 1 250 1 664 1 523 1 594 1 573 1 253 1 322 1 18 1 264 1 326 1 318 1 266 1 300 2 581 2 690 1 916 1 265 1 268 2 273 2 576 1 574 1 686 1 760 1 72 1 662 1 9 1
155 34 27 254 1 255 1 311 1 302 1 250 1 368 1 523 1 594 1 288 1 573 1 253 1 663 1 572 2 301 2 264 1 267 2 266 1 249 2 265 1 268 2 273 2 776 1 760 1 358 1 317 1 15 1 2 1
160 35 30 933 1 254 1 255 1 412 1 302 1 250 1 368 1 523 1 589 1 288 1 573 1 664 1 253 1 677 1 264 1 266 1 267 2 249 2 690 1 265 1 268 2 273 2 15 1 673 1 885 1 216 1 932 2 9 3 2 1 43 1
//IdTournes NbColis
7 6
//IdColis IdCommandeInColis NbProducts IdProd1 QtyProd1 IdProd2 QtyProd2 ...
164 36 27 934 1 254 1 288 1 255 1 302 1 523 1 573 1 641 1 416 1 253 1 431 1 428 1 264 1 266 1 300 2 693 1 581 2 35 1 916 1 265 1 268 2 273 2 894 2 608 1 844 1 532 1 384 1
169 37 25 785 1 864 1 254 1 288 1 302 1 250 1 683 1 523 1 594 2 573 1 253 1 666 1 947 1 264 2 266 1 300 2 561 1 555 2 581 2 265 1 268 2 312 1 273 2 571 1 20 1
172 38 11 177 1 289 2 665 1 624 2 661 1 756 2 741 1 124 3 59 2 53 5 266 1
179 39 28 370 1 261 1 254 1 255 1 341 1 302 1 250 1 523 1 288 1 573 1 253 1 648 2 264 1 266 1 300 2 424 1 581 2 485 1 35 1 265 1 268 2 273 2 570 1 650 1 754 1 317 1 9 1 42 1
184 40 28 699 1 254 1 288 1 255 1 429 1 302 1 250 1 523 1 573 1 253 1 343 1 663 1 428 1 572 1 264 1 427 1 266 1 300 2 581 2 268 2 273 2 942 1 761 1 733 1 591 1 459 1 9 1 2 1
189 41 25 313 1 302 1 523 1 594 2 573 1 253 1 431 1 663 2 446 1 572 1 264 1 301 1 267 2 266 1 249 2 538 1 693 1 690 1 265 1 268 2 273 2 760 1 574 1 241 1 9 1
//IdTournes NbColis
8 6
//IdColis IdCommandeInColis NbProducts IdProd1 QtyProd1 IdProd2 QtyProd2 ...
193 42 26 29 1 386 1 261 1 708 1 699 1 700 1 953 1 288 1 255 1 402 1 302 1 250 1 523 1 253 1 381 1 755 1 572 1 264 1 266 1 300 2 538 1 561 1 552 1 581 2 435 1 43 1
198 43 24 288 1 255 1 402 1 302 1 523 1 589 1 253 1 334 1 416 1 381 1 438 1 917 1 342 1 439 1 621 2 106 2 13 2 264 2 441 1 266 1 300 2 252 1 552 1 2 1
203 44 24 864 1 700 1 887 1 254 1 288 1 255 1 302 2 523 1 594 1 573 1 253 1 446 1 858 1 264 1 326 1 400 1 266 1 300 2 538 1 552 1 581 2 690 1 265 1 268 2
207 45 26 40 1 643 1 87 1 382 1 556 1 33 1 305 1 261 1 580 1 254 1 288 1 523 1 255 1 412 1 302 1 250 1 573 1 253 1 264 1 266 1 300 2 581 2 690 1 538 1 265 1 268 2
210 46 24 587 1 634 1 84 1 51 1 353 1 708 1 261 1 254 1 271 1 250 1 573 1 253 1 642 1 264 1 267 2 266 1 249 2 693 1 561 2 453 1 265 1 268 2 273 2 316 1
215 47 37 266 1 300 2 424 1 538 1 555 1 581 2 268 2 273 2 458 1 459 2 75 1 733 1 9 4 457 1 54 5 329 1 260 1 259 1 184 1 2 4 409 1 725 1 258 2 137 1 114 1 461 1 272 2 452 1 734 1 44 1 539 1 206 3 780 1 222 1 140 2 89 1 43 4
//IdTournes NbColis
9 6
//IdColis IdCommandeInColis NbProducts IdProd1 QtyProd1 IdProd2 QtyProd2 ...
220 48 36 572 1 264 1 267 2 266 1 249 2 561 1 268 2 273 2 570 1 576 1 464 1 927 1 574 1 662 1 9 4 387 1 39 5 719 1 582 1 260 1 259 1 2 4 258 2 707 1 272 2 452 1 527 1 539 1 777 1 780 1 867 1 463 1 222 1 204 2 462 2 43 4
223 49 26 876 1 556 1 305 1 33 1 386 1 408 1 261 1 370 1 254 1 313 1 302 1 288 1 250 1 573 1 664 1 253 1 343 1 283 1 301 2 264 1 318 1 266 1 267 2 249 2 485 1 43 1
228 50 27 708 1 254 1 255 1 282 1 341 2 302 1 250 1 631 1 523 1 594 1 288 1 589 1 573 1 253 1 663 1 18 1 264 1 266 1 267 2 249 2 35 1 265 1 268 2 327 1 273 2 636 1 9 2
233 51 23 887 1 254 2 364 1 255 1 302 2 250 1 368 1 523 1 288 1 573 1 253 1 343 1 431 1 858 2 572 1 428 2 264 1 266 1 300 2 581 2 552 1 561 1 823 2
238 52 32 301 1 267 2 266 1 249 2 693 1 265 1 268 2 273 1 567 1 591 1 742 1 608 1 394 1 622 1 601 1 475 1 190 1 9 1 71 2 39 5 292 1 260 1 259 1 2 4 258 1 272 2 235 1 539 1 222 1 217 1 179 1 43 4
241 53 26 749 1 31 1 763 1 638 1 122 1 87 1 261 1 254 1 271 1 250 1 641 1 573 1 253 1 465 1 572 1 264 1 267 2 266 1 249 2 538 1 561 1 690 1 354 1 265 1 232 1 231 1
//IdTournes NbColis
10 6
//IdColis IdCommandeInColis NbProducts IdProd1 QtyProd1 IdProd2 QtyProd2 ...
245 54 26 740 1 305 2 694 1 33 1 386 1 700 1 739 1 261 1 681 1 887 1 933 1 254 1 288 1 255 1 302 1 523 1 573 1 253 1 322 1 572 1 264 1 473 1 266 1 300 1 912 1 43 1
250 55 32 264 1 266 1 300 2 538 1 581 2 268 2 273 2 464 1 608 1 449 1 221 1 366 1 71 3 39 5 396 1 260 1 259 1 121 1 78 3 258 2 62 1 272 2 527 1 539 1 731 1 32 1 4 2 222 1 174 1 115 1 89 1 43 5
254 56 25 664 1 715 1 523 1 594 1 573 1 253 1 648 1 322 1 342 1 343 1 858 2 441 2 264 1 301 1 485 1 266 1 300 2 424 1 538 1 561 1 555 1 581 2 219 2 268 1 2 1
258 57 26 588 1 559 1 560 1 590 1 404 1 373 1 735 1 643 1 132 1 203 1 563 1 382 1 413 1 261 1 901 1 368 1 254 1 255 1 271 1 302 1 589 1 288 1 250 1 573 1 266 1 43 1
263 58 35 267 1 266 1 249 2 690 1 561 1 552 1 327 1 314 1 686 1 833 1 49 1 394 1 629 1 627 1 284 1 9 4 10 1 54 5 260 1 259 1 2 4 487 1 258 2 272 2 114 1 539 1 389 2 780 1 222 1 3 1 139 1 174 1 11 1 14 1 43 5
267 59 24 417 1 911 1 237 1 254 1 302 1 288 1 250 1 877 1 573 1 253 1 416 3 343 2 431 1 264 1 266 1 267 2 424 1 552 1 555 2 249 2 308 1 910 1 912 1 2 1
//IdTournes NbColis
11 6
//IdColis IdCommandeInColis NbProducts IdProd1 QtyProd1 IdProd2 QtyProd2 ...
272 60 24 556 1 261 1 534 1 875 1 254 2 288 1 255 1 282 1 302 1 250 1 523 1 530 1 573 1 253 1 381 1 572 1 264 1 266 1 300 2 581 2 268 3 339 1 273 2 844 1
277 61 24 700 2 703 1 255 1 282 1 302 1 250 1 523 1 594 1 288 1 573 1 253 1 642 1 858 1 428 2 264 1 326 1 400 1 266 1 300 2 85 1 219 1 581 2 690 1 611 1
281 62 26 248 1 872 1 750 1 305 1 33 1 261 1 681 1 901 1 51 1 254 1 288 1 255 1 302 1 250 1 523 1 573 1 253 1 342 1 18 1 264 2 266 1 300 2 538 1 265 1 71 1 43 1
286 63 23 500 1 341 1 302 1 523 1 573 1 499 1 498 1 855 1 860 1 253 1 342 1 343 1 515 1 621 2 106 2 264 1 266 1 300 2 538 2 561 2 581 2 690 1 912 1
290 64 26 84 1 47 1 305 1 413 1 353 1 699 1 261 1 417 1 580 1 250 1 255 1 254 1 288 1 281 1 402 1 302 1 523 1 573 1 253 1 381 1 431 1 663 1 264 1 266 1 300 2 265 1
296 65 32 230 4 264 1 474 1 266 1 300 2 581 2 268 2 273 2 951 1 447 2 448 1 767 1 574 1 394 1 571 1 601 2 503 1 384 1 886 1 216 1 107 1 232 1 9 4 612 1 652 1 654 1 393 1 766 1 42 1 10 1 54 4 616 1
//IdTournes NbColis
12 6
//IdColis IdCommandeInColis NbProducts IdProd1 QtyProd1 IdProd2 QtyProd2 ...
302 66 21 663 1 817 1 963 1 572 1 621 1 106 2 13 2 18 1 264 2 266 2 300 3 581 3 485 1 586 1 576 2 776 1 840 2 49 1 568 1 673 1 356 1
308 67 20 715 1 253 2 677 1 663 2 743 1 18 1 264 2 326 1 266 2 300 3 424 1 555 1 581 3 916 1 268 3 273 2 576 1 721 1 384 1 849 1
314 68 27 417 1 911 1 368 1 254 1 255 1 514 1 302 1 523 1 288 1 279 1 573 1 253 1 334 1 381 1 771 1 572 1 18 1 264 1 326 1 266 1 300 2 581 2 690 1 265 1 268 2 327 1 107 1
319 69 33 253 1 322 1 642 1 18 1 264 1 318 1 400 1 266 1 267 2 249 2 690 1 265 1 268 2 297 1 273 2 448 1 464 1 75 1 49 1 816 1 449 1 644 1 895 1 356 1 633 1 592 1 216 1 73 1 309 1 371 1 435 1 20 1 43 1
322 70 26 77 1 261 1 887 1 901 1 534 1 255 1 523 1 250 1 253 1 322 1 431 1 343 1 446 1 520 1 264 1 485 1 266 1 267 2 249 2 265 1 268 2 273 2 807 1 804 1 894 1 75 1
326 71 26 749 1 460 1 98 1 132 1 775 1 261 1 875 1 607 1 255 1 271 1 302 1 250 1 641 1 253 1 343 1 446 1 230 2 295 1 264 1 326 1 267 2 266 1 249 2 265 1 379 1 71 1
//IdTournes NbColis
13 6
//IdColis IdCommandeInColis NbProducts IdProd1 QtyProd1 IdProd2 QtyProd2 ...
330 72 28 266 1 249 2 265 1 268 2 297 1 273 2 448 1 464 1 241 1 9 3 298 1 42 1 218 1 39 5 582 1 260 1 259 1 2 3 111 1 258 2 521 1 272 2 110 1 539 1 37 1 222 1 247 1 43 5
332 73 23 40 4 599 1 425 1 248 1 643 1 526 1 261 1 699 1 255 1 271 1 250 1 368 1 641 1 253 1 381 1 446 2 264 1 474 1 266 1 267 2 249 2 538 1 597 1
337 74 36 267 1 266 1 249 2 265 1 268 2 297 1 273 2 574 1 673 1 369 1 886 1 9 2 42 1 39 5 260 1 259 1 2 3 258 2 702 1 272 2 110 1 778 1 781 1 539 1 222 1 3 1 5 2 609 1 157 2 245 1 217 2 11 1 806 1 1 2 43 5 6 4
341 75 35 264 1 267 2 266 1 249 2 265 1 268 2 273 2 358 1 15 1 601 2 76 1 9 4 39 5 260 1 259 1 184 1 121 1 2 4 365 1 656 1 258 2 272 2 889 1 44 1 539 1 3 1 198 2 5 2 222 1 839 1 55 1 194 1 1 2 43 5 890 5
344 76 24 88 1 401 1 470 1 238 1 180 1 643 1 132 1 382 1 386 1 261 1 893 1 875 1 237 1 255 1 250 1 254 1 523 1 573 1 253 1 381 1 572 1 264 1 266 1 300 2
348 77 35 901 1 940 1 250 1 255 1 664 1 253 1 465 1 264 1 536 1 538 1 266 1 267 1 424 1 249 1 219 1 265 1 268 2 273 1 574 1 49 1 622 1 71 3 39 4 260 1 355 1 259 1 116 4 335 1 258 1 272 2 235 1 539 1 222 1 821 1 43 4
//IdTournes NbColis
14 6
//IdColis IdCommandeInColis NbProducts IdProd1 QtyProd1 IdProd2 QtyProd2 ...
352 78 39 253 1 264 1 266 1 300 2 538 1 555 1 581 2 690 1 265 1 268 2 273 2 448 1 601 2 371 1 9 1 39 5 396 1 422 1 260 1 259 1 2 4 421 1 409 1 380 1 338 2 521 1 272 2 235 1 539 1 769 1 814 1 222 1 174 1 217 1 451 1 27 1 450 1 231 1 43 4
356 79 30 266 1 249 2 35 1 720 1 538 1 693 1 265 1 268 2 312 1 297 1 314 1 273 2 447 1 227 1 459 1 636 1 620 1 71 3 39 5 762 1 260 1 259 1 2 4 258 2 272 2 539 1 222 1 842 2 843 2 43 5
359 80 28 47 1 165 3 546 1 305 1 33 1 261 1 417 1 254 1 288 1 255 1 302 1 250 1 368 1 523 1 573 1 664 1 374 1 253 1 428 1 264 1 266 1 300 2 424 1 690 1 720 1 581 1 265 1 43 1
362 81 13 805 1 811 1 968 1 967 1 290 1 303 2 661 1 665 1 391 2 732 2 741 1 346 1 266 1
368 82 28 253 1 381 1 343 1 663 1 264 1 318 1 267 2 266 1 249 2 555 1 561 1 219 2 690 1 265 1 379 2 273 2 579 1 804 1 75 2 49 1 130 1 15 1 622 1 592 1 71 3 457 1 39 1 789 1
3 1 24 635 1 33 1 305 1 261 1 875 1 708 1 254 1 313 2 402 1 282 1 302 1 288 1 667 1 573 1 253 1 322 2 923 1 343 2 518 1 858 1 572 2 301 1 265 1 6 1
//IdTournes NbColis
15 6
//IdColis IdCommandeInColis NbProducts IdProd1 QtyProd1 IdProd2 QtyProd2 ...
75 16 24 302 1 523 1 253 1 663 2 236 1 18 2 295 1 301 1 264 1 300 2 538 1 581 2 720 1 914 1 265 1 268 2 297 2 273 2 175 2 767 1 733 1 768 1 844 1 9 1
109 24 26 53 1 735 1 529 1 682 1 737 1 639 1 736 1 635 1 33 1 305 1 386 1 261 1 534 1 738 1 288 1 255 1 302 1 250 1 254 1 573 1 523 1 253 1 663 1 264 1 301 1 2 1
127 28 25 47 2 33 1 305 1 580 1 261 1 703 1 730 1 688 1 302 1 254 1 364 1 255 1 523 1 483 1 288 1 250 1 664 1 573 1 253 1 381 2 729 1 663 1 301 1 300 1 2 1
13 3 30 326 2 400 1 300 2 552 1 581 2 538 1 693 1 265 2 268 3 273 2 899 1 49 1 299 1 662 1 592 2 885 3 284 1 20 1 9 4 491 1 393 1 652 1 10 1 42 2 23 1 54 5 396 2 762 1 291 2 2 1
23 5 32 581 1 268 2 273 2 120 2 52 1 49 1 46 1 358 2 9 4 54 5 23 1 396 1 419 1 422 1 260 1 355 1 259 1 2 4 367 1 944 1 338 2 707 1 272 2 527 1 913 2 44 1 539 1 943 1 17 1 55 1 56 1 43 3
29 6 39 447 1 49 1 394 1 317 1 440 1 395 1 629 1 356 1 190 1 584 1 61 1 516 1 71 4 310 1 766 1 39 5 396 1 789 1 479 1 260 1 259 1 78 3 258 2 62 1 426 1 521 1 272 2 192 1 193 1 539 1 3 1 188 1 189 1 222 1 70 2 67 2 245 1 194 1 43 4
//IdTournes NbColis
16 6
//IdColis IdCommandeInColis NbProducts IdProd1 QtyProd1 IdProd2 QtyProd2 ...
33 7 28 273 1 447 1 72 1 75 1 591 1 601 1 407 1 886 1 73 1 76 1 357 1 390 1 232 1 71 4 39 5 396 1 291 1 260 1 259 1 78 3 409 1 258 2 272 2 539 1 21 1 79 1 222 1 43 4
54 11 30 392 1 395 1 366 1 592 2 286 1 390 1 71 2 393 1 39 5 396 1 291 1 260 1 259 1 2 3 258 2 272 2 452 1 235 1 734 1 868 2 539 1 34 1 389 1 867 1 215 1 222 1 618 1 214 1 27 1 43 3
105 23 35 555 2 581 3 85 1 835 1 690 1 693 1 268 2 273 2 72 1 75 1 760 1 532 1 449 1 403 1 257 1 369 1 407 1 356 1 336 1 627 1 390 1 9 4 207 1 612 1 54 5 396 1 292 1 159 1 285 1 131 1 375 1 260 1 355 1 569 1 548 1
165 36 30 316 1 9 4 414 1 39 5 287 1 260 1 320 1 259 1 2 4 365 1 409 2 258 2 695 1 410 2 272 2 110 1 868 1 539 1 389 1 769 1 215 1 222 1 204 1 3 1 161 1 157 1 115 1 619 1 450 1 43 5
190 41 36 432 1 221 1 369 1 433 1 316 1 232 1 9 3 166 2 878 2 54 5 396 1 285 1 260 1 259 1 2 4 372 2 409 1 258 2 41 1 272 2 430 1 539 1 943 1 21 1 837 1 222 1 198 1 200 1 604 1 208 1 245 1 217 1 907 1 194 1 908 2 43 4
211 46 31 579 1 46 1 75 1 394 1 449 2 644 1 592 1 232 1 71 4 39 5 396 1 481 1 291 1 285 1 131 1 260 1 259 1 78 4 360 1 258 2 272 2 452 1 192 1 539 1 234 1 646 1 454 1 222 1 157 1 115 1 43 4
//IdTournes NbColis
17 6
//IdColis IdCommandeInColis NbProducts IdProd1 QtyProd1 IdProd2 QtyProd2 ...
255 56 34 268 1 312 1 273 2 852 2 840 2 175 2 574 1 733 1 75 1 299 1 112 1 316 1 592 2 216 1 9 3 54 5 23 1 259 1 2 3 360 1 482 1 338 2 707 2 521 1 272 2 734 1 539 1 780 1 222 1 839 1 179 1 825 1 43 5 849 2
259 57 33 253 1 264 1 267 2 424 1 249 2 265 1 268 2 273 2 586 1 570 1 591 1 611 1 316 1 592 1 955 1 61 1 9 3 39 5 159 1 359 1 291 2 285 1 582 1 131 1 260 1 259 1 2 3 258 2 272 2 110 1 539 1 222 1 43 4
268 59 39 561 2 35 1 265 1 268 2 273 2 899 1 608 1 490 1 662 1 15 1 356 1 9 4 321 1 39 5 396 1 260 1 333 1 259 1 2 3 488 1 372 3 258 2 272 2 913 1 780 1 226 1 152 1 32 1 215 1 79 1 826 1 222 1 618 1 615 1 214 1 217 2 11 1 821 1 43 5
278 61 40 265 1 268 2 273 2 586 1 49 1 927 1 591 1 915 1 627 1 592 1 629 1 356 1 885 2 107 1 71 4 39 5 23 1 396 1 260 1 355 2 259 1 24 1 2 4 360 1 258 2 272 2 918 1 539 1 626 2 225 1 222 1 5 1 55 1 157 1 217 2 145 1 451 1 220 1 1 3 43 5
282 62 40 581 2 690 1 268 2 339 1 273 2 447 1 574 1 754 1 102 1 833 1 949 1 584 1 435 1 71 3 457 1 39 5 396 1 422 1 291 2 582 1 260 1 333 1 355 1 259 1 78 4 372 2 335 1 338 2 909 1 521 1 272 2 44 1 539 1 759 1 731 1 17 1 222 1 56 1 14 1 43 3
287 63 36 939 1 660 1 733 1 464 1 102 1 75 1 833 1 49 2 574 2 754 1 497 1 256 1 475 2 885 2 659 1 9 4 39 4 396 1 285 1 260 1 347 1 259 1 2 4 338 2 272 2 235 1 913 1 734 1 44 1 539 1 222 1 144 1 213 1 89 1 821 1 43 5
//IdTournes NbColis
18 6
//IdColis IdCommandeInColis NbProducts IdProd1 QtyProd1 IdProd2 QtyProd2 ...
303 66 34 395 1 627 1 433 1 107 1 932 1 9 4 612 1 654 1 393 1 652 1 42 1 166 2 54 5 396 1 422 1 419 1 260 1 355 1 259 1 2 4 338 2 272 2 964 1 110 2 714 1 778 1 539 1 777 2 780 2 759 1 222 1 56 1 825 1 140 1
309 67 42 574 1 856 1 945 1 394 1 299 1 316 2 510 1 627 1 284 1 390 1 9 4 54 4 582 1 287 1 260 1 333 1 259 1 2 4 338 2 909 1 702 1 272 3 461 1 233 1 668 1 714 1 539 2 215 1 831 1 21 1 37 1 222 1 851 1 205 1 839 1 212 1 850 1 174 2 619 1 213 1 43 5 849 1
360 80 36 581 1 268 2 339 1 273 2 579 1 570 1 658 1 721 1 608 1 229 3 629 1 633 1 284 2 659 1 9 3 612 1 393 1 39 5 396 1 292 1 422 1 547 1 260 1 355 2 259 1 2 4 409 1 258 2 272 2 235 1 539 1 162 1 168 1 463 1 831 1 43 4
90 20 18 280 1 270 1 277 1 535 1 557 1 575 1 319 1 882 1 129 2 124 2 53 4 501 1 331 1 404 1 80 1 26 1 544 1 363 1
120 27 14 239 1 138 1 362 1 289 2 624 2 661 1 756 2 741 1 665 1 275 1 319 1 632 1 94 2 43 1
135 30 15 829 1 177 1 330 1 303 2 535 1 391 1 741 1 665 1 732 1 319 1 632 1 655 1 124 3 59 1 392 1
//IdTournes NbColis
19 6
//IdColis IdCommandeInColis NbProducts IdProd1 QtyProd1 IdProd2 QtyProd2 ...
140 31 13 845 1 38 1 277 2 280 1 270 2 535 1 557 2 575 1 275 1 319 1 57 3 94 2 43 1
177 39 14 362 1 289 2 391 2 661 1 756 2 741 1 665 1 319 1 275 1 606 1 8 3 94 2 40 2 165 1
187 41 11 138 1 665 1 661 1 624 2 756 2 741 1 319 1 655 1 94 2 8 3 53 5
261 58 17 362 1 269 2 378 1 270 1 575 1 533 1 535 1 319 1 57 3 94 2 274 1 585 1 691 1 692 1 187 1 165 1 617 1
306 67 11 756 2 741 2 319 1 476 1 191 2 60 1 57 3 59 2 40 6 434 1 221 1
15 4 12 38 2 303 2 741 1 665 1 391 2 661 1 732 2 36 1 124 3 59 2 40 2 26 1
//IdTournes NbColis
20 6
//IdColis IdCommandeInColis NbProducts IdProd1 QtyProd1 IdProd2 QtyProd2 ...
20 5 13 155 1 545 1 303 2 665 1 391 2 661 1 732 2 741 1 57 2 59 2 53 5 58 1 43 1
52 11 17 123 3 125 1 303 2 391 1 661 1 732 1 741 1 665 1 124 3 59 2 544 1 26 1 587 1 865 1 84 1 584 1 43 1
55 12 15 303 2 535 1 557 1 732 1 741 1 665 1 128 2 129 2 40 6 398 1 399 1 401 1 832 1 682 1 43 1
67 15 12 163 1 239 1 138 1 351 1 303 2 391 2 661 1 756 2 741 1 665 1 345 1 173 1
101 23 14 209 3 362 1 290 1 303 2 391 2 732 2 741 1 665 1 535 1 346 1 632 1 59 2 306 1 43 1
112 25 13 223 1 303 2 391 2 661 1 665 1 732 2 741 1 478 1 670 1 124 3 129 2 60 1 859 1
//IdTournes NbColis
21 6
//IdColis IdCommandeInColis NbProducts IdProd1 QtyProd1 IdProd2 QtyProd2 ...
116 26 11 280 1 303 2 665 1 535 1 557 2 732 2 96 1 57 3 94 2 40 6 2 1
144 32 15 603 1 290 1 289 1 303 1 665 1 391 2 661 1 756 2 741 1 606 1 376 1 528 1 57 3 94 2 43 1
149 33 13 38 1 209 2 303 2 741 1 665 1 391 2 661 1 756 1 732 1 937 3 973 2 124 2 54 1
167 37 12 38 2 303 2 391 2 665 1 535 1 732 2 741 1 128 2 124 1 129 2 40 3 418 1
182 40 13 830 1 330 1 303 2 665 1 391 2 661 1 732 2 741 1 632 1 124 2 59 2 53 3 261 1
201 44 12 303 2 665 1 391 2 661 1 732 2 741 1 124 3 59 2 53 4 443 2 243 1 371 1
//IdTournes NbColis
22 6
//IdColis IdCommandeInColis NbProducts IdProd1 QtyProd1 IdProd2 QtyProd2 ...
206 45 11 118 1 303 2 391 2 661 1 732 2 741 1 665 1 57 3 94 2 40 5 219 1
236 52 13 303 2 280 1 665 1 535 1 557 1 732 1 669 1 124 3 129 2 40 6 398 1 746 1 253 1
240 53 17 545 1 303 2 665 1 391 1 661 1 732 1 741 1 346 1 476 1 478 1 764 1 128 3 129 2 401 1 726 1 255 1 116 1
244 54 16 351 1 545 1 303 2 665 1 535 1 557 2 741 1 732 2 94 2 8 2 373 1 401 1 28 1 132 1 250 1 10 1
252 56 12 853 1 854 1 303 2 665 1 391 1 661 1 732 1 741 1 94 2 8 3 53 5 260 1
284 63 12 118 1 290 1 303 2 665 1 391 2 535 1 732 2 741 1 57 3 94 2 801 4 39 1
//IdTournes NbColis
23 6
//IdColis IdCommandeInColis NbProducts IdProd1 QtyProd1 IdProd2 QtyProd2 ...
293 65 17 290 1 303 2 391 2 665 1 661 1 741 1 732 2 275 2 632 1 478 1 528 1 57 3 94 1 617 1 185 1 1 1 6 1
321 70 16 808 1 810 2 391 1 303 1 661 1 732 1 741 1 665 1 57 2 94 2 519 1 81 1 445 1 696 1 718 1 566 1
335 74 13 805 1 362 1 303 2 661 1 391 1 732 1 741 1 665 1 376 1 94 2 8 3 40 3 733 1
339 75 13 280 1 303 2 535 1 557 1 732 1 665 1 124 3 129 2 40 6 263 1 418 1 587 1 643 1
343 76 12 303 2 391 1 661 1 732 1 741 1 665 1 275 2 8 3 94 2 40 6 711 1 260 1
2 1 23 81 1 31 1 501 1 495 1 263 1 786 1 712 1 74 1 86 1 884 1 865 1 553 1 83 1 84 1 87 1 77 1 638 1 566 1 382 1 556 1 775 1 255 1 91 1
//IdTournes NbColis
24 6
//IdColis IdCommandeInColis NbProducts IdProd1 QtyProd1 IdProd2 QtyProd2 ...
16 4 22 40 4 28 1 31 1 425 1 373 1 745 1 705 1 29 1 772 1 876 1 744 1 946 1 47 1 556 1 33 1 305 1 386 1 261 1 580 1 681 1 254 1 255 1
21 5 21 53 1 26 1 28 1 404 1 263 2 696 1 692 1 628 1 558 1 684 2 560 1 737 1 757 1 772 1 884 1 50 1 758 1 47 1 556 1 255 1 43 1
48 10 16 118 1 277 2 280 1 270 2 535 1 557 2 575 1 376 1 57 2 94 2 109 1 331 1 560 1 737 1 255 1 857 1
63 14 24 543 1 425 1 560 1 470 1 563 1 565 1 83 1 566 1 562 1 556 1 775 1 305 1 33 1 261 1 785 1 699 1 254 1 255 1 412 1 302 1 304 1 523 1 288 1 567 1
69 15 22 793 1 774 1 108 2 132 1 643 1 872 1 348 1 524 1 126 1 50 1 740 1 382 1 65 1 635 2 165 3 783 1 261 1 688 1 699 1 250 1 255 1 617 1
83 18 25 565 1 556 1 635 1 165 2 33 1 305 1 237 1 353 1 261 1 534 2 911 1 250 1 254 1 255 1 288 1 313 1 282 1 302 1 523 1 877 1 589 1 573 1 253 1 334 2 58 1
//IdTournes NbColis
25 6
//IdColis IdCommandeInColis NbProducts IdProd1 QtyProd1 IdProd2 QtyProd2 ...
97 22 23 792 1 682 1 879 1 203 1 685 1 108 1 98 1 888 1 420 1 645 1 84 1 50 1 773 1 566 1 47 1 556 1 305 1 33 1 337 1 261 1 580 1 255 1 1 1
103 23 24 470 1 246 1 590 1 900 1 415 1 542 1 736 1 524 1 888 1 87 1 740 1 352 1 305 1 694 1 33 1 408 1 261 1 417 1 717 1 254 1 255 1 402 1 473 1 183 1
113 25 24 81 1 306 1 637 1 537 1 373 1 401 1 587 1 33 1 305 2 307 1 51 1 486 1 261 1 417 1 739 1 250 1 304 1 254 1 255 1 311 1 313 1 302 1 523 1 127 1
117 26 25 80 1 109 1 704 1 705 1 634 1 74 1 228 1 405 1 638 1 566 1 33 1 305 1 688 1 703 1 261 1 940 1 288 1 255 1 293 1 302 1 250 1 254 1 483 1 573 1 230 1
122 27 25 556 1 237 1 261 1 717 1 700 1 911 1 302 1 250 1 254 1 288 1 255 1 282 1 715 1 523 1 594 2 573 1 664 1 253 1 322 1 642 1 236 1 18 1 264 2 400 1 232 1
136 30 24 59 1 558 1 559 1 425 2 657 1 28 1 132 1 818 1 643 1 876 1 888 1 946 1 610 1 325 1 261 1 708 1 250 1 254 1 255 1 293 1 311 1 328 1 523 1 828 1
//IdTournes NbColis
26 6
//IdColis IdCommandeInColis NbProducts IdProd1 QtyProd1 IdProd2 QtyProd2 ...
141 31 22 40 6 331 1 537 1 578 1 26 1 28 1 31 1 577 1 83 1 77 1 305 1 33 1 386 1 261 1 302 1 368 1 254 1 255 1 523 1 573 1 288 1 249 1
145 32 24 263 1 383 1 28 1 525 1 587 1 537 1 928 1 643 1 772 1 884 1 101 1 122 1 773 1 382 1 47 1 65 1 556 1 305 1 33 1 694 1 386 1 607 1 255 1 140 1
150 33 20 124 1 129 2 53 4 711 1 68 1 278 1 383 1 263 1 692 1 705 1 28 1 86 1 132 2 763 2 305 1 33 1 261 1 254 1 255 1 222 1
168 37 22 40 3 671 1 672 1 559 1 560 1 28 1 928 1 735 2 74 1 228 1 563 1 352 1 566 1 556 1 47 1 305 1 33 1 261 1 417 1 708 1 534 1 255 1
173 38 21 53 1 469 1 470 1 31 1 587 1 671 1 684 1 405 1 63 1 95 2 228 1 108 2 132 2 420 1 638 1 565 1 708 1 261 1 940 1 255 1 2 1
180 39 36 9 3 393 1 54 5 762 1 291 1 296 1 260 1 355 1 259 1 2 4 360 1 649 1 338 2 702 1 426 1 272 2 192 1 970 2 651 1 918 1 539 1 646 1 225 1 215 1 969 1 222 1 104 1 105 1 850 1 217 1 27 1 213 1 194 2 971 2 197 1 43 4
//IdTournes NbColis
27 6
//IdColis IdCommandeInColis NbProducts IdProd1 QtyProd1 IdProd2 QtyProd2 ...
188 41 23 53 1 537 1 558 1 28 1 929 1 779 1 95 1 865 1 736 1 638 1 50 1 635 1 556 1 305 1 33 1 261 1 534 1 698 2 254 1 288 1 255 1 250 1 43 1
204 44 40 273 2 447 1 448 1 636 1 449 1 58 1 9 3 54 5 183 1 444 1 481 1 359 1 291 1 479 1 260 1 355 1 259 1 2 3 360 1 480 1 482 1 380 1 725 1 727 1 656 1 258 2 62 1 521 1 137 1 114 1 153 1 272 2 714 1 44 1 539 1 34 1 442 2 27 2 89 1 43 5
209 46 17 177 1 269 2 378 1 270 1 575 1 533 1 535 1 128 3 129 2 81 1 455 1 456 1 143 1 306 1 331 1 255 1 43 1
214 47 27 460 1 388 1 692 1 559 1 386 1 261 1 417 1 864 1 531 1 255 1 281 1 429 1 250 1 368 1 254 1 523 1 594 1 573 1 253 1 381 1 858 1 264 1 85 2 35 1 265 1 863 1 43 1
219 48 25 716 1 717 1 261 1 681 1 534 1 698 1 883 1 699 1 254 1 255 1 282 2 271 1 302 1 250 1 368 1 667 1 710 1 573 1 253 1 465 1 677 1 343 1 236 1 663 1 265 1
222 49 16 277 2 280 1 270 2 535 1 557 2 575 1 606 1 128 2 129 2 425 1 558 1 559 1 560 1 66 1 255 1 222 1
//IdTournes NbColis
28 6
//IdColis IdCommandeInColis NbProducts IdProd1 QtyProd1 IdProd2 QtyProd2 ...
237 52 27 748 1 537 1 701 1 559 1 560 1 749 1 31 1 143 1 747 1 750 1 635 1 408 1 703 1 261 1 254 1 374 1 255 1 313 1 271 1 250 1 573 1 322 1 431 1 264 1 9 1 863 1 43 1
249 55 25 560 1 590 1 28 1 946 1 305 1 33 1 484 1 261 1 728 1 486 1 730 1 250 1 254 1 483 1 288 1 255 1 302 1 573 1 683 1 523 1 253 1 416 1 729 1 962 1 265 1
253 56 23 53 1 399 1 578 1 745 1 705 1 558 1 29 1 132 2 83 1 946 1 47 1 486 1 703 1 261 1 237 1 933 1 901 1 785 1 250 1 254 1 255 1 9 1 849 1
266 59 21 53 1 489 1 373 2 263 1 554 1 537 1 682 1 735 1 832 2 470 1 405 1 108 1 553 1 689 1 382 1 775 1 305 1 33 1 386 1 261 1 255 1
295 65 26 610 1 382 1 556 1 325 1 261 1 580 1 717 1 730 1 887 2 738 1 250 1 254 1 255 1 341 1 302 1 523 1 594 1 288 1 641 1 573 1 253 1 334 1 465 1 48 1 265 1 6 1
307 67 22 745 1 29 1 101 1 773 1 562 1 680 1 165 2 783 1 353 2 261 1 681 1 728 1 698 2 785 1 250 1 276 1 255 1 511 1 402 1 282 1 523 2 530 1
//IdTournes NbColis
29 6
//IdColis IdCommandeInColis NbProducts IdProd1 QtyProd1 IdProd2 QtyProd2 ...
318 69 22 8 1 53 6 251 1 28 1 31 2 645 1 382 1 556 1 305 1 33 1 261 1 738 1 254 1 255 1 302 1 250 1 523 1 594 1 641 1 573 1 288 1 43 1
329 72 26 53 1 434 1 519 1 525 1 587 1 779 1 643 1 524 1 101 1 77 1 408 1 261 1 708 1 254 1 255 1 250 1 368 1 523 1 594 1 573 1 253 1 64 1 264 1 267 1 9 1 2 1
336 74 27 40 1 373 1 529 1 517 1 793 1 587 1 560 1 746 1 98 1 876 1 685 1 593 1 77 1 261 1 607 1 887 1 255 1 250 1 254 1 573 1 253 1 572 1 264 1 267 1 9 1 1 1 6 1
340 75 24 588 1 701 1 578 1 26 1 888 1 593 1 638 1 83 1 50 1 77 1 875 1 261 1 530 1 255 1 250 1 254 1 364 1 523 1 573 1 664 1 253 1 322 1 326 1 1 1
350 78 15 813 1 289 2 665 1 661 1 624 2 756 2 741 1 770 1 36 1 57 3 94 2 88 1 501 1 255 1 43 1
355 79 22 59 1 40 6 544 1 143 1 818 1 97 1 643 1 122 1 563 1 65 1 386 1 261 1 255 1 250 1 254 1 715 1 573 1 253 1 572 1 264 1 267 2 592 1
//IdTournes NbColis
30 6
//IdColis IdCommandeInColis NbProducts IdProd1 QtyProd1 IdProd2 QtyProd2 ...
363 81 23 124 2 57 1 59 2 373 1 585 1 587 1 187 1 542 1 382 1 305 1 33 1 353 1 261 1 934 1 255 1 341 1 302 1 250 1 254 1 523 1 594 1 664 1 265 1
367 82 24 801 5 40 1 263 1 537 1 529 1 803 1 502 1 593 1 413 1 305 1 386 1 261 1 51 1 255 1 302 1 250 1 368 1 254 1 523 1 594 1 288 1 573 1 877 1 71 1
14 3 28 291 1 136 1 260 1 355 1 548 1 24 1 259 1 2 3 332 1 477 1 653 1 338 2 272 3 539 2 397 2 437 2 646 1 867 1 4 1 21 2 17 1 847 1 222 1 214 1 11 1 19 1 806 1 92 1
25 6 12 545 1 289 2 391 2 756 2 661 1 741 1 665 1 345 1 476 1 478 1 60 6 265 1
50 10 30 249 2 265 1 268 2 273 2 120 1 840 1 856 1 574 1 662 1 112 1 449 1 71 2 113 4 117 1 260 1 259 1 121 1 116 3 111 1 258 2 114 1 119 1 272 2 110 1 539 1 215 1 222 1 115 1 43 3 857 1
62 14 15 155 1 545 1 277 2 280 1 270 2 557 2 535 1 575 1 346 1 57 3 94 1 59 1 154 1 383 1 265 1
//IdTournes NbColis
31 6
//IdColis IdCommandeInColis NbProducts IdProd1 QtyProd1 IdProd2 QtyProd2 ...
71 15 51 45 1 9 3 393 1 766 2 54 5 166 2 218 2 762 1 159 1 291 2 789 1 350 1 260 1 344 1 347 1 548 1 259 1 2 4 294 1 349 1 258 2 114 2 272 3 169 2 539 2 162 1 34 1 168 1 226 1 164 1 4 1 21 1 170 1 442 1 215 1 167 2 171 1 222 1 104 1 609 2 791 1 161 1 157 2 148 1 56 2 27 1 158 2 462 1 172 2 794 3 788 2
76 16 48 722 1 833 1 241 1 257 2 211 1 592 1 286 1 178 3 9 3 298 1 54 5 878 1 292 1 285 1 291 1 296 1 287 1 260 1 259 1 2 4 294 1 653 1 258 2 707 1 119 1 272 2 539 1 32 2 454 1 5 2 167 1 222 1 12 1 70 1 67 2 161 1 174 1 157 1 179 1 217 2 247 2 176 1 11 2 220 2 213 1 140 2 7 3 6 5
85 18 27 241 1 392 1 15 1 257 1 244 3 211 1 433 1 390 1 232 1 9 3 321 1 54 5 291 1 260 1 355 1 259 1 184 1 2 2 338 2 272 2 233 2 734 1 539 1 759 1 17 1 222 1 43 4
99 22 43 561 1 693 2 265 1 268 2 339 1 327 1 314 1 273 2 660 1 833 1 760 1 241 2 317 1 257 1 673 1 336 1 627 1 107 1 73 1 76 1 216 1 584 1 9 3 457 1 652 1 10 1 39 5 131 1 260 1 333 1 259 1 2 3 332 1 335 1 338 2 909 1 62 1 41 1 272 2 668 1 539 1 731 1 1 1
115 25 18 39 2 762 1 291 2 296 1 260 1 224 4 259 1 2 4 409 2 258 2 272 2 44 1 539 1 225 1 226 1 152 1 222 1 43 4
128 28 33 264 1 300 1 581 2 485 2 427 1 693 1 555 1 690 1 916 1 265 1 268 2 297 1 314 1 273 2 579 1 576 1 570 1 636 1 733 1 299 1 112 1 15 1 385 1 211 1 366 1 356 1 955 1 309 1 584 1 9 4 298 1 39 4 2 1
//IdTournes NbColis
32 6
//IdColis IdCommandeInColis NbProducts IdProd1 QtyProd1 IdProd2 QtyProd2 ...
129 28 24 39 1 285 1 291 2 582 1 260 1 355 1 320 1 259 1 2 2 365 1 367 1 421 1 258 2 272 2 781 1 539 1 397 2 222 1 199 1 156 1 245 1 247 1 56 2 43 4
138 30 35 659 1 932 1 61 2 71 4 321 1 654 1 39 5 285 1 291 1 789 1 131 1 324 1 329 1 479 1 260 1 320 1 548 2 259 1 116 4 656 2 409 1 258 2 272 2 651 2 539 1 240 1 780 1 463 1 222 1 198 1 3 1 12 1 157 1 43 5 890 5
174 38 27 254 1 288 1 293 1 302 2 250 1 304 1 530 1 710 1 523 1 573 1 253 1 322 1 465 1 642 1 264 1 300 2 424 1 581 2 265 1 268 2 312 1 314 1 273 2 227 1 471 1 472 1 9 1
183 40 18 53 3 634 2 26 1 832 2 445 1 98 1 872 1 740 1 674 2 84 1 566 1 382 1 65 1 610 1 728 1 933 1 688 1 265 1
194 42 29 85 1 35 1 265 1 268 2 273 2 52 1 754 1 49 1 954 1 9 3 218 1 54 5 166 2 260 1 333 1 259 1 2 4 361 1 258 2 909 1 702 2 272 2 461 1 137 1 539 1 222 1 896 1 217 1 43 3
224 49 31 555 1 561 1 35 1 265 1 268 2 273 2 960 1 403 1 257 1 369 1 356 1 503 1 925 1 71 3 387 1 393 1 113 4 260 1 355 1 548 2 259 1 78 3 332 1 258 2 707 1 272 2 452 1 902 1 539 1 454 1 43 3
//IdTournes NbColis
33 6
//IdColis IdCommandeInColis NbProducts IdProd1 QtyProd1 IdProd2 QtyProd2 ...
229 50 30 574 1 227 1 358 1 915 1 601 1 633 1 356 1 284 2 9 2 39 5 762 1 291 1 789 1 260 1 355 1 259 1 121 2 2 4 258 2 41 1 272 2 539 1 397 1 188 1 974 1 79 1 826 1 222 1 179 1 43 5
234 51 40 690 1 265 1 268 2 273 2 576 1 448 1 447 1 459 1 608 1 366 1 629 1 9 4 207 1 42 1 824 2 39 5 117 1 159 1 260 1 259 1 2 4 111 1 258 2 62 1 272 1 461 1 153 1 868 1 539 1 389 2 234 1 780 1 222 1 214 1 161 1 213 1 821 1 822 2 926 1 43 4
246 54 30 300 1 555 1 581 2 35 1 265 1 268 2 273 2 448 2 574 1 403 1 592 1 9 4 652 1 39 5 789 1 260 1 259 1 2 4 409 1 258 2 707 2 272 2 114 1 539 1 162 1 831 1 222 1 450 1 842 2 43 4
291 64 29 538 1 581 2 690 1 85 2 268 2 273 2 722 1 574 1 723 2 636 1 927 1 71 3 113 5 291 1 582 1 260 1 91 6 355 2 259 1 116 4 258 2 272 2 452 2 539 1 37 1 79 1 618 1 948 1 43 4
297 65 38 54 1 159 1 291 1 260 1 616 2 344 1 493 1 259 1 184 1 2 4 488 1 380 1 653 1 258 2 272 2 44 1 539 1 162 1 437 2 780 1 210 1 215 2 21 1 454 1 189 1 222 1 618 2 3 1 199 1 5 2 615 1 105 1 156 1 619 1 930 1 1 2 7 3 6 3
315 68 43 273 2 660 1 951 1 919 1 952 1 754 1 767 1 574 1 464 1 662 1 673 1 232 1 71 4 414 1 321 2 54 5 291 1 285 1 260 1 355 1 259 1 78 4 258 2 702 1 272 2 651 1 868 1 539 1 389 1 234 1 777 2 168 1 164 1 215 2 222 1 796 1 205 1 156 1 55 2 217 2 247 1 795 1 930 1
//IdTournes NbColis
34 6
//IdColis IdCommandeInColis NbProducts IdProd1 QtyProd1 IdProd2 QtyProd2 ...
327 71 25 379 1 273 1 840 1 754 1 464 1 229 3 71 2 207 1 491 1 709 1 393 1 39 4 444 1 291 1 131 1 479 1 260 1 259 1 78 3 258 1 272 2 539 1 759 1 222 1 43 4
331 73 16 598 1 118 1 177 1 600 1 289 1 391 1 756 1 741 1 661 1 665 1 528 1 57 1 94 2 8 2 40 2 265 1
345 76 36 581 2 538 1 35 1 265 1 268 2 273 2 586 1 567 1 894 2 447 1 686 1 241 1 816 1 673 1 895 2 366 1 627 1 216 1 836 1 9 4 42 1 39 5 259 1 2 4 409 1 258 1 338 1 410 1 272 2 44 1 539 1 3 1 222 1 213 1 194 1 43 5
273 60 48 75 1 833 1 945 1 241 1 432 1 403 1 369 1 584 1 160 2 71 4 491 1 492 1 652 1 10 1 39 5 260 1 355 1 493 1 259 1 78 4 365 1 338 2 272 3 235 1 110 1 889 1 539 2 34 1 234 1 780 2 215 2 837 1 847 1 222 1 826 1 3 1 79 1 198 1 200 1 104 1 12 1 55 1 217 1 451 1 806 1 27 1 89 1 43 5
92 20 25 582 1 136 1 880 1 260 1 259 1 2 3 360 1 372 1 258 1 707 1 272 2 539 1 780 1 454 2 17 1 198 1 3 1 199 1 847 1 200 1 604 1 212 1 27 1 821 1 43 4
161 35 25 387 1 39 2 54 3 287 1 350 1 375 1 260 1 363 1 679 1 259 1 2 3 360 1 367 1 332 1 258 2 410 1 272 2 539 1 34 1 769 1 215 1 210 1 222 1 213 1 43 4
//IdTournes NbColis
35 6
//IdColis IdCommandeInColis NbProducts IdProd1 QtyProd1 IdProd2 QtyProd2 ...
40 8 34 504 1 508 1 294 2 338 3 137 1 272 3 452 2 651 2 539 2 397 4 437 1 509 1 769 1 777 2 780 3 759 1 141 1 3 1 5 2 222 1 609 1 214 1 67 1 245 1 19 1 220 2 140 1 462 1 92 1 1 3 7 3 43 5 941 2 6 4
89 19 13 273 1 71 2 39 5 260 1 259 1 78 4 409 1 338 2 272 2 539 1 222 1 56 1 43 4
124 27 23 338 2 272 2 233 1 235 1 110 1 539 1 240 1 234 1 943 1 164 1 215 1 222 1 79 1 188 1 204 1 5 1 139 1 11 1 220 1 231 2 140 1 92 1 43 4
152 33 28 75 1 833 1 256 1 357 1 9 2 54 4 183 1 285 1 260 1 259 1 2 3 409 2 338 2 521 1 272 2 734 1 539 1 389 1 397 2 777 1 780 1 70 1 245 1 19 1 907 2 140 1 972 2 822 2
175 38 39 394 1 356 1 627 1 309 1 9 3 709 1 54 5 419 1 422 1 522 1 260 1 259 1 2 3 111 1 335 1 421 2 338 2 909 1 707 1 410 1 272 2 452 1 423 1 539 1 924 1 958 1 215 1 222 1 204 1 604 1 156 1 468 1 217 1 179 1 605 1 213 1 89 1 43 5 467 2
185 40 31 833 1 816 1 299 1 449 1 403 1 601 1 286 1 9 3 321 1 39 5 762 1 444 2 789 1 260 1 259 1 2 3 656 2 338 2 272 2 235 1 918 1 539 1 240 1 463 1 442 1 831 1 222 1 105 1 55 1 212 1 43 5
//IdTournes NbColis
36 6
//IdColis IdCommandeInColis NbProducts IdProd1 QtyProd1 IdProd2 QtyProd2 ...
199 43 28 581 2 586 1 579 2 459 1 608 1 241 1 915 1 622 1 601 1 229 3 440 1 516 1 9 4 54 5 131 1 260 1 259 1 2 2 380 1 338 2 272 2 137 1 539 1 437 1 222 1 930 1 931 1 43 5
365 81 18 298 1 10 1 39 5 183 1 260 1 355 2 259 1 78 1 2 3 653 1 338 2 272 2 461 1 430 1 539 1 222 1 795 1 43 5
39 8 29 581 3 784 2 916 2 720 1 268 3 273 3 874 1 142 3 591 1 601 1 433 1 584 1 516 1 9 4 42 1 10 1 54 5 878 3 505 2 507 1 640 1 135 1 136 1 260 1 333 1 355 3 259 2 2 4 111 1
57 12 24 249 1 552 1 690 1 268 2 273 2 317 1 130 1 662 1 403 1 592 1 885 1 9 4 39 5 131 1 260 1 259 1 2 4 380 1 258 2 272 2 734 1 539 1 222 1 43 4
106 23 18 259 1 2 4 332 1 258 2 410 1 521 1 272 2 734 1 539 1 206 3 437 1 595 1 199 1 834 1 222 1 208 1 619 1 43 4
242 53 35 268 2 273 2 760 2 754 1 49 2 449 1 71 4 321 2 39 5 296 1 582 1 375 1 260 1 355 1 259 1 116 3 477 1 409 2 258 2 521 1 272 2 539 1 731 1 32 1 222 1 837 1 70 1 200 2 208 1 839 1 56 1 605 1 89 1 838 1 43 5
//IdTournes NbColis
37 6
//IdColis IdCommandeInColis NbProducts IdProd1 QtyProd1 IdProd2 QtyProd2 ...
262 58 26 63 1 689 1 675 1 946 1 165 2 688 1 261 1 681 1 250 1 304 1 254 1 271 1 573 1 253 1 677 1 343 1 687 1 515 1 621 1 106 1 13 1 295 1 264 1 318 1 267 1 312 1
328 72 12 811 1 812 1 277 2 270 1 535 1 557 1 871 1 575 1 124 3 59 2 53 5 267 1
333 73 31 268 2 273 2 602 1 596 1 459 1 75 1 49 1 686 1 601 1 58 1 45 1 20 1 71 4 925 1 39 5 260 1 259 1 2 4 409 1 258 2 272 2 527 1 539 1 924 1 222 1 5 2 1 3 7 3 197 1 43 5 6 5
364 81 26 288 1 573 1 253 1 666 1 518 1 663 1 817 1 264 2 300 2 424 1 581 2 219 1 835 1 268 2 273 2 591 1 636 1 471 1 394 1 130 1 662 1 403 1 440 1 369 1 955 1 71 4
218 48 21 40 5 455 1 238 1 278 1 418 1 587 2 692 1 737 1 782 1 29 1 643 1 496 1 718 1 77 1 566 1 65 1 149 1 775 1 466 1 694 1 159 1
59 13 18 290 1 277 1 269 1 270 1 535 1 557 1 871 1 575 1 669 1 124 3 59 2 388 1 238 1 132 1 29 1 101 1 566 1 250 1
//IdTournes NbColis
38 6
//IdColis IdCommandeInColis NbProducts IdProd1 QtyProd1 IdProd2 QtyProd2 ...
78 17 17 182 1 827 1 181 1 269 1 378 1 270 1 533 1 535 1 575 1 376 1 669 1 128 2 129 2 373 1 377 1 80 1 749 1
93 21 14 262 1 202 2 269 2 270 1 535 1 871 1 575 1 533 1 59 2 57 3 251 1 263 1 66 1 71 1
158 35 13 906 1 811 1 905 1 904 1 269 2 270 2 535 1 557 2 871 1 575 1 275 1 94 2 411 1
257 57 13 269 2 270 2 535 1 575 1 533 2 871 1 124 3 59 2 40 4 331 1 383 1 587 1 305 1
325 71 16 802 1 202 1 362 1 269 1 378 1 270 1 533 1 535 1 575 1 96 1 124 2 59 2 399 1 331 1 587 2 431 1
366 82 13 802 1 351 1 545 1 269 2 270 2 535 1 557 2 575 1 871 1 346 1 124 3 59 2 956 1
//IdTournes NbColis
39 6
//IdColis IdCommandeInColis NbProducts IdProd1 QtyProd1 IdProd2 QtyProd2 ...
6 2 12 815 1 277 2 280 1 270 2 535 1 557 2 575 1 124 3 59 2 53 4 251 1 11 1
31 7 15 330 1 277 2 280 1 535 1 557 2 732 2 575 1 57 3 59 2 587 1 726 1 701 1 891 1 74 1 78 1
108 24 11 290 1 280 1 277 2 732 2 575 1 535 1 557 2 96 1 94 2 8 3 53 5
131 29 22 545 1 277 2 280 1 575 1 535 1 557 1 732 1 275 1 937 1 124 1 59 1 40 1 443 1 274 1 278 1 560 1 585 1 543 1 587 1 537 1 165 1 229 1
162 36 12 800 1 813 1 277 2 280 1 270 2 535 1 557 2 575 1 94 2 8 3 40 1 935 1
192 42 16 289 2 391 2 665 1 661 1 756 2 741 1 57 3 94 2 434 1 436 1 691 1 637 1 588 1 405 1 9 1 43 1
//IdTournes NbColis
40 6
//IdColis IdCommandeInColis NbProducts IdProd1 QtyProd1 IdProd2 QtyProd2 ...
213 47 12 280 1 270 1 277 2 535 1 557 1 575 1 57 3 59 2 40 6 80 1 28 2 420 1
217 48 13 163 1 262 1 277 2 280 1 270 1 535 1 557 1 575 1 96 1 8 3 94 2 40 1 43 1
226 50 13 810 1 277 2 280 1 270 2 535 1 557 2 575 1 632 1 606 1 94 2 57 3 53 3 975 1
231 51 11 820 1 277 2 280 1 270 2 557 2 535 1 575 1 57 3 94 2 40 5 272 1
248 55 16 177 1 277 2 280 1 270 1 575 1 535 1 557 2 732 1 275 1 124 3 59 2 373 1 585 1 691 1 71 1 78 1
265 59 12 277 2 280 1 270 2 535 1 557 2 575 1 478 1 606 1 59 2 57 3 53 5 539 1
//IdTournes NbColis
41 6
//IdColis IdCommandeInColis NbProducts IdProd1 QtyProd1 IdProd2 QtyProd2 ...
275 61 12 277 2 280 1 270 2 535 1 557 2 575 1 345 1 346 1 57 3 94 2 40 5 215 1
317 69 13 262 1 827 1 277 2 280 1 535 1 557 2 575 1 732 2 512 1 583 1 94 2 8 2 643 1
358 80 16 827 1 277 2 280 1 665 1 535 1 557 2 632 1 124 3 129 2 278 1 28 1 74 1 29 1 638 1 84 1 222 1
347 77 21 533 1 535 1 378 1 540 1 541 1 575 1 124 2 59 2 537 1 81 1 470 1 103 1 108 1 132 1 946 1 352 1 261 1 534 1 271 1 71 1 597 1
43 9 14 8 3 53 6 434 1 26 1 81 2 31 2 143 1 306 1 401 1 517 1 647 1 588 1 97 2 765 1
351 78 24 543 1 517 1 684 1 749 1 460 1 74 1 86 2 542 1 126 1 563 1 566 1 47 1 305 1 33 1 261 1 580 1 288 1 341 1 302 1 250 1 254 1 523 1 573 1 9 1
//IdTournes NbColis
42 6
//IdColis IdCommandeInColis NbProducts IdProd1 QtyProd1 IdProd2 QtyProd2 ...
163 36 20 40 5 696 1 587 1 697 1 28 1 81 1 460 1 99 1 712 1 415 1 674 1 635 1 47 1 305 1 694 1 33 1 386 1 261 1 681 2 250 1
301 66 21 103 1 773 1 352 1 635 2 775 1 337 2 261 1 580 1 534 1 965 1 483 1 412 1 341 1 302 1 523 2 288 1 253 2 381 2 342 1 621 1 966 1
156 34 24 385 2 611 1 190 1 323 1 58 1 390 1 659 1 9 4 612 1 207 1 54 5 260 1 363 1 259 1 614 1 2 3 258 2 272 2 539 1 4 1 32 1 215 1 222 1 43 5
289 64 15 38 1 277 2 270 2 575 1 535 1 557 2 871 1 128 3 129 2 501 1 519 1 401 1 737 1 71 1 43 1
354 79 15 802 1 815 1 545 1 277 2 270 1 535 1 557 1 871 1 575 1 275 1 632 1 882 1 124 3 59 1 232 1
159 35 18 8 3 53 6 558 1 678 1 501 1 529 1 543 1 143 1 888 1 674 1 675 1 676 1 680 1 305 1 413 1 261 1 785 1 9 1
//IdTournes NbColis
43 6
//IdColis IdCommandeInColis NbProducts IdProd1 QtyProd1 IdProd2 QtyProd2 ...
119 26 20 54 3 481 1 131 1 260 1 259 1 2 3 111 1 258 2 702 1 153 1 272 2 651 1 539 1 144 1 222 1 17 2 199 1 12 1 156 1 43 4
7 2 24 705 1 818 1 74 1 643 1 859 1 593 2 84 1 305 1 33 1 261 1 861 1 254 1 288 1 282 1 302 1 523 1 594 1 573 1 860 1 498 1 416 2 253 1 13 1 9 1
44 9 25 103 1 108 1 86 1 643 1 63 1 859 1 898 1 674 1 689 1 149 1 382 1 610 1 580 1 261 1 940 1 368 1 254 2 288 1 282 1 302 1 715 1 683 1 523 1 573 1 9 1
5 1 16 258 1 702 1 272 2 668 1 781 1 731 1 4 1 3 1 5 2 222 1 89 2 92 2 1 3 7 3 43 5 6 4
9 2 15 421 1 258 2 272 2 539 1 397 1 222 1 144 1 12 1 70 1 214 1 247 1 16 1 14 1 115 2 43 5
18 4 26 574 1 721 1 257 1 592 1 45 1 9 4 42 1 39 5 375 1 260 1 259 1 2 4 258 2 41 1 272 2 44 1 539 1 30 2 34 1 943 1 32 1 37 1 3 1 839 1 27 1 43 5
//IdTournes NbColis
44 6
//IdColis IdCommandeInColis NbProducts IdProd1 QtyProd1 IdProd2 QtyProd2 ...
46 9 41 601 1 107 1 950 1 216 2 357 1 516 1 9 3 766 2 54 5 150 3 479 2 260 1 259 1 2 4 111 1 477 1 258 2 707 1 146 1 153 1 272 2 714 1 902 1 913 2 781 1 539 1 759 1 152 1 144 1 79 1 141 1 222 1 618 1 796 1 104 1 105 1 609 2 145 1 148 1 56 1 462 3
61 13 26 273 1 133 1 636 1 754 1 385 1 885 1 71 4 387 1 39 5 582 1 260 1 259 1 614 1 78 3 258 2 62 1 272 2 651 1 781 1 539 1 780 1 222 1 896 1 55 1 56 1 43 5
65 14 30 601 1 369 1 71 4 39 5 117 1 287 1 375 1 260 1 564 1 259 1 78 4 258 2 702 1 707 1 272 2 452 1 235 1 539 1 32 1 215 1 454 1 5 1 79 1 222 1 156 1 157 1 16 2 11 1 27 1 43 5
80 17 23 273 1 586 1 211 1 369 1 592 1 371 1 71 3 113 4 878 1 183 1 375 1 260 1 355 1 259 1 78 3 372 1 380 1 258 1 272 2 539 1 454 1 5 1 43 4
95 21 29 256 1 257 1 622 1 601 1 107 1 71 2 766 1 39 5 869 2 201 1 260 1 259 1 78 2 258 2 272 2 539 1 226 1 188 1 222 1 870 1 615 1 217 1 174 1 11 1 19 1 220 2 462 3 197 1 43 5
143 31 17 260 1 259 1 2 4 409 1 372 2 258 2 272 2 235 1 193 1 539 1 780 1 222 1 176 1 19 1 115 1 821 1 43 4
//IdTournes NbColis
45 6
//IdColis IdCommandeInColis NbProducts IdProd1 QtyProd1 IdProd2 QtyProd2 ...
147 32 27 384 1 284 1 71 2 39 5 183 1 260 1 344 1 259 1 24 1 78 4 258 2 272 2 137 1 235 1 539 1 646 1 777 1 222 1 3 1 604 1 609 1 468 1 605 1 450 1 220 1 89 1 43 4
170 37 25 856 1 449 1 256 1 895 1 369 1 836 1 390 1 9 4 10 1 54 5 260 1 259 1 2 4 258 2 62 1 272 2 539 1 162 1 32 1 210 1 37 1 222 1 16 1 89 1 43 5
208 45 31 314 1 273 2 897 1 574 1 358 1 449 1 633 1 9 4 54 5 218 1 260 1 259 1 2 4 409 1 258 2 272 2 452 1 44 1 539 1 867 1 152 1 215 1 37 1 222 1 205 1 104 1 174 1 115 1 451 1 450 1 43 5
313 68 23 643 1 772 1 86 1 203 1 513 1 736 1 873 1 563 1 674 1 750 1 83 1 77 1 773 1 689 1 566 1 382 1 149 1 305 1 325 1 33 1 261 1 417 1 617 1
320 69 30 9 4 612 1 207 1 10 1 39 5 640 1 522 1 419 1 296 1 285 1 479 1 260 1 259 1 121 1 2 4 409 1 258 2 62 1 272 2 539 1 144 1 222 1 826 1 17 1 205 1 200 1 115 1 450 1 825 1 43 3
323 70 35 790 1 662 1 286 1 71 4 393 1 113 4 522 1 260 1 259 1 24 1 116 4 482 1 258 2 521 1 272 2 192 2 902 1 539 1 34 1 234 1 731 1 226 1 164 1 442 1 222 1 809 1 104 1 609 1 67 1 55 1 115 1 605 1 92 1 172 1 43 4
//IdTournes NbColis
46 6
//IdColis IdCommandeInColis NbProducts IdProd1 QtyProd1 IdProd2 QtyProd2 ...
369 82 15 39 4 260 1 493 1 259 1 78 4 258 2 272 2 193 1 551 2 539 1 595 1 210 1 222 1 956 1 43 5
300 66 18 8 2 53 6 306 1 537 1 263 1 554 1 774 1 737 1 779 1 469 1 26 1 109 1 841 1 154 1 405 1 74 1 228 2 363 1
276 61 23 40 1 28 1 66 1 456 1 373 1 628 1 735 1 63 1 228 1 132 1 405 1 494 1 513 1 630 1 750 1 47 1 610 1 556 1 305 1 33 2 261 1 688 1 254 1
73 16 12 163 1 177 1 290 1 289 2 665 1 661 1 624 2 756 2 741 1 94 2 8 3 299 1
232 51 20 40 1 383 1 682 1 460 1 455 1 154 1 228 1 674 2 77 1 122 1 305 1 33 1 386 2 486 1 261 1 417 1 681 1 534 1 237 1 43 1
312 68 17 512 1 528 1 124 3 59 2 383 1 278 1 634 1 373 1 529 1 543 1 682 1 80 1 28 2 798 1 735 1 502 1 250 1
//IdTournes NbColis
47 6
//IdColis IdCommandeInColis NbProducts IdProd1 QtyProd1 IdProd2 QtyProd2 ...
153 34 13 239 1 613 1 289 2 391 2 661 1 756 2 741 1 665 1 478 1 606 1 670 1 57 3 406 1
96 22 15 290 1 289 2 624 2 661 1 756 2 741 1 665 1 478 1 94 2 57 3 331 1 684 1 31 1 250 1 2 1
126 28 21 40 4 28 1 31 1 246 1 248 1 331 1 274 1 418 1 278 1 585 1 401 1 587 2 697 1 537 1 98 1 132 1 884 1 524 1 50 1 304 1 43 1
271 60 19 8 1 711 1 399 1 331 1 274 1 590 1 712 1 469 2 26 1 99 1 246 1 63 1 132 2 180 1 872 1 638 1 83 1 382 2 453 1
1 1 15 93 1 289 2 624 2 756 2 741 1 661 1 665 1 669 1 8 3 94 2 88 1 80 1 28 1 250 1 91 1
11 3 15 741 1 665 1 478 1 528 1 8 3 94 2 53 6 684 1 470 1 798 1 900 1 502 1 63 1 29 1 250 1
//IdTournes NbColis
48 6
//IdColis IdCommandeInColis NbProducts IdProd1 QtyProd1 IdProd2 QtyProd2 ...
27 6 21 921 1 68 1 66 2 637 1 425 1 373 1 398 1 401 1 587 1 647 1 726 1 63 1 772 1 643 2 872 1 638 1 65 1 33 1 305 1 250 1 78 1
37 8 21 95 1 97 2 98 1 502 1 405 2 643 1 101 1 83 1 50 1 674 1 566 1 680 1 783 1 486 1 261 1 785 1 911 1 237 1 875 2 250 1 941 1
202 44 23 243 1 26 1 28 1 445 1 388 1 418 1 691 1 726 1 697 1 559 1 560 1 228 1 643 2 674 1 149 1 556 1 165 2 33 1 305 1 261 1 698 1 250 1 222 1
102 23 14 124 3 53 6 278 1 251 1 628 1 748 1 745 1 588 1 537 2 558 1 684 1 242 1 81 3 74 1
178 39 22 40 4 251 1 647 1 537 1 425 1 401 1 587 2 735 1 28 1 470 1 143 1 405 1 29 1 86 1 83 1 382 1 165 1 305 1 33 1 386 1 276 1 43 1
36 8 15 764 1 96 1 94 2 8 3 31 1 99 2 506 1 306 1 625 2 782 1 684 1 634 1 682 2 841 1 462 1
//IdTournes NbColis
49 6
//IdColis IdCommandeInColis NbProducts IdProd1 QtyProd1 IdProd2 QtyProd2 ...
294 65 21 94 1 388 1 81 1 460 1 425 1 628 1 543 1 418 1 278 1 587 1 745 1 671 1 560 1 786 1 735 1 132 1 757 1 563 1 740 1 565 1 620 1
299 66 14 181 1 123 3 289 2 391 2 665 1 661 1 756 2 741 1 345 2 583 1 655 1 94 2 8 1 966 2
10 3 10 262 1 846 1 820 1 848 1 22 3 289 3 624 2 661 1 756 2 410 1
154 34 22 94 2 404 1 398 1 81 1 637 1 529 1 671 1 672 1 928 1 560 1 405 1 63 1 773 1 556 1 305 1 33 1 408 1 783 1 261 1 534 1 703 1 140 1
227 50 21 53 3 599 1 537 1 558 1 634 1 398 2 735 1 929 1 560 1 28 1 643 1 74 1 103 1 132 1 593 1 635 1 305 1 33 1 386 1 261 1 698 1
285 63 21 801 2 263 1 682 1 697 1 634 2 242 1 28 2 246 1 405 1 884 1 87 1 305 1 33 1 408 1 261 1 580 1 739 1 254 1 288 1 279 1 776 1
//IdTournes NbColis
50 6
//IdColis IdCommandeInColis NbProducts IdProd1 QtyProd1 IdProd2 QtyProd2 ...
42 9 12 151 1 147 1 289 2 665 1 661 1 624 2 756 2 741 1 275 1 94 4 8 1 357 1
68 15 16 346 2 476 1 478 1 770 1 94 2 8 3 306 1 559 1 398 1 263 1 587 2 31 1 109 1 792 1 639 1 462 1
197 43 20 306 2 469 1 445 1 751 1 263 1 696 1 405 1 29 1 103 1 685 1 77 1 563 1 740 1 261 1 534 1 752 1 728 1 753 1 699 1 617 1
82 18 20 243 1 187 1 242 1 28 1 31 2 109 1 543 1 554 1 558 1 634 1 735 2 228 1 98 1 865 1 101 1 718 1 84 1 50 1 352 1 2 1
35 8 14 262 1 134 1 138 1 600 1 289 2 624 2 665 1 661 1 756 2 741 1 623 1 478 1 68 1 6 1
81 18 11 186 2 289 2 624 2 661 1 756 2 741 1 665 1 57 3 59 2 53 4 243 1
//IdTournes NbColis
51 6
//IdColis IdCommandeInColis NbProducts IdProd1 QtyProd1 IdProd2 QtyProd2 ...
87 19 12 289 2 391 2 661 1 756 2 741 1 665 1 94 2 57 3 40 6 558 1 71 1 43 1
196 43 11 289 2 661 1 391 2 756 2 741 1 665 1 96 1 124 3 59 2 40 6 2 1
270 60 14 903 1 118 1 545 1 665 1 289 2 624 2 661 1 756 2 741 1 606 1 36 1 60 1 94 2 8 2
280 62 15 289 2 665 1 624 2 661 1 756 2 741 1 124 3 59 2 495 1 748 1 554 1 537 1 737 1 445 1 43 1
305 67 10 957 1 802 1 797 1 177 1 624 3 289 3 665 2 661 1 756 1 54 1
311 68 13 799 1 800 1 797 1 290 1 289 2 391 2 665 1 661 1 756 2 741 1 346 1 632 1 11 1
//IdTournes NbColis
52 3
//IdColis IdCommandeInColis NbProducts IdProd1 QtyProd1 IdProd2 QtyProd2 ...
121 27 18 8 3 53 6 238 1 529 1 543 1 625 1 263 1 554 1 634 1 588 1 749 1 737 1 735 1 757 1 718 1 763 1 773 1 162 1
100 22 29 814 1 21 1 170 1 210 1 215 1 188 1 204 1 3 1 199 1 5 2 205 2 189 1 222 1 826 1 609 1 55 1 174 1 157 1 247 1 161 1 56 1 451 1 220 1 92 1 1 1 7 3 197 1 43 5 6 5
26 6 9 69 5 59 2 128 4 191 3 57 3 195 1 920 1 921 2 43 1
