//NbTournees
34
//IdTournes NbColis
1 6
//IdColis IdCommandeInColis NbProducts IdProd1 QtyProd1 IdProd2 QtyProd2 ...
26 7 14 263 2 184 1 256 1 204 1 213 2 516 1 245 1 252 1 192 1 185 2 203 2 90 1 210 2 88 1
34 9 11 42 1 209 1 184 2 206 2 188 1 191 2 289 1 248 5 291 1 61 1 64 2
62 15 21 209 1 494 1 184 2 206 1 188 1 191 2 286 1 211 1 241 2 18 1 244 1 381 3 141 1 274 1 230 1 231 1 234 1 249 1 250 1 130 1 64 3
68 17 13 38 1 209 1 184 2 206 1 275 1 188 1 191 2 550 1 239 1 257 1 215 2 267 2 221 1
78 20 21 38 1 209 1 184 1 206 1 188 1 191 1 63 1 160 1 482 1 460 1 476 1 211 1 218 1 316 1 407 1 440 1 480 1 483 1 270 1 237 1 196 1
82 22 21 209 1 184 2 206 1 188 1 191 2 492 1 291 1 495 1 493 1 423 1 211 1 241 1 437 1 497 1 327 1 162 1 230 1 231 1 296 1 250 1 501 1
//IdTournes NbColis
2 6
//IdColis IdCommandeInColis NbProducts IdProd1 QtyProd1 IdProd2 QtyProd2 ...
84 23 17 38 1 260 1 255 1 184 2 206 1 445 1 188 1 191 2 531 1 163 1 535 1 441 1 211 1 477 1 241 1 538 1 64 2
91 25 22 58 1 260 1 184 1 206 1 188 1 191 1 349 1 489 1 460 1 496 1 95 1 211 1 218 1 490 2 368 1 195 1 419 1 237 1 499 1 196 1 190 1 64 1
97 28 19 38 1 209 1 184 2 206 1 187 1 213 2 338 1 487 1 488 1 299 1 211 1 294 1 241 1 407 1 287 1 244 1 226 1 234 1 64 1
99 29 14 38 1 176 1 209 1 184 2 204 1 187 1 213 2 63 2 312 1 460 1 211 1 78 1 198 2 61 1
101 30 10 38 1 209 1 184 3 206 2 187 1 213 3 175 1 431 2 308 1 40 1
106 32 19 146 1 208 1 184 2 204 1 187 1 213 2 308 1 291 1 306 1 471 1 211 1 266 1 475 1 197 1 270 1 205 1 180 1 230 1 68 1
//IdTournes NbColis
3 6
//IdColis IdCommandeInColis NbProducts IdProd1 QtyProd1 IdProd2 QtyProd2 ...
108 33 19 42 1 209 1 179 1 184 1 329 1 206 1 254 1 295 1 188 1 191 1 199 1 461 1 211 1 198 1 351 1 195 1 212 1 244 1 49 1
110 34 21 42 1 181 1 209 1 184 1 206 1 188 1 191 1 239 1 484 1 485 1 456 1 491 1 211 1 293 1 218 1 30 2 226 1 237 1 41 1 126 1 64 2
116 36 18 58 1 183 1 260 1 255 1 184 1 206 1 188 1 191 1 403 1 286 1 360 1 211 1 359 1 393 1 438 1 218 1 182 1 190 1
118 37 13 42 1 56 1 127 1 70 1 74 1 75 1 209 1 184 1 206 1 188 1 191 1 185 1 77 1
121 38 13 38 1 208 1 184 2 204 1 187 1 213 2 238 3 245 1 629 1 460 1 214 2 478 1 64 1
123 39 13 38 1 209 1 623 1 184 2 206 1 187 1 213 2 189 1 220 1 636 2 248 1 247 1 496 1
//IdTournes NbColis
4 6
//IdColis IdCommandeInColis NbProducts IdProd1 QtyProd1 IdProd2 QtyProd2 ...
126 40 13 58 1 208 1 184 2 204 1 240 1 187 1 213 2 492 1 567 2 87 3 216 1 214 1 236 1
129 41 16 58 1 209 1 184 2 206 1 188 1 191 2 507 1 567 3 207 1 221 1 219 1 614 1 211 1 194 1 244 1 64 1
132 42 15 38 1 617 1 209 1 184 2 206 1 188 1 191 2 235 1 210 1 215 1 615 1 507 2 242 1 170 2 64 1
134 43 13 42 1 620 1 209 1 184 2 206 1 187 1 213 2 268 1 199 1 248 2 210 1 567 1 456 1
137 44 18 146 1 260 1 184 2 206 1 254 1 188 1 191 2 258 1 247 1 567 1 251 1 611 1 610 1 476 1 211 1 281 1 112 1 64 1
140 45 13 38 1 260 1 172 1 184 2 206 2 264 1 188 1 191 2 238 1 277 1 90 1 262 1 64 5
//IdTournes NbColis
5 6
//IdColis IdCommandeInColis NbProducts IdProd1 QtyProd1 IdProd2 QtyProd2 ...
143 46 17 38 1 209 1 184 2 204 1 187 1 213 2 253 1 220 1 572 1 93 1 257 1 215 1 282 1 604 1 521 1 607 1 64 1
146 47 15 58 1 209 1 184 2 204 1 187 1 213 2 602 1 283 1 532 1 159 1 19 2 463 1 211 1 293 2 16 1
149 48 17 42 1 260 1 184 1 206 1 275 1 295 1 188 1 191 1 289 1 63 3 285 1 476 1 211 1 294 1 218 1 195 1 64 1
232 78 22 146 1 209 1 412 1 184 1 206 1 188 1 191 1 63 2 211 1 477 1 218 1 212 1 237 1 196 1 234 1 249 1 474 1 200 1 479 1 61 1 527 2 478 1
234 79 27 58 1 260 1 184 1 206 1 188 1 191 1 335 1 211 1 198 1 194 1 244 1 196 1 234 1 243 1 249 1 474 1 200 1 320 1 190 1 61 1 33 2 35 2 60 1 62 2 65 1 32 1 64 4
236 80 26 209 1 184 1 206 1 188 1 191 1 338 1 199 1 473 1 211 1 218 1 30 1 196 1 474 1 200 2 190 1 169 1 61 1 33 2 35 2 60 1 62 2 65 2 67 1 68 1 64 5 3 1
//IdTournes NbColis
6 6
//IdColis IdCommandeInColis NbProducts IdProd1 QtyProd1 IdProd2 QtyProd2 ...
12 3 24 211 1 297 1 197 2 212 1 243 1 249 1 250 1 474 1 466 1 304 1 22 1 61 1 33 2 35 2 60 1 62 2 65 2 67 1 68 1 43 2 44 1 64 4 177 1 3 2
151 49 13 42 1 208 1 256 2 204 1 187 1 213 2 518 1 286 3 322 1 487 1 524 1 251 1 211 1
152 49 24 251 1 488 1 460 1 214 2 281 1 198 1 197 2 314 2 276 1 193 2 525 1 89 1 196 1 231 1 234 1 243 3 249 1 296 1 250 1 436 2 190 2 61 1 33 2 35 1
154 50 9 146 1 208 1 597 1 255 2 256 3 204 2 187 1 213 2 251 1
155 50 19 213 1 338 1 291 1 398 1 360 2 380 3 251 1 571 1 460 1 581 1 214 3 211 1 391 1 218 1 281 1 241 1 400 1 428 1 12 1
38 10 13 298 2 329 2 395 1 253 3 403 2 252 1 352 2 305 1 220 1 311 2 302 1 114 1 64 1
//IdTournes NbColis
7 6
//IdColis IdCommandeInColis NbProducts IdProd1 QtyProd1 IdProd2 QtyProd2 ...
53 13 9 146 1 208 1 621 3 298 2 204 1 187 1 154 4 199 2 113 1
71 18 13 146 1 208 1 412 1 298 3 204 2 329 1 187 1 421 1 418 1 417 1 289 1 61 1 64 1
95 27 18 42 1 208 1 505 1 263 1 298 2 204 1 187 1 460 1 242 1 214 2 95 1 211 1 511 1 465 1 483 1 197 1 193 1 64 5
104 31 18 146 1 181 1 208 1 298 1 204 1 433 1 295 2 187 1 468 1 282 1 214 1 211 1 218 1 237 2 503 1 231 1 22 1 64 1
158 51 16 208 1 298 2 204 2 187 1 309 1 235 2 583 1 312 1 210 1 291 1 322 1 215 2 247 1 582 1 214 2 22 1
160 52 13 42 1 319 1 301 1 208 1 298 2 204 2 187 1 570 1 291 2 322 1 307 1 469 1 299 1
//IdTournes NbColis
8 6
//IdColis IdCommandeInColis NbProducts IdProd1 QtyProd1 IdProd2 QtyProd2 ...
163 53 13 42 1 208 1 298 3 204 2 187 1 308 1 291 1 322 1 575 1 463 1 315 2 581 2 214 1
166 54 16 58 1 319 2 208 1 298 2 204 1 187 1 545 1 330 1 312 1 492 2 291 1 161 1 214 1 553 1 85 1 3 1
169 55 17 42 1 301 1 208 1 505 1 263 1 298 1 204 1 187 1 291 2 567 1 336 1 460 1 339 1 214 1 335 1 512 1 340 1
238 81 25 146 1 208 1 298 2 204 1 187 1 20 1 214 2 211 1 453 1 197 1 227 1 152 1 196 1 243 1 249 1 474 1 190 1 340 1 61 1 35 2 46 2 60 1 62 1 513 1 3 1
59 14 18 352 1 305 1 311 2 302 1 323 1 185 2 203 2 300 1 349 1 310 2 321 2 492 1 202 1 299 1 306 2 214 1 136 2 113 1
60 14 36 140 1 211 1 393 1 438 1 341 1 198 2 346 2 381 1 276 1 288 1 325 1 227 3 41 1 249 1 296 1 250 1 466 1 200 1 340 1 61 1 33 2 35 2 60 1 62 2 65 2 67 1 68 1 32 1 129 1 117 1 149 1 541 1 139 1 128 2 106 1 64 5
//IdTournes NbColis
9 6
//IdColis IdCommandeInColis NbProducts IdProd1 QtyProd1 IdProd2 QtyProd2 ...
76 19 30 185 1 203 1 300 1 310 1 321 1 159 1 202 1 299 1 219 1 211 1 218 1 351 1 270 1 237 2 98 1 196 1 328 1 234 1 200 1 190 1 168 2 61 1 33 1 35 2 60 1 62 2 65 1 67 1 68 1 64 3
171 56 21 58 1 208 1 256 1 204 1 187 1 213 1 338 1 330 1 332 1 299 1 331 1 214 1 476 1 211 1 560 1 218 1 428 2 198 1 212 2 64 4 3 1
173 57 17 252 1 352 2 305 1 311 2 302 1 323 1 185 2 203 2 300 1 310 2 333 2 321 2 322 1 202 1 326 1 299 1 84 1
31 8 20 414 1 423 1 429 1 435 1 342 3 430 1 214 2 232 2 211 1 410 1 281 1 241 2 437 1 426 1 182 2 197 1 212 2 107 3 41 1 64 1
66 16 35 247 1 536 2 313 1 211 1 393 1 198 1 143 1 212 1 314 1 244 1 381 1 237 1 343 1 196 1 132 1 328 1 427 1 249 1 439 1 320 1 190 1 130 5 138 1 156 1 22 1 61 1 33 2 35 2 60 1 62 2 65 2 67 1 153 1 145 1 144 1
2 1 21 204 1 445 1 187 1 252 1 352 2 185 2 203 2 349 1 322 1 202 1 446 1 448 1 469 1 336 1 460 1 463 1 214 2 399 1 211 1 1 1 21 1
//IdTournes NbColis
10 6
//IdColis IdCommandeInColis NbProducts IdProd1 QtyProd1 IdProd2 QtyProd2 ...
6 2 14 25 1 418 1 403 1 252 1 352 2 305 1 311 2 302 1 323 1 185 3 203 3 300 1 310 3 14 1
10 3 12 42 1 55 1 56 1 70 1 74 1 75 1 125 1 127 1 213 1 63 1 252 1 399 1
14 4 13 42 1 56 1 70 1 74 1 75 1 125 1 127 1 252 1 192 1 23 1 305 1 311 1 302 1
30 8 19 73 1 256 2 204 1 187 1 252 1 352 1 185 2 203 1 350 1 344 1 347 1 202 1 640 1 420 1 96 2 99 1 103 1 413 1 12 2
42 10 21 195 3 411 1 270 1 457 2 458 3 325 1 227 3 98 1 41 2 394 2 94 1 328 1 231 2 427 1 243 1 450 1 249 1 296 2 459 3 33 1 112 1
45 11 12 42 1 56 1 127 1 70 1 74 1 75 1 125 1 319 1 208 1 256 1 252 1 64 2
//IdTournes NbColis
11 6
//IdColis IdCommandeInColis NbProducts IdProd1 QtyProd1 IdProd2 QtyProd2 ...
51 12 22 256 1 204 1 252 1 352 1 93 1 185 2 203 2 322 1 202 1 360 1 601 3 214 2 211 1 182 1 197 1 108 1 217 2 237 1 230 1 231 1 126 1 64 2
58 14 12 38 1 56 1 127 1 70 1 73 1 75 1 125 1 309 2 252 1 338 1 352 1 214 1
87 24 13 38 1 56 1 125 1 127 1 70 1 73 1 75 1 256 1 268 1 252 1 192 1 305 1 61 1
112 35 12 58 1 56 1 125 1 71 1 72 1 73 1 75 1 263 1 528 1 252 1 192 1 305 1
114 35 21 325 1 227 4 328 1 230 1 231 1 234 1 243 1 249 1 296 1 250 1 345 1 61 1 60 1 33 2 35 2 62 2 65 2 67 1 101 1 68 1 537 3
176 58 12 42 1 56 1 70 1 74 1 75 1 125 1 643 1 127 1 252 1 352 1 305 1 302 1
//IdTournes NbColis
12 6
//IdColis IdCommandeInColis NbProducts IdProd1 QtyProd1 IdProd2 QtyProd2 ...
179 59 14 146 1 56 1 70 1 74 1 125 1 127 1 252 1 192 1 305 1 311 1 302 1 323 1 185 2 584 1
11 3 22 192 1 305 1 311 1 545 1 302 1 323 1 185 2 203 2 300 1 308 1 310 2 321 2 202 1 19 1 562 1 460 1 423 1 214 2 565 1 170 1 12 1 64 1
15 4 31 361 1 323 1 185 1 203 1 300 1 199 1 310 1 321 1 20 1 202 1 566 1 358 1 389 1 456 1 211 1 359 1 293 1 563 1 218 1 357 1 237 1 457 1 227 1 328 1 229 1 230 1 234 1 427 1 249 1 356 1 64 1
18 5 19 225 1 305 1 311 1 302 1 323 1 185 2 203 2 300 1 365 1 310 2 321 2 202 1 469 1 19 3 612 1 211 1 438 1 27 1 39 1
22 6 16 125 1 71 1 72 1 73 1 192 1 225 1 305 1 311 1 52 1 302 1 323 1 185 2 203 2 300 1 310 2 64 1
39 10 13 424 2 323 1 185 3 350 3 300 1 199 1 330 1 310 3 321 3 91 2 97 2 202 1 218 1
//IdTournes NbColis
13 6
//IdColis IdCommandeInColis NbProducts IdProd1 QtyProd1 IdProd2 QtyProd2 ...
46 11 10 256 2 204 2 187 1 213 3 364 1 403 1 352 2 185 3 203 3 92 1
65 16 12 63 2 305 1 311 2 302 1 323 1 185 3 203 3 300 1 310 3 321 3 291 2 202 1
88 24 20 311 1 302 1 323 1 185 2 203 2 300 1 354 1 310 2 321 2 202 1 257 1 468 1 306 1 447 1 214 2 443 2 444 1 456 1 211 1 169 1
113 35 19 311 1 302 1 323 1 185 2 203 2 300 1 310 2 321 2 322 1 202 1 532 1 530 1 211 1 400 3 483 2 198 3 244 1 276 1 64 5
177 58 19 311 1 323 1 185 2 348 1 350 2 300 1 310 2 312 1 321 2 202 1 133 1 214 2 408 3 211 1 606 1 324 3 196 1 61 1 64 3
183 60 32 302 1 323 1 185 1 203 1 300 1 199 1 310 1 321 1 211 1 218 1 368 1 314 1 237 1 229 1 230 1 231 1 234 1 243 1 249 2 296 1 250 1 200 1 190 1 61 1 33 1 35 2 60 1 62 2 65 1 67 1 68 1 64 4
//IdTournes NbColis
14 6
//IdColis IdCommandeInColis NbProducts IdProd1 QtyProd1 IdProd2 QtyProd2 ...
186 61 20 561 1 302 1 323 1 185 2 203 2 300 1 310 2 321 2 202 1 468 2 19 2 564 1 358 1 211 1 294 2 281 1 212 1 193 1 196 1 61 1
190 62 18 467 2 628 2 211 1 294 3 218 1 246 1 363 4 451 1 440 2 633 2 606 1 198 1 362 1 327 1 197 2 381 1 205 1 33 1
180 59 27 203 2 300 1 310 2 321 2 202 1 19 1 214 2 232 1 476 1 211 1 324 2 143 1 353 2 39 1 197 1 381 1 230 1 231 1 243 1 249 1 296 1 250 1 61 1 33 2 35 2 50 1 144 3
64 16 13 42 1 56 1 70 1 74 1 75 1 125 1 127 1 301 1 192 2 225 1 63 1 151 1 144 1
195 63 29 428 1 351 1 630 1 195 1 197 1 212 3 381 1 370 1 237 1 334 1 230 1 231 1 249 1 296 1 250 1 436 2 627 1 61 1 33 1 35 2 60 1 62 2 65 1 67 1 68 1 120 1 57 1 106 1 64 5
240 82 22 301 1 208 1 256 1 204 1 187 1 213 1 238 1 460 1 214 1 506 1 510 1 512 1 211 1 218 1 480 1 237 1 196 1 234 1 243 1 249 1 200 1 190 1
//IdTournes NbColis
15 6
//IdColis IdCommandeInColis NbProducts IdProd1 QtyProd1 IdProd2 QtyProd2 ...
75 19 14 42 1 56 1 125 1 127 1 70 1 74 1 75 1 192 1 225 1 305 1 311 1 302 1 323 1 64 2
119 37 33 192 1 225 1 203 1 199 1 239 1 248 1 202 1 223 1 521 1 211 1 218 1 201 2 186 1 217 1 237 1 539 1 499 1 229 1 249 1 200 1 61 1 33 2 35 2 60 1 62 2 65 2 67 1 153 1 68 1 635 1 587 1 513 1 64 5
25 7 12 58 1 26 1 56 1 71 1 72 1 73 1 69 1 208 1 255 1 263 1 187 1 85 1
50 12 12 42 1 56 1 125 1 127 1 70 1 74 1 75 1 208 1 494 1 256 1 187 1 171 1
80 21 20 146 1 208 1 256 2 204 1 187 1 308 2 515 1 161 1 214 2 514 1 521 1 211 1 198 1 30 1 197 1 230 1 231 1 234 1 249 1 165 1
93 26 18 38 1 208 1 172 1 256 2 204 1 187 1 213 2 523 1 63 1 214 2 211 1 198 1 174 1 197 1 193 1 170 1 21 1 64 1
//IdTournes NbColis
16 6
//IdColis IdCommandeInColis NbProducts IdProd1 QtyProd1 IdProd2 QtyProd2 ...
188 62 12 146 1 208 1 256 3 204 2 433 1 187 1 286 2 415 1 235 1 431 1 283 1 456 1
193 63 10 38 1 208 1 256 3 204 2 187 1 213 3 199 2 354 1 159 1 428 1
197 64 14 42 1 208 1 256 2 204 2 187 1 213 1 312 2 375 1 280 1 214 2 211 1 197 4 145 1 64 1
199 65 13 42 1 208 1 256 2 204 1 187 1 213 2 374 1 567 3 371 1 624 1 214 2 211 1 241 2
201 66 14 38 1 208 1 256 2 204 2 187 1 213 2 63 1 214 2 377 1 211 1 293 1 271 2 212 1 457 1
203 67 11 58 1 208 1 623 1 256 2 204 1 187 1 213 2 63 4 380 2 214 1 626 1
//IdTournes NbColis
17 6
//IdColis IdCommandeInColis NbProducts IdProd1 QtyProd1 IdProd2 QtyProd2 ...
206 68 20 208 1 256 2 204 1 187 1 309 1 220 1 308 1 312 2 492 1 380 1 592 1 242 1 306 1 594 1 214 2 211 1 198 1 182 1 212 1 196 1
208 69 16 38 1 208 1 596 1 255 1 256 1 204 1 390 1 187 1 213 1 63 2 382 1 380 1 493 1 233 1 214 1 230 1
211 70 14 42 1 208 1 256 2 204 1 329 1 187 1 213 2 561 1 431 1 283 1 312 2 571 1 214 1 211 1
214 71 11 38 1 208 1 256 3 204 2 187 1 213 3 309 1 199 1 291 1 215 1 190 1
217 72 14 38 1 208 1 494 1 256 2 204 1 187 1 213 2 385 2 380 1 387 1 603 3 605 1 598 1 21 2
220 73 16 208 1 256 2 204 1 187 1 213 2 421 2 289 1 210 1 291 1 383 1 397 1 529 1 482 2 261 1 214 1 77 1
//IdTournes NbColis
18 6
//IdColis IdCommandeInColis NbProducts IdProd1 QtyProd1 IdProd2 QtyProd2 ...
223 74 15 38 1 208 1 597 1 256 2 204 1 187 1 213 2 613 1 382 2 384 1 392 1 133 1 389 1 214 1 21 2
225 75 13 146 1 208 1 256 2 204 1 187 1 213 2 401 1 460 3 242 2 591 1 214 2 211 1 197 1
228 76 19 58 1 638 1 208 1 256 1 204 1 404 1 187 1 213 1 405 1 214 1 408 2 521 1 556 1 211 1 218 1 407 2 197 1 21 2 64 1
230 77 16 58 1 208 1 256 2 204 1 187 1 213 2 333 2 398 1 402 1 19 1 406 1 625 1 214 2 211 1 61 1 21 1
242 83 25 42 1 208 1 256 1 204 1 187 1 213 1 63 1 507 1 214 1 211 1 218 1 509 1 237 2 227 1 450 1 200 1 61 1 33 1 35 2 60 1 62 2 65 1 67 1 68 1 66 1
100 29 24 195 1 230 1 231 1 243 1 472 1 249 1 190 1 118 2 60 1 33 2 35 2 62 2 65 2 67 1 68 1 470 1 110 1 145 1 40 2 43 2 44 1 144 5 64 5 177 2
//IdTournes NbColis
19 6
//IdColis IdCommandeInColis NbProducts IdProd1 QtyProd1 IdProd2 QtyProd2 ...
3 1 28 246 1 440 1 290 1 453 1 197 1 269 2 458 1 227 1 334 1 427 1 249 1 250 1 439 1 200 1 190 1 15 1 61 1 33 2 35 2 60 1 62 2 65 2 67 1 68 1 57 2 53 1 10 1 64 4
8 2 34 609 2 197 1 381 1 224 1 434 1 457 2 193 2 205 1 24 1 234 1 427 1 249 1 439 1 200 1 320 1 190 1 61 1 35 2 46 2 60 1 62 2 65 2 67 1 68 1 16 2 32 2 59 1 51 4 6 1 17 1 2 2 50 1 12 1 64 5
23 6 28 321 2 248 1 202 1 360 1 380 2 460 1 593 1 406 1 318 1 18 1 244 1 270 1 227 1 196 1 328 1 369 1 231 1 234 1 243 1 249 1 250 1 190 1 61 1 33 2 35 2 60 1 62 2 6 1
32 8 30 276 1 419 2 41 2 196 1 119 1 234 1 427 1 249 1 439 1 304 3 190 1 61 1 35 2 46 2 60 1 62 2 65 2 67 1 101 3 37 2 68 1 122 3 526 2 80 1 113 3 116 2 53 1 84 1 109 1 64 4
48 11 29 115 1 224 4 237 2 193 2 205 1 196 1 366 1 229 1 427 1 249 1 250 1 439 1 200 2 320 1 190 2 355 2 61 1 33 2 35 2 60 1 79 1 62 2 65 2 67 1 68 1 559 1 171 1 170 1 64 1
56 13 28 474 2 436 2 190 1 156 4 61 1 527 2 33 2 35 2 60 1 62 2 65 2 67 1 101 2 155 3 68 1 32 3 110 1 59 2 157 5 147 2 122 2 137 2 113 1 171 2 142 1 84 1 64 4 177 1
//IdTournes NbColis
20 6
//IdColis IdCommandeInColis NbProducts IdProd1 QtyProd1 IdProd2 QtyProd2 ...
74 18 25 439 1 320 2 190 1 35 2 60 1 62 2 65 2 67 1 153 2 68 1 59 1 148 1 576 1 117 2 51 3 158 1 49 3 113 1 82 2 48 1 14 2 553 3 84 1 578 1 64 3
79 20 15 234 1 249 1 474 1 200 1 190 1 61 1 33 2 35 2 60 1 62 2 65 2 67 1 68 1 36 1 64 5
86 23 16 296 1 250 1 540 1 190 1 33 1 60 1 35 2 62 2 65 2 67 1 86 1 68 1 171 2 10 1 64 2 12 3
89 24 26 442 1 464 1 198 1 411 1 276 1 193 1 41 1 196 1 328 1 230 1 231 1 234 1 243 1 296 1 250 1 190 1 33 2 35 2 60 1 62 2 65 2 67 1 34 1 68 1 166 1 64 5
94 26 20 196 1 369 1 230 1 231 1 243 1 249 1 296 1 250 1 466 1 190 1 520 1 61 1 33 2 35 2 60 1 62 2 65 2 67 1 68 1 64 4
96 27 16 196 1 234 1 200 1 190 1 61 1 35 2 46 2 60 1 62 2 65 2 67 1 155 1 68 1 40 2 43 2 44 1
//IdTournes NbColis
21 6
//IdColis IdCommandeInColis NbProducts IdProd1 QtyProd1 IdProd2 QtyProd2 ...
109 33 17 196 1 234 1 243 2 249 1 190 1 61 1 60 1 33 1 35 2 62 2 65 1 67 1 101 1 34 1 68 1 157 1 64 4
124 39 31 228 1 211 1 198 1 244 1 205 1 196 1 230 1 231 1 234 1 249 1 250 1 436 1 134 1 200 1 190 1 156 2 61 1 33 2 35 2 60 1 62 2 65 2 67 1 81 1 86 1 68 1 8 1 117 1 149 1 123 1 64 5
130 41 24 224 5 193 2 205 1 196 2 230 1 234 1 243 1 249 2 296 1 250 1 190 1 61 1 33 2 35 2 60 1 62 2 65 2 67 1 155 1 68 1 137 1 139 2 106 3 64 4
133 42 24 233 1 211 1 246 2 212 1 244 1 217 1 196 1 230 1 231 1 243 1 249 2 296 1 250 1 190 1 222 1 61 1 33 2 35 2 60 1 62 2 65 2 67 1 68 1 64 4
141 45 30 544 1 211 1 428 1 269 2 278 1 196 1 230 1 236 3 231 1 234 1 243 1 249 2 296 1 250 1 200 1 190 3 29 2 61 1 33 2 35 2 60 1 62 2 65 2 67 1 37 1 558 1 68 1 16 2 32 1 554 2
144 46 29 521 1 476 1 95 1 211 1 279 1 483 1 271 1 273 1 265 1 244 1 193 2 41 1 230 1 231 1 234 1 243 1 249 1 296 1 250 1 190 1 61 1 33 2 35 2 60 1 62 2 65 2 67 1 68 1 64 4
//IdTournes NbColis
22 6
//IdColis IdCommandeInColis NbProducts IdProd1 QtyProd1 IdProd2 QtyProd2 ...
156 50 29 198 2 595 1 197 3 212 1 381 1 237 1 196 1 366 1 229 6 450 1 250 2 94 2 134 2 320 1 190 1 61 1 33 2 35 2 60 1 62 2 65 1 81 2 114 1 113 1 128 1 14 1 84 1 64 5 537 2
164 53 28 581 1 214 2 456 3 512 1 211 1 573 1 218 1 78 1 351 1 195 1 197 1 314 1 381 1 217 1 196 1 243 1 249 1 296 1 250 1 320 1 190 1 33 2 35 2 538 1 147 2 137 1 586 1 139 3
167 54 30 214 1 521 1 441 1 556 1 211 1 511 1 241 1 437 1 426 1 198 1 557 1 39 1 197 2 212 1 276 1 539 1 41 1 196 1 230 1 231 1 234 1 243 1 249 1 296 1 250 1 320 2 190 1 61 1 33 1 35 2
170 55 29 337 1 211 1 218 1 197 1 314 1 237 1 457 1 334 1 196 1 234 1 249 1 474 1 439 1 200 1 190 1 61 1 33 1 35 2 60 1 62 2 65 1 67 1 68 1 32 1 9 1 147 1 139 1 568 1 64 5
174 57 34 534 1 219 1 214 2 211 1 241 1 437 1 483 1 195 2 212 1 180 2 196 1 328 1 234 1 243 2 249 1 296 1 250 1 134 1 200 1 320 1 190 1 22 2 61 1 33 2 35 2 60 1 62 2 65 2 67 1 68 1 117 1 14 2 64 5 177 2
187 61 18 328 1 366 1 230 1 231 1 388 1 234 1 243 1 249 1 250 1 190 1 522 1 33 2 35 2 60 1 62 2 65 2 67 1 68 1
//IdTournes NbColis
23 6
//IdColis IdCommandeInColis NbProducts IdProd1 QtyProd1 IdProd2 QtyProd2 ...
191 62 26 539 1 41 1 234 1 243 1 249 1 296 1 250 1 459 1 634 3 200 4 190 2 522 1 632 3 29 2 33 1 35 2 60 1 62 2 65 2 67 1 155 1 631 1 68 1 576 1 478 2 64 3
202 66 24 212 1 381 1 196 1 372 1 376 1 378 1 379 1 243 3 249 1 439 1 200 1 190 1 522 1 130 1 61 1 33 2 35 2 60 1 62 2 65 2 67 1 68 1 123 1 64 5
207 68 20 212 1 276 1 227 3 376 1 243 1 249 1 296 1 250 1 474 1 200 1 190 1 61 1 33 2 35 2 60 1 62 2 65 2 67 1 68 1 64 5
212 70 30 214 1 318 1 281 1 464 1 198 1 351 1 197 1 276 1 196 1 230 1 243 1 249 2 296 1 250 1 134 2 190 1 585 1 61 1 33 1 35 2 60 1 62 2 65 1 67 1 68 1 16 1 32 1 538 1 589 1 64 5
221 73 35 214 1 313 1 533 1 211 1 359 1 218 1 428 1 198 2 381 2 276 1 269 1 193 1 539 1 196 1 230 1 231 1 296 1 250 1 134 1 200 1 190 3 156 2 61 1 33 2 35 2 60 1 62 2 65 2 67 1 68 1 112 1 53 1 12 1 64 5 3 1
229 76 21 197 1 288 1 237 1 539 1 196 1 234 1 249 1 627 1 200 1 190 1 340 1 61 1 33 2 35 2 60 1 62 2 65 2 67 1 68 1 64 4 177 1
//IdTournes NbColis
24 6
//IdColis IdCommandeInColis NbProducts IdProd1 QtyProd1 IdProd2 QtyProd2 ...
55 13 20 324 3 428 1 143 1 303 2 39 3 637 2 197 1 381 5 276 1 152 2 41 1 132 2 134 1 249 1 296 1 250 1 462 3 466 1 474 1 64 1
204 67 31 214 1 521 1 574 1 211 1 241 1 483 2 198 1 303 1 259 1 197 1 381 2 457 3 227 2 230 1 234 1 249 2 296 1 627 1 134 1 61 1 33 2 35 2 60 1 62 2 65 2 67 1 68 1 552 1 123 1 150 1 64 5
17 5 11 42 1 56 1 70 1 74 1 75 1 125 1 127 1 621 2 367 1 192 1 64 2
73 18 27 359 2 293 1 438 1 579 2 218 1 480 1 273 1 426 2 324 1 39 1 11 1 509 1 327 1 195 3 197 2 314 1 381 1 270 1 419 1 237 1 196 1 229 1 236 1 427 1 249 1 33 1 64 1
102 30 17 291 2 360 2 284 2 444 1 519 1 408 2 211 1 218 2 198 2 195 3 244 1 237 2 434 2 227 3 41 1 22 1 64 1
182 60 13 58 1 26 1 56 1 69 1 71 1 72 1 73 1 309 1 192 1 225 1 305 1 311 1 202 1
//IdTournes NbColis
25 6
//IdColis IdCommandeInColis NbProducts IdProd1 QtyProd1 IdProd2 QtyProd2 ...
185 61 13 38 1 56 1 73 1 75 1 125 1 127 1 70 1 641 1 192 1 225 1 305 1 311 1 64 5
224 74 23 581 1 214 1 461 1 211 1 393 1 475 2 198 1 327 1 193 2 231 1 249 1 296 1 250 1 61 1 33 2 35 2 60 1 62 2 65 2 67 1 68 1 568 1 64 5
135 43 38 280 1 261 1 534 1 211 1 438 1 509 1 212 1 244 1 269 1 270 1 193 2 205 1 274 2 499 1 41 1 230 1 231 1 243 1 249 1 296 1 250 1 459 1 134 1 22 1 619 1 61 1 33 2 35 2 60 1 62 2 65 2 67 1 68 1 508 1 616 1 116 1 64 5 3 2
215 71 32 214 3 441 1 211 1 218 1 198 1 197 1 381 1 237 1 434 1 193 1 227 1 196 1 230 1 231 1 450 2 249 1 296 1 250 1 522 1 22 1 61 1 527 1 33 2 35 2 60 1 62 2 65 2 67 1 68 1 481 1 526 1 64 5
47 11 21 333 1 202 1 215 1 397 1 495 1 19 1 460 1 463 1 546 1 549 1 214 3 95 1 521 1 211 1 359 1 279 2 407 1 198 1 195 3 197 2 64 2
85 23 24 241 2 281 1 407 2 475 1 324 2 428 1 290 1 287 2 244 1 381 1 141 1 288 1 274 1 227 5 196 1 229 1 230 1 231 1 234 1 243 1 249 1 61 1 33 1 64 1
//IdTournes NbColis
26 6
//IdColis IdCommandeInColis NbProducts IdProd1 QtyProd1 IdProd2 QtyProd2 ...
117 36 20 11 1 314 2 196 1 504 1 249 1 200 1 61 1 60 1 33 2 35 2 62 2 65 2 67 1 68 1 122 2 508 1 17 1 139 3 170 1 64 5
122 38 21 232 1 95 1 211 1 241 1 195 3 197 1 234 1 249 1 130 1 22 2 61 1 33 2 35 2 60 1 62 2 65 2 67 1 68 1 83 1 170 1 64 3
127 40 30 214 1 228 3 456 3 211 1 195 3 197 1 226 1 227 1 229 1 236 1 234 1 130 2 61 1 33 1 35 2 60 1 62 2 65 1 67 1 68 1 32 1 145 1 40 2 43 1 44 1 117 1 49 1 109 1 64 5 177 1
138 44 26 198 1 272 2 244 1 226 1 276 2 227 2 196 1 230 1 231 1 234 1 249 1 296 1 250 1 134 2 22 1 61 1 33 2 35 2 60 1 62 2 65 2 67 1 153 1 68 1 618 1 64 4
27 7 30 202 1 452 2 214 2 517 1 211 1 428 1 198 2 197 1 212 2 270 1 276 1 230 1 243 3 250 1 61 1 33 2 35 2 60 1 62 2 65 2 67 1 68 1 16 2 121 1 124 1 8 1 106 1 85 1 77 2 64 5
159 51 29 313 1 461 1 211 1 438 1 324 1 590 1 197 1 227 1 234 1 249 1 130 1 22 1 61 1 33 2 35 2 60 1 62 2 65 2 67 1 68 1 9 1 526 1 83 1 588 1 53 1 12 2 64 5 3 1 577 1
//IdTournes NbColis
27 6
//IdColis IdCommandeInColis NbProducts IdProd1 QtyProd1 IdProd2 QtyProd2 ...
198 64 29 197 1 212 1 276 3 230 1 234 1 243 1 249 1 250 1 134 1 200 1 29 1 61 1 33 2 35 2 60 1 62 2 65 2 67 1 68 1 40 2 43 2 44 1 157 1 120 2 158 1 552 1 170 1 64 4 537 2
200 65 22 373 1 198 1 197 3 212 2 334 3 243 1 296 1 250 1 156 1 22 2 61 1 33 2 35 2 60 1 62 2 65 2 67 1 68 1 32 3 584 1 576 1 64 5
218 72 27 214 2 211 1 294 3 78 1 198 3 105 1 30 2 608 1 39 1 197 1 212 3 230 1 231 1 243 1 249 2 296 1 250 1 61 1 33 2 35 2 60 1 62 2 65 2 67 1 68 1 137 1 64 5
7 2 20 321 3 202 1 215 1 463 1 414 1 214 3 335 1 232 2 565 1 211 1 359 3 218 1 201 1 428 1 198 1 416 1 432 1 11 2 30 2 31 1
41 10 15 639 2 279 1 241 3 407 3 464 3 273 1 78 2 324 2 428 1 198 2 454 3 105 2 453 1 61 1 120 1
69 17 21 135 1 506 1 136 2 211 1 266 1 547 2 555 2 483 1 198 1 259 1 244 1 276 1 458 1 132 2 229 3 230 1 234 1 243 3 61 1 33 1 64 1
//IdTournes NbColis
28 6
//IdColis IdCommandeInColis NbProducts IdProd1 QtyProd1 IdProd2 QtyProd2 ...
147 47 27 563 1 241 2 198 2 276 1 292 1 227 2 229 2 230 1 231 1 243 1 296 1 250 1 474 1 134 1 61 1 33 2 35 2 60 1 62 2 65 2 67 1 86 3 34 1 68 1 32 1 121 2 64 5
161 52 33 468 1 214 2 574 1 461 1 211 1 393 1 316 1 324 1 198 1 381 1 276 1 317 1 249 1 250 1 200 1 130 3 61 1 33 2 35 2 60 1 62 2 65 2 67 1 68 1 166 1 45 1 508 1 100 1 106 1 587 1 513 1 64 5 3 1
231 77 24 407 1 198 1 557 1 276 1 227 1 180 1 231 1 234 1 243 1 249 1 296 1 33 2 35 2 60 1 62 2 65 2 67 1 68 1 40 2 43 2 44 1 64 5 177 1 3 1
16 4 28 439 1 569 1 304 1 200 1 355 1 22 1 61 1 33 2 35 2 60 1 62 2 65 2 67 1 7 1 34 1 68 1 4 1 16 1 32 1 40 1 43 2 44 1 9 1 45 1 36 1 66 1 47 1 64 4
72 18 19 338 3 531 1 572 1 199 1 291 1 133 1 580 1 460 1 422 1 306 1 582 1 214 3 228 2 377 1 425 1 456 2 574 1 211 1 33 1
81 21 24 296 1 250 1 134 1 304 1 168 1 61 1 33 2 60 1 35 2 62 2 65 2 67 1 68 1 121 1 145 1 40 2 43 2 44 1 148 1 165 2 142 2 170 1 144 5 64 5
//IdTournes NbColis
29 6
//IdColis IdCommandeInColis NbProducts IdProd1 QtyProd1 IdProd2 QtyProd2 ...
36 9 24 407 1 11 2 244 1 224 2 226 1 89 1 543 1 234 1 243 1 249 1 296 1 250 1 200 1 33 1 35 2 60 1 62 2 65 2 67 1 68 1 9 3 117 1 100 1 64 1
105 31 13 234 2 249 1 474 1 200 1 61 1 60 1 33 1 35 2 62 2 65 1 67 1 68 1 64 3
111 34 19 234 1 243 1 474 1 200 1 61 1 60 1 33 2 35 2 62 2 65 2 67 1 68 1 16 1 502 1 8 1 49 1 113 1 171 1 64 2
150 48 18 237 1 230 1 231 1 243 1 249 2 296 1 250 1 200 1 619 1 61 1 33 2 35 2 60 1 62 2 65 2 67 1 68 1 64 4
172 56 21 212 1 314 4 230 2 231 1 234 1 243 1 249 1 296 1 250 1 439 1 200 1 340 1 61 1 33 1 35 2 60 1 62 2 65 1 67 1 68 1 3 1
209 69 28 211 1 391 1 218 1 490 1 373 1 428 1 290 1 386 1 453 3 237 1 231 1 388 1 243 1 249 1 296 1 250 1 200 1 356 3 61 1 33 2 35 2 60 1 62 2 65 2 67 1 68 1 16 1 64 5
//IdTournes NbColis
30 6
//IdColis IdCommandeInColis NbProducts IdProd1 QtyProd1 IdProd2 QtyProd2 ...
226 75 32 399 3 294 2 438 1 241 2 599 1 89 2 230 1 231 1 234 1 236 1 243 1 249 1 296 1 250 1 134 1 200 1 130 1 61 1 33 2 35 2 60 1 62 2 65 2 67 1 68 1 4 1 598 2 120 1 80 1 17 1 21 1 64 5
1 1 11 58 1 26 1 56 1 69 1 71 1 72 1 73 1 208 1 256 2 204 1 64 1
54 13 16 257 1 306 2 214 2 461 1 521 1 476 1 211 1 318 2 438 2 281 1 241 3 455 1 464 5 465 1 105 2 142 1
189 62 15 354 1 349 1 210 2 291 2 215 1 409 1 452 2 463 3 207 1 221 1 214 3 456 2 408 2 61 1 64 2
29 8 10 38 1 642 1 56 2 75 1 125 1 127 1 71 1 73 1 208 1 77 2
21 6 8 28 1 38 1 54 1 76 1 600 1 56 1 75 1 211 1
//IdTournes NbColis
31 6
//IdColis IdCommandeInColis NbProducts IdProd1 QtyProd1 IdProd2 QtyProd2 ...
35 9 18 291 1 97 2 360 2 87 1 219 1 102 1 548 2 408 3 551 1 211 1 218 4 241 2 279 1 281 1 407 1 11 1 33 1 64 2
37 10 9 38 1 56 1 125 1 127 1 70 1 73 1 75 1 319 3 211 1
194 63 12 622 1 242 2 214 3 441 2 521 5 628 2 211 1 438 1 241 3 437 3 440 1 84 1
40 10 14 360 1 280 1 413 1 306 3 214 3 228 3 313 1 449 2 456 3 461 2 408 4 279 1 22 1 64 2
43 10 22 436 2 439 1 396 1 104 3 118 2 33 1 35 2 60 1 62 2 65 2 67 1 81 1 86 1 111 3 68 1 110 1 13 2 80 2 49 2 82 1 84 2 64 2
83 22 13 486 1 61 1 33 2 60 1 35 2 62 2 65 2 67 1 68 1 59 1 164 2 167 1 64 5
//IdTournes NbColis
32 6
//IdColis IdCommandeInColis NbProducts IdProd1 QtyProd1 IdProd2 QtyProd2 ...
19 5 25 39 1 244 1 227 1 41 2 231 1 234 1 243 1 249 1 250 1 5 1 29 2 61 1 33 2 35 2 60 1 62 2 65 2 67 1 37 1 68 1 45 1 8 1 49 1 48 1 64 3
70 17 17 249 1 296 1 250 1 459 3 320 1 33 1 35 2 60 1 62 2 65 2 67 1 68 1 131 1 51 2 158 1 542 1 64 4
92 25 13 234 1 249 1 173 1 61 1 33 2 60 1 35 2 62 2 65 2 67 1 68 1 64 4 77 1
107 32 22 234 1 243 1 296 1 250 1 61 1 60 1 33 2 35 2 62 2 65 2 67 1 111 1 37 1 43 2 44 1 40 1 178 1 148 1 147 1 112 1 64 5 177 1
52 12 16 243 2 296 1 250 1 61 1 33 1 35 2 60 1 62 2 65 1 67 1 68 1 16 1 83 1 123 1 64 3 177 1
103 30 24 243 1 249 1 296 1 250 1 173 2 22 1 61 1 60 1 33 2 35 2 62 2 65 2 67 1 111 1 68 1 40 1 43 2 44 1 31 2 147 3 122 3 158 1 53 1 64 4
//IdTournes NbColis
33 6
//IdColis IdCommandeInColis NbProducts IdProd1 QtyProd1 IdProd2 QtyProd2 ...
178 58 13 243 1 296 1 250 1 134 1 33 2 35 2 60 1 62 2 65 2 67 1 68 1 64 2 3 3
98 28 11 249 1 61 1 60 1 33 2 35 2 62 2 65 2 67 1 68 1 498 1 64 3
168 54 4 60 1 62 2 85 1 3 1
63 15 16 61 1 33 2 35 2 60 1 62 2 65 2 67 1 68 1 157 1 149 3 500 1 137 3 139 2 150 1 64 2 12 1
153 49 4 35 1 60 1 79 1 62 1
24 6 5 65 2 67 1 68 1 13 1 64 4
//IdTournes NbColis
34 6
//IdColis IdCommandeInColis NbProducts IdProd1 QtyProd1 IdProd2 QtyProd2 ...
181 59 12 60 1 62 2 65 2 67 1 68 1 13 1 145 1 40 2 43 2 44 1 144 2 64 5
233 78 10 33 2 35 2 60 1 62 2 65 2 67 1 68 1 157 1 84 1 64 5
235 79 1 481 1
67 16 9 68 1 40 2 43 2 44 1 113 1 170 1 50 1 144 3 64 5
5 2 8 42 1 56 2 74 2 75 1 181 1 125 1 127 1 70 1
243 83 1 64 5
