//NbTournees
17
//IdTournes NbColis
1 6
//IdColis IdCommandeInColis NbProducts IdProd1 QtyProd1 IdProd2 QtyProd2 ...
2 1 43 26 1 119 1 169 1 142 1 173 1 159 1 179 1 66 2 82 1 172 1 25 1 31 1 120 1 123 2 133 2 152 2 160 2 161 2 79 1 28 2 9 1 59 1 86 2 63 1 65 2 68 2 69 1 46 1 4 1 58 1 1 1 18 1 19 1 40 2 71 1 85 1 53 3 55 2 5 1 7 3 37 5 62 5 3 1
4 2 21 197 1 84 4 129 1 168 1 29 1 131 2 135 2 144 1 210 1 154 1 119 1 208 1 24 1 141 1 47 1 185 1 138 1 143 1 206 1 21 1 53 1
6 3 21 43 1 56 1 84 1 127 2 168 1 131 2 135 2 175 1 30 1 119 1 122 1 146 1 158 1 24 1 141 2 180 1 167 1 10 1 139 1 156 1 120 1
8 4 26 34 1 84 1 129 1 168 1 78 1 131 2 135 2 144 1 119 1 128 1 153 1 141 2 248 1 389 1 47 1 185 1 138 1 143 1 206 1 66 1 172 1 120 1 123 2 133 2 152 1 6 1
10 5 17 42 1 236 1 398 1 129 2 168 1 131 3 135 3 192 1 229 1 241 1 144 1 210 1 175 1 119 1 166 1 295 1 361 1
13 6 18 41 1 409 1 129 2 237 1 168 1 131 3 135 3 187 1 241 1 119 1 295 1 276 1 22 1 414 1 165 1 412 1 380 1 419 1
//IdTournes NbColis
2 6
//IdColis IdCommandeInColis NbProducts IdProd1 QtyProd1 IdProd2 QtyProd2 ...
16 7 26 398 1 129 1 168 1 183 2 135 2 144 1 91 1 119 1 276 1 390 1 394 1 96 1 141 1 117 2 185 1 138 1 145 1 206 1 172 1 282 1 120 1 123 2 133 2 152 2 160 1 37 1
18 8 24 129 1 168 1 126 1 131 2 135 2 198 1 91 1 119 1 375 1 208 1 166 1 22 1 386 1 92 1 141 1 113 1 370 1 120 1 123 2 133 2 152 2 160 2 104 1 62 1
20 9 22 397 1 118 1 129 2 168 1 29 1 131 2 135 2 175 1 95 1 119 1 404 1 381 1 401 1 32 1 156 1 25 1 120 1 123 2 133 2 152 2 160 1 86 1
23 10 24 144 1 210 2 175 1 207 2 26 1 119 1 195 1 147 1 265 1 157 1 392 1 208 2 166 1 429 1 414 1 121 1 165 1 200 1 416 1 246 1 141 2 151 1 103 1 62 1
26 11 13 42 1 132 2 236 1 171 1 129 2 168 1 288 2 183 3 135 3 239 1 119 1 320 1 421 1
29 12 25 127 2 168 1 29 1 131 2 135 2 192 1 175 1 119 1 265 1 377 1 378 1 121 1 216 1 97 1 113 1 373 1 156 1 120 1 123 2 134 2 152 2 160 2 161 1 63 1 62 2
//IdTournes NbColis
3 6
//IdColis IdCommandeInColis NbProducts IdProd1 QtyProd1 IdProd2 QtyProd2 ...
31 13 23 132 1 129 2 168 1 170 1 290 1 131 2 135 2 144 1 119 1 157 1 121 1 153 1 165 1 464 1 151 1 20 1 163 1 117 1 145 1 120 1 123 2 133 2 63 1
33 14 22 83 1 155 1 171 1 291 2 129 2 168 1 131 2 135 2 137 1 119 1 472 1 121 1 151 1 143 1 21 1 82 1 130 1 177 1 178 1 282 1 25 1 7 1
35 15 24 129 1 164 1 168 1 126 2 131 2 135 2 175 2 136 1 154 1 119 1 149 1 216 1 388 1 141 1 138 1 66 1 124 1 282 2 120 1 123 2 133 2 152 1 28 1 7 1
37 16 23 132 1 129 1 168 1 126 2 131 2 135 2 119 1 128 1 147 1 162 1 166 1 331 1 95 1 276 1 125 1 32 1 97 1 479 1 335 1 480 1 120 1 123 1 7 2
39 17 24 186 1 129 1 168 1 182 1 471 1 183 2 126 2 213 2 119 1 193 1 459 1 214 1 219 1 220 1 307 1 301 1 189 1 209 1 284 1 120 1 123 2 133 1 104 1 37 1
41 18 27 129 1 168 1 126 1 131 2 135 2 187 1 198 1 207 1 119 1 166 1 380 1 217 1 452 1 141 1 204 1 305 1 143 3 8 1 66 1 82 1 205 1 184 1 282 1 120 1 123 2 353 1 302 1
//IdTournes NbColis
4 6
//IdColis IdCommandeInColis NbProducts IdProd1 QtyProd1 IdProd2 QtyProd2 ...
43 19 25 211 1 127 1 168 1 29 1 126 1 131 2 135 2 202 1 136 1 119 1 166 1 473 1 478 1 200 1 216 1 217 1 358 1 138 2 203 1 215 1 282 1 25 1 120 1 123 2 280 1
45 20 21 190 1 83 1 211 1 291 1 129 2 168 1 78 1 131 2 135 2 119 1 208 1 459 1 423 1 218 1 430 1 212 1 24 1 141 1 440 1 358 1 63 1
48 21 25 135 2 192 1 241 1 144 1 175 1 119 1 234 2 320 1 166 1 22 1 458 1 414 1 121 1 230 1 232 1 165 1 342 1 200 1 457 1 218 1 419 1 217 1 151 1 396 1 282 1
52 22 25 411 1 324 1 183 2 126 1 213 2 154 1 119 1 128 1 195 1 392 1 320 1 166 1 295 1 200 1 246 1 245 1 125 1 224 1 141 1 460 1 222 1 228 1 389 2 413 1 456 1
55 23 14 483 1 350 1 211 1 291 4 129 1 168 1 290 2 131 2 135 2 187 1 144 1 119 1 225 1 185 1
58 24 18 43 1 129 2 168 1 78 1 324 1 131 3 135 3 154 1 119 1 320 1 436 1 91 1 442 1 443 1 22 1 262 1 430 1 54 1
//IdTournes NbColis
5 6
//IdColis IdCommandeInColis NbProducts IdProd1 QtyProd1 IdProd2 QtyProd2 ...
61 25 19 83 1 256 1 270 1 129 1 168 1 257 1 428 1 445 1 183 2 126 1 213 2 154 1 119 1 439 1 95 1 250 1 255 2 258 2 420 1
64 26 25 311 1 450 1 129 1 168 1 183 2 135 2 187 1 175 1 119 1 276 1 153 1 96 1 268 1 418 1 419 1 263 1 24 1 141 1 453 1 462 1 252 1 301 1 93 1 47 1 469 1
67 27 21 446 1 132 1 129 1 164 1 168 1 126 1 131 2 135 2 175 1 119 1 254 1 260 1 157 1 208 1 153 1 259 1 444 1 253 1 141 1 40 1 7 1
70 28 18 271 1 127 2 168 1 49 3 251 1 78 1 131 2 135 2 144 1 198 1 210 1 175 1 432 1 119 1 265 1 121 1 165 1 309 1
73 29 15 311 1 227 1 155 2 171 1 56 1 127 2 168 1 264 1 131 3 135 3 154 1 119 1 141 1 242 1 139 1
75 30 26 129 1 168 1 183 1 213 1 119 1 195 1 120 1 123 1 133 1 152 1 160 1 161 1 174 2 11 1 63 1 65 2 68 2 69 1 289 1 283 2 53 3 55 2 87 1 7 1 37 5 62 5
//IdTournes NbColis
6 6
//IdColis IdCommandeInColis NbProducts IdProd1 QtyProd1 IdProd2 QtyProd2 ...
76 31 31 83 1 129 1 168 1 183 1 213 1 119 1 282 1 120 1 123 1 133 1 152 1 160 1 161 1 11 1 63 1 65 2 68 2 69 1 280 1 277 1 1 1 283 2 38 1 53 3 55 2 281 1 286 1 7 2 37 5 62 5 3 1
77 32 31 129 1 275 1 183 1 213 1 119 1 274 1 120 1 123 1 133 1 152 1 160 1 161 1 174 1 148 1 140 1 279 1 63 1 65 2 68 2 69 1 278 1 283 1 90 1 292 1 6 1 53 2 55 2 37 4 62 4 89 1 3 1
78 33 25 129 1 168 1 288 1 183 1 213 1 119 1 245 1 287 1 285 1 284 1 120 1 123 1 133 1 152 1 160 1 161 1 63 1 65 2 68 1 69 1 277 1 53 2 55 2 37 4 62 4
79 34 33 291 1 129 1 168 1 84 1 290 1 183 1 213 1 119 1 276 1 217 1 120 1 123 1 133 1 152 1 160 1 161 1 63 1 65 2 68 2 69 1 280 1 4 1 277 1 1 1 283 1 85 1 53 3 55 2 12 1 7 1 37 4 62 4 89 1
80 35 27 83 1 132 1 129 1 275 1 183 1 213 1 119 1 273 1 245 1 120 1 123 1 133 1 152 1 160 1 161 1 174 1 63 1 65 2 68 2 69 1 1 1 6 1 53 2 55 2 7 3 37 4 62 4
81 36 31 129 1 168 1 183 1 213 1 119 1 173 1 305 1 21 1 120 1 123 1 133 1 152 1 160 1 161 1 309 1 174 2 140 1 63 1 65 2 68 1 69 1 280 1 277 1 109 1 303 1 53 2 55 2 7 2 302 1 37 5 62 5
//IdTournes NbColis
7 6
//IdColis IdCommandeInColis NbProducts IdProd1 QtyProd1 IdProd2 QtyProd2 ...
82 37 36 311 1 127 1 168 1 131 1 135 1 119 1 276 1 32 1 139 1 25 1 120 1 123 1 134 1 152 1 160 1 161 1 174 1 148 1 9 1 304 1 63 1 65 2 68 2 69 1 306 1 39 1 1 1 283 1 19 1 40 1 53 3 55 2 7 1 37 5 62 5 3 1
83 38 33 129 1 168 1 131 1 135 1 119 1 295 1 294 1 138 1 21 1 313 1 25 1 120 1 123 1 133 1 152 1 160 1 161 1 312 3 279 1 300 1 63 1 65 2 68 1 69 1 46 1 2 1 283 2 53 3 55 2 16 1 7 2 37 5 62 5
84 39 31 129 1 168 1 298 1 131 1 135 1 119 1 308 1 218 1 301 1 138 1 240 1 313 1 196 1 120 1 123 1 133 1 152 1 160 1 161 1 11 1 63 1 65 2 68 2 69 1 2 1 38 1 53 3 55 2 7 1 37 4 62 4
85 40 32 42 1 83 1 129 1 168 1 131 1 135 1 136 1 119 1 307 1 299 1 282 1 120 1 123 1 133 1 152 1 160 1 161 1 174 1 148 1 11 1 50 1 63 1 65 2 68 2 69 1 88 1 53 2 55 2 16 1 7 1 37 4 62 4
86 41 31 129 1 275 1 183 1 213 1 119 1 195 1 162 1 297 1 216 1 141 1 293 1 296 1 172 1 120 1 123 1 133 1 152 1 160 1 161 1 310 1 63 1 65 2 68 1 69 1 2 1 19 1 53 2 55 2 76 1 37 4 62 4
87 42 32 323 1 191 1 129 1 168 1 290 1 78 1 131 1 135 1 119 1 325 1 200 1 35 1 120 1 123 1 133 1 152 1 160 1 161 1 174 1 148 1 140 1 63 1 65 2 68 2 69 1 277 1 1 1 19 1 53 2 55 2 37 5 62 5
//IdTournes NbColis
8 6
//IdColis IdCommandeInColis NbProducts IdProd1 QtyProd1 IdProd2 QtyProd2 ...
89 43 32 311 1 318 1 34 1 129 1 168 1 84 1 131 1 135 1 241 1 119 1 320 1 331 1 204 1 326 1 25 1 120 1 123 1 133 1 152 1 160 1 161 1 86 1 63 1 336 2 68 2 69 1 88 1 283 1 53 3 55 2 37 5 62 5
91 44 32 188 1 129 1 168 1 131 1 135 1 207 1 119 1 317 1 315 1 330 1 332 1 209 1 233 1 120 1 123 1 133 1 152 1 160 1 161 1 174 1 148 1 63 1 65 2 68 1 69 1 283 1 73 1 53 2 55 2 302 1 37 4 62 4
92 45 33 129 1 164 1 168 1 29 1 183 1 126 1 135 1 119 1 321 1 141 1 335 1 261 1 244 2 334 1 25 1 120 1 123 1 133 1 152 1 160 1 161 1 28 2 148 1 63 1 65 2 68 2 69 1 53 3 55 2 16 2 7 2 37 5 62 5
94 46 30 129 1 168 1 84 4 333 1 324 1 183 1 213 1 119 1 329 1 314 1 319 1 252 1 316 1 120 1 123 1 133 1 152 1 160 1 161 1 140 1 9 1 63 1 65 2 68 2 69 1 73 1 53 3 55 2 37 5 62 5
96 47 31 340 1 338 1 129 1 168 1 131 1 135 1 119 1 200 1 294 1 328 1 143 1 322 1 327 1 215 1 120 1 123 1 133 1 152 1 160 1 161 1 33 1 63 1 65 2 68 1 69 1 339 1 53 2 55 2 337 1 37 4 62 4
97 48 39 311 1 318 1 291 1 129 1 275 1 183 1 213 1 344 1 119 1 342 1 262 1 246 1 305 1 358 1 172 1 120 1 123 1 133 1 152 1 348 1 161 1 354 2 9 1 63 1 65 2 68 2 69 1 2 1 39 1 1 1 18 1 38 1 85 1 53 3 55 2 286 1 7 1 37 5 62 5
//IdTournes NbColis
9 6
//IdColis IdCommandeInColis NbProducts IdProd1 QtyProd1 IdProd2 QtyProd2 ...
99 49 36 362 1 197 1 129 1 168 1 183 1 213 1 119 1 352 1 113 1 21 1 347 1 364 1 120 1 123 1 133 1 152 1 160 1 161 1 174 1 148 2 140 1 304 1 361 1 104 1 63 1 65 2 68 2 69 1 280 1 4 1 1 1 53 3 55 2 7 1 37 4 62 4
101 50 38 350 1 155 1 129 1 168 1 131 1 135 1 119 1 341 1 346 1 313 1 359 1 25 1 120 1 123 1 133 1 152 1 160 1 161 1 79 1 174 2 148 1 366 1 356 1 59 1 63 1 65 2 68 2 69 1 357 1 277 1 365 1 367 1 368 1 53 3 55 2 114 1 37 4 62 4
103 51 36 129 1 168 1 131 2 135 2 119 1 166 1 345 1 360 1 349 1 201 1 82 1 282 1 25 1 120 1 123 2 133 2 152 2 160 2 161 2 33 1 28 1 343 1 148 1 361 1 63 1 65 1 68 1 69 1 4 1 39 1 18 1 27 1 53 3 55 2 37 5 62 5
105 52 35 129 1 168 1 264 1 288 1 183 2 126 1 213 2 119 1 166 1 151 1 316 1 93 1 282 1 120 1 123 2 133 2 152 2 160 2 161 2 28 1 148 1 300 1 63 1 65 2 1 1 18 1 27 1 363 1 53 3 55 2 12 1 16 1 7 2 37 5 62 5
107 53 25 311 1 83 1 129 1 168 1 288 1 183 2 126 1 135 2 119 1 166 1 351 1 358 1 335 1 138 1 327 1 25 1 120 1 123 2 133 2 152 2 160 2 161 2 309 1 482 1 7 1
109 54 36 190 1 129 1 168 1 183 1 213 1 119 1 383 1 276 1 381 1 217 1 382 1 163 1 138 1 266 1 282 1 272 1 120 1 123 1 133 1 152 1 160 1 161 1 174 2 148 1 140 1 9 1 304 1 361 1 1 1 385 1 18 2 6 1 303 1 7 1 37 4 384 1
//IdTournes NbColis
10 6
//IdColis IdCommandeInColis NbProducts IdProd1 QtyProd1 IdProd2 QtyProd2 ...
111 55 31 127 1 369 1 168 1 264 1 126 1 131 2 135 2 175 1 154 1 119 1 166 1 380 1 388 1 138 1 379 1 120 1 123 2 134 2 152 2 160 2 161 2 9 1 59 1 39 1 18 1 27 2 55 1 7 1 302 1 37 5 3 1
113 56 30 129 1 168 1 183 2 135 2 119 1 166 1 377 1 26 1 380 1 246 1 141 1 374 1 376 1 387 1 282 2 120 1 123 2 133 2 152 2 160 2 161 2 148 3 140 1 277 1 303 1 53 2 55 2 281 1 7 1 37 5
115 57 33 129 1 168 1 126 1 131 2 135 2 207 1 119 1 166 1 95 1 253 1 217 1 371 1 143 1 120 1 123 2 133 2 152 2 160 2 161 2 33 1 148 1 353 1 279 1 306 1 39 1 53 3 55 2 12 1 372 1 302 2 37 5 62 4 3 1
117 58 27 129 1 168 1 264 1 131 2 135 2 144 1 119 1 475 1 399 1 470 1 214 1 141 1 400 1 301 1 185 1 143 1 391 1 247 1 215 1 476 1 272 1 120 1 123 2 133 2 152 2 63 1 37 1
14 6 26 146 1 417 1 420 1 35 1 24 1 141 3 243 1 204 1 32 1 242 2 181 1 228 1 358 1 138 1 51 1 379 1 21 1 82 1 282 1 120 1 123 3 133 3 152 3 160 3 161 3 53 1
24 10 33 243 1 426 1 433 1 274 1 242 1 32 1 181 1 396 1 138 1 373 1 145 1 261 1 201 1 415 1 143 2 82 1 130 1 196 1 94 1 387 1 184 1 98 1 106 1 25 1 272 1 120 1 123 3 133 3 152 3 160 1 63 1 65 1 62 1
//IdTournes NbColis
11 6
//IdColis IdCommandeInColis NbProducts IdProd1 QtyProd1 IdProd2 QtyProd2 ...
5 2 34 172 1 120 1 123 2 133 2 152 2 160 2 161 2 33 1 174 1 14 1 59 1 63 1 65 2 68 2 69 1 75 1 2 1 88 1 39 1 1 1 18 1 27 2 38 1 53 2 55 2 44 1 12 1 87 1 16 2 7 2 37 5 62 5 89 1 3 1
11 5 29 422 1 414 1 121 1 169 1 35 1 420 1 245 1 141 1 151 1 20 1 400 1 185 1 138 1 373 1 54 1 156 1 244 1 266 1 8 1 247 1 322 1 233 1 272 1 120 1 123 3 133 3 152 1 63 1 80 1
27 11 27 416 1 423 1 246 1 418 1 216 1 24 1 141 2 243 1 242 1 93 2 261 1 156 1 143 2 391 1 21 1 130 1 25 1 120 1 123 3 133 3 152 3 160 3 161 3 79 1 28 1 62 2 7 1
34 14 25 120 1 123 2 133 2 152 2 160 2 161 2 174 1 28 1 148 2 59 1 63 1 65 2 68 2 69 1 75 1 27 1 85 1 53 3 55 2 12 2 455 1 16 1 37 5 62 5 89 1
46 20 36 199 1 201 1 156 1 461 1 8 1 205 2 441 1 282 1 120 1 123 2 133 2 152 2 160 2 161 2 174 1 65 2 68 2 69 1 2 1 306 1 467 1 1 1 18 2 19 1 27 1 38 1 363 1 53 3 55 2 108 1 286 1 7 2 302 1 37 5 62 5 3 1
49 21 38 400 1 305 1 462 1 301 1 10 1 93 1 335 1 138 1 373 1 238 1 240 1 261 2 156 1 379 1 143 1 244 1 120 1 221 1 123 2 134 3 152 3 161 3 28 1 63 1 65 2 68 1 454 1 278 1 1 1 18 1 27 2 463 1 53 2 55 2 281 1 7 3 37 5 62 5
//IdTournes NbColis
12 6
//IdColis IdCommandeInColis NbProducts IdProd1 QtyProd1 IdProd2 QtyProd2 ...
53 22 33 358 1 335 1 223 1 407 1 238 1 145 1 415 1 451 1 143 1 244 1 21 1 120 1 123 2 133 2 152 2 160 2 161 2 79 1 28 1 148 1 63 1 65 2 68 1 69 1 39 1 469 1 1 1 15 1 18 1 53 3 55 2 37 5 62 5
56 23 28 208 1 166 2 153 1 216 1 351 1 434 2 24 1 141 1 440 1 242 1 138 1 238 1 240 1 201 1 247 1 441 1 172 1 282 1 25 2 233 1 120 1 123 2 133 2 152 2 160 2 161 1 9 1 7 1
59 24 35 243 1 242 1 32 1 249 1 447 1 138 1 156 1 143 3 244 1 266 1 82 1 130 1 435 1 120 1 123 3 133 3 152 3 160 3 161 3 33 1 28 1 140 1 9 1 63 1 65 2 68 2 69 1 277 1 1 1 53 3 55 2 7 3 37 5 62 5 3 1
62 25 29 200 1 267 1 45 1 269 1 427 1 141 1 113 1 138 1 326 1 120 1 123 2 133 2 152 2 160 2 161 2 148 1 140 1 63 1 65 2 68 2 69 1 75 1 48 1 53 3 55 2 64 1 7 4 37 5 62 5
65 26 36 335 1 185 1 138 2 261 1 143 1 206 2 66 1 456 1 172 1 468 1 272 2 120 1 123 2 133 2 152 2 160 2 161 2 79 1 174 3 148 1 11 1 86 1 63 1 65 2 68 2 69 1 280 1 425 1 1 2 27 2 40 3 53 3 55 2 87 1 37 5 62 5
68 27 33 438 1 335 1 185 1 240 2 66 2 196 1 203 1 215 1 120 1 123 2 133 2 152 2 160 2 161 2 174 1 148 2 63 1 65 2 68 2 69 1 40 1 6 1 53 3 55 2 355 1 281 1 16 1 7 4 302 2 37 5 62 5 89 1 3 1
//IdTournes NbColis
13 6
//IdColis IdCommandeInColis NbProducts IdProd1 QtyProd1 IdProd2 QtyProd2 ...
71 28 42 431 1 141 1 151 1 440 1 401 1 449 1 248 1 335 1 223 1 261 1 156 1 51 1 143 1 21 1 66 1 130 1 120 1 123 2 133 2 152 2 160 2 161 2 105 1 174 1 148 1 63 1 65 2 68 2 69 1 58 1 277 1 19 1 27 1 6 1 303 1 53 3 55 2 355 1 302 1 37 5 62 5 3 3
74 29 28 373 1 120 1 123 3 134 3 152 3 160 3 161 3 105 1 174 1 148 2 140 1 11 1 63 1 65 2 68 2 69 1 280 1 357 1 425 1 27 2 40 1 38 2 53 2 55 2 302 1 37 5 52 1 62 5
7 3 39 143 1 8 1 21 1 66 1 176 1 123 2 134 2 152 2 160 1 161 2 148 1 11 1 13 1 67 1 50 1 63 1 65 2 68 2 69 1 88 1 39 1 1 1 15 1 17 1 18 2 27 2 72 1 71 1 36 1 53 3 55 2 44 1 12 1 87 1 7 1 37 5 52 2 62 5 89 1
38 16 27 123 1 133 2 152 2 160 2 161 2 174 1 148 3 140 1 304 1 63 1 65 2 68 2 69 1 289 1 481 1 283 1 27 2 40 2 6 1 53 3 55 2 12 1 7 1 302 1 37 5 52 1 62 5
47 21 17 350 1 465 1 190 1 235 1 410 1 211 1 409 1 393 1 127 2 164 1 168 1 264 1 126 1 131 3 226 1 53 1 7 1
1 1 16 83 1 74 1 171 1 49 1 129 2 168 1 150 1 60 2 61 2 29 1 131 2 135 2 144 1 175 1 23 1 45 1
//IdTournes NbColis
14 6
//IdColis IdCommandeInColis NbProducts IdProd1 QtyProd1 IdProd2 QtyProd2 ...
22 10 14 99 1 171 1 186 1 188 1 393 1 191 1 129 2 168 1 131 3 135 3 187 1 192 1 239 1 112 1
51 22 17 190 1 311 1 83 1 227 1 231 1 186 1 188 1 409 1 393 1 191 1 408 1 129 1 237 1 275 1 84 2 29 1 136 1
119 59 8 405 1 406 1 217 1 396 1 138 1 293 1 395 1 296 1
40 17 19 133 1 152 2 160 2 161 2 148 3 63 1 65 2 68 1 69 1 2 1 277 1 27 1 40 2 71 1 53 3 55 2 16 1 37 3 62 4
42 18 21 133 2 152 2 160 2 161 2 194 2 104 1 300 2 63 1 65 2 68 2 69 1 280 1 88 1 1 1 18 1 19 1 6 1 53 3 55 2 37 5 62 5
44 19 20 134 2 152 2 160 2 161 2 79 1 28 1 148 1 104 1 86 1 63 1 65 2 68 2 69 1 1 1 38 1 53 3 55 2 87 1 37 5 62 5
//IdTournes NbColis
15 6
//IdColis IdCommandeInColis NbProducts IdProd1 QtyProd1 IdProd2 QtyProd2 ...
15 6 26 33 1 174 3 148 2 140 1 81 1 304 1 63 1 65 2 68 2 69 1 280 1 4 1 27 1 73 1 6 1 48 1 38 2 53 2 55 2 76 1 64 1 87 2 62 5 7 3 37 5 3 1
25 10 25 160 2 161 3 174 2 148 2 140 1 65 1 68 2 69 1 306 1 100 1 1 1 283 1 19 1 40 2 71 1 38 1 101 1 53 3 55 2 114 1 87 2 372 1 62 3 7 3 37 5
30 12 12 161 1 140 1 300 1 65 2 68 2 69 1 39 1 19 1 53 3 55 2 62 3 37 5
57 23 32 161 1 437 1 110 1 174 1 28 1 148 1 140 1 304 1 310 1 361 1 63 1 65 2 68 2 69 1 466 1 88 1 39 1 1 1 283 2 19 1 27 1 100 1 109 1 448 1 111 1 101 1 53 3 55 2 302 1 37 5 62 5 3 1
9 4 27 152 1 160 2 161 2 79 1 33 1 174 1 148 1 14 1 11 1 57 1 63 1 65 2 68 2 69 1 77 1 39 1 27 2 1 2 18 2 38 1 53 3 55 2 44 1 402 1 7 2 37 5 62 5
12 5 21 152 2 160 3 161 3 148 2 65 2 68 2 69 1 75 1 39 1 27 2 18 1 40 1 53 3 55 2 87 1 70 1 62 5 7 4 302 1 37 5 89 1
//IdTournes NbColis
16 6
//IdColis IdCommandeInColis NbProducts IdProd1 QtyProd1 IdProd2 QtyProd2 ...
19 8 18 161 2 148 1 63 1 65 2 68 1 69 1 39 1 283 2 116 2 53 3 55 2 115 1 12 1 62 4 7 3 37 5 89 1 3 1
28 11 24 174 2 148 1 13 1 63 1 65 2 68 2 69 1 280 1 424 1 80 1 4 1 109 1 40 2 102 1 6 1 107 2 53 3 55 2 108 1 286 1 62 3 7 1 302 1 37 5
32 13 34 152 2 160 2 161 2 33 1 174 2 148 1 14 2 9 1 304 1 361 1 353 2 50 1 65 2 68 2 69 1 46 2 306 1 466 1 1 1 27 1 109 1 365 1 71 1 107 1 53 3 55 2 12 1 70 1 455 1 7 2 37 5 62 5 89 2 384 3
36 15 26 152 1 160 2 161 2 309 1 174 1 28 1 148 1 11 1 63 1 65 2 68 2 69 1 289 1 306 1 277 1 1 2 19 1 292 1 477 1 53 3 55 2 108 1 87 1 286 1 37 5 62 5
108 53 22 148 1 14 1 353 1 104 1 63 1 65 2 68 2 69 1 289 1 1 1 18 2 19 1 40 1 53 3 55 2 355 1 7 2 302 1 37 5 62 5 89 1 3 1
118 58 16 160 2 161 2 174 1 148 1 59 1 65 2 68 2 69 1 474 1 425 1 283 1 85 1 53 3 55 2 37 4 62 5
//IdTournes NbColis
17 2
//IdColis IdCommandeInColis NbProducts IdProd1 QtyProd1 IdProd2 QtyProd2 ...
17 7 24 160 1 161 2 79 1 174 1 63 1 65 2 68 2 69 1 280 1 278 1 90 1 27 1 40 2 1 1 18 1 403 1 111 1 85 1 53 3 55 2 402 1 37 4 62 5 89 1
21 9 25 160 1 161 2 105 1 110 1 174 1 11 1 63 1 65 2 68 2 69 1 2 1 4 1 27 2 277 1 1 1 19 1 38 1 53 3 55 2 355 1 62 5 7 4 37 5 89 1 3 1
