//NbTournees
8
//IdTournes NbColis
1 6
//IdColis IdCommandeInColis NbProducts IdProd1 QtyProd1 IdProd2 QtyProd2 ...
1 1 21 114 1 159 1 374 1 390 1 1 1 4 1 13 1 34 1 37 1 52 1 53 1 54 1 61 1 62 1 89 1 92 1 93 1 96 1 102 1 105 1 298 1
11 2 5 204 5 224 6 227 2 199 1 2 1
23 3 30 316 3 200 2 220 1 375 1 442 1 455 1 384 1 206 2 251 1 214 3 247 1 369 1 2 1 64 1 346 1 444 1 193 1 416 1 236 1 318 1 241 1 243 2 256 1 299 2 303 2 308 1 343 1 344 1 276 2 457 1
28 4 13 111 1 144 4 217 1 178 2 198 1 208 2 223 2 190 1 199 1 3 1 37 1 52 1 93 1
6 1 53 314 1 321 2 265 1 458 1 285 2 329 1 451 2 7 1 16 1 17 1 30 1 33 1 42 1 43 1 58 1 95 1 104 1 80 1 81 1 129 1 154 1 165 1 84 1 304 1 371 1 392 1 246 1 275 1 290 1 322 2 349 2 399 2 364 1 305 1 240 1 446 1 317 1 324 2 341 1 345 2 348 1 398 2 401 1 440 1 279 1 292 1 422 1 460 1 245 1 273 1 333 1 347 2 238 1
30 4 17 293 2 352 2 5 1 12 1 116 1 174 1 177 1 179 3 183 1 189 3 202 1 203 3 209 1 215 3 226 1 213 2 254 1
//IdTournes NbColis
2 6
//IdColis IdCommandeInColis NbProducts IdProd1 QtyProd1 IdProd2 QtyProd2 ...
31 4 26 229 2 380 1 255 1 6 1 320 2 57 1 110 2 112 1 119 1 77 1 11 2 168 1 230 1 26 1 27 1 32 1 38 1 41 1 63 2 66 1 98 2 117 1 125 1 82 1 83 1 193 1
32 4 26 146 1 155 1 156 1 162 1 163 1 164 1 383 1 301 1 8 2 231 1 180 1 187 3 201 1 221 2 258 1 360 1 361 1 268 1 25 1 126 1 147 1 316 2 200 1 210 4 36 2 45 1
12 2 9 227 9 72 1 9 1 20 1 59 1 108 1 74 1 152 1 278 1
37 5 11 68 2 111 3 144 4 176 1 72 2 381 1 9 1 20 1 50 1 52 1 254 1
47 6 16 144 2 208 1 72 2 9 1 20 1 67 1 74 1 78 1 107 1 134 2 167 1 278 1 205 3 207 1 212 2 177 1
4 1 42 137 1 367 1 375 1 251 1 122 1 140 1 257 1 260 1 346 1 476 1 10 1 15 1 118 1 123 1 128 1 158 1 376 1 388 1 243 1 276 1 299 1 303 1 308 1 323 1 327 1 256 2 343 2 344 2 354 1 418 1 431 1 362 1 438 1 450 1 453 1 461 1 462 1 463 1 464 1 465 1 469 1 471 2
//IdTournes NbColis
3 6
//IdColis IdCommandeInColis NbProducts IdProd1 QtyProd1 IdProd2 QtyProd2 ...
15 2 31 316 1 60 1 115 1 375 1 403 1 206 2 277 1 214 3 247 1 40 1 47 1 64 1 260 2 346 2 416 1 236 3 318 1 420 1 35 1 266 1 10 1 354 3 358 1 252 1 423 3 49 1 161 1 186 1 191 1 379 1 33 1
33 4 28 45 1 188 1 195 1 206 2 251 1 140 1 277 1 214 4 247 1 64 1 257 2 260 1 346 2 236 2 363 1 318 2 10 1 243 1 256 1 299 1 303 2 308 1 362 3 276 4 358 2 263 2 289 2 113 1
2 1 25 107 1 109 1 120 1 78 1 132 1 134 1 135 1 136 1 152 1 157 1 166 1 167 1 377 1 385 1 386 1 393 1 148 1 149 1 14 1 39 1 90 1 63 1 66 1 97 1 100 1
3 1 31 79 1 124 1 125 1 82 1 127 1 150 2 151 2 153 1 387 1 391 2 46 1 160 1 258 1 372 1 360 1 18 1 31 1 55 1 99 1 131 1 378 1 36 1 45 1 60 3 88 1 91 1 106 1 75 1 115 1 121 1 248 1
5 1 31 19 2 44 2 86 2 328 2 254 2 342 2 470 2 28 1 130 1 280 2 263 2 339 2 289 2 244 1 249 1 252 1 419 1 423 1 87 2 395 2 85 1 161 1 282 2 335 2 337 2 340 2 274 1 283 1 296 2 306 2 313 1
20 3 11 409 1 141 1 21 2 29 2 68 2 144 1 192 1 225 1 185 2 194 1 373 1
//IdTournes NbColis
4 6
//IdColis IdCommandeInColis NbProducts IdProd1 QtyProd1 IdProd2 QtyProd2 ...
36 5 10 23 1 145 1 24 1 141 1 184 1 204 1 227 1 21 1 68 3 320 1
46 6 7 23 3 21 1 366 4 68 1 111 1 172 1 280 1
19 3 7 22 1 133 1 142 2 389 1 409 1 24 1 336 1
27 4 7 22 2 133 1 142 1 145 1 68 1 111 2 185 1
9 2 8 23 1 142 1 24 2 141 2 175 1 184 3 185 1 240 1
14 2 23 320 2 57 1 77 2 26 1 38 1 63 1 82 1 83 1 117 1 383 1 146 1 394 3 155 1 156 1 163 1 301 5 231 1 221 3 360 2 25 1 216 1 316 1 239 1
//IdTournes NbColis
5 6
//IdColis IdCommandeInColis NbProducts IdProd1 QtyProd1 IdProd2 QtyProd2 ...
40 5 22 77 1 196 1 168 1 171 1 26 2 27 1 38 1 63 1 66 1 82 1 83 1 98 3 117 1 156 1 301 5 466 3 180 1 187 1 218 2 258 2 360 2 33 1
48 6 19 212 1 222 1 284 2 293 2 179 1 181 1 183 2 189 2 202 1 203 1 209 1 213 3 215 1 229 3 255 2 320 1 196 1 26 1 216 1
29 4 20 94 1 96 1 107 1 108 1 109 1 78 1 132 1 134 1 149 1 157 1 167 1 278 1 173 1 205 3 207 2 232 2 222 1 212 1 284 1 33 1
34 4 24 289 1 244 1 252 2 357 1 291 1 340 2 296 2 274 1 33 1 43 1 80 1 81 1 364 2 317 3 353 2 245 6 250 7 319 4 312 3 281 2 315 2 288 1 295 1 365 3
42 5 35 346 2 476 1 416 1 236 2 420 1 363 1 436 1 35 1 266 2 243 1 276 1 303 2 354 3 431 1 362 3 438 1 453 1 342 1 358 2 280 1 339 1 234 1 249 1 252 2 419 1 423 3 182 1 191 1 80 2 290 1 317 4 404 1 422 3 239 2 457 1
41 5 24 360 1 51 1 170 1 216 1 316 5 475 1 220 1 210 2 36 1 45 1 115 1 445 2 448 2 455 2 211 1 195 1 197 3 251 1 277 1 103 1 257 2 260 1 346 2 457 1
//IdTournes NbColis
6 6
//IdColis IdCommandeInColis NbProducts IdProd1 QtyProd1 IdProd2 QtyProd2 ...
49 6 36 38 2 63 1 83 1 382 1 383 1 146 1 155 1 301 1 231 1 221 1 258 1 360 1 316 1 75 1 211 1 257 1 346 1 276 1 303 1 263 1 244 1 249 2 252 1 395 1 43 1 80 2 290 1 317 1 250 1 302 3 319 2 271 1 262 2 359 1 295 2 253 1
16 2 20 43 2 80 1 81 1 422 1 239 2 237 7 267 5 269 5 281 1 261 1 412 3 417 7 421 3 426 7 428 5 286 5 359 4 295 1 300 1 253 4
24 3 38 276 1 323 2 354 2 418 1 431 1 362 2 438 1 450 2 461 1 462 2 463 1 464 1 465 1 469 1 471 1 44 1 342 1 328 1 358 2 470 1 263 1 334 1 339 2 415 2 338 2 244 2 249 1 419 1 423 2 395 1 48 1 73 1 408 1 335 2 337 2 282 1 340 2 242 1
38 5 21 56 1 96 1 67 1 101 2 108 1 74 1 78 1 134 1 138 1 143 1 148 1 157 1 173 1 205 1 207 1 139 1 212 1 284 1 293 3 352 1 220 1
39 5 19 352 1 116 1 177 1 179 1 189 2 202 1 209 1 213 1 229 2 215 1 380 1 255 2 474 4 320 5 447 1 57 1 65 1 110 1 220 1
21 3 20 217 1 223 1 208 1 190 1 69 1 71 1 368 1 134 1 407 1 297 1 278 1 205 2 207 2 232 1 169 1 222 1 212 3 284 1 293 1 70 1
//IdTournes NbColis
7 6
//IdColis IdCommandeInColis NbProducts IdProd1 QtyProd1 IdProd2 QtyProd2 ...
25 3 46 265 1 296 1 306 1 274 2 321 1 458 1 285 1 76 1 84 1 370 1 246 1 264 1 290 1 275 2 364 1 240 1 427 1 413 1 440 1 238 3 245 1 410 1 454 1 259 1 261 2 287 1 312 3 281 2 441 1 286 2 262 3 315 2 434 3 359 2 449 1 326 2 270 3 272 2 411 2 429 2 435 1 456 1 472 1 253 1 365 3 439 2
22 3 24 293 2 352 1 174 1 179 1 189 1 202 1 203 1 213 1 229 1 215 1 255 2 320 2 414 1 233 1 219 1 79 1 301 3 466 2 180 1 218 1 221 1 228 1 360 1 473 1
13 2 15 278 1 205 3 232 1 212 2 284 3 293 4 352 1 183 1 203 1 213 1 229 1 215 2 255 2 320 3 359 1
10 2 4 184 5 204 8 208 1 303 1
7 1 50 239 1 437 2 281 1 294 1 312 1 259 2 261 1 406 1 433 1 441 1 468 1 286 1 350 2 396 2 402 1 315 1 262 1 355 1 288 2 325 2 330 2 351 2 356 2 397 2 400 2 359 1 425 2 430 2 449 2 326 1 457 1 467 1 248 1 270 1 272 1 295 2 300 2 307 2 309 2 310 2 331 2 332 2 235 2 424 2 429 2 432 2 435 2 443 2 452 2 456 2
43 5 28 245 4 273 1 302 5 261 4 281 2 312 1 441 3 468 5 286 5 405 1 262 5 315 4 434 2 288 1 359 3 449 1 326 3 457 1 235 2 248 2 272 2 307 3 295 3 300 2 435 1 456 1 472 2 253 2
//IdTournes NbColis
8 1
//IdColis IdCommandeInColis NbProducts IdProd1 QtyProd1 IdProd2 QtyProd2 ...
8 1 6 459 2 472 2 311 2 253 1 365 1 439 1
