//NbTournees
2
//IdTournes NbColis
1 6
//IdColis IdCommandeInColis NbProducts IdProd1 QtyProd1 IdProd2 QtyProd2 ...
2 1 29 89 2 92 1 52 1 65 1 78 1 1 1 7 1 25 1 50 1 62 1 66 2 77 2 37 1 44 2 47 2 59 2 76 2 82 2 84 1 51 1 105 1 106 2 107 3 108 1 176 1 178 2 181 3 183 2 95 1
6 2 29 83 1 34 1 100 1 101 2 104 2 3 1 6 2 24 1 61 1 71 1 2 1 27 1 28 1 92 1 89 1 52 1 78 2 168 2 160 1 1 1 7 1 25 1 31 1 18 1 17 1 112 1 120 1 116 1 33 1
1 1 24 39 1 55 1 179 1 87 1 109 2 38 1 97 1 99 1 22 1 23 1 60 1 74 1 83 1 100 1 101 2 104 2 11 1 81 1 187 1 2 1 19 1 27 1 57 1 102 1
8 2 47 181 3 183 3 16 2 72 2 79 2 129 1 175 1 67 1 135 1 144 1 147 1 153 1 151 1 10 1 58 1 64 1 139 1 86 1 130 1 45 1 4 1 35 1 46 1 48 1 172 1 182 1 70 1 143 1 163 1 121 1 123 1 125 1 155 1 186 2 174 1 126 1 122 1 111 1 140 1 114 1 119 2 127 1 132 1 134 1 137 1 149 2 138 2
7 2 30 136 1 184 1 166 1 50 1 62 1 133 1 66 2 77 2 37 1 44 2 110 1 118 1 30 1 47 2 59 2 76 2 82 2 84 2 113 1 115 1 131 1 173 2 5 1 51 2 105 1 106 2 107 3 108 1 176 1 178 2
3 1 14 183 1 188 1 189 1 16 1 72 2 79 2 175 1 73 1 32 1 69 1 68 1 45 1 8 1 103 1
//IdTournes NbColis
2 5
//IdColis IdCommandeInColis NbProducts IdProd1 QtyProd1 IdProd2 QtyProd2 ...
4 2 10 13 1 36 1 41 1 9 1 39 1 49 1 55 2 171 1 177 2 117 1
11 3 31 166 1 94 1 50 1 62 1 66 1 77 1 37 1 44 1 161 1 12 2 47 2 59 2 75 1 76 1 82 2 84 1 51 1 185 1 105 1 170 1 108 1 183 2 188 1 189 1 16 1 72 2 79 2 180 1 144 1 54 1 14 1
5 2 21 29 3 15 1 42 1 43 1 56 1 87 1 128 2 20 1 21 1 38 1 85 1 97 1 99 1 53 1 22 1 23 1 26 1 63 1 74 1 80 1 169 1
10 3 22 40 1 146 1 158 1 93 1 164 1 91 1 90 1 100 1 101 2 88 1 156 1 157 1 159 2 165 1 154 2 145 1 150 1 98 1 102 1 18 1 96 1 162 1
9 2 6 141 2 142 1 148 1 152 1 124 1 167 1
