//NbTournees
2
//IdTournes NbColis
1 6
//IdColis IdCommandeInColis NbProducts IdProd1 QtyProd1 IdProd2 QtyProd2 ...
2 1 19 51 1 52 1 33 1 71 1 1 1 57 2 67 1 68 1 9 1 16 1 32 1 35 1 45 1 73 1 72 1 79 1 66 2 64 2 70 2
4 2 17 41 1 47 1 2 1 10 1 14 1 20 1 26 1 27 1 40 1 43 2 44 3 50 1 51 1 52 1 18 1 6 1 62 1
1 1 17 77 1 75 1 3 1 7 1 8 1 14 1 17 1 20 1 24 1 25 1 27 1 30 1 40 1 43 2 44 1 50 1 56 2
8 3 25 44 1 49 1 50 1 51 1 52 1 54 1 5 1 34 1 48 1 53 1 60 1 56 2 57 2 67 1 68 1 11 1 4 1 22 1 12 2 63 1 78 1 79 1 66 3 70 3 58 1
7 3 13 80 1 37 1 8 1 14 1 20 2 21 1 23 1 25 2 27 2 31 1 40 2 43 2 44 1
5 2 22 46 1 15 1 42 1 59 1 19 1 38 1 56 2 57 2 67 1 68 1 9 1 11 1 32 1 45 1 61 1 63 2 69 1 55 1 65 1 66 2 64 2 70 2
//IdTournes NbColis
2 3
//IdColis IdCommandeInColis NbProducts IdProd1 QtyProd1 IdProd2 QtyProd2 ...
11 4 11 56 1 67 1 68 1 9 1 11 1 39 1 76 1 45 1 66 1 64 2 70 2
10 4 19 74 1 80 1 13 1 14 1 20 1 27 1 30 1 36 1 40 1 43 2 44 1 50 1 51 1 52 1 29 1 28 1 57 2 56 1 66 1
9 3 1 64 3
