//NbTournees
25
//IdTournes NbColis
1 6
//IdColis IdCommandeInColis NbProducts IdProd1 QtyProd1 IdProd2 QtyProd2 ...
3 1 29 26 1 27 1 308 1 56 1 254 1 7 1 612 1 13 1 98 1 3 1 9 1 14 2 15 2 21 1 23 1 307 1 324 1 325 1 11 1 12 2 607 1 326 1 162 1 284 1 611 1 380 1 4 1 309 1 2 1
173 38 19 386 2 31 1 526 1 46 1 32 2 341 2 13 2 98 2 21 2 23 2 14 3 15 2 603 1 786 1 710 2 11 3 12 1 296 1 502 1
7 2 21 625 1 36 1 403 1 71 1 409 1 669 1 624 1 658 1 650 2 6 1 261 1 499 1 459 1 702 1 404 1 57 1 359 1 816 1 405 1 147 1 542 1
14 3 29 641 1 480 1 392 1 27 1 1 1 56 1 62 1 25 1 63 1 642 1 46 1 53 1 264 1 58 1 614 1 59 1 49 1 15 2 21 1 433 2 383 1 51 1 11 1 12 1 646 1 855 2 162 1 287 1 270 1
18 4 25 357 1 462 1 10 1 605 1 27 1 68 1 1 1 70 1 74 1 76 1 25 1 352 1 308 1 192 2 7 1 360 1 684 1 461 1 58 1 98 1 3 1 14 2 15 2 698 1 273 1
23 5 29 615 1 1 1 70 1 74 1 62 1 76 1 25 1 26 1 251 1 453 1 455 1 308 1 63 1 41 1 46 1 451 1 84 1 58 1 614 1 434 1 49 1 14 1 15 2 433 1 51 1 11 2 12 2 162 1 273 1
//IdTournes NbColis
2 6
//IdColis IdCommandeInColis NbProducts IdProd1 QtyProd1 IdProd2 QtyProd2 ...
28 6 21 93 1 94 1 403 1 184 2 393 1 410 1 411 1 71 1 258 1 496 1 346 1 500 1 375 1 651 1 708 1 547 1 6 2 498 1 499 1 296 1 316 1
9 2 30 32 2 341 2 98 1 14 2 15 2 23 1 406 1 3 1 342 1 307 1 34 1 42 1 44 1 11 2 12 2 165 1 734 1 162 1 96 1 281 1 372 1 37 1 720 1 201 1 497 1 815 1 38 1 40 1 43 1 296 1
15 3 34 55 1 281 1 282 1 284 1 48 1 724 1 517 1 768 1 676 1 269 1 296 3 276 1 294 4 50 1 696 1 857 1 431 1 271 1 432 1 502 3 275 1 255 1 256 1 285 1 288 1 430 1 647 1 854 1 596 1 833 1 266 1 290 1 273 4 267 1
19 4 30 23 1 307 1 710 2 11 2 12 2 348 2 349 2 162 1 345 1 355 2 356 1 456 1 683 1 380 1 75 1 69 1 183 2 704 3 296 4 66 1 72 1 294 5 572 1 65 1 431 1 67 1 19 1 432 1 502 4 73 1
26 6 9 662 1 491 1 370 1 350 1 523 1 748 3 47 2 190 1 23 1
34 7 25 71 1 656 1 657 1 658 1 286 1 659 1 489 1 498 1 101 1 359 1 10 1 661 1 280 1 27 1 1 1 70 1 76 1 25 1 7 1 46 1 341 1 98 1 23 1 296 1 273 1
//IdTournes NbColis
3 6
//IdColis IdCommandeInColis NbProducts IdProd1 QtyProd1 IdProd2 QtyProd2 ...
40 8 31 113 1 388 1 14 2 23 1 15 2 342 1 9 1 406 1 414 1 107 1 11 2 12 2 671 1 337 1 162 1 281 1 345 1 744 1 37 1 4 1 212 1 236 1 111 1 343 1 722 2 48 2 40 1 213 1 769 1 296 3 502 1
46 9 31 46 1 529 1 426 1 691 1 711 1 341 1 811 1 763 1 98 1 14 2 15 2 23 1 162 1 683 1 477 1 744 1 540 1 284 1 444 1 446 1 309 1 121 1 722 1 115 1 118 1 443 1 724 1 97 1 397 1 676 1 502 1
51 10 27 126 1 106 1 76 1 25 1 26 1 1 1 214 1 352 1 308 1 7 1 31 1 41 1 32 2 341 1 98 2 59 1 14 2 15 2 23 1 325 1 710 1 34 1 107 1 128 1 402 2 11 1 273 1
57 11 23 352 1 308 1 7 1 31 1 35 1 779 1 360 1 98 1 14 2 15 2 23 1 21 2 383 1 603 1 324 2 342 2 307 1 107 1 11 2 12 2 162 1 440 1 320 1
63 12 34 428 1 360 1 32 1 98 1 14 2 15 1 23 1 21 1 406 1 653 1 11 2 12 2 652 1 162 1 367 1 345 1 722 1 2 1 369 1 92 1 397 1 296 4 137 1 511 1 294 5 50 2 857 1 65 1 431 1 432 1 502 4 73 1 110 1 649 1
68 13 26 779 1 360 2 840 1 41 1 426 1 32 2 341 1 98 1 23 1 14 2 15 2 406 1 414 1 34 1 413 1 11 2 12 2 680 1 349 1 162 1 683 1 621 1 282 1 355 1 296 1 273 1
//IdTournes NbColis
4 6
//IdColis IdCommandeInColis NbProducts IdProd1 QtyProd1 IdProd2 QtyProd2 ...
72 14 26 547 1 699 1 701 1 429 1 630 1 6 1 143 1 539 1 283 1 146 1 149 1 147 1 531 1 10 1 543 1 637 1 620 1 700 1 1 1 25 1 27 1 7 1 46 1 98 1 23 1 528 1
77 15 39 23 1 307 1 603 1 34 1 107 1 44 1 11 2 12 2 162 1 551 1 355 1 557 1 379 1 152 1 43 1 452 1 600 1 296 3 493 1 72 1 606 1 294 5 155 1 158 1 431 1 432 1 502 4 255 2 256 2 430 1 550 1 548 1 555 1 553 1 338 1 558 1 554 1 291 1 273 5
80 16 32 10 1 738 1 1 1 160 1 25 1 26 1 27 1 692 1 7 1 526 1 98 1 14 1 15 1 23 1 51 1 11 1 12 1 165 1 734 1 162 1 164 1 540 1 514 4 517 2 296 3 72 1 122 1 294 4 511 1 431 1 432 1 502 2
83 17 26 547 1 630 1 631 1 489 1 498 1 289 1 149 1 303 1 330 1 85 1 304 1 10 1 392 1 1 1 70 1 174 1 17 1 76 2 25 1 26 1 27 1 308 1 214 1 56 1 7 1 23 1
88 18 22 98 1 14 2 15 2 23 1 162 1 813 1 380 1 183 1 296 3 294 5 518 1 431 1 187 1 432 1 502 3 255 2 256 2 430 1 64 1 809 1 810 1 273 4
92 19 27 26 1 27 1 56 2 308 1 178 2 7 1 754 1 188 1 461 1 426 1 98 1 23 1 14 2 15 2 799 1 34 1 11 2 12 2 326 1 512 1 802 2 162 1 621 1 477 1 440 1 296 1 593 1
//IdTournes NbColis
5 6
//IdColis IdCommandeInColis NbProducts IdProd1 QtyProd1 IdProd2 QtyProd2 ...
97 20 28 28 1 174 1 76 2 25 1 26 1 27 1 70 1 308 2 7 1 84 1 98 1 14 2 23 1 15 2 9 1 11 2 12 2 162 1 726 1 282 1 362 1 720 1 171 1 722 1 197 1 40 1 296 1 502 1
98 20 45 2 2 183 1 69 1 118 1 213 1 724 1 296 3 66 1 122 1 408 1 511 1 294 5 65 1 33 1 431 1 198 1 19 1 420 1 432 1 502 3 195 2 73 1 421 1 422 1 255 2 672 1 256 1 120 1 430 1 808 1 574 1 806 1 588 1 725 1 719 1 718 1 803 1 597 1 333 1 695 1 554 1 582 1 805 2 804 2 292 4
103 21 38 14 1 15 2 23 1 325 1 34 1 11 2 12 2 162 1 456 1 458 1 367 1 345 1 611 2 201 1 309 1 722 1 202 1 183 2 369 1 296 2 294 5 155 1 696 1 104 1 572 1 431 1 198 1 432 1 502 3 255 2 332 1 256 2 234 1 430 1 492 1 334 1 486 1 273 1
107 22 26 474 1 392 1 28 1 68 1 89 1 1 1 25 1 26 1 308 1 7 1 35 1 41 1 46 1 461 1 451 1 32 1 341 2 98 1 14 2 15 2 23 1 342 1 307 1 324 1 34 1 318 1
113 23 33 461 2 451 1 341 1 98 1 14 2 15 2 23 1 559 1 128 1 11 2 12 2 652 1 326 1 162 1 551 1 560 1 425 1 728 1 309 1 722 1 724 1 296 3 408 1 593 1 294 5 209 1 207 1 431 1 432 1 867 1 502 4 195 1 292 1
117 24 27 1 1 70 1 76 1 25 1 26 1 257 1 308 1 63 1 467 1 32 1 614 1 49 1 14 2 15 2 11 2 12 2 468 1 162 1 281 1 776 1 2 1 183 1 704 2 510 1 296 4 122 1 294 5
//IdTournes NbColis
6 6
//IdColis IdCommandeInColis NbProducts IdProd1 QtyProd1 IdProd2 QtyProd2 ...
44 9 17 305 1 125 1 194 1 335 2 625 3 78 1 77 1 438 1 445 1 184 1 387 1 193 1 258 1 403 1 203 1 448 1 346 1
96 20 22 200 1 71 1 630 1 6 1 423 1 238 1 721 1 196 1 199 1 727 1 378 1 385 1 359 1 245 1 303 1 10 1 424 1 463 1 709 2 665 1 1 1 694 1
8 2 27 245 1 303 1 5 1 10 1 665 1 700 1 703 1 280 1 28 1 25 1 26 1 27 1 1 1 192 1 692 1 308 1 7 1 31 1 35 1 407 1 684 1 779 1 41 1 46 1 461 1 559 1 273 1
29 6 24 261 1 385 1 638 1 180 1 474 2 10 1 463 1 637 1 639 1 480 1 182 1 89 1 90 1 74 1 25 1 251 2 1 1 412 1 160 1 7 1 31 1 35 1 264 1 747 1
39 8 21 385 1 57 1 8 1 378 2 638 1 10 1 27 1 102 1 68 1 106 1 25 1 1 1 254 1 7 1 386 2 426 1 341 1 264 3 98 1 59 1 113 1
45 9 24 650 1 498 1 344 1 45 1 447 1 713 1 328 1 385 1 780 1 816 1 149 1 10 1 449 1 322 1 738 1 28 1 70 1 76 1 25 1 26 1 308 1 7 1 642 1 397 1
//IdTournes NbColis
7 6
//IdColis IdCommandeInColis NbProducts IdProd1 QtyProd1 IdProd2 QtyProd2 ...
67 13 23 57 1 404 1 419 1 638 1 359 1 138 1 79 1 474 1 795 1 10 1 687 1 357 2 17 1 25 1 26 1 27 1 56 1 308 1 7 1 415 1 682 1 684 1 814 1
76 15 24 556 1 6 1 154 1 601 1 602 1 280 1 10 1 605 1 153 1 1 1 17 1 76 1 25 1 27 1 70 1 7 1 31 1 46 1 264 3 98 1 14 2 15 2 296 1 552 1
87 18 25 498 1 261 1 539 1 283 1 180 1 441 1 85 1 10 1 182 1 185 1 690 1 589 1 70 1 56 1 17 1 76 1 25 1 692 1 689 1 7 1 186 1 691 1 812 1 811 1 502 1
102 21 28 358 1 289 1 713 1 487 1 5 1 10 1 28 1 1 1 70 1 174 1 76 1 25 1 27 1 455 1 251 1 56 1 7 1 178 2 428 1 41 1 46 1 426 1 341 1 98 1 113 1 14 1 296 1 757 1
112 23 23 423 1 358 2 389 1 466 1 57 1 865 1 463 1 10 1 392 1 27 1 1 1 106 1 76 2 25 1 352 1 308 1 7 1 178 2 41 1 465 1 426 1 32 1 292 1
172 38 23 782 1 771 1 602 1 306 1 79 1 149 1 781 1 619 1 10 1 401 1 620 1 25 2 27 1 90 1 17 1 1 2 160 1 251 2 692 1 254 1 178 2 7 1 791 1
//IdTournes NbColis
8 6
//IdColis IdCommandeInColis NbProducts IdProd1 QtyProd1 IdProd2 QtyProd2 ...
81 16 17 502 1 170 1 255 1 161 1 163 1 256 1 686 1 430 1 737 1 553 1 338 1 627 1 333 1 590 1 739 1 273 4 736 1
121 25 44 401 1 214 1 62 1 25 1 27 1 677 1 221 1 63 1 360 1 426 1 614 1 59 1 15 1 49 1 433 1 51 1 11 1 12 1 671 1 162 1 212 1 220 1 217 1 676 1 296 1 493 1 294 1 218 1 431 1 19 1 432 1 255 1 678 1 256 1 430 1 520 1 647 1 567 1 501 1 675 1 508 1 673 1 674 1 273 1
127 26 31 296 2 740 2 294 5 207 1 431 1 716 1 432 1 502 3 150 1 110 1 124 1 255 2 479 1 256 2 533 2 655 1 430 1 478 1 354 1 596 1 810 2 757 1 833 1 565 1 835 1 746 1 824 1 580 1 803 1 558 1 273 4
41 8 24 593 1 294 5 336 2 473 1 104 1 33 1 108 1 109 1 431 1 432 1 502 3 105 1 110 1 173 1 667 1 666 2 332 1 672 2 670 1 430 1 334 1 338 1 333 1 292 4
69 13 33 75 1 599 1 40 1 742 1 296 3 493 1 137 2 66 1 408 1 119 1 606 1 294 5 104 1 417 1 431 1 19 1 432 1 502 4 255 2 256 2 770 1 685 1 686 1 430 1 418 1 613 1 588 1 681 1 833 1 492 1 333 1 347 1 273 4
132 27 33 100 1 443 1 220 2 600 1 296 4 119 1 223 1 606 1 294 5 158 1 104 2 123 1 431 1 198 1 19 1 432 1 502 4 105 2 170 1 73 1 175 1 255 2 256 2 293 1 761 2 224 1 430 1 762 1 719 1 756 1 765 1 832 1 273 3
//IdTournes NbColis
9 6
//IdColis IdCommandeInColis NbProducts IdProd1 QtyProd1 IdProd2 QtyProd2 ...
136 28 34 49 1 324 1 325 1 603 1 11 2 12 2 34 1 162 1 212 1 100 1 587 1 269 1 296 2 294 4 104 1 431 1 133 1 432 1 502 3 693 1 255 2 256 2 533 1 430 1 382 1 501 1 588 1 508 1 585 1 590 1 582 1 695 1 273 4 525 1
174 38 44 12 2 337 1 326 1 734 1 162 2 379 1 380 1 75 1 728 1 241 2 296 2 408 1 365 2 511 1 294 5 104 2 123 1 33 2 431 1 790 2 130 1 432 2 502 3 105 1 421 2 666 3 672 3 376 1 430 2 789 1 787 2 729 1 354 1 792 1 317 1 528 2 338 1 492 2 590 1 333 1 788 1 318 1 291 1 292 5
35 7 34 14 2 15 2 660 1 11 2 12 2 34 1 348 1 734 1 162 1 813 1 96 1 557 1 776 1 100 1 97 2 296 3 493 1 294 5 431 1 432 1 502 4 255 2 256 2 293 1 743 1 237 2 430 1 825 1 478 2 623 1 382 1 554 1 826 2 273 4
50 10 22 88 1 375 1 398 1 205 1 258 1 286 1 562 1 830 1 820 1 839 1 329 1 6 1 489 1 344 1 498 1 358 1 401 1 10 1 709 1 661 1 27 1 34 1
84 17 32 178 1 461 1 32 1 341 1 98 1 14 2 15 2 21 1 179 1 12 2 34 1 176 1 11 2 162 1 557 2 177 1 476 1 171 1 722 1 118 1 452 1 97 1 862 1 296 4 593 1 294 5 857 1 417 1 537 2 431 1 172 1 502 1
116 24 21 504 2 211 1 205 1 71 1 470 1 472 1 239 1 509 1 630 1 6 1 489 1 358 1 471 1 57 1 306 1 487 1 85 1 304 1 615 1 28 1 34 1
//IdTournes NbColis
10 6
//IdColis IdCommandeInColis NbProducts IdProd1 QtyProd1 IdProd2 QtyProd2 ...
125 26 25 721 1 344 1 771 1 471 1 483 1 359 1 474 1 245 1 180 1 147 1 304 2 480 1 637 1 700 1 615 1 738 1 1 1 62 1 25 1 26 1 27 1 308 1 63 1 34 1 273 1
139 29 27 576 1 539 1 489 1 498 1 441 1 85 1 304 1 233 1 619 1 615 1 620 1 322 1 1 1 70 1 230 1 231 1 62 1 76 1 25 1 26 1 27 1 28 1 308 1 63 1 618 1 53 1 34 1
144 30 32 63 1 46 1 53 1 451 1 614 1 179 1 9 1 15 2 49 1 307 1 433 2 11 1 12 2 34 1 162 1 302 1 458 1 118 1 43 1 296 4 294 5 30 1 431 1 198 1 432 1 502 4 232 1 235 1 255 2 293 1 256 1 430 1
147 31 26 238 1 358 1 498 1 8 1 361 1 688 1 615 1 605 1 70 1 62 1 76 1 25 1 27 1 1 1 63 1 35 1 46 1 614 1 49 1 15 2 433 2 603 1 11 2 12 2 34 1 827 1
150 32 15 331 1 295 1 242 1 47 2 427 1 167 1 190 1 191 1 570 2 305 1 335 2 625 3 77 1 131 1 34 1
66 13 21 93 1 22 1 141 1 410 1 416 1 398 1 576 1 346 1 368 1 488 1 496 1 500 1 509 1 820 1 139 1 6 1 238 2 261 1 140 1 679 1 1 1
//IdTournes NbColis
11 6
//IdColis IdCommandeInColis NbProducts IdProd1 QtyProd1 IdProd2 QtyProd2 ...
156 33 30 708 1 249 1 721 1 140 1 245 1 487 1 706 1 530 1 641 1 615 1 62 1 25 1 27 1 1 1 63 1 840 1 614 1 247 1 15 1 49 1 707 1 433 1 51 1 11 1 12 1 652 1 671 1 162 1 296 1 546 1
118 24 29 511 1 777 1 473 1 431 1 117 1 432 1 502 4 105 1 73 1 39 1 124 1 255 2 256 2 430 1 469 1 501 1 508 1 319 1 507 1 774 1 506 1 718 1 334 1 505 1 338 1 333 2 486 1 371 1 273 5
73 14 34 14 1 15 1 51 1 11 1 12 1 541 1 162 1 142 1 540 1 544 1 440 1 536 1 698 1 296 3 697 1 294 4 696 1 33 1 537 1 431 1 67 1 432 1 502 3 150 1 255 1 256 1 533 1 430 1 545 1 535 1 534 1 542 1 273 3 546 1
148 31 27 162 1 683 1 212 1 236 1 400 1 309 2 202 1 197 1 724 1 241 1 296 3 294 4 240 1 431 1 432 1 502 4 667 1 255 2 828 1 256 2 237 1 773 1 430 1 508 1 492 1 829 1 273 3
30 6 22 35 1 636 1 428 1 46 1 451 1 495 1 341 2 750 1 751 1 264 3 98 2 14 2 15 2 12 1 349 3 749 2 591 1 162 1 362 2 302 1 367 2 502 1
64 12 17 394 1 255 2 163 1 256 2 285 1 770 1 654 1 655 1 430 1 64 2 136 1 859 1 574 1 725 1 590 1 327 1 273 5
//IdTournes NbColis
12 6
//IdColis IdCommandeInColis NbProducts IdProd1 QtyProd1 IdProd2 QtyProd2 ...
131 27 23 843 1 17 1 76 2 25 1 26 1 308 1 63 1 31 1 684 1 186 1 634 1 763 1 614 2 14 2 15 2 49 1 307 1 162 1 611 1 355 1 744 1 212 1 323 1
135 28 27 228 1 131 1 301 1 368 1 604 1 586 2 441 1 280 1 589 1 615 1 1 1 70 1 62 1 76 1 25 1 26 1 27 1 63 1 461 1 226 2 614 1 225 1 14 2 15 2 296 1 694 1 525 1
159 34 25 1 1 63 1 614 1 15 1 253 1 14 1 49 1 710 1 51 1 11 2 12 1 162 1 142 1 183 1 296 3 294 1 431 1 133 1 432 1 502 3 255 1 256 2 772 1 773 1 430 1
162 35 38 15 2 14 2 49 1 307 1 324 1 12 2 176 1 11 2 162 1 629 1 284 1 794 1 797 1 362 1 400 1 69 1 92 1 796 1 296 4 408 1 294 5 431 1 432 1 502 4 206 1 129 1 232 1 255 2 256 2 430 1 550 1 578 1 787 2 626 1 627 1 582 1 273 5 267 3
106 22 20 181 1 260 1 335 2 625 3 204 1 203 1 368 1 329 1 448 1 239 1 604 1 732 1 6 1 366 1 344 1 261 1 8 1 731 1 27 1 292 1
31 6 40 594 1 744 1 611 1 560 1 497 2 48 1 369 1 742 2 587 1 92 2 296 3 493 1 697 1 593 1 294 5 431 1 19 1 86 1 432 1 745 1 502 3 373 1 91 1 232 1 255 2 743 1 256 3 332 1 430 2 675 1 746 1 837 2 334 1 673 1 494 1 582 1 314 1 291 1 292 5 838 2
//IdTournes NbColis
13 6
//IdColis IdCommandeInColis NbProducts IdProd1 QtyProd1 IdProd2 QtyProd2 ...
62 12 23 138 1 180 1 441 2 303 1 85 1 304 1 395 1 392 2 10 1 648 1 622 1 27 1 17 1 76 1 25 1 26 2 1 1 70 1 214 1 308 1 63 1 31 1 15 1
126 26 29 526 1 341 1 614 1 222 1 9 1 15 2 49 1 406 1 433 2 324 1 325 2 342 1 11 2 12 2 162 1 477 1 482 1 284 1 594 1 557 1 776 1 177 1 720 1 834 1 171 1 201 1 793 1 296 2 502 1
140 29 34 614 1 9 1 15 1 49 1 433 1 11 2 12 2 162 1 302 1 281 1 284 1 345 1 48 1 793 1 189 1 97 1 536 1 296 4 66 1 408 1 294 5 30 2 218 1 431 1 432 1 502 4 129 1 255 2 256 2 430 1 506 1 616 1 318 1 273 5
152 32 28 25 1 26 1 28 1 1 1 70 1 308 1 63 1 428 1 779 1 426 1 614 1 434 1 49 1 15 2 383 1 433 2 342 1 324 1 42 1 11 2 12 2 326 1 162 1 425 1 372 1 80 1 323 1 315 1
165 36 36 490 1 261 1 283 1 289 1 259 1 615 1 257 1 62 1 25 1 27 1 1 1 63 1 614 1 15 1 49 1 433 1 51 1 11 2 12 1 591 1 512 1 162 1 594 1 37 1 599 1 40 1 587 1 536 1 296 3 122 1 593 1 276 1 294 4 365 1 502 1 318 1
168 37 29 377 1 378 1 304 1 381 1 530 1 615 1 1 1 62 1 25 1 27 1 63 1 526 1 529 1 264 1 614 1 383 1 15 1 49 1 433 1 51 1 11 1 12 1 512 1 162 1 379 1 380 1 284 1 75 1 518 1
//IdTournes NbColis
14 6
//IdColis IdCommandeInColis NbProducts IdProd1 QtyProd1 IdProd2 QtyProd2 ...
24 5 30 720 1 83 1 80 1 309 1 452 1 213 1 296 4 493 1 72 1 294 5 384 1 572 1 65 1 431 1 86 1 432 1 502 4 255 2 293 1 256 2 430 1 574 1 319 1 575 1 316 1 334 1 756 1 333 2 318 1 273 4
100 21 13 491 1 331 1 663 1 485 1 538 1 134 1 295 1 758 2 47 1 427 1 167 1 190 1 196 1
58 11 50 355 1 284 2 345 2 794 1 720 1 111 1 287 1 48 2 118 1 817 2 296 4 294 5 572 1 65 1 431 1 67 1 117 1 133 1 716 1 432 1 502 4 73 1 110 1 436 1 422 1 255 2 672 2 293 1 288 1 533 1 430 1 715 1 501 1 508 1 681 1 757 1 596 1 809 2 319 1 819 1 316 2 803 1 334 1 756 1 747 1 486 1 318 2 831 3 832 1 292 5
60 12 14 861 1 134 1 47 2 190 1 191 1 167 1 570 2 305 2 229 1 135 1 335 2 625 3 78 1 107 1
157 33 19 367 1 705 1 456 1 557 1 38 1 296 2 294 4 123 1 431 1 841 1 432 1 502 3 255 1 256 1 430 1 623 1 842 1 486 1 273 4
153 32 24 69 1 43 1 220 1 296 4 294 5 511 1 108 1 431 1 117 1 432 1 502 4 73 2 110 1 173 1 255 2 256 2 430 1 845 1 846 1 588 1 729 1 837 1 844 1 273 4
//IdTournes NbColis
15 6
//IdColis IdCommandeInColis NbProducts IdProd1 QtyProd1 IdProd2 QtyProd2 ...
27 6 11 191 2 305 3 166 3 167 1 87 1 625 3 335 2 563 4 88 1 93 1 602 1
38 8 18 260 1 335 2 625 3 103 1 93 2 346 1 205 1 387 1 54 1 472 1 668 1 669 1 860 1 340 1 344 1 389 1 147 1 296 1
85 17 22 432 1 502 3 173 1 175 1 255 2 363 1 256 2 430 1 578 1 508 1 320 1 810 1 585 1 774 1 553 1 334 1 580 1 581 1 824 1 673 1 863 1 292 4
1 1 15 310 1 312 1 321 1 250 1 16 1 24 1 277 1 300 1 169 2 166 2 167 1 609 1 335 2 503 1 328 1
10 2 40 213 1 704 2 369 1 742 1 724 2 814 2 269 3 296 3 223 1 408 1 276 1 294 5 30 1 848 1 850 1 33 1 431 1 432 1 502 4 39 1 232 1 255 2 29 1 256 2 519 1 237 1 430 1 851 1 675 2 774 1 585 1 746 1 627 2 333 1 829 1 558 1 486 1 542 1 674 2 273 4
12 3 14 263 1 856 1 60 1 853 1 268 1 272 1 748 2 758 1 16 1 61 1 277 1 166 1 167 1 280 1
//IdTournes NbColis
16 6
//IdColis IdCommandeInColis NbProducts IdProd1 QtyProd1 IdProd2 QtyProd2 ...
79 16 17 858 1 735 1 166 1 167 1 168 1 169 1 16 1 61 1 159 1 297 2 274 2 657 1 278 1 499 1 289 1 586 1 506 1
134 28 15 584 1 583 1 145 1 295 1 16 1 277 1 300 1 166 2 167 1 169 1 227 1 297 2 617 3 205 1 269 1
138 29 13 522 1 16 2 169 2 166 2 167 1 277 1 300 1 229 1 95 1 617 3 297 2 481 1 54 1
146 31 19 60 1 16 1 277 1 300 1 166 2 167 1 169 1 95 1 503 3 504 2 239 1 131 1 228 1 650 1 604 1 490 1 296 1 273 1 827 1
155 33 19 331 1 250 1 169 1 16 1 61 1 166 1 167 1 168 1 248 1 148 1 503 2 504 2 205 1 244 1 246 1 488 1 701 1 243 1 827 1
158 34 21 166 1 167 1 168 1 169 1 16 1 61 1 504 2 617 2 576 1 577 1 771 1 640 1 233 1 252 1 615 1 251 1 254 1 25 1 27 1 89 1 273 1
//IdTournes NbColis
17 6
//IdColis IdCommandeInColis NbProducts IdProd1 QtyProd1 IdProd2 QtyProd2 ...
164 36 18 592 1 60 1 168 1 169 1 16 1 61 1 166 1 167 1 181 1 260 1 503 1 504 2 617 1 563 2 598 2 258 1 346 1 431 1
22 5 23 625 1 573 1 81 1 22 1 450 1 576 1 577 1 82 1 261 1 143 1 278 1 499 1 8 1 755 1 79 1 441 1 405 1 85 1 304 1 401 1 454 1 641 1 27 1
47 9 27 296 4 493 2 697 1 119 2 122 1 606 1 294 5 114 2 108 1 123 1 431 1 116 1 117 1 432 1 753 1 502 3 124 1 422 1 173 1 666 2 672 2 120 1 430 1 647 1 712 1 508 1 273 5
108 22 39 9 1 11 2 12 2 652 1 162 1 362 1 367 1 284 1 345 1 372 1 475 1 476 1 309 1 100 1 369 1 536 1 296 4 72 1 365 2 294 5 108 1 431 1 198 1 432 1 502 4 373 1 110 1 255 2 363 1 256 2 234 2 430 1 469 1 715 1 501 1 718 1 333 1 371 1 292 4
143 30 23 297 2 274 2 71 1 301 1 306 1 303 1 441 1 85 1 304 1 233 1 619 1 615 1 252 1 665 1 1 1 70 1 62 1 76 1 25 1 26 1 27 1 308 1 11 1
151 32 25 429 1 244 1 435 1 375 1 658 1 576 1 346 1 139 1 278 1 498 1 780 1 79 1 180 1 85 1 304 1 392 1 778 1 615 1 357 1 17 1 231 1 62 1 76 1 27 1 273 1
//IdTournes NbColis
18 6
//IdColis IdCommandeInColis NbProducts IdProd1 QtyProd1 IdProd2 QtyProd2 ...
2 1 22 625 2 22 1 329 1 437 1 216 1 630 2 6 1 459 1 608 1 389 1 8 1 330 1 5 1 10 1 322 1 280 1 610 1 1 1 17 1 25 1 11 1 327 1
56 11 24 547 1 830 1 423 1 278 1 498 1 721 1 340 1 289 1 645 2 441 1 487 1 795 2 132 1 619 1 10 1 424 1 717 1 27 1 28 1 1 1 17 1 25 1 192 1 818 1
161 35 25 625 1 205 1 71 1 375 1 490 1 243 1 149 1 795 1 615 1 401 1 62 1 25 1 26 1 27 1 102 1 126 1 1 1 308 1 63 1 428 1 41 1 612 1 32 1 341 2 614 1
52 10 36 11 2 12 2 162 1 302 1 345 1 362 1 456 1 400 1 69 1 296 4 223 1 294 5 399 1 127 1 65 1 431 1 116 1 130 1 432 1 502 4 129 2 232 1 394 1 255 2 163 1 256 3 430 2 507 1 552 1 317 1 581 1 695 1 554 1 831 2 273 4 267 2
54 11 12 662 1 350 1 735 1 134 1 312 2 47 2 167 1 190 1 191 1 427 2 339 1 439 1
115 24 14 775 1 60 1 295 1 250 1 47 2 166 2 167 1 191 1 300 1 305 2 95 1 181 1 503 3 27 1
//IdTournes NbColis
19 6
//IdColis IdCommandeInColis NbProducts IdProd1 QtyProd1 IdProd2 QtyProd2 ...
4 1 32 100 1 323 1 296 4 294 5 20 2 431 1 19 1 432 1 745 1 502 4 18 1 421 1 255 2 256 2 770 1 430 1 613 1 469 1 311 1 315 1 319 1 320 1 585 1 725 1 317 1 746 1 316 1 313 1 314 1 318 1 291 2 292 5
55 11 18 339 1 442 1 714 1 503 3 504 2 131 1 437 1 438 1 216 1 54 1 398 1 669 1 429 1 708 1 630 1 368 1 351 1 128 1
110 23 12 849 1 99 1 312 1 210 1 190 1 47 2 167 1 191 1 339 3 427 2 335 1 769 1
6 2 12 849 1 592 1 295 1 47 2 190 1 191 1 427 2 167 1 339 2 335 2 625 2 45 1
91 19 21 335 2 193 1 416 1 144 1 448 1 410 1 624 1 657 1 301 1 801 1 6 1 721 2 45 1 245 1 180 1 303 1 10 1 622 1 192 1 25 1 189 1
114 23 33 195 1 206 1 129 1 173 1 666 2 678 1 163 1 293 1 564 1 672 2 743 1 533 1 772 2 770 1 234 1 430 1 208 2 613 2 859 1 311 1 565 1 729 1 757 1 866 1 317 1 505 1 334 1 333 1 561 1 558 1 766 1 292 3 525 3
//IdTournes NbColis
20 6
//IdColis IdCommandeInColis NbProducts IdProd1 QtyProd1 IdProd2 QtyProd2 ...
120 25 24 568 1 216 1 219 1 351 1 490 1 631 1 624 1 6 1 139 1 278 1 489 1 366 1 283 1 640 1 378 1 441 1 5 1 215 1 322 1 357 1 615 1 665 1 1 1 502 1
17 4 18 503 3 353 3 71 2 77 1 22 1 78 1 351 1 409 1 375 1 448 1 387 1 344 1 358 1 459 1 306 1 359 1 361 1 531 2
71 14 17 538 1 145 1 532 3 47 1 277 1 300 1 305 1 166 1 167 1 148 1 609 1 504 2 503 2 144 1 77 1 151 1 273 1
101 21 18 191 1 339 2 95 1 457 1 759 1 504 1 617 2 297 1 77 1 390 1 203 1 448 1 393 1 488 1 490 1 489 2 344 1 358 1
142 30 12 662 1 263 1 663 1 295 1 47 2 277 1 300 1 305 2 166 2 167 1 664 1 220 1
37 8 12 662 1 331 1 312 2 112 1 47 2 339 3 190 1 191 1 427 2 167 1 260 1 292 1
//IdTournes NbColis
21 6
//IdColis IdCommandeInColis NbProducts IdProd1 QtyProd1 IdProd2 QtyProd2 ...
170 38 11 99 1 321 1 312 1 112 1 47 3 190 1 191 2 783 2 785 3 427 2 178 1
13 3 20 169 1 52 1 260 1 274 2 297 2 265 1 54 1 22 1 279 1 286 1 278 1 283 2 289 1 644 1 645 1 640 1 57 1 531 2 615 1 643 1
111 23 18 335 1 625 3 730 1 563 3 205 1 22 1 464 1 437 1 438 1 410 1 562 1 500 3 329 1 630 1 6 1 261 1 296 1 314 1
124 26 16 335 2 625 3 481 1 81 1 22 1 78 1 484 1 82 1 6 1 143 1 489 3 340 2 358 2 822 2 721 1 823 1
16 4 12 662 1 350 1 760 1 295 1 47 2 339 2 427 2 167 1 190 1 191 1 504 2 531 1
21 5 14 662 1 538 1 295 1 47 2 166 1 167 1 190 1 191 1 570 1 305 2 227 1 335 2 625 2 276 1
//IdTournes NbColis
22 6
//IdColis IdCommandeInColis NbProducts IdProd1 QtyProd1 IdProd2 QtyProd2 ...
33 7 14 99 1 538 1 295 1 47 1 277 1 300 1 166 2 167 1 305 1 95 1 52 1 335 2 503 3 771 1
43 9 12 821 1 312 1 295 1 566 2 847 4 47 2 277 1 300 1 166 2 167 1 305 1 676 1
49 10 14 523 1 538 1 295 1 47 2 167 1 190 1 191 1 339 2 427 2 335 2 625 3 88 1 375 1 267 1
65 13 12 735 1 852 1 295 1 242 1 47 2 190 1 191 1 427 2 167 1 570 2 503 3 504 2
75 15 16 364 1 47 1 277 1 300 1 169 1 166 2 167 1 52 1 157 1 95 1 181 1 503 2 504 2 156 1 549 1 604 1
82 17 13 99 1 864 1 295 1 47 2 277 1 300 1 305 2 167 1 166 2 335 2 625 3 579 1 292 1
//IdTournes NbColis
23 6
//IdColis IdCommandeInColis NbProducts IdProd1 QtyProd1 IdProd2 QtyProd2 ...
86 18 17 47 1 277 1 300 1 166 2 167 1 305 1 52 1 181 1 664 1 274 3 297 2 184 1 656 1 351 1 547 1 296 1 273 1
90 19 16 190 1 191 1 47 2 167 1 427 2 339 3 95 1 52 1 194 1 148 1 457 1 714 1 625 3 1 1 296 1 694 1
95 20 14 663 1 723 1 295 1 47 2 167 1 190 1 191 1 570 2 305 2 227 1 625 3 335 2 807 1 292 1
105 22 11 364 1 370 1 733 1 312 1 190 1 191 1 47 2 305 2 166 2 167 1 10 1
119 25 17 310 1 571 1 538 1 569 1 566 1 190 1 191 1 47 1 570 1 305 1 167 1 52 1 148 1 457 1 335 1 625 1 213 1
123 26 14 350 1 836 1 295 2 190 1 191 1 47 2 427 2 167 1 339 3 52 1 194 1 148 1 260 1 741 1
//IdTournes NbColis
24 6
//IdColis IdCommandeInColis NbProducts IdProd1 QtyProd1 IdProd2 QtyProd2 ...
129 27 13 263 1 735 1 295 1 250 1 190 1 191 1 47 2 427 2 167 1 339 3 335 2 398 1 273 1
160 35 13 798 1 295 1 190 1 191 1 47 2 167 1 570 3 305 2 628 1 714 1 335 2 625 2 97 1
167 37 16 522 1 523 1 527 1 515 1 166 1 167 1 169 1 47 1 277 1 300 1 297 2 617 2 375 1 103 1 509 1 283 1
166 36 18 432 1 502 2 262 1 235 1 255 1 256 2 430 1 550 1 208 1 64 2 595 1 596 1 354 1 334 2 597 1 554 1 766 1 273 4
20 4 14 666 2 672 2 654 1 430 1 64 1 460 1 647 1 859 1 354 1 833 1 333 1 313 1 347 1 273 4
171 38 16 427 1 339 1 664 1 148 2 335 2 625 3 481 1 88 1 387 1 398 1 784 1 301 1 286 2 346 1 82 1 296 1
//IdTournes NbColis
25 6
//IdColis IdCommandeInColis NbProducts IdProd1 QtyProd1 IdProd2 QtyProd2 ...
130 27 18 625 3 632 1 184 2 239 1 470 1 301 1 576 1 489 2 340 1 289 2 101 1 138 1 149 1 764 1 10 1 633 1 635 1 273 1
169 37 31 514 1 201 1 517 2 768 1 769 1 296 3 294 4 513 1 384 1 431 1 432 1 502 3 255 1 516 1 519 1 256 1 374 1 376 1 430 1 520 1 382 1 767 1 311 1 528 1 266 1 334 1 524 1 290 1 273 4 525 1 521 1
61 12 22 390 1 393 1 71 1 396 1 144 1 630 1 650 1 398 1 438 1 651 1 579 1 576 1 500 1 6 1 358 1 366 1 822 1 391 1 483 1 471 1 814 1 327 1
145 30 6 256 1 234 1 298 1 299 1 291 1 292 5
93 19 33 380 2 551 1 540 1 345 2 362 1 720 1 728 1 724 1 510 1 296 2 276 1 294 5 696 2 572 1 431 1 432 1 753 1 502 4 255 2 256 2 519 1 293 1 752 2 376 1 430 1 623 1 382 1 681 1 800 1 627 1 695 1 327 1 292 5
104 21 1 273 4
