//NbTournees
12
//IdTournes NbColis
1 6
//IdColis IdCommandeInColis NbProducts IdProd1 QtyProd1 IdProd2 QtyProd2 ...
5 1 27 212 1 301 1 70 1 340 1 396 1 453 1 1 1 18 2 177 2 259 1 408 3 448 1 436 1 135 1 168 1 215 1 316 3 336 4 395 4 454 1 388 1 426 1 374 1 217 1 220 2 223 1 243 2
15 2 40 205 1 370 1 172 1 153 1 135 1 297 1 31 1 45 1 217 1 220 1 223 1 271 1 365 1 314 1 352 1 243 1 140 1 141 1 118 1 176 2 202 2 24 1 65 1 68 3 133 1 137 1 147 1 158 1 197 1 354 1 260 1 232 4 373 1 244 4 33 1 142 1 149 1 210 1 2 1 288 1
4 1 17 134 1 98 2 99 1 103 2 144 2 160 2 161 5 171 2 152 1 200 2 3 3 29 1 30 2 54 2 164 1 166 2 212 1
9 1 20 296 2 337 1 360 1 383 1 371 11 428 1 280 5 4 2 230 3 255 1 416 2 274 1 49 1 398 2 435 1 438 2 343 2 348 4 385 1 432 1
17 2 24 320 3 10 1 69 1 116 1 184 1 195 1 203 2 206 1 64 1 100 2 53 1 66 2 280 3 296 5 347 4 371 5 377 1 258 1 4 1 230 3 274 1 276 1 255 1 221 1
3 1 16 165 1 39 2 55 2 136 3 189 2 6 1 26 2 52 2 78 1 87 2 88 1 104 2 91 3 93 4 94 2 134 1
//IdTournes NbColis
2 6
//IdColis IdCommandeInColis NbProducts IdProd1 QtyProd1 IdProd2 QtyProd2 ...
18 2 33 5 1 47 2 49 1 115 1 154 1 191 1 199 1 367 3 319 3 343 2 229 4 273 1 278 1 324 1 350 2 375 1 257 1 265 1 219 1 224 1 225 1 228 4 275 1 277 3 295 5 368 1 378 1 446 1 92 1 204 1 308 4 321 1 256 1
35 3 19 347 2 360 2 404 1 371 11 410 1 258 1 413 8 458 1 428 1 61 7 230 6 274 1 276 1 255 1 416 2 5 5 47 5 49 4 221 1
6 1 30 328 2 334 1 352 4 437 1 23 1 113 1 126 2 20 1 65 1 72 1 128 1 133 1 137 1 147 1 158 1 197 2 401 3 326 1 354 2 406 1 449 2 450 1 260 1 232 4 244 4 344 1 351 2 373 2 7 2 142 2
7 1 29 149 1 162 1 9 2 28 4 37 1 40 2 48 1 58 1 60 1 34 10 35 1 63 4 108 1 71 1 143 1 117 4 150 1 121 3 122 1 170 1 178 1 188 1 190 1 192 1 194 1 196 1 201 1 207 3 10 1
8 1 21 207 1 209 1 211 1 123 3 245 3 417 1 317 2 320 9 358 2 440 1 10 1 380 1 391 1 412 1 100 1 53 2 66 3 258 2 296 5 337 1 403 1
16 2 30 9 1 27 1 28 2 34 2 35 1 37 1 63 1 71 1 125 1 127 1 102 1 117 1 150 1 121 2 122 1 170 1 123 1 178 1 188 1 192 1 193 1 196 1 201 1 231 3 269 4 270 4 283 4 339 3 245 3 445 4
//IdTournes NbColis
3 6
//IdColis IdCommandeInColis NbProducts IdProd1 QtyProd1 IdProd2 QtyProd2 ...
31 3 20 344 1 351 2 387 1 373 2 232 8 244 8 459 1 7 2 33 1 142 1 149 1 210 1 58 1 28 11 76 2 34 7 80 1 40 2 63 3 102 1
32 3 18 63 3 106 1 107 1 108 1 71 1 117 5 121 7 179 2 185 1 211 1 123 5 188 1 193 3 235 4 236 1 231 6 269 7 10 1
48 4 16 305 1 405 1 243 2 140 1 118 5 176 6 183 2 202 5 449 2 450 1 344 2 351 2 373 2 232 8 244 8 7 2
49 4 12 8 1 28 13 40 4 58 2 34 4 63 9 96 3 121 1 117 8 208 5 211 2 193 1
1 1 12 13 2 21 2 22 2 11 1 14 2 36 5 41 2 79 1 138 1 145 3 146 1 257 1
2 1 14 173 1 216 1 12 3 43 4 105 2 129 1 169 2 75 2 132 2 155 2 213 1 19 2 38 2 165 1
//IdTournes NbColis
4 6
//IdColis IdCommandeInColis NbProducts IdProd1 QtyProd1 IdProd2 QtyProd2 ...
14 2 26 44 1 46 1 67 1 97 1 145 1 119 1 120 1 12 1 43 1 51 1 169 1 155 1 38 1 55 1 91 1 93 1 160 1 161 2 171 1 17 2 50 1 54 1 70 1 157 1 175 1 374 1
22 3 14 21 1 22 1 89 1 46 2 44 3 67 2 97 1 14 1 57 2 36 3 41 1 42 3 145 1 338 1
24 3 10 186 3 216 1 12 2 51 3 43 2 129 2 169 1 174 1 318 10 219 1
45 4 10 119 4 120 3 216 1 186 6 12 1 43 1 51 3 83 1 136 4 354 1
52 4 17 296 2 306 4 347 5 371 11 413 8 428 1 258 2 15 1 61 5 86 1 274 1 276 1 416 2 230 6 255 1 25 4 49 1
63 5 19 244 2 56 1 16 1 27 1 28 7 34 6 40 2 58 1 62 8 63 6 96 2 117 4 121 1 122 1 123 5 178 1 185 1 201 1 184 1
//IdTournes NbColis
5 6
//IdColis IdCommandeInColis NbProducts IdProd1 QtyProd1 IdProd2 QtyProd2 ...
27 3 17 200 4 17 2 50 1 54 1 73 1 74 2 77 7 90 1 139 1 164 2 166 1 187 3 212 1 214 2 240 1 263 2 70 1
30 3 17 176 4 183 2 202 6 59 2 24 2 109 1 234 1 197 4 327 2 381 1 326 3 354 10 407 1 260 5 449 4 450 1 184 1
61 5 10 186 1 51 3 318 5 263 1 124 2 181 6 182 6 198 6 241 1 24 1
36 3 9 25 3 111 4 191 2 199 1 292 13 319 9 343 2 346 1 432 2
25 3 19 318 5 75 1 151 1 155 1 213 1 84 1 38 1 110 1 130 2 163 1 165 1 55 1 136 6 237 1 242 1 26 1 78 2 81 1 338 1
29 3 28 172 2 259 1 447 1 431 1 32 2 456 1 448 1 436 3 215 1 316 4 262 1 374 1 31 1 217 1 220 2 223 1 271 1 365 1 328 1 334 1 384 1 409 2 243 2 457 1 460 2 118 5 176 3 326 1
//IdTournes NbColis
6 6
//IdColis IdCommandeInColis NbProducts IdProd1 QtyProd1 IdProd2 QtyProd2 ...
47 4 22 241 4 198 8 396 1 177 1 172 1 259 1 447 1 408 1 32 2 448 1 215 1 261 1 262 1 374 1 217 1 220 2 223 1 271 1 365 1 279 1 305 8 260 1
62 5 26 241 3 370 1 430 4 431 1 32 1 374 1 217 1 220 2 223 1 365 1 271 1 298 1 334 1 405 1 243 2 118 2 176 2 183 2 202 2 72 2 197 2 344 1 351 2 373 1 232 5 244 3
44 4 10 44 3 46 2 67 2 97 1 42 4 79 2 36 2 145 1 156 5 401 1
26 3 17 82 3 88 1 91 3 93 5 94 1 95 1 99 1 103 1 112 1 114 1 98 1 144 2 152 1 160 1 161 7 171 1 229 1
28 3 8 85 1 181 8 182 8 124 3 241 5 198 8 177 1 259 1
60 5 9 44 1 46 1 67 1 97 1 42 5 119 4 120 3 186 6 370 1
//IdTournes NbColis
7 6
//IdColis IdCommandeInColis NbProducts IdProd1 QtyProd1 IdProd2 QtyProd2 ...
66 5 22 274 1 276 1 47 5 115 1 191 1 292 10 319 3 343 1 348 2 432 8 278 2 350 2 229 5 273 1 399 4 429 1 257 1 265 1 219 1 224 1 225 1 295 3
53 4 18 49 2 398 1 319 2 343 4 432 12 229 7 273 1 278 2 350 4 265 1 429 2 257 1 219 1 224 1 225 1 228 7 275 2 277 3
34 3 10 64 2 100 1 53 1 131 3 238 1 280 4 306 1 296 8 330 3 347 8
65 5 16 184 1 195 2 239 2 100 2 53 1 280 3 304 5 306 4 296 3 347 5 371 7 413 5 258 2 416 1 230 4 255 1
67 5 24 295 4 368 2 228 4 446 2 275 2 277 4 92 1 204 1 321 2 256 2 267 2 284 4 286 8 293 2 302 5 361 4 434 4 442 2 443 5 444 4 272 2 288 1 364 7 247 1
46 4 11 98 1 161 6 200 1 263 1 70 2 175 1 181 8 124 3 182 8 241 2 396 1
//IdTournes NbColis
8 6
//IdColis IdCommandeInColis NbProducts IdProd1 QtyProd1 IdProd2 QtyProd2 ...
64 5 17 208 2 233 8 188 3 193 3 235 1 194 1 283 5 339 4 231 4 245 4 445 5 269 5 270 5 440 1 101 1 116 1 184 1
23 3 9 145 1 159 2 119 3 120 4 167 1 156 5 180 1 186 5 318 1
33 3 16 269 1 270 8 283 8 339 6 397 1 245 6 445 8 417 1 317 2 320 2 358 3 440 1 116 1 195 1 239 2 346 1
10 1 27 432 12 229 4 350 4 273 1 265 1 282 1 219 1 224 1 225 1 228 4 295 10 299 1 368 2 414 1 418 1 446 2 275 2 148 1 204 1 256 2 372 1 425 3 267 2 394 2 284 3 286 9 325 1
38 3 19 446 2 414 3 378 1 148 1 204 1 267 2 321 4 256 2 272 2 284 6 286 13 293 2 302 8 361 6 442 2 443 8 444 6 434 6 268 3
50 4 10 123 8 193 4 235 3 236 1 269 8 270 8 283 8 339 6 231 4 432 1
//IdTournes NbColis
9 6
//IdColis IdCommandeInColis NbProducts IdProd1 QtyProd1 IdProd2 QtyProd2 ...
12 1 26 294 4 311 13 333 2 386 4 392 1 415 1 420 5 424 3 218 4 221 4 222 4 246 4 315 4 390 1 362 4 427 4 452 1 266 4 254 4 300 1 322 1 423 1 249 3 251 4 252 1 253 1
20 2 25 363 1 369 3 218 4 221 3 222 4 307 5 315 4 355 1 356 2 362 4 246 4 266 4 309 6 313 2 322 5 254 4 285 1 291 6 310 2 312 7 249 3 251 4 252 1 253 1 441 2
40 3 12 287 13 331 2 420 1 218 8 221 6 222 7 266 8 307 6 315 8 362 8 419 8 246 8
56 4 15 311 4 333 1 353 7 389 2 287 13 379 2 218 8 221 6 222 7 266 8 303 1 307 9 315 8 355 1 427 7
68 5 18 247 3 248 2 250 4 268 4 325 4 226 4 227 4 294 8 311 8 353 5 287 6 363 2 218 5 221 5 222 5 307 5 315 5 362 3
51 4 11 231 2 245 6 445 8 290 1 440 1 280 5 289 1 304 10 296 3 306 2 221 1
//IdTournes NbColis
10 6
//IdColis IdCommandeInColis NbProducts IdProd1 QtyProd1 IdProd2 QtyProd2 ...
11 1 22 286 4 293 2 361 3 434 3 442 2 443 4 444 3 272 2 247 3 248 2 250 3 332 2 382 2 400 5 422 7 268 3 455 1 325 9 439 1 226 3 227 3 294 12
19 2 28 321 1 372 1 267 1 272 1 284 3 286 6 293 1 302 4 361 3 442 1 443 4 444 3 364 5 366 2 247 3 248 1 250 3 268 3 325 4 335 1 226 3 227 3 294 5 311 6 323 1 353 4 281 1 363 5
37 3 18 343 3 432 11 229 6 273 1 278 2 350 4 265 1 282 1 257 1 461 1 429 2 224 1 225 1 228 7 275 2 277 6 299 11 368 2
39 3 13 268 3 288 2 357 6 364 11 400 1 247 6 248 2 250 6 226 6 227 6 294 9 311 13 353 7
55 4 16 443 1 444 6 268 6 288 2 359 2 364 11 400 1 247 6 248 2 250 6 325 2 402 1 226 6 227 6 294 11 311 9
57 4 14 427 1 246 8 309 13 423 3 254 8 291 11 310 4 312 13 329 1 249 6 251 8 252 1 253 2 441 2
//IdTournes NbColis
11 6
//IdColis IdCommandeInColis NbProducts IdProd1 QtyProd1 IdProd2 QtyProd2 ...
69 5 16 362 2 427 5 246 5 266 5 309 8 254 5 291 11 310 4 312 13 421 5 249 4 251 5 252 1 253 2 441 5 264 1
41 3 15 427 8 462 2 309 13 342 1 254 8 423 3 291 11 310 4 312 13 341 1 349 2 393 1 249 6 251 8 252 1
13 1 6 253 1 441 4 345 2 376 1 433 1 451 1
42 3 5 253 2 441 8 345 1 264 1 338 8
54 4 17 277 3 299 11 368 2 411 3 446 2 267 2 321 4 256 2 272 2 284 6 286 13 293 2 302 8 361 1 434 6 442 2 443 7
21 2 4 441 2 376 1 451 1 264 1
//IdTournes NbColis
12 1
//IdColis IdCommandeInColis NbProducts IdProd1 QtyProd1 IdProd2 QtyProd2 ...
58 4 1 441 6
