//NbTournees
7
//IdTournes NbColis
1 6
//IdColis IdCommandeInColis NbProducts IdProd1 QtyProd1 IdProd2 QtyProd2 ...
7 1 23 329 2 86 1 179 1 47 1 14 1 10 1 181 1 182 1 185 2 4 1 16 2 73 1 173 3 117 1 215 2 256 2 5 2 13 2 270 1 189 1 238 5 326 1 364 1
5 1 20 257 1 397 1 8 1 18 2 21 1 22 1 167 1 44 2 186 1 190 1 43 2 194 1 195 1 212 1 216 1 361 1 273 2 209 1 19 1 28 1
12 2 22 163 1 369 1 24 1 34 1 36 1 38 2 39 2 42 1 43 1 44 1 273 1 371 1 35 1 40 1 47 1 45 1 10 3 37 1 270 1 46 1 28 1 81 1
14 3 18 163 1 251 5 8 1 39 1 21 1 55 1 44 1 333 1 35 1 56 1 50 1 53 2 332 1 10 2 270 1 54 1 144 1 52 1
16 4 17 298 1 163 1 261 2 38 2 39 2 42 1 43 1 44 1 273 1 34 1 36 1 71 1 35 1 74 2 72 2 10 3 57 1
20 5 28 35 1 88 2 86 1 274 1 10 2 270 1 279 1 87 1 77 1 283 1 271 2 26 1 30 2 33 1 265 1 83 1 144 5 280 1 275 1 79 1 84 1 89 2 90 1 80 1 57 2 85 1 93 1 81 1
//IdTournes NbColis
2 6
//IdColis IdCommandeInColis NbProducts IdProd1 QtyProd1 IdProd2 QtyProd2 ...
43 14 23 39 1 259 1 262 1 263 2 71 2 35 1 264 1 244 1 240 1 246 1 72 1 170 2 245 1 10 2 173 1 215 1 242 1 247 1 256 1 270 1 241 1 115 1 164 1
15 3 26 33 1 26 1 271 2 30 2 144 4 80 1 57 2 46 1 67 1 49 2 48 1 301 1 334 1 164 1 28 1 51 2 60 2 237 2 61 2 63 2 221 2 64 2 66 2 52 1 81 6 158 2
24 6 31 96 1 97 2 94 4 85 1 99 2 57 2 234 1 46 1 101 1 104 1 202 1 103 1 23 1 169 2 304 2 203 1 308 1 307 3 51 3 64 3 66 2 268 3 60 2 61 2 62 3 63 2 309 1 201 1 81 5 310 6 158 1
6 1 24 218 1 219 1 35 1 358 1 11 1 19 1 183 1 207 1 119 1 214 1 217 1 1 1 9 1 176 1 187 1 165 1 188 1 196 1 200 1 208 1 2 1 329 3 256 2 28 2
19 5 16 91 1 163 1 92 1 276 4 38 2 39 2 42 1 43 1 44 1 273 1 34 1 36 2 284 1 277 1 78 1 81 1
22 6 14 298 1 163 1 305 3 146 1 102 2 38 2 39 2 42 1 44 2 105 1 194 1 303 3 95 1 48 1
//IdTournes NbColis
3 6
//IdColis IdCommandeInColis NbProducts IdProd1 QtyProd1 IdProd2 QtyProd2 ...
25 7 16 230 1 298 1 163 1 261 2 107 1 38 2 39 2 42 1 43 1 44 2 111 1 35 1 19 2 336 1 118 1 64 1
28 8 18 229 1 163 1 290 2 107 1 289 1 228 1 286 1 257 1 8 1 39 2 38 1 42 1 43 1 44 1 273 1 34 1 36 1 116 1
42 14 11 252 1 163 1 251 5 261 2 253 1 257 1 42 1 44 2 38 2 39 1 250 1
17 4 41 73 2 270 1 271 2 30 2 26 1 33 1 296 2 144 5 80 1 57 1 70 4 76 2 59 1 69 1 67 1 58 1 295 2 302 3 75 2 48 1 248 1 29 1 27 2 68 1 299 1 300 1 301 2 297 2 164 1 65 1 28 1 60 2 61 2 62 3 63 2 64 3 66 2 51 3 268 3 52 1 81 6
30 8 28 121 1 292 1 70 2 76 3 69 1 67 1 278 1 23 1 120 3 48 1 225 1 27 2 291 1 293 1 224 1 287 1 164 1 28 1 66 2 51 3 60 2 61 2 62 3 63 2 64 3 268 3 81 6 288 1
9 1 32 153 2 223 2 236 1 320 3 267 2 232 4 353 1 354 1 396 2 57 2 235 5 373 5 234 6 319 2 17 2 199 1 370 6 278 6 178 1 269 1 3 2 295 1 318 1 6 2 362 2 272 2 316 1 213 1 29 1 27 3 248 1 324 1
//IdTournes NbColis
4 6
//IdColis IdCommandeInColis NbProducts IdProd1 QtyProd1 IdProd2 QtyProd2 ...
44 14 44 258 2 260 1 26 1 30 2 33 1 271 2 106 2 243 1 265 1 144 5 100 1 239 2 20 1 223 1 171 1 80 2 267 1 99 1 57 2 255 1 67 2 108 1 269 1 3 1 266 1 272 1 23 1 48 1 248 1 29 1 250 1 28 1 60 2 61 2 62 3 63 2 64 3 66 2 51 3 254 1 268 3 32 1 249 1 81 6
33 9 36 388 1 319 2 350 1 59 1 387 1 391 1 67 1 382 1 202 2 346 1 134 1 385 1 140 1 23 1 349 1 29 1 339 1 348 2 304 2 352 2 337 2 389 1 393 1 351 1 164 1 307 1 51 2 60 2 237 2 61 2 63 2 221 2 64 2 66 2 130 1 81 5
29 8 22 35 1 162 1 119 1 123 1 126 1 122 2 124 1 226 1 227 1 125 1 270 1 294 1 271 2 30 2 26 1 33 1 144 5 280 1 84 3 121 1 57 1 28 1
32 9 29 135 1 336 2 141 1 142 1 343 2 137 1 110 1 116 1 138 1 344 1 270 2 384 1 26 1 33 1 30 2 271 2 144 4 98 1 128 1 345 1 306 2 80 1 386 1 129 1 383 1 57 1 347 1 390 2 29 1
1 1 5 359 5 380 1 405 1 7 1 302 1
2 1 10 230 1 231 1 229 1 407 1 107 1 363 1 375 6 289 1 8 1 325 1
//IdTournes NbColis
5 6
//IdColis IdCommandeInColis NbProducts IdProd1 QtyProd1 IdProd2 QtyProd2 ...
31 9 24 163 1 290 1 330 1 131 2 132 1 92 1 341 1 276 1 392 1 8 1 18 1 21 1 44 1 139 1 342 1 35 1 127 1 136 1 156 1 133 1 340 1 28 1 52 1 158 1
34 10 22 298 1 163 1 146 1 228 2 8 1 39 1 21 1 44 1 273 1 145 1 35 1 150 1 143 1 119 1 149 3 147 2 148 1 151 1 270 1 26 1 30 2 67 1
36 11 27 163 1 8 1 39 1 21 1 43 1 44 1 35 1 19 1 156 1 152 1 135 1 366 1 159 2 160 1 270 1 155 1 161 1 26 1 30 2 33 1 271 2 265 1 144 4 157 1 28 1 81 1 158 1
38 12 20 163 1 34 1 8 2 39 1 18 1 21 1 43 1 167 1 273 1 162 1 165 2 170 1 270 1 168 1 26 1 30 2 33 1 271 2 144 4 28 1
40 13 23 298 1 163 1 330 1 257 3 21 1 8 1 44 1 39 1 35 1 264 1 88 1 74 1 9 1 329 1 116 1 173 1 174 1 175 1 270 1 331 1 271 2 30 2 33 1
3 1 10 289 4 305 1 184 1 192 1 198 1 233 6 191 2 206 1 12 1 81 1
//IdTournes NbColis
6 6
//IdColis IdCommandeInColis NbProducts IdProd1 QtyProd1 IdProd2 QtyProd2 ...
26 7 42 110 1 116 1 117 1 270 1 115 1 33 1 26 1 271 2 30 2 106 2 144 5 275 1 338 1 80 1 99 1 114 2 57 2 67 1 108 2 23 1 109 1 112 2 113 1 248 1 335 1 27 1 29 2 337 1 164 1 28 1 64 2 66 2 51 3 60 2 237 3 61 2 63 2 221 3 249 1 52 2 81 6 158 5
8 1 24 238 1 155 1 283 2 378 1 180 1 30 2 33 1 26 1 271 2 404 1 144 5 157 7 20 2 98 1 100 2 197 2 15 2 312 1 357 1 338 6 153 3 177 1 80 1 327 1
39 12 21 157 1 85 1 57 2 67 1 23 1 166 1 48 1 169 1 377 1 164 1 51 3 60 2 237 2 61 2 62 1 63 2 221 3 64 3 66 2 376 5 81 5
37 11 22 144 1 96 1 367 1 153 5 80 1 57 1 67 1 365 1 23 1 27 3 29 1 248 1 154 1 60 2 237 2 61 2 63 2 221 2 64 2 66 2 51 2 81 5
23 6 19 88 2 78 5 72 1 47 2 116 1 270 1 204 2 271 2 30 2 26 1 33 1 144 5 20 2 98 1 100 1 306 1 28 1 81 1 310 2
4 1 12 210 2 24 1 211 1 132 2 92 2 193 2 381 1 401 1 402 2 403 1 286 6 319 1
//IdTournes NbColis
7 5
//IdColis IdCommandeInColis NbProducts IdProd1 QtyProd1 IdProd2 QtyProd2 ...
13 2 27 25 1 26 1 30 2 33 1 271 2 368 1 144 5 41 1 67 1 370 1 23 1 27 7 29 2 48 1 248 1 164 1 51 3 268 3 60 2 61 2 62 3 63 2 64 3 66 2 32 1 31 1 81 5
41 13 25 26 1 144 5 171 1 80 1 41 1 57 2 67 1 269 1 23 1 48 1 250 2 301 1 172 1 164 1 285 1 28 1 51 3 268 3 60 2 61 2 62 3 63 2 64 3 66 2 81 6
35 10 21 33 1 271 2 144 5 80 3 76 2 67 2 269 1 23 1 68 1 164 1 28 1 60 2 237 2 61 2 63 2 221 2 64 2 66 2 51 2 81 6 52 1
21 5 13 82 2 278 1 282 1 23 1 48 1 281 1 164 1 285 1 60 2 61 2 62 3 268 3 81 4
10 1 49 360 1 374 5 323 1 203 2 220 2 299 1 317 1 154 2 355 2 356 1 394 1 399 2 406 1 408 2 398 2 400 7 285 5 164 1 65 5 221 3 64 2 66 2 63 2 60 2 237 3 311 1 315 1 61 2 313 2 372 1 379 2 314 3 309 3 322 3 32 3 130 3 222 3 395 2 249 3 31 5 376 5 325 4 327 4 328 5 205 5 321 1 81 5 288 5 158 3
