//NbTournees
13
//IdTournes NbColis
1 6
//IdColis IdCommandeInColis NbProducts IdProd1 QtyProd1 IdProd2 QtyProd2 ...
16 1 18 292 1 1 1 125 1 221 3 236 4 246 7 10 2 18 2 81 2 66 4 86 2 121 2 128 1 140 1 321 1 22 1 157 1 167 3
27 2 16 200 2 341 1 277 2 194 3 223 1 233 1 2 1 23 1 40 1 42 1 44 1 48 1 137 1 325 1 339 1 189 3
48 3 11 192 6 147 2 173 1 271 1 291 1 228 2 186 2 200 2 277 1 345 1 3 1
57 3 22 330 2 4 1 63 1 87 1 123 1 124 1 168 1 292 1 99 1 338 1 302 1 109 1 116 1 175 1 342 2 303 1 279 1 67 1 158 1 221 7 246 8 73 1
54 3 9 243 6 242 6 224 1 266 2 257 1 247 1 264 4 251 4 5 1
3 1 5 82 2 104 1 105 1 19 1 6 1
//IdTournes NbColis
2 6
//IdColis IdCommandeInColis NbProducts IdProd1 QtyProd1 IdProd2 QtyProd2 ...
46 3 6 262 2 249 3 290 2 172 1 222 9 6 1
59 3 28 256 8 286 1 289 1 323 1 351 1 114 1 188 3 317 1 100 1 6 1 47 1 285 1 14 1 31 5 72 3 83 1 96 3 97 2 326 2 313 1 347 2 197 1 274 1 308 9 275 1 269 1 309 2 227 1
71 4 25 198 1 52 1 159 1 161 1 331 1 182 1 87 1 168 1 324 1 328 1 7 1 145 1 18 1 86 1 140 1 321 1 256 2 273 1 289 2 188 1 144 1 35 1 97 1 312 1 197 1
5 1 8 25 1 122 1 110 1 138 1 333 1 8 1 335 1 232 1
43 3 8 103 1 27 1 8 2 24 1 37 2 50 1 117 1 20 1
67 4 8 118 1 25 1 64 1 9 1 24 1 37 2 38 1 72 1
//IdTournes NbColis
3 6
//IdColis IdCommandeInColis NbProducts IdProd1 QtyProd1 IdProd2 QtyProd2 ...
68 4 13 50 1 117 1 119 2 57 1 11 1 332 1 272 1 51 1 290 1 172 1 199 2 178 1 193 1
11 1 13 194 2 13 1 30 1 36 1 43 1 143 1 189 2 165 2 196 3 179 5 293 2 155 1 193 1
14 1 11 264 1 251 3 16 1 245 2 252 4 300 7 146 1 231 2 248 4 232 1 12 1
49 3 9 194 4 223 9 270 1 13 3 40 1 42 1 48 1 139 1 146 1
15 1 21 232 1 244 4 160 2 183 2 151 1 210 1 198 2 159 1 161 1 237 1 301 1 305 2 306 1 307 1 15 1 32 1 95 1 99 2 123 2 168 2 184 1
80 5 25 183 2 349 1 340 1 198 1 55 2 112 2 204 1 218 1 182 1 17 1 168 1 216 1 217 1 292 1 29 1 34 1 246 2 250 3 343 1 256 3 348 1 114 1 92 1 227 1 344 1
//IdTournes NbColis
4 6
//IdColis IdCommandeInColis NbProducts IdProd1 QtyProd1 IdProd2 QtyProd2 ...
2 1 4 75 2 82 2 19 1 144 1
23 2 6 85 1 129 1 89 1 135 1 19 1 47 1
24 2 5 58 2 25 1 19 2 126 1 164 1
39 3 6 82 1 104 1 111 1 118 1 19 1 120 1
41 3 4 84 2 122 1 19 3 198 1
42 3 5 19 1 62 1 64 1 103 3 336 1
//IdTournes NbColis
5 6
//IdColis IdCommandeInColis NbProducts IdProd1 QtyProd1 IdProd2 QtyProd2 ...
84 6 5 49 1 53 2 82 1 19 1 96 1
85 6 6 82 1 111 1 46 1 89 1 19 1 320 1
6 1 10 37 2 45 2 50 1 117 1 133 1 119 1 235 1 20 1 327 2 260 1
77 5 14 213 1 180 1 220 4 249 1 290 1 172 1 199 2 173 1 203 1 164 1 186 2 219 1 200 1 21 1
34 3 3 56 3 69 1 310 1
65 4 3 56 3 53 1 310 1
//IdTournes NbColis
6 6
//IdColis IdCommandeInColis NbProducts IdProd1 QtyProd1 IdProd2 QtyProd2 ...
44 3 8 119 2 57 1 65 1 70 1 71 2 98 1 327 5 165 1
40 3 5 85 1 25 1 84 3 24 1 91 1
75 5 5 113 1 135 1 25 2 103 1 37 1
86 6 6 25 1 84 1 61 1 62 1 103 2 172 1
35 3 4 59 2 93 1 75 1 310 1
66 4 5 59 1 88 1 127 1 316 1 276 1
//IdTournes NbColis
7 6
//IdColis IdCommandeInColis NbProducts IdProd1 QtyProd1 IdProd2 QtyProd2 ...
17 1 29 167 2 256 1 79 1 273 1 323 2 100 2 101 1 26 2 31 3 72 4 96 3 97 4 320 1 326 1 92 2 311 1 312 4 282 1 283 1 278 1 284 1 308 2 275 1 269 2 280 1 309 4 310 1 287 1 281 1
22 2 5 76 1 49 1 82 1 85 1 28 1
38 3 3 127 1 82 3 28 1
87 6 10 27 1 90 1 37 1 50 1 45 2 117 1 119 2 132 1 220 1 164 1
31 2 16 221 2 246 2 250 3 60 1 80 2 319 1 79 3 323 1 226 1 100 3 136 1 92 2 312 1 313 1 308 3 309 2
56 3 18 248 2 191 3 232 5 244 1 295 3 160 2 183 2 153 1 198 1 159 1 161 1 306 1 307 1 68 1 77 1 142 1 322 1 330 1
//IdTournes NbColis
8 6
//IdColis IdCommandeInColis NbProducts IdProd1 QtyProd1 IdProd2 QtyProd2 ...
8 1 11 261 1 262 1 294 1 296 1 249 2 297 1 290 1 172 1 222 7 241 1 33 1
26 2 11 172 1 222 1 199 2 241 3 178 3 192 2 147 2 228 1 291 1 186 2 33 1
74 5 6 75 1 85 1 89 1 46 1 314 1 91 1
73 5 5 102 1 53 2 69 1 37 1 198 1
83 6 5 76 1 102 1 69 1 85 1 220 1
1 1 5 74 1 88 1 46 1 53 1 166 1
//IdTournes NbColis
9 6
//IdColis IdCommandeInColis NbProducts IdProd1 QtyProd1 IdProd2 QtyProd2 ...
21 2 4 74 1 76 2 46 1 310 1
25 2 11 37 2 50 1 45 2 130 1 131 1 134 1 78 1 327 1 230 1 249 1 290 1
36 3 4 93 2 88 1 53 1 276 1
76 5 10 110 1 90 1 38 2 50 1 117 1 119 2 208 1 39 1 106 1 51 1
13 1 11 234 1 238 1 190 5 242 3 181 2 243 5 224 1 247 3 265 1 257 3 79 1
58 3 13 246 4 250 7 66 1 81 1 121 4 140 1 321 1 329 2 152 1 240 7 157 5 256 3 79 1
//IdTournes NbColis
10 6
//IdColis IdCommandeInColis NbProducts IdProd1 QtyProd1 IdProd2 QtyProd2 ...
90 6 21 248 1 232 6 160 1 183 1 198 2 52 1 218 2 305 1 182 1 94 1 205 1 246 2 225 1 240 4 209 1 157 2 256 3 79 1 323 1 54 1 92 1
79 5 17 193 1 253 1 298 1 162 1 214 1 190 2 242 1 247 1 251 1 257 3 299 1 346 1 252 3 254 3 231 2 160 2 41 1
45 3 8 272 1 51 1 106 1 180 1 229 2 220 7 259 3 164 1
4 1 4 85 3 135 1 126 1 191 1
78 5 16 200 1 345 1 194 3 223 2 107 1 108 1 115 1 189 1 165 1 196 3 179 2 155 1 163 1 207 2 193 1 246 1
37 3 4 88 2 127 1 53 1 288 1
//IdTournes NbColis
11 6
//IdColis IdCommandeInColis NbProducts IdProd1 QtyProd1 IdProd2 QtyProd2 ...
30 2 23 232 2 191 1 160 2 183 2 258 1 210 1 198 2 52 1 318 1 202 1 159 1 301 1 304 1 306 1 182 1 168 2 292 1 350 1 302 1 315 2 215 1 303 1 221 4
28 2 16 201 1 165 1 179 3 206 1 163 1 150 1 207 1 193 1 253 5 162 1 212 4 177 1 181 1 224 1 214 1 97 1
70 4 16 196 1 163 1 253 2 255 1 162 1 190 1 299 1 252 2 146 1 248 4 191 1 232 5 160 2 183 2 198 1 54 1
10 1 10 185 1 187 1 271 1 164 1 186 1 267 1 200 2 233 7 194 5 334 1
50 3 6 325 1 189 4 165 1 196 7 179 9 163 1
12 1 16 155 2 156 1 163 1 193 1 239 1 253 2 255 3 337 2 141 1 148 2 162 1 177 3 212 1 214 2 234 1 303 1
//IdTournes NbColis
12 6
//IdColis IdCommandeInColis NbProducts IdProd1 QtyProd1 IdProd2 QtyProd2 ...
7 1 9 327 1 272 2 166 1 169 2 229 4 230 2 220 3 259 1 182 1
69 4 12 178 3 192 1 174 1 164 1 186 2 200 2 194 3 143 1 189 1 165 2 179 3 193 1
88 6 13 296 1 199 1 241 2 178 1 192 2 228 1 211 1 186 2 200 2 223 4 189 1 201 1 148 1
51 3 7 163 1 155 3 150 3 193 3 298 6 253 7 146 1
53 3 5 212 3 214 3 190 10 243 8 146 1
9 1 8 241 3 260 2 263 4 268 1 199 1 176 1 147 5 173 1
//IdTournes NbColis
13 6
//IdColis IdCommandeInColis NbProducts IdProd1 QtyProd1 IdProd2 QtyProd2 ...
89 6 14 165 2 196 2 179 2 155 2 193 1 255 1 148 1 162 1 214 1 190 3 247 1 299 3 231 4 160 1
52 3 9 255 9 154 4 170 2 171 5 149 1 162 1 181 1 195 1 182 1
47 3 6 241 2 199 2 263 3 178 9 192 1 151 1
29 2 10 214 1 190 4 242 1 247 1 264 4 257 2 254 2 252 7 231 3 232 1
55 3 7 251 2 299 5 252 6 254 4 231 7 248 2 312 1
91 6 1 227 1
