//NbTournees
6
//IdTournes NbColis
1 6
//IdColis IdCommandeInColis NbProducts IdProd1 QtyProd1 IdProd2 QtyProd2 ...
1 1 17 4 1 96 2 156 1 87 1 82 1 291 1 83 3 85 2 12 1 22 1 46 1 132 1 116 1 172 1 117 1 299 2 3 1
2 1 16 113 2 122 2 38 2 13 1 20 1 295 3 55 1 10 3 308 1 59 2 5 1 6 1 19 1 123 1 16 3 84 1
7 2 19 48 1 49 1 116 1 172 1 117 1 122 2 113 2 13 1 180 1 295 1 76 1 55 1 47 3 54 3 188 3 59 1 123 1 77 1 98 1
11 3 19 63 1 67 1 80 1 302 1 156 2 78 1 66 2 291 1 41 1 303 1 312 1 39 1 71 1 46 1 74 1 132 1 116 1 172 1 68 1
12 3 16 117 1 113 2 294 3 179 1 122 2 38 2 20 2 180 1 76 1 10 1 54 2 59 1 136 2 130 1 288 1 64 1
16 4 21 127 1 210 1 111 1 113 1 116 1 117 1 122 2 201 1 46 1 206 1 108 1 123 1 213 1 124 2 114 1 202 2 21 2 125 1 139 1 112 1 92 1
//IdTournes NbColis
2 6
//IdColis IdCommandeInColis NbProducts IdProd1 QtyProd1 IdProd2 QtyProd2 ...
18 5 20 133 1 131 1 38 2 132 1 113 1 116 1 117 1 134 1 122 1 166 1 243 1 46 1 76 2 248 1 136 1 130 1 123 1 114 2 112 1 240 1
21 6 19 280 1 41 1 231 1 83 1 85 1 38 1 140 1 141 1 134 1 146 1 166 1 46 1 257 1 138 1 19 2 148 1 228 2 230 1 92 1
24 7 22 156 1 215 1 38 1 152 1 132 1 117 1 134 1 122 1 158 1 166 1 46 1 154 2 130 1 19 1 155 1 157 1 153 1 8 1 109 1 112 1 214 1 2 1
26 8 19 87 1 218 1 83 2 38 1 160 1 122 1 134 1 166 1 71 1 46 1 161 1 163 2 130 1 19 1 222 1 164 2 114 1 159 2 21 1
28 9 24 96 1 170 1 38 1 166 1 116 1 117 1 168 1 122 1 134 1 201 1 46 1 20 1 262 1 123 1 171 1 114 1 149 1 21 1 153 1 125 1 93 2 61 1 112 1 92 2
30 10 23 107 1 116 1 134 1 172 1 117 1 168 1 38 1 46 1 123 1 171 1 175 2 130 1 230 1 114 1 21 2 125 1 109 1 194 2 120 1 128 2 112 2 68 1 92 1
//IdTournes NbColis
3 6
//IdColis IdCommandeInColis NbProducts IdProd1 QtyProd1 IdProd2 QtyProd2 ...
32 11 19 177 1 156 1 116 1 134 1 179 1 122 1 38 1 132 1 166 1 71 3 46 1 257 1 123 1 130 1 145 2 114 1 21 2 251 1 256 1
34 12 22 277 1 66 1 58 1 83 1 116 1 117 1 182 1 134 1 122 1 185 1 132 1 200 1 166 1 49 1 180 3 183 2 198 1 279 1 76 1 184 1 10 1 7 1
23 6 23 287 1 150 1 15 1 209 1 151 1 286 1 234 2 142 1 68 3 233 1 144 2 283 1 50 4 137 1 284 1 227 1 84 1 285 1 282 1 220 1 276 1 60 1 51 4
3 1 22 297 1 189 1 114 2 296 1 293 1 135 2 18 1 149 3 21 3 289 1 8 1 181 1 301 1 125 2 7 4 23 1 93 1 97 3 94 1 109 1 112 1 92 1
14 3 29 21 1 289 1 313 1 181 1 125 2 8 1 69 1 126 1 109 1 120 2 72 1 73 1 79 4 128 3 112 5 75 2 119 3 121 2 15 1 290 1 118 2 307 2 50 5 305 1 77 1 35 1 14 1 314 1 65 1
17 4 27 115 1 205 1 126 1 109 1 194 2 120 1 128 2 112 1 208 1 110 2 119 2 121 1 209 2 118 1 50 5 203 1 207 1 14 1 17 1 84 1 27 1 212 1 211 1 53 1 90 3 204 1 51 3
//IdTournes NbColis
4 6
//IdColis IdCommandeInColis NbProducts IdProd1 QtyProd1 IdProd2 QtyProd2 ...
22 6 24 238 2 143 1 145 1 229 1 235 1 70 1 149 1 202 1 102 1 139 1 115 1 94 1 232 1 237 1 109 1 120 1 147 1 128 2 112 4 236 4 271 1 119 2 121 1 281 1
27 8 24 125 1 225 2 165 1 93 1 29 1 162 1 109 1 194 2 120 1 128 2 112 5 75 1 119 2 121 1 216 1 224 1 103 2 50 5 221 1 219 1 220 3 226 1 217 1 223 1
29 9 22 167 1 260 1 109 1 120 1 128 2 112 4 236 3 56 1 75 1 119 2 121 1 169 1 224 1 265 1 50 5 261 1 259 2 264 2 14 1 43 1 263 2 51 1
33 11 22 125 1 225 1 29 1 255 1 109 1 194 2 120 1 128 2 112 5 236 3 119 2 121 1 178 1 142 1 50 5 250 1 258 1 35 1 14 1 253 1 252 1 254 1
35 12 20 188 1 47 2 123 1 199 3 24 3 189 1 114 1 272 1 190 1 21 2 181 1 125 1 274 1 93 1 278 3 29 1 109 1 120 1 273 3 50 1
38 13 24 41 1 132 1 46 1 117 1 122 1 38 1 19 1 130 1 193 1 109 1 194 2 120 1 128 2 112 5 119 2 121 1 195 1 142 1 144 1 196 1 50 5 197 1 192 1 191 1
//IdTournes NbColis
5 6
//IdColis IdCommandeInColis NbProducts IdProd1 QtyProd1 IdProd2 QtyProd2 ...
4 1 30 120 2 79 1 9 1 298 2 309 1 128 3 112 4 95 1 75 2 119 3 121 2 86 1 15 1 11 1 88 1 89 1 68 1 174 1 50 5 305 1 35 1 14 2 17 3 84 2 310 1 1 1 81 1 90 1 2 5 91 1
8 2 17 24 3 5 2 124 3 114 2 102 3 21 2 301 2 125 1 105 3 61 1 28 1 29 1 300 1 112 8 56 2 106 1 31 1
19 5 29 244 1 135 1 129 1 40 1 21 2 125 1 194 3 112 6 56 1 15 1 242 2 241 1 30 4 31 4 50 7 246 2 17 1 14 2 34 2 32 3 249 1 44 3 33 2 212 1 239 1 53 1 247 1 3 8 245 2
25 7 8 120 1 128 2 112 4 119 2 121 1 15 1 144 1 50 5
31 10 21 112 3 271 1 267 1 119 2 121 1 150 1 224 2 103 1 68 1 174 2 50 5 250 2 173 1 35 1 176 1 266 1 84 1 211 1 269 1 270 3 268 1
36 12 25 79 1 128 2 112 5 236 5 208 1 95 1 75 1 119 2 186 1 121 1 86 2 187 1 242 1 88 1 50 4 246 1 35 1 14 1 27 2 240 1 276 2 275 1 263 1 64 1 51 2
//IdTournes NbColis
6 3
//IdColis IdCommandeInColis NbProducts IdProd1 QtyProd1 IdProd2 QtyProd2 ...
13 3 18 123 1 138 2 143 3 145 2 124 1 114 2 304 1 70 1 292 3 311 1 293 1 135 1 40 1 315 2 190 1 21 2 306 1 64 1
6 2 11 101 3 104 1 26 1 37 1 58 1 107 4 25 1 36 1 38 2 46 1 62 1
9 2 24 106 2 103 3 30 5 31 4 50 8 100 1 35 2 45 1 14 1 57 1 27 4 34 2 32 4 43 1 42 1 99 1 52 1 33 2 44 4 53 1 98 2 2 4 60 1 51 8
