//NbTournees
10
//IdTournes NbColis
1 6
//IdColis IdCommandeInColis NbProducts IdProd1 QtyProd1 IdProd2 QtyProd2 ...
3 1 21 119 2 207 1 182 1 62 1 22 2 180 1 86 2 205 1 19 1 118 1 170 1 195 1 174 1 177 1 204 2 206 1 104 2 18 1 108 1 15 1 111 1
58 13 20 155 1 258 2 165 1 76 1 254 1 105 2 79 1 91 1 181 1 262 1 256 2 184 1 189 1 62 1 163 1 201 1 261 1 255 1 106 1 41 1
40 10 7 39 1 44 1 52 1 48 1 24 1 27 1 63 1
42 10 15 97 3 187 3 102 2 64 1 130 1 156 1 241 1 155 1 76 1 79 1 91 1 189 1 242 2 243 1 5 1
48 11 31 117 1 23 3 56 1 19 1 75 1 118 1 159 1 170 1 195 1 174 1 177 1 206 1 66 1 74 1 65 3 87 1 193 1 78 1 84 1 88 1 101 1 55 1 30 1 32 1 35 1 53 1 41 1 70 1 28 2 29 2 208 1
60 13 25 174 1 177 2 37 2 267 1 266 2 65 1 252 1 82 1 192 1 203 2 176 1 251 2 101 1 30 1 32 1 35 1 246 1 40 2 260 1 235 1 5 1 209 1 28 2 29 2 34 1
//IdTournes NbColis
2 6
//IdColis IdCommandeInColis NbProducts IdProd1 QtyProd1 IdProd2 QtyProd2 ...
43 10 22 143 1 163 1 146 1 136 2 151 1 212 1 86 1 106 1 113 1 114 2 9 2 10 1 166 1 117 1 23 2 3 1 67 1 118 1 159 2 209 1 245 1 49 2
38 9 27 73 1 118 1 159 2 170 2 172 1 174 1 177 1 195 2 74 3 104 1 144 1 82 1 145 2 154 1 175 1 176 1 193 1 78 2 68 1 84 1 30 2 32 2 41 2 5 1 209 1 28 2 29 2
56 13 10 48 2 20 1 36 1 210 1 211 1 249 1 120 1 268 1 72 1 80 1
13 4 20 120 1 72 1 96 1 85 1 97 1 100 1 187 1 116 1 91 1 11 1 163 1 69 1 112 2 151 1 196 1 10 1 106 1 114 1 3 1 28 1
44 10 27 170 2 172 1 195 2 174 1 177 1 108 1 192 3 193 1 224 1 198 1 202 1 175 1 176 2 239 1 236 1 84 1 167 1 80 1 101 1 35 1 70 1 246 1 28 2 29 1 34 1 244 1 6 1
26 7 21 120 1 72 1 96 1 85 1 97 1 100 1 187 1 71 1 116 1 214 1 98 1 165 1 89 1 91 1 11 1 163 1 10 1 113 1 114 1 84 1 49 1
//IdTournes NbColis
3 6
//IdColis IdCommandeInColis NbProducts IdProd1 QtyProd1 IdProd2 QtyProd2 ...
57 13 8 96 2 164 1 83 2 97 3 100 3 187 3 102 1 250 1
52 12 17 187 3 134 1 116 1 156 1 241 1 121 1 76 3 91 1 189 1 149 3 240 1 153 1 163 1 226 1 215 1 106 1 237 1
2 1 14 36 1 210 1 211 1 72 1 96 1 85 1 97 2 100 2 95 1 183 1 90 1 105 1 79 1 9 1
6 2 16 20 1 36 1 211 1 120 1 72 1 96 1 83 1 97 1 100 1 187 1 102 1 76 1 90 1 105 1 91 1 117 1
10 3 25 72 1 96 1 85 1 97 1 100 1 187 1 102 1 76 1 91 1 185 1 189 1 126 1 136 1 10 1 106 1 114 1 168 1 117 1 138 1 3 1 19 1 75 1 137 1 133 1 34 1
17 5 10 57 1 120 4 72 1 96 1 85 1 97 2 100 2 95 1 116 1 139 1
//IdTournes NbColis
4 6
//IdColis IdCommandeInColis NbProducts IdProd1 QtyProd1 IdProd2 QtyProd2 ...
21 6 11 61 1 120 1 72 1 96 1 131 2 164 2 83 1 97 2 100 2 187 1 161 1
30 8 11 51 1 120 1 72 1 96 2 83 2 100 2 97 2 187 2 102 1 127 1 35 1
35 9 9 36 1 232 1 120 2 72 1 96 2 164 1 83 2 107 2 97 2
41 10 10 60 1 61 1 20 1 120 1 72 1 96 2 85 2 94 1 100 3 86 1
47 11 21 59 1 120 1 72 1 96 1 85 1 97 1 100 1 187 1 116 1 91 1 11 1 92 1 163 1 77 1 191 2 194 1 106 1 114 1 200 1 209 1 49 1
51 12 9 36 1 248 1 120 1 72 1 96 2 85 2 100 3 97 3 84 1
//IdTournes NbColis
5 6
//IdColis IdCommandeInColis NbProducts IdProd1 QtyProd1 IdProd2 QtyProd2 ...
37 9 22 92 2 163 1 146 3 136 1 225 1 230 1 147 1 86 1 106 1 141 2 114 1 168 1 10 1 223 1 117 1 171 1 140 1 138 1 3 1 19 1 73 1 101 1
11 3 21 118 1 170 1 195 1 174 1 177 1 204 1 206 1 74 1 104 2 123 1 192 1 203 1 84 1 80 1 101 1 35 1 41 2 122 1 31 1 6 1 7 1
27 7 24 200 1 117 1 19 1 56 1 75 1 118 1 159 1 170 1 195 1 174 1 177 1 206 1 74 1 108 1 82 1 192 1 203 1 88 1 101 1 30 1 35 1 28 2 29 2 49 1
53 12 25 151 1 113 1 114 2 222 1 10 1 117 1 23 1 19 1 75 1 115 1 118 1 159 2 170 1 195 2 174 1 177 1 206 1 74 1 108 1 82 1 111 1 178 1 213 1 192 1 30 1
7 2 23 181 1 11 1 184 1 163 1 186 1 10 1 106 2 113 2 114 2 19 1 247 1 118 1 159 1 170 1 195 2 174 1 177 1 206 1 103 1 108 1 37 1 123 1 28 1
8 2 13 123 1 82 1 188 2 80 1 101 1 2 2 32 1 35 1 41 2 45 2 28 1 29 2 34 1
//IdTournes NbColis
6 6
//IdColis IdCommandeInColis NbProducts IdProd1 QtyProd1 IdProd2 QtyProd2 ...
23 6 31 17 1 3 2 75 1 118 1 159 2 177 1 170 1 172 1 220 1 195 1 174 1 18 1 15 1 21 1 82 1 175 1 176 1 192 2 224 1 198 1 84 1 80 1 101 1 233 2 234 1 32 1 35 1 53 1 41 2 46 1 47 1
31 8 18 165 3 76 1 90 1 135 1 91 1 50 1 124 1 125 1 189 1 149 1 231 1 163 1 173 1 227 1 228 2 229 1 151 1 113 1
36 9 15 97 1 100 3 187 3 102 1 217 1 165 1 76 1 148 2 91 2 189 1 142 1 160 1 162 1 81 1 77 1
59 13 22 255 1 259 1 191 1 186 1 114 1 222 1 10 1 263 1 166 1 117 1 257 1 264 1 265 1 253 1 3 1 19 1 137 1 118 1 159 2 170 2 172 1 195 3
32 8 22 152 1 218 1 219 2 222 1 3 1 118 1 159 2 170 1 174 1 177 1 195 1 206 1 103 4 108 2 18 1 21 1 82 1 176 1 221 1 192 1 80 1 41 1
14 4 26 117 1 99 1 110 2 115 1 118 1 170 1 195 1 174 1 177 1 206 1 103 2 104 1 15 1 109 1 188 1 197 1 198 1 199 1 202 1 84 1 88 1 101 1 14 2 35 1 28 1 29 1
//IdTournes NbColis
7 6
//IdColis IdCommandeInColis NbProducts IdProd1 QtyProd1 IdProd2 QtyProd2 ...
19 5 21 204 2 206 1 104 2 18 1 33 1 178 2 190 1 192 1 193 1 176 1 84 1 88 1 101 1 30 2 32 2 35 1 5 1 28 2 34 1 4 1 6 1
33 8 10 197 1 199 1 15 1 84 1 101 1 32 1 41 1 28 2 29 2 34 1
54 12 17 193 1 197 1 198 1 202 1 203 1 176 2 167 1 88 1 101 1 32 2 35 1 235 1 5 2 238 1 28 2 29 2 34 1
18 5 21 129 1 91 1 11 1 12 1 16 1 132 1 163 1 201 1 106 1 113 1 114 1 179 1 23 3 117 1 3 1 19 1 118 1 170 1 195 1 174 1 177 1
22 6 18 187 1 102 1 130 1 105 1 157 1 91 1 189 1 163 1 8 1 13 1 150 2 216 1 106 1 113 1 161 1 169 3 128 1 158 2
4 1 8 178 1 198 1 93 2 26 1 1 1 43 1 29 1 34 1
//IdTournes NbColis
8 6
//IdColis IdCommandeInColis NbProducts IdProd1 QtyProd1 IdProd2 QtyProd2 ...
1 1 7 25 1 38 1 42 1 44 1 54 1 48 1 94 1
5 2 7 25 1 39 1 44 1 42 1 48 1 52 1 94 1
9 3 7 24 1 27 1 39 1 44 1 48 1 52 1 94 1
12 4 7 24 1 27 1 39 1 44 1 48 1 52 1 94 1
16 5 7 24 1 39 1 44 1 42 1 52 1 48 1 94 1
20 6 7 24 1 27 1 39 1 44 1 52 1 48 1 94 1
//IdTournes NbColis
9 6
//IdColis IdCommandeInColis NbProducts IdProd1 QtyProd1 IdProd2 QtyProd2 ...
25 7 7 24 1 27 1 39 1 44 1 48 1 52 1 94 1
29 8 7 24 1 27 1 39 1 44 1 52 1 48 1 94 1
34 9 7 27 1 39 1 44 1 52 1 48 1 24 1 94 1
46 11 7 42 1 44 1 54 1 58 1 48 1 25 1 94 1
50 12 7 24 1 27 1 39 1 44 1 52 1 48 1 94 1
55 13 6 24 1 27 2 39 1 44 1 52 1 94 1
//IdTournes NbColis
10 2
//IdColis IdCommandeInColis NbProducts IdProd1 QtyProd1 IdProd2 QtyProd2 ...
24 6 4 40 2 28 2 29 1 34 1
39 9 1 34 1
