//NbTournees
24
//IdTournes NbColis
1 6
//IdColis IdCommandeInColis NbProducts IdProd1 QtyProd1 IdProd2 QtyProd2 ...
63 20 21 41 1 32 1 118 1 202 1 13 1 94 1 170 1 204 1 205 1 218 1 213 1 217 1 47 5 209 1 192 2 195 1 214 1 10 2 216 1 108 2 212 1
72 24 20 205 2 206 1 504 1 201 1 172 2 142 1 197 1 386 1 47 5 207 1 209 1 192 2 195 1 208 1 10 1 362 1 108 4 188 1 138 1 503 1
102 34 33 270 1 4 5 209 1 429 1 195 1 208 1 192 2 364 1 380 1 10 1 240 1 90 5 173 1 61 1 82 4 92 1 169 1 138 1 7 2 200 1 211 1 123 1 81 1 96 1 15 1 74 1 379 1 378 1 3 1 31 1 426 1 20 1 78 1
116 39 24 206 1 373 1 375 1 241 1 281 1 416 1 4 5 415 1 278 1 77 1 198 1 214 1 195 1 417 1 192 2 418 1 104 1 10 1 399 1 240 1 90 2 110 1 138 1 92 2
119 40 25 88 1 146 1 409 1 413 1 270 1 401 1 29 5 77 1 183 1 195 1 290 1 412 1 90 5 100 1 411 1 82 4 102 1 138 1 92 2 169 1 7 2 403 1 154 1 78 1 153 1
124 42 16 664 1 35 1 41 1 32 1 6 1 9 1 50 1 45 1 37 2 21 1 321 1 204 1 172 1 233 1 142 1 195 1
//IdTournes NbColis
2 6
//IdColis IdCommandeInColis NbProducts IdProd1 QtyProd1 IdProd2 QtyProd2 ...
127 43 24 203 1 199 1 196 1 193 1 436 1 434 1 435 1 47 4 195 1 308 1 108 4 82 3 138 1 92 2 105 1 93 1 433 1 97 1 431 2 115 1 95 1 17 2 432 2 5 4
21 7 21 4 5 209 1 284 1 246 1 77 1 429 2 84 1 437 1 438 1 208 1 192 2 240 2 228 1 440 1 10 2 147 1 90 5 188 1 110 2 200 1 101 1
6 2 21 448 1 257 1 453 1 291 1 449 1 296 1 386 1 4 5 209 1 25 1 198 1 192 2 84 1 208 1 10 1 240 1 228 1 147 1 90 5 450 1 20 1
131 44 43 160 1 184 1 232 1 443 1 240 1 650 1 90 5 110 1 82 3 446 1 138 1 92 2 169 1 7 2 444 1 200 1 211 2 123 2 261 1 96 1 15 1 442 1 285 1 74 2 176 1 31 1 3 1 97 1 73 2 20 1 109 1 95 1 17 2 75 1 58 1 137 1 98 1 163 1 468 1 389 1 345 1 5 6 112 1
65 21 21 35 1 27 1 1 1 225 1 174 1 221 1 226 1 175 1 213 1 172 1 47 5 219 1 222 1 104 1 111 1 216 1 228 1 108 5 173 1 130 1 105 1
4 1 21 15 1 96 1 252 1 74 2 249 1 176 1 3 1 89 1 109 2 127 1 101 1 75 1 623 1 72 2 98 1 163 1 336 2 12 2 85 1 5 6 112 1
//IdTournes NbColis
3 6
//IdColis IdCommandeInColis NbProducts IdProd1 QtyProd1 IdProd2 QtyProd2 ...
35 10 35 92 1 169 1 66 1 179 1 340 1 200 1 266 1 211 1 261 1 628 1 96 1 15 1 74 1 379 1 441 1 625 1 31 1 263 1 624 1 609 1 3 1 63 1 20 1 78 2 101 2 75 1 98 1 163 1 153 1 85 1 18 1 114 1 5 6 133 2 112 3
47 14 35 458 1 47 5 459 1 209 1 456 1 460 1 455 2 192 1 457 1 214 1 119 1 10 1 108 5 100 1 14 1 82 3 83 1 93 2 105 1 200 1 211 1 15 1 96 1 74 1 3 1 20 1 115 1 109 1 75 1 117 1 98 1 114 1 85 1 5 6 112 1
53 16 29 257 1 217 1 29 5 209 1 192 2 208 1 111 1 10 1 240 1 131 1 90 5 276 1 130 1 82 4 138 1 92 2 93 2 105 1 266 1 211 1 123 1 15 2 96 1 295 1 129 1 3 1 33 1 97 1 20 1
56 17 44 209 1 77 2 84 1 192 2 208 1 10 1 147 1 240 1 131 1 90 5 110 1 82 4 215 1 93 2 138 1 92 2 105 1 143 1 200 1 211 1 81 1 406 1 15 1 96 1 463 1 74 1 3 1 33 1 97 1 145 1 148 1 462 1 73 2 20 1 109 1 95 1 17 2 461 1 75 1 407 1 98 2 85 1 5 6 112 1
64 20 32 108 2 82 3 215 1 93 2 138 1 92 2 169 1 30 1 36 2 143 1 200 1 211 1 15 1 96 1 74 1 3 1 31 1 168 1 20 1 158 1 157 1 109 1 75 1 166 1 87 1 98 1 153 1 18 1 85 1 5 5 167 1 112 1
76 25 33 232 1 240 1 630 1 633 1 90 5 360 1 100 1 82 4 44 1 215 1 357 1 236 1 200 1 211 1 403 1 86 1 96 1 74 1 23 1 239 1 3 1 97 1 73 2 20 1 109 1 95 1 17 2 75 1 180 1 372 1 98 1 5 6 133 2
//IdTournes NbColis
4 6
//IdColis IdCommandeInColis NbProducts IdProd1 QtyProd1 IdProd2 QtyProd2 ...
134 45 33 4 2 278 3 315 1 209 1 246 1 192 1 208 1 250 1 240 2 228 1 10 1 328 1 465 1 90 4 293 1 82 4 152 1 49 2 200 1 266 1 211 1 261 1 15 1 96 1 74 1 23 1 466 1 351 1 168 1 639 1 97 1 645 1 20 1
13 4 23 204 1 206 1 193 1 376 1 88 1 126 1 273 1 271 1 326 1 270 1 274 1 4 4 29 1 209 1 275 1 192 1 208 1 364 1 10 1 147 1 108 3 78 1 101 1
29 9 27 416 1 245 1 257 1 274 1 287 1 576 1 4 5 209 1 275 1 284 1 355 1 607 1 77 2 192 1 282 1 208 1 84 1 56 1 216 1 232 1 10 1 283 1 247 1 131 1 90 1 188 1 20 1
79 26 21 436 1 88 1 343 1 126 1 175 1 384 1 244 1 172 1 277 1 279 1 280 2 281 1 373 1 386 1 29 5 278 1 209 1 275 1 77 1 192 1 168 1
130 44 23 298 2 206 1 649 1 325 1 618 1 233 1 142 1 139 1 264 1 4 5 209 1 445 1 275 1 219 1 77 2 309 1 192 2 208 1 104 1 111 1 10 1 78 1 101 2
100 33 27 90 2 188 1 471 1 130 1 82 4 7 2 138 1 92 2 169 1 340 1 66 1 470 1 337 1 97 1 338 1 73 2 132 1 101 2 17 2 95 1 331 1 166 1 324 2 336 1 153 1 5 5 133 1
//IdTournes NbColis
5 6
//IdColis IdCommandeInColis NbProducts IdProd1 QtyProd1 IdProd2 QtyProd2 ...
137 46 17 412 1 482 1 90 4 82 3 654 2 655 1 516 1 138 1 92 2 169 1 7 1 475 1 478 1 431 2 432 2 389 1 5 2
39 11 26 644 1 77 1 198 2 603 1 192 2 208 1 290 1 259 2 294 1 297 1 602 1 240 2 232 1 147 1 630 1 10 2 131 1 90 5 110 1 293 1 82 4 260 1 7 1 138 1 92 1 98 1
84 27 52 147 1 131 2 362 1 90 5 360 1 14 2 82 4 358 1 102 1 304 1 169 1 138 1 92 2 7 2 357 1 171 1 211 1 200 1 303 1 363 1 123 5 96 1 15 1 74 1 23 1 361 1 306 1 3 1 31 2 609 1 359 1 145 1 615 1 365 1 616 1 20 1 109 1 78 2 101 1 75 2 331 1 611 1 58 1 349 1 136 1 568 1 98 1 85 2 182 1 5 6 133 1 112 1
88 28 16 90 4 82 3 169 1 7 1 306 1 658 1 97 1 657 1 493 1 431 2 73 2 132 1 95 1 17 2 432 2 5 3
73 24 28 108 1 14 2 82 4 92 2 169 1 635 1 7 1 200 1 211 1 81 1 15 1 96 1 210 1 74 2 194 2 168 1 3 1 20 1 109 2 75 1 58 1 98 1 140 1 85 2 5 6 26 2 133 2 112 2
92 30 45 192 1 240 1 228 1 247 1 131 1 90 5 471 1 82 4 44 2 483 1 322 1 138 1 92 2 169 1 7 1 30 1 200 1 211 1 81 1 261 1 96 1 15 1 210 1 74 2 168 1 3 1 97 1 73 2 20 1 109 1 157 1 159 1 101 2 95 1 17 2 75 1 324 1 180 1 98 1 140 1 427 1 85 1 327 2 5 6 112 1
//IdTournes NbColis
6 6
//IdColis IdCommandeInColis NbProducts IdProd1 QtyProd1 IdProd2 QtyProd2 ...
136 46 22 116 4 267 1 199 1 196 1 170 1 317 1 191 1 193 1 481 1 274 1 264 1 480 1 229 1 29 4 315 1 309 1 479 1 438 1 147 1 476 1 477 1 5 2
3 1 30 4 4 209 1 246 1 192 1 208 1 222 1 250 1 119 1 10 1 240 1 254 1 247 1 131 1 328 1 90 5 188 1 100 1 61 1 110 1 14 2 82 4 46 1 7 2 138 1 92 2 169 1 200 1 211 2 78 1 101 1
45 13 30 216 1 254 1 247 1 487 1 108 4 100 1 110 1 82 3 102 1 105 1 106 2 83 1 93 2 200 1 211 1 490 1 491 1 15 1 96 1 74 1 99 1 3 1 33 1 20 1 109 1 101 1 75 1 98 1 5 5 112 2
26 8 36 82 3 44 1 92 2 169 1 138 1 357 2 502 1 200 1 211 1 96 1 15 1 423 1 168 1 3 1 57 1 89 1 20 1 109 1 78 2 101 2 58 1 75 1 331 1 137 1 372 1 117 1 91 2 53 1 366 1 98 1 153 1 140 1 85 1 5 6 133 1 112 3
126 42 46 102 1 138 1 92 2 169 1 7 2 514 1 179 2 36 1 422 1 143 2 200 1 211 1 81 1 96 1 15 1 423 1 74 2 23 1 168 3 656 1 31 1 3 1 665 1 97 1 68 2 462 1 390 1 89 1 419 1 347 2 663 1 73 2 161 1 424 1 20 1 109 1 95 1 17 2 75 1 180 1 425 1 366 1 98 1 12 1 327 1 5 6
138 47 28 495 1 118 1 314 1 497 1 312 1 496 1 29 4 308 1 90 4 61 1 82 3 102 1 105 1 106 2 83 1 93 1 494 1 97 1 493 1 431 2 73 1 20 1 95 1 17 2 137 1 432 2 72 1 5 4
//IdTournes NbColis
7 6
//IdColis IdCommandeInColis NbProducts IdProd1 QtyProd1 IdProd2 QtyProd2 ...
34 10 26 4 2 209 1 590 1 614 1 246 1 492 1 192 1 208 1 259 1 629 1 627 1 56 2 232 1 10 1 90 5 188 1 256 1 262 1 65 1 82 4 44 2 258 1 7 2 260 1 268 1 92 1
97 32 51 209 1 284 1 77 1 208 1 192 1 10 1 90 5 61 1 82 4 516 1 152 1 138 1 92 2 169 1 7 2 333 1 514 1 340 1 36 2 513 1 200 1 211 1 81 2 123 2 15 1 96 1 517 1 74 1 168 2 3 2 97 1 335 1 332 2 73 2 20 1 109 1 101 1 17 2 75 1 324 2 91 1 98 1 163 1 515 1 336 1 85 1 18 1 12 2 5 6 26 1 112 1
147 51 23 309 1 308 1 525 1 90 4 188 1 519 1 521 1 14 1 82 3 523 1 520 1 524 1 511 1 97 1 68 1 431 2 73 1 161 1 17 2 95 1 432 2 177 1 5 3
59 18 50 192 1 418 1 104 1 10 1 216 1 108 5 65 1 82 4 152 1 149 1 102 1 49 4 105 1 93 2 138 1 92 2 200 1 211 1 123 2 81 2 86 1 531 1 15 1 96 5 74 1 194 1 3 1 154 2 31 1 33 1 97 1 493 1 73 2 20 2 115 1 109 1 101 1 17 2 95 1 75 1 58 1 59 1 87 1 98 1 153 1 141 1 114 1 85 1 5 6 112 1
2 1 19 2 1 8 2 248 1 203 1 13 1 21 1 199 1 196 1 193 1 204 2 206 1 253 1 622 1 191 2 245 1 234 1 375 1 251 1 4 1
9 3 23 339 1 94 1 13 1 199 1 196 1 170 1 533 1 204 2 206 1 193 1 497 1 376 1 191 1 329 1 126 1 617 1 618 1 270 1 229 1 29 3 149 1 78 2 85 1
//IdTournes NbColis
8 6
//IdColis IdCommandeInColis NbProducts IdProd1 QtyProd1 IdProd2 QtyProd2 ...
24 8 19 116 4 118 1 267 1 21 1 13 2 321 1 199 1 196 1 170 1 204 2 501 1 191 1 193 1 369 1 373 1 375 1 241 1 281 1 7 1
28 9 19 60 1 267 1 21 3 339 1 94 1 199 1 196 2 193 1 204 2 206 1 353 1 191 2 221 1 605 1 354 1 286 1 229 1 31 1 345 1
33 10 19 255 1 193 1 237 1 265 1 204 2 206 1 447 1 191 2 381 1 135 1 626 1 369 1 257 1 241 1 373 1 326 1 264 1 4 3 138 1
37 11 17 8 2 267 1 21 2 339 1 199 1 321 1 660 1 196 2 170 1 193 2 292 1 298 2 206 1 191 2 272 2 101 1 78 2
40 11 38 92 1 169 1 200 1 211 1 299 1 261 1 86 1 69 1 96 1 15 1 295 1 74 2 662 1 598 1 404 1 176 1 288 1 604 1 34 2 168 1 3 1 67 1 68 1 145 1 419 1 347 1 20 1 115 1 109 1 75 1 181 1 366 1 163 2 336 2 141 1 5 6 327 1 133 2
46 14 15 35 1 116 6 118 1 202 1 203 1 13 1 94 1 199 1 196 1 113 1 204 2 206 1 436 1 193 1 82 1
//IdTournes NbColis
9 6
//IdColis IdCommandeInColis NbProducts IdProd1 QtyProd1 IdProd2 QtyProd2 ...
71 24 17 16 1 41 1 636 1 39 1 320 1 6 1 118 1 202 1 505 1 203 1 21 1 199 1 196 1 191 1 193 1 204 2 198 1
78 26 18 16 1 41 1 32 1 27 1 6 1 118 1 202 1 37 1 203 1 94 1 21 1 13 1 199 1 196 1 193 1 204 2 191 1 10 1
82 27 18 32 1 356 1 1 3 2 1 8 1 301 1 144 1 267 1 612 2 199 1 321 1 196 1 302 1 193 1 305 1 204 2 206 1 366 1
86 28 22 19 1 71 1 269 1 316 1 620 1 485 1 267 1 94 1 199 1 196 1 193 1 311 1 314 1 265 1 317 1 318 1 497 1 310 1 654 1 12 1 26 1 5 1
118 40 16 402 1 116 6 1 1 45 1 8 1 267 1 13 1 94 1 199 1 196 1 193 1 205 1 410 1 255 1 191 1 408 1
16 5 21 204 1 206 1 539 1 281 1 413 1 474 1 537 1 538 1 540 1 29 5 209 1 77 1 198 1 543 1 214 1 192 2 111 1 10 1 131 1 90 4 78 2
//IdTournes NbColis
10 6
//IdColis IdCommandeInColis NbProducts IdProd1 QtyProd1 IdProd2 QtyProd2 ...
25 8 25 413 1 274 1 4 5 207 1 209 1 371 1 367 1 246 1 77 1 84 1 208 1 417 1 192 1 119 1 56 2 374 1 10 1 498 1 500 1 90 5 110 1 235 1 499 1 82 1 7 1
113 38 33 274 1 550 1 29 5 209 1 77 1 214 1 192 2 104 1 10 2 108 5 82 4 138 1 92 2 169 1 7 2 396 1 66 1 200 1 211 1 15 1 96 1 74 1 129 2 168 2 3 1 97 1 73 2 20 1 109 1 78 1 101 2 75 1 182 1
121 41 20 41 1 32 1 356 1 6 1 405 2 21 1 330 1 204 2 545 1 369 1 326 1 546 1 241 1 416 1 257 1 474 1 274 2 4 3 90 1 133 1
144 50 17 41 1 552 1 39 1 134 2 118 1 202 1 13 1 21 1 204 1 206 1 142 1 271 1 257 1 274 1 47 5 209 1 553 1
148 52 27 43 1 334 1 505 1 435 1 274 1 29 5 544 1 77 1 104 1 364 1 131 1 108 5 14 1 82 4 322 1 92 2 105 1 83 1 93 1 66 1 335 1 89 1 161 1 109 1 91 1 432 1 5 5
38 11 22 605 2 606 1 643 1 563 1 165 1 621 1 608 1 368 1 238 1 257 1 326 1 229 1 289 1 291 1 296 1 386 1 4 5 209 1 607 1 642 1 7 1 78 1
//IdTournes NbColis
11 6
//IdColis IdCommandeInColis NbProducts IdProd1 QtyProd1 IdProd2 QtyProd2 ...
150 53 27 317 1 561 1 563 1 558 1 557 1 562 1 289 1 29 4 77 1 560 1 417 1 222 1 90 4 360 1 559 1 82 3 102 1 93 1 138 1 92 2 169 1 433 1 97 1 73 1 17 2 95 1 5 4
152 54 23 19 1 80 1 103 1 464 1 13 1 21 1 204 1 206 1 651 1 88 1 621 1 342 1 139 1 29 5 278 1 209 1 198 1 543 1 208 1 192 2 84 1 153 1 5 1
83 27 22 307 1 353 1 191 2 175 1 233 1 368 1 280 1 4 5 209 1 367 1 613 1 614 1 246 1 355 1 300 2 192 1 208 1 184 1 364 1 232 1 56 1 152 1
89 29 17 35 1 41 1 32 1 320 1 120 2 21 1 321 1 265 1 204 2 234 1 47 5 209 1 246 1 77 2 214 1 82 1 112 1
142 49 18 22 1 80 1 134 1 1 2 118 1 21 1 204 2 206 1 409 1 257 1 229 1 29 5 209 1 246 1 456 1 214 1 192 2 66 1
110 37 42 569 2 10 1 131 2 90 5 110 1 293 1 571 1 82 4 7 2 138 1 92 2 169 1 143 1 200 1 211 1 86 1 15 1 96 1 74 1 395 1 553 1 288 1 3 1 168 1 97 1 73 2 20 1 109 1 78 2 17 2 95 1 75 1 349 1 91 1 568 1 98 1 389 1 114 2 85 2 5 6 133 1 112 1
//IdTournes NbColis
12 6
//IdColis IdCommandeInColis NbProducts IdProd1 QtyProd1 IdProd2 QtyProd2 ...
30 9 46 90 4 61 1 235 1 14 1 82 4 152 1 46 1 358 1 102 1 7 2 138 1 92 2 169 1 357 1 211 1 200 1 96 1 15 2 285 1 74 2 23 1 288 1 351 1 3 1 609 1 348 1 350 1 352 1 62 1 89 1 347 1 346 1 115 1 109 1 127 1 78 2 75 1 59 1 349 1 117 1 98 1 140 1 141 1 26 1 5 6 112 2
74 25 16 16 1 35 1 41 1 32 1 45 2 341 1 2 2 339 1 21 1 170 1 230 1 231 1 237 1 204 2 634 1 235 1
143 49 30 10 1 90 4 110 1 235 1 509 1 65 1 14 1 82 3 200 1 211 1 15 1 96 1 74 2 168 2 3 1 31 1 89 2 508 1 507 1 20 1 115 1 109 2 75 1 98 1 468 1 153 1 85 1 5 5 327 1 112 1
145 50 32 510 1 282 1 214 1 192 1 184 1 10 1 216 1 108 5 82 4 551 1 555 1 152 1 30 1 200 1 211 1 261 1 15 1 96 1 554 1 556 1 74 2 3 1 33 1 20 1 101 1 75 1 98 1 153 1 140 1 85 1 5 6 327 2
155 55 22 151 1 45 2 2 1 574 1 573 1 435 1 576 1 4 4 417 1 575 1 90 4 14 1 82 3 143 1 261 1 74 1 31 1 577 2 572 1 114 1 5 4 112 1
58 18 18 41 1 55 1 39 1 151 1 202 1 8 1 21 1 150 1 204 2 155 1 156 1 532 1 229 1 47 5 209 1 530 2 214 1 192 1
//IdTournes NbColis
13 6
//IdColis IdCommandeInColis NbProducts IdProd1 QtyProd1 IdProd2 QtyProd2 ...
122 41 42 4 2 209 1 355 1 77 1 208 1 192 2 104 1 364 1 10 1 90 4 110 1 82 4 44 1 322 1 138 1 92 2 169 1 7 2 179 1 200 1 211 1 547 1 86 1 96 1 74 1 168 1 3 1 97 1 73 2 20 1 158 1 157 1 109 2 95 1 17 2 75 1 58 1 166 1 98 1 140 1 85 1 5 6
153 54 45 565 1 216 2 228 1 10 1 399 1 362 1 108 5 82 4 358 1 93 2 105 1 138 1 92 2 333 1 200 2 211 1 564 1 96 1 15 1 524 1 566 1 74 1 176 1 454 1 3 1 97 1 73 2 20 1 115 1 109 1 127 1 78 1 101 2 17 2 95 1 75 1 137 1 166 1 324 2 98 1 163 1 85 1 182 1 114 2 5 5
17 5 49 90 1 100 1 519 1 541 1 130 1 14 1 82 4 44 1 506 1 152 1 46 1 7 2 138 1 92 2 169 1 446 1 28 1 502 1 200 1 211 1 81 1 406 1 15 1 96 1 74 2 3 1 31 2 168 2 542 1 97 1 42 1 73 2 20 2 158 1 109 1 17 2 95 1 75 1 98 1 153 1 12 1 18 1 114 1 85 1 5 6 26 2 327 2 133 1 112 2
120 40 14 30 1 406 1 404 1 23 1 154 1 263 1 89 1 109 1 181 1 136 1 407 1 18 1 327 1 5 5
87 28 22 191 2 313 1 329 1 126 1 155 1 621 1 233 1 368 1 312 1 139 1 619 1 397 1 264 1 4 5 315 1 309 2 308 1 282 1 392 1 14 1 138 1 92 2
109 37 17 41 1 32 1 6 1 1 1 45 1 37 1 13 2 21 1 204 2 206 1 570 1 413 1 291 1 29 5 209 1 214 1 192 2
//IdTournes NbColis
14 6
//IdColis IdCommandeInColis NbProducts IdProd1 QtyProd1 IdProd2 QtyProd2 ...
115 39 14 16 2 35 1 41 1 32 1 414 1 50 1 45 1 202 1 2 1 8 1 21 3 204 2 336 1 114 1
12 4 16 16 1 35 1 39 1 27 1 1 1 37 1 269 1 267 1 21 3 339 1 199 1 196 1 40 1 191 2 272 1 204 1
32 10 15 659 1 64 1 323 1 6 2 9 1 8 1 2 1 267 1 21 2 339 1 13 1 199 1 196 1 170 1 81 1
156 56 22 578 1 334 3 2 1 94 1 579 1 270 1 29 5 278 1 108 4 82 3 105 1 106 2 83 1 93 1 383 4 123 1 78 1 349 1 425 1 427 1 85 1 5 4
146 51 21 522 1 174 1 512 1 292 1 311 1 314 1 317 1 307 1 135 1 528 1 238 1 416 1 453 1 526 1 245 1 529 1 29 4 219 1 492 1 527 1 5 1
158 57 17 552 1 55 1 39 1 134 1 6 1 580 2 21 1 204 2 206 1 292 1 29 5 209 1 492 1 355 1 214 1 192 1 93 1
//IdTournes NbColis
15 6
//IdColis IdCommandeInColis NbProducts IdProd1 QtyProd1 IdProd2 QtyProd2 ...
5 2 20 19 1 22 1 80 1 27 1 1 1 8 1 452 1 21 1 339 1 447 1 204 2 206 1 330 1 353 1 641 1 310 1 329 1 451 1 142 1 97 1
133 45 17 16 1 71 1 41 1 80 1 45 2 464 1 21 1 298 2 439 1 310 1 172 1 648 1 373 1 420 1 229 1 4 3 90 1
66 21 18 61 1 82 4 44 1 93 2 138 1 92 2 171 1 227 1 81 2 223 1 23 1 176 1 220 1 224 1 101 2 72 1 5 5 133 2
7 2 41 82 4 149 1 93 2 138 1 92 2 169 1 28 1 143 1 200 1 211 1 15 2 96 1 252 1 74 1 379 1 23 1 3 1 24 1 168 2 263 1 239 1 454 1 640 1 73 2 20 1 115 1 109 1 17 2 78 1 101 2 95 1 75 1 87 1 98 1 18 2 85 1 114 1 5 6 26 1 327 1 133 1
44 13 21 35 1 39 1 6 1 103 1 202 1 486 1 21 1 107 1 204 2 488 1 489 1 47 5 209 1 492 1 77 1 214 1 192 2 104 1 111 1 10 1 85 1
50 15 40 47 5 209 1 581 1 214 1 192 2 104 1 10 1 108 4 293 1 82 3 105 1 83 1 92 2 93 1 200 1 211 1 123 3 81 1 15 1 96 1 74 1 122 1 23 1 3 1 263 1 33 1 34 1 125 1 62 2 89 1 124 1 20 1 127 1 109 1 75 1 87 1 98 1 85 1 5 5 112 2
//IdTournes NbColis
16 6
//IdColis IdCommandeInColis NbProducts IdProd1 QtyProd1 IdProd2 QtyProd2 ...
99 33 22 43 1 151 1 341 1 472 1 339 1 343 1 164 1 126 1 344 1 135 1 342 1 233 1 257 1 474 1 4 5 198 2 417 1 160 1 216 1 473 1 90 3 20 1
19 6 30 214 1 192 2 585 1 10 1 443 1 108 4 110 1 82 3 49 4 200 1 211 1 15 1 96 5 554 1 74 1 23 1 33 2 20 1 109 1 75 1 324 1 572 1 98 1 114 1 85 1 182 1 5 5 327 1 133 1 112 2
70 23 38 108 2 188 1 82 4 76 1 46 1 138 1 92 2 169 1 93 2 36 1 187 1 200 1 211 1 86 1 15 1 96 1 554 1 74 2 33 1 97 1 186 1 89 1 190 1 73 2 20 1 109 1 101 2 17 2 95 1 75 1 137 1 98 1 153 1 427 1 85 1 5 5 133 1 112 1
90 29 36 192 2 567 1 319 1 10 1 240 1 108 5 471 1 82 3 44 2 102 1 93 1 138 1 92 2 169 1 36 1 200 1 211 1 123 1 15 1 96 1 554 1 74 1 23 1 3 1 168 1 20 1 109 1 78 1 75 1 136 1 98 1 85 1 5 6 167 1 133 1 112 1
15 5 18 41 1 43 1 32 1 134 1 356 1 6 1 1 1 45 1 151 1 202 1 2 1 37 1 21 1 339 1 533 1 536 1 204 1 184 1
95 31 39 207 1 209 1 208 1 192 1 10 1 328 1 108 4 188 1 589 1 82 3 44 1 138 1 92 2 169 1 7 1 200 1 211 1 15 1 96 1 588 1 74 1 586 1 587 1 168 2 97 1 89 1 73 2 20 1 78 2 95 1 17 2 75 1 331 1 324 1 98 1 163 1 85 1 327 1 5 5
//IdTournes NbColis
17 6
//IdColis IdCommandeInColis NbProducts IdProd1 QtyProd1 IdProd2 QtyProd2 ...
10 3 30 29 2 534 1 459 1 401 1 209 1 367 1 457 1 208 1 192 1 535 1 240 1 399 1 10 2 90 5 100 1 82 4 93 2 138 1 92 2 105 1 30 1 396 1 200 1 211 1 123 5 81 1 96 1 15 1 74 1 20 1
69 23 19 41 1 32 1 27 1 6 1 21 2 226 1 204 2 206 1 237 1 435 1 47 5 209 1 214 1 192 2 10 1 189 1 108 3 3 1 5 1
80 26 42 192 1 214 1 84 1 184 1 382 1 131 1 108 5 82 4 102 1 385 1 610 1 92 2 169 1 138 1 7 2 383 2 30 1 36 1 211 1 200 1 81 1 96 1 15 1 74 2 239 1 3 1 20 1 115 2 158 1 78 1 75 1 58 1 59 1 98 1 163 1 140 1 85 1 12 1 327 2 5 6 26 1 112 4
107 36 16 35 1 41 1 393 1 120 1 1 3 118 1 591 1 21 1 204 2 394 1 47 4 209 1 492 1 214 1 192 2 18 1
161 58 31 4 4 209 1 455 1 192 2 214 1 183 1 652 1 216 2 412 1 595 1 10 1 90 5 594 1 82 3 149 1 169 1 7 2 138 1 92 2 333 1 200 1 211 1 475 1 81 1 96 1 15 1 74 2 168 1 3 1 20 1 98 1
105 35 42 4 1 209 1 208 1 455 1 192 2 10 1 391 1 392 1 240 1 131 1 90 5 110 2 82 4 92 2 169 1 138 1 7 2 502 1 596 1 236 1 200 1 211 1 15 1 387 1 252 1 351 1 168 2 154 1 3 1 34 1 352 1 97 1 148 1 388 1 42 1 390 1 73 2 20 1 109 2 78 1 101 2 12 1
//IdTournes NbColis
18 6
//IdColis IdCommandeInColis NbProducts IdProd1 QtyProd1 IdProd2 QtyProd2 ...
96 32 15 16 1 35 1 32 1 334 1 94 2 21 1 321 1 170 2 204 2 206 1 135 1 518 1 142 1 29 5 498 1
75 25 25 175 1 135 1 243 1 244 1 233 1 234 1 238 1 241 2 631 1 373 1 229 2 242 1 4 5 209 1 192 2 208 1 585 1 84 1 111 1 632 1 10 1 143 1 101 2 85 1 345 1
91 30 20 323 1 80 1 485 1 144 1 60 1 21 1 321 1 325 1 204 2 206 1 484 1 135 1 326 1 238 1 245 1 4 5 209 1 84 1 208 1 10 1
14 4 32 108 2 110 1 276 1 130 2 82 4 7 2 92 2 169 1 138 1 36 1 143 1 211 1 200 1 96 1 15 1 3 1 31 2 168 2 377 2 38 1 20 1 109 1 75 1 349 1 91 1 98 1 163 1 153 1 141 1 85 1 5 6 112 1
42 12 40 192 2 208 1 240 1 10 1 599 1 90 5 173 1 61 1 82 4 76 1 102 1 83 1 92 2 93 2 105 1 66 1 211 1 200 1 81 1 86 1 96 1 15 1 74 1 598 1 3 1 33 1 97 1 89 1 73 2 20 1 78 2 95 1 17 2 75 1 87 1 91 1 432 1 53 1 98 1 5 6
52 16 16 128 1 467 1 35 1 41 1 32 1 134 1 6 1 9 1 469 1 13 1 21 1 204 2 206 1 135 1 139 1 200 1
//IdTournes NbColis
19 6
//IdColis IdCommandeInColis NbProducts IdProd1 QtyProd1 IdProd2 QtyProd2 ...
108 36 24 10 1 216 1 131 1 108 5 82 4 149 1 322 1 36 1 200 1 211 1 81 2 15 1 96 1 74 1 3 1 168 1 89 1 20 2 109 1 75 1 58 1 98 1 85 1 5 6
117 39 34 90 3 82 4 169 1 7 2 200 1 211 1 15 1 96 1 74 1 168 1 3 1 24 1 31 1 97 1 398 1 73 2 20 1 109 1 78 2 101 2 95 1 17 2 75 1 181 1 136 1 400 1 98 1 72 1 336 1 114 1 85 1 327 1 5 6 133 1
159 57 30 380 1 364 1 216 1 147 1 10 1 90 5 82 4 138 1 92 1 169 1 200 1 211 1 96 1 15 1 74 1 168 1 3 1 20 1 158 2 109 1 159 1 75 1 349 1 98 1 389 1 85 1 18 2 5 6 133 2 112 4
55 17 15 41 1 32 1 6 1 1 3 8 1 144 1 21 2 204 2 206 1 126 1 146 1 451 1 142 1 29 5 81 1
18 6 16 41 1 43 1 32 1 50 1 151 2 202 1 48 1 21 1 13 1 321 1 204 2 206 1 435 1 47 5 209 1 143 1
49 15 19 41 1 121 1 39 1 120 1 103 2 202 1 8 1 269 1 60 1 21 1 204 2 583 1 206 1 484 1 126 1 584 1 582 1 270 1 115 1
//IdTournes NbColis
20 6
//IdColis IdCommandeInColis NbProducts IdProd1 QtyProd1 IdProd2 QtyProd2 ...
125 42 19 420 1 416 1 29 5 77 2 208 1 192 2 119 1 104 1 392 1 240 1 421 1 10 1 131 2 90 5 100 2 61 1 82 4 102 1 85 1
112 38 18 16 1 41 1 71 1 32 1 356 1 151 1 45 1 2 2 8 1 94 1 21 1 204 2 206 1 549 1 548 1 397 1 85 1 112 1
20 7 19 128 1 22 1 80 1 45 3 151 1 21 1 13 1 170 1 265 1 298 2 439 1 317 1 307 1 638 1 88 1 126 1 257 1 153 1 141 1
41 12 15 79 1 16 1 22 1 80 1 6 1 94 1 21 1 204 2 88 1 135 1 29 5 209 1 77 1 84 2 85 1
94 31 14 128 1 16 1 35 1 32 1 8 2 21 1 330 1 204 2 329 2 126 1 142 1 326 1 29 5 590 1
101 34 17 16 1 41 1 80 1 27 1 6 1 428 1 1 2 151 1 94 1 21 1 150 1 330 1 381 1 204 2 206 1 430 1 92 1
//IdTournes NbColis
21 6
//IdColis IdCommandeInColis NbProducts IdProd1 QtyProd1 IdProd2 QtyProd2 ...
104 35 17 41 1 6 1 1 1 341 1 2 1 8 1 37 2 21 1 321 3 204 2 539 1 326 1 241 1 597 1 257 1 4 4 96 1
160 58 19 16 1 55 1 41 1 32 1 6 1 1 1 580 1 60 1 21 1 653 1 204 2 206 1 592 1 584 1 593 1 257 1 139 1 4 1 82 1
163 59 29 2 1 330 1 317 1 126 1 29 5 111 1 228 1 601 1 108 5 82 4 322 1 102 1 7 2 138 1 92 2 169 1 600 1 23 1 24 1 97 1 73 2 158 1 17 2 95 1 78 1 568 1 5 5 345 2 133 1
8 3 10 16 1 32 1 9 1 116 6 1 3 8 2 267 1 21 2 413 1 140 1
36 11 9 661 1 16 1 19 1 41 1 32 1 6 1 116 6 151 1 300 1
22 7 31 14 1 82 4 211 1 15 1 96 1 74 2 441 1 3 1 31 3 639 1 97 1 51 1 54 1 73 2 52 1 20 1 115 1 109 1 101 1 17 2 95 1 75 1 349 1 181 1 53 1 623 1 98 1 85 1 114 1 5 6 112 3
//IdTournes NbColis
22 6
//IdColis IdCommandeInColis NbProducts IdProd1 QtyProd1 IdProd2 QtyProd2 ...
61 19 26 55 1 151 1 118 1 94 3 164 1 165 1 29 5 160 1 108 4 65 1 82 3 152 2 46 1 105 1 93 2 138 1 92 2 162 1 161 2 158 1 157 1 159 2 101 1 163 1 153 1 5 4
67 22 34 134 1 185 1 144 1 13 1 4 5 183 1 184 1 119 1 90 5 173 1 110 2 82 4 102 1 105 1 138 1 93 2 92 2 179 1 143 1 74 2 176 1 97 1 89 1 178 1 73 2 101 2 17 2 95 1 180 1 181 1 177 1 18 2 182 2 5 5
135 45 26 647 1 359 1 73 2 646 1 637 1 20 1 115 1 109 2 159 2 78 1 101 2 17 2 95 1 331 1 75 1 324 2 425 1 117 1 432 1 98 1 72 2 85 1 12 1 5 6 327 2 112 1
162 58 14 97 1 73 2 109 2 159 1 95 1 17 2 75 1 324 1 117 1 407 1 85 1 26 1 5 6 112 2
103 34 16 97 1 73 2 109 1 95 1 17 2 75 1 331 1 59 1 136 1 98 1 427 1 85 1 327 2 5 6 167 1 112 1
106 35 14 95 1 17 2 75 1 331 1 349 1 91 1 366 1 98 1 163 1 389 1 336 1 85 1 5 6 112 1
//IdTournes NbColis
23 6
//IdColis IdCommandeInColis NbProducts IdProd1 QtyProd1 IdProd2 QtyProd2 ...
54 16 18 73 2 132 2 109 1 78 1 95 1 17 2 75 1 137 1 136 1 91 1 98 1 468 1 140 1 141 1 85 1 5 6 133 2 112 1
114 38 6 95 1 17 2 136 1 98 1 5 6 112 2
140 48 25 35 1 1 2 151 1 37 1 13 1 94 1 47 5 111 1 131 1 108 5 82 4 7 2 138 1 92 2 169 1 179 1 383 4 363 1 115 1 137 1 18 1 12 1 182 1 5 5 133 1
129 44 14 16 1 55 1 35 1 41 1 32 1 27 1 6 1 1 3 505 1 2 1 13 1 21 1 321 1 82 1
11 3 15 176 1 31 1 33 2 34 1 3 1 158 1 109 1 75 1 87 1 98 1 26 1 327 2 5 6 133 1 112 1
27 9 11 35 1 43 1 55 1 32 1 356 1 134 1 6 1 116 6 1 1 2 1 336 1
//IdTournes NbColis
24 2
//IdColis IdCommandeInColis NbProducts IdProd1 QtyProd1 IdProd2 QtyProd2 ...
1 1 12 11 1 16 1 70 1 71 1 80 1 356 1 402 2 334 1 6 1 9 1 1 1 20 1
23 8 12 370 1 16 1 35 1 43 1 55 1 32 1 134 2 334 1 6 1 116 2 118 1 345 1
