//NbTournees
26
//IdTournes NbColis
1 6
//IdColis IdCommandeInColis NbProducts IdProd1 QtyProd1 IdProd2 QtyProd2 ...
14 1 5 16 2 106 1 608 3 617 3 320 1
55 2 9 13 2 16 1 10 1 106 1 608 1 609 1 610 1 611 1 320 1
94 3 5 13 2 80 1 210 3 608 3 323 1
95 3 7 610 1 45 1 53 4 78 2 234 1 607 1 32 1
124 4 7 13 2 210 1 610 1 620 2 617 2 25 1 362 1
150 5 6 64 1 210 4 414 2 610 1 16 1 320 1
//IdTournes NbColis
2 6
//IdColis IdCommandeInColis NbProducts IdProd1 QtyProd1 IdProd2 QtyProd2 ...
12 1 5 113 1 153 1 612 5 3 1 120 1
18 1 4 234 1 607 6 622 3 487 1
59 2 5 45 1 53 1 126 2 607 6 490 1
93 3 6 233 2 612 1 10 1 16 1 64 4 298 1
96 3 4 607 4 622 2 621 4 334 1
123 4 4 612 4 16 2 13 3 95 1
//IdTournes NbColis
3 6
//IdColis IdCommandeInColis NbProducts IdProd1 QtyProd1 IdProd2 QtyProd2 ...
152 5 5 197 3 234 1 78 5 607 1 360 1
6 1 4 83 1 85 3 614 1 124 1
7 1 3 614 2 616 3 124 1
15 1 7 617 1 620 2 623 1 627 1 80 1 1 3 120 1
51 2 3 616 3 614 2 124 1
56 2 5 619 1 617 4 620 3 627 1 323 1
//IdTournes NbColis
4 6
//IdColis IdCommandeInColis NbProducts IdProd1 QtyProd1 IdProd2 QtyProd2 ...
90 3 3 614 2 616 3 124 1
121 4 7 614 1 633 1 75 1 615 1 8 1 124 1 360 1
147 5 3 616 3 614 2 124 1
10 1 4 94 2 137 1 615 2 178 2
53 2 6 137 1 615 2 178 1 278 2 42 1 518 1
91 3 5 633 2 615 1 624 1 124 2 25 1
//IdTournes NbColis
5 6
//IdColis IdCommandeInColis NbProducts IdProd1 QtyProd1 IdProd2 QtyProd2 ...
120 4 5 7 1 83 2 85 1 616 1 124 1
146 5 5 7 1 83 1 85 2 616 1 15 1
97 3 6 625 1 1 3 4 1 120 5 485 1 473 1
60 2 4 622 3 120 6 485 2 387 1
153 5 3 621 5 622 2 120 4
8 1 3 618 1 75 4 124 1
//IdTournes NbColis
6 6
//IdColis IdCommandeInColis NbProducts IdProd1 QtyProd1 IdProd2 QtyProd2 ...
19 1 6 626 1 120 3 485 3 536 4 395 1 510 1
50 2 4 83 3 85 1 618 1 76 1
33 1 18 534 1 538 2 545 4 114 1 200 1 18 3 41 2 82 2 97 2 111 1 130 2 151 3 179 3 266 1 140 1 68 1 613 2 316 1
75 2 25 179 3 211 1 218 1 222 1 228 1 258 1 259 1 266 1 267 1 174 1 285 1 158 1 288 2 595 1 613 4 298 1 402 1 509 1 547 1 549 1 19 3 215 1 221 1 169 2 166 1
109 3 19 513 1 538 5 544 3 97 2 82 1 140 1 130 2 151 4 152 1 179 1 211 1 258 1 259 1 222 2 267 1 158 1 288 1 613 3 331 1
136 4 24 613 3 298 3 354 1 402 1 530 1 56 2 221 1 215 2 169 1 582 1 356 1 469 2 494 1 495 1 60 1 129 1 231 2 241 1 265 2 575 1 79 2 357 1 358 2 302 1
//IdTournes NbColis
7 6
//IdColis IdCommandeInColis NbProducts IdProd1 QtyProd1 IdProd2 QtyProd2 ...
170 5 27 174 1 151 2 130 2 179 1 211 1 222 2 258 1 613 1 298 2 305 1 353 1 354 2 509 1 540 1 530 1 564 1 549 1 56 1 169 2 173 1 221 1 215 1 582 1 576 1 356 2 426 1 89 1
9 1 3 75 1 633 4 124 1
52 2 5 633 3 2 1 94 1 137 1 12 1
69 2 21 261 1 264 1 284 1 156 1 287 1 594 2 586 1 629 1 630 1 632 1 43 1 88 1 227 1 250 2 255 1 262 1 583 1 14 1 23 5 27 5 302 1
105 3 16 630 1 632 1 29 1 43 1 88 1 250 1 583 1 31 1 23 4 34 1 61 1 27 3 70 7 14 1 6 5 117 1
131 4 24 128 2 190 1 310 1 340 1 325 3 328 1 525 1 123 1 177 1 138 1 237 1 238 1 240 2 156 1 578 1 586 1 629 1 632 1 29 1 43 2 250 2 583 1 30 1 31 1
//IdTournes NbColis
8 6
//IdColis IdCommandeInColis NbProducts IdProd1 QtyProd1 IdProd2 QtyProd2 ...
148 5 5 75 2 633 2 124 1 178 1 322 1
104 3 26 235 1 269 1 214 1 229 1 128 3 190 1 325 1 328 1 12 1 123 1 90 1 138 3 232 1 256 1 237 1 264 1 238 1 260 1 240 1 252 1 156 1 163 1 586 1 177 1 629 1 30 1
166 5 25 163 1 167 1 138 1 177 1 232 1 252 1 256 1 238 1 240 1 280 1 594 1 586 1 629 1 88 1 227 1 250 1 583 1 34 1 40 1 27 2 23 3 6 4 81 1 70 1 129 1
1 1 4 9 2 39 2 2 1 59 1
13 1 4 3 2 10 2 13 5 320 1
16 1 4 1 3 4 6 25 1 334 1
//IdTournes NbColis
9 6
//IdColis IdCommandeInColis NbProducts IdProd1 QtyProd1 IdProd2 QtyProd2 ...
46 2 5 39 2 9 1 63 1 2 1 59 1
47 2 5 63 1 20 1 21 1 26 2 1 1
54 2 6 42 1 51 1 153 1 3 3 13 3 298 1
57 2 4 80 1 1 5 4 4 55 1
2 1 4 39 1 63 3 8 1 59 1
58 2 5 4 2 11 3 25 2 45 3 334 1
//IdTournes NbColis
10 6
//IdColis IdCommandeInColis NbProducts IdProd1 QtyProd1 IdProd2 QtyProd2 ...
86 3 5 9 1 39 2 63 1 8 1 59 1
34 1 25 298 1 373 1 402 2 549 1 19 4 56 1 173 2 576 1 47 2 489 1 567 1 183 1 129 2 134 1 193 1 202 1 217 2 231 1 241 1 265 1 575 1 79 1 628 1 295 1 337 3
110 3 25 402 3 19 3 56 2 215 1 221 1 173 1 169 1 582 2 576 2 47 1 567 1 38 1 60 1 79 1 129 2 193 1 202 1 217 1 231 1 265 2 241 2 184 1 575 1 337 1 443 1
38 1 18 268 1 24 1 22 2 33 5 69 2 98 3 145 1 195 6 196 2 205 3 223 4 270 1 160 1 282 1 103 6 136 5 144 1 281 1
79 2 29 141 3 155 1 100 4 59 1 286 1 220 1 208 2 189 1 36 1 102 1 84 1 150 1 249 1 268 1 22 1 24 1 33 1 69 1 98 1 145 1 195 5 205 2 223 2 270 1 160 1 282 1 103 6 136 1 242 1
113 3 20 268 1 22 2 24 1 33 3 69 3 98 3 145 1 195 4 196 1 205 2 223 2 270 1 282 2 160 1 103 6 136 4 144 2 242 4 166 2 57 2
//IdTournes NbColis
11 6
//IdColis IdCommandeInColis NbProducts IdProd1 QtyProd1 IdProd2 QtyProd2 ...
139 4 29 220 2 36 1 102 2 249 1 268 1 22 1 24 1 33 1 69 1 98 1 195 3 196 1 205 1 223 1 103 4 136 3 144 2 242 2 166 3 57 1 86 1 149 1 236 2 226 1 243 1 573 1 170 3 93 2 168 1
17 1 5 25 1 45 2 53 4 126 3 487 1
28 1 19 238 1 240 1 256 1 264 2 284 1 287 1 66 1 167 1 578 2 177 1 88 1 227 1 290 1 6 6 27 4 30 1 31 1 23 3 18 1
37 1 26 171 2 570 4 571 1 164 3 574 2 165 2 37 1 17 2 172 3 95 1 272 2 155 1 141 3 555 1 100 4 245 1 208 3 220 2 189 1 247 1 36 2 102 1 84 1 150 1 268 1 166 1
74 2 19 441 1 513 2 538 5 544 1 545 3 109 1 114 1 200 1 18 1 41 2 68 1 97 4 111 1 82 1 151 2 152 1 140 1 130 3 17 1
78 2 31 471 3 444 3 313 1 67 1 154 1 185 1 186 1 271 1 572 1 87 2 159 1 148 1 318 1 324 2 528 3 146 1 44 2 73 1 121 1 131 1 199 1 251 1 161 2 171 1 570 1 571 1 164 1 165 1 17 1 172 1 108 1
//IdTournes NbColis
12 6
//IdColis IdCommandeInColis NbProducts IdProd1 QtyProd1 IdProd2 QtyProd2 ...
112 3 28 73 1 121 2 131 1 199 1 251 1 171 2 161 2 570 3 571 1 164 1 165 2 498 2 17 4 172 2 95 1 141 1 272 1 155 1 100 3 59 1 208 3 220 2 189 2 36 1 102 1 84 2 150 2 249 1
129 4 15 512 2 526 4 482 1 409 1 446 2 462 1 468 1 510 1 588 2 32 1 55 1 275 1 276 1 304 2 17 1
132 4 10 31 1 23 4 34 1 27 3 49 7 48 4 61 2 14 2 6 5 70 2
138 4 30 58 1 87 2 139 2 159 3 148 1 318 1 528 3 35 1 44 1 121 2 199 1 171 2 161 3 570 1 164 1 165 1 37 1 291 1 321 1 498 1 529 1 531 1 591 1 17 1 172 2 272 1 155 1 100 3 59 3 208 2
168 5 20 188 5 192 2 194 1 213 1 203 1 204 4 206 3 230 1 254 1 257 1 239 1 244 1 246 1 277 1 279 1 505 1 585 1 580 1 31 2 344 1
174 5 37 386 2 35 1 121 1 161 1 164 1 165 1 171 1 131 1 570 1 37 1 291 1 350 2 321 1 383 1 430 1 431 1 504 2 498 1 520 1 529 2 565 1 600 1 591 1 172 1 273 1 17 1 141 1 272 2 100 3 59 1 274 1 208 2 220 1 36 1 84 1 102 1 150 3
//IdTournes NbColis
13 6
//IdColis IdCommandeInColis NbProducts IdProd1 QtyProd1 IdProd2 QtyProd2 ...
29 1 10 23 1 34 2 48 8 40 2 92 4 81 1 70 8 105 2 61 1 99 2
67 2 8 127 7 143 1 175 1 187 1 191 8 201 8 212 1 50 1
70 2 5 48 8 6 6 70 8 115 8 99 1
25 1 15 532 1 526 2 404 1 442 2 514 3 342 1 32 1 276 1 371 1 364 1 473 2 338 3 329 2 499 1 95 1
36 1 25 471 1 330 1 403 2 154 1 271 2 67 1 572 1 185 1 87 2 58 4 159 6 139 2 148 1 324 1 96 2 146 2 558 1 35 2 44 1 73 2 121 2 131 1 251 1 161 3 171 1
65 2 11 551 2 518 1 517 1 335 2 327 3 401 1 333 2 492 1 512 4 526 1 44 1
//IdTournes NbColis
14 6
//IdColis IdCommandeInColis NbProducts IdProd1 QtyProd1 IdProd2 QtyProd2 ...
102 3 14 526 1 482 1 442 3 514 5 510 1 32 1 55 1 275 1 276 1 473 3 329 1 511 1 515 2 37 1
111 3 27 302 1 312 1 308 1 398 1 569 1 396 4 464 1 406 2 444 2 330 2 313 1 154 1 271 1 67 1 572 1 185 1 58 2 87 2 139 2 159 3 148 1 528 1 96 1 146 2 558 3 35 1 44 1
163 5 17 32 2 275 1 276 1 304 3 381 1 307 1 422 1 448 1 449 1 466 1 563 2 497 1 348 1 293 3 392 1 412 2 352 1
175 5 25 268 1 33 1 22 1 69 1 98 1 160 1 195 2 205 1 223 1 270 1 103 3 136 3 144 2 242 1 166 1 86 1 57 1 157 1 133 1 226 1 236 2 243 1 573 1 170 1 168 1
127 4 13 5 3 323 1 345 1 445 2 496 1 500 1 562 1 551 1 317 1 517 1 335 1 322 2 35 1
26 1 15 499 1 511 1 559 4 293 1 374 1 493 2 399 1 438 1 54 1 101 1 118 1 127 6 175 1 191 4 328 1
//IdTournes NbColis
15 6
//IdColis IdCommandeInColis NbProducts IdProd1 QtyProd1 IdProd2 QtyProd2 ...
164 5 16 475 4 493 2 515 1 527 3 599 2 606 1 424 1 352 1 399 2 438 2 561 2 54 2 101 1 118 1 127 1 146 1
63 2 8 484 1 550 1 501 1 5 4 28 4 71 1 400 1 65 1
103 3 13 493 2 438 1 440 1 65 1 118 1 101 2 127 4 143 1 191 5 201 5 212 3 235 1 326 1
11 1 4 278 4 76 2 42 1 51 1
122 4 7 178 1 278 2 76 1 51 1 42 1 113 2 365 1
151 5 7 13 2 80 1 10 1 45 1 53 4 197 1 93 1
//IdTournes NbColis
16 6
//IdColis IdCommandeInColis NbProducts IdProd1 QtyProd1 IdProd2 QtyProd2 ...
5 1 5 62 1 46 1 91 2 83 1 15 1
48 2 4 52 3 62 1 7 1 119 1
87 3 4 7 2 46 1 26 2 15 1
119 4 5 26 1 20 1 21 1 46 2 15 1
145 5 5 62 1 20 2 52 1 7 1 15 1
62 2 7 435 2 432 2 428 1 434 4 483 1 484 4 38 1
//IdTournes NbColis
17 6
//IdColis IdCommandeInColis NbProducts IdProd1 QtyProd1 IdProd2 QtyProd2 ...
144 5 5 39 1 63 1 9 1 26 2 38 1
135 4 21 309 1 363 1 463 1 456 1 114 1 405 3 408 1 458 2 41 2 97 3 82 1 140 1 179 2 151 2 130 3 218 1 222 3 174 1 158 1 592 1 312 1
169 5 15 363 1 397 6 427 2 441 4 456 1 513 2 538 5 544 3 405 1 408 1 458 1 41 1 82 2 97 1 158 1
149 5 5 278 1 76 1 42 1 233 5 377 1
76 2 23 169 1 582 2 47 1 182 1 183 1 184 1 129 1 134 1 193 1 202 1 217 1 265 1 575 1 295 1 300 2 337 3 370 2 465 1 443 2 491 1 552 5 302 3 312 2
155 5 10 428 4 447 1 453 2 474 1 550 2 486 1 605 1 294 1 393 1 43 1
//IdTournes NbColis
18 6
//IdColis IdCommandeInColis NbProducts IdProd1 QtyProd1 IdProd2 QtyProd2 ...
3 1 3 7 3 26 2 119 1
4 1 5 26 1 20 2 21 1 52 1 15 1
22 1 7 501 1 522 1 5 3 28 1 74 3 71 2 77 1
88 3 4 20 3 21 1 75 1 15 1
49 2 4 7 1 75 2 91 2 15 1
100 3 5 5 1 71 2 74 5 77 3 333 1
//IdTournes NbColis
19 6
//IdColis IdCommandeInColis NbProducts IdProd1 QtyProd1 IdProd2 QtyProd2 ...
126 4 7 522 1 74 4 71 2 77 3 5 1 320 1 276 1
156 5 8 418 1 421 1 502 1 501 3 521 2 522 2 74 4 388 1
99 3 8 428 2 483 2 484 4 486 2 554 1 568 1 5 2 325 1
157 5 6 71 1 77 4 5 4 345 2 389 1 415 1
171 5 26 476 1 469 2 479 1 494 2 495 1 193 1 231 1 241 1 265 1 575 1 79 1 628 1 295 1 297 1 299 1 300 1 357 1 358 3 337 2 370 3 385 1 451 1 459 2 467 2 443 2 302 1
73 2 20 254 1 257 1 239 3 246 1 263 1 279 1 505 1 584 1 577 1 585 1 579 1 631 1 309 1 336 2 332 1 397 6 436 1 463 2 441 4 58 1
//IdTournes NbColis
20 6
//IdColis IdCommandeInColis NbProducts IdProd1 QtyProd1 IdProd2 QtyProd2 ...
89 3 4 75 1 83 2 85 2 76 1
23 1 7 77 3 320 1 345 1 323 3 445 4 500 3 401 1
64 2 6 71 1 77 5 345 3 445 3 500 3 293 1
133 4 13 70 5 99 3 117 1 115 7 116 2 125 1 81 1 176 3 180 1 132 3 135 1 181 1 209 2
167 5 10 70 4 99 2 61 1 49 5 117 5 115 5 116 1 176 5 132 2 135 1
20 1 6 395 4 387 1 432 3 433 3 434 3 104 1
//IdTournes NbColis
21 6
//IdColis IdCommandeInColis NbProducts IdProd1 QtyProd1 IdProd2 QtyProd2 ...
27 1 15 191 2 201 6 248 1 269 1 289 1 128 3 190 3 340 1 325 2 556 3 328 1 107 1 110 1 138 2 232 1
68 2 23 212 5 253 1 593 1 112 1 214 1 229 1 289 1 128 1 190 1 340 1 537 1 66 1 110 1 107 1 123 1 90 1 147 1 252 2 256 2 237 1 238 1 260 2 103 1
92 3 5 178 1 278 3 113 2 233 2 399 1
30 1 7 99 1 115 8 116 3 49 8 132 3 135 1 188 7
71 2 7 99 3 49 8 92 4 81 2 125 2 132 4 188 8
106 3 9 117 6 115 7 116 1 99 3 49 7 92 4 81 1 125 1 132 1
//IdTournes NbColis
22 6
//IdColis IdCommandeInColis NbProducts IdProd1 QtyProd1 IdProd2 QtyProd2 ...
66 2 14 526 1 442 2 514 3 588 1 364 1 473 2 338 1 475 1 493 3 515 3 339 1 399 1 118 1 101 3
125 4 9 234 1 120 4 407 1 366 1 387 1 550 1 501 3 522 1 316 1
165 5 21 127 2 198 1 191 3 212 3 201 3 269 1 235 1 122 1 162 1 128 2 349 1 351 1 519 1 537 1 556 1 525 1 90 1 123 1 156 1 66 1 60 1
39 1 17 242 2 166 1 86 3 72 2 57 4 133 1 149 2 236 4 226 2 243 3 157 4 573 2 170 2 216 1 283 1 93 2 168 2
80 2 18 136 4 144 1 166 1 57 2 72 1 86 1 149 2 133 1 226 1 236 1 243 2 157 1 573 2 170 1 216 1 283 1 93 1 168 1
114 3 13 72 1 86 2 133 1 149 2 226 2 236 4 243 2 157 1 170 2 142 1 216 1 93 2 168 3
//IdTournes NbColis
23 6
//IdColis IdCommandeInColis NbProducts IdProd1 QtyProd1 IdProd2 QtyProd2 ...
173 5 24 319 2 355 2 359 3 331 1 396 2 450 3 457 1 587 3 601 2 524 1 375 1 406 1 455 2 471 2 444 2 523 1 403 1 154 1 271 1 87 1 159 2 139 2 148 1 318 1
107 3 10 132 2 135 1 176 7 188 7 192 3 194 2 180 3 207 1 203 2 204 3
32 1 18 257 1 263 1 279 1 505 2 577 1 579 1 580 1 332 2 309 1 344 1 336 2 397 6 427 1 441 5 470 1 513 2 534 2 89 1
77 2 19 312 1 346 1 553 1 341 4 516 1 89 1 292 1 308 4 372 2 394 1 398 2 437 3 369 3 546 1 355 1 396 5 472 1 368 3 139 1
130 4 16 364 1 367 1 448 1 466 1 497 1 499 4 511 2 293 4 314 1 493 2 527 2 118 2 235 1 269 1 311 1 141 1
161 5 14 360 1 322 1 411 1 419 1 460 1 477 1 541 1 566 1 490 4 487 1 301 1 401 1 333 4 73 1
//IdTournes NbColis
24 6
//IdColis IdCommandeInColis NbProducts IdProd1 QtyProd1 IdProd2 QtyProd2 ...
172 5 27 480 1 491 2 596 1 552 1 589 3 590 2 560 1 302 3 346 1 553 1 292 1 306 1 308 1 343 1 376 2 372 2 326 1 398 1 437 2 533 1 597 2 557 1 390 1 410 1 546 1 319 1 58 1
21 1 6 434 2 435 5 484 5 550 1 554 1 60 1
72 2 10 192 4 180 1 203 1 204 6 206 5 207 3 209 8 219 1 224 1 225 1
31 1 12 188 1 192 3 194 1 180 1 203 2 204 6 206 4 230 2 244 1 246 2 225 2 209 6
134 4 13 209 4 203 1 204 5 206 4 188 7 192 3 230 1 239 1 224 1 225 1 254 1 581 1 580 1
108 3 16 204 2 206 4 230 1 224 1 254 1 239 1 581 1 584 1 585 1 580 2 332 2 336 3 397 6 441 4 513 1 324 1
//IdTournes NbColis
25 6
//IdColis IdCommandeInColis NbProducts IdProd1 QtyProd1 IdProd2 QtyProd2 ...
137 4 25 465 4 467 2 589 2 590 2 302 1 316 1 306 1 394 2 315 1 361 1 410 1 546 2 319 1 355 1 359 1 396 1 450 2 464 1 587 1 368 1 406 2 455 1 313 2 403 1 271 1
154 5 9 407 1 378 1 379 2 380 1 366 2 384 1 387 2 395 4 155 1
159 5 10 496 1 598 1 603 1 604 1 296 2 420 1 518 2 517 5 377 2 382 1
35 1 24 370 3 465 1 552 1 560 2 553 1 516 1 343 2 308 3 372 1 326 1 398 3 394 2 437 2 533 2 535 1 557 1 546 1 355 2 331 1 472 1 368 1 444 1 471 2 313 1
162 5 14 417 3 454 1 492 2 512 4 416 2 409 1 446 1 503 1 508 1 510 1 303 1 507 1 539 1 424 1
98 3 6 485 1 548 3 395 4 435 3 428 2 320 1
//IdTournes NbColis
26 6
//IdColis IdCommandeInColis NbProducts IdProd1 QtyProd1 IdProd2 QtyProd2 ...
24 1 11 500 3 551 2 517 2 335 1 327 1 487 2 481 1 333 2 488 1 532 2 404 1
101 3 10 445 1 327 2 335 1 439 1 481 1 333 3 401 1 512 5 492 2 526 2
160 5 10 391 1 413 3 452 1 478 3 506 3 347 1 429 1 543 2 602 2 356 1
128 4 10 411 2 461 1 460 2 487 1 401 2 333 5 488 1 492 2 512 3 438 1
61 2 6 485 1 536 1 548 3 395 5 435 3 481 1
158 5 8 423 1 425 1 445 3 500 4 542 1 562 1 551 4 496 1
