//NbTournees
45
//IdTournes NbColis
1 6
//IdColis IdCommandeInColis NbProducts IdProd1 QtyProd1 IdProd2 QtyProd2 ...
5 1 15 376 1 206 1 54 1 1 1 20 1 47 1 349 1 499 2 146 1 434 1 273 1 564 1 607 1 8 1 30 1
9 2 20 228 1 373 1 244 1 250 1 269 2 321 2 281 1 468 1 2 1 28 1 41 1 443 1 350 1 437 2 311 1 240 1 252 1 361 1 496 1 328 1
18 3 27 285 1 283 2 263 1 62 1 136 1 3 2 54 1 204 2 255 1 426 1 36 1 46 1 519 1 363 1 389 2 18 2 31 1 55 1 34 1 543 1 348 1 77 2 561 1 21 1 52 1 65 1 22 1
26 4 24 9 1 275 1 396 3 507 1 513 2 256 1 262 2 285 1 284 1 283 2 48 1 49 1 267 1 263 1 180 1 136 1 3 1 16 1 225 1 179 2 169 1 143 2 36 1 618 1
38 5 24 508 1 342 1 507 1 513 2 256 1 454 1 525 1 526 1 516 2 194 3 197 1 3 1 219 1 246 1 339 1 204 2 589 2 45 1 54 2 593 1 519 1 591 1 363 3 21 1
14 3 8 32 1 603 1 67 1 205 1 614 1 572 1 25 2 4 1
//IdTournes NbColis
2 6
//IdColis IdCommandeInColis NbProducts IdProd1 QtyProd1 IdProd2 QtyProd2 ...
46 6 16 468 1 4 1 42 1 595 1 634 1 286 1 237 1 464 1 249 4 386 4 230 1 457 1 240 1 456 2 392 3 428 1
53 7 18 283 1 577 1 239 1 242 1 263 1 56 1 255 1 556 1 36 1 159 1 97 1 328 1 241 1 348 1 77 1 555 1 126 2 487 1
63 8 30 344 1 283 2 61 1 108 1 200 1 203 1 16 1 198 1 57 1 204 1 359 1 36 1 358 1 519 1 75 1 429 1 431 1 186 1 583 1 282 1 241 1 561 1 428 1 72 1 347 1 617 1 331 1 329 1 503 1 424 2
67 9 17 12 1 26 1 44 1 86 1 247 1 320 1 244 1 269 1 321 1 85 1 227 1 599 1 58 1 66 1 69 1 255 1 222 1
72 10 17 285 1 283 2 299 1 263 1 62 1 58 1 337 1 169 1 74 1 258 1 328 1 326 1 333 1 425 1 65 1 334 1 487 1
77 11 20 253 3 281 1 70 1 76 1 80 1 625 1 294 1 264 1 430 1 59 1 356 1 386 1 456 1 392 3 506 1 252 1 482 1 599 1 238 1 275 1
//IdTournes NbColis
3 6
//IdColis IdCommandeInColis NbProducts IdProd1 QtyProd1 IdProd2 QtyProd2 ...
88 12 26 519 2 538 6 363 2 389 4 31 1 145 1 146 2 583 2 397 2 87 1 326 1 133 1 423 1 369 2 90 1 563 1 126 2 208 2 52 2 584 1 548 1 549 1 550 1 552 2 534 1 639 1
99 13 22 508 1 454 1 435 1 376 1 88 1 143 1 130 1 519 1 517 1 429 1 349 1 363 1 389 3 499 3 434 1 348 1 241 1 397 4 333 1 273 3 91 1 94 1
106 14 24 230 1 381 1 392 3 501 1 612 1 344 1 459 1 461 1 107 1 108 2 38 1 63 1 88 1 246 2 310 1 460 1 431 1 363 1 497 1 499 2 397 2 624 1 338 2 427 1
112 15 28 252 1 388 1 506 1 509 1 536 2 381 1 447 1 599 1 275 1 508 2 513 1 507 1 276 1 299 1 313 1 539 1 540 1 23 1 372 1 88 1 413 1 426 1 337 1 515 1 538 1 363 1 421 1 126 1
118 16 19 386 1 392 1 447 1 510 1 388 1 238 1 446 3 508 1 441 1 608 1 88 1 337 1 515 1 363 3 499 3 282 1 348 1 397 1 90 1
283 43 27 486 1 356 1 311 1 456 1 506 1 501 1 371 1 441 1 262 2 285 1 283 2 108 1 122 1 263 1 255 1 36 1 363 1 558 1 560 1 282 1 87 1 192 1 126 1 484 1 330 1 332 1 487 1
//IdTournes NbColis
4 6
//IdColis IdCommandeInColis NbProducts IdProd1 QtyProd1 IdProd2 QtyProd2 ...
122 17 6 569 1 161 1 32 3 89 1 95 1 338 1
131 18 5 119 1 82 2 43 1 89 1 597 1
7 2 5 40 1 43 2 5 1 25 2 26 1
135 19 12 5 1 127 1 12 1 26 1 44 1 50 1 51 1 490 1 433 1 453 2 473 1 117 1
140 20 5 27 1 39 1 106 2 5 1 415 1
152 21 10 221 1 130 1 389 5 434 1 273 1 90 1 72 1 191 1 21 1 528 1
//IdTournes NbColis
5 6
//IdColis IdCommandeInColis NbProducts IdProd1 QtyProd1 IdProd2 QtyProd2 ...
169 24 5 84 2 181 1 120 1 32 1 90 1
209 29 26 356 1 456 1 392 1 510 1 522 1 447 1 482 1 342 1 307 3 265 1 49 1 525 2 526 3 527 1 516 2 299 1 246 1 359 1 337 1 519 1 389 1 317 1 524 1 423 1 90 1 399 1
255 37 21 320 1 228 1 233 1 244 1 269 1 321 1 28 1 85 1 237 1 352 1 386 1 501 1 447 1 66 1 169 1 246 1 337 1 530 1 165 1 90 1 632 1
289 44 21 392 2 238 2 275 1 508 5 446 2 452 1 445 2 242 1 319 1 337 1 515 1 517 1 363 1 499 1 555 1 333 1 231 1 176 1 90 1 567 1 290 1
305 47 23 122 1 49 1 516 1 263 1 372 1 310 1 409 1 337 1 489 1 36 1 519 1 517 1 389 4 18 1 428 1 98 1 564 1 90 1 563 1 126 1 208 1 562 1 528 1
58 8 11 17 1 25 2 99 1 103 1 83 1 104 1 73 1 505 2 353 1 60 1 449 1
//IdTournes NbColis
6 6
//IdColis IdCommandeInColis NbProducts IdProd1 QtyProd1 IdProd2 QtyProd2 ...
33 5 8 161 1 32 1 6 1 17 1 95 2 99 1 103 2 11 1
155 22 26 315 1 134 1 244 1 314 1 321 1 271 1 28 1 294 1 295 1 297 1 240 1 312 1 298 1 285 1 218 1 283 1 319 1 263 1 293 1 132 1 246 1 109 1 296 1 326 1 131 1 30 1
159 23 6 173 1 151 1 13 2 6 1 95 1 299 1
39 5 20 389 5 7 1 33 2 34 2 189 1 145 2 146 4 31 1 341 2 209 1 186 2 282 2 348 3 397 2 77 4 561 2 333 1 222 1 187 2 21 1
170 24 6 173 2 138 1 67 1 559 1 17 1 25 1
186 25 28 516 1 263 1 206 1 212 1 143 1 36 1 130 2 571 1 389 2 499 2 349 1 7 1 145 1 146 1 55 1 479 1 434 1 448 1 348 1 77 1 141 1 207 1 488 1 112 1 72 1 8 1 211 1 562 1
//IdTournes NbColis
7 6
//IdColis IdCommandeInColis NbProducts IdProd1 QtyProd1 IdProd2 QtyProd2 ...
182 25 11 26 1 83 1 50 1 139 1 387 3 10 1 11 2 213 2 305 1 261 1 434 1
190 26 12 127 1 600 1 95 1 99 1 103 1 104 1 83 1 553 1 139 1 325 1 226 1 382 1
296 46 11 95 1 99 1 103 1 104 1 83 1 24 1 139 1 261 2 277 4 247 1 232 1
27 4 29 36 1 184 1 251 1 235 1 389 1 499 1 145 1 146 1 186 2 55 1 627 1 236 1 397 5 77 1 561 1 231 1 425 1 187 3 338 1 21 1 8 1 182 1 126 1 635 1 398 1 534 1 619 2 487 1 535 1
126 17 14 321 2 613 1 470 1 471 1 384 1 271 1 432 2 281 4 253 4 140 1 123 1 152 1 301 1 397 1
184 25 21 321 1 253 1 281 1 140 1 153 1 196 1 53 1 264 1 443 1 148 1 210 1 214 1 511 2 514 1 144 1 346 2 304 2 240 1 482 1 506 1 45 1
//IdTournes NbColis
8 6
//IdColis IdCommandeInColis NbProducts IdProd1 QtyProd1 IdProd2 QtyProd2 ...
198 27 3 8 1 487 1 477 1
200 28 8 84 2 188 1 26 1 83 1 24 1 234 1 433 1 8 1
210 29 6 626 1 8 1 126 2 290 1 475 2 398 1
315 50 24 261 1 320 1 247 1 306 1 269 1 321 1 244 1 270 1 495 1 455 1 493 1 456 1 240 1 307 1 285 1 298 1 376 1 265 2 283 1 263 1 251 1 565 1 91 1 8 1
78 11 16 446 2 307 2 218 1 49 1 63 1 136 1 169 1 413 1 556 1 409 1 597 1 363 2 355 1 348 1 397 3 530 1
61 8 16 281 3 253 3 64 1 292 1 227 1 286 2 412 1 352 1 280 2 512 1 304 2 295 1 240 1 312 1 371 2 116 1
//IdTournes NbColis
9 6
//IdColis IdCommandeInColis NbProducts IdProd1 QtyProd1 IdProd2 QtyProd2 ...
71 10 20 336 1 228 1 244 1 269 2 321 2 253 2 64 1 28 1 291 1 292 1 223 1 595 1 500 1 240 1 392 1 501 1 482 1 599 1 298 1 317 1
3 1 15 50 1 51 1 436 1 10 1 245 1 254 1 442 2 391 1 498 1 261 1 308 1 279 1 247 1 320 1 244 1
13 3 4 84 2 120 1 32 2 10 1
15 3 14 83 1 104 1 50 1 51 1 24 2 11 1 213 1 325 1 440 1 277 1 442 1 444 1 473 1 363 1
23 4 14 95 2 99 1 103 1 104 1 83 1 11 1 245 1 226 1 259 1 261 1 277 1 391 1 247 1 218 1
83 12 9 13 2 95 2 99 1 103 1 104 1 83 1 375 1 10 1 283 1
//IdTournes NbColis
10 6
//IdColis IdCommandeInColis NbProducts IdProd1 QtyProd1 IdProd2 QtyProd2 ...
84 12 15 10 1 11 1 213 2 382 1 473 1 247 1 288 1 228 2 336 1 243 1 268 2 395 1 321 2 594 1 182 1
171 24 12 25 1 26 1 83 1 50 1 51 1 73 1 10 1 199 1 213 2 325 2 305 1 254 1
302 47 10 26 1 44 1 50 1 96 1 10 1 213 2 302 4 440 2 444 1 228 1
317 51 8 603 2 11 4 385 2 544 1 16 1 587 1 54 1 550 2
318 52 19 11 3 385 1 640 1 144 1 16 2 641 1 169 1 46 2 333 1 222 1 407 1 406 1 403 1 405 1 331 1 427 1 404 1 503 1 620 1
216 30 19 238 2 508 2 446 4 307 2 507 1 513 1 218 1 525 1 337 1 515 1 155 1 363 4 499 1 611 1 397 1 545 2 329 2 610 1 534 1
//IdTournes NbColis
11 6
//IdColis IdCommandeInColis NbProducts IdProd1 QtyProd1 IdProd2 QtyProd2 ...
221 31 22 394 1 371 2 249 3 386 3 441 2 415 2 218 1 459 1 337 1 593 1 155 1 74 1 590 1 327 1 241 1 546 1 112 1 156 1 596 1 290 1 534 1 487 1
228 32 8 469 1 236 1 397 1 428 1 98 1 133 1 116 1 156 1
232 33 12 44 1 50 1 375 2 305 1 247 1 380 1 318 1 322 1 268 1 388 1 383 1 156 1
238 34 6 345 1 236 1 324 1 637 1 156 1 30 1
310 48 5 337 1 155 1 47 1 530 1 289 1
241 35 18 287 1 321 1 41 1 154 1 500 3 506 1 509 1 507 1 513 1 169 1 246 1 47 1 502 1 163 1 328 1 133 1 483 1 503 1
//IdTournes NbColis
12 6
//IdColis IdCommandeInColis NbProducts IdProd1 QtyProd1 IdProd2 QtyProd2 ...
250 36 23 262 2 285 1 283 2 122 3 417 2 525 1 540 1 526 1 516 1 633 1 263 1 197 1 136 1 587 2 66 1 409 1 45 1 36 2 130 1 46 2 517 2 363 1 389 2
260 38 26 287 1 286 1 520 1 381 1 501 2 508 2 218 1 232 1 66 1 169 1 556 1 590 1 258 1 327 1 363 1 499 2 303 1 324 1 328 2 397 2 326 2 428 1 133 1 484 1 427 1 503 2
85 12 12 253 3 281 2 92 1 110 1 28 1 174 1 414 3 301 1 451 3 500 5 394 1 169 1
136 19 16 247 1 320 1 390 1 362 1 244 1 357 1 269 2 395 1 321 2 455 3 281 1 110 1 168 1 414 2 227 1 415 1
304 47 19 110 1 568 1 301 1 451 3 500 1 237 1 217 1 304 1 311 2 240 1 447 1 307 2 507 2 256 1 262 2 285 1 283 2 122 1 255 1
66 9 5 82 1 43 2 566 1 68 1 12 1
//IdTournes NbColis
13 6
//IdColis IdCommandeInColis NbProducts IdProd1 QtyProd1 IdProd2 QtyProd2 ...
231 33 7 43 1 37 1 566 1 68 1 12 2 26 1 243 1
257 38 5 39 2 40 1 43 1 68 1 12 1
262 39 5 37 1 82 2 43 1 68 1 12 1
265 40 5 39 1 40 1 43 2 68 1 12 1
271 41 6 39 1 43 2 68 1 12 2 26 1 243 1
301 47 5 147 1 43 2 127 1 68 1 12 2
//IdTournes NbColis
14 6
//IdColis IdCommandeInColis NbProducts IdProd1 QtyProd1 IdProd2 QtyProd2 ...
314 50 10 82 1 566 1 68 1 115 1 26 1 44 1 86 1 254 1 453 1 442 1
1 1 6 124 1 27 1 37 1 39 1 12 1 313 1
2 1 6 43 2 147 1 600 1 12 1 26 1 44 1
43 6 4 37 1 43 2 566 1 12 2
75 11 8 147 1 37 1 17 1 12 2 26 1 44 1 50 1 325 1
134 19 5 124 1 39 1 43 2 12 1 283 1
//IdTournes NbColis
15 6
//IdColis IdCommandeInColis NbProducts IdProd1 QtyProd1 IdProd2 QtyProd2 ...
213 30 9 43 1 147 1 12 2 26 1 44 1 50 1 51 1 387 1 328 1
258 38 5 43 2 37 1 566 1 12 1 26 1
266 40 9 37 1 566 1 12 1 26 1 44 1 86 1 436 1 387 2 441 1
311 49 8 43 2 12 2 26 1 44 1 50 1 51 1 254 1 452 1
22 4 6 40 1 106 1 120 1 13 1 178 1 228 1
32 5 6 106 1 582 1 151 1 13 1 79 1 519 1
//IdTournes NbColis
16 6
//IdColis IdCommandeInColis NbProducts IdProd1 QtyProd1 IdProd2 QtyProd2 ...
44 6 12 13 1 26 1 44 1 50 1 51 1 24 1 73 1 325 1 440 1 277 2 442 1 371 1
57 8 5 106 2 37 1 13 1 71 1 322 1
104 14 10 39 1 13 1 50 1 51 1 387 2 466 1 492 1 498 1 247 1 308 1
109 15 6 106 1 120 1 151 1 13 1 569 1 97 1
281 43 11 181 1 13 1 99 1 103 1 104 1 83 1 375 1 213 1 433 1 391 1 237 1
286 44 6 40 1 84 2 13 1 25 1 99 1 371 1
//IdTournes NbColis
17 6
//IdColis IdCommandeInColis NbProducts IdProd1 QtyProd1 IdProd2 QtyProd2 ...
215 30 19 244 1 269 2 321 2 157 1 451 1 500 1 264 1 286 1 350 1 410 3 352 1 511 1 304 1 249 1 356 1 386 1 392 1 501 2 406 1
21 4 5 14 1 15 1 27 1 151 1 245 1
29 5 4 14 1 193 2 188 1 334 1
55 8 4 15 1 193 2 27 1 541 1
80 12 5 15 1 193 1 27 1 39 1 245 1
91 13 5 15 1 193 1 124 1 27 1 477 1
//IdTournes NbColis
18 6
//IdColis IdCommandeInColis NbProducts IdProd1 QtyProd1 IdProd2 QtyProd2 ...
188 26 5 14 1 15 1 183 1 151 1 534 1
234 34 5 15 1 37 1 39 1 84 1 570 1
243 36 4 15 1 193 2 106 1 552 1
274 42 6 15 1 27 1 105 1 40 1 572 1 534 1
285 44 6 15 1 27 1 37 1 39 1 25 1 299 1
31 5 6 124 1 120 1 105 1 106 1 17 1 487 1
//IdTournes NbColis
19 6
//IdColis IdCommandeInColis NbProducts IdProd1 QtyProd1 IdProd2 QtyProd2 ...
49 7 6 81 1 27 1 105 1 173 1 17 1 334 1
87 12 25 513 1 256 4 262 2 285 1 284 1 283 1 122 2 299 1 242 1 539 1 526 1 527 2 516 1 263 1 586 1 16 1 206 2 587 1 202 1 246 1 337 1 489 1 46 1 519 1 545 1
95 13 10 603 1 17 2 570 1 25 2 104 1 83 1 24 1 391 1 444 1 475 1
123 17 10 158 1 205 1 135 1 614 1 137 1 99 1 103 1 83 1 104 1 581 1
299 46 25 262 1 285 1 537 1 283 1 527 1 263 1 136 1 16 1 224 1 36 1 46 2 258 2 519 2 538 1 571 1 209 1 266 1 434 2 273 1 222 1 550 2 545 1 528 2 541 1 334 1
307 48 11 106 1 17 1 95 2 99 1 103 1 104 1 83 1 387 1 226 1 254 1 329 1
//IdTournes NbColis
20 6
//IdColis IdCommandeInColis NbProducts IdProd1 QtyProd1 IdProd2 QtyProd2 ...
138 19 10 630 1 111 1 143 2 36 1 519 1 580 1 324 1 266 1 77 1 131 1
264 39 11 287 1 170 1 286 1 111 1 425 1 133 1 175 1 176 1 369 1 338 1 503 1
132 18 11 43 1 37 1 115 1 26 1 125 1 44 1 86 1 623 1 247 1 133 1 112 1
154 22 6 113 1 114 1 124 1 325 2 247 1 313 1
10 2 26 506 2 508 3 256 1 415 1 445 1 435 1 298 2 285 1 612 1 283 2 29 1 38 1 263 1 310 1 258 1 363 2 355 1 448 1 425 1 19 1 35 1 422 1 618 1 534 1 424 2 529 1
183 25 14 277 3 247 1 320 1 308 1 390 1 279 2 438 2 518 1 467 1 233 1 244 1 269 2 321 1 142 1
//IdTournes NbColis
21 6
//IdColis IdCommandeInColis NbProducts IdProd1 QtyProd1 IdProd2 QtyProd2 ...
248 36 14 253 1 281 6 164 1 28 2 167 1 168 2 78 2 368 1 53 1 408 1 301 1 443 1 500 2 407 1
202 28 13 249 4 392 2 508 1 454 1 265 1 242 1 463 1 159 1 258 1 360 1 469 1 328 1 476 1
105 14 16 308 1 390 2 288 1 257 1 462 1 306 1 260 1 318 1 322 1 243 1 268 2 287 2 93 2 458 1 500 1 370 1
191 26 19 277 2 391 1 288 1 247 1 343 1 287 1 243 1 250 1 605 1 268 1 395 1 253 2 281 1 93 1 174 1 595 1 216 1 443 1 335 1
297 46 16 279 1 320 1 272 1 228 1 233 1 244 1 269 2 321 2 281 1 253 2 215 1 93 1 227 1 264 1 301 2 451 2
160 23 10 95 1 99 1 103 1 104 1 83 1 24 1 436 1 387 5 245 1 21 1
//IdTournes NbColis
22 6
//IdColis IdCommandeInColis NbProducts IdProd1 QtyProd1 IdProd2 QtyProd2 ...
288 44 15 320 1 449 1 318 1 269 2 321 2 253 1 281 2 451 5 227 1 371 1 249 2 450 1 501 1 392 1 21 1
312 49 25 320 1 247 1 269 1 321 1 244 1 494 1 533 1 295 1 240 1 275 1 445 1 285 1 298 1 376 1 284 1 283 1 575 1 263 1 565 1 479 1 296 1 530 1 483 1 534 1 535 1
197 27 27 286 1 412 1 346 1 240 1 361 1 437 2 521 1 509 2 365 1 452 1 415 1 298 2 285 1 283 2 263 1 225 1 69 1 255 1 149 1 543 1 355 1 296 1 241 1 326 1 476 1 428 1 529 1
277 42 18 288 1 272 1 229 1 244 1 357 1 268 2 321 2 253 1 177 1 294 1 227 1 286 1 394 1 280 1 371 1 249 1 386 4 329 1
47 6 15 506 4 342 1 307 1 441 1 454 1 262 1 285 1 376 1 283 1 263 1 23 1 556 1 47 1 428 1 503 1
128 17 24 392 2 501 1 447 3 536 1 522 1 238 1 370 1 256 2 262 2 285 1 283 1 242 1 525 1 516 1 263 1 23 1 180 1 372 1 377 1 100 1 101 1 143 2 585 1 616 1
//IdTournes NbColis
23 6
//IdColis IdCommandeInColis NbProducts IdProd1 QtyProd1 IdProd2 QtyProd2 ...
226 32 13 281 3 28 1 166 1 174 1 167 1 451 2 500 4 237 1 304 3 371 1 249 2 386 3 23 1
111 15 15 308 1 385 2 288 1 390 3 243 1 268 1 321 1 253 3 281 1 227 1 286 1 410 1 511 2 230 1 72 1
34 5 8 104 2 83 1 24 1 213 1 245 4 226 2 277 3 391 1
116 16 10 106 1 151 1 99 1 103 1 83 1 104 1 24 1 387 1 439 1 244 1
50 7 8 173 1 79 1 32 1 95 2 99 1 103 1 104 1 277 1
70 10 11 606 1 25 2 26 1 44 1 50 1 51 1 96 1 553 1 247 1 320 1 612 1
//IdTournes NbColis
24 6
//IdColis IdCommandeInColis NbProducts IdProd1 QtyProd1 IdProd2 QtyProd2 ...
102 14 3 27 1 84 3 25 2
108 15 5 27 1 105 1 40 1 106 1 95 2
115 16 5 27 1 39 1 40 1 106 1 95 2
120 17 5 193 1 39 1 106 2 95 1 283 1
124 17 13 96 2 73 1 523 1 325 1 302 2 305 1 379 2 440 1 444 1 478 1 247 1 320 1 48 1
141 20 9 151 1 95 2 99 1 83 1 103 1 104 1 433 2 277 3 331 1
//IdTournes NbColis
25 6
//IdColis IdCommandeInColis NbProducts IdProd1 QtyProd1 IdProd2 QtyProd2 ...
147 21 6 40 1 84 2 137 1 572 1 25 1 254 1
148 21 13 25 1 99 1 104 1 83 1 51 1 254 1 277 1 305 2 261 2 247 1 308 2 385 1 545 1
181 25 4 40 1 84 2 201 1 25 2
189 26 5 183 1 105 1 106 2 95 1 283 1
195 27 6 39 1 84 2 25 2 26 1 83 1 244 1
199 28 5 27 1 37 1 39 1 40 1 25 2
//IdTournes NbColis
26 6
//IdColis IdCommandeInColis NbProducts IdProd1 QtyProd1 IdProd2 QtyProd2 ...
205 29 6 84 1 147 2 25 2 99 1 104 1 244 1
218 31 6 81 1 27 1 40 1 106 1 95 1 547 1
219 31 7 106 1 151 1 105 1 135 1 95 1 99 1 83 1
223 32 4 27 1 40 1 84 2 25 2
235 34 8 84 1 181 1 636 1 25 2 26 1 83 1 50 1 292 1
239 35 7 151 1 39 1 106 1 95 2 99 1 103 1 243 1
//IdTournes NbColis
27 6
//IdColis IdCommandeInColis NbProducts IdProd1 QtyProd1 IdProd2 QtyProd2 ...
245 36 6 181 1 201 1 161 2 95 2 99 1 280 1
253 37 5 27 1 37 1 39 1 84 1 25 2
275 42 5 106 2 151 1 574 1 95 2 99 1
280 43 4 27 1 40 1 106 2 95 2
292 45 9 106 1 37 1 25 2 99 1 103 1 83 1 104 1 261 1 49 1
295 46 5 193 1 151 1 106 2 95 1 283 1
//IdTournes NbColis
28 6
//IdColis IdCommandeInColis NbProducts IdProd1 QtyProd1 IdProd2 QtyProd2 ...
76 11 15 51 1 96 1 576 1 433 1 254 1 442 2 261 1 247 1 320 1 306 1 228 2 244 1 269 1 321 1 253 1
176 24 25 340 1 283 2 299 1 525 1 539 2 527 3 263 1 194 1 136 1 206 1 36 2 251 1 519 1 538 3 349 1 363 1 389 5 497 1 34 1 209 1 189 1 145 1 560 1 186 1 316 1
208 29 14 470 1 253 3 281 2 595 1 368 1 451 3 412 1 352 1 511 2 512 1 304 3 371 2 249 2 160 1
144 20 16 452 1 445 1 376 1 132 1 310 1 337 1 515 2 251 1 517 1 116 1 323 1 338 1 329 1 330 1 332 1 335 1
40 5 12 187 1 564 1 192 4 562 3 126 1 584 4 484 1 290 1 545 1 618 1 610 1 289 2
177 24 21 186 2 583 4 434 2 296 1 397 2 561 1 333 1 273 1 563 1 208 2 192 1 126 1 211 2 548 1 549 2 550 2 406 1 289 1 481 1 332 1 477 1
//IdTournes NbColis
29 6
//IdColis IdCommandeInColis NbProducts IdProd1 QtyProd1 IdProd2 QtyProd2 ...
267 40 16 302 2 171 1 442 2 390 1 247 1 320 1 308 1 279 1 306 1 244 1 250 1 269 1 395 1 321 1 253 2 117 1
86 12 19 280 1 512 2 514 3 144 1 573 2 304 2 230 1 240 1 374 1 388 1 274 2 416 1 386 1 392 1 506 1 509 1 447 1 533 1 513 1
249 36 16 500 1 412 1 511 1 512 1 144 1 371 1 386 2 311 2 456 2 506 2 522 2 508 4 446 2 415 1 256 2 348 1
93 13 4 84 2 181 2 32 1 211 1
244 36 4 193 2 147 1 181 1 302 1
12 3 5 193 1 121 1 27 1 39 1 234 1
//IdTournes NbColis
30 6
//IdColis IdCommandeInColis NbProducts IdProd1 QtyProd1 IdProd2 QtyProd2 ...
103 14 6 120 1 173 1 37 1 39 1 26 1 83 1
113 15 18 328 1 348 1 241 1 419 1 397 2 428 1 77 1 98 1 425 1 423 1 418 1 422 1 427 1 289 2 420 1 398 1 528 1 424 1
157 23 3 193 3 120 1 334 1
168 24 4 193 2 27 1 39 1 245 1
180 25 4 193 1 27 1 147 2 570 1
254 37 13 84 1 26 1 83 1 50 1 51 1 353 1 375 1 542 1 379 1 308 1 390 1 247 1 342 1
//IdTournes NbColis
31 6
//IdColis IdCommandeInColis NbProducts IdProd1 QtyProd1 IdProd2 QtyProd2 ...
263 39 12 43 1 566 1 26 1 44 1 86 1 325 1 247 1 288 1 306 1 243 1 268 1 503 1
110 15 13 99 1 83 1 103 1 104 1 226 1 254 2 261 1 382 1 277 3 498 1 247 1 308 1 239 1
224 32 10 37 1 39 1 99 1 83 1 103 1 104 1 387 1 375 1 325 1 244 1
25 4 16 85 1 118 2 185 1 216 1 227 3 237 2 280 2 511 1 514 1 217 1 628 2 629 2 230 1 240 1 274 1 386 2
149 21 14 257 1 518 1 228 1 362 1 243 1 268 2 270 1 321 2 253 2 281 4 118 1 123 2 286 1 443 1
30 5 4 183 2 124 1 27 1 619 1
//IdTournes NbColis
32 6
//IdColis IdCommandeInColis NbProducts IdProd1 QtyProd1 IdProd2 QtyProd2 ...
59 8 11 199 1 325 1 302 2 162 1 433 3 254 1 440 1 453 1 379 1 442 4 507 1
74 11 5 27 1 39 1 43 2 32 1 563 1
158 23 5 27 1 39 1 106 2 135 1 276 1
204 29 6 27 1 37 1 39 1 84 1 559 1 454 1
212 30 6 27 1 37 1 39 1 43 1 127 1 441 1
291 45 5 27 1 39 1 40 1 106 1 588 1
//IdTournes NbColis
33 6
//IdColis IdCommandeInColis NbProducts IdProd1 QtyProd1 IdProd2 QtyProd2 ...
51 7 19 83 1 473 1 247 1 288 1 243 1 268 2 287 2 271 1 78 1 216 1 220 1 223 1 28 1 152 1 578 1 53 1 227 1 511 1 235 1
162 23 13 320 1 306 1 228 2 474 1 244 1 250 1 269 2 321 2 470 1 281 4 253 3 28 1 519 1
220 31 19 103 1 104 1 259 1 247 1 320 1 228 1 244 1 269 1 321 1 471 1 253 2 76 1 80 1 129 1 592 1 154 1 595 1 286 1 423 1
129 17 9 429 1 431 2 389 6 448 1 77 1 549 2 550 2 528 1 481 1
251 36 22 389 1 499 1 186 1 355 1 77 2 561 2 564 2 531 1 406 1 400 1 401 1 403 1 405 1 290 2 402 1 545 2 404 1 398 1 330 1 552 1 393 1 399 1
81 12 5 106 1 120 2 195 1 205 1 370 1
//IdTournes NbColis
34 6
//IdColis IdCommandeInColis NbProducts IdProd1 QtyProd1 IdProd2 QtyProd2 ...
94 13 5 120 2 147 1 32 2 472 1 545 1
121 17 3 120 2 79 3 302 1
146 21 5 121 1 128 1 37 1 39 1 234 1
151 21 19 506 1 509 1 544 1 501 2 238 1 275 1 396 2 508 4 276 1 452 1 262 2 285 1 283 2 122 3 525 1 539 1 516 1 263 1 221 1
185 25 18 506 1 510 1 386 3 371 3 450 1 508 3 446 2 238 1 256 1 441 2 452 1 445 1 298 1 262 1 285 1 283 2 122 1 516 1
97 13 16 268 1 287 2 470 1 471 1 253 2 281 2 78 2 196 1 601 1 500 2 237 1 410 1 102 1 249 3 274 1 107 1
//IdTournes NbColis
35 6
//IdColis IdCommandeInColis NbProducts IdProd1 QtyProd1 IdProd2 QtyProd2 ...
173 24 17 474 3 243 1 250 1 268 2 287 2 471 1 364 1 281 1 78 1 602 1 53 1 227 1 451 1 443 1 237 2 491 1 337 1
293 45 19 498 1 247 1 320 1 228 2 244 1 250 1 268 1 321 1 271 1 78 1 411 1 304 2 598 1 249 1 392 2 506 1 509 1 501 1 516 1
82 12 4 201 3 173 1 636 1 256 1
175 24 17 509 2 501 2 447 1 544 2 536 2 598 1 482 1 275 1 508 2 396 1 276 4 256 2 262 2 285 1 218 1 232 1 34 1
268 40 14 281 3 172 1 223 1 430 1 386 1 456 1 392 4 506 3 447 3 361 1 482 1 371 3 249 1 389 1
272 41 19 44 1 50 1 325 1 247 1 288 1 260 1 318 1 322 1 268 2 287 2 172 1 153 1 411 1 264 1 485 1 169 1 480 1 236 1 176 1
//IdTournes NbColis
36 6
//IdColis IdCommandeInColis NbProducts IdProd1 QtyProd1 IdProd2 QtyProd2 ...
246 36 12 103 2 104 1 83 1 379 2 440 1 442 2 247 1 320 1 279 1 390 1 257 2 295 1
276 42 13 103 1 83 1 104 1 245 1 226 1 254 1 378 1 277 2 382 1 498 1 308 3 247 1 228 1
287 44 14 103 1 83 1 104 1 436 1 387 2 615 1 542 1 453 1 379 1 440 1 385 1 390 1 247 1 244 1
92 13 5 124 1 128 1 37 1 39 1 245 1
196 27 17 50 1 51 1 542 1 261 1 473 1 247 1 320 1 354 1 250 1 357 1 269 2 321 2 150 1 152 1 154 1 292 1 36 1
282 43 17 498 1 247 1 320 1 306 1 336 1 244 1 269 2 321 2 253 1 281 3 190 1 174 1 237 1 210 1 280 1 457 1 240 1
//IdTournes NbColis
37 6
//IdColis IdCommandeInColis NbProducts IdProd1 QtyProd1 IdProd2 QtyProd2 ...
117 16 18 308 1 247 1 320 1 380 1 228 2 250 1 605 1 269 1 321 1 253 1 281 1 271 1 500 2 278 1 371 1 249 1 356 3 126 1
161 23 11 254 1 277 2 379 2 440 1 442 1 391 1 279 3 385 2 390 3 247 1 126 1
165 23 19 376 1 537 1 319 1 609 1 540 1 526 1 136 2 429 1 363 3 389 1 499 1 348 1 397 2 561 1 369 1 126 1 290 1 545 1 329 1
69 10 5 37 1 39 1 84 2 127 1 298 1
240 35 14 104 1 83 1 387 1 305 1 247 1 288 1 308 2 279 1 390 1 257 1 380 1 318 2 322 1 268 2
56 8 3 128 3 39 1 620 1
//IdTournes NbColis
38 6
//IdColis IdCommandeInColis NbProducts IdProd1 QtyProd1 IdProd2 QtyProd2 ...
230 33 6 39 2 40 1 43 1 614 1 133 1 626 1
308 48 20 379 1 498 1 478 1 385 1 279 1 390 1 320 1 247 1 228 1 351 1 268 1 395 1 321 1 233 1 244 1 250 1 471 1 384 1 41 1 529 1
143 20 19 321 1 594 1 271 1 253 1 281 2 129 1 291 1 227 1 286 1 301 1 500 1 412 1 346 1 304 2 249 2 437 1 456 2 307 2 517 1
206 29 10 83 1 51 1 387 1 302 2 277 3 433 1 254 3 379 2 442 1 228 1
8 2 15 44 1 50 1 51 1 433 1 440 1 277 1 444 1 498 1 279 2 247 1 320 1 257 2 462 1 438 1 290 1
259 38 17 44 1 86 1 523 1 261 1 309 1 378 1 247 1 288 1 272 1 318 1 322 1 229 1 243 1 250 1 268 2 287 1 107 1
//IdTournes NbColis
39 6
//IdColis IdCommandeInColis NbProducts IdProd1 QtyProd1 IdProd2 QtyProd2 ...
273 41 4 131 1 133 1 483 2 481 1
137 19 23 411 1 491 1 280 1 240 1 252 2 388 1 312 1 371 1 311 2 631 1 275 1 307 3 415 1 298 2 285 1 283 1 417 1 579 1 540 1 526 1 263 1 197 1 535 1
16 3 15 247 1 320 1 385 2 279 1 318 1 228 3 233 1 244 1 250 1 269 2 321 2 395 1 470 1 271 1 45 1
4 1 16 228 1 373 1 318 1 269 2 321 2 253 2 85 1 286 1 352 1 274 2 392 1 510 1 501 1 396 2 507 1 441 3
24 4 15 279 1 320 1 257 2 438 1 228 2 134 1 244 1 250 1 268 2 270 1 395 1 321 2 253 2 281 1 53 1
193 26 12 376 1 49 1 319 1 263 1 556 1 337 1 604 1 389 2 499 1 324 1 348 1 397 1
//IdTournes NbColis
40 6
//IdColis IdCommandeInColis NbProducts IdProd1 QtyProd1 IdProd2 QtyProd2 ...
227 32 19 386 2 456 1 392 3 447 2 230 1 506 2 307 2 507 1 441 3 526 2 293 1 136 1 557 1 337 1 597 1 519 1 363 1 499 2 551 1
236 34 17 51 1 387 1 379 1 478 1 247 1 385 1 308 1 320 1 306 1 351 1 272 1 362 1 638 1 244 1 269 2 270 1 321 1
309 48 20 286 1 371 1 249 1 356 1 386 3 392 1 240 1 509 1 501 2 275 2 396 3 508 2 276 1 262 1 285 1 376 1 283 1 263 1 136 1 241 1
17 3 18 281 1 292 1 227 2 301 2 286 1 500 1 350 2 237 1 394 1 240 1 447 1 506 2 509 1 536 1 501 1 446 3 262 2 567 1
269 40 11 249 1 356 1 311 2 441 1 426 1 389 1 363 3 397 1 348 1 567 1 487 1
52 7 20 573 2 304 1 230 1 240 1 509 2 544 1 536 2 501 1 249 1 447 1 508 2 275 2 452 2 276 1 262 2 285 1 265 1 284 1 283 1 554 1
//IdTournes NbColis
41 6
//IdColis IdCommandeInColis NbProducts IdProd1 QtyProd1 IdProd2 QtyProd2 ...
298 46 19 451 2 278 1 237 1 573 2 240 1 252 1 386 1 509 1 392 2 506 2 275 1 508 1 342 1 507 1 513 3 441 2 276 1 262 1 525 1
303 47 12 308 1 247 1 320 1 390 1 385 3 269 2 321 2 244 1 253 4 281 2 53 1 459 1
278 42 14 381 1 392 2 506 2 230 1 238 1 508 1 396 2 507 1 608 1 169 1 363 1 389 1 480 1 397 1
98 13 15 274 1 388 1 381 1 386 5 392 1 447 1 506 2 509 2 544 1 536 1 501 1 275 1 396 3 508 4 586 1
45 6 18 473 2 308 1 385 1 247 1 320 1 390 1 467 1 322 1 233 2 244 1 357 1 269 1 270 1 321 1 594 1 253 1 281 1 323 1
163 23 14 595 1 301 1 451 3 500 2 237 2 410 1 280 1 512 1 514 1 511 1 346 1 304 3 371 2 249 4
//IdTournes NbColis
42 6
//IdColis IdCommandeInColis NbProducts IdProd1 QtyProd1 IdProd2 QtyProd2 ...
237 34 23 321 1 595 1 227 1 264 1 451 1 301 1 352 1 346 2 240 1 356 1 508 2 238 1 441 1 454 1 262 2 285 1 344 1 283 2 263 1 246 1 409 1 519 1 360 1
36 5 12 243 1 268 2 270 1 287 2 471 1 364 2 281 3 215 1 227 1 286 2 451 4 500 2
150 21 12 500 2 280 2 514 1 217 1 249 1 230 1 240 1 252 1 381 3 386 5 392 3 506 4
127 17 16 451 3 443 1 500 3 286 1 350 1 430 2 514 2 511 1 346 2 304 1 366 1 240 1 356 1 311 3 392 1 290 1
125 17 13 257 2 380 1 438 2 518 2 373 1 228 4 621 1 622 1 367 1 244 1 357 1 269 2 383 1
133 18 8 320 1 244 1 250 1 269 1 321 1 227 1 347 1 483 2
//IdTournes NbColis
43 6
//IdColis IdCommandeInColis NbProducts IdProd1 QtyProd1 IdProd2 QtyProd2 ...
201 28 18 247 1 320 1 354 1 467 1 228 1 244 1 357 1 269 2 321 2 465 1 271 1 253 2 281 1 264 1 412 1 304 1 295 1 388 1
247 36 9 438 4 518 2 260 1 228 4 244 1 269 2 321 2 253 3 240 1
142 20 15 442 1 247 1 320 1 279 3 308 1 385 2 300 1 260 1 272 1 233 2 244 1 250 1 269 1 270 1 342 1
35 5 14 391 1 473 1 478 1 247 1 288 2 308 1 279 3 390 2 248 1 260 1 343 1 621 1 622 1 229 1
60 8 14 247 1 320 1 257 1 300 1 504 2 518 1 449 3 233 1 244 1 269 2 321 2 455 1 281 2 263 1
96 13 15 498 1 473 1 478 1 247 1 279 2 288 1 308 1 390 2 343 2 474 2 336 1 229 1 243 1 268 1 528 1
//IdTournes NbColis
44 6
//IdColis IdCommandeInColis NbProducts IdProd1 QtyProd1 IdProd2 QtyProd2 ...
172 24 16 254 1 378 1 439 1 382 1 391 1 473 1 478 1 247 1 288 1 308 1 390 1 257 1 306 1 438 3 343 1 240 1
62 8 14 249 1 493 1 437 5 456 1 392 2 521 1 506 6 507 2 415 2 445 1 298 2 285 1 344 1 418 1
164 23 12 274 2 386 2 392 3 506 2 501 1 447 1 482 1 508 6 396 3 507 3 513 1 370 1
37 5 13 500 2 237 1 352 1 514 4 532 1 511 3 346 1 304 1 230 1 274 4 536 3 508 2 519 1
174 24 12 514 1 511 2 346 1 304 2 249 5 356 1 386 6 274 1 381 1 506 4 509 1 548 1
192 26 14 249 2 381 2 386 1 274 2 392 4 506 2 240 1 496 1 508 3 396 2 507 1 276 3 262 1 285 1
//IdTournes NbColis
45 4
//IdColis IdCommandeInColis NbProducts IdProd1 QtyProd1 IdProd2 QtyProd2 ...
207 29 13 442 1 498 1 279 1 308 1 385 3 390 3 247 1 320 1 357 1 269 2 321 2 470 1 428 1
214 30 11 387 1 492 1 254 1 277 2 308 1 279 3 385 1 390 4 247 1 320 1 336 1
225 32 14 379 1 440 3 308 2 279 1 385 1 390 2 247 1 320 1 250 1 357 1 269 1 321 1 253 2 425 1
294 45 6 337 1 251 1 421 1 499 2 551 1 324 1
