//NbTournees
4
//IdTournes NbColis
1 6
//IdColis IdCommandeInColis NbProducts IdProd1 QtyProd1 IdProd2 QtyProd2 ...
23 6 13 152 1 205 1 126 1 142 1 82 1 3 1 153 1 157 1 87 1 20 1 35 1 52 1 116 1
20 5 23 22 1 175 1 55 1 180 1 204 1 127 1 165 1 167 1 194 1 210 1 103 1 26 1 62 1 243 1 21 1 35 1 66 2 77 1 106 1 174 1 181 2 80 1 107 1
4 1 22 3 1 128 1 134 1 136 1 141 1 143 1 150 1 161 1 164 1 176 1 165 1 255 1 6 1 12 1 278 1 53 1 302 1 10 1 191 2 262 1 62 2 313 1
17 4 19 133 1 175 1 251 2 111 1 84 1 14 1 39 1 144 1 170 1 171 1 172 1 128 1 141 1 151 1 154 1 155 1 259 1 260 1 53 1
24 6 26 67 1 168 2 174 1 182 2 68 1 104 1 51 1 86 1 90 2 124 1 192 1 125 1 47 1 48 1 88 1 209 1 102 1 97 1 146 1 115 1 100 1 109 1 129 1 156 1 122 1 121 1
7 1 40 207 2 209 1 43 1 280 1 288 1 292 1 85 1 184 1 56 1 301 1 320 1 130 2 234 1 316 2 273 1 277 2 282 1 305 1 269 1 93 1 178 1 312 1 322 1 323 1 116 1 307 1 309 1 310 1 317 1 321 1 189 1 215 1 118 1 318 1 319 1 235 1 237 2 98 1 224 1 119 1
//IdTournes NbColis
2 6
//IdColis IdCommandeInColis NbProducts IdProd1 QtyProd1 IdProd2 QtyProd2 ...
19 4 20 130 1 179 1 70 1 162 1 4 1 27 1 140 1 149 1 156 3 159 1 256 1 101 1 117 1 118 2 122 1 189 1 253 1 206 1 120 2 119 1
21 5 42 38 1 68 1 187 1 32 1 73 1 90 1 185 2 208 1 112 1 123 1 88 1 236 1 137 1 163 1 238 1 200 1 15 1 69 1 85 1 56 1 75 1 131 1 99 1 158 1 61 1 93 1 242 1 239 1 177 1 201 1 149 1 156 2 166 1 110 1 101 1 113 1 122 1 118 1 237 1 241 1 108 1 240 1
12 2 57 230 1 313 1 335 1 114 1 145 1 132 1 149 1 219 1 109 1 96 1 223 1 227 1 324 1 229 1 116 1 337 1 216 1 217 1 101 1 226 1 333 1 343 1 95 2 232 1 350 1 189 1 206 1 215 1 218 1 225 1 326 1 329 1 332 1 118 1 319 1 340 1 344 1 122 1 221 1 228 1 235 1 330 2 237 1 331 1 120 1 121 1 98 2 107 2 224 1 108 1 325 1 334 1 338 2 342 2 233 1 119 1 336 1
2 1 13 254 1 264 1 286 1 19 1 133 1 283 1 287 1 268 1 2 1 295 1 65 1 9 1 242 1
10 2 19 203 1 198 1 133 1 91 1 1 1 55 1 71 1 3 1 153 1 199 1 12 1 63 1 349 1 24 1 18 1 35 1 40 1 231 1 106 1
6 1 28 271 1 290 1 80 1 308 1 281 1 68 1 92 1 135 1 186 2 246 1 31 1 291 1 13 1 23 1 275 1 51 3 72 1 299 1 83 2 90 1 296 1 314 1 47 2 59 1 297 1 88 3 311 1 147 1
//IdTournes NbColis
3 6
//IdColis IdCommandeInColis NbProducts IdProd1 QtyProd1 IdProd2 QtyProd2 ...
14 3 12 193 1 202 1 29 1 138 1 169 1 76 2 2 1 65 1 25 1 30 1 49 2 54 1
15 3 35 89 1 139 1 165 1 183 1 148 1 62 1 222 1 21 1 37 1 106 1 174 1 182 1 213 1 36 1 68 1 51 1 81 1 112 1 50 1 78 1 88 1 34 1 60 1 85 1 69 1 75 1 234 1 196 1 197 1 156 1 178 1 109 1 227 1 189 1 235 1
11 2 34 5 1 31 1 23 1 51 1 72 1 79 1 83 1 90 2 94 1 220 1 346 1 348 1 59 1 88 2 207 1 212 1 327 1 339 1 195 2 17 1 33 1 351 1 56 2 179 1 316 1 352 1 328 1 345 1 177 1 341 1 347 1 214 1 100 1 156 1
18 4 30 63 1 74 2 191 1 28 1 52 1 58 1 248 1 174 1 181 2 182 1 257 1 68 2 92 1 188 1 31 1 51 1 64 1 90 1 185 1 57 1 88 1 160 1 250 1 105 1 195 1 200 1 41 1 16 1 211 1 107 1
5 1 25 289 1 293 1 87 1 315 1 247 1 298 1 18 1 21 2 35 1 279 1 58 1 66 1 303 1 8 1 261 1 276 2 284 1 294 1 7 1 174 1 168 2 258 1 44 1 46 2 190 1
1 1 6 245 1 244 1 252 1 173 1 249 1 306 1
//IdTournes NbColis
4 1
//IdColis IdCommandeInColis NbProducts IdProd1 QtyProd1 IdProd2 QtyProd2 ...
3 1 17 42 1 263 1 267 1 272 1 265 1 274 1 300 1 1 1 45 2 25 2 266 1 285 1 304 1 14 2 270 1 89 2 11 1
