//NbTournees
81
//IdTournes NbColis
1 6
//IdColis IdCommandeInColis NbProducts IdProd1 QtyProd1 IdProd2 QtyProd2 ...
54 7 9 45 1 46 1 47 2 48 1 49 1 50 1 51 1 52 1 340 1
59 8 6 46 1 47 2 49 2 69 2 50 2 431 1
66 9 9 49 1 50 1 51 1 47 2 52 1 157 1 96 1 97 1 21 1
72 10 8 51 1 58 1 52 1 47 2 49 1 96 1 97 2 391 1
78 11 9 57 1 50 1 51 1 52 1 47 2 49 1 69 1 96 1 477 1
83 12 8 51 1 58 1 52 1 47 2 49 1 96 1 97 2 351 1
//IdTournes NbColis
2 6
//IdColis IdCommandeInColis NbProducts IdProd1 QtyProd1 IdProd2 QtyProd2 ...
88 13 6 60 1 59 1 56 1 46 2 47 2 52 1
95 14 7 45 1 46 2 57 2 52 1 47 2 96 1 313 1
101 15 6 48 2 52 1 47 2 96 2 97 2 21 1
107 16 7 48 1 61 2 58 2 52 1 47 2 97 1 20 1
114 17 7 61 1 62 1 47 1 97 2 49 2 50 2 351 1
122 18 7 62 1 64 1 47 2 49 2 50 2 51 1 351 1
//IdTournes NbColis
3 6
//IdColis IdCommandeInColis NbProducts IdProd1 QtyProd1 IdProd2 QtyProd2 ...
129 19 7 48 1 47 2 52 1 96 2 50 2 51 1 21 1
136 20 8 57 1 47 2 52 1 45 1 49 1 69 2 70 1 21 1
141 21 9 48 1 61 1 49 1 50 1 51 1 58 1 47 2 52 1 360 1
12 2 12 72 1 52 1 71 1 73 1 69 1 115 1 232 1 20 1 21 1 351 1 24 1 17 1
149 22 13 71 1 115 1 243 1 232 1 338 2 340 1 25 1 244 2 245 1 237 1 493 1 394 2 556 2
152 23 10 73 1 71 1 115 1 69 2 243 1 288 1 24 1 338 2 244 2 489 1
//IdTournes NbColis
4 6
//IdColis IdCommandeInColis NbProducts IdProd1 QtyProd1 IdProd2 QtyProd2 ...
155 24 9 46 1 57 1 67 2 68 1 70 1 72 1 52 1 71 1 488 1
159 25 9 45 1 46 1 57 1 71 1 67 2 68 1 70 1 52 1 235 1
164 26 5 149 2 46 2 57 2 71 2 232 1
172 27 12 67 1 68 1 70 1 52 1 71 1 115 1 69 1 351 1 20 1 21 1 235 1 276 1
177 28 9 72 1 52 1 73 1 71 1 70 1 115 1 69 2 629 1 628 1
182 29 7 67 1 52 1 73 2 74 1 71 2 69 2 485 1
//IdTournes NbColis
5 6
//IdColis IdCommandeInColis NbProducts IdProd1 QtyProd1 IdProd2 QtyProd2 ...
188 30 8 119 1 56 1 46 1 57 1 71 1 67 2 68 1 336 1
11 2 9 119 1 123 1 56 1 46 1 67 1 68 1 70 1 243 1 16 1
27 4 6 119 1 120 1 123 1 56 2 613 1 367 1
45 6 7 119 1 123 1 53 1 56 2 48 1 243 1 105 1
58 8 7 119 1 123 1 53 1 56 1 45 2 46 1 321 1
71 10 8 99 1 123 1 56 1 169 1 46 1 48 1 50 1 321 1
//IdTournes NbColis
6 6
//IdColis IdCommandeInColis NbProducts IdProd1 QtyProd1 IdProd2 QtyProd2 ...
77 11 8 119 1 123 1 56 1 613 1 170 1 45 1 46 1 468 1
82 12 8 119 1 123 1 56 1 142 1 46 1 48 1 50 1 321 1
100 15 7 119 1 123 1 56 1 45 2 46 2 232 1 116 1
113 17 6 99 1 123 1 56 2 48 2 61 1 352 1
128 19 6 119 1 123 1 56 2 46 2 48 1 321 1
135 20 7 119 1 123 1 56 2 142 1 46 1 283 1 512 1
//IdTournes NbColis
7 6
//IdColis IdCommandeInColis NbProducts IdProd1 QtyProd1 IdProd2 QtyProd2 ...
171 27 8 119 1 184 1 123 1 56 1 45 1 46 1 57 1 645 1
176 28 8 99 1 123 1 56 1 46 1 67 2 68 1 232 1 116 1
193 31 6 119 1 123 1 56 2 48 2 61 1 403 1
200 32 7 119 1 123 1 56 1 48 1 61 1 75 2 557 1
206 33 7 56 1 46 2 67 2 68 2 52 1 73 1 596 1
211 34 7 119 1 123 1 59 1 56 2 48 1 415 1 339 1
//IdTournes NbColis
8 6
//IdColis IdCommandeInColis NbProducts IdProd1 QtyProd1 IdProd2 QtyProd2 ...
218 35 6 119 1 123 1 56 2 53 1 142 1 301 1
225 36 6 119 1 127 1 123 1 56 2 76 1 326 1
232 37 6 102 1 99 1 101 1 123 1 56 1 612 1
233 37 7 56 1 48 2 76 2 78 2 62 1 96 1 116 1
238 38 7 123 1 79 1 56 1 46 1 67 2 68 1 52 1
244 39 7 119 1 123 1 56 2 153 1 48 1 543 1 30 1
//IdTournes NbColis
9 6
//IdColis IdCommandeInColis NbProducts IdProd1 QtyProd1 IdProd2 QtyProd2 ...
251 40 6 119 1 120 1 123 1 56 2 61 1 310 1
257 41 6 119 1 123 1 56 2 577 1 78 2 161 1
37 5 7 76 1 62 1 77 2 98 2 86 2 51 1 21 1
46 6 7 76 2 62 1 77 1 85 2 86 2 50 1 21 1
65 9 7 119 1 131 1 149 2 45 1 46 1 57 1 368 1
94 14 7 131 1 119 1 149 2 169 1 45 1 375 1 4 1
//IdTournes NbColis
10 6
//IdColis IdCommandeInColis NbProducts IdProd1 QtyProd1 IdProd2 QtyProd2 ...
148 22 10 153 1 45 1 46 1 57 1 67 1 68 1 69 1 70 1 52 1 188 1
189 30 9 52 1 45 1 69 2 70 1 115 1 243 1 232 1 21 1 338 3
219 35 6 57 2 45 2 46 2 68 2 69 1 351 1
226 36 9 78 2 51 1 62 1 77 1 122 1 126 1 98 1 86 1 310 1
258 41 6 62 1 77 2 76 2 98 2 86 2 521 1
264 42 7 76 1 78 2 51 1 62 1 77 2 126 2 360 1
//IdTournes NbColis
11 6
//IdColis IdCommandeInColis NbProducts IdProd1 QtyProd1 IdProd2 QtyProd2 ...
272 43 7 76 2 78 2 51 1 62 1 77 2 122 1 431 1
281 44 7 76 1 78 2 51 1 62 1 77 2 126 2 310 1
289 45 6 77 2 62 1 126 2 98 2 121 2 301 1
294 46 7 149 1 78 2 85 2 77 2 62 1 76 1 148 1
300 47 7 65 1 78 2 51 1 62 1 77 2 76 2 595 1
307 48 10 86 1 51 1 62 1 77 1 76 1 126 1 98 1 145 1 122 1 21 1
//IdTournes NbColis
12 6
//IdColis IdCommandeInColis NbProducts IdProd1 QtyProd1 IdProd2 QtyProd2 ...
312 49 7 51 1 62 1 77 2 122 2 126 2 98 1 241 1
317 50 6 77 2 122 2 126 2 98 2 86 1 351 1
321 51 6 131 1 119 1 149 2 78 2 77 1 321 1
322 51 7 77 1 85 2 51 1 62 1 76 2 126 2 286 1
328 52 7 83 1 84 2 62 1 77 2 87 2 126 1 313 1
336 53 7 78 2 51 1 62 1 77 2 76 2 122 1 313 1
//IdTournes NbColis
13 6
//IdColis IdCommandeInColis NbProducts IdProd1 QtyProd1 IdProd2 QtyProd2 ...
343 54 6 78 3 51 1 62 1 77 2 122 2 264 1
354 55 7 83 1 84 2 85 2 62 1 77 2 122 1 313 1
361 56 7 51 1 62 1 77 2 98 2 85 2 86 1 286 1
368 57 6 77 2 76 2 85 2 98 2 86 1 383 1
375 58 7 78 1 62 1 77 2 76 2 98 2 86 1 383 1
382 59 6 77 2 76 2 98 2 86 2 51 1 351 1
//IdTournes NbColis
14 6
//IdColis IdCommandeInColis NbProducts IdProd1 QtyProd1 IdProd2 QtyProd2 ...
390 60 6 76 2 78 2 62 1 77 2 98 2 383 1
399 61 6 76 2 78 2 62 1 77 2 98 2 485 1
406 62 7 76 1 78 2 62 1 77 2 98 2 86 1 495 1
416 63 6 129 1 131 1 65 2 77 2 62 1 321 1
424 64 8 142 1 221 1 83 1 84 2 85 1 62 1 77 1 126 1
432 65 7 83 1 84 2 62 1 77 2 76 1 122 2 377 1
//IdTournes NbColis
15 6
//IdColis IdCommandeInColis NbProducts IdProd1 QtyProd1 IdProd2 QtyProd2 ...
439 66 6 149 2 78 2 62 1 77 2 76 1 441 1
448 67 7 83 1 84 2 62 1 77 2 98 2 121 1 274 1
1 1 6 158 1 129 1 65 2 87 2 92 1 263 1
17 3 6 142 1 170 1 83 3 92 2 62 1 87 1
18 3 7 87 1 112 2 113 1 91 1 84 3 128 1 35 1
456 68 6 91 1 92 2 62 1 87 2 121 3 312 1
//IdTournes NbColis
16 6
//IdColis IdCommandeInColis NbProducts IdProd1 QtyProd1 IdProd2 QtyProd2 ...
469 69 7 83 1 92 2 62 1 87 2 121 2 112 1 383 1
478 70 6 92 2 62 1 87 2 121 3 112 1 543 1
60 8 9 57 2 51 1 52 1 96 2 326 1 351 2 546 1 20 1 281 1
151 23 9 217 1 46 1 67 2 68 1 70 1 72 1 52 1 232 1 239 1
181 29 6 119 1 131 1 149 2 46 2 67 1 321 1
485 71 10 90 1 68 1 94 1 72 1 95 1 73 1 46 1 67 1 340 1 493 1
//IdTournes NbColis
17 6
//IdColis IdCommandeInColis NbProducts IdProd1 QtyProd1 IdProd2 QtyProd2 ...
28 4 7 48 2 61 2 62 1 74 1 49 2 50 1 21 1
36 5 7 129 1 131 1 53 1 65 2 76 1 326 1 110 1
89 13 6 49 2 50 2 48 2 51 1 58 2 415 1
106 16 7 119 1 131 1 59 1 149 2 48 1 326 1 105 1
121 18 6 129 1 131 1 65 2 577 1 48 2 277 1
212 34 7 48 1 61 2 62 1 49 2 50 2 51 1 415 1
//IdTournes NbColis
18 6
//IdColis IdCommandeInColis NbProducts IdProd1 QtyProd1 IdProd2 QtyProd2 ...
245 39 7 48 1 78 1 61 2 62 1 49 2 86 2 21 1
252 40 9 50 1 51 1 58 1 62 1 48 1 96 1 97 2 49 1 521 1
263 42 6 129 1 131 2 65 1 139 1 76 1 326 1
280 44 8 129 1 131 1 65 1 613 1 193 1 577 1 76 1 116 1
295 46 7 76 1 98 2 121 2 113 1 122 2 126 1 383 1
311 49 6 120 1 149 1 76 2 78 2 85 2 7 1
//IdTournes NbColis
19 6
//IdColis IdCommandeInColis NbProducts IdProd1 QtyProd1 IdProd2 QtyProd2 ...
316 50 7 149 1 76 2 78 2 85 2 51 1 62 1 595 1
342 54 5 131 2 149 2 195 1 76 2 125 1
360 56 7 129 1 158 1 65 1 76 2 78 2 288 1 537 1
405 62 6 102 1 129 1 131 1 65 2 76 1 421 1
417 63 6 64 1 76 2 85 2 98 2 86 2 313 1
440 66 7 76 1 122 2 98 2 86 2 51 1 85 1 313 1
//IdTournes NbColis
20 6
//IdColis IdCommandeInColis NbProducts IdProd1 QtyProd1 IdProd2 QtyProd2 ...
489 72 8 149 1 50 1 51 1 58 2 48 2 62 1 61 1 116 1
496 73 10 62 1 48 1 49 1 96 1 97 2 243 1 232 1 241 1 244 2 245 1
500 74 6 48 2 97 2 49 2 75 2 96 1 312 1
506 75 7 48 2 97 1 49 2 86 1 75 2 96 1 351 1
513 76 9 51 1 58 1 62 1 48 1 76 1 78 2 49 1 96 1 351 1
519 77 7 58 1 62 1 48 2 61 2 49 2 75 1 20 1
//IdTournes NbColis
21 6
//IdColis IdCommandeInColis NbProducts IdProd1 QtyProd1 IdProd2 QtyProd2 ...
526 78 7 50 2 51 1 58 2 62 1 48 2 61 1 391 1
533 79 7 50 1 51 1 58 2 62 1 48 2 96 2 313 1
541 80 7 64 1 48 2 76 2 85 1 86 2 50 1 360 1
548 81 7 129 1 131 1 53 1 65 1 48 2 58 1 263 1
557 82 6 58 2 48 2 62 1 61 2 97 2 358 1
38 5 6 78 2 85 2 122 2 126 2 172 1 312 1
//IdTournes NbColis
22 6
//IdColis IdCommandeInColis NbProducts IdProd1 QtyProd1 IdProd2 QtyProd2 ...
47 6 8 50 1 51 1 78 2 96 2 98 2 232 1 288 1 152 1
123 18 7 58 2 61 2 96 2 97 2 243 1 232 1 330 1
194 31 7 61 1 58 2 62 1 97 2 49 2 50 1 21 1
306 48 8 129 1 131 1 65 1 78 2 85 1 86 1 243 1 130 1
369 57 8 86 1 51 1 78 2 126 2 122 2 517 1 351 1 19 1
374 58 7 129 1 131 1 65 2 169 1 78 1 444 1 183 1
//IdTournes NbColis
23 6
//IdColis IdCommandeInColis NbProducts IdProd1 QtyProd1 IdProd2 QtyProd2 ...
381 59 6 129 1 131 1 65 2 78 2 62 1 321 1
418 63 9 51 1 78 2 126 2 122 2 326 1 21 1 370 1 244 1 329 1
490 72 6 61 1 96 2 97 2 49 2 75 2 546 1
495 73 8 120 1 53 1 61 1 75 2 50 1 51 1 58 1 237 1
499 74 7 619 1 61 2 50 2 51 1 58 2 62 1 230 1
505 75 7 149 1 61 2 50 2 51 1 58 2 62 1 118 1
//IdTournes NbColis
24 6
//IdColis IdCommandeInColis NbProducts IdProd1 QtyProd1 IdProd2 QtyProd2 ...
527 78 6 61 1 97 2 49 2 75 2 96 2 21 1
532 79 6 129 1 131 1 149 2 61 2 50 1 263 1
542 80 8 50 1 78 2 51 1 58 1 49 1 96 2 98 1 351 1
549 81 7 58 1 62 1 61 2 97 2 49 2 50 1 20 1
2 1 6 92 1 62 1 83 3 112 3 113 1 304 1
165 26 7 69 2 70 1 72 2 52 1 67 2 68 1 274 1
//IdTournes NbColis
25 6
//IdColis IdCommandeInColis NbProducts IdProd1 QtyProd1 IdProd2 QtyProd2 ...
220 35 7 69 1 70 1 52 1 67 2 115 2 49 2 477 1
288 45 6 53 1 149 1 83 2 84 2 85 2 444 1
327 52 7 119 1 123 1 149 2 142 1 83 1 501 1 4 1
353 55 7 119 1 131 1 53 1 149 2 83 1 326 1 110 1
447 67 7 90 1 129 1 184 1 65 1 139 1 83 1 326 1
455 68 7 102 1 158 1 139 1 613 1 83 2 91 1 253 1
//IdTournes NbColis
26 6
//IdColis IdCommandeInColis NbProducts IdProd1 QtyProd1 IdProd2 QtyProd2 ...
468 69 7 129 1 101 1 131 1 59 1 65 1 83 1 357 1
477 70 7 129 1 131 1 65 1 83 2 91 2 243 1 144 1
96 14 9 115 1 49 2 69 2 70 1 50 1 68 1 310 1 351 1 339 1
166 26 11 68 1 115 2 287 1 558 1 283 1 288 1 286 1 488 1 21 1 235 3 368 1
183 29 9 70 1 72 2 68 2 94 1 115 1 172 1 558 1 288 1 450 1
29 4 7 50 1 51 1 58 2 75 2 96 2 97 1 312 1
//IdTournes NbColis
27 6
//IdColis IdCommandeInColis NbProducts IdProd1 QtyProd1 IdProd2 QtyProd2 ...
115 17 9 51 1 58 2 75 1 96 2 326 1 351 1 477 2 488 1 336 1
195 31 10 50 1 51 1 75 2 96 2 550 1 244 2 245 1 264 1 235 1 12 1
213 34 7 58 2 75 2 96 2 97 2 21 1 235 1 367 1
246 39 8 50 2 51 1 58 2 75 1 96 2 301 1 244 1 281 1
253 40 12 75 2 145 1 21 1 235 2 350 1 31 1 281 1 280 1 364 1 323 1 367 2 468 2
520 77 10 75 1 96 2 97 2 141 1 441 1 232 1 288 1 21 1 24 1 323 1
//IdTournes NbColis
28 6
//IdColis IdCommandeInColis NbProducts IdProd1 QtyProd1 IdProd2 QtyProd2 ...
534 79 9 97 2 49 2 75 2 375 1 326 1 441 1 560 1 219 1 109 1
550 81 8 50 1 51 1 75 2 157 1 96 2 162 1 205 1 243 1
558 82 8 49 2 75 2 96 2 205 1 357 1 441 1 567 1 288 1
3 1 5 91 2 84 3 128 2 121 2 310 1
457 68 5 112 2 113 1 84 3 128 2 557 2
470 69 6 112 1 84 2 113 1 91 2 128 2 557 2
//IdTournes NbColis
29 6
//IdColis IdCommandeInColis NbProducts IdProd1 QtyProd1 IdProd2 QtyProd2 ...
479 70 8 112 1 113 1 84 3 128 2 232 1 301 2 302 1 165 1
207 33 7 73 1 114 2 69 2 70 1 72 2 94 1 351 1
208 33 12 94 1 20 1 338 2 340 1 244 2 245 1 25 1 350 2 18 2 336 1 337 2 43 1
227 36 14 86 1 85 1 162 1 379 1 360 1 546 1 21 1 370 1 235 2 18 1 280 1 364 1 336 1 378 1
239 38 10 73 1 114 1 69 2 70 1 72 1 94 1 283 1 550 1 351 1 21 1
259 41 9 51 1 85 2 122 2 126 2 235 1 350 1 364 1 280 1 336 1
//IdTournes NbColis
30 6
//IdColis IdCommandeInColis NbProducts IdProd1 QtyProd1 IdProd2 QtyProd2 ...
265 42 7 98 2 85 2 86 2 122 2 441 1 439 1 110 1
273 43 6 122 1 126 2 98 2 86 2 85 2 383 1
282 44 6 98 2 85 2 86 2 122 2 136 1 360 1
301 47 6 126 2 98 2 86 2 85 2 122 1 301 1
337 53 6 122 1 126 2 98 2 86 2 85 2 21 1
344 54 5 98 2 86 3 85 2 126 2 301 1
//IdTournes NbColis
31 6
//IdColis IdCommandeInColis NbProducts IdProd1 QtyProd1 IdProd2 QtyProd2 ...
376 58 8 86 1 51 1 85 2 122 2 126 2 517 1 351 1 339 1
383 59 8 85 2 122 2 126 2 136 1 326 1 351 1 20 1 21 1
391 60 6 86 2 51 1 85 2 122 2 126 2 477 1
400 61 6 86 2 51 1 85 2 122 2 126 2 313 1
407 62 6 86 1 51 1 85 2 122 2 126 2 557 2
433 65 6 98 2 121 2 113 1 85 2 126 2 546 1
//IdTournes NbColis
32 6
//IdColis IdCommandeInColis NbProducts IdProd1 QtyProd1 IdProd2 QtyProd2 ...
441 66 11 85 1 126 2 379 1 501 1 383 1 517 1 20 1 21 1 351 2 370 2 301 1
449 67 7 121 1 113 1 85 2 122 2 126 2 136 1 546 1
19 3 8 128 1 121 3 141 1 122 1 126 1 136 1 157 1 20 1
290 45 13 113 1 122 2 283 1 288 1 302 2 264 1 386 2 241 1 281 1 378 1 237 1 321 1 566 1
302 47 13 122 1 326 1 558 1 379 1 301 1 302 3 264 1 425 3 241 1 520 1 378 1 237 1 385 1
323 51 9 98 2 86 2 122 2 460 1 461 1 21 1 235 2 31 1 103 1
//IdTournes NbColis
33 6
//IdColis IdCommandeInColis NbProducts IdProd1 QtyProd1 IdProd2 QtyProd2 ...
329 52 8 126 1 128 2 121 2 113 1 122 2 555 1 351 1 328 1
355 55 8 122 1 126 2 98 2 121 2 113 1 360 1 383 1 339 1
362 56 9 86 1 122 2 126 2 136 1 351 1 477 2 20 1 21 1 24 1
425 64 10 98 1 121 2 113 1 141 1 122 1 326 1 299 1 521 1 351 2 378 1
55 7 12 96 1 97 2 243 1 326 1 232 1 379 1 245 1 338 2 25 1 17 2 7 1 490 1
90 13 10 96 2 97 2 288 1 415 1 24 1 244 2 245 1 235 2 25 1 323 1
//IdTournes NbColis
34 6
//IdColis IdCommandeInColis NbProducts IdProd1 QtyProd1 IdProd2 QtyProd2 ...
108 16 7 97 1 49 2 50 2 51 1 96 2 140 1 21 1
137 20 11 50 1 96 1 288 1 244 2 245 1 235 4 241 1 323 1 237 1 321 2 352 2
142 21 12 140 1 171 1 96 1 97 2 326 1 444 1 501 1 304 1 35 1 546 1 370 1 407 1
156 24 11 115 1 69 2 243 1 232 1 288 1 100 1 244 2 245 1 25 1 241 1 338 2
160 25 13 69 2 115 1 232 1 243 1 242 1 235 1 241 1 244 2 245 1 25 1 237 1 43 1 230 1
201 32 10 50 1 51 1 58 1 62 1 97 2 49 1 96 1 39 1 375 1 116 1
//IdTournes NbColis
35 6
//IdColis IdCommandeInColis NbProducts IdProd1 QtyProd1 IdProd2 QtyProd2 ...
234 37 7 96 1 49 2 86 2 50 2 51 1 58 1 460 1
501 74 12 96 1 205 1 326 1 313 1 485 1 517 1 546 1 301 2 244 3 264 1 235 2 329 1
507 75 13 96 1 326 1 232 1 351 1 20 1 35 1 546 1 370 1 301 2 244 3 264 1 386 1 323 1
296 46 12 126 1 326 1 283 1 379 1 351 2 477 1 35 1 546 1 301 2 302 3 264 1 19 1
313 49 12 98 1 86 2 140 1 288 1 301 1 244 2 264 1 235 2 237 1 339 1 32 1 497 1
486 71 20 70 1 114 1 69 1 338 1 25 1 244 1 245 1 237 1 556 1 394 1 156 1 167 1 108 1 182 1 55 1 452 2 492 1 233 1 236 1 289 1
//IdTournes NbColis
36 6
//IdColis IdCommandeInColis NbProducts IdProd1 QtyProd1 IdProd2 QtyProd2 ...
30 4 11 97 1 39 1 557 2 42 2 260 1 299 1 301 1 302 2 264 1 386 2 397 1
67 9 14 97 1 288 1 386 2 241 1 31 2 364 1 281 1 280 1 367 2 468 2 514 1 247 1 321 2 537 1
79 11 18 97 1 479 1 480 1 21 1 24 1 338 2 18 1 280 1 364 1 336 1 367 1 393 1 368 1 481 1 19 1 384 1 399 1 105 1
102 15 9 49 2 50 2 51 1 171 1 172 1 243 1 301 1 302 2 66 1
130 19 7 58 2 97 2 49 2 244 2 245 1 235 3 109 1
4 1 12 121 1 141 1 441 1 506 1 312 1 313 1 274 1 360 1 431 1 302 3 425 2 280 1
//IdTournes NbColis
37 6
//IdColis IdCommandeInColis NbProducts IdProd1 QtyProd1 IdProd2 QtyProd2 ...
318 50 13 86 1 20 1 24 1 338 2 340 1 244 2 245 1 25 1 350 2 18 2 27 1 323 1 352 1
512 76 7 119 1 160 1 123 1 149 1 86 2 50 1 16 1
488 72 7 184 1 217 1 119 1 120 1 621 1 50 1 289 1
518 77 8 119 1 131 1 149 1 50 2 51 1 58 1 243 1 138 1
556 82 7 184 1 131 1 119 1 149 1 50 2 51 1 144 1
235 37 15 58 1 288 1 100 1 21 1 477 1 338 2 18 1 280 1 364 1 336 1 273 1 474 1 367 2 468 2 289 1
//IdTournes NbColis
38 6
//IdColis IdCommandeInColis NbProducts IdProd1 QtyProd1 IdProd2 QtyProd2 ...
367 57 8 129 1 131 1 59 1 53 1 65 1 62 1 326 1 105 1
540 80 7 129 1 158 1 65 2 139 1 62 1 326 1 105 1
8 1 27 452 1 365 3 476 1 93 1 209 1 54 1 335 1 381 1 165 1 66 2 5 1 372 1 290 1 547 1 233 1 308 2 314 1 388 1 278 2 426 1 6 4 307 1 502 2 500 1 309 1 389 1 10 1
23 3 25 499 1 19 1 285 1 4 1 216 1 110 1 29 1 106 2 189 3 88 2 89 2 63 1 206 1 80 1 452 1 109 1 93 1 54 2 335 1 334 1 522 1 28 1 66 2 289 1 214 1
438 66 5 90 1 119 2 160 1 131 1 195 1
163 26 6 119 1 101 1 131 1 53 2 149 1 4 1
//IdTournes NbColis
39 6
//IdColis IdCommandeInColis NbProducts IdProd1 QtyProd1 IdProd2 QtyProd2 ...
335 53 6 119 1 131 1 53 1 149 2 142 1 301 1
389 60 5 119 1 131 1 53 2 149 2 301 1
398 61 5 119 1 131 1 53 2 149 2 244 1
423 64 7 129 1 101 1 131 1 53 1 65 1 139 1 105 1
16 3 7 129 1 120 1 131 1 65 1 79 1 139 1 38 1
271 43 7 129 1 131 1 617 1 65 1 139 1 200 1 105 1
//IdTournes NbColis
40 6
//IdColis IdCommandeInColis NbProducts IdProd1 QtyProd1 IdProd2 QtyProd2 ...
431 65 4 129 1 101 1 131 2 65 2
386 59 26 80 1 117 1 335 1 54 1 325 1 66 3 22 1 28 2 348 1 565 2 571 1 239 3 279 1 330 2 276 1 327 2 502 1 234 1 6 2 322 2 458 1 324 1 331 2 457 1 23 1 191 1
482 70 27 106 1 88 2 89 2 63 1 213 1 478 1 117 1 54 1 165 1 66 1 650 1 28 1 233 2 236 3 348 1 565 1 492 1 279 1 292 1 406 1 363 2 322 1 238 1 240 3 324 1 303 1 380 1
509 75 28 400 1 401 1 231 1 472 1 294 1 19 1 399 1 305 1 106 1 108 2 88 1 89 1 63 1 117 1 335 1 152 1 239 3 284 1 314 1 292 1 37 1 327 1 6 3 398 1 34 1 346 1 246 1 8 1
364 56 25 321 2 513 2 515 2 32 1 417 1 19 1 110 1 137 1 105 1 4 1 207 1 189 2 196 1 89 1 63 1 106 1 228 1 88 1 478 1 185 1 109 1 54 1 22 1 28 1 348 1
452 67 26 328 1 294 1 19 2 512 1 267 2 137 1 105 1 4 1 189 2 106 2 88 1 89 1 63 1 54 1 606 1 28 1 348 1 314 1 445 1 330 2 289 1 500 1 6 2 309 1 34 1 300 2
//IdTournes NbColis
41 6
//IdColis IdCommandeInColis NbProducts IdProd1 QtyProd1 IdProd2 QtyProd2 ...
173 27 19 235 2 241 1 244 1 245 1 25 1 350 1 31 2 336 1 27 1 323 1 321 1 352 1 36 1 349 1 255 1 183 1 105 1 4 1 54 1
402 61 24 18 1 350 2 336 1 27 1 514 1 30 1 497 1 328 1 487 1 19 1 512 1 105 1 4 1 110 1 187 1 111 1 186 1 106 1 108 2 88 1 89 1 63 1 80 1 14 1
525 78 6 129 1 101 1 131 1 149 2 577 1 336 1
63 8 33 109 2 54 1 335 1 598 1 381 1 22 1 28 1 348 1 239 1 284 1 289 1 279 1 534 1 359 1 276 1 407 1 44 1 322 1 509 1 261 1 331 1 324 1 23 1 8 1 642 1 138 1 16 1 116 1 641 1 125 1 103 1 81 2 104 2
124 18 12 20 1 21 1 316 1 301 1 302 2 264 1 425 2 386 2 241 1 350 2 2 3 138 1
169 26 22 279 1 239 2 284 1 289 1 292 2 6 2 34 1 256 1 322 1 331 1 23 2 269 1 277 1 498 1 511 1 179 1 12 1 107 1 125 1 103 1 104 1 81 2
//IdTournes NbColis
42 6
//IdColis IdCommandeInColis NbProducts IdProd1 QtyProd1 IdProd2 QtyProd2 ...
320 50 9 179 1 604 1 596 1 148 1 116 1 107 1 15 1 104 1 81 2
453 67 12 324 1 303 1 380 1 329 2 511 1 8 1 138 1 116 1 134 1 103 1 104 2 81 2
14 2 24 4 1 147 1 105 1 156 1 167 1 108 1 182 1 55 1 80 1 109 1 181 1 54 1 22 1 28 1 348 1 234 1 23 2 331 1 277 1 116 1 125 1 103 1 104 1 81 2
562 82 26 542 2 356 1 552 1 13 1 355 1 294 1 285 1 328 1 19 2 268 1 512 1 305 1 4 1 653 1 105 1 218 1 206 1 80 1 108 2 88 1 89 1 63 1 167 2 373 1 109 1 103 1
303 47 14 237 1 263 3 513 2 515 3 402 1 230 3 542 2 41 3 593 1 147 1 106 2 108 2 88 1 89 1
161 25 26 230 1 231 1 493 1 556 2 590 1 589 1 156 1 167 1 588 1 55 1 63 1 587 1 233 1 236 2 492 1 239 2 234 2 34 1 238 1 240 2 585 1 586 1 116 1 103 1 104 1 81 2
//IdTournes NbColis
43 6
//IdColis IdCommandeInColis NbProducts IdProd1 QtyProd1 IdProd2 QtyProd2 ...
110 16 25 489 1 150 1 615 1 624 1 321 1 36 2 513 2 374 1 151 1 156 1 167 1 108 2 55 1 63 1 80 1 109 1 54 1 66 1 22 1 28 1 348 1 388 2 289 1 292 1 276 1
492 72 23 36 2 339 2 349 1 3 1 41 1 13 1 471 1 19 1 384 1 467 2 4 1 167 2 108 2 88 1 89 1 63 1 80 1 185 1 365 2 109 1 209 1 190 1 385 1
39 5 11 100 1 485 1 35 1 546 1 370 1 483 1 302 3 264 1 301 2 386 4 281 1
274 43 12 506 1 379 1 100 1 351 2 20 1 35 1 370 1 301 2 302 3 264 1 425 2 201 1
42 5 28 239 1 292 2 279 2 475 1 254 1 276 2 500 1 6 4 44 1 309 1 469 1 256 1 300 2 346 2 238 1 240 3 23 1 380 1 457 1 345 1 295 1 266 1 329 1 498 1 8 1 144 1 116 1 107 1
92 13 18 236 1 492 1 343 1 289 1 330 1 346 1 541 1 341 1 238 1 240 2 551 1 537 1 144 1 116 1 107 1 103 1 104 1 81 2
//IdTournes NbColis
44 6
//IdColis IdCommandeInColis NbProducts IdProd1 QtyProd1 IdProd2 QtyProd2 ...
298 46 29 189 1 106 1 88 1 89 1 63 1 602 1 435 1 347 1 284 1 410 1 289 1 308 1 534 2 502 1 6 4 300 1 322 1 380 1 249 1 226 1 436 1 329 1 511 1 116 1 107 1 144 1 103 1 104 1 81 2
358 55 29 289 1 279 1 37 1 406 1 262 1 382 1 500 1 6 2 309 1 34 1 44 1 322 1 300 1 346 1 541 1 240 1 324 1 261 1 380 3 540 1 329 1 144 1 116 1 134 1 133 2 635 1 103 1 81 2 104 2
436 65 29 290 1 348 1 330 2 6 4 322 1 376 1 333 1 458 1 238 1 240 1 380 2 411 1 581 1 277 2 329 1 511 3 8 1 16 1 144 1 130 1 116 1 143 1 107 1 125 1 203 1 212 1 103 1 104 2 81 2
475 69 23 6 2 309 1 34 1 346 1 300 3 509 1 238 1 240 3 303 1 380 1 540 1 329 2 511 1 8 1 12 1 16 1 144 2 116 1 134 1 133 1 103 1 81 2 104 2
516 76 20 66 1 28 1 348 1 314 1 37 1 382 1 6 2 408 1 300 1 518 1 380 1 473 1 23 1 174 1 144 1 116 1 212 1 103 1 104 1 81 2
168 26 27 265 1 3 1 285 1 19 1 384 2 512 1 467 2 110 1 180 1 607 1 156 1 167 1 108 2 182 1 55 1 80 1 365 2 109 1 335 1 608 1 282 1 66 1 22 1 28 1 290 1 291 1 348 1
//IdTournes NbColis
45 6
//IdColis IdCommandeInColis NbProducts IdProd1 QtyProd1 IdProd2 QtyProd2 ...
304 47 25 63 1 206 1 233 2 236 2 492 1 594 1 292 2 279 1 406 1 382 1 6 3 34 1 346 1 322 1 238 1 240 3 324 1 380 1 8 1 116 1 107 1 203 1 103 1 104 2 81 2
450 67 9 140 1 157 1 20 1 351 2 301 2 302 3 264 1 425 4 109 1
412 62 28 105 1 4 1 106 2 108 2 88 1 89 1 63 1 80 1 109 1 275 1 365 2 335 1 54 1 422 1 381 1 66 1 22 1 290 1 233 2 236 3 348 1 492 1 197 1 279 1 507 1 262 1 6 1 103 1
497 73 25 264 1 235 2 493 1 230 2 166 1 1 1 111 1 167 1 108 1 88 1 89 1 63 1 165 1 492 1 347 1 233 1 236 2 426 1 341 1 240 2 238 1 116 1 103 1 104 1 81 2
33 4 31 108 2 55 1 63 1 80 1 373 1 146 1 365 1 54 1 66 1 28 1 290 1 233 1 236 2 348 1 492 1 388 1 289 1 534 1 396 1 276 1 6 4 300 1 346 1 341 1 238 1 240 2 23 1 380 1 159 1 116 1 125 1
174 27 27 156 1 55 1 63 1 108 1 167 1 109 1 22 1 28 1 348 1 347 1 289 1 292 1 333 1 346 1 561 1 23 1 353 1 16 1 130 1 116 1 15 1 125 1 212 1 103 1 81 2 104 1 646 1
//IdTournes NbColis
46 6
//IdColis IdCommandeInColis NbProducts IdProd1 QtyProd1 IdProd2 QtyProd2 ...
372 57 33 89 1 63 1 54 1 271 1 381 1 66 1 22 1 28 1 348 1 135 1 284 1 279 1 276 1 382 1 369 1 322 1 333 1 341 1 324 1 380 1 23 1 498 1 130 2 116 1 15 1 134 1 132 1 133 1 647 1 26 1 103 1 81 2 104 2
396 60 14 540 1 249 1 269 1 498 2 8 1 544 1 130 1 116 1 143 1 107 1 575 1 125 1 104 1 81 2
480 70 12 302 2 264 1 425 5 241 1 2 1 281 1 273 1 293 1 378 1 237 2 263 3 130 1
86 12 31 80 1 456 1 146 1 109 1 587 1 335 1 54 1 334 1 66 1 28 1 291 1 348 1 318 1 292 1 330 1 507 1 426 1 327 1 34 1 300 1 585 1 380 1 540 2 23 1 329 1 161 1 116 1 125 1 103 1 81 1 104 1
309 48 33 3 1 19 1 384 1 512 1 467 1 147 1 105 1 4 1 110 1 106 1 108 1 88 1 89 1 63 1 80 1 146 1 365 1 109 1 296 1 54 1 334 1 66 1 28 1 348 1 290 1 610 1 276 1 609 1 6 1 443 1 341 1 380 1 23 1
565 82 14 457 2 23 1 249 1 511 1 537 1 8 1 214 1 116 1 15 1 125 1 133 1 81 1 482 1 104 2
//IdTournes NbColis
47 6
//IdColis IdCommandeInColis NbProducts IdProd1 QtyProd1 IdProd2 QtyProd2 ...
394 60 26 542 1 41 3 471 1 19 1 268 1 267 1 259 1 105 1 4 1 110 1 163 1 106 2 227 1 108 2 88 1 89 1 63 1 80 1 124 1 317 1 297 1 373 1 109 1 296 1 54 1 334 1
553 81 28 339 1 472 1 294 1 19 2 105 1 4 1 207 1 163 1 80 1 167 2 108 2 88 1 55 1 63 1 206 1 11 1 297 1 298 1 109 1 54 1 296 1 385 1 66 1 22 1 28 1 347 1 5 1 164 1
118 17 34 55 1 63 1 124 1 177 1 156 1 80 1 167 1 108 2 270 1 109 1 175 1 176 1 223 1 325 1 66 1 22 1 348 1 314 1 289 1 534 1 554 1 369 1 234 2 276 1 44 1 333 1 300 1 371 1 324 1 331 1 540 1 23 1 143 1 125 1
62 8 21 31 1 323 1 615 1 321 1 513 2 36 2 401 1 19 2 603 1 512 1 267 1 155 1 110 2 4 2 55 1 156 1 63 1 228 1 108 2 640 1 167 1
197 31 30 41 1 268 1 155 1 4 1 167 1 108 2 88 1 55 1 63 1 80 1 597 1 109 1 54 1 598 1 271 1 66 1 22 1 28 1 236 2 348 1 233 1 492 1 388 1 289 1 534 1 276 1 6 3 346 1 238 1 116 1
254 40 24 7 1 321 2 455 1 368 1 513 2 36 2 339 1 349 1 384 1 467 2 105 1 4 1 155 1 156 1 600 1 167 1 108 1 55 1 63 1 213 1 80 1 601 1 365 1 599 1
//IdTournes NbColis
48 6
//IdColis IdCommandeInColis NbProducts IdProd1 QtyProd1 IdProd2 QtyProd2 ...
41 5 26 542 1 328 2 471 1 19 2 512 1 4 1 627 1 106 1 108 2 88 1 89 1 63 1 80 1 583 1 648 1 54 1 152 1 66 1 22 1 28 1 233 2 236 2 348 1 492 1 239 2 544 1
50 6 28 255 1 472 1 496 1 349 1 493 2 471 1 19 1 268 1 512 1 267 1 4 1 63 1 80 1 106 1 228 1 108 2 88 1 89 1 270 1 109 1 275 1 476 1 587 1 54 1 598 1 271 1 381 1 66 1
75 10 17 422 1 66 1 28 1 348 1 239 1 330 1 534 1 276 1 458 1 331 1 23 1 116 1 125 1 26 1 103 1 104 1 81 2
80 11 26 4 1 167 1 108 1 55 1 63 1 80 1 156 1 478 1 109 1 476 1 365 1 626 1 54 1 66 1 28 1 348 1 475 1 585 1 331 1 23 1 277 1 116 1 125 1 103 1 104 1 81 2
98 14 26 403 1 4 1 156 1 63 1 80 1 108 2 55 1 167 1 54 1 381 1 66 1 22 1 28 1 348 1 388 1 289 1 262 2 6 1 346 1 457 1 23 1 540 1 125 1 103 1 81 2 104 1
132 19 28 41 1 328 2 19 1 267 1 110 1 105 1 4 1 156 1 167 1 108 2 55 1 63 1 80 1 227 1 228 1 54 1 66 1 22 1 28 1 348 1 236 2 492 1 233 1 284 1 388 1 289 1 276 2 6 1
//IdTournes NbColis
49 6
//IdColis IdCommandeInColis NbProducts IdProd1 QtyProd1 IdProd2 QtyProd2 ...
139 20 30 271 1 66 1 28 1 372 1 233 1 236 2 348 1 347 1 492 1 135 1 343 1 289 1 292 2 276 1 234 2 333 1 300 2 346 1 238 1 240 2 585 1 246 1 331 1 23 1 116 1 125 1 133 1 103 1 81 2 104 1
179 28 20 185 1 109 1 365 1 54 1 470 1 66 1 28 1 348 1 534 1 276 1 234 1 469 1 341 1 23 1 277 1 436 1 125 1 103 1 81 1 104 1
185 29 26 339 1 230 2 493 1 41 2 259 1 105 1 4 1 643 1 156 1 80 1 108 2 182 1 55 1 167 1 440 1 109 1 54 1 644 1 66 1 236 2 348 1 233 1 492 1 388 1 37 1 276 2
191 30 24 334 1 66 1 233 1 236 2 348 1 492 1 289 1 292 1 330 1 37 1 426 1 276 1 234 1 238 1 240 2 331 1 23 1 277 1 16 1 116 1 125 1 103 1 104 1 81 2
204 32 31 105 1 63 1 80 1 108 1 88 1 89 1 167 1 109 1 365 1 168 1 54 1 66 1 290 1 236 2 348 1 233 1 492 1 239 1 292 1 330 2 234 3 240 2 331 1 23 1 277 1 329 1 511 1 125 1 103 1 81 2 104 1
215 34 30 512 1 467 2 4 1 63 1 80 1 167 1 108 2 88 1 89 1 109 1 365 1 54 1 66 1 22 1 28 1 348 1 290 1 224 1 387 1 239 1 388 1 289 1 292 1 413 1 6 2 346 1 331 1 23 3 226 1 225 1
//IdTournes NbColis
50 6
//IdColis IdCommandeInColis NbProducts IdProd1 QtyProd1 IdProd2 QtyProd2 ...
223 35 28 54 1 66 1 22 1 28 1 348 1 239 2 388 1 289 1 320 1 292 2 529 1 276 1 500 1 6 4 256 1 300 1 346 1 341 1 331 1 23 1 12 1 143 1 107 1 116 1 125 1 103 1 104 2 81 2
229 36 32 105 1 4 1 124 1 189 1 106 1 88 1 89 1 63 1 80 1 365 2 527 1 185 1 109 1 271 1 522 1 66 1 291 1 348 1 82 1 437 1 410 1 289 1 279 1 37 1 554 1 359 2 276 1 327 1 398 1 44 1 322 1 300 1
236 37 29 368 1 339 1 32 1 497 2 110 1 4 1 196 1 106 1 108 2 88 1 89 1 63 1 80 1 365 1 109 1 335 2 54 1 334 1 66 1 28 1 22 1 290 1 348 1 343 1 404 1 44 1 346 1 331 1 23 1
241 38 25 514 1 7 1 321 2 403 1 352 2 36 2 339 1 32 1 417 1 110 1 105 1 4 1 80 1 124 1 167 1 108 1 182 1 55 1 156 1 109 1 54 1 66 1 348 1 314 1 261 1
248 39 28 230 1 349 1 542 1 41 2 268 1 4 1 80 1 106 1 228 1 108 2 88 1 89 1 63 1 109 1 54 1 66 1 22 1 28 1 82 1 348 1 233 1 236 2 347 1 492 1 239 2 388 1 289 1 331 1
255 40 32 109 1 335 1 54 1 334 1 66 1 290 1 236 1 348 1 535 1 388 1 289 1 292 1 330 1 37 1 276 2 369 1 500 1 346 1 449 1 331 1 457 1 23 2 12 1 199 1 116 1 125 1 133 1 26 1 536 1 103 1 104 1 81 2
//IdTournes NbColis
51 6
//IdColis IdCommandeInColis NbProducts IdProd1 QtyProd1 IdProd2 QtyProd2 ...
261 41 26 88 1 89 1 63 1 80 1 109 1 365 1 54 1 335 1 66 1 22 1 28 1 348 1 290 1 239 2 343 1 289 1 292 1 234 4 276 1 500 1 333 1 331 1 125 1 103 1 104 2 81 2
268 42 28 268 1 105 1 4 1 632 1 189 2 106 2 631 1 88 1 89 1 63 1 80 1 11 1 190 1 335 1 54 1 334 1 66 1 28 1 347 1 233 2 236 2 492 1 5 1 289 1 327 1 500 1 382 1 6 2
285 44 30 11 1 196 1 317 1 109 2 365 2 54 1 152 1 325 1 66 2 22 1 28 1 233 1 5 1 289 1 434 1 279 1 330 1 534 1 37 2 327 1 382 1 369 1 6 2 34 1 322 1 346 1 458 1 380 2 174 1 625 1
325 51 28 89 1 63 1 80 1 106 1 109 1 365 1 296 1 54 1 66 1 22 1 606 1 290 1 348 1 388 1 330 3 387 1 426 1 276 1 34 1 346 1 458 1 540 1 23 1 411 1 12 1 134 1 81 2 104 2
332 52 30 402 1 332 1 231 1 471 2 630 1 189 2 196 1 106 1 88 1 89 1 63 1 80 1 297 1 109 1 559 1 66 1 22 1 28 1 491 1 348 1 289 2 330 1 387 1 534 1 37 1 404 1 426 1 253 1 254 1 103 1
357 55 25 515 1 3 1 13 1 19 2 384 1 268 1 512 1 467 2 105 1 4 1 627 1 634 1 189 2 106 2 88 1 89 1 63 1 80 1 452 1 365 2 54 1 66 1 290 1 5 2 203 1
//IdTournes NbColis
52 6
//IdColis IdCommandeInColis NbProducts IdProd1 QtyProd1 IdProd2 QtyProd2 ...
378 58 23 27 1 293 1 323 1 321 2 513 2 36 2 32 1 349 1 311 1 328 1 573 1 189 2 80 1 106 1 88 1 89 1 63 1 109 1 54 1 66 1 22 1 574 1 348 1
395 60 26 66 1 28 1 233 2 236 3 348 1 492 1 314 1 292 2 279 1 289 1 554 3 253 1 254 1 6 1 469 1 333 1 346 1 341 3 238 1 240 3 324 1 380 1 457 2 23 1 12 1 103 1
403 61 19 109 1 54 1 22 1 28 1 66 1 348 2 289 1 343 1 276 1 346 1 376 1 23 1 12 1 107 1 116 1 125 1 104 1 81 2 103 1
420 63 23 36 1 230 3 41 3 493 1 328 1 19 1 651 1 4 1 88 1 89 1 63 1 80 1 106 2 108 2 109 1 54 1 271 1 66 1 28 1 236 2 348 1 492 1 239 1
428 64 29 88 1 89 1 63 1 189 1 80 1 106 1 109 1 335 2 54 1 522 1 66 1 5 1 308 1 292 2 507 1 475 1 262 1 327 1 502 1 6 4 34 1 469 2 300 1 458 1 509 1 341 2 261 1 303 1 380 1
435 65 23 368 1 528 1 513 2 515 2 499 1 3 1 19 1 268 1 4 1 189 2 106 1 88 1 89 1 63 1 80 1 365 2 109 1 335 2 54 1 152 1 66 1 22 1 28 2
//IdTournes NbColis
53 6
//IdColis IdCommandeInColis NbProducts IdProd1 QtyProd1 IdProd2 QtyProd2 ...
444 66 27 418 1 512 1 305 1 4 1 189 2 106 1 88 1 89 1 63 1 80 1 297 1 109 1 54 1 424 1 381 1 66 1 22 1 348 1 491 1 289 1 330 2 37 3 426 1 262 2 500 1 6 3 363 1
464 68 25 334 1 381 2 66 1 22 1 290 1 291 1 236 4 233 3 492 1 5 1 638 1 308 2 318 1 320 1 388 1 292 3 519 1 387 1 254 1 262 1 406 1 369 1 500 2 6 2 269 1
474 69 28 196 1 106 2 88 1 89 1 63 1 80 1 365 2 335 1 54 1 152 1 334 1 66 1 22 1 28 1 290 1 347 1 233 2 236 2 5 1 492 1 580 1 284 1 292 2 279 1 289 1 278 1 262 1 6 2
493 72 24 66 1 22 1 290 1 279 1 330 1 37 1 369 1 34 1 322 1 333 1 300 1 346 1 331 1 249 1 623 1 277 1 329 1 8 1 161 1 622 1 125 1 103 1 104 2 81 2
522 77 27 41 2 19 1 603 1 208 1 4 2 108 2 88 1 89 1 63 1 80 1 106 1 583 1 440 1 109 1 54 1 335 1 334 2 381 1 66 1 22 1 28 1 348 1 233 1 236 2 492 1 534 1 426 1
530 78 28 335 2 54 1 66 1 22 1 28 1 348 1 233 1 236 2 492 1 239 1 343 1 289 1 292 1 387 1 276 1 234 3 346 1 238 1 240 2 23 1 277 1 329 1 511 1 116 1 212 1 103 1 81 2 104 1
//IdTournes NbColis
54 6
//IdColis IdCommandeInColis NbProducts IdProd1 QtyProd1 IdProd2 QtyProd2 ...
537 79 29 80 1 167 2 227 1 228 1 108 2 55 1 63 1 229 1 109 1 54 1 335 1 422 1 385 1 559 1 66 1 348 2 279 1 330 1 289 1 239 2 327 1 500 1 382 1 6 3 449 1 300 1 346 1 322 1 249 1
269 42 16 34 1 469 1 238 1 240 3 303 1 380 1 329 1 16 1 188 1 116 1 107 1 575 1 134 1 103 1 104 2 81 2
365 56 19 289 1 388 1 276 1 346 1 380 1 23 1 225 1 148 1 188 1 116 1 143 1 107 1 15 1 134 1 563 1 103 1 81 2 482 1 104 1
463 68 21 259 3 467 3 105 1 4 1 202 1 189 2 80 1 106 2 228 2 88 2 89 2 63 1 317 1 297 1 478 1 365 3 476 1 296 1 54 1 319 1 618 1
515 76 21 2 3 281 1 27 1 7 1 263 2 513 1 515 2 231 1 105 1 4 1 196 1 106 1 108 1 88 1 220 1 89 1 63 1 80 2 109 1 334 1 125 1
536 79 15 350 2 2 3 281 1 27 1 263 2 515 3 513 2 285 1 19 2 268 1 105 1 4 1 38 1 220 1 156 1
//IdTournes NbColis
55 6
//IdColis IdCommandeInColis NbProducts IdProd1 QtyProd1 IdProd2 QtyProd2 ...
545 80 31 33 1 552 1 4 1 106 2 108 2 88 1 89 1 124 1 63 1 484 1 478 1 190 1 28 1 22 1 348 2 239 1 279 1 246 1 380 2 23 3 616 1 8 1 16 1 116 1 143 1 134 1 212 1 81 2 103 1 104 2 10 1
413 62 20 300 1 322 1 518 1 238 1 240 3 261 1 380 2 23 1 198 1 277 1 12 2 148 1 199 1 116 1 578 1 125 1 563 1 203 1 81 2 104 2
9 1 17 322 2 303 1 246 1 380 1 269 1 277 1 12 2 204 1 15 2 116 1 134 1 132 1 212 1 103 1 104 2 81 2 482 1
6 1 17 513 3 515 4 306 1 194 1 339 2 3 1 255 1 400 1 417 1 401 1 510 1 497 1 311 1 13 2 285 1 516 1 384 2
22 3 14 350 2 361 1 281 2 323 1 36 4 321 3 513 3 194 1 32 1 30 1 33 1 255 1 499 1 148 1
249 39 19 292 2 426 1 404 1 154 1 413 1 369 1 346 1 238 1 240 2 23 1 537 1 12 1 649 1 116 1 15 1 125 1 103 1 81 2 104 2
//IdTournes NbColis
56 6
//IdColis IdCommandeInColis NbProducts IdProd1 QtyProd1 IdProd2 QtyProd2 ...
276 43 25 515 1 194 1 32 1 255 1 231 1 328 2 19 1 315 1 4 1 189 2 106 1 88 1 89 1 63 1 297 1 317 1 452 1 109 2 335 2 54 1 584 1 325 1 334 2 22 1 5 1
284 44 23 263 1 368 1 454 1 513 2 515 2 194 1 3 1 516 1 384 1 568 1 512 1 562 1 467 2 110 1 105 1 4 1 189 2 106 2 88 1 89 1 63 1 80 1 426 1
7 1 22 211 1 268 1 315 1 305 2 267 1 259 3 467 3 1 1 4 1 210 1 105 1 11 1 14 1 106 2 189 2 88 2 89 2 63 1 213 1 80 1 298 1 8 1
314 49 26 230 2 542 1 106 1 108 2 88 1 89 1 63 1 373 1 152 1 347 1 233 1 236 2 492 1 289 1 388 1 330 1 6 2 346 1 240 2 238 1 148 1 116 1 107 2 103 1 104 1 81 2
421 63 22 233 2 535 1 239 2 289 1 279 1 382 1 6 1 346 1 322 1 509 1 238 1 240 3 324 1 23 1 8 1 12 1 148 1 116 1 125 1 103 1 81 2 104 1
529 78 25 352 1 564 1 36 2 339 1 40 1 32 1 332 1 394 2 349 1 493 1 471 1 512 1 267 1 4 1 124 1 167 1 108 2 88 1 89 1 63 1 80 1 600 1 392 1 109 1 476 1
//IdTournes NbColis
57 6
//IdColis IdCommandeInColis NbProducts IdProd1 QtyProd1 IdProd2 QtyProd2 ...
291 45 22 321 1 513 2 515 2 339 1 32 1 230 2 542 1 41 2 328 1 512 1 582 1 189 2 106 1 88 1 89 1 63 1 373 1 335 1 233 1 236 2 347 1 492 1
297 46 12 425 3 241 1 350 2 2 2 378 1 263 3 513 2 515 3 32 1 356 1 603 1 189 1
319 50 29 352 1 454 1 564 1 43 1 36 2 32 1 349 1 453 1 497 1 29 1 189 1 106 1 228 1 108 1 88 1 89 1 63 1 591 1 152 1 343 1 289 1 330 1 413 1 234 2 341 1 300 1 346 1 537 1 103 1
324 51 21 281 1 280 1 364 1 323 1 367 2 468 2 321 1 421 1 352 2 368 1 339 1 32 1 328 1 384 1 512 1 467 1 4 1 630 1 189 2 88 1 116 1
339 53 25 36 2 339 1 230 2 33 1 542 1 41 2 568 1 399 1 4 1 110 1 189 2 106 1 88 1 89 1 63 1 80 1 109 1 22 1 28 1 435 1 236 2 348 1 233 1 492 1 448 1
385 59 21 336 1 520 1 27 1 323 1 321 2 352 2 36 3 30 1 349 1 328 1 19 1 568 1 512 1 187 1 4 1 189 2 106 1 88 1 89 1 63 1 269 1
//IdTournes NbColis
58 6
//IdColis IdCommandeInColis NbProducts IdProd1 QtyProd1 IdProd2 QtyProd2 ...
473 69 19 515 1 306 1 230 3 231 1 542 2 41 3 19 1 250 1 579 1 252 2 524 1 523 2 267 1 467 2 110 1 105 1 4 1 189 2 262 1
481 70 17 513 2 515 3 265 1 230 3 401 1 496 1 542 2 41 3 311 1 19 1 512 2 4 1 105 1 189 2 80 1 106 1 277 1
379 58 18 347 1 239 1 437 1 388 1 289 1 276 1 6 1 376 1 346 1 540 1 23 1 12 1 116 1 125 1 133 1 103 1 81 2 104 1
24 3 28 289 1 330 1 6 1 253 1 359 1 276 2 34 1 363 1 333 1 256 1 300 1 346 1 322 1 23 1 246 1 380 1 457 2 249 1 215 1 8 1 329 1 498 1 116 1 134 1 222 2 103 1 104 2 81 2
43 5 6 15 1 125 1 405 1 103 1 81 2 104 1
51 6 28 22 1 28 1 236 3 348 1 233 2 492 1 272 1 434 1 279 1 239 2 278 1 253 1 276 2 369 1 6 4 44 1 34 1 238 1 240 3 23 1 540 1 266 1 269 1 277 1 544 1 116 1 125 1 618 1
//IdTournes NbColis
59 6
//IdColis IdCommandeInColis NbProducts IdProd1 QtyProd1 IdProd2 QtyProd2 ...
56 7 25 237 1 394 2 493 1 556 2 156 1 167 1 108 1 55 1 63 1 583 1 335 1 491 1 233 1 236 2 492 1 292 1 426 1 234 1 240 2 238 1 116 1 222 1 103 1 104 1 81 2
68 9 26 36 2 513 2 32 1 339 1 497 1 384 1 267 1 467 2 156 1 167 1 108 1 55 1 63 1 80 1 478 1 365 1 109 1 348 1 290 1 387 2 388 1 289 1 330 1 276 1 6 2 116 1
69 9 12 389 1 34 1 333 1 346 1 23 2 540 1 575 1 125 1 212 1 103 1 104 2 81 2
97 14 11 20 1 21 1 241 1 301 1 302 2 264 1 425 4 350 2 2 3 27 1 116 1
104 15 29 80 1 167 1 108 2 109 1 54 1 335 1 598 1 22 1 28 1 233 1 236 2 348 1 492 1 330 2 534 1 322 1 300 1 346 1 341 1 238 1 240 2 380 1 23 1 511 1 143 1 125 1 103 1 81 2 104 1
109 16 11 288 1 351 1 301 1 302 2 264 1 386 4 241 1 31 3 350 2 27 1 116 1
//IdTournes NbColis
60 6
//IdColis IdCommandeInColis NbProducts IdProd1 QtyProd1 IdProd2 QtyProd2 ...
111 16 12 330 2 534 1 6 1 346 1 458 1 457 1 23 1 266 1 125 1 103 1 104 1 81 2
117 17 16 350 1 18 3 27 1 342 1 489 1 323 1 514 1 352 1 36 3 564 3 349 1 19 2 268 1 105 1 4 1 116 1
125 18 24 281 1 27 1 263 2 513 1 515 2 417 1 19 1 512 1 4 1 55 1 63 1 173 1 156 1 167 1 108 2 109 1 28 1 348 1 239 2 426 1 6 3 34 1 300 1 116 1
126 18 9 380 1 540 1 23 1 174 1 329 1 125 1 103 1 81 2 104 1
133 19 16 6 3 346 1 238 1 240 2 331 1 23 1 459 1 277 1 511 1 537 1 116 1 107 1 125 1 103 1 104 1 81 2
146 21 11 240 3 261 1 246 1 331 1 249 1 329 1 8 1 116 1 103 1 104 1 81 2
//IdTournes NbColis
61 6
//IdColis IdCommandeInColis NbProducts IdProd1 QtyProd1 IdProd2 QtyProd2 ...
150 22 19 156 1 167 1 108 1 182 1 55 1 591 1 492 1 233 1 236 2 327 1 359 1 234 1 300 1 240 2 238 1 116 1 103 1 104 1 81 2
153 23 25 245 1 340 1 412 1 7 1 237 1 394 2 493 1 556 1 156 1 167 1 108 1 182 1 55 1 233 1 236 2 492 1 426 1 234 2 238 1 240 2 331 1 116 1 103 1 104 1 81 2
157 24 25 323 1 237 1 321 2 36 2 352 1 417 1 394 1 230 1 556 2 493 1 156 1 167 1 108 1 182 1 55 1 527 1 335 1 334 1 233 1 236 2 492 1 437 1 426 1 300 1 116 1
167 26 15 31 1 280 2 281 1 364 1 273 1 293 1 367 2 323 1 468 2 514 1 454 1 321 2 513 2 36 3 116 1
186 29 16 369 1 309 1 451 1 300 1 346 2 238 1 240 2 261 1 23 1 116 1 107 1 125 1 103 1 81 2 545 1 104 1
198 31 6 240 2 23 1 125 1 103 1 104 1 81 2
//IdTournes NbColis
62 6
//IdColis IdCommandeInColis NbProducts IdProd1 QtyProd1 IdProd2 QtyProd2 ...
209 33 27 342 1 339 1 32 1 231 1 1 1 156 1 167 1 108 2 182 1 55 1 335 1 282 1 344 1 347 1 343 1 234 3 34 1 341 1 333 1 346 1 261 1 345 1 215 1 116 1 103 1 104 1 81 2
216 34 13 411 1 414 1 537 1 511 1 178 1 538 1 116 1 107 1 125 1 103 1 81 2 104 1 9 1
228 36 16 323 1 367 2 468 2 321 3 368 1 352 2 36 3 339 1 493 1 3 1 13 1 19 2 384 1 267 1 467 2 116 1
230 36 16 300 1 346 1 341 1 240 1 331 1 457 1 473 3 249 1 411 1 8 1 125 1 526 1 212 1 103 1 104 1 81 2
237 37 4 125 1 103 1 104 1 81 2
242 38 20 388 1 289 1 276 1 327 1 6 2 44 1 341 1 331 1 23 1 459 1 277 1 329 1 511 1 537 1 116 1 107 1 125 1 81 2 103 1 104 1
//IdTournes NbColis
63 6
//IdColis IdCommandeInColis NbProducts IdProd1 QtyProd1 IdProd2 QtyProd2 ...
260 41 19 336 1 293 1 323 1 367 2 468 2 514 1 366 1 321 2 368 1 352 2 339 1 332 1 349 1 467 2 4 1 576 1 106 1 108 2 116 1
277 43 28 5 1 314 1 292 2 289 2 507 1 37 2 534 2 426 1 262 2 6 4 363 2 34 1 429 1 346 1 518 1 541 2 303 1 540 1 566 1 604 1 12 1 116 1 143 1 134 1 618 1 103 1 430 1 104 1
286 44 9 329 1 498 1 8 1 537 1 125 1 103 1 104 2 81 2 9 1
292 45 20 445 1 388 1 289 1 292 1 279 1 500 1 6 3 346 1 541 1 341 1 238 1 240 2 537 1 592 1 12 1 116 1 192 1 103 1 104 1 81 2
310 48 9 277 1 611 1 116 1 107 1 134 1 103 1 442 1 104 1 81 2
333 52 20 262 1 276 1 369 1 500 1 502 1 6 4 34 1 469 1 300 2 346 1 341 1 518 1 246 1 380 1 23 1 12 2 116 1 125 1 81 2 104 1
//IdTournes NbColis
64 6
//IdColis IdCommandeInColis NbProducts IdProd1 QtyProd1 IdProd2 QtyProd2 ...
340 53 17 388 1 289 1 6 3 300 1 238 1 240 2 331 1 23 1 551 1 537 1 12 1 116 1 125 1 405 1 103 1 104 1 81 2
348 54 18 41 1 542 2 250 2 384 2 252 3 523 3 524 1 259 1 467 3 105 1 4 1 106 1 108 2 88 2 89 2 63 1 80 1 116 1
387 59 13 540 1 569 1 295 1 329 1 8 1 116 1 572 1 15 2 134 1 192 1 103 1 81 2 104 2
429 64 10 380 2 446 1 277 1 329 1 143 1 116 1 134 1 103 1 81 2 104 1
445 66 20 34 1 300 2 346 2 518 1 561 1 246 2 549 1 540 2 23 1 329 1 498 2 12 1 16 1 116 1 15 1 125 1 212 1 103 1 104 2 81 2
465 68 26 469 2 300 1 322 1 341 1 541 1 561 1 238 2 240 4 303 1 457 1 540 1 269 1 266 2 436 1 277 1 511 2 551 1 531 1 116 1 134 1 203 1 212 1 103 1 81 2 104 2 9 1
//IdTournes NbColis
65 6
//IdColis IdCommandeInColis NbProducts IdProd1 QtyProd1 IdProd2 QtyProd2 ...
483 70 10 457 1 511 1 12 1 116 1 15 1 134 1 212 1 103 1 81 2 104 2
487 71 9 292 1 239 1 346 1 240 1 238 1 116 1 103 1 104 1 81 1
503 74 26 88 1 89 1 63 1 347 1 233 2 236 2 492 1 292 2 279 1 253 1 327 1 502 1 382 1 6 1 34 1 346 2 322 1 238 1 240 3 324 2 8 1 116 1 620 1 103 1 104 1 81 2
510 75 6 604 1 116 1 107 1 103 1 104 1 81 2
523 77 14 276 1 307 1 6 1 341 1 541 2 238 1 240 2 540 1 23 1 537 1 116 1 103 1 81 2 104 1
528 78 16 232 1 244 2 245 1 338 4 241 1 18 1 293 1 323 1 514 1 237 1 390 1 366 1 321 1 393 1 352 1 125 1
//IdTournes NbColis
66 6
//IdColis IdCommandeInColis NbProducts IdProd1 QtyProd1 IdProd2 QtyProd2 ...
538 79 10 261 1 246 1 23 1 329 1 498 1 116 1 125 1 103 1 81 2 104 2
554 81 22 279 1 278 1 253 1 396 1 6 2 300 1 458 1 509 1 341 1 518 1 303 1 380 1 540 2 295 1 269 1 116 1 107 1 15 1 125 1 103 1 81 2 104 2
138 20 25 36 2 339 1 32 1 230 2 349 1 497 1 493 1 556 2 328 1 19 1 267 1 105 1 4 1 156 1 167 1 108 1 55 1 63 1 80 1 297 1 373 1 478 1 109 1 614 1 54 1
521 77 15 301 1 244 2 264 1 235 4 241 1 31 1 412 1 237 1 321 2 36 1 230 2 231 1 349 1 493 1 134 1
34 4 3 103 1 104 1 81 2
52 6 3 103 1 81 2 104 2
//IdTournes NbColis
67 6
//IdColis IdCommandeInColis NbProducts IdProd1 QtyProd1 IdProd2 QtyProd2 ...
119 17 4 563 1 103 1 81 2 104 2
158 24 5 238 1 240 2 103 1 104 1 81 2
350 54 24 34 1 469 1 44 1 256 1 300 1 346 2 322 1 518 1 238 1 240 3 246 1 261 1 303 1 380 1 457 1 249 1 277 1 498 1 8 1 578 1 103 1 251 1 104 2 81 2
178 28 23 288 1 428 2 18 1 466 1 280 1 364 1 468 1 367 1 368 1 417 1 19 1 471 1 467 1 147 1 105 1 4 1 627 1 80 1 167 1 108 1 182 1 55 1 156 1
20 3 14 171 1 362 1 299 1 21 1 312 1 360 1 383 1 517 1 351 2 521 1 24 1 301 2 244 1 348 1
543 80 10 171 1 379 1 351 1 20 1 21 1 483 1 301 2 302 3 264 1 386 4
//IdTournes NbColis
68 6
//IdColis IdCommandeInColis NbProducts IdProd1 QtyProd1 IdProd2 QtyProd2 ...
222 35 21 416 1 321 2 454 1 513 2 36 2 32 2 417 2 231 1 349 1 19 1 267 1 105 1 4 1 173 1 156 1 167 1 108 2 55 1 63 1 80 1 109 1
32 4 20 513 2 515 2 40 1 339 1 32 1 41 2 230 2 3 1 542 1 250 1 384 1 252 2 523 2 524 1 467 2 105 1 4 1 156 1 167 1 228 1
74 10 21 350 1 31 3 281 1 27 1 489 1 323 1 412 1 7 1 352 1 36 2 533 1 105 1 4 1 167 1 108 1 156 1 55 1 63 1 80 1 109 1 54 1
85 12 21 31 3 281 1 27 1 489 1 323 1 412 1 548 1 321 1 513 1 36 2 19 1 259 1 105 1 4 1 156 1 167 1 108 1 588 1 55 1 63 1 206 1
91 13 20 241 1 336 1 237 1 321 2 352 2 36 2 339 1 230 2 493 1 556 2 349 1 399 1 156 1 167 1 108 2 55 1 63 1 584 1 233 1 236 1
103 15 17 264 1 386 4 241 1 2 1 281 1 247 1 237 1 438 1 513 1 515 2 230 2 231 1 542 1 4 1 156 1 55 1 63 1
//IdTournes NbColis
69 6
//IdColis IdCommandeInColis NbProducts IdProd1 QtyProd1 IdProd2 QtyProd2 ...
144 21 18 564 2 36 3 409 1 255 1 394 1 481 1 508 2 349 1 493 2 556 3 356 1 13 1 19 1 305 2 582 1 156 1 167 1 108 1
190 30 22 338 1 244 1 245 1 25 1 340 1 17 1 18 1 237 1 394 2 556 2 493 1 19 1 105 1 156 1 167 1 108 1 55 1 63 1 80 1 109 1 54 1 152 1
451 67 13 425 1 241 1 2 3 350 2 361 1 281 1 27 1 514 1 263 3 513 2 515 3 339 1 203 1
563 82 24 109 1 335 2 54 1 168 1 584 1 282 1 325 1 334 1 522 1 22 1 28 1 236 4 348 1 233 2 492 1 388 1 289 3 434 1 292 2 279 3 330 1 475 1 239 2 203 1
462 68 16 496 1 401 1 231 2 472 1 3 2 542 3 41 3 13 1 19 1 250 2 384 2 637 1 252 2 268 1 524 1 523 3
278 43 2 104 1 81 2
//IdTournes NbColis
70 6
//IdColis IdCommandeInColis NbProducts IdProd1 QtyProd1 IdProd2 QtyProd2 ...
384 59 8 244 3 245 2 235 5 241 1 25 1 350 2 31 3 570 1
502 74 16 235 1 241 1 323 1 237 2 403 1 321 3 352 2 36 3 306 1 230 2 493 1 542 1 41 1 305 1 167 1 108 2
544 80 15 386 1 241 1 350 1 2 3 27 1 615 1 321 3 513 2 515 3 339 1 30 1 400 1 472 1 499 1 322 1
560 82 12 302 2 386 6 241 2 31 1 354 1 281 1 489 1 412 1 553 1 615 1 652 1 339 1
346 54 15 425 1 241 1 350 1 2 2 257 1 258 1 280 2 281 1 364 1 367 2 468 3 514 1 7 1 247 1 106 1
371 57 15 350 1 31 3 281 1 27 1 321 3 513 2 515 3 19 1 268 1 4 1 582 1 80 1 106 2 108 2 88 1
//IdTournes NbColis
71 6
//IdColis IdCommandeInColis NbProducts IdProd1 QtyProd1 IdProd2 QtyProd2 ...
427 64 16 2 2 350 2 281 1 27 1 639 1 263 3 515 3 513 2 339 1 328 1 487 1 19 1 418 1 512 1 4 1 582 1
349 54 20 365 2 54 1 584 1 381 1 28 1 290 1 236 3 348 1 233 2 492 1 289 2 292 2 279 3 330 1 387 1 253 2 254 1 262 1 6 5 34 3
145 21 30 55 1 63 1 109 1 335 1 347 1 233 2 236 2 492 1 565 1 343 1 292 1 410 1 475 1 239 2 279 1 330 2 289 1 534 1 253 1 359 1 327 1 382 1 234 2 408 1 34 1 346 1 371 1 509 1 541 1 238 1
508 75 13 386 2 241 1 350 2 31 2 27 1 378 2 514 1 321 3 513 2 36 2 397 1 339 1 605 1
564 82 25 239 2 37 1 404 1 426 1 554 1 307 1 254 2 359 1 276 2 327 2 382 1 500 2 502 1 6 4 34 1 256 1 333 1 300 2 346 1 509 1 238 2 240 4 324 1 380 1 81 1
267 42 15 247 1 633 1 237 2 263 2 513 2 515 3 230 3 472 1 542 2 41 3 13 1 294 1 516 1 471 1 109 1
//IdTournes NbColis
72 6
//IdColis IdCommandeInColis NbProducts IdProd1 QtyProd1 IdProd2 QtyProd2 ...
13 2 14 17 1 25 1 340 1 316 1 245 1 338 2 428 2 18 3 350 2 27 1 336 1 427 1 19 1 26 1
131 19 20 235 1 241 1 25 1 31 1 336 1 323 1 237 1 321 1 403 1 352 2 36 2 339 1 32 1 417 1 230 2 349 1 497 1 493 1 556 1 225 1
40 5 13 386 1 241 1 2 1 237 2 263 3 503 1 513 2 515 3 41 3 332 1 402 1 230 3 542 1
331 52 12 350 2 2 4 281 1 27 1 293 1 403 1 263 3 513 2 515 3 339 1 32 1 402 1
411 62 18 401 1 496 1 231 1 3 1 542 2 41 3 19 1 418 2 250 2 384 1 252 2 268 1 523 2 524 1 512 3 305 1 467 2 296 1
330 52 10 351 1 20 1 21 1 301 2 302 3 264 1 316 1 241 1 386 5 350 1
//IdTournes NbColis
73 6
//IdColis IdCommandeInColis NbProducts IdProd1 QtyProd1 IdProd2 QtyProd2 ...
408 62 12 39 1 243 1 260 1 232 1 42 2 383 1 21 1 24 1 316 1 301 2 302 3 367 1
459 68 9 383 1 517 1 546 1 463 1 316 1 302 4 264 1 301 3 425 4
461 68 13 273 1 293 2 367 3 468 3 7 1 247 1 237 3 368 1 306 1 464 1 265 1 230 4 252 1
5 1 13 2 2 280 1 364 1 273 1 367 3 468 3 416 2 7 1 247 2 237 1 263 3 368 1 9 1
393 60 15 247 1 237 2 321 3 513 2 36 3 339 2 32 2 332 1 230 3 472 1 231 1 510 1 481 1 542 1 12 1
410 62 16 367 1 468 2 412 1 423 1 237 2 263 2 368 1 515 3 513 2 420 1 494 1 265 1 255 1 230 3 417 1 469 1
//IdTournes NbColis
74 6
//IdColis IdCommandeInColis NbProducts IdProd1 QtyProd1 IdProd2 QtyProd2 ...
338 53 14 447 1 244 2 264 1 235 1 386 3 241 1 281 2 489 1 323 1 237 1 321 1 403 1 438 1 513 2
347 54 15 237 2 263 3 368 1 513 2 515 3 248 1 339 1 32 1 230 3 255 1 231 2 3 1 33 1 41 2 12 1
49 6 13 281 1 520 1 489 1 273 1 323 1 7 1 237 2 321 3 352 2 36 3 265 1 41 3 230 3
377 58 11 20 1 21 1 301 1 244 2 264 1 235 4 241 1 350 2 31 3 281 1 266 1
559 82 14 539 1 274 1 360 1 383 1 377 1 521 1 485 2 21 1 35 1 546 1 264 1 301 2 244 2 266 1
434 65 14 375 1 326 1 379 1 21 1 370 1 386 2 281 1 280 1 364 1 378 1 367 2 468 2 321 3 374 1
//IdTournes NbColis
75 6
//IdColis IdCommandeInColis NbProducts IdProd1 QtyProd1 IdProd2 QtyProd2 ...
116 17 10 546 1 20 1 21 1 370 1 244 3 245 2 338 5 340 1 25 1 350 1
266 42 10 546 1 517 1 370 1 301 2 302 3 264 1 425 5 241 1 281 2 518 1
143 21 13 245 2 338 3 340 1 17 3 25 1 336 1 273 1 323 1 237 2 403 1 352 2 564 1 324 1
203 32 22 280 1 364 1 336 1 532 1 367 1 468 1 7 1 237 1 368 1 43 1 339 1 394 2 556 2 3 1 493 1 19 1 250 1 384 1 252 1 524 1 523 1 467 1
196 31 16 235 3 241 1 31 1 281 1 465 1 323 1 514 1 237 1 321 2 352 2 36 2 332 1 230 2 493 1 41 1 331 1
443 66 18 2 1 281 1 27 1 293 1 514 1 263 3 513 2 515 3 43 1 32 1 417 1 231 1 499 1 311 1 328 1 471 1 19 2 277 1
//IdTournes NbColis
76 6
//IdColis IdCommandeInColis NbProducts IdProd1 QtyProd1 IdProd2 QtyProd2 ...
460 68 13 425 2 241 2 350 1 2 3 361 1 281 1 505 1 280 2 364 1 636 1 530 1 489 2 275 1
247 39 17 244 1 264 1 235 4 241 1 31 1 489 1 323 1 514 1 237 1 321 1 403 1 513 1 352 1 36 2 255 1 230 1 329 1
409 62 13 264 1 386 5 241 1 2 1 350 1 364 1 280 2 525 1 419 1 530 2 273 1 293 1 452 1
458 68 13 557 1 243 1 260 1 444 1 441 1 506 1 232 1 42 3 501 1 550 1 313 1 462 1 504 1
283 44 14 379 1 431 1 546 1 302 1 425 3 2 1 280 1 364 1 433 1 432 1 367 2 468 2 403 1 263 2
184 29 14 379 1 20 1 21 1 244 2 245 1 235 4 241 1 25 1 237 1 321 1 352 2 36 1 409 1 512 1
//IdTournes NbColis
77 6
//IdColis IdCommandeInColis NbProducts IdProd1 QtyProd1 IdProd2 QtyProd2 ...
31 4 16 386 2 241 1 2 1 281 1 364 1 525 1 280 1 367 1 468 2 514 1 7 3 237 1 43 1 368 1 321 2 284 1
73 10 13 243 1 232 1 480 1 351 1 20 1 21 1 244 2 245 1 264 1 235 4 241 1 350 1 19 1
84 12 12 243 1 232 1 288 1 20 1 21 1 301 1 244 2 264 1 386 4 241 1 350 2 231 1
202 32 13 243 1 260 1 232 1 42 1 377 1 21 1 245 1 338 4 340 1 17 2 25 1 18 1 238 1
392 60 12 243 1 21 1 301 1 244 3 264 1 386 5 241 1 31 1 281 1 323 1 7 1 328 1
514 76 12 243 1 232 1 288 1 521 1 20 1 301 1 302 2 264 1 425 4 241 1 350 2 472 1
//IdTournes NbColis
78 6
//IdColis IdCommandeInColis NbProducts IdProd1 QtyProd1 IdProd2 QtyProd2 ...
345 54 7 557 3 260 1 42 3 301 1 302 3 425 4 334 1
471 69 10 260 1 326 1 42 2 379 1 501 1 485 1 302 3 264 1 301 2 425 3
472 69 14 425 2 241 1 2 1 281 1 280 1 364 1 367 2 468 2 395 1 237 2 263 2 368 1 513 2 515 2
551 81 9 232 1 299 1 351 2 24 1 301 2 302 3 264 1 425 5 273 1
48 6 10 299 1 274 1 377 1 485 1 244 3 245 2 264 1 235 5 241 1 31 1
535 79 9 360 1 20 1 21 1 351 2 301 2 302 3 264 1 386 5 241 1
//IdTournes NbColis
79 6
//IdColis IdCommandeInColis NbProducts IdProd1 QtyProd1 IdProd2 QtyProd2 ...
275 43 10 425 3 241 1 2 4 350 3 281 1 27 1 489 1 263 2 438 1 515 2
356 55 13 425 2 350 1 281 1 280 1 364 1 520 2 367 2 468 2 263 3 368 1 513 2 515 2 32 1
552 81 11 241 1 2 4 350 3 281 1 27 1 293 1 7 1 263 2 513 2 515 3 43 1
221 35 10 287 1 20 1 21 1 244 2 264 1 235 4 241 1 350 2 31 3 323 1
401 61 13 486 1 288 1 351 1 477 1 20 1 21 1 244 1 245 1 235 4 241 1 25 1 18 2 339 1
214 34 18 235 1 31 1 281 1 280 1 364 1 367 1 323 1 468 2 412 1 7 1 321 2 368 1 352 2 36 2 32 1 3 1 328 1 384 1
//IdTournes NbColis
80 6
//IdColis IdCommandeInColis NbProducts IdProd1 QtyProd1 IdProd2 QtyProd2 ...
61 8 9 21 1 301 2 244 3 264 1 386 5 241 1 350 2 31 2 329 1
363 56 11 24 1 241 1 301 1 302 2 264 1 386 4 350 2 31 3 281 1 27 1 13 1
370 57 10 351 1 546 1 20 1 21 1 301 2 302 3 264 1 386 5 241 1 350 1
426 64 9 35 1 546 2 20 1 301 2 302 3 264 1 425 5 241 1 2 1
442 66 8 301 1 302 3 264 1 425 5 241 1 350 3 2 3 347 1
21 3 7 244 3 264 1 386 6 241 2 31 4 350 1 37 1
//IdTournes NbColis
81 5
//IdColis IdCommandeInColis NbProducts IdProd1 QtyProd1 IdProd2 QtyProd2 ...
240 38 11 20 1 244 2 245 1 264 1 235 4 241 1 350 2 31 3 27 1 323 1 19 1
308 48 17 558 1 521 1 24 1 244 1 386 2 31 1 281 1 280 1 364 1 323 1 367 1 468 1 321 2 368 1 36 2 513 1 330 1
419 63 11 244 2 245 2 235 5 241 1 25 1 31 1 281 1 323 1 237 2 352 2 36 1
561 82 8 237 3 321 4 513 3 36 4 230 4 510 1 41 4 542 1
491 72 15 21 1 235 2 31 1 281 1 280 1 364 1 489 1 323 1 367 2 468 2 368 1 321 3 513 2 36 1 348 1
