//NbTournees
5
//IdTournes NbColis
1 6
//IdColis IdCommandeInColis NbProducts IdProd1 QtyProd1 IdProd2 QtyProd2 ...
16 3 15 173 1 167 1 371 1 285 1 211 3 42 3 43 2 221 1 286 1 287 1 298 4 21 1 1 1 25 1 38 1
7 1 50 306 1 358 1 346 1 364 1 177 2 244 1 307 1 311 1 64 3 5 1 138 1 304 1 310 2 357 1 147 3 161 3 180 3 254 1 117 1 18 1 301 1 366 2 69 2 57 1 236 1 361 1 159 1 149 2 150 4 86 4 192 2 300 2 95 1 157 1 65 1 183 1 19 1 122 1 210 1 291 2 129 1 47 1 49 1 319 3 98 2 121 1 242 1 152 1 40 3 162 1
5 1 16 308 2 329 1 37 1 132 1 134 3 303 1 8 3 13 1 15 3 22 2 23 2 61 1 32 2 290 1 82 1 118 1
6 1 25 290 2 299 3 305 1 156 1 212 1 6 1 16 3 45 1 60 1 33 2 135 1 234 1 218 2 257 1 67 2 154 1 250 1 235 5 182 2 187 1 184 1 245 1 96 1 260 1 151 1
18 3 25 369 1 312 1 374 1 372 1 373 1 283 1 334 1 194 1 32 1 23 2 290 1 299 2 8 2 13 1 15 1 368 1 317 1 16 2 45 1 29 1 33 2 52 1 218 1 354 1 273 2
23 4 36 8 2 13 1 15 1 322 2 324 1 326 1 212 1 317 1 76 1 78 1 33 2 218 1 219 1 220 1 16 2 318 1 67 1 204 1 83 1 182 1 187 1 184 1 96 1 375 1 385 1 328 1 177 1 222 1 311 1 323 2 307 1 325 1 214 1 64 1 85 1 86 1
//IdTournes NbColis
2 6
//IdColis IdCommandeInColis NbProducts IdProd1 QtyProd1 IdProd2 QtyProd2 ...
3 1 16 316 3 362 2 363 1 3 1 4 2 111 1 14 1 293 3 294 1 295 2 296 2 365 1 360 1 41 1 359 1 246 1
11 2 19 21 1 1 2 383 1 278 1 327 1 393 1 111 1 203 1 296 1 30 1 41 2 391 1 17 2 28 2 51 1 46 2 20 2 84 1 105 1
17 3 21 55 1 266 1 293 2 294 1 295 2 296 1 41 2 28 2 46 2 51 1 17 2 20 2 44 1 54 1 292 1 53 1 284 1 289 1 367 1 265 1 273 1
27 5 22 293 1 295 1 296 2 41 4 90 1 35 1 36 1 292 2 401 1 12 2 53 1 339 1 369 1 374 1 407 1 405 1 403 1 283 1 334 2 194 1 64 1 84 1
1 1 13 167 1 309 1 314 1 259 1 285 2 302 2 66 2 119 1 153 2 166 3 211 2 1 3 263 1
14 2 41 150 1 27 1 315 1 300 1 65 1 114 1 95 1 335 1 396 1 26 1 31 1 387 1 270 1 319 1 348 1 98 1 40 2 193 1 148 1 165 3 103 1 110 1 104 1 277 1 38 2 100 1 197 1 191 2 274 1 102 1 107 1 68 1 108 1 71 3 109 1 146 1 216 1 209 1 262 3 162 1 201 1
//IdTournes NbColis
3 6
//IdColis IdCommandeInColis NbProducts IdProd1 QtyProd1 IdProd2 QtyProd2 ...
24 4 56 180 3 97 2 161 1 330 1 377 1 380 1 379 1 69 1 196 1 321 1 331 1 361 1 200 1 86 1 192 1 149 1 150 2 315 1 300 2 27 1 65 1 183 1 95 1 223 2 31 1 297 2 387 1 26 1 75 1 48 1 215 1 319 1 386 1 98 1 40 2 193 1 70 1 213 1 63 1 38 2 100 1 197 1 191 2 188 2 84 1 68 1 71 1 146 1 216 1 209 1 189 4 72 3 198 4 87 1 201 2 151 2
29 5 51 97 2 180 3 330 1 380 1 379 1 101 3 207 2 69 1 196 1 361 2 86 1 192 1 149 1 150 2 315 1 337 1 27 1 95 2 65 1 183 1 335 3 92 1 210 1 48 1 75 1 386 1 98 1 40 2 193 1 89 1 205 1 91 1 63 1 100 1 38 2 197 1 191 2 188 2 199 2 88 1 71 1 146 1 209 1 178 1 189 1 72 3 198 4 162 1 201 1 151 2 208 3
21 4 16 167 2 314 2 384 1 66 1 211 2 77 1 80 1 221 2 313 1 316 2 320 2 376 1 378 1 21 1 382 1 217 1
28 5 32 334 1 79 1 32 1 299 2 23 2 8 2 13 1 324 1 326 1 99 1 33 2 93 1 190 1 16 2 318 2 336 1 204 1 83 1 182 1 404 1 187 1 184 1 96 1 375 1 385 1 328 1 177 1 307 2 147 1 97 1 86 1 208 1
33 6 41 33 1 141 1 398 1 16 2 354 1 204 1 400 1 225 2 182 1 83 1 352 1 187 2 184 1 96 1 351 1 353 4 385 1 328 1 177 1 50 1 226 2 64 1 357 1 180 4 97 3 69 1 196 1 321 1 200 1 192 1 149 1 150 2 86 2 350 2 300 3 65 2 183 1 95 1 291 1 139 1 297 1
12 2 21 35 1 36 1 279 2 397 1 282 1 289 1 339 1 369 1 389 1 106 3 390 1 37 2 281 1 392 1 15 1 32 1 23 2 344 3 322 1 275 1 151 1
//IdTournes NbColis
4 6
//IdColis IdCommandeInColis NbProducts IdProd1 QtyProd1 IdProd2 QtyProd2 ...
22 4 22 383 1 388 1 24 1 327 2 203 1 332 1 41 5 73 1 36 1 284 1 312 1 381 1 373 1 329 1 79 1 74 1 81 1 32 1 23 2 299 2 322 1 82 1
31 6 20 167 1 309 1 314 1 338 1 211 2 34 1 142 1 221 1 313 1 316 2 21 1 383 1 402 1 24 1 333 1 4 2 393 1 203 1 355 1 229 1
32 6 23 293 1 294 1 224 1 355 1 41 2 35 1 36 1 401 1 12 1 289 2 369 1 143 1 32 1 299 2 23 2 8 2 13 1 349 1 367 1 368 1 399 1 33 1 182 1
19 3 53 271 1 219 1 67 1 174 1 204 1 182 1 83 1 352 1 272 1 187 1 96 2 351 2 39 1 177 1 50 1 222 2 147 1 180 3 161 3 69 1 267 3 264 1 200 1 192 1 149 1 150 2 86 2 288 1 300 3 370 1 350 1 19 1 291 5 297 2 171 1 270 1 47 1 48 1 49 1 269 1 98 1 40 2 175 3 176 1 193 1 56 1 70 1 268 1 261 1 205 4 38 1 201 1 151 1
13 2 35 299 2 8 2 13 1 324 3 317 1 16 2 29 1 33 2 318 2 182 1 187 1 245 2 96 1 341 2 375 1 346 1 311 1 307 3 64 1 147 1 180 4 97 3 380 1 343 1 379 1 112 1 345 1 361 1 200 1 86 2 192 1 149 1 150 1 151 1 208 1
26 5 21 181 1 167 1 338 1 340 1 406 1 185 1 195 2 94 1 179 1 202 2 206 1 313 1 316 1 1 1 383 1 402 1 333 1 393 1 186 1 203 1 200 1
//IdTournes NbColis
5 6
//IdColis IdCommandeInColis NbProducts IdProd1 QtyProd1 IdProd2 QtyProd2 ...
34 6 28 297 1 356 1 48 1 49 1 47 1 98 1 193 1 40 2 230 1 140 2 144 2 63 1 100 1 197 1 38 2 88 1 84 1 71 1 146 1 209 1 228 1 189 2 227 2 72 3 198 4 201 1 229 1 151 2
10 2 18 314 1 276 1 394 1 395 1 211 4 24 1 25 1 34 1 94 1 280 1 221 2 342 2 313 1 316 2 347 1 2 1 113 1 105 1
2 1 12 1 3 2 4 7 2 9 1 10 1 11 1 21 2 133 1 243 1 313 3 3 1 237 1
4 1 13 17 2 20 3 28 3 46 4 51 1 12 1 58 3 59 1 35 1 137 1 62 1 136 1 241 1
8 1 58 40 1 193 1 252 1 255 1 148 2 165 1 120 1 70 1 127 1 110 1 145 1 103 1 56 1 169 1 170 1 249 1 251 1 253 1 261 1 115 1 116 1 123 1 231 1 233 1 258 1 205 1 126 1 131 1 63 1 100 2 163 1 38 4 238 1 240 2 191 1 125 1 128 1 158 1 160 1 164 1 168 1 232 1 247 1 248 1 124 1 188 2 256 1 155 1 88 1 84 1 146 1 239 1 216 1 209 1 262 3 130 1 162 1 151 4
20 3 15 126 1 63 1 100 1 197 1 155 1 88 1 71 1 146 1 216 1 209 1 262 3 189 3 172 1 201 3 151 1
