//NbTournees
4
//IdTournes NbColis
1 6
//IdColis IdCommandeInColis NbProducts IdProd1 QtyProd1 IdProd2 QtyProd2 ...
4 1 15 5 1 6 2 101 1 112 1 141 3 21 4 59 2 7 2 98 4 132 3 170 1 174 1 3 1 225 1 208 1
5 1 15 3 1 63 6 8 5 110 1 124 5 142 3 235 1 205 1 2 1 99 1 179 1 231 1 11 2 13 1 207 1
9 2 12 203 1 255 1 262 1 248 1 247 1 14 4 69 3 186 1 184 2 18 2 153 1 3 1
11 2 12 141 1 112 4 21 4 59 2 261 1 3 2 87 6 19 2 142 3 124 2 208 1 222 1
15 3 13 31 2 69 2 143 4 166 1 186 1 39 1 163 5 184 1 18 1 121 1 153 2 50 1 25 1
18 3 16 91 1 30 1 43 2 32 2 51 1 148 2 150 1 183 1 188 2 3 1 48 4 63 4 87 1 128 2 19 1 12 1
//IdTournes NbColis
2 6
//IdColis IdCommandeInColis NbProducts IdProd1 QtyProd1 IdProd2 QtyProd2 ...
6 1 19 210 2 207 1 102 1 199 1 9 1 68 1 70 1 106 2 177 2 178 2 237 10 227 5 15 3 109 5 229 2 241 2 233 1 236 1 242 13
20 3 22 127 3 145 1 35 1 41 1 46 2 54 1 66 1 94 10 114 1 115 1 49 1 55 3 177 3 42 2 45 1 90 7 113 3 117 1 119 1 34 2 38 2 52 1
13 2 39 242 5 176 1 257 7 230 1 260 1 218 1 78 1 211 2 213 5 67 2 251 1 22 1 75 2 62 1 85 3 157 2 76 1 10 1 217 1 80 2 152 2 232 13 151 2 209 5 194 1 256 1 202 2 204 3 214 1 254 2 208 2 226 3 259 3 206 2 212 2 215 1 220 2 228 5 201 1
21 3 21 52 1 64 1 89 1 162 2 24 2 36 1 56 2 60 1 92 5 137 2 65 4 122 1 96 4 129 1 12 5 95 1 118 4 22 8 62 12 85 6 134 5
22 3 18 134 7 29 8 37 2 57 1 165 7 185 2 195 4 126 3 28 2 53 8 120 6 189 4 47 2 33 4 149 1 192 4 194 2 196 2
7 1 35 242 2 176 6 137 1 230 1 252 1 65 2 12 1 67 2 251 1 62 1 75 1 85 2 134 1 126 1 10 5 180 1 1 1 104 1 152 1 167 1 169 1 171 5 172 2 232 9 209 5 238 2 244 2 249 2 202 1 243 1 226 4 208 3 239 1 220 7 228 5
//IdTournes NbColis
3 6
//IdColis IdCommandeInColis NbProducts IdProd1 QtyProd1 IdProd2 QtyProd2 ...
19 3 14 19 2 123 1 124 5 125 1 147 2 142 2 160 2 182 1 144 5 40 1 11 1 13 2 26 8 126 1
12 2 28 124 3 200 1 225 1 205 1 81 1 154 1 221 2 223 1 2 2 20 1 158 2 179 1 231 1 11 1 210 2 207 1 199 2 216 1 68 1 106 2 177 2 178 2 258 1 83 1 227 5 229 2 242 3 176 1
2 1 16 253 4 186 1 184 2 103 1 131 2 168 1 153 4 250 1 156 1 240 3 219 1 224 1 246 1 4 1 173 1 234 1
10 2 20 153 2 156 1 219 2 224 1 4 1 17 1 79 1 77 1 82 1 84 1 72 1 86 2 155 1 140 1 111 1 159 1 5 3 6 1 88 1 74 1
17 3 11 164 1 139 3 175 3 197 2 198 1 23 2 44 3 141 2 21 3 59 1 91 3
3 1 15 17 1 100 3 72 1 73 4 86 2 111 1 130 1 139 1 140 2 161 1 175 1 198 1 108 2 5 2 138 1
//IdTournes NbColis
4 2
//IdColis IdCommandeInColis NbProducts IdProd1 QtyProd1 IdProd2 QtyProd2 ...
16 3 16 50 1 187 2 61 1 146 2 27 2 93 3 58 2 72 1 97 2 116 2 86 2 161 2 164 1 191 1 193 1 190 1
1 1 15 248 1 247 1 14 3 16 2 69 1 71 1 107 2 133 1 135 1 136 1 181 3 105 1 253 2 245 1 239 1
