//NbTournees
28
//IdTournes NbColis
1 6
//IdColis IdCommandeInColis NbProducts IdProd1 QtyProd1 IdProd2 QtyProd2 ...
39 9 11 80 1 90 3 81 2 83 1 82 3 584 4 184 4 32 1 144 1 16 1 257 1
40 9 14 257 2 258 3 252 2 372 1 469 2 242 3 282 2 513 1 561 1 711 1 556 1 771 1 155 1 23 1
85 18 13 359 1 568 1 115 1 74 1 138 1 21 1 98 1 283 1 146 2 216 1 735 1 32 1 220 1
102 22 15 15 1 165 3 138 1 21 1 283 1 216 3 597 1 584 1 32 1 144 1 16 1 239 1 242 2 215 1 240 1
2 1 25 179 1 556 1 207 1 155 1 209 2 745 1 270 1 521 1 247 1 295 1 507 1 620 1 321 1 169 1 316 1 739 1 244 1 236 1 269 1 302 1 276 1 319 1 24 1 3 1 153 1
42 9 20 254 4 427 1 345 1 530 1 550 2 118 1 244 4 236 1 261 1 374 3 667 1 631 1 691 1 591 1 170 2 595 2 514 4 536 2 122 1 154 1
//IdTournes NbColis
2 6
//IdColis IdCommandeInColis NbProducts IdProd1 QtyProd1 IdProd2 QtyProd2 ...
76 15 30 210 1 306 1 152 1 620 2 618 1 619 1 622 1 467 1 244 1 236 1 323 1 374 1 276 1 24 1 48 2 22 1 30 2 13 1 228 1 613 1 160 4 117 1 621 1 299 3 31 1 28 1 26 1 593 3 267 1 35 1
103 22 24 215 1 229 1 231 2 249 1 252 1 207 1 692 1 693 1 268 1 749 1 247 1 203 1 245 2 224 1 44 1 244 1 236 1 276 1 691 1 696 2 24 1 275 1 31 1 527 1
108 23 39 581 1 587 1 588 1 247 1 582 1 507 1 150 1 742 1 550 1 244 1 236 1 266 1 269 1 276 1 743 1 24 1 273 1 275 1 48 2 22 1 45 2 13 1 228 1 279 1 31 1 28 1 230 1 552 3 271 1 243 1 250 2 26 1 12 1 240 2 277 1 161 1 23 1 84 1 153 1
111 24 24 235 1 252 1 292 2 177 1 528 1 459 1 289 1 524 1 627 1 364 1 281 1 285 1 290 1 530 1 236 1 244 1 276 1 24 4 280 1 529 1 273 1 490 1 159 1 174 1
113 25 17 535 1 74 1 138 1 274 1 483 1 533 4 101 1 140 1 32 1 16 1 293 1 239 1 242 2 294 1 215 2 244 1 153 2
117 26 36 308 1 309 1 244 1 236 1 302 1 276 1 323 1 307 1 225 1 24 3 301 1 22 1 45 2 13 1 48 2 228 1 31 4 763 1 26 1 304 2 300 1 303 1 267 1 527 1 17 4 8 1 23 1 94 1 137 3 18 3 25 2 27 2 35 2 4 3 58 3 6 2
//IdTournes NbColis
3 6
//IdColis IdCommandeInColis NbProducts IdProd1 QtyProd1 IdProd2 QtyProd2 ...
122 27 31 467 2 244 2 236 2 433 1 313 1 468 1 534 2 24 1 458 1 273 1 466 2 275 1 545 1 546 1 615 1 52 1 48 2 45 2 13 1 373 1 464 2 621 3 31 1 28 1 230 2 243 1 250 1 26 1 240 1 246 1 272 1
125 28 34 324 1 775 1 244 1 323 1 276 1 326 1 24 1 322 1 48 2 22 1 45 2 13 1 28 3 63 1 243 1 250 1 26 1 240 1 272 1 57 1 303 1 267 1 17 5 23 1 25 2 27 2 35 2 4 3 5 3 6 2 703 1 137 3 145 2 18 3
127 29 24 16 1 242 1 331 1 333 1 215 1 229 1 231 1 292 1 249 1 252 1 585 1 270 1 222 1 543 1 547 1 737 1 337 1 247 1 582 1 620 1 310 1 656 1 364 1 23 1
166 40 50 254 1 625 1 244 1 323 1 626 1 276 1 24 1 88 1 45 2 13 1 48 2 52 1 228 1 31 1 28 1 182 1 132 1 271 1 250 1 26 1 12 1 211 1 240 1 161 1 527 1 267 1 17 5 606 1 123 1 130 1 607 1 131 1 171 1 8 1 23 1 137 3 18 3 25 2 27 2 35 2 4 3 145 1 154 1 58 3 6 2 516 1 189 1 518 1 9 1 153 1
175 43 43 749 1 345 1 338 1 244 2 336 1 261 1 602 1 24 1 275 1 45 2 13 1 48 2 139 3 212 2 356 1 624 1 31 1 28 1 350 3 102 1 577 1 271 1 250 1 26 1 623 1 240 1 17 5 92 1 751 1 35 2 4 2 58 2 6 2 18 2 25 2 27 2 145 1 137 2 516 1 189 1 518 1 163 1 153 2
33 7 46 228 1 554 1 214 2 31 1 28 1 552 1 61 1 162 1 271 1 250 1 26 1 347 1 277 1 240 1 346 1 342 1 303 1 267 1 143 2 161 2 73 1 17 5 65 1 69 1 72 1 548 2 555 2 66 1 8 1 70 1 18 3 35 2 5 3 6 2 71 3 137 3 25 2 27 2 145 1 154 1 516 1 189 1 518 1 9 1 553 1 153 1
//IdTournes NbColis
4 6
//IdColis IdCommandeInColis NbProducts IdProd1 QtyProd1 IdProd2 QtyProd2 ...
36 8 27 364 1 349 1 316 3 290 1 530 1 324 1 550 3 236 1 602 3 276 1 302 1 551 2 194 1 529 1 458 1 490 1 687 2 275 2 13 1 22 1 30 2 29 2 228 1 605 1 214 1 159 1 47 1
43 9 23 610 3 24 1 79 1 708 1 687 3 755 1 757 1 29 4 22 2 30 4 13 2 204 3 554 2 212 4 214 2 279 1 259 2 119 1 122 1 31 4 253 1 28 4 87 1
44 9 39 28 1 132 3 182 4 470 2 37 2 552 2 61 3 241 3 78 2 188 4 147 1 707 1 243 1 26 1 262 1 47 4 260 1 593 1 19 3 174 3 133 1 272 1 778 4 710 3 303 3 629 1 255 2 263 3 251 2 267 1 161 3 527 2 709 2 541 1 17 5 594 2 777 2 779 2 84 2
88 18 43 574 1 466 1 490 1 48 1 22 1 30 2 13 1 228 1 373 1 570 3 127 5 214 1 219 1 232 1 621 2 223 1 463 2 31 1 569 1 217 1 230 3 248 2 350 3 733 1 188 1 233 2 461 1 566 1 457 1 190 1 12 1 567 1 218 1 246 1 317 3 174 1 538 2 526 1 124 1 576 1 23 1 201 1 206 1
98 20 43 338 1 336 1 344 1 323 1 374 1 335 1 261 1 142 1 24 1 88 1 22 1 45 2 13 1 48 2 139 2 379 1 31 1 28 1 241 1 147 1 26 1 628 1 303 1 629 1 143 1 267 1 17 5 130 1 95 1 42 1 8 1 141 1 23 1 137 3 18 3 25 2 27 2 35 2 4 3 145 1 58 3 6 2 136 1
104 22 47 195 1 574 1 273 1 29 2 22 1 30 2 13 1 237 1 238 1 223 1 28 1 55 1 248 1 241 1 243 1 250 1 26 1 246 1 272 1 789 1 342 1 629 1 694 2 695 1 251 1 527 1 683 1 17 5 617 1 788 1 69 1 563 2 171 2 8 1 732 1 23 1 145 1 35 2 4 3 5 2 58 1 6 2 137 3 18 3 25 2 27 2 690 1
//IdTournes NbColis
5 6
//IdColis IdCommandeInColis NbProducts IdProd1 QtyProd1 IdProd2 QtyProd2 ...
128 29 41 309 1 338 1 738 1 739 1 336 1 335 1 323 1 344 1 696 1 374 1 24 1 332 1 560 1 198 1 340 1 13 1 45 2 48 2 339 1 31 1 28 5 241 1 112 1 250 1 26 2 47 1 260 1 593 1 218 1 284 1 630 1 267 1 334 1 683 1 527 1 17 4 172 1 601 1 42 1 103 1 18 1
112 24 43 22 1 30 2 13 1 29 2 228 1 287 1 31 2 28 1 288 1 291 1 188 1 243 1 250 1 26 1 240 1 272 1 284 1 525 1 526 1 527 1 143 1 17 5 702 1 130 1 701 1 700 1 8 1 23 1 18 3 25 2 27 2 154 1 137 3 35 2 5 3 6 2 71 3 703 1 14 1 136 2 189 1 704 1 1 1
1 1 19 15 1 33 1 21 1 138 1 283 1 314 1 735 1 20 1 32 1 7 1 16 1 215 2 231 2 252 1 239 1 242 1 179 2 270 1 23 1
24 5 26 15 1 21 1 138 1 329 1 32 1 7 1 16 1 231 1 215 1 252 1 242 1 673 1 226 1 306 1 310 1 668 1 309 1 671 1 324 1 338 1 336 1 374 1 667 1 31 1 143 1 23 1
31 7 17 549 1 50 1 74 1 21 1 138 1 283 1 67 1 314 1 348 1 184 1 32 1 68 1 16 1 144 1 242 1 215 2 204 1
35 8 15 215 2 231 2 235 1 252 1 177 1 179 1 564 2 521 1 305 1 268 2 306 1 524 1 321 3 351 1 364 2
//IdTournes NbColis
6 6
//IdColis IdCommandeInColis NbProducts IdProd1 QtyProd1 IdProd2 QtyProd2 ...
63 12 20 227 1 215 2 561 1 564 1 252 1 293 1 242 2 282 2 500 1 459 1 289 1 524 1 152 1 245 1 659 1 150 2 357 1 308 1 349 1 559 1
66 13 18 15 1 138 1 21 1 67 2 83 1 75 1 330 1 82 1 584 2 32 1 16 1 144 1 513 1 556 1 155 1 215 2 231 2 356 1
70 14 20 314 1 483 2 107 1 82 1 184 1 144 1 16 1 207 2 239 1 399 1 401 1 242 2 402 1 227 1 231 2 215 2 252 1 749 1 47 1 206 1
75 15 20 15 1 21 1 138 1 283 1 348 1 330 1 597 1 32 1 144 1 16 1 231 1 215 1 252 1 242 1 544 2 222 1 270 1 521 4 23 1 35 1
78 16 20 15 1 138 1 21 1 83 1 348 2 32 1 16 1 144 1 544 1 231 1 252 1 215 1 242 1 543 1 547 1 542 2 247 1 152 1 310 2 338 1
86 18 21 144 1 16 1 215 2 227 1 229 1 231 2 235 1 242 2 390 1 252 1 177 1 544 1 485 1 658 1 222 2 226 1 268 1 305 1 462 1 122 1 206 1
//IdTournes NbColis
7 6
//IdColis IdCommandeInColis NbProducts IdProd1 QtyProd1 IdProd2 QtyProd2 ...
91 19 16 565 2 274 2 520 2 184 3 32 1 144 1 16 1 396 1 239 1 242 2 231 2 215 2 252 1 513 1 226 2 1 1
97 20 21 15 1 138 2 21 1 329 1 146 1 81 1 378 1 140 1 32 1 16 1 144 1 231 1 252 1 242 1 215 1 389 1 247 1 310 1 627 1 309 1 264 1
100 21 23 148 1 15 1 138 1 21 1 283 1 140 1 32 1 16 1 144 1 242 1 231 1 215 1 252 1 226 1 389 1 247 1 152 1 306 1 150 1 310 1 405 1 309 1 24 1
107 23 20 584 1 184 2 32 1 144 1 16 1 242 2 215 2 231 2 278 1 252 1 177 2 513 1 585 1 268 1 270 1 578 2 579 1 580 1 581 1 790 1
110 24 15 74 1 138 1 21 1 283 1 67 3 314 1 286 1 82 2 32 1 16 1 144 1 242 2 282 2 215 2 227 1
116 26 18 21 1 283 1 16 1 7 1 231 1 252 1 242 1 215 1 305 3 226 1 200 1 210 1 180 2 600 3 247 1 306 1 310 1 311 2
//IdTournes NbColis
8 6
//IdColis IdCommandeInColis NbProducts IdProd1 QtyProd1 IdProd2 QtyProd2 ...
120 27 22 67 1 40 1 32 1 144 1 16 1 215 2 227 1 231 2 235 1 242 2 252 1 561 1 177 1 226 1 587 1 588 2 578 2 579 1 580 1 312 1 23 1 178 1
124 28 23 773 1 15 1 138 1 21 1 329 1 330 1 32 1 144 1 16 1 215 1 229 1 231 1 252 1 242 1 774 1 270 1 325 1 305 1 521 1 247 1 327 1 328 1 201 1
130 30 16 359 1 21 1 138 1 283 1 355 1 81 1 83 3 32 1 144 1 16 1 242 1 258 1 231 2 215 2 252 1 267 1
133 31 19 74 1 165 1 138 1 21 1 283 1 90 3 83 1 274 1 82 1 184 1 32 1 16 1 144 1 242 1 361 1 231 2 215 1 187 1 553 1
134 31 21 215 1 252 1 239 1 363 1 513 1 155 1 270 2 521 1 210 1 247 1 321 2 254 2 362 1 680 1 481 2 236 1 276 1 590 1 323 1 374 1 23 1
137 32 24 282 2 215 2 252 1 372 1 556 1 155 1 270 1 587 1 588 1 578 2 579 1 580 1 581 1 150 1 364 1 367 1 349 1 345 1 324 1 370 1 365 1 313 1 23 1 153 1
//IdTournes NbColis
9 6
//IdColis IdCommandeInColis NbProducts IdProd1 QtyProd1 IdProd2 QtyProd2 ...
141 33 23 215 1 252 1 513 1 693 1 226 1 600 1 748 1 749 1 247 1 306 1 310 1 309 1 254 3 324 3 338 1 336 1 374 1 276 1 261 1 323 1 24 1 45 2 31 1
145 34 22 231 2 235 1 252 1 215 2 239 1 513 1 556 1 207 1 155 1 270 1 210 1 247 1 353 1 202 2 343 1 619 1 290 1 345 1 352 1 374 1 602 1 621 1
149 35 23 380 1 215 2 231 2 278 1 252 1 385 1 268 1 197 1 382 1 386 1 383 1 582 1 507 1 353 1 627 1 550 1 236 2 261 1 323 1 374 2 23 1 178 1 193 1
153 36 23 242 1 387 1 215 1 231 1 390 1 392 1 252 1 485 1 719 1 693 1 544 1 226 1 389 1 721 1 180 1 247 1 306 1 152 1 328 1 620 1 720 1 310 1 23 1
156 37 19 549 1 138 1 21 1 98 1 329 1 16 1 252 1 242 1 333 1 215 1 231 1 179 2 268 1 226 1 389 1 180 2 247 1 152 1 310 1
159 38 21 74 1 138 1 21 1 329 1 348 1 82 1 32 1 68 1 16 1 144 1 513 1 155 1 231 2 215 2 252 1 239 1 242 1 480 1 247 1 309 1 261 1
//IdTournes NbColis
10 6
//IdColis IdCommandeInColis NbProducts IdProd1 QtyProd1 IdProd2 QtyProd2 ...
162 39 19 50 1 74 1 138 1 21 1 329 1 348 1 82 1 32 1 16 1 144 1 179 1 513 1 155 1 215 2 231 2 252 1 239 1 242 1 370 1
165 40 20 549 1 15 1 138 1 21 1 283 1 314 1 32 1 16 2 144 1 231 1 252 1 215 1 242 1 226 1 389 1 247 1 152 1 310 1 309 1 446 1
168 41 19 15 1 77 3 138 1 21 1 355 1 120 1 101 1 32 1 16 1 144 1 215 1 231 1 252 1 242 1 152 1 638 1 308 1 234 1 26 1
171 42 19 138 1 21 1 67 2 679 1 348 1 184 2 32 1 16 1 144 1 513 1 585 1 556 1 155 1 252 1 239 1 215 2 242 1 231 2 345 1
174 43 21 15 1 21 1 138 1 329 1 67 1 752 1 82 1 32 1 16 1 144 1 258 1 231 2 252 1 239 1 215 2 242 1 501 1 513 1 155 1 749 1 23 1
177 44 25 15 1 21 1 138 1 329 1 634 1 483 1 274 1 565 1 597 1 32 1 16 1 144 1 231 1 252 1 242 1 215 1 268 1 247 1 306 1 632 1 324 1 28 1 8 1 23 1 153 1
//IdTournes NbColis
11 6
//IdColis IdCommandeInColis NbProducts IdProd1 QtyProd1 IdProd2 QtyProd2 ...
180 45 40 138 1 21 1 640 1 16 1 7 1 215 1 231 1 252 1 242 1 247 1 394 1 24 1 639 1 45 2 13 1 48 2 31 1 28 1 168 1 63 2 248 1 645 1 643 1 644 1 630 1 342 1 267 1 17 4 8 1 23 1 145 1 18 2 25 2 4 2 641 2 58 2 6 2 642 2 135 2 97 4
182 46 24 15 1 21 1 138 1 83 1 330 1 32 1 16 1 144 1 231 2 215 2 252 1 239 1 242 1 513 1 207 1 155 1 270 1 521 1 349 1 44 1 345 1 647 1 23 1 670 1
185 47 21 15 1 21 1 138 1 329 1 348 1 330 1 184 1 32 1 16 1 144 1 561 1 231 2 215 2 252 1 239 1 242 1 155 1 270 1 200 1 542 1 31 1
188 48 24 74 1 138 1 21 1 329 1 67 1 140 1 32 1 144 1 16 1 231 1 252 1 215 1 242 1 226 1 247 1 152 1 306 1 150 1 310 1 309 1 657 1 324 1 338 1 24 1
190 49 22 138 1 21 1 283 1 330 1 144 1 16 1 658 1 544 1 215 1 231 1 252 1 242 1 155 1 270 1 247 1 306 1 448 1 659 1 150 1 486 2 324 1 23 1
192 50 34 138 1 21 1 144 1 16 1 155 1 231 1 215 1 252 1 396 1 242 1 226 1 152 1 306 1 224 1 324 1 663 1 45 1 13 1 48 1 613 1 232 1 666 1 665 1 654 1 664 1 263 1 17 4 137 2 18 2 25 2 27 2 35 2 4 2 58 2
//IdTournes NbColis
12 6
//IdColis IdCommandeInColis NbProducts IdProd1 QtyProd1 IdProd2 QtyProd2 ...
194 51 31 138 1 21 1 329 1 144 1 231 1 252 1 215 1 242 1 152 1 677 1 349 1 234 1 264 1 324 1 338 1 403 1 336 1 335 1 261 1 45 1 48 2 212 1 678 1 17 4 171 2 154 1 137 2 611 1 25 2 27 2 189 1
50 10 18 498 2 500 1 480 2 501 2 475 2 502 1 503 1 685 1 156 2 209 1 180 1 465 1 507 1 417 1 432 1 24 1 178 1 163 1
8 2 18 685 1 500 1 475 2 440 1 441 1 439 1 471 1 476 2 705 2 167 1 169 1 364 1 713 1 449 1 166 1 44 5 24 1 23 2
13 3 23 430 1 437 1 477 1 385 1 401 1 434 1 473 1 480 1 176 1 156 1 157 1 209 1 508 1 380 1 498 1 685 1 501 1 475 1 268 1 441 1 24 1 23 1 141 1
20 4 22 659 1 150 2 234 1 419 1 44 5 447 1 427 1 352 2 499 1 433 2 269 1 394 2 335 2 453 1 24 1 158 1 426 1 45 2 52 1 13 1 48 2 54 1
28 6 23 430 1 156 1 209 1 508 1 475 1 498 1 685 1 247 1 432 1 419 1 44 5 447 2 427 1 336 1 433 1 335 1 269 1 684 1 24 1 62 1 31 1 23 1 163 1
//IdTournes NbColis
13 6
//IdColis IdCommandeInColis NbProducts IdProd1 QtyProd1 IdProd2 QtyProd2 ...
51 10 18 169 2 311 2 166 1 449 1 419 1 44 5 451 1 447 2 450 1 747 1 427 2 784 1 352 2 499 1 433 1 158 1 31 1 97 1
58 11 20 441 1 471 1 476 2 705 2 167 1 169 1 722 1 364 2 166 1 449 1 44 5 447 2 338 1 723 1 269 1 335 1 225 1 159 1 23 1 153 1
82 17 22 501 1 475 1 500 1 521 1 270 2 247 1 386 1 523 1 265 1 432 1 169 1 364 2 343 1 166 1 419 1 447 2 427 1 688 1 489 1 352 1 23 1 97 1
64 12 32 224 1 254 1 562 1 324 1 312 1 370 1 550 1 236 2 433 1 394 1 667 1 559 2 88 2 557 1 681 1 24 2 560 1 194 1 529 1 490 1 275 1 340 1 29 2 22 1 30 2 13 1 160 1 356 1 393 1 676 1 519 1 31 1
121 27 17 581 2 247 1 542 1 306 4 465 1 524 1 245 1 398 1 308 1 234 1 264 3 254 1 530 1 324 1 370 2 467 1 63 1
115 25 40 28 1 298 2 37 1 162 2 243 1 250 1 26 1 11 1 240 1 218 1 246 1 304 1 174 1 272 1 303 1 267 1 161 1 143 3 683 1 487 1 17 5 531 1 746 1 700 2 537 1 205 2 42 1 23 1 25 2 27 2 145 1 154 1 137 3 5 3 6 2 71 3 14 1 18 3 35 2 153 3
//IdTournes NbColis
14 6
//IdColis IdCommandeInColis NbProducts IdProd1 QtyProd1 IdProd2 QtyProd2 ...
169 41 35 622 1 637 1 338 1 550 2 336 1 261 3 468 1 24 1 610 2 636 1 22 1 30 2 13 1 48 2 624 1 31 1 28 1 240 3 346 1 187 1 303 1 267 1 17 5 171 2 8 1 23 1 18 2 25 2 27 2 35 2 145 1 137 2 4 2 58 2 6 2
27 6 16 146 2 431 1 40 6 455 1 82 1 425 1 32 1 422 1 16 1 7 1 428 1 401 1 415 1 229 2 429 1 352 1
83 17 37 352 1 499 1 689 1 433 2 335 2 269 1 24 1 170 1 158 1 426 1 52 1 45 2 13 1 48 2 421 1 373 1 445 2 424 2 356 1 446 1 444 1 159 6 122 1 287 1 31 1 28 1 291 1 250 1 271 1 26 2 19 1 630 1 143 1 49 1 17 2 100 1 97 1
131 30 34 239 1 155 1 270 1 247 1 353 1 357 1 169 2 224 1 234 1 290 1 345 1 352 1 276 1 24 1 275 1 545 1 198 1 48 2 22 1 45 2 13 1 515 1 356 1 31 1 28 1 510 1 26 1 358 1 47 1 360 1 354 1 541 1 17 5 23 1
157 37 38 321 2 349 1 309 1 264 1 370 1 411 1 261 1 412 2 24 1 413 1 757 1 45 2 13 1 48 2 160 1 376 1 570 1 410 1 31 1 28 1 26 1 409 1 174 2 526 1 57 2 303 1 255 2 267 1 17 4 701 1 23 1 18 2 25 2 27 2 35 2 4 2 145 1 137 2
186 47 37 247 1 327 1 150 2 656 1 349 1 345 1 370 1 489 1 323 1 655 1 24 1 48 2 22 1 45 2 13 1 160 1 31 1 28 1 26 1 644 1 654 1 143 1 267 1 17 5 8 1 70 1 23 1 18 3 25 2 27 2 35 2 4 3 58 3 6 2 145 1 137 3 201 3
//IdTournes NbColis
15 6
//IdColis IdCommandeInColis NbProducts IdProd1 QtyProd1 IdProd2 QtyProd2 ...
71 14 23 485 1 488 1 197 1 200 1 400 1 268 1 749 1 247 1 492 1 116 1 203 1 494 1 495 1 582 1 507 1 523 1 202 1 486 1 281 1 484 1 481 1 489 1 158 1
10 2 37 416 1 420 2 262 1 358 1 315 2 384 2 371 1 19 1 418 1 354 1 395 2 493 2 174 1 630 1 49 1 267 1 161 1 17 4 100 1 42 1 8 1 563 1 39 1 18 2 25 2 27 2 35 2 4 2 58 2 6 2 145 1 154 1 137 2 53 2 41 4 97 4 153 1
15 3 46 269 2 335 2 458 1 426 1 13 1 48 2 45 2 52 1 421 1 445 1 424 1 237 1 444 1 159 5 287 1 31 1 28 2 505 3 291 1 452 1 506 1 168 1 63 2 99 2 414 1 454 1 250 1 271 1 643 1 416 1 420 1 262 1 358 1 47 1 315 1 384 1 19 1 418 1 436 1 354 1 395 1 493 1 174 1 49 1 161 1 143 2
21 4 37 421 1 445 2 212 1 424 2 446 1 259 3 444 1 159 4 28 5 55 4 63 2 99 1 168 1 291 1 350 4 452 1 102 2 577 4 414 1 454 1 271 2 250 2 26 1 416 1 420 2 262 1 358 1 315 2 384 2 51 1 12 1 19 1 211 3 354 1 418 1 436 1 41 1
29 6 46 426 1 13 1 52 1 45 2 48 2 445 1 424 1 237 1 444 1 159 6 299 1 28 5 55 4 63 2 291 3 506 1 168 1 99 2 452 1 577 1 414 1 454 1 250 1 271 1 26 1 416 1 420 1 262 1 358 1 315 1 384 1 19 1 395 1 354 1 418 1 493 1 174 1 49 1 143 1 161 1 267 1 17 4 213 1 100 1 8 1 103 1
53 10 31 384 1 19 1 354 1 418 1 395 2 493 2 174 2 630 1 49 1 161 1 143 1 17 5 213 1 100 1 8 1 103 2 18 2 145 1 154 1 4 2 58 2 6 2 35 2 25 2 27 2 137 2 785 1 53 2 41 5 164 1 97 4
//IdTournes NbColis
16 6
//IdColis IdCommandeInColis NbProducts IdProd1 QtyProd1 IdProd2 QtyProd2 ...
60 11 39 420 1 262 1 358 1 315 2 384 2 19 1 395 2 354 1 418 1 240 1 493 2 174 1 630 1 49 1 161 1 143 2 17 4 172 1 787 1 100 1 42 2 751 1 171 2 18 2 35 2 5 3 6 2 71 3 137 3 145 1 154 1 25 2 27 2 53 2 41 5 164 1 173 1 163 1 97 6
81 17 19 43 1 105 1 98 1 120 1 431 1 83 1 82 1 140 1 520 1 435 1 401 1 434 1 229 3 429 1 207 1 155 1 209 2 239 1 174 1
138 32 51 365 1 374 1 667 1 313 1 24 1 529 1 22 1 45 2 48 2 13 1 366 1 160 1 613 2 31 2 28 1 188 1 271 1 250 1 26 1 368 1 371 1 12 1 211 1 240 1 174 2 576 1 303 1 267 1 17 5 612 2 541 1 606 1 730 2 700 1 8 1 94 1 137 3 611 1 25 2 27 2 145 1 18 3 35 2 4 3 58 3 6 2 516 1 518 1 189 1 592 2 704 2
9 2 32 447 2 345 1 338 1 388 1 269 2 335 2 536 1 158 1 426 1 13 1 45 2 52 1 48 2 421 1 445 2 424 2 446 1 444 1 159 6 28 5 63 2 99 2 452 1 506 1 168 1 102 1 414 1 454 1 250 2 271 1 26 1 97 1
52 10 35 433 1 335 2 426 1 52 1 48 2 45 2 13 1 421 1 445 2 424 2 446 1 259 1 444 1 159 6 28 6 569 1 55 5 63 2 54 1 168 1 291 1 452 1 99 2 414 1 454 1 271 1 250 1 26 1 416 1 420 2 262 1 358 1 315 2 384 1 97 1
59 11 37 335 1 88 1 170 1 24 1 158 1 474 1 29 2 22 1 30 2 13 1 421 1 160 1 445 2 424 2 444 1 159 5 175 1 106 1 31 1 28 6 55 1 54 1 63 2 99 2 168 1 291 1 452 1 102 4 162 2 414 1 454 1 250 1 271 1 26 1 416 1 420 1 18 1
//IdTournes NbColis
17 6
//IdColis IdCommandeInColis NbProducts IdProd1 QtyProd1 IdProd2 QtyProd2 ...
114 25 27 231 2 252 1 513 1 268 1 528 1 492 1 295 1 507 1 150 1 722 1 276 2 532 2 24 1 534 1 536 1 280 2 490 1 296 1 297 1 22 1 30 2 48 2 13 1 228 1 259 1 299 1 31 1
14 3 23 247 1 439 1 471 1 478 1 476 1 705 1 507 1 479 1 169 1 677 1 166 1 44 5 442 1 443 1 447 1 450 1 312 1 338 1 499 1 689 1 158 1 159 1 163 1
57 11 18 429 2 430 1 385 1 239 1 434 1 473 2 475 2 380 1 685 1 500 2 502 1 498 1 209 1 247 1 439 1 440 1 620 1 23 1
163 39 42 210 1 270 1 619 1 349 2 261 1 24 1 196 1 517 1 22 1 45 2 13 1 48 2 519 1 31 1 28 1 37 1 271 1 250 1 26 1 12 1 635 1 240 1 143 1 267 1 17 5 8 1 23 1 18 3 25 2 27 2 35 2 137 3 4 3 5 3 6 2 516 1 189 1 518 1 41 2 201 1 9 1 153 1
183 46 42 338 1 336 1 646 1 261 2 649 1 24 1 536 1 639 1 3 1 757 2 52 1 48 2 45 2 13 1 648 1 463 1 31 1 28 1 132 1 230 1 26 1 644 1 635 1 317 2 650 1 303 1 768 1 267 1 767 1 17 5 130 1 8 1 58 3 6 2 18 3 25 2 27 2 35 2 4 3 145 1 137 3 126 1
7 2 18 429 2 430 1 402 1 385 1 239 1 437 1 401 1 434 1 473 2 176 2 155 1 156 1 157 1 209 1 502 1 380 1 498 1 31 1
//IdTournes NbColis
18 6
//IdColis IdCommandeInColis NbProducts IdProd1 QtyProd1 IdProd2 QtyProd2 ...
87 18 25 210 1 699 1 459 1 572 1 734 2 524 1 327 2 221 2 224 1 234 1 264 1 324 1 467 1 236 2 276 1 460 1 344 1 225 1 24 1 458 2 273 1 529 1 48 1 527 1 206 1
67 13 28 252 1 239 1 242 1 294 1 521 1 210 1 270 1 661 1 620 1 150 2 364 1 343 1 338 1 336 1 323 1 225 3 24 1 52 1 45 2 13 1 48 2 160 3 621 2 540 2 28 2 93 1 37 1 267 1
79 16 33 311 2 619 3 309 1 484 1 118 1 336 1 24 1 545 1 546 3 674 1 675 1 458 1 22 1 30 2 13 1 48 2 515 1 676 1 119 1 31 1 28 1 540 2 250 1 271 1 26 1 12 1 240 1 174 2 538 1 303 1 143 2 267 1 17 3
154 36 54 486 1 761 1 309 1 324 1 338 1 362 1 388 1 336 1 261 1 323 1 374 1 760 1 468 1 24 1 170 1 758 1 52 1 45 1 13 1 48 1 339 1 28 1 271 1 250 1 315 1 371 1 111 1 12 1 240 1 654 1 576 1 303 1 267 1 334 1 17 1 716 1 191 1 598 1 8 1 35 1 4 1 58 1 6 1 18 1 25 1 27 1 145 2 762 1 137 1 38 1 690 1 518 1 163 1 9 1
160 38 49 345 1 338 1 336 1 651 1 24 1 514 1 195 1 275 1 458 1 22 1 30 2 13 1 29 2 515 1 204 1 287 1 31 2 28 2 55 1 182 1 132 1 350 1 510 1 512 1 653 2 26 1 260 1 174 1 509 1 303 1 143 2 267 1 17 5 652 1 8 1 23 1 18 3 25 2 27 2 35 2 145 1 137 3 5 3 6 2 71 3 185 1 511 1 41 2 153 1
172 42 45 521 1 270 1 247 1 338 1 680 1 336 1 261 1 24 1 532 1 615 1 458 1 273 1 22 1 30 2 13 1 48 2 160 1 279 1 31 1 250 2 271 1 26 1 19 1 240 1 174 1 303 1 267 1 487 1 17 5 2 1 575 1 614 1 23 1 616 1 137 3 18 3 25 2 27 2 145 1 35 2 4 3 516 1 518 1 189 1 153 1
//IdTournes NbColis
19 6
//IdColis IdCommandeInColis NbProducts IdProd1 QtyProd1 IdProd2 QtyProd2 ...
178 44 41 338 1 550 1 336 1 323 1 631 2 261 1 633 1 24 1 332 1 48 2 22 1 45 2 13 1 605 1 298 1 510 1 653 1 271 1 243 1 250 1 26 1 12 1 240 1 630 1 267 1 128 1 17 5 18 3 25 2 27 2 35 2 4 3 58 3 6 2 145 1 154 1 137 3 189 1 518 1 516 1 9 1
189 48 27 336 1 374 1 48 2 52 1 45 2 13 1 212 1 31 1 28 1 350 1 188 1 26 1 303 1 143 2 267 1 17 5 8 1 23 1 145 1 137 3 35 2 4 3 58 3 6 2 18 3 25 2 27 2
94 19 34 610 2 24 2 3 3 194 1 529 1 458 1 273 1 490 1 275 1 757 2 29 2 22 1 30 2 13 1 228 1 10 1 223 3 122 1 31 3 540 3 608 1 569 3 61 1 510 2 243 1 250 4 26 1 47 1 593 2 19 1 240 1 174 2 272 1 1 1
6 2 16 146 2 431 1 497 1 712 1 40 6 472 1 455 1 82 1 425 1 32 1 422 1 16 1 7 1 415 1 229 2 163 1
12 3 14 146 3 431 2 40 6 472 1 82 1 425 1 32 1 422 1 16 1 7 1 415 1 229 2 429 1 53 1
18 4 18 146 2 497 1 40 4 101 1 455 1 82 1 425 1 32 1 422 2 16 1 144 1 155 1 156 1 209 1 181 1 415 2 659 1 104 1
//IdTournes NbColis
20 6
//IdColis IdCommandeInColis NbProducts IdProd1 QtyProd1 IdProd2 QtyProd2 ...
49 10 14 422 2 144 2 16 2 177 1 179 1 181 2 415 2 229 3 429 2 430 1 239 1 498 1 170 1 23 1
56 11 16 40 6 107 1 82 1 425 1 32 1 422 1 144 2 16 2 155 1 156 1 157 1 176 2 437 1 415 1 229 1 438 1
34 8 14 15 1 21 2 256 2 138 2 75 1 286 1 274 1 140 3 603 1 32 1 16 1 144 1 242 2 350 1
38 9 10 74 1 77 2 165 2 256 1 138 1 21 1 329 1 67 4 80 3 613 1
62 12 15 74 1 256 1 138 1 21 1 355 1 89 1 90 1 378 1 286 2 565 1 184 4 32 1 144 1 16 1 258 2
119 27 9 129 5 74 1 165 3 256 1 138 1 21 1 67 2 40 1 178 1
//IdTournes NbColis
21 6
//IdColis IdCommandeInColis NbProducts IdProd1 QtyProd1 IdProd2 QtyProd2 ...
93 19 19 507 1 398 1 364 2 309 1 234 1 489 1 362 2 689 1 550 2 236 1 302 1 269 2 276 1 88 2 591 2 551 5 536 4 610 2 24 1
92 19 18 226 2 397 2 197 2 609 1 200 2 210 2 699 1 588 2 579 1 580 1 581 1 521 1 587 1 697 1 698 3 383 1 582 1 47 1
3 1 51 545 1 615 1 13 1 22 1 29 2 30 2 228 1 318 1 320 1 10 1 31 1 28 1 37 1 271 1 250 1 11 1 26 1 315 2 12 1 19 1 317 3 240 1 303 1 744 1 267 1 161 3 17 5 541 1 2 1 586 1 8 1 4 3 5 3 6 2 14 1 18 3 25 2 27 2 34 1 35 2 145 1 154 1 137 3 38 1 189 1 511 1 518 1 592 1 1 1 36 1 9 1
144 34 17 50 1 74 1 21 1 138 1 283 1 355 1 89 1 67 3 146 1 378 1 330 1 32 1 16 1 144 1 242 1 227 1 271 1
73 14 53 28 2 55 2 182 2 61 1 188 1 112 1 147 1 250 1 243 1 26 1 190 2 47 1 111 1 240 1 493 1 174 3 272 1 187 1 375 1 109 1 76 1 161 2 143 2 487 1 267 2 114 1 17 5 2 1 191 1 780 1 113 1 782 1 205 1 8 1 70 2 108 1 23 1 35 2 5 3 6 2 71 3 145 2 25 2 27 2 762 1 137 3 18 3 682 1 185 2 189 1 192 1 201 1 553 2
142 33 44 13 1 48 2 52 1 373 1 376 4 139 4 320 1 377 1 28 1 188 3 271 1 250 1 26 1 12 1 567 1 240 1 303 1 375 2 263 2 17 5 594 1 750 1 598 1 599 1 548 1 601 1 171 2 23 1 25 2 27 2 145 1 137 3 4 3 58 3 6 2 18 3 35 2 516 1 189 1 518 1 178 1 9 1 553 1 153 1
//IdTournes NbColis
22 6
//IdColis IdCommandeInColis NbProducts IdProd1 QtyProd1 IdProd2 QtyProd2 ...
72 14 33 403 1 236 2 186 1 199 1 276 1 491 1 302 1 482 1 24 1 194 1 195 2 196 1 198 1 273 1 490 1 458 1 340 1 296 2 29 2 22 1 30 2 13 1 228 1 613 1 515 1 339 1 204 1 781 1 404 1 279 1 106 1 31 1 23 1
101 21 34 316 1 324 1 151 1 408 1 374 1 276 1 406 1 407 1 45 2 13 1 48 2 52 1 228 1 31 1 28 1 26 1 149 1 76 1 143 1 267 1 17 5 8 1 23 1 137 3 18 3 25 2 27 2 35 2 4 3 58 3 6 2 145 1 154 2 153 1
135 31 39 24 1 536 1 22 1 45 2 13 1 48 2 228 1 339 2 31 1 28 2 569 1 63 2 724 1 78 1 26 1 260 1 303 1 589 1 267 1 161 2 17 5 575 1 125 1 205 2 70 1 18 3 25 2 27 2 145 1 137 3 35 2 4 3 58 3 6 2 14 1 704 1 725 1 201 2 60 1
191 49 28 276 1 24 1 48 2 52 1 45 2 13 1 228 1 621 1 122 2 31 1 28 2 26 1 260 1 161 1 267 1 660 1 17 4 8 1 145 1 137 2 25 2 27 2 35 2 4 2 58 2 6 2 18 2 189 1
19 4 18 229 2 429 2 430 1 239 1 401 1 434 1 502 1 714 1 498 2 685 1 500 1 715 1 475 2 210 2 327 1 150 1 31 1 23 2
26 6 9 43 1 105 1 15 1 134 1 138 1 98 1 64 6 146 4 421 1
//IdTournes NbColis
23 6
//IdColis IdCommandeInColis NbProducts IdProd1 QtyProd1 IdProd2 QtyProd2 ...
65 12 35 287 1 28 1 37 2 250 1 243 1 26 1 395 1 240 1 174 1 272 1 525 1 251 1 143 1 267 1 683 1 91 1 17 5 558 1 2 1 92 1 87 1 8 1 563 1 23 1 18 3 35 2 5 3 6 2 71 3 137 3 145 1 25 2 27 2 682 1 189 1
146 34 51 374 1 276 1 24 1 534 1 545 2 755 2 546 1 13 1 22 1 30 2 29 2 379 3 621 2 287 1 31 1 28 1 540 1 250 1 26 1 47 2 12 1 19 1 567 1 240 5 695 2 303 1 267 1 17 5 729 2 730 1 583 2 8 1 23 1 35 2 4 3 5 3 6 2 18 3 25 2 27 2 145 1 137 3 682 1 516 1 518 1 731 1 756 4 725 1 84 1 9 1 153 1
150 35 52 335 2 276 1 412 1 24 1 490 1 22 1 30 2 48 2 13 1 204 2 279 1 621 1 287 1 28 1 182 3 724 2 147 1 243 1 250 1 26 2 384 1 240 1 272 1 187 1 727 1 728 1 303 2 251 1 487 1 17 5 123 1 652 1 575 3 69 1 599 2 726 1 8 1 94 1 25 2 27 2 145 1 154 1 137 3 35 2 5 3 6 2 71 3 14 2 18 3 592 2 704 1 153 1
25 5 31 261 1 24 1 45 2 52 1 13 1 48 2 28 1 61 1 26 1 358 1 672 1 57 1 630 1 161 1 17 5 669 1 8 1 4 2 58 2 6 2 18 2 25 2 35 2 145 1 137 2 27 2 59 1 163 1 670 1 60 1 153 1
136 32 14 50 1 129 2 764 3 15 1 138 1 21 1 369 2 330 1 32 1 144 1 16 1 242 1 261 1 9 1
5 2 9 43 1 105 1 15 1 21 1 138 1 355 1 64 6 146 4 280 1
//IdTournes NbColis
24 6
//IdColis IdCommandeInColis NbProducts IdProd1 QtyProd1 IdProd2 QtyProd2 ...
32 7 25 231 2 252 1 239 1 155 1 513 1 556 1 270 1 247 1 150 2 343 1 345 1 550 1 344 1 276 1 24 3 551 1 332 2 273 1 195 1 545 1 13 1 22 1 30 2 48 2 23 1
140 33 13 50 1 15 1 138 2 21 1 329 1 20 4 184 4 32 1 16 1 7 1 242 1 231 1 267 1
47 10 9 43 1 783 1 105 1 15 1 138 2 423 1 21 2 64 6 153 1
123 27 23 246 1 317 2 526 2 263 2 17 5 2 3 791 1 765 1 750 1 8 1 108 1 145 1 137 3 4 3 58 3 6 2 35 2 18 3 611 1 25 2 27 2 53 1 592 1
152 36 13 568 1 535 1 717 1 86 1 183 1 753 1 105 1 718 1 759 1 378 1 391 1 82 1 36 1
37 8 24 299 2 350 1 188 2 250 1 243 1 47 1 240 1 272 1 57 2 604 2 76 2 571 2 17 5 686 1 18 3 35 2 5 3 6 2 71 3 14 2 137 3 25 2 27 2 9 1
//IdTournes NbColis
25 6
//IdColis IdCommandeInColis NbProducts IdProd1 QtyProd1 IdProd2 QtyProd2 ...
48 10 10 146 6 496 1 497 1 712 1 40 6 455 1 82 1 425 2 32 1 448 1
68 13 30 250 1 271 1 26 1 662 2 47 1 12 1 240 1 303 1 17 5 95 1 617 1 8 1 23 1 94 3 14 1 35 2 4 3 58 3 6 2 137 3 25 2 27 2 145 1 154 2 18 3 189 1 516 1 518 1 9 1 153 1
41 9 15 771 1 197 3 772 2 289 1 770 1 265 1 327 2 398 2 620 2 769 2 357 3 343 1 656 2 264 1 370 1
22 4 33 240 1 395 2 493 2 456 1 49 1 161 1 143 4 334 1 17 4 213 1 100 1 42 1 8 1 171 1 96 1 103 2 6 2 18 2 35 2 4 2 58 2 137 2 145 1 154 1 25 2 27 2 189 1 53 2 41 3 163 1 9 1 97 5 153 2
148 35 18 148 1 105 1 15 1 138 1 21 1 90 1 596 1 381 1 597 1 483 1 140 2 32 1 68 1 144 1 16 1 239 1 242 2 290 1
55 11 10 89 1 85 6 67 1 80 5 146 1 90 1 431 1 712 1 497 1 455 1
//IdTournes NbColis
26 6
//IdColis IdCommandeInColis NbProducts IdProd1 QtyProd1 IdProd2 QtyProd2 ...
126 29 15 741 1 736 1 753 1 754 1 46 1 740 1 21 1 138 1 98 1 146 1 40 1 140 1 341 1 31 1 153 1
69 14 12 110 1 208 1 56 1 115 1 86 1 183 1 15 1 33 1 759 1 138 2 329 1 193 2
106 23 11 50 1 129 5 15 1 138 1 21 1 67 1 146 1 274 1 483 1 107 2 239 1
89 18 31 303 1 128 1 267 1 143 3 49 1 571 1 17 5 123 2 575 3 125 1 8 1 108 1 732 1 103 1 96 1 4 3 5 3 6 2 137 3 145 1 35 2 18 3 25 2 27 2 38 1 189 2 511 1 185 1 126 1 573 1 201 1
109 23 23 272 1 187 1 267 1 143 1 17 5 583 1 586 1 8 1 137 3 145 1 154 1 4 3 58 3 6 2 35 2 611 1 18 3 25 2 27 2 516 1 189 1 518 1 9 1
11 3 10 43 1 46 1 105 1 15 1 504 1 134 1 64 6 146 3 455 1 97 1
//IdTournes NbColis
27 6
//IdColis IdCommandeInColis NbProducts IdProd1 QtyProd1 IdProd2 QtyProd2 ...
17 4 12 50 1 56 1 43 1 105 1 15 1 21 1 138 1 98 1 64 2 85 2 146 2 447 1
95 19 24 509 4 527 2 683 1 776 1 17 5 2 1 130 1 131 1 586 3 792 4 555 2 171 2 23 1 94 2 5 3 6 2 71 3 145 1 154 1 137 3 35 2 18 3 25 2 27 2
16 3 19 143 2 706 1 17 4 100 1 8 1 18 2 25 2 27 2 145 1 154 1 35 2 4 2 58 2 6 2 135 2 53 1 41 4 97 4 153 1
80 16 21 17 2 541 2 539 2 8 1 23 1 4 1 5 3 6 2 71 2 35 2 137 3 25 2 27 2 145 1 154 1 18 3 38 1 189 1 518 1 9 1 153 1
129 29 6 18 1 35 2 25 2 27 2 137 2 189 3
45 9 20 779 1 100 1 171 2 18 4 35 4 39 3 5 4 6 4 71 4 154 1 145 1 25 4 27 4 137 4 611 2 522 1 518 1 592 1 36 1 1 3
//IdTournes NbColis
28 6
//IdColis IdCommandeInColis NbProducts IdProd1 QtyProd1 IdProd2 QtyProd2 ...
30 6 15 103 1 18 2 58 2 6 2 135 2 25 2 27 2 145 1 154 1 35 2 4 2 53 2 41 4 97 5 153 1
84 17 16 17 3 8 1 171 3 4 3 58 3 6 2 35 2 18 3 25 2 27 2 145 1 154 1 137 3 522 1 121 1 97 4
132 30 7 766 1 18 3 25 2 27 2 35 1 145 1 137 3
54 11 10 786 1 56 1 43 1 86 1 74 1 165 1 138 2 21 2 98 2 17 1
90 19 7 129 5 74 1 165 4 138 1 21 1 90 2 565 1
77 15 10 17 5 612 1 2 3 4 3 58 3 6 2 18 3 25 2 27 2 137 3
