//NbTournees
28
//IdTournes NbColis
1 6
//IdColis IdCommandeInColis NbProducts IdProd1 QtyProd1 IdProd2 QtyProd2 ...
3 1 27 590 1 434 1 714 1 651 1 285 1 315 1 441 1 475 1 597 1 613 1 619 1 769 1 287 2 360 1 472 1 499 1 599 1 806 1 624 1 235 2 140 1 366 1 593 3 618 1 733 1 86 1 1 1
10 2 21 651 3 770 2 597 1 711 1 720 1 582 2 487 1 72 2 351 1 578 3 450 2 601 1 703 1 700 1 235 4 51 1 480 1 286 2 151 1 266 1 1 2
17 3 21 630 1 291 1 596 1 470 1 742 1 274 1 279 4 281 1 381 1 411 1 444 1 441 1 475 2 597 1 740 1 582 1 287 1 526 1 235 2 69 1 655 1
23 4 25 623 1 652 1 470 1 519 1 745 1 465 1 771 2 278 1 414 1 614 1 651 1 716 1 444 1 611 1 769 1 720 1 463 1 421 1 472 2 580 1 599 1 592 1 578 1 235 1 71 1
24 4 30 450 1 235 5 43 1 62 1 276 1 286 1 58 2 131 1 132 1 245 1 600 1 250 1 272 1 367 2 21 1 40 1 404 2 359 1 323 2 363 1 436 1 432 2 565 1 453 1 225 3 394 1 536 1 14 1 127 1 29 1
42 7 25 534 1 279 2 411 1 770 3 408 1 613 1 769 1 469 1 515 1 499 2 235 1 182 1 177 1 38 1 115 1 151 1 329 1 366 1 600 1 378 1 514 1 518 1 367 2 673 1 21 1
//IdTournes NbColis
2 6
//IdColis IdCommandeInColis NbProducts IdProd1 QtyProd1 IdProd2 QtyProd2 ...
53 9 24 278 1 339 1 431 1 614 1 684 1 651 2 716 2 494 2 285 1 353 1 441 1 537 1 150 1 582 1 489 1 578 2 450 1 235 2 276 1 286 2 115 1 131 1 366 1 127 2
80 15 22 774 1 249 1 429 1 604 1 685 1 607 2 630 1 681 1 519 2 236 1 500 1 356 1 411 1 431 1 792 1 716 2 537 1 619 1 720 1 150 1 582 1 235 1
81 15 30 582 1 595 1 526 1 700 1 235 2 212 1 682 1 802 1 51 1 69 1 276 2 151 1 366 1 593 1 618 1 800 1 272 1 367 2 559 1 326 1 427 2 323 1 361 1 396 1 528 1 649 1 610 1 536 1 152 1 93 1
113 22 23 608 1 407 1 429 2 750 1 717 1 439 1 508 1 484 1 606 1 278 2 411 1 684 1 716 2 444 2 475 1 622 1 289 1 368 1 450 1 697 1 235 1 182 1 77 1
119 23 27 411 1 434 1 614 1 653 1 716 4 494 1 315 1 537 1 641 1 582 1 824 1 287 1 595 1 368 2 578 2 450 1 235 2 69 1 245 1 366 1 618 1 272 1 621 1 584 1 323 1 127 1 5 1
124 24 28 681 1 519 1 279 2 356 1 411 1 714 1 651 1 770 1 731 1 582 2 469 1 647 1 72 1 235 1 43 1 51 1 276 2 286 1 329 1 366 1 600 1 452 1 618 1 735 1 226 1 379 1 97 1 127 1
//IdTournes NbColis
3 6
//IdColis IdCommandeInColis NbProducts IdProd1 QtyProd1 IdProd2 QtyProd2 ...
129 25 21 196 1 101 2 525 1 344 1 320 1 420 1 507 1 509 1 510 1 512 1 532 1 534 2 576 1 642 1 686 1 616 1 706 1 730 1 823 1 235 1 71 1
137 26 20 740 1 731 2 289 1 445 1 595 1 822 1 72 4 235 1 276 2 329 2 366 1 618 3 735 1 151 1 232 1 250 3 518 1 701 1 621 1 302 1
142 27 29 101 1 338 1 370 1 556 1 705 2 690 1 563 1 747 1 750 1 339 1 330 1 613 1 537 1 289 1 360 1 368 2 235 1 176 1 245 2 366 1 600 1 452 1 618 1 58 1 215 1 621 1 119 1 1 1 127 1
145 28 32 331 1 364 1 174 1 101 1 133 1 290 1 575 1 679 1 556 1 746 1 336 1 747 1 356 1 357 1 614 1 653 1 619 1 578 1 235 1 286 1 245 1 366 1 593 1 600 1 367 1 621 1 283 1 352 1 361 1 186 1 77 1 127 2
149 29 33 622 2 731 1 582 1 150 1 595 1 626 1 368 1 450 1 235 2 276 1 367 1 352 1 355 1 359 1 432 1 322 1 587 1 536 1 617 1 627 1 732 1 390 1 628 1 266 1 379 1 240 2 243 1 244 2 533 1 605 1 457 1 61 1 77 1
151 30 25 165 1 169 1 101 1 202 1 377 1 314 1 446 1 608 1 604 1 607 1 596 1 606 1 623 1 278 1 381 1 356 1 716 1 444 1 619 1 624 1 368 1 235 2 182 1 366 1 618 2
//IdTournes NbColis
4 6
//IdColis IdCommandeInColis NbProducts IdProd1 QtyProd1 IdProd2 QtyProd2 ...
155 31 21 387 1 506 1 389 1 687 1 525 1 375 1 280 1 382 1 314 1 424 1 548 1 554 2 678 1 640 1 556 2 695 1 249 1 291 1 492 1 235 1 119 1
163 32 53 109 1 273 1 238 1 240 1 244 1 277 1 533 2 535 1 449 1 605 1 457 1 458 1 625 1 60 2 255 1 302 1 254 1 93 1 112 1 136 1 296 2 260 2 374 1 307 1 311 1 32 1 262 1 780 3 303 2 295 1 145 1 372 1 267 1 269 1 334 2 268 1 348 1 393 1 10 1 172 1 41 1 70 1 110 1 90 1 185 1 137 1 84 1 35 1 6 2 168 1 184 1 158 2 34 3
8 2 12 107 1 113 1 205 1 141 1 101 4 202 1 167 5 485 1 612 1 237 2 280 1 44 1
16 3 21 164 1 113 1 101 2 485 1 237 1 246 2 477 1 320 1 409 1 495 1 534 1 576 1 665 1 585 1 736 1 425 1 429 1 663 1 563 1 630 1 75 1
41 7 14 204 1 524 2 178 1 728 1 169 1 101 2 167 5 525 1 237 1 375 1 338 1 406 3 409 1 420 1
46 8 13 196 1 165 2 524 1 141 1 101 2 183 1 167 5 612 1 525 1 237 1 280 1 344 1 81 1
//IdTournes NbColis
5 6
//IdColis IdCommandeInColis NbProducts IdProd1 QtyProd1 IdProd2 QtyProd2 ...
61 11 13 337 1 165 1 205 2 524 2 141 2 178 1 331 1 506 1 133 1 202 1 183 1 167 1 236 1
62 11 17 167 4 237 1 280 2 406 2 505 1 395 1 531 1 534 2 707 1 517 1 519 1 279 1 411 1 614 1 651 1 444 1 93 1
67 12 35 202 1 485 1 554 1 695 1 236 1 278 1 315 1 641 1 289 1 762 1 763 1 615 1 566 1 627 1 422 1 239 1 455 1 146 1 65 1 241 2 251 2 535 2 650 3 186 1 129 1 135 1 632 1 259 1 755 2 82 2 105 1 106 1 136 1 20 1 77 1
69 13 25 213 1 101 1 169 1 280 1 320 1 409 1 410 1 534 2 556 1 608 1 778 1 429 1 681 1 768 1 397 1 278 1 339 1 356 1 411 1 558 1 770 1 779 1 218 1 1 1 34 1
88 17 20 196 1 165 1 205 1 169 1 101 1 133 1 167 1 237 1 314 1 409 1 490 1 568 1 818 1 774 1 708 1 750 1 484 1 492 2 596 1 322 1
123 24 20 337 1 207 1 178 1 101 2 167 2 237 1 280 1 459 1 460 1 591 1 531 1 534 1 576 1 702 1 608 1 568 1 818 1 425 1 750 1 250 1
//IdTournes NbColis
6 6
//IdColis IdCommandeInColis NbProducts IdProd1 QtyProd1 IdProd2 QtyProd2 ...
135 26 21 337 1 89 1 183 1 237 1 284 1 320 1 409 1 548 1 585 1 581 1 429 1 663 2 685 1 563 1 630 2 750 1 596 1 726 2 652 1 285 1 127 1
5 1 38 156 1 294 1 455 1 146 1 257 1 379 1 301 1 358 1 109 2 238 3 240 2 241 3 242 1 251 2 319 2 362 3 533 1 535 2 605 3 258 1 261 1 325 2 129 1 386 1 119 1 17 1 73 1 105 2 112 1 130 1 154 1 296 1 55 1 159 1 311 1 306 1 9 1 120 1
25 4 27 627 1 741 1 152 4 530 1 628 1 577 1 560 1 418 2 358 1 65 1 238 3 240 3 242 1 251 6 319 1 362 1 498 1 533 1 555 2 449 2 457 1 650 2 258 1 261 1 325 1 127 1 34 3
32 5 28 443 1 432 1 528 1 436 2 453 1 394 1 536 1 371 2 732 1 627 1 86 3 152 1 321 1 390 1 474 1 248 1 354 1 412 1 577 2 560 1 270 1 257 1 358 1 273 1 238 1 242 5 244 3 258 1
44 7 41 270 2 257 1 358 2 109 1 238 1 328 2 242 1 533 1 555 1 643 2 605 3 458 2 258 1 261 1 384 1 129 1 148 1 516 1 433 1 620 2 386 1 302 1 254 1 170 1 46 1 56 1 74 1 106 2 112 1 117 3 154 1 200 1 192 1 299 2 307 1 9 1 262 1 317 2 780 1 303 4 98 1
55 9 40 345 1 423 1 412 1 313 1 294 1 577 1 648 1 455 1 674 1 718 1 270 2 266 1 301 1 109 1 238 1 240 1 244 1 247 2 282 3 498 1 553 1 555 1 638 2 605 1 458 2 650 1 719 2 258 1 297 1 186 1 66 1 195 1 516 1 433 1 632 1 259 4 302 2 254 1 95 1 34 1
//IdTournes NbColis
7 6
//IdColis IdCommandeInColis NbProducts IdProd1 QtyProd1 IdProd2 QtyProd2 ...
59 10 32 600 1 618 1 367 2 621 2 180 1 355 1 427 1 436 1 668 1 453 2 561 1 536 1 371 1 152 1 422 1 423 1 412 1 294 1 560 1 648 3 739 1 257 1 379 1 358 1 238 1 243 3 251 2 282 1 533 1 638 1 258 1 128 1
71 13 34 250 1 518 1 367 1 559 2 631 1 404 1 392 1 359 1 428 1 453 1 727 1 536 1 412 2 560 2 273 1 238 2 241 1 242 1 251 2 319 1 533 1 555 1 535 1 457 1 458 4 751 1 258 1 261 1 129 1 135 1 73 1 74 1 112 1 19 1
86 16 35 286 1 131 1 132 1 193 1 452 1 733 1 621 1 225 1 355 1 323 1 432 1 435 1 561 1 628 1 345 1 562 1 239 1 577 1 455 1 358 1 273 1 238 3 241 2 242 3 247 1 416 1 362 1 533 1 555 1 535 1 751 2 258 1 433 1 255 1 90 1
92 17 34 266 1 238 1 240 2 328 3 244 3 251 4 288 1 637 1 555 3 535 2 594 2 643 2 605 1 457 1 258 1 261 1 129 1 335 1 433 1 620 1 694 1 254 2 93 1 74 1 82 1 112 1 117 1 125 1 136 1 19 1 813 1 56 2 39 2 127 2
120 23 31 603 1 396 1 322 1 566 1 371 1 617 1 692 2 486 1 294 1 313 1 573 1 577 1 560 1 455 2 270 1 266 1 358 1 238 1 242 2 243 1 251 1 275 1 362 1 533 2 555 2 449 2 457 1 458 3 258 1 325 1 148 1
139 26 27 412 1 562 1 710 1 573 1 577 1 560 2 455 2 143 2 257 2 358 1 238 1 240 1 328 1 242 2 244 2 251 4 479 1 319 1 533 1 555 4 535 1 594 2 605 3 458 2 650 1 75 1 114 1
//IdTournes NbColis
8 6
//IdColis IdCommandeInColis NbProducts IdProd1 QtyProd1 IdProd2 QtyProd2 ...
146 28 45 363 1 371 1 617 1 692 1 365 1 248 2 294 1 313 1 648 1 238 1 247 1 362 2 553 2 638 1 457 1 620 2 259 4 254 1 119 1 106 1 117 1 55 1 253 1 347 1 304 1 316 3 317 1 263 1 303 1 295 1 81 1 267 1 292 1 293 1 342 1 309 2 753 1 54 1 90 1 137 1 83 1 27 1 184 1 97 1 127 1
152 30 34 177 1 250 1 272 1 621 1 527 2 603 1 559 1 631 1 218 1 352 2 392 1 323 1 396 1 432 1 825 1 394 1 610 1 629 1 732 1 86 1 152 1 628 1 562 1 294 1 313 1 156 1 764 1 238 1 241 1 242 3 244 1 319 1 362 1 191 1
166 33 47 272 1 367 2 621 1 332 1 352 1 323 1 615 1 180 1 371 1 617 1 629 1 413 1 345 1 412 1 294 1 560 1 270 1 301 1 238 1 240 2 242 2 362 1 719 1 258 1 297 1 384 1 310 1 119 1 112 1 117 1 39 1 147 1 31 1 260 1 317 1 98 1 256 2 2 1 20 1 90 1 197 1 30 1 168 1 761 1 114 1 756 1 34 1
170 34 56 270 1 379 1 301 1 109 1 238 1 241 2 242 3 244 1 251 1 498 1 555 1 457 1 650 1 258 1 261 1 325 1 516 1 694 1 255 1 259 2 254 1 119 1 192 1 253 2 306 1 311 1 262 2 316 1 256 2 385 1 144 2 348 2 10 1 12 1 20 1 24 1 784 1 52 1 179 1 181 1 94 1 128 1 809 1 785 1 210 1 90 2 137 1 160 1 30 1 801 1 84 1 758 1 45 1 96 1 155 1 4 1
174 35 32 649 1 825 1 394 1 536 1 617 1 692 1 390 1 380 1 486 1 562 1 294 2 313 1 577 2 451 1 455 1 739 1 266 1 238 1 240 2 244 2 247 3 401 2 605 1 457 2 458 1 650 2 258 1 297 1 325 1 186 1 122 1 97 1
58 10 19 165 1 174 1 101 1 167 4 426 1 563 1 327 1 278 1 411 1 434 3 716 4 653 1 582 1 595 1 368 1 697 1 132 1 151 1 186 1
//IdTournes NbColis
9 6
//IdColis IdCommandeInColis NbProducts IdProd1 QtyProd1 IdProd2 QtyProd2 ...
136 26 22 545 1 715 1 327 1 279 2 339 1 340 1 431 1 770 1 444 1 315 1 408 2 543 1 475 2 537 1 641 1 597 1 613 1 720 2 724 1 622 1 740 1 287 1
19 3 32 692 1 732 2 741 2 152 1 491 1 474 1 413 1 380 1 345 1 354 1 486 1 143 1 239 1 577 1 560 2 379 1 273 1 240 1 242 1 251 3 277 1 288 1 533 2 535 3 605 3 258 1 297 1 122 1 135 1 153 2 54 1 127 1
38 6 32 582 1 421 1 647 1 276 1 115 1 367 1 621 1 631 1 404 1 355 2 326 1 363 1 396 2 432 1 453 1 454 1 565 1 394 1 371 1 617 2 413 1 628 1 423 1 412 1 645 1 239 1 451 1 560 1 301 2 240 1 241 1 258 1
101 19 44 566 1 629 1 248 1 354 1 412 1 239 1 313 1 674 1 418 1 241 2 242 3 362 2 535 3 449 1 458 1 261 1 186 1 135 1 433 2 88 1 302 1 75 1 93 1 227 1 46 1 68 1 73 1 74 1 106 1 265 1 383 1 347 1 9 1 37 1 262 2 317 1 263 1 252 3 295 2 256 2 267 2 292 1 293 1 786 1
132 25 33 631 2 392 1 396 1 435 1 436 1 453 1 322 1 467 1 394 1 598 1 646 1 536 1 371 1 617 1 692 1 656 1 675 1 354 1 239 1 294 1 659 1 455 1 674 1 270 1 729 1 266 1 358 1 242 3 244 2 275 1 277 1 535 1 77 1
65 11 31 358 1 65 2 398 1 328 1 242 4 244 4 251 5 275 1 277 1 555 1 535 2 605 1 258 1 297 2 400 1 129 1 60 1 620 4 632 1 757 1 254 1 93 1 56 1 74 2 105 1 112 3 125 1 19 1 39 1 147 1 260 2
//IdTournes NbColis
10 6
//IdColis IdCommandeInColis NbProducts IdProd1 QtyProd1 IdProd2 QtyProd2 ...
105 20 41 432 1 528 1 436 1 565 1 453 1 322 1 394 1 566 1 371 1 692 1 627 1 390 1 380 1 783 1 562 1 294 1 455 1 560 1 739 1 557 2 729 1 257 1 301 1 358 1 240 1 362 1 605 1 129 1 632 1 259 4 310 2 117 1 125 1 200 1 68 1 118 1 39 1 159 1 32 1 262 1 144 1
110 21 37 646 2 371 2 617 1 675 1 562 1 560 1 270 1 266 1 358 2 65 1 109 1 273 2 240 1 241 1 242 1 244 2 319 1 449 2 605 1 458 2 258 1 297 1 157 1 433 1 632 1 254 1 310 3 99 1 106 1 112 1 154 1 67 2 253 2 299 1 306 1 307 1 127 1
126 24 25 577 2 451 2 560 4 455 1 109 1 273 1 240 1 328 2 241 1 242 6 244 3 251 2 275 1 319 1 498 1 533 2 535 3 594 1 643 1 605 1 458 1 650 2 258 1 297 1 335 1
143 27 54 332 1 355 1 359 1 369 1 371 1 536 1 732 1 741 1 248 1 345 1 354 1 294 1 577 1 560 2 301 1 358 1 240 1 275 1 605 1 258 1 346 1 620 1 259 1 56 1 73 1 74 1 136 1 265 1 341 1 67 1 159 1 103 1 260 2 307 1 262 1 316 1 317 2 303 1 760 1 293 1 342 1 309 1 765 1 348 1 350 1 80 1 216 1 50 1 8 2 90 1 137 1 45 1 96 1 127 1
12 2 22 412 1 313 2 294 2 451 3 560 2 455 3 794 1 270 2 266 1 379 1 358 3 65 1 328 1 242 2 244 3 251 5 498 2 637 2 535 3 594 1 643 1 605 2
49 8 29 550 1 413 1 644 1 486 1 419 1 412 2 645 1 156 1 294 2 313 2 577 4 560 2 674 1 266 2 301 1 109 1 328 1 244 2 251 1 401 2 277 1 288 1 498 2 535 1 594 1 643 2 605 2 255 1 127 1
//IdTournes NbColis
11 6
//IdColis IdCommandeInColis NbProducts IdProd1 QtyProd1 IdProd2 QtyProd2 ...
76 14 39 423 1 412 1 294 2 577 2 560 1 455 2 358 2 273 2 241 1 242 1 275 2 555 1 605 2 458 1 258 1 261 1 400 1 694 3 625 1 255 2 259 7 82 1 117 1 813 1 56 1 341 1 76 1 253 1 260 1 383 1 307 1 304 1 317 2 98 1 203 1 252 1 256 3 267 1 293 1
82 15 40 371 1 464 1 486 1 412 1 270 1 257 1 358 1 273 1 241 1 242 1 247 1 275 1 319 2 362 1 533 1 535 1 449 3 605 3 457 2 258 1 261 1 297 1 325 2 135 1 516 2 625 2 66 1 264 1 254 1 119 1 99 1 13 1 46 1 56 2 106 1 31 1 55 1 67 1 253 1 256 1
97 18 44 610 1 536 1 371 1 692 1 152 1 321 1 413 1 380 1 345 1 294 1 313 3 573 1 451 1 560 1 674 1 241 1 244 1 458 2 384 1 325 1 400 1 516 1 433 1 620 2 625 1 259 2 254 1 310 2 119 3 112 1 136 1 106 1 76 1 159 1 55 1 299 2 347 1 307 1 81 1 252 1 256 2 267 1 144 1 127 1
115 22 44 644 1 248 1 675 1 486 1 562 1 143 1 294 2 270 1 358 2 241 1 242 1 244 2 251 3 533 1 555 1 594 1 605 1 458 1 258 1 261 1 325 1 129 1 195 1 259 2 302 1 254 1 117 2 130 1 752 1 73 1 99 1 106 1 154 1 265 1 55 2 307 2 161 1 304 2 262 2 317 1 780 1 142 1 295 1 821 1
178 36 35 371 1 86 1 152 1 451 1 455 1 143 1 242 2 362 1 449 1 457 1 458 2 258 1 384 1 433 1 620 1 135 1 259 3 74 1 99 1 815 1 118 2 100 1 303 1 295 2 256 2 334 1 20 1 172 1 126 1 216 1 785 1 90 1 137 1 810 2 189 1
180 37 41 62 1 276 1 38 1 621 1 428 1 432 1 369 1 371 1 566 1 412 1 773 1 242 4 244 4 251 2 605 1 751 1 258 1 827 1 433 1 694 1 632 1 259 2 310 1 13 1 68 1 82 1 105 1 136 2 198 1 200 1 76 1 124 1 304 1 262 1 316 2 317 1 256 2 269 1 64 1 127 2 5 1
//IdTournes NbColis
12 6
//IdColis IdCommandeInColis NbProducts IdProd1 QtyProd1 IdProd2 QtyProd2 ...
184 38 41 443 1 371 1 390 1 248 1 675 1 562 2 313 1 270 1 358 1 242 3 244 2 275 1 533 3 555 2 594 2 449 1 605 1 457 1 258 1 261 1 259 2 302 1 254 1 46 1 74 1 82 1 39 2 55 1 103 1 256 1 267 1 305 3 309 1 179 1 71 1 90 1 211 1 87 1 168 1 97 1 114 1
31 5 26 655 1 115 1 132 1 329 2 366 3 452 1 618 1 733 1 735 1 250 1 542 1 367 1 621 2 527 1 579 1 21 1 559 2 631 2 361 2 355 1 427 1 359 1 323 1 363 2 443 1 66 1
39 6 52 244 1 247 1 251 2 275 1 319 1 533 1 555 2 535 1 457 1 650 1 261 1 157 1 148 1 60 1 433 1 620 1 259 6 310 2 333 1 46 1 73 1 74 2 105 2 106 1 125 1 130 1 154 1 147 1 67 1 76 1 100 1 253 1 9 1 317 1 303 1 145 2 163 1 292 1 305 3 309 1 61 1 268 1 308 1 393 1 162 1 50 2 83 1 87 3 91 1 35 1 108 1 138 2
70 13 24 444 1 402 1 285 1 408 1 468 1 441 1 475 1 448 1 720 2 582 1 289 1 351 1 368 3 450 1 601 1 115 1 193 2 140 1 329 1 245 1 366 1 618 2 735 1 153 1
90 17 23 43 1 62 1 182 1 276 1 115 1 123 1 215 2 140 1 220 1 329 1 366 1 618 2 378 1 272 1 518 4 527 1 579 1 603 1 669 2 631 2 21 1 787 2 392 1
131 25 26 330 1 285 1 353 1 448 1 641 2 609 1 731 3 740 2 720 1 289 1 522 1 676 1 578 1 601 1 276 1 329 1 366 2 600 1 735 2 38 1 140 1 250 1 367 1 355 1 114 1 1 1
//IdTournes NbColis
13 6
//IdColis IdCommandeInColis NbProducts IdProd1 QtyProd1 IdProd2 QtyProd2 ...
161 32 24 278 1 356 1 698 1 651 3 817 1 770 1 330 1 285 1 315 1 468 1 441 1 537 1 711 1 740 1 582 1 368 2 601 1 276 4 245 1 735 1 58 1 115 1 5 1 34 1
168 34 23 221 1 207 1 166 1 415 1 320 1 554 1 370 1 556 1 568 1 429 1 750 1 545 1 278 2 651 1 716 1 543 1 724 1 622 1 368 1 450 1 182 1 245 1 547 1
169 34 33 245 3 366 1 733 1 797 1 226 1 546 1 527 2 559 1 631 2 283 1 323 2 355 1 427 1 359 1 396 1 528 1 453 1 561 1 454 1 727 1 180 1 225 1 481 1 371 1 345 2 419 1 423 1 294 1 313 1 451 1 560 1 455 1 61 1
187 39 31 537 2 769 2 289 1 564 1 182 1 286 2 245 2 366 1 733 1 115 1 542 1 584 1 283 1 427 1 396 1 435 1 528 1 496 1 561 1 394 1 617 1 390 1 413 1 248 1 412 2 562 1 313 1 577 2 451 1 258 1 127 1
28 5 19 107 1 229 1 205 1 506 1 551 1 101 2 246 1 375 1 338 1 280 1 471 1 420 1 507 1 509 1 539 1 511 1 534 2 661 1 35 1
112 22 19 208 1 113 1 224 1 89 1 234 1 524 1 101 1 202 1 525 1 246 1 271 1 314 1 409 1 440 1 410 1 532 1 552 1 554 1 556 1
//IdTournes NbColis
14 6
//IdColis IdCommandeInColis NbProducts IdProd1 QtyProd1 IdProd2 QtyProd2 ...
54 9 26 132 1 139 1 151 1 593 3 600 1 618 1 250 2 272 3 634 1 367 2 621 1 579 1 631 1 283 1 352 1 355 1 427 1 396 1 496 1 528 1 394 1 633 1 86 1 152 1 248 1 345 2
75 14 29 286 1 115 1 366 1 618 1 733 1 250 1 367 1 677 2 621 1 527 2 631 2 323 1 396 2 443 1 436 1 668 1 454 2 565 1 727 1 369 1 566 1 371 1 617 1 501 1 413 1 530 1 547 1 248 1 294 1
125 24 26 140 1 151 1 518 1 367 2 621 2 404 3 323 1 443 1 396 2 528 1 496 2 436 1 615 1 453 3 561 1 454 1 467 3 371 1 627 1 152 1 248 1 675 1 345 1 294 1 313 1 61 1
157 31 32 565 1 825 1 394 1 521 1 369 1 536 1 371 1 627 1 321 1 413 1 680 1 486 1 294 2 560 2 455 2 418 1 729 1 358 1 109 2 247 1 251 1 288 1 498 1 533 1 553 1 325 2 620 3 694 2 625 1 255 1 259 2 34 1
162 32 30 132 1 140 1 518 2 621 1 527 1 579 2 603 1 559 2 283 2 355 1 323 1 396 1 322 2 521 1 536 1 627 1 373 1 248 1 675 1 345 2 419 1 423 1 451 1 560 1 455 1 674 1 729 1 109 1 122 1 786 1
188 39 48 270 1 247 2 251 1 555 1 261 1 297 2 620 1 625 1 632 1 255 2 386 1 254 2 17 2 56 1 73 1 99 1 112 1 117 2 125 1 130 1 198 1 805 1 147 1 55 1 67 2 253 1 304 2 9 1 262 4 316 1 317 3 142 1 163 1 256 3 267 2 292 2 305 3 348 1 405 1 799 1 54 1 8 1 90 1 137 1 27 1 6 1 155 1 127 2
//IdTournes NbColis
15 6
//IdColis IdCommandeInColis NbProducts IdProd1 QtyProd1 IdProd2 QtyProd2 ...
4 1 25 250 4 514 1 518 2 546 1 367 1 621 2 21 2 631 2 615 1 565 2 453 1 692 1 627 2 741 1 86 1 152 1 413 1 675 1 345 1 354 1 486 1 423 2 412 1 156 1 119 1
11 2 25 600 3 618 1 215 1 132 1 139 1 140 1 250 2 518 2 621 1 527 3 40 1 669 2 283 1 323 1 432 1 528 1 454 1 521 2 536 1 732 1 627 1 675 1 423 1 379 1 127 1
114 22 23 123 1 193 1 139 1 593 2 452 1 618 2 733 1 735 2 250 3 318 1 518 1 367 1 579 1 355 1 359 1 432 2 467 2 610 1 536 1 371 2 321 1 301 1 54 1
156 31 24 738 1 652 1 278 1 541 1 614 1 651 1 776 1 444 1 468 1 448 1 693 3 544 1 578 1 600 1 177 1 193 1 250 2 367 2 527 2 326 1 355 1 363 1 615 1 90 1
177 36 30 816 1 101 1 183 1 446 1 456 1 807 1 695 1 336 1 407 1 429 1 411 1 716 1 450 1 286 1 452 1 115 1 132 1 140 1 250 1 272 1 367 1 621 1 427 2 359 1 323 1 363 1 453 1 454 1 186 1 127 1
183 38 29 468 1 543 2 641 1 619 1 622 1 731 1 720 1 662 1 351 1 368 1 578 1 601 2 43 1 62 1 276 1 366 1 618 2 250 3 367 1 527 1 579 1 787 1 283 1 355 1 323 1 363 1 396 1 358 1 34 1
//IdTournes NbColis
16 6
//IdColis IdCommandeInColis NbProducts IdProd1 QtyProd1 IdProd2 QtyProd2 ...
191 40 30 622 1 582 1 360 1 276 2 366 1 733 1 735 2 215 1 139 1 220 1 250 2 546 1 559 1 283 1 404 1 392 1 359 1 428 2 443 2 649 1 657 1 371 2 732 1 474 1 86 1 152 1 473 1 345 1 127 1 5 1
22 4 19 790 1 89 1 222 1 791 1 141 1 331 1 202 1 612 1 338 1 280 1 320 1 420 1 554 3 568 1 746 1 407 1 775 1 376 1 6 1
30 5 23 414 1 725 2 792 1 770 5 330 1 285 1 654 1 537 2 619 1 724 1 622 1 462 1 472 1 538 1 520 1 806 1 544 1 72 2 578 1 700 1 51 1 66 1 127 1
91 17 33 404 2 355 1 323 2 363 1 396 2 432 1 435 1 615 1 454 2 371 1 646 1 617 1 629 1 86 1 373 1 488 1 474 1 413 1 783 1 675 2 345 1 423 1 412 2 562 1 743 1 156 1 219 1 577 2 455 1 739 1 270 1 146 1 127 1
99 19 25 788 1 101 1 389 1 525 1 280 1 320 1 426 1 574 1 554 2 581 1 723 1 774 1 736 1 717 1 768 1 444 1 330 1 285 1 543 1 537 1 613 1 619 1 582 1 54 1 77 1
108 21 16 229 1 196 1 231 1 178 1 331 1 364 1 169 1 101 3 183 1 525 1 534 3 581 1 556 1 746 1 730 1 304 1
//IdTournes NbColis
17 6
//IdColis IdCommandeInColis NbProducts IdProd1 QtyProd1 IdProd2 QtyProd2 ...
172 35 21 524 1 331 1 728 1 174 5 133 1 525 1 483 1 510 1 548 1 575 1 567 1 556 1 723 1 734 1 717 1 738 1 586 1 356 1 411 1 725 1 253 1
186 39 22 231 1 205 1 169 1 183 1 271 1 284 1 320 1 554 1 556 1 585 1 336 1 429 2 563 1 750 1 572 1 356 1 411 2 541 1 795 1 698 1 444 1 330 1
33 5 31 251 6 319 3 498 1 555 3 594 1 457 1 458 4 650 5 261 1 230 1 53 1 255 2 386 2 88 1 302 1 310 1 119 1 56 1 74 1 82 2 99 2 106 1 112 1 154 1 125 1 136 1 118 1 39 2 296 2 95 1 5 1
165 33 27 141 1 169 1 280 1 320 1 370 1 744 1 616 1 746 1 745 1 399 1 339 1 411 1 414 1 684 1 748 1 749 1 582 1 351 1 368 2 697 1 62 1 452 1 177 1 272 1 764 1 1 1 34 1
6 1 40 161 1 262 2 316 2 317 2 303 2 142 1 252 2 256 2 267 1 305 1 309 1 64 1 33 1 348 1 7 1 22 1 26 1 41 1 70 1 80 2 110 1 126 1 128 2 134 1 48 1 50 1 8 2 90 1 137 1 160 1 28 1 30 1 84 1 83 1 35 1 27 1 155 1 1 1 127 4 34 1
13 2 50 605 1 458 2 258 1 384 1 157 1 478 1 516 3 433 4 620 1 625 1 632 1 195 1 88 2 302 1 803 1 254 2 333 1 13 1 46 1 56 1 68 1 73 1 74 1 112 2 125 1 136 1 118 1 296 3 147 1 47 1 100 1 192 1 260 1 311 1 383 1 307 1 32 1 37 1 262 1 317 2 780 1 81 1 145 1 252 1 256 2 267 1 309 5 292 1 342 1 97 1
//IdTournes NbColis
18 6
//IdColis IdCommandeInColis NbProducts IdProd1 QtyProd1 IdProd2 QtyProd2 ...
20 3 47 620 2 625 1 255 1 386 1 259 3 302 1 254 1 75 1 119 1 19 1 46 1 74 1 136 1 341 1 296 2 67 1 253 1 307 1 262 3 316 3 317 1 303 3 81 2 256 2 305 1 308 4 348 1 393 1 7 1 2 1 22 1 26 1 36 1 71 1 128 1 162 1 90 1 137 1 160 1 111 1 23 1 27 1 4 1 138 2 77 4 127 1 34 1
34 5 49 296 1 147 1 47 1 121 1 192 1 159 1 31 1 812 1 253 1 260 2 307 2 311 1 32 1 262 3 316 1 317 1 780 3 303 3 295 1 256 2 269 1 292 1 342 2 305 4 309 1 190 1 144 2 268 1 348 1 308 2 350 1 405 2 7 1 10 1 11 1 20 1 24 2 26 1 41 1 52 1 94 2 126 2 134 1 781 2 784 2 48 1 50 1 8 2 114 1
45 7 20 252 1 256 2 269 1 293 1 385 1 309 2 61 1 190 1 334 3 348 1 393 3 172 1 179 1 102 1 84 1 108 2 171 1 44 1 96 2 184 1
50 8 41 605 1 457 3 650 2 403 1 516 1 433 3 254 2 13 1 73 1 253 1 383 1 306 1 203 1 267 1 293 1 342 1 305 2 309 1 298 1 144 2 334 2 206 1 26 1 179 1 71 1 128 1 102 1 137 1 197 1 28 1 78 2 104 2 91 2 35 1 108 1 168 1 173 1 95 1 114 1 158 1 127 2
56 9 37 93 1 17 1 46 1 56 1 73 1 105 2 125 2 130 1 118 1 39 1 67 1 188 1 159 2 253 3 260 1 299 1 307 2 262 2 316 1 317 1 295 1 305 4 42 1 298 1 348 1 308 1 206 1 22 1 172 1 26 1 181 1 80 1 90 1 137 1 197 1 171 1 114 1
60 10 27 449 1 458 2 650 1 346 1 433 3 620 2 259 2 74 2 112 1 117 1 199 1 200 1 752 1 296 2 67 1 253 1 316 1 317 1 303 1 252 1 256 1 305 1 309 1 78 1 35 1 175 1 184 1
//IdTournes NbColis
19 6
//IdColis IdCommandeInColis NbProducts IdProd1 QtyProd1 IdProd2 QtyProd2 ...
68 12 20 198 1 192 1 253 1 9 1 262 1 317 1 252 1 256 2 292 1 348 1 172 1 90 1 185 1 137 1 759 1 87 1 45 1 27 1 189 1 127 1
87 16 23 259 4 302 1 757 1 82 1 46 1 106 1 253 1 299 1 262 1 317 2 295 1 256 1 267 2 342 1 61 2 217 1 348 1 50 1 137 1 759 1 758 1 96 1 184 1
93 17 48 39 1 76 1 100 1 253 2 260 2 299 1 307 2 304 3 37 1 317 3 780 3 303 1 98 2 163 2 203 2 256 2 267 1 269 1 293 2 385 1 305 2 116 1 334 1 348 3 308 1 349 1 110 1 10 1 11 1 20 1 22 1 172 1 179 1 70 1 50 1 92 1 137 1 8 1 809 1 785 1 84 1 801 1 108 2 6 1 175 1 184 1 97 2 214 1
106 20 30 317 2 303 2 252 1 295 2 256 2 267 1 292 2 342 3 305 2 334 1 268 2 348 3 228 1 110 1 126 1 216 2 128 1 10 1 179 1 181 1 789 1 50 2 137 1 90 1 211 1 149 1 78 1 45 1 782 1 155 1
111 21 26 317 1 780 2 303 1 145 1 252 1 256 2 267 1 309 1 298 1 42 1 116 1 190 1 61 1 348 1 71 1 94 1 137 1 90 2 59 1 233 1 87 1 45 1 191 1 138 1 114 1 158 1
121 23 37 433 1 620 2 195 1 259 3 310 2 75 3 93 1 119 2 815 1 112 2 296 1 147 1 47 1 55 1 100 1 192 2 253 1 306 1 304 1 9 1 37 1 262 2 316 3 317 2 760 1 256 2 292 2 305 1 268 1 308 2 71 1 80 1 50 1 90 1 137 1 45 1 15 1
//IdTournes NbColis
20 6
//IdColis IdCommandeInColis NbProducts IdProd1 QtyProd1 IdProd2 QtyProd2 ...
127 24 48 516 2 620 2 632 1 259 4 302 2 254 1 310 1 112 1 117 1 118 2 296 5 31 1 260 3 304 1 262 1 317 1 303 1 252 1 98 1 203 1 256 2 269 1 293 4 461 1 342 2 305 2 309 3 298 1 61 1 116 2 190 1 144 1 334 1 308 1 350 2 393 2 784 1 70 2 216 1 128 1 210 1 160 1 104 2 91 1 758 1 35 1 108 2 184 2
133 25 44 535 1 449 1 605 1 458 1 650 3 666 2 721 1 737 1 694 1 302 2 19 1 82 2 112 1 117 1 103 3 347 1 307 2 780 1 263 1 303 1 252 1 145 1 267 3 334 1 765 1 2 2 24 1 41 1 820 1 50 1 8 1 90 1 137 3 211 1 28 1 30 1 801 1 149 2 87 1 45 1 27 1 171 1 77 1 34 1
140 26 57 650 2 258 1 297 1 230 1 129 1 433 1 620 1 694 2 625 1 632 1 254 1 75 1 93 1 119 1 13 1 46 1 82 1 99 1 105 2 106 1 125 1 154 2 296 1 67 1 103 1 253 2 260 1 307 1 311 1 312 1 304 1 9 2 32 1 37 2 262 2 256 2 267 1 269 1 292 2 461 1 64 1 405 1 393 1 228 1 820 1 50 1 90 2 137 1 78 1 814 1 87 2 45 1 155 1 4 1 189 2 138 1 158 1
150 29 37 258 1 297 1 384 1 230 1 259 4 310 1 46 1 112 1 200 1 341 1 192 1 253 1 383 1 311 1 262 2 316 1 317 2 263 1 145 1 256 2 293 1 305 1 298 1 61 1 334 2 268 1 348 1 808 1 24 1 90 2 137 1 87 1 45 2 15 1 138 1 97 1 158 1
153 30 48 362 1 605 1 458 1 258 1 297 1 384 1 620 1 632 1 302 1 119 2 68 1 106 2 118 1 192 1 253 1 260 1 317 1 303 2 252 1 295 1 269 1 292 1 293 1 309 1 334 1 201 1 348 1 349 1 393 1 228 1 24 1 71 1 80 2 94 1 110 1 126 2 128 1 8 1 90 1 92 1 185 1 137 1 160 1 811 1 801 1 45 1 158 1 1 1
192 40 47 656 1 464 1 664 1 671 1 294 1 659 1 667 1 674 1 533 2 594 1 650 1 666 3 819 1 737 1 258 1 297 2 620 1 755 1 119 1 82 1 106 1 117 2 159 1 253 1 262 2 317 1 16 1 256 1 267 1 348 1 217 1 393 3 24 1 820 1 179 2 54 1 110 1 216 1 8 1 90 2 137 1 801 1 84 1 23 1 27 1 6 2 120 1
//IdTournes NbColis
21 6
//IdColis IdCommandeInColis NbProducts IdProd1 QtyProd1 IdProd2 QtyProd2 ...
26 4 57 153 2 255 2 386 1 259 4 302 2 254 2 119 1 13 1 17 1 46 2 56 1 106 1 112 1 117 2 136 1 154 1 296 2 31 1 67 1 76 1 121 1 124 1 159 1 103 1 260 3 311 1 262 2 316 4 317 2 16 1 81 1 98 1 145 1 295 1 203 1 256 3 292 1 305 3 309 1 61 2 116 1 350 1 20 1 41 1 110 1 48 1 90 1 137 1 78 2 87 2 18 1 23 1 3 1 35 1 57 1 4 1 34 1
47 8 21 406 1 503 1 409 1 426 1 495 1 534 2 608 1 407 1 604 1 607 1 796 1 513 1 793 1 376 1 300 1 356 2 411 1 614 1 651 3 51 1 256 1
66 11 27 307 1 299 1 262 1 317 2 780 2 303 1 98 1 256 1 305 5 309 1 635 1 116 1 144 2 64 1 201 1 102 1 50 2 78 1 83 1 87 1 91 1 187 1 23 1 108 2 27 1 191 2 138 1
72 13 23 125 1 46 1 39 1 296 3 103 2 317 1 780 1 295 2 256 1 292 1 293 1 308 1 405 1 393 1 216 1 781 1 71 1 90 1 137 1 111 2 45 2 184 1 97 1
83 15 30 299 1 307 1 311 1 312 2 262 3 317 2 209 1 263 1 303 1 256 2 267 1 269 2 293 1 309 1 298 2 190 1 268 2 308 1 33 1 393 1 24 1 48 1 90 1 137 1 801 1 78 1 35 1 27 1 44 1 138 1
158 31 34 259 3 118 1 299 1 306 1 388 1 304 1 262 2 256 1 267 1 269 1 61 1 144 1 348 1 308 3 350 1 33 1 393 2 10 1 20 1 26 1 71 1 126 1 216 1 50 1 137 1 197 1 149 1 87 2 758 1 155 1 175 2 4 1 120 1 14 1
//IdTournes NbColis
22 6
//IdColis IdCommandeInColis NbProducts IdProd1 QtyProd1 IdProd2 QtyProd2 ...
175 35 44 129 1 255 1 259 1 302 2 310 1 119 1 17 1 826 1 56 1 74 1 105 1 106 1 117 1 154 1 200 1 296 1 159 1 103 2 260 3 311 2 304 1 262 2 316 1 317 2 295 1 163 1 256 1 305 2 309 1 571 1 116 1 268 1 308 1 8 1 90 1 137 1 754 1 759 1 87 1 758 1 6 1 171 1 96 1 4 2
96 18 30 597 1 609 1 613 1 724 1 720 1 360 1 580 1 351 1 578 1 601 1 700 1 115 1 140 1 366 2 593 1 452 1 618 1 797 1 378 1 272 1 559 1 668 1 453 2 561 1 322 1 394 1 521 1 598 1 259 1 127 1
182 38 22 89 1 466 1 554 1 640 1 556 1 730 1 429 1 523 1 663 1 658 1 681 1 381 1 590 1 414 1 766 1 651 2 716 1 776 1 779 1 315 1 259 1 34 1
160 32 25 207 1 89 1 101 1 375 1 280 1 320 1 534 1 702 1 556 1 665 1 670 1 407 1 663 1 604 1 707 1 508 1 639 1 497 1 529 1 519 1 712 1 278 1 763 1 379 1 5 1
14 2 27 342 1 305 6 571 1 42 1 61 1 144 1 334 1 349 1 308 1 10 1 24 1 71 1 102 1 50 1 92 1 63 1 149 1 104 1 83 1 87 2 45 1 108 2 96 1 155 1 97 2 158 1 804 1
77 14 24 269 1 293 1 305 4 309 3 334 1 348 1 80 1 12 1 22 1 24 1 26 1 784 1 70 1 102 1 50 1 210 1 811 1 801 1 78 1 104 2 814 1 108 2 6 1 114 1
//IdTournes NbColis
23 6
//IdColis IdCommandeInColis NbProducts IdProd1 QtyProd1 IdProd2 QtyProd2 ...
98 18 20 267 1 269 1 293 2 305 3 309 1 298 1 268 1 308 2 216 1 789 1 90 3 137 1 197 1 84 1 30 1 78 1 83 1 782 1 175 1 114 1
29 5 20 556 1 705 1 568 1 730 1 734 1 336 1 429 1 563 1 630 1 549 1 639 2 606 1 712 1 274 1 279 3 356 1 493 1 431 1 698 1 153 1
37 6 16 165 1 166 1 141 1 101 2 167 5 525 2 370 1 642 1 336 1 425 1 652 1 651 1 653 1 430 1 622 1 150 1
116 22 30 81 1 269 1 292 1 305 1 309 1 116 1 190 1 162 1 12 1 20 1 71 1 137 1 809 1 90 1 92 2 59 1 149 1 28 1 811 1 30 1 759 1 801 1 84 2 758 2 782 1 4 1 95 1 114 1 127 1 34 2
104 20 27 769 1 720 2 482 1 564 1 522 1 194 1 767 1 62 1 480 1 226 1 131 1 140 1 232 1 366 2 618 2 38 1 272 2 527 1 559 1 631 1 283 3 352 1 392 1 363 1 396 1 432 1 34 1
73 14 16 337 1 222 1 101 1 167 5 338 2 437 1 344 1 503 1 440 1 534 2 678 1 556 1 696 1 730 1 502 1 129 1
//IdTournes NbColis
24 6
//IdColis IdCommandeInColis NbProducts IdProd1 QtyProd1 IdProd2 QtyProd2 ...
190 40 23 196 1 101 1 338 1 320 1 420 1 534 1 661 1 556 1 670 1 672 1 818 1 736 1 663 1 630 1 438 1 431 1 414 1 776 1 402 1 468 1 475 1 622 1 289 1
2 1 23 705 1 706 1 709 1 730 1 429 1 663 1 604 1 685 1 291 1 570 1 596 1 704 1 623 2 715 1 772 1 589 1 771 1 274 1 278 1 381 1 541 1 12 1 1 1
89 17 26 722 1 742 1 274 1 279 2 356 1 614 1 651 3 749 1 444 1 448 1 613 1 619 1 582 1 289 1 482 1 469 1 520 1 595 1 599 1 806 1 578 1 601 1 700 1 194 2 75 1 97 1
18 3 27 276 1 480 1 38 1 49 1 58 1 123 1 131 1 132 1 139 1 140 1 600 1 452 1 618 2 733 1 367 2 621 3 432 1 435 1 668 1 453 1 649 1 727 1 598 2 371 1 617 1 86 1 158 1
48 8 27 770 1 444 2 582 1 421 1 351 2 450 1 601 1 276 1 193 1 140 1 366 1 618 1 518 3 367 2 621 1 584 1 21 1 631 1 283 1 361 1 359 1 323 1 432 1 528 1 454 1 371 1 142 1
100 19 28 582 1 526 1 368 1 194 1 62 1 182 2 69 1 276 1 286 1 115 1 132 1 193 1 140 1 518 2 367 1 621 2 527 2 579 1 631 3 763 1 428 1 323 1 326 1 436 1 322 1 380 1 301 1 77 1
//IdTournes NbColis
25 6
//IdColis IdCommandeInColis NbProducts IdProd1 QtyProd1 IdProd2 QtyProd2 ...
109 21 25 818 1 291 1 639 1 623 1 742 1 590 1 651 2 770 3 448 1 421 1 445 1 595 1 276 1 220 1 367 2 787 1 283 2 355 1 443 2 432 1 649 1 369 1 521 1 379 1 127 1
74 14 21 630 1 513 1 278 2 698 1 714 1 651 4 716 2 795 1 776 1 444 2 740 1 469 1 360 1 520 2 499 1 806 1 368 1 700 1 194 1 51 1 211 1
103 20 24 113 1 524 1 364 1 169 1 101 1 202 1 183 1 540 1 687 1 415 1 442 1 556 1 567 1 736 1 429 1 563 1 439 1 745 1 683 1 772 1 278 1 558 1 475 1 418 1
118 23 22 229 1 113 1 524 1 169 1 101 1 320 1 569 1 426 1 576 1 556 1 688 1 690 1 523 1 747 1 570 1 691 1 699 1 300 1 324 1 278 2 434 1 127 1
130 25 20 818 1 734 1 343 2 523 1 563 1 630 1 796 1 439 1 606 1 726 1 470 1 683 1 279 2 340 1 414 1 725 1 651 2 749 1 182 1 24 1
1 1 18 165 1 79 1 85 1 101 2 133 1 202 1 280 3 437 1 382 1 320 1 440 1 483 1 588 1 554 2 567 1 640 1 556 1 432 1
//IdTournes NbColis
26 6
//IdColis IdCommandeInColis NbProducts IdProd1 QtyProd1 IdProd2 QtyProd2 ...
52 9 19 364 1 169 1 101 2 202 1 280 1 284 1 320 3 409 3 588 1 575 2 679 1 556 2 604 1 708 1 713 1 717 1 636 1 715 1 189 1
85 16 24 221 1 208 1 202 1 280 1 320 1 420 1 424 1 554 1 661 1 556 1 663 1 411 1 431 1 714 1 651 1 716 3 285 1 475 1 641 1 619 1 194 1 43 1 62 1 754 1
95 18 24 101 1 525 1 377 1 320 2 370 1 556 1 602 1 616 1 798 1 429 1 607 1 717 1 300 1 623 1 652 1 438 1 742 1 411 1 684 1 651 2 653 1 494 2 62 1 93 1
63 11 30 444 1 475 1 641 1 597 1 724 1 287 1 578 1 450 1 601 1 700 1 176 1 194 1 69 1 480 1 286 1 38 1 366 2 600 1 452 2 618 2 735 1 518 1 367 1 527 2 669 2 355 1 428 1 323 1 97 1 1 1
79 15 19 164 1 207 1 224 1 223 1 204 1 141 1 364 1 101 1 504 1 290 1 420 1 466 1 511 1 554 1 679 1 689 1 585 1 616 1 568 1
179 37 23 205 1 141 1 728 1 101 2 202 2 437 1 320 1 440 1 640 1 616 1 407 1 429 1 663 1 777 1 715 1 447 1 716 1 444 1 441 1 583 1 731 1 360 1 718 1
//IdTournes NbColis
27 6
//IdColis IdCommandeInColis NbProducts IdProd1 QtyProd1 IdProd2 QtyProd2 ...
138 26 26 621 2 527 1 631 1 404 1 427 2 359 2 428 2 396 1 436 1 453 2 476 1 481 1 521 1 369 1 598 1 646 1 617 1 741 2 321 1 413 2 644 1 680 1 675 1 345 3 354 1 301 1
43 7 27 621 1 579 1 669 1 326 1 432 1 668 1 454 1 481 1 646 1 536 1 617 1 692 1 413 2 660 1 380 1 675 2 486 1 423 2 412 3 143 1 156 1 294 4 313 2 577 1 560 1 674 1 325 1
64 11 29 396 3 496 1 436 2 615 1 454 1 649 1 481 1 617 1 732 1 741 1 152 1 413 1 644 1 675 2 412 2 143 1 313 2 294 2 577 5 455 1 451 1 560 2 674 1 739 1 718 1 557 1 358 1 153 1 1 1
173 35 31 651 1 653 2 716 1 494 2 475 1 583 1 537 2 613 1 622 1 580 1 351 1 601 1 700 1 176 2 43 2 51 1 132 1 417 1 579 1 603 1 352 1 355 1 392 1 396 1 432 1 528 1 565 1 668 1 345 1 127 1 34 1
102 19 22 348 1 308 2 405 1 228 1 80 2 26 1 50 1 210 1 90 1 137 1 160 1 785 1 59 1 78 1 83 1 87 1 45 1 168 1 138 1 214 1 77 1 34 1
181 37 14 201 1 308 1 405 1 7 1 784 1 50 1 90 2 137 1 155 1 191 1 175 1 138 1 114 1 5 1
//IdTournes NbColis
28 3
//IdColis IdCommandeInColis NbProducts IdProd1 QtyProd1 IdProd2 QtyProd2 ...
148 29 21 165 2 178 1 387 1 169 1 202 1 612 1 525 1 320 1 391 1 395 1 370 2 556 2 630 1 606 1 356 1 716 1 494 1 315 1 537 1 625 1 5 1
9 2 17 406 3 409 2 495 1 534 2 640 1 585 1 661 1 608 1 429 1 750 1 717 2 596 2 681 1 497 1 411 1 493 1 93 1
35 5 13 808 1 90 2 92 1 137 1 197 2 59 2 149 1 30 2 78 2 35 2 96 1 15 1 25 1
