//NbTournees
10
//IdTournes NbColis
1 6
//IdColis IdCommandeInColis NbProducts IdProd1 QtyProd1 IdProd2 QtyProd2 ...
19 3 17 253 1 296 3 121 3 155 1 162 1 224 1 227 1 232 1 243 1 271 1 263 1 336 1 119 1 165 1 206 2 87 2 1 1
26 4 17 193 1 259 1 261 1 262 1 263 1 427 1 119 3 211 1 206 4 294 1 87 3 217 1 225 1 235 1 63 1 101 1 74 1
54 7 14 345 1 336 2 119 3 152 1 157 1 165 1 167 1 294 3 425 1 125 1 133 2 138 3 87 1 59 1
6 1 19 239 1 374 1 348 1 392 1 397 1 368 1 120 1 291 2 337 2 338 1 132 1 136 1 146 1 222 1 160 2 394 1 249 1 274 1 466 1
22 3 16 242 1 354 1 397 1 368 1 120 2 358 2 337 3 146 1 160 1 359 1 380 1 164 2 274 1 285 1 36 1 94 1
45 6 14 335 4 344 1 383 1 354 1 392 1 395 1 366 2 367 1 368 2 403 1 120 1 122 1 201 2 59 1
//IdTournes NbColis
2 6
//IdColis IdCommandeInColis NbProducts IdProd1 QtyProd1 IdProd2 QtyProd2 ...
27 4 17 170 1 260 2 356 1 370 1 63 1 240 1 432 1 123 2 396 2 203 2 213 1 214 1 218 1 239 1 241 1 242 1 441 1
34 5 22 235 1 375 1 391 1 356 1 424 1 123 1 131 1 220 1 409 1 218 1 228 1 233 1 341 1 245 1 246 1 384 1 366 1 187 1 191 1 202 1 229 1 100 1
43 6 17 278 1 307 1 294 1 313 1 87 1 125 2 181 1 260 1 273 1 216 1 225 1 235 2 386 2 391 1 370 2 123 1 94 1
57 7 15 356 1 386 1 391 2 429 1 370 4 123 2 131 1 166 1 270 1 275 1 219 1 353 1 420 1 430 1 266 1
20 3 18 294 1 87 1 138 1 169 1 125 1 216 1 225 1 235 1 236 1 237 1 260 1 280 1 295 1 298 1 299 1 356 2 386 1 31 2
64 7 46 103 4 449 1 64 2 197 2 61 2 69 1 35 1 76 1 460 1 116 1 421 1 107 1 129 1 78 1 458 1 70 3 445 2 9 2 58 2 149 2 130 1 94 4 135 1 145 1 153 1 452 1 128 1 446 1 440 2 124 1 141 1 438 1 459 1 455 2 34 2 40 2 8 1 453 1 60 1 17 2 18 2 24 2 38 2 77 2 410 1 88 1
//IdTournes NbColis
3 6
//IdColis IdCommandeInColis NbProducts IdProd1 QtyProd1 IdProd2 QtyProd2 ...
5 1 18 391 1 356 1 223 1 158 1 126 1 127 1 163 1 192 1 214 1 226 1 234 1 246 1 266 1 276 4 279 1 335 3 72 1 31 1
44 6 20 219 1 220 1 223 1 396 1 400 1 71 1 126 1 163 1 189 1 203 1 258 2 266 1 279 1 214 1 218 1 226 1 320 2 245 1 335 1 94 1
58 7 16 126 2 127 1 140 1 151 1 163 1 258 2 266 3 268 1 203 2 213 1 276 1 284 1 226 2 218 1 308 1 59 1
21 3 18 356 1 370 3 343 1 390 1 131 1 219 1 220 1 396 1 158 1 127 1 203 1 226 1 245 1 258 1 276 1 335 1 344 1 244 1
16 2 42 73 1 106 1 108 1 9 1 51 1 182 1 184 1 176 1 371 1 50 1 130 1 177 1 94 4 45 1 47 1 49 1 145 1 183 1 68 1 150 3 404 1 41 1 53 1 37 1 173 1 128 1 175 1 48 1 52 1 30 1 440 1 179 1 34 1 40 1 17 1 18 1 24 1 38 1 43 1 77 1 91 1 98 1
37 5 55 51 1 182 1 184 2 176 1 110 1 50 1 130 1 177 2 94 5 45 3 47 2 49 3 183 2 145 3 68 2 413 1 41 2 53 2 37 1 173 3 128 1 175 3 472 1 48 1 52 3 254 2 30 2 469 1 438 1 179 2 444 1 34 2 40 2 8 1 27 1 28 1 93 1 408 1 17 2 18 2 24 2 77 2 19 1 410 2 467 1 26 1 462 1 89 2 2 1 4 1 82 1 84 1 415 1 88 1 10 1
//IdTournes NbColis
4 6
//IdColis IdCommandeInColis NbProducts IdProd1 QtyProd1 IdProd2 QtyProd2 ...
49 6 43 385 1 365 1 103 1 69 2 35 1 76 1 116 1 70 1 9 1 149 2 130 1 94 2 145 1 11 1 150 1 67 1 128 1 254 4 469 1 159 1 6 2 12 2 17 2 18 2 24 2 38 2 43 2 77 2 4 1 75 1 82 1 84 1 96 1 44 1 33 1 416 1 79 1 83 1 90 1 174 2 433 1 97 2 5 1
8 1 43 100 3 435 1 104 1 195 2 215 1 381 1 399 1 365 1 64 2 103 2 69 1 35 1 443 2 129 1 72 2 149 1 130 1 94 3 145 2 109 1 39 1 128 1 468 1 472 1 254 2 99 1 6 1 12 2 34 1 86 2 17 2 18 2 24 2 38 2 43 2 77 2 21 1 89 1 4 2 84 1 46 1 22 1 433 1
14 2 23 338 2 132 1 136 1 146 1 187 1 355 1 62 1 274 1 286 1 293 2 376 1 402 1 117 1 323 1 23 1 36 1 85 1 148 2 272 1 288 2 322 1 442 1 37 1
28 4 19 266 2 320 1 382 1 395 1 397 1 366 1 338 2 132 3 136 2 146 2 187 1 191 1 199 1 160 2 394 1 101 1 249 1 323 1 74 1
46 6 17 338 3 132 1 136 2 146 1 274 4 285 1 286 1 293 1 319 1 351 1 389 1 357 2 323 1 301 1 340 1 257 1 44 1
35 5 23 247 1 146 3 160 1 62 1 309 1 379 1 398 1 323 2 248 1 301 2 340 1 207 1 23 1 36 1 95 2 178 1 212 1 257 1 324 1 334 1 422 2 360 2 72 1
//IdTournes NbColis
5 6
//IdColis IdCommandeInColis NbProducts IdProd1 QtyProd1 IdProd2 QtyProd2 ...
29 4 20 249 2 378 1 347 1 23 2 36 2 95 3 134 1 137 1 148 2 324 1 334 1 393 1 100 7 80 8 113 2 209 1 64 1 103 1 94 1 31 1
47 6 8 134 6 257 3 324 6 363 1 364 3 422 1 360 5 80 2
62 7 16 347 1 349 1 340 1 143 1 269 1 134 6 212 1 324 4 360 3 363 1 364 3 422 1 104 1 113 1 118 1 80 2
18 3 10 417 1 42 1 411 1 112 1 418 1 139 1 168 2 297 1 448 4 136 1
59 7 15 239 1 242 1 245 2 344 1 241 1 348 1 335 1 354 2 366 2 367 2 368 3 71 1 156 1 136 1 73 1
60 7 11 201 4 291 1 358 1 338 3 136 1 146 4 160 3 267 1 306 1 355 1 394 1
//IdTournes NbColis
6 6
//IdColis IdCommandeInColis NbProducts IdProd1 QtyProd1 IdProd2 QtyProd2 ...
48 6 22 80 2 100 2 111 1 113 1 118 1 59 1 180 1 142 1 185 2 161 1 194 2 195 1 209 1 210 1 282 2 215 1 302 2 311 1 315 2 326 1 352 2 377 1
1 1 11 412 1 57 1 54 1 65 1 470 1 414 1 139 2 171 2 168 1 297 2 105 1
4 1 16 342 1 361 2 206 1 294 2 87 3 138 1 170 2 216 1 169 1 260 2 273 1 237 1 373 1 350 1 13 1 81 1
11 2 19 139 1 283 1 231 1 296 3 193 1 196 2 205 1 208 1 300 1 310 1 327 1 221 1 232 1 342 1 361 1 206 1 72 1 1 1 31 1
25 4 12 412 1 417 1 411 1 439 1 139 2 172 2 198 1 238 1 296 1 419 1 155 2 35 1
32 5 16 417 1 411 1 112 1 139 2 253 1 264 1 296 3 329 1 204 1 419 1 190 1 221 1 147 1 155 1 186 1 74 1
//IdTournes NbColis
7 6
//IdColis IdCommandeInColis NbProducts IdProd1 QtyProd1 IdProd2 QtyProd2 ...
40 6 10 451 1 57 1 411 1 473 1 115 1 414 2 139 2 231 2 168 1 297 1
52 7 13 450 1 414 1 139 2 168 4 171 2 172 2 297 1 431 1 330 1 292 1 87 1 461 1 74 1
63 7 18 434 1 436 1 100 4 142 1 161 1 250 1 195 1 210 1 287 1 304 1 312 1 326 5 333 6 365 1 369 1 144 1 94 1 37 1
30 4 35 447 1 76 1 116 3 441 3 72 1 73 1 94 6 145 2 254 2 406 1 12 2 14 2 20 1 60 1 17 4 18 4 24 4 38 2 43 2 77 4 3 1 29 1 91 2 98 1 2 2 4 3 84 2 56 1 405 1 416 2 16 1 90 2 79 2 83 1 97 3
2 1 10 448 10 296 3 388 1 437 1 147 2 155 1 188 1 190 1 221 1 149 1
41 6 13 297 4 448 3 230 1 296 1 321 1 419 1 147 1 155 2 162 1 251 2 252 1 300 1 88 1
//IdTournes NbColis
8 6
//IdColis IdCommandeInColis NbProducts IdProd1 QtyProd1 IdProd2 QtyProd2 ...
53 7 16 238 1 329 1 346 1 465 1 147 1 193 1 255 1 205 2 208 3 259 1 261 2 289 1 232 1 221 1 342 1 81 1
7 1 19 274 1 285 3 319 2 372 1 379 1 398 1 401 1 200 1 36 1 95 1 148 2 212 1 257 3 324 3 422 2 360 1 66 1 80 1 94 1
33 5 19 255 1 259 1 261 3 265 1 325 1 328 1 336 1 152 1 165 1 294 1 318 1 428 1 87 3 316 1 298 1 332 2 407 1 74 1 31 1
42 6 19 193 1 255 1 205 2 259 1 261 1 262 1 290 1 300 1 305 1 310 1 336 2 361 2 154 3 167 1 278 1 87 1 94 1 74 1 31 1
13 2 14 387 1 391 1 356 2 424 2 370 2 158 1 258 1 266 1 317 1 335 2 341 1 234 1 384 1 201 2
61 7 11 355 1 249 1 274 4 277 1 285 1 319 6 389 1 423 1 323 2 301 6 104 1
//IdTournes NbColis
9 6
//IdColis IdCommandeInColis NbProducts IdProd1 QtyProd1 IdProd2 QtyProd2 ...
3 1 16 232 1 251 1 193 1 255 1 256 1 205 2 208 2 259 3 261 1 289 1 290 1 336 3 167 1 94 1 1 1 74 1
23 3 38 285 1 319 2 378 1 389 1 207 1 457 1 80 1 100 2 111 1 197 1 61 1 116 1 105 2 78 2 70 1 72 1 106 3 110 5 94 4 11 1 25 1 109 2 413 1 39 1 6 2 12 2 7 1 20 1 17 2 18 2 24 2 38 2 43 2 77 2 102 1 89 1 98 1 2 1
12 2 10 294 4 167 1 170 3 260 3 299 2 332 2 339 1 237 1 63 1 114 1
55 7 10 170 5 260 3 273 1 217 1 281 3 303 1 235 1 236 1 314 1 36 1
15 2 21 322 1 331 1 334 1 212 1 360 4 426 3 80 3 100 2 104 1 111 3 113 2 118 3 282 3 377 1 103 1 76 1 92 1 107 1 70 1 72 1 73 1
56 7 7 314 1 343 1 299 4 350 3 332 2 356 5 362 1
//IdTournes NbColis
10 4
//IdColis IdCommandeInColis NbProducts IdProd1 QtyProd1 IdProd2 QtyProd2 ...
36 5 29 393 1 15 1 100 2 80 2 434 2 436 1 111 3 113 2 118 2 471 1 59 1 333 1 377 1 64 2 103 2 55 1 61 1 35 1 116 3 105 1 107 1 70 2 72 2 73 2 106 3 108 1 58 2 51 1 50 1
24 3 9 4 1 84 2 96 1 415 1 32 1 79 1 83 1 90 1 97 2
65 7 6 456 1 84 1 32 1 416 2 433 1 454 1
38 5 8 463 2 464 2 10 1 405 1 90 1 79 1 83 1 97 2
