//NbTournees
11
//IdTournes NbColis
1 6
//IdColis IdCommandeInColis NbProducts IdProd1 QtyProd1 IdProd2 QtyProd2 ...
17 2 24 327 1 523 1 663 1 532 1 380 1 362 1 405 1 451 1 249 1 233 1 235 1 520 1 534 2 646 1 308 1 299 1 352 1 398 1 480 1 519 2 530 1 609 1 150 1 182 3
49 5 15 639 1 611 2 652 1 626 1 405 1 664 1 249 4 448 1 586 2 632 3 233 1 235 1 237 1 130 1 182 1
64 6 20 665 1 327 2 413 2 550 2 569 2 635 2 622 2 435 1 463 1 561 1 611 1 359 1 451 1 661 1 233 1 237 1 422 1 99 1 182 1 34 1
10 1 30 485 1 455 1 457 1 549 1 528 1 633 1 208 2 140 1 153 1 320 3 503 1 584 2 627 1 551 1 211 2 396 1 78 1 234 1 239 2 240 2 305 2 420 2 470 2 475 2 479 2 504 2 514 1 601 1 364 1 1 2
20 2 29 416 2 426 1 527 2 631 2 149 1 516 1 521 1 246 1 331 2 443 1 389 1 445 1 528 1 666 1 140 1 320 1 346 1 676 1 273 3 376 1 396 3 276 1 234 2 239 1 241 1 250 3 332 1 120 1 39 1
31 3 24 455 2 521 1 246 2 389 2 445 1 528 1 238 1 320 3 503 3 539 2 211 1 106 2 126 1 276 2 234 1 239 1 240 4 241 2 250 5 305 2 313 1 332 1 99 1 39 3
//IdTournes NbColis
2 6
//IdColis IdCommandeInColis NbProducts IdProd1 QtyProd1 IdProd2 QtyProd2 ...
2 1 21 693 1 694 1 167 1 236 1 472 1 48 2 342 1 230 1 88 1 197 1 354 1 399 1 243 1 260 1 360 1 379 1 390 1 392 1 393 1 430 1 283 1
36 4 17 94 1 93 1 460 1 236 1 248 1 570 2 615 1 41 1 230 2 197 1 219 2 279 2 287 1 289 1 367 1 368 1 23 1
50 5 20 237 1 281 1 303 1 284 1 285 1 314 1 323 1 381 1 382 1 388 1 391 1 438 2 440 1 486 1 495 1 502 2 520 1 575 1 600 1 75 1
55 5 26 445 1 140 2 208 2 152 2 221 2 238 1 320 3 346 2 503 3 539 2 584 2 273 2 376 2 266 1 301 2 78 1 126 2 240 1 241 2 245 3 282 1 250 2 305 1 374 1 479 1 182 2
68 6 21 524 2 579 1 416 1 552 2 573 1 585 3 613 2 109 1 149 3 371 1 355 1 414 2 455 2 457 1 246 2 630 2 377 1 445 2 152 1 153 1 238 2
69 6 32 503 1 539 1 563 2 584 1 366 2 369 2 106 2 239 3 240 3 282 1 250 3 374 1 420 1 500 1 504 1 514 1 525 1 603 1 255 1 326 5 364 1 186 1 150 1 198 1 447 1 606 1 641 1 256 7 18 3 340 1 116 1 34 1
//IdTournes NbColis
3 6
//IdColis IdCommandeInColis NbProducts IdProd1 QtyProd1 IdProd2 QtyProd2 ...
8 1 28 204 1 213 1 215 1 242 2 456 2 556 1 565 1 667 1 316 2 275 2 439 1 491 1 536 1 74 1 89 1 61 1 184 2 568 2 66 2 349 1 407 2 409 1 412 1 483 1 524 2 612 1 655 1 1 1
18 2 20 614 1 618 1 310 2 386 2 402 1 509 1 529 1 453 2 298 1 365 1 195 1 283 4 51 1 103 1 242 3 456 3 667 1 623 2 61 1 65 1
29 3 20 45 1 46 1 175 1 191 1 242 1 542 1 556 2 565 1 598 2 623 1 247 1 275 4 462 4 608 3 536 1 465 1 507 1 522 1 89 1 258 1
40 4 25 454 1 552 2 573 1 527 1 655 1 109 1 149 2 455 2 457 2 516 1 521 1 321 2 220 1 331 3 377 1 528 1 633 1 645 1 126 2 241 1 250 6 470 2 475 1 154 1 182 1
53 5 28 493 1 501 1 562 1 51 1 164 1 196 1 242 2 456 1 556 2 565 1 598 1 667 1 623 1 247 1 275 2 462 1 507 1 74 2 89 3 155 2 184 2 192 1 636 1 66 1 232 1 349 1 72 1 182 1
15 2 14 277 1 189 1 225 1 94 1 131 1 48 1 383 1 41 2 230 1 197 1 219 1 399 2 244 2 120 1
//IdTournes NbColis
4 6
//IdColis IdCommandeInColis NbProducts IdProd1 QtyProd1 IdProd2 QtyProd2 ...
16 2 19 244 1 317 1 350 2 378 2 418 1 446 1 458 1 477 1 482 2 518 1 531 1 599 1 649 1 656 1 675 1 678 1 327 1 153 1 1 1
39 4 30 668 1 466 1 505 1 517 1 558 1 677 1 288 1 70 1 148 1 456 1 556 1 643 1 667 1 623 1 247 1 410 1 461 1 462 2 608 2 89 1 636 1 394 1 407 1 425 1 483 1 642 1 356 1 385 1 454 1 99 1
62 6 21 693 1 226 1 122 1 248 1 41 2 230 1 399 1 260 1 274 1 280 1 287 2 309 1 311 1 312 2 368 1 378 1 415 1 393 1 474 1 130 1 115 1
11 1 42 603 4 258 1 172 1 268 1 72 1 198 2 150 2 256 5 18 2 253 2 340 1 15 1 85 1 123 2 124 1 129 1 134 2 199 3 151 1 156 1 135 3 52 2 325 3 141 2 43 1 83 1 166 1 188 2 252 1 330 1 84 1 163 1 216 1 259 1 300 5 334 1 207 1 251 2 218 1 254 1 133 1 1 1
21 2 32 420 1 478 1 479 6 508 2 525 4 601 2 603 1 364 2 143 1 186 1 64 1 447 2 647 3 670 1 256 1 340 2 113 1 68 1 96 2 123 2 124 2 128 1 129 3 151 2 205 1 177 1 179 1 696 1 135 1 325 5 252 1 218 1
33 3 59 134 2 177 1 179 2 205 1 52 1 265 1 43 1 67 1 171 1 137 1 188 3 252 2 339 1 345 1 12 2 36 1 216 1 335 2 259 4 348 2 105 2 117 1 210 1 218 1 322 2 269 2 272 3 318 1 337 1 452 1 73 2 183 1 209 1 267 2 77 1 2 1 270 1 295 1 178 2 14 1 20 1 28 1 101 1 217 1 60 1 56 1 112 1 202 1 6 1 25 1 57 1 40 1 31 2 33 1 187 2 69 1 108 3 8 3 138 2
//IdTournes NbColis
5 6
//IdColis IdCommandeInColis NbProducts IdProd1 QtyProd1 IdProd2 QtyProd2 ...
57 5 56 161 1 188 2 252 3 290 1 47 2 84 2 216 1 335 2 36 1 259 3 300 1 348 2 261 1 334 2 105 1 207 1 322 3 269 3 272 1 254 3 318 2 319 1 324 1 337 1 294 4 328 1 133 2 183 1 267 3 77 1 145 1 270 1 338 2 293 1 295 2 264 1 397 2 11 1 178 1 13 1 14 2 63 1 90 1 54 2 160 2 101 2 125 1 180 1 185 1 681 1 24 2 27 1 59 1 112 1 168 1 202 1
70 6 50 98 1 136 2 68 3 96 1 123 2 129 2 134 1 179 1 15 1 682 1 683 2 52 1 265 1 325 1 83 1 171 1 188 2 120 1 252 2 339 2 345 2 297 2 370 1 47 2 335 1 259 4 300 1 348 3 49 1 207 2 251 1 254 3 272 1 319 1 133 1 209 2 183 2 267 2 697 1 270 4 295 3 338 1 264 1 344 1 397 5 178 2 54 2 62 1 101 1 688 1
22 2 42 257 2 339 1 345 1 84 2 259 3 300 4 334 1 254 3 272 1 318 2 324 2 336 1 73 1 267 1 270 2 264 1 397 1 11 1 178 1 114 1 180 1 185 1 26 1 38 1 56 2 112 2 121 1 202 2 102 1 53 1 100 2 698 2 25 2 57 2 5 2 55 2 31 1 8 1 116 3 127 1 200 1 16 2
41 4 49 475 2 479 4 644 1 603 2 255 1 258 1 186 2 72 1 79 1 91 1 442 1 606 1 292 1 98 1 113 2 136 2 3 1 19 1 58 1 68 1 129 2 151 1 690 1 135 2 52 2 325 1 35 1 92 1 118 1 137 1 188 1 120 1 290 1 291 1 296 1 297 1 370 1 36 1 47 1 335 1 216 1 259 3 334 1 322 1 254 2 294 5 133 2 293 1 138 1
56 5 43 479 4 514 1 525 1 601 1 255 1 326 1 332 1 262 1 186 1 64 2 198 3 201 2 150 2 442 1 447 1 606 4 641 1 647 2 687 2 292 1 256 4 333 1 18 2 253 2 98 3 113 1 136 2 15 1 19 1 134 1 107 1 124 1 129 2 179 1 205 1 135 2 52 1 325 1 141 1 43 1 120 1 1 3 39 1
19 2 30 173 1 175 1 176 1 191 1 449 1 462 3 510 1 608 1 522 1 568 2 636 1 66 1 341 1 394 1 403 3 409 1 424 1 425 1 468 2 481 1 483 1 524 1 526 1 612 1 232 1 356 1 385 1 255 1 34 1 39 1
//IdTournes NbColis
6 6
//IdColis IdCommandeInColis NbProducts IdProd1 QtyProd1 IdProd2 QtyProd2 ...
27 3 20 314 2 381 2 388 1 391 1 438 1 441 1 520 2 589 1 564 1 616 1 638 1 308 2 398 1 459 3 519 1 587 1 609 1 618 1 255 1 182 1
32 3 29 374 1 500 1 478 4 479 4 504 3 514 2 525 4 603 3 364 1 262 1 143 1 150 1 641 3 256 6 333 2 340 2 98 1 113 1 263 1 343 1 15 1 50 1 58 2 96 1 107 1 119 1 129 2 144 1 141 1
25 3 22 219 2 399 1 436 1 260 1 280 1 304 1 393 1 433 1 444 1 427 1 498 1 477 1 537 1 482 1 513 1 518 1 553 1 531 1 533 1 373 1 115 1 182 1
45 5 17 260 1 280 2 307 1 309 1 311 1 289 1 329 1 350 2 384 1 387 1 390 1 418 2 393 1 427 2 492 1 44 1 99 1
42 4 25 293 2 295 1 190 2 264 1 54 2 180 2 185 1 59 1 112 1 139 1 202 1 6 1 76 1 80 1 110 1 25 1 57 3 30 2 108 1 4 1 8 2 138 1 99 3 182 1 39 1
44 5 15 189 1 142 1 131 1 231 1 97 1 228 1 226 1 122 1 450 1 41 1 354 1 399 2 580 1 499 1 266 1
//IdTournes NbColis
7 6
//IdColis IdCommandeInColis NbProducts IdProd1 QtyProd1 IdProd2 QtyProd2 ...
12 1 54 269 1 272 1 319 1 337 1 157 1 133 3 183 3 209 2 77 2 190 1 338 1 293 2 695 1 11 1 178 4 14 1 27 1 28 1 29 2 90 2 54 1 160 1 101 2 114 1 181 1 217 1 26 2 38 1 56 1 112 2 202 3 6 1 71 1 32 2 100 2 25 2 57 3 5 2 7 1 37 1 30 1 10 1 21 1 55 2 159 1 169 1 212 1 17 1 187 2 82 1 8 2 116 1 132 3 39 2
4 1 18 648 1 624 1 678 2 271 1 357 1 413 2 569 2 576 1 583 2 635 1 663 1 395 2 429 1 435 1 463 2 506 1 147 1 99 1
67 6 25 170 1 173 1 175 1 176 1 194 1 204 1 456 1 556 1 623 1 213 1 215 1 316 1 275 3 462 3 465 2 522 1 66 1 403 2 409 1 412 1 421 2 467 1 483 1 109 1 34 2
5 1 20 506 1 611 1 278 1 359 1 471 1 620 1 405 1 488 1 496 1 586 1 285 1 353 1 388 1 431 1 437 2 438 1 564 1 575 1 610 1 193 1
37 4 22 384 1 419 1 427 1 476 1 482 2 515 1 518 1 566 1 673 1 327 1 372 1 413 1 583 1 663 1 635 1 395 1 567 1 620 1 281 1 284 2 609 1 99 1
28 3 17 621 2 628 1 588 1 545 2 315 2 555 1 494 1 466 1 505 2 517 1 493 3 501 3 562 2 302 1 283 3 130 1 99 3
//IdTournes NbColis
8 6
//IdColis IdCommandeInColis NbProducts IdProd1 QtyProd1 IdProd2 QtyProd2 ...
38 4 23 284 2 323 1 422 1 437 2 438 1 440 1 564 1 534 1 646 2 654 1 671 1 484 2 653 1 147 1 386 1 404 1 417 1 423 1 555 1 572 1 466 1 130 1 132 1
6 1 20 617 1 625 1 654 2 660 1 691 1 286 1 299 2 352 1 358 2 401 1 484 1 541 1 544 2 519 2 574 1 587 3 588 1 609 1 614 1 22 1
26 3 20 593 1 571 1 619 1 637 1 357 1 583 2 622 1 635 1 395 1 489 1 490 1 512 1 596 1 626 1 359 1 405 1 448 1 586 1 285 1 326 1
51 5 20 610 1 616 2 657 1 659 2 660 1 662 1 625 1 671 1 286 1 299 2 401 3 469 1 459 1 484 1 519 2 587 1 588 1 310 2 315 1 72 1
65 6 19 285 1 382 1 431 1 437 2 486 1 502 1 604 1 610 1 616 1 617 1 660 2 662 1 286 3 308 1 299 2 358 1 398 1 469 1 74 1
30 3 25 636 3 306 1 394 2 403 1 409 1 421 4 424 3 468 1 524 2 579 1 612 1 356 1 385 2 426 1 594 1 573 3 527 1 631 1 109 1 355 1 408 1 414 1 455 1 321 1 9 1
//IdTournes NbColis
9 6
//IdColis IdCommandeInColis NbProducts IdProd1 QtyProd1 IdProd2 QtyProd2 ...
7 1 26 621 2 628 1 650 2 546 1 310 1 315 2 361 1 363 1 386 1 423 1 473 1 509 1 511 1 535 1 572 1 298 1 466 2 517 2 75 1 87 2 288 1 22 2 70 1 203 1 439 1 113 1
66 6 25 530 1 618 1 588 3 650 1 193 2 315 1 386 1 411 1 428 1 511 1 555 1 548 1 640 1 668 2 505 1 517 1 44 1 104 1 501 1 562 1 288 2 70 1 103 1 192 1 24 1
47 5 17 599 2 634 1 637 1 648 1 665 3 669 1 672 1 673 1 678 1 357 1 595 1 597 1 635 1 663 1 347 1 375 1 193 1
54 5 22 349 2 403 1 424 1 526 1 356 1 385 2 416 2 538 1 552 1 573 2 585 2 631 1 109 4 149 3 408 1 414 1 432 1 457 2 516 1 560 1 220 2 630 1
52 5 22 351 1 402 1 511 2 535 1 529 1 464 1 453 2 494 1 557 1 651 1 674 2 505 2 517 1 86 2 158 2 162 2 104 2 195 2 493 1 51 1 74 1 132 1
9 1 16 232 1 356 1 385 4 406 2 454 3 552 3 573 2 527 1 613 2 109 4 149 3 355 1 408 2 485 1 208 1 1 2
//IdTournes NbColis
10 6
//IdColis IdCommandeInColis NbProducts IdProd1 QtyProd1 IdProd2 QtyProd2 ...
48 5 15 395 1 429 1 434 1 463 2 487 1 489 1 512 2 532 1 561 2 591 1 592 1 567 2 596 1 607 1 102 1
1 1 10 81 1 692 1 223 1 165 1 131 1 229 1 111 1 228 1 206 1 400 1
3 1 18 444 1 474 1 427 1 492 1 476 1 540 1 543 1 553 1 559 1 578 1 581 1 531 2 533 1 599 1 602 1 629 1 637 1 24 1
63 6 20 427 2 492 1 476 1 513 1 515 1 531 1 533 1 554 1 571 1 577 1 582 1 599 1 605 1 624 1 649 1 656 1 658 1 620 1 116 1 182 1
46 5 15 497 1 477 2 531 2 533 2 482 1 543 1 515 1 547 1 553 1 577 2 590 2 593 1 571 1 550 1 99 1
24 3 12 222 1 223 1 225 1 224 1 111 1 227 1 460 1 48 2 615 1 41 3 230 2 110 1
//IdTournes NbColis
11 3
//IdColis IdCommandeInColis NbProducts IdProd1 QtyProd1 IdProd2 QtyProd2 ...
58 5 26 168 1 214 2 26 1 38 2 146 2 32 2 689 1 80 1 57 3 25 2 5 2 7 1 30 1 169 2 212 1 10 1 17 1 187 3 680 1 685 2 4 1 8 1 154 1 16 2 39 1 34 3
71 6 27 114 1 125 1 180 1 679 1 684 1 688 1 90 1 181 2 185 1 59 1 60 1 112 1 202 1 38 1 53 1 57 1 10 1 21 1 685 2 686 1 42 2 108 1 116 1 132 2 200 1 174 1 16 1
61 6 10 189 1 692 1 225 1 95 1 131 1 699 1 229 1 97 2 227 1 228 1
