//NbTournees
2
//IdTournes NbColis
1 6
//IdColis IdCommandeInColis NbProducts IdProd1 QtyProd1 IdProd2 QtyProd2 ...
3 1 11 23 4 36 1 38 2 41 1 46 2 77 1 58 3 87 1 1 1 49 3 150 1
11 2 22 158 1 56 1 13 1 15 1 21 1 30 1 43 1 50 1 57 1 58 1 64 1 87 1 2 1 20 1 22 1 52 1 53 1 84 1 147 2 148 1 113 1 103 1
7 1 44 60 1 93 3 95 1 98 2 141 2 145 2 161 1 40 2 85 2 153 1 109 1 71 1 73 1 127 1 68 1 69 1 150 2 11 3 72 1 123 1 124 1 125 1 101 1 156 1 121 1 129 1 3 1 67 1 4 1 128 1 119 1 134 2 70 1 126 1 108 1 110 1 113 1 114 1 117 1 133 1 140 1 106 1 162 1 116 1
12 2 20 88 1 17 1 32 1 45 1 51 1 54 1 55 1 59 1 62 1 63 1 65 1 66 1 86 1 92 1 97 1 102 1 47 1 90 2 150 1 5 1
5 1 16 84 1 96 1 120 1 118 1 37 2 61 2 75 1 82 1 86 2 66 1 100 3 47 1 90 1 6 1 12 1 142 1
6 1 14 12 1 91 2 35 1 48 2 76 1 79 1 94 1 99 1 89 2 7 2 28 3 29 4 60 2 141 1
//IdTournes NbColis
2 6
//IdColis IdCommandeInColis NbProducts IdProd1 QtyProd1 IdProd2 QtyProd2 ...
4 1 12 49 1 8 2 16 1 22 3 26 3 31 1 33 2 34 1 74 1 78 1 84 1 150 1
1 1 8 154 1 9 4 24 4 25 1 27 1 39 2 132 2 131 1
10 2 9 135 1 152 1 165 1 166 1 9 1 24 2 25 2 158 6 14 1
13 2 31 14 1 44 1 111 1 160 1 115 1 112 1 141 1 143 1 145 2 10 1 163 1 42 1 130 1 137 1 138 1 150 3 164 1 108 1 110 1 113 1 114 2 117 2 122 1 133 1 140 2 149 1 151 1 104 1 139 1 155 1 105 1
2 1 10 136 3 158 7 83 1 80 1 157 1 13 1 15 3 18 1 19 3 81 1
8 1 5 144 1 146 1 159 1 162 1 107 1
