//NbTournees
5
//IdTournes NbColis
1 6
//IdColis IdCommandeInColis NbProducts IdProd1 QtyProd1 IdProd2 QtyProd2 ...
21 3 10 195 1 202 1 200 1 194 1 196 1 197 1 107 1 65 1 26 1 68 1
1 1 7 202 2 208 1 209 1 239 1 241 2 207 1 19 1
18 2 26 180 1 229 2 262 1 63 1 69 1 106 1 266 2 226 2 30 2 142 1 170 2 199 1 24 1 25 1 42 1 33 1 114 1 103 1 134 3 268 1 135 2 177 1 15 1 21 1 51 2 84 1
2 1 14 213 1 242 1 6 1 120 1 273 1 49 1 45 1 102 2 81 1 281 1 95 1 101 1 109 1 56 1
13 2 13 215 1 213 1 107 1 65 1 26 1 28 1 68 1 137 1 171 1 49 2 116 1 90 1 104 1
28 4 13 215 1 213 1 46 1 45 1 81 1 90 2 149 1 151 1 91 1 19 1 77 1 140 2 174 1
//IdTournes NbColis
2 6
//IdColis IdCommandeInColis NbProducts IdProd1 QtyProd1 IdProd2 QtyProd2 ...
24 3 19 29 1 86 1 70 1 127 1 168 1 10 2 27 1 105 1 192 1 22 2 20 3 57 1 201 1 108 5 94 1 122 4 130 1 180 1 199 1
26 3 21 169 1 8 1 67 1 43 6 73 3 80 1 83 2 164 1 167 4 48 3 126 1 7 1 193 2 31 1 32 1 175 1 198 1 203 1 176 1 179 2 178 3
17 2 18 86 2 115 1 127 2 168 1 27 1 136 1 221 1 222 2 223 2 225 2 227 1 211 1 20 3 22 2 57 2 214 4 217 1 180 1
9 1 25 106 1 87 2 119 3 204 1 240 1 17 1 170 1 1 1 2 1 9 1 42 3 33 1 103 2 158 1 134 1 268 1 279 2 160 2 282 1 12 1 13 1 15 1 21 1 51 1 99 3
7 1 19 159 1 270 1 163 3 29 1 86 1 5 1 115 1 261 2 168 3 54 2 205 1 243 1 246 1 253 1 10 2 105 3 181 1 260 1 177 1
8 1 24 211 1 245 1 222 2 249 1 223 2 252 1 255 1 225 2 227 1 20 3 22 2 57 2 247 1 250 1 11 1 100 1 94 1 191 1 280 1 206 2 256 1 237 1 106 1 176 1
//IdTournes NbColis
3 6
//IdColis IdCommandeInColis NbProducts IdProd1 QtyProd1 IdProd2 QtyProd2 ...
11 1 9 277 1 156 1 267 1 244 1 254 1 224 1 212 1 179 2 178 3
19 2 23 84 1 132 1 133 1 263 1 8 1 66 2 67 1 80 1 139 1 167 1 48 2 126 1 220 1 219 1 216 1 272 1 258 1 190 1 228 1 224 1 176 1 179 2 178 3
14 2 10 59 2 60 1 110 1 113 1 91 2 118 1 19 1 140 3 189 4 218 1
31 4 23 187 1 29 1 86 1 127 1 144 1 147 1 230 1 231 1 232 1 238 1 136 3 181 1 222 2 223 2 225 2 227 1 211 1 20 2 57 1 288 2 39 1 94 1 179 1
10 1 27 155 1 269 2 274 1 275 2 98 1 133 2 263 3 283 4 8 1 47 1 55 1 167 1 284 1 48 2 3 1 7 2 248 1 257 1 96 1 272 1 251 2 258 2 259 1 4 1 76 1 190 2 175 1
23 3 17 88 2 165 1 53 1 124 1 125 1 162 2 14 1 104 1 174 1 58 1 61 1 93 5 92 1 85 3 131 1 163 1 199 1
//IdTournes NbColis
4 6
//IdColis IdCommandeInColis NbProducts IdProd1 QtyProd1 IdProd2 QtyProd2 ...
5 1 8 148 1 138 3 141 3 185 4 271 2 285 3 34 3 210 1
30 4 17 141 3 185 3 34 1 36 1 52 1 88 1 233 2 44 1 287 1 234 1 40 1 85 1 61 2 92 1 93 1 183 1 235 1
16 2 17 141 2 185 3 271 2 34 1 64 1 88 1 23 1 62 1 125 1 174 1 58 1 61 1 112 1 93 2 131 1 29 2 224 1
32 4 29 191 1 180 1 236 1 237 1 37 1 87 1 119 1 266 1 143 1 145 1 1 2 35 1 42 3 33 1 79 1 82 1 150 1 134 1 160 1 41 1 84 1 152 3 286 4 8 1 38 1 43 1 67 1 80 1 179 1
25 3 21 63 1 128 2 173 1 74 1 161 1 170 1 24 1 33 1 72 6 42 1 103 3 134 1 160 4 129 1 177 2 15 1 21 1 51 1 99 2 132 1 133 1
6 1 17 34 2 278 1 121 1 52 1 50 1 64 1 146 1 88 1 276 1 53 1 97 1 157 1 14 3 104 3 92 2 131 1 154 1
//IdTournes NbColis
5 6
//IdColis IdCommandeInColis NbProducts IdProd1 QtyProd1 IdProd2 QtyProd2 ...
4 1 9 264 2 265 4 71 1 153 2 182 1 16 2 18 1 117 2 148 3
15 2 9 264 2 265 4 186 3 16 2 18 3 111 1 117 1 138 1 141 1
29 4 10 186 3 189 2 264 1 265 3 182 1 188 1 16 1 18 2 148 3 146 1
22 3 13 171 1 59 1 109 1 110 1 91 1 113 1 19 1 71 1 138 1 172 1 34 6 166 1 123 1
3 1 6 110 2 118 2 186 4 140 4 189 4 52 1
33 4 10 80 1 83 3 89 1 139 1 184 1 75 1 78 1 76 1 190 3 178 3
