//NbTournees
31
//IdTournes NbColis
1 6
//IdColis IdCommandeInColis NbProducts IdProd1 QtyProd1 IdProd2 QtyProd2 ...
2 1 15 119 1 30 1 48 1 53 1 54 1 199 1 232 1 317 1 191 1 207 1 281 1 209 1 2 1 32 1 14 1
3 1 32 57 1 454 1 336 1 262 1 173 1 265 1 204 3 220 1 213 1 195 1 205 1 347 1 215 1 356 2 239 1 223 1 9 1 1 1 21 1 359 1 374 1 23 1 22 1 10 1 370 1 412 1 475 1 358 1 410 1 357 1 227 1 474 1
10 2 22 204 1 173 1 346 1 355 1 354 2 213 1 201 2 205 1 188 2 279 1 29 1 3 3 416 1 42 1 153 1 470 1 401 2 409 1 212 3 20 1 36 2 39 2
90 13 20 200 1 217 1 204 1 206 2 222 4 365 1 173 1 250 1 354 2 213 2 339 1 205 1 195 2 215 1 393 1 279 1 9 1 3 1 430 2 41 1
15 3 29 220 1 204 1 365 1 355 2 354 1 188 1 205 1 61 1 215 1 180 1 327 1 393 1 239 1 279 1 170 1 399 1 403 1 16 1 35 1 37 1 401 1 219 1 4 1 374 1 166 1 404 1 402 1 342 1 373 1
14 3 19 230 1 175 1 329 1 400 1 191 1 207 1 208 1 228 1 283 2 209 1 216 3 11 1 50 1 395 1 177 1 5 1 173 1 217 1 24 1
//IdTournes NbColis
2 6
//IdColis IdCommandeInColis NbProducts IdProd1 QtyProd1 IdProd2 QtyProd2 ...
24 4 24 154 1 219 6 36 1 51 1 117 1 192 6 194 2 6 1 374 1 419 2 55 1 210 2 150 2 145 3 71 1 83 1 69 1 24 1 438 1 157 2 159 1 282 3 475 1 386 4
31 5 16 156 2 262 1 161 1 200 2 204 1 222 2 173 1 251 1 265 1 382 6 187 2 225 1 355 1 250 1 354 2 6 1
33 5 20 366 1 36 3 40 1 49 1 246 1 6 2 55 1 145 2 480 1 120 3 33 1 47 1 10 1 141 2 159 3 285 1 278 1 386 1 328 1 243 3
40 6 23 206 3 222 2 250 1 354 2 213 2 288 1 195 2 215 1 297 1 223 1 9 1 409 1 20 1 36 2 39 2 40 2 59 1 185 1 6 1 55 2 58 1 374 1 83 1
91 13 25 42 1 43 1 471 1 96 1 433 1 154 2 176 2 321 1 219 4 212 4 171 1 429 2 39 2 51 2 192 2 299 3 194 2 340 1 6 1 348 1 102 1 14 1 71 1 120 1 33 2
6 2 6 136 1 27 2 17 1 63 1 453 1 215 1
//IdTournes NbColis
3 6
//IdColis IdCommandeInColis NbProducts IdProd1 QtyProd1 IdProd2 QtyProd2 ...
7 2 8 82 1 91 1 62 1 77 1 266 3 214 2 203 5 306 2
44 7 10 31 1 68 1 82 2 88 1 91 1 106 1 62 1 196 3 72 1 186 1
18 4 10 27 1 64 1 68 1 82 2 88 1 91 1 106 1 276 1 182 1 52 1
53 8 6 27 1 134 2 80 1 31 1 64 1 191 1
59 9 5 45 1 84 1 136 2 64 1 213 1
78 11 20 36 1 301 1 320 1 340 1 192 2 426 1 368 1 369 1 466 1 65 1 141 1 47 2 159 2 408 1 370 1 386 1 410 1 372 1 413 1 373 2
//IdTournes NbColis
4 6
//IdColis IdCommandeInColis NbProducts IdProd1 QtyProd1 IdProd2 QtyProd2 ...
37 6 11 30 2 48 1 53 1 54 1 7 1 56 2 269 2 266 2 481 1 203 1 162 1
173 30 11 136 1 31 1 132 1 48 1 89 1 91 1 106 1 167 1 7 1 224 1 215 1
41 6 10 244 1 210 1 464 1 482 1 418 1 319 1 8 1 25 3 386 4 373 2
49 7 19 215 1 394 2 239 2 261 1 401 4 219 6 255 1 212 5 171 1 51 1 253 1 313 1 192 1 194 1 108 1 65 1 47 1 157 1 159 1
67 10 13 235 1 302 1 214 1 272 1 380 1 203 3 325 3 199 1 232 1 268 2 350 1 183 1 65 1
77 11 21 225 5 201 1 213 2 195 2 205 1 215 2 296 1 393 3 394 2 385 1 279 1 9 1 94 1 41 1 42 1 153 1 163 1 212 1 463 1 429 1 313 1
//IdTournes NbColis
5 6
//IdColis IdCommandeInColis NbProducts IdProd1 QtyProd1 IdProd2 QtyProd2 ...
84 12 21 9 1 259 1 270 1 18 1 42 3 43 1 163 1 237 1 16 1 212 1 429 1 51 2 244 1 141 2 159 1 443 1 387 1 278 1 282 1 386 2 241 1
96 14 13 195 1 215 2 405 2 74 1 180 1 223 1 9 1 419 1 369 1 107 1 10 1 412 1 411 1
99 15 22 207 1 275 1 228 1 326 1 189 1 337 1 256 1 277 2 252 1 190 1 293 2 217 1 222 1 202 1 355 1 9 1 267 1 237 2 313 1 364 1 367 1 373 1
202 34 17 215 1 356 1 279 1 261 1 434 1 237 1 436 1 401 2 344 1 219 4 212 6 192 3 194 2 427 1 387 2 386 2 373 1
48 7 16 217 2 204 2 365 2 382 5 383 1 202 2 307 1 406 1 110 1 354 2 201 1 188 2 205 2 168 1 215 1 438 1
104 16 14 128 1 349 1 302 1 325 3 396 1 198 1 230 1 183 1 174 3 423 1 189 1 207 2 228 1 109 1
//IdTournes NbColis
6 6
//IdColis IdCommandeInColis NbProducts IdProd1 QtyProd1 IdProd2 QtyProd2 ...
110 17 13 115 1 203 2 214 1 226 2 175 1 204 1 206 4 222 3 110 1 225 1 213 2 168 1 239 1
120 19 15 215 1 180 1 393 1 394 1 279 1 344 1 176 1 212 2 366 1 192 1 109 1 319 1 439 1 342 1 345 1
23 4 20 213 2 289 1 34 3 420 1 356 6 29 2 66 1 146 1 170 1 18 1 41 3 87 1 42 2 43 1 261 1 271 1 21 1 37 1 81 1 401 2
208 36 6 66 1 16 1 332 1 341 1 340 1 210 1
55 8 14 226 2 230 1 257 1 363 3 183 1 300 1 280 1 175 1 304 1 208 1 275 2 207 2 281 2 10 1
98 15 13 460 1 30 1 48 1 53 1 54 1 272 1 375 1 333 2 198 1 230 1 174 1 183 1 10 1
//IdTournes NbColis
7 6
//IdColis IdCommandeInColis NbProducts IdProd1 QtyProd1 IdProd2 QtyProd2 ...
115 18 13 181 1 215 2 405 2 296 1 297 1 305 1 291 1 223 1 299 1 10 1 285 1 386 1 459 1
200 34 12 218 1 161 2 179 1 193 1 220 2 173 1 251 1 202 1 200 6 217 4 206 5 10 1
70 10 33 205 1 215 2 74 1 75 1 311 1 296 1 305 1 223 1 147 1 449 1 417 1 149 1 212 4 219 1 36 3 39 1 49 1 158 1 171 1 67 1 194 1 320 1 340 1 55 1 348 1 78 1 145 2 47 1 157 1 159 1 439 1 459 1 411 1
118 19 15 230 1 257 1 191 1 207 2 228 1 326 1 281 1 216 3 11 1 211 2 290 1 277 2 218 1 193 3 200 1
94 14 11 27 1 101 1 95 1 30 2 100 1 48 1 53 1 98 1 266 1 302 1 328 1
113 18 8 118 1 460 1 101 1 95 1 30 2 48 1 100 1 366 1
//IdTournes NbColis
8 6
//IdColis IdCommandeInColis NbProducts IdProd1 QtyProd1 IdProd2 QtyProd2 ...
122 20 5 97 2 113 1 45 1 95 1 30 1
1 1 5 45 1 136 2 456 1 12 1 30 1
13 3 13 31 1 12 1 30 1 48 1 53 1 54 1 60 1 398 1 182 1 184 1 203 1 199 1 397 1
29 5 10 249 1 12 1 30 2 48 1 53 1 54 1 19 1 56 2 196 2 401 1
35 6 6 44 1 38 1 97 1 45 1 12 1 215 1
86 13 6 45 1 105 1 432 1 136 1 12 1 30 1
//IdTournes NbColis
9 6
//IdColis IdCommandeInColis NbProducts IdProd1 QtyProd1 IdProd2 QtyProd2 ...
97 15 5 45 1 105 2 456 1 12 1 30 1
125 21 5 125 1 45 1 105 2 12 1 30 1
128 22 6 45 1 105 2 440 1 12 1 30 1 325 1
132 23 7 45 1 105 1 119 1 31 1 12 1 30 1 72 1
196 34 9 101 1 428 1 115 1 68 1 82 2 91 1 106 1 276 2 177 1
206 36 12 105 1 12 1 30 2 48 1 53 1 54 1 272 1 396 1 232 1 233 1 183 1 386 1
//IdTournes NbColis
10 6
//IdColis IdCommandeInColis NbProducts IdProd1 QtyProd1 IdProd2 QtyProd2 ...
111 17 9 237 2 176 1 212 1 51 1 117 1 210 2 111 1 25 1 243 1
5 2 6 151 1 38 1 90 1 92 1 68 1 215 1
54 8 12 453 1 68 1 76 2 89 1 91 1 106 1 235 1 414 1 199 1 333 2 226 1 192 1
60 9 6 119 1 38 1 452 1 456 1 68 1 76 1
66 10 10 112 1 115 1 68 1 76 2 89 1 91 1 106 1 276 1 52 2 191 1
74 11 9 456 1 27 1 68 1 88 1 104 2 91 1 106 1 52 1 196 1
//IdTournes NbColis
11 6
//IdColis IdCommandeInColis NbProducts IdProd1 QtyProd1 IdProd2 QtyProd2 ...
80 12 8 45 1 92 1 38 1 13 1 68 1 88 1 104 1 401 1
101 16 6 28 1 45 1 90 1 92 1 68 1 29 1
137 24 9 456 1 112 1 129 1 68 1 76 2 88 1 89 1 91 1 85 1
143 25 9 90 1 27 1 129 1 68 1 82 2 91 1 106 1 182 1 404 1
149 26 5 45 1 136 2 456 1 68 1 132 1
154 27 7 134 3 68 1 132 2 89 1 91 1 269 1 443 1
//IdTournes NbColis
12 6
//IdColis IdCommandeInColis NbProducts IdProd1 QtyProd1 IdProd2 QtyProd2 ...
160 28 6 45 1 84 1 90 1 92 1 68 1 88 1
165 29 10 452 1 68 1 76 1 88 2 104 1 91 1 106 1 437 1 144 2 120 1
182 32 6 28 1 45 1 84 1 38 1 68 1 178 1
68 10 17 264 1 207 2 281 2 79 1 130 2 15 1 133 1 148 1 152 1 450 1 295 2 258 1 156 1 26 2 160 1 293 2 217 1
28 5 3 101 4 249 2 13 1
73 11 5 44 1 45 1 92 2 13 1 227 1
//IdTournes NbColis
13 6
//IdColis IdCommandeInColis NbProducts IdProd1 QtyProd1 IdProd2 QtyProd2 ...
102 16 6 456 1 452 1 27 2 112 1 82 1 192 1
152 27 6 28 1 45 1 84 1 136 1 13 1 243 1
177 30 9 219 2 366 1 429 1 36 1 185 1 299 4 194 1 236 1 238 1
64 10 5 45 1 90 1 38 2 101 1 69 1
176 30 19 365 1 382 2 225 4 354 2 213 1 339 1 195 2 205 1 229 1 178 1 356 1 393 2 385 1 223 1 137 1 401 4 321 2 212 2 240 1
46 7 17 174 1 263 1 189 1 207 2 228 2 274 1 209 1 352 4 70 1 248 1 211 1 172 1 256 1 277 1 186 1 252 1 261 1
//IdTournes NbColis
14 6
//IdColis IdCommandeInColis NbProducts IdProd1 QtyProd1 IdProd2 QtyProd2 ...
199 34 13 422 1 352 6 284 1 70 1 435 1 211 2 260 2 391 2 186 2 258 2 315 1 262 1 192 1
21 4 17 207 2 275 2 281 2 216 1 472 1 15 2 85 1 467 1 295 1 260 1 258 1 310 1 186 3 262 1 293 1 217 1 36 1
56 8 19 209 1 86 1 287 1 15 1 57 1 451 1 454 1 172 1 277 2 179 1 173 1 251 1 265 2 200 2 204 2 222 3 365 1 406 1 407 1
158 27 18 267 1 270 1 271 1 43 1 401 1 176 2 321 1 219 2 212 5 39 1 478 1 299 1 145 1 108 1 71 1 131 2 386 4 367 1
181 31 1 138 1
141 24 16 279 1 123 1 18 1 43 1 81 1 212 5 36 2 51 2 120 1 25 1 141 1 47 1 159 1 443 1 387 1 386 1
//IdTournes NbColis
15 6
//IdColis IdCommandeInColis NbProducts IdProd1 QtyProd1 IdProd2 QtyProd2 ...
32 5 21 213 2 201 1 195 2 205 1 61 1 215 2 34 3 296 1 356 1 385 1 18 1 41 1 42 1 43 1 121 1 153 1 163 1 401 3 154 1 176 1 212 6
129 22 14 30 1 48 1 53 1 54 1 441 1 325 1 377 1 333 1 199 1 230 1 175 2 183 1 191 1 207 2
138 24 13 106 1 139 1 19 1 182 1 52 1 144 1 378 2 424 1 198 1 230 1 304 1 174 4 373 1
185 32 12 104 1 91 1 106 1 139 1 276 3 182 1 360 1 390 1 269 1 272 1 266 2 379 1
162 28 19 302 1 199 1 175 2 183 1 191 1 207 1 260 1 204 1 206 1 217 1 220 1 222 2 382 3 355 1 213 1 356 1 394 1 21 1 36 1
62 9 17 204 1 217 1 220 1 222 1 265 1 327 1 42 2 479 1 261 1 192 4 244 1 419 1 23 1 78 1 145 1 120 1 443 1
//IdTournes NbColis
16 6
//IdColis IdCommandeInColis NbProducts IdProd1 QtyProd1 IdProd2 QtyProd2 ...
107 16 21 339 1 29 1 448 3 42 2 169 1 219 5 212 2 192 5 194 3 244 2 127 1 120 2 71 1 464 1 47 1 159 1 242 1 371 1 238 1 241 1 465 1
69 10 14 220 1 173 1 346 1 204 2 206 6 365 2 382 1 250 2 354 1 213 3 201 3 339 1 195 2 24 1
83 12 19 177 1 218 1 179 2 197 2 173 1 204 3 217 1 382 1 355 1 354 1 201 1 339 1 188 2 205 1 215 2 356 2 385 3 279 1 25 1
170 29 15 192 2 194 1 236 1 244 1 145 1 120 2 464 1 25 3 141 2 47 3 387 1 388 1 386 2 372 1 392 2
9 2 17 207 2 216 2 323 2 93 1 152 1 467 1 316 1 260 1 186 1 190 1 262 2 26 1 160 1 217 2 206 3 382 1 418 1
134 23 21 162 1 177 2 262 2 26 1 161 1 179 1 193 3 307 1 415 2 200 1 217 1 173 1 205 1 195 1 215 1 34 1 223 1 461 1 270 1 271 1 237 2
//IdTournes NbColis
17 6
//IdColis IdCommandeInColis NbProducts IdProd1 QtyProd1 IdProd2 QtyProd2 ...
146 25 13 177 2 190 1 218 3 26 2 179 1 173 1 202 1 200 3 217 1 206 3 222 2 365 1 382 4
43 7 6 45 1 90 1 456 1 27 1 134 1 401 1
52 8 5 84 1 45 1 136 1 27 2 219 1
153 27 5 136 1 456 1 119 1 27 2 35 1
161 28 8 92 1 456 1 27 1 104 2 91 1 106 1 52 1 439 1
184 32 6 456 1 27 2 101 1 103 1 88 1 104 1
//IdTournes NbColis
18 6
//IdColis IdCommandeInColis NbProducts IdProd1 QtyProd1 IdProd2 QtyProd2 ...
17 4 4 28 1 151 2 90 1 243 1
151 26 10 191 1 221 1 251 1 346 1 271 1 96 1 368 1 369 1 370 1 372 1
180 31 24 230 1 335 1 183 1 191 1 207 1 281 1 140 1 85 1 336 1 310 1 206 1 217 2 365 1 173 1 195 1 205 1 61 1 308 1 215 1 142 1 296 1 477 1 185 1 313 1
139 24 17 423 2 189 1 275 1 312 2 228 2 352 1 353 2 211 1 172 1 277 1 391 2 254 1 258 1 186 1 124 1 197 1 173 1
172 30 6 44 1 97 1 45 1 136 1 132 1 215 1
179 31 10 136 1 134 1 132 1 30 1 48 1 89 1 91 1 106 1 333 1 199 1
//IdTournes NbColis
19 6
//IdColis IdCommandeInColis NbProducts IdProd1 QtyProd1 IdProd2 QtyProd2 ...
193 33 12 119 1 132 2 48 1 89 1 91 1 106 1 199 1 232 1 257 1 183 1 207 1 195 1
87 13 13 30 1 48 1 53 1 54 1 437 1 52 1 266 1 302 1 214 3 380 1 203 2 325 1 238 1
117 19 11 30 2 48 1 89 1 116 1 106 1 306 1 325 2 377 2 378 2 199 1 320 1
123 20 14 118 1 30 1 48 1 100 1 53 1 232 1 233 1 183 1 207 1 231 1 447 1 191 1 99 1 455 1
133 23 16 30 1 48 1 53 1 54 1 126 1 203 1 232 1 199 1 257 1 183 1 362 1 207 1 281 1 191 1 73 2 79 1
189 32 20 206 1 222 3 365 1 187 1 355 1 339 3 379 1 289 2 327 1 420 1 393 1 29 2 146 1 448 2 433 1 401 1 212 6 185 1 320 1 421 1
//IdTournes NbColis
20 6
//IdColis IdCommandeInColis NbProducts IdProd1 QtyProd1 IdProd2 QtyProd2 ...
209 37 10 97 1 113 1 30 1 100 1 48 1 53 1 54 1 232 1 233 1 183 1
116 19 6 151 1 105 1 119 1 31 1 165 1 175 1
174 30 13 214 2 302 2 380 1 203 3 384 1 378 1 232 1 233 1 431 1 183 1 191 1 207 2 231 1
183 32 5 38 1 90 1 92 2 31 1 319 1
195 34 5 44 1 38 1 452 1 31 2 313 1
61 9 15 76 1 89 1 91 1 106 1 52 1 199 1 230 1 257 1 183 1 191 1 207 2 228 2 422 1 73 2 47 1
//IdTournes NbColis
21 6
//IdColis IdCommandeInColis NbProducts IdProd1 QtyProd1 IdProd2 QtyProd2 ...
75 11 15 52 1 306 1 214 1 425 1 199 1 230 1 183 1 175 2 191 1 207 2 281 2 323 2 73 2 211 1 334 1
112 18 5 114 1 151 1 113 1 45 1 306 1
175 30 13 231 1 216 3 323 1 32 1 211 1 177 3 218 1 173 1 234 1 293 1 200 5 206 3 222 2
187 32 15 378 1 199 1 230 1 226 2 183 1 300 1 329 1 175 3 294 1 191 1 207 2 228 2 444 1 326 1 442 1
140 24 15 265 1 221 1 200 3 382 5 383 2 406 1 354 2 201 3 188 2 205 1 215 2 34 1 356 1 385 2 243 1
207 36 20 300 1 331 1 191 1 264 1 207 2 281 2 445 1 57 1 337 1 277 1 173 1 217 1 220 1 365 1 195 2 205 1 215 2 34 2 223 1 386 1
//IdTournes NbColis
22 6
//IdColis IdCommandeInColis NbProducts IdProd1 QtyProd1 IdProd2 QtyProd2 ...
135 23 11 35 1 368 1 408 1 370 1 404 1 282 1 410 1 402 1 372 1 413 1 373 2
169 29 21 365 1 217 3 220 1 354 1 339 1 188 2 205 1 343 1 215 2 385 1 420 1 279 1 42 1 237 1 212 6 463 2 219 3 36 1 39 1 313 1 386 1
164 29 6 45 1 92 1 38 1 456 1 143 1 339 1
11 2 16 246 1 40 2 49 2 117 1 185 1 334 1 192 1 419 1 55 2 145 2 468 1 120 1 141 1 386 5 402 1 243 1
156 27 19 208 1 275 1 281 2 216 2 245 1 476 1 172 1 277 1 295 1 186 1 262 1 179 1 193 1 251 1 221 1 217 3 220 2 200 1 78 1
210 37 13 191 1 207 1 231 1 435 1 316 1 361 1 173 1 195 1 205 1 215 1 223 1 78 1 371 1
//IdTournes NbColis
23 6
//IdColis IdCommandeInColis NbProducts IdProd1 QtyProd1 IdProd2 QtyProd2 ...
89 13 14 207 1 216 1 323 2 99 1 211 1 295 2 186 1 336 1 177 3 262 4 218 1 220 3 200 2 192 1
145 25 15 183 1 175 2 189 1 207 2 228 2 283 1 352 2 99 1 85 1 260 2 391 3 336 1 310 1 177 1 308 1
157 27 13 200 2 204 1 206 2 222 6 382 3 225 4 201 2 213 1 180 1 311 1 385 2 239 1 446 1
65 10 4 136 2 456 1 101 2 276 1
167 29 16 230 1 257 1 183 1 473 1 174 1 275 1 312 2 228 2 283 1 422 1 353 3 135 1 277 2 258 1 336 1 186 1
188 32 15 283 1 422 1 216 2 172 1 177 2 218 1 179 2 193 2 251 2 221 1 217 2 220 1 200 2 204 4 141 1
//IdTournes NbColis
24 6
//IdColis IdCommandeInColis NbProducts IdProd1 QtyProd1 IdProd2 QtyProd2 ...
190 32 3 236 1 141 1 373 2
36 6 5 155 1 136 2 119 1 103 1 339 1
192 33 5 45 1 105 2 456 1 103 1 205 1
136 24 6 45 1 84 1 90 1 92 1 286 1 201 1
27 5 6 105 1 118 1 456 1 46 2 52 1 386 1
126 21 14 119 1 48 1 53 1 54 1 232 1 183 1 362 1 191 1 207 1 281 1 469 1 316 1 172 1 368 1
//IdTournes NbColis
25 6
//IdColis IdCommandeInColis NbProducts IdProd1 QtyProd1 IdProd2 QtyProd2 ...
144 25 14 128 2 272 1 266 1 203 3 325 1 377 1 378 1 425 1 199 1 230 1 333 1 335 1 363 2 227 1
19 4 8 52 1 144 2 272 1 266 3 380 2 214 4 203 3 307 1
103 16 11 88 1 104 1 91 1 106 1 276 2 182 1 52 1 224 1 235 1 196 4 108 1
150 26 12 119 1 460 1 89 1 91 1 106 1 199 1 232 1 183 1 362 1 207 1 281 1 374 1
81 12 12 104 1 91 1 106 1 144 2 302 1 203 1 378 1 198 1 230 1 351 2 397 3 189 1
92 13 2 157 1 358 1
//IdTournes NbColis
26 6
//IdColis IdCommandeInColis NbProducts IdProd1 QtyProd1 IdProd2 QtyProd2 ...
114 18 18 53 1 425 1 232 1 233 1 298 1 309 1 191 1 207 2 231 2 172 1 290 1 277 1 177 1 173 1 292 1 217 1 288 1 195 2
155 27 14 106 1 269 1 272 2 214 2 203 1 325 1 378 1 199 1 232 1 317 2 191 1 264 1 207 2 179 1
197 34 9 437 1 266 2 302 3 380 2 203 4 325 1 384 1 425 2 189 1
166 29 11 144 2 269 1 272 2 381 3 380 2 203 1 325 1 378 2 424 1 198 1 189 1
95 14 19 203 1 306 1 325 1 232 1 233 1 329 1 294 1 191 1 207 2 231 2 258 1 173 1 251 1 217 1 222 2 365 1 288 1 195 1 108 1
8 2 11 378 1 377 2 230 1 199 1 268 5 363 3 175 1 228 2 191 1 264 1 145 1
//IdTournes NbColis
27 6
//IdColis IdCommandeInColis NbProducts IdProd1 QtyProd1 IdProd2 QtyProd2 ...
30 5 14 203 1 306 2 325 1 377 2 378 1 199 1 175 1 191 1 207 2 281 2 216 2 211 2 258 1 122 1
105 16 15 228 1 352 5 164 1 172 2 177 1 262 1 179 2 202 1 221 1 293 2 220 1 200 1 217 3 204 1 181 1
124 20 9 164 1 336 1 234 1 173 1 288 1 195 1 215 1 223 1 417 1
201 34 17 206 2 376 1 204 3 222 4 365 2 383 1 415 1 213 1 339 3 188 2 205 1 379 1 308 1 314 1 168 1 215 1 227 1
82 12 14 397 2 226 2 273 1 280 1 174 2 207 2 228 2 283 1 209 1 352 2 247 1 260 2 177 1 386 1
131 22 9 355 1 201 1 188 2 205 1 215 2 462 1 169 1 219 1 278 1
//IdTournes NbColis
28 6
//IdColis IdCommandeInColis NbProducts IdProd1 QtyProd1 IdProd2 QtyProd2 ...
39 6 15 216 3 472 1 316 1 211 2 277 1 295 3 258 1 173 1 251 1 324 1 200 1 217 2 204 3 206 2 250 1
194 33 8 281 1 191 1 277 1 172 2 173 1 215 1 279 1 185 1
205 35 13 322 1 232 1 233 1 183 1 191 1 207 1 326 1 281 1 172 1 318 1 291 1 330 1 328 1
22 4 10 217 5 206 5 204 3 222 3 365 1 225 4 250 1 354 1 339 2 213 1
47 7 13 254 1 258 1 177 2 190 1 179 2 197 3 220 2 173 1 251 1 265 1 200 3 376 6 217 1
76 11 14 290 1 337 1 260 1 252 1 254 1 186 1 179 1 173 1 221 1 293 2 204 3 206 5 382 5 187 1
//IdTournes NbColis
29 6
//IdColis IdCommandeInColis NbProducts IdProd1 QtyProd1 IdProd2 QtyProd2 ...
119 19 17 200 1 220 2 173 1 204 3 206 2 222 1 365 1 382 1 187 1 355 3 201 4 188 2 205 1 379 1 308 1 215 1 192 1
130 22 11 228 2 391 1 218 2 193 3 200 5 204 4 217 3 220 2 173 1 355 1 194 1
168 29 13 483 1 218 1 179 1 193 2 173 1 200 4 382 2 383 1 389 4 204 2 376 5 355 1 386 1
198 34 12 198 1 230 1 226 4 397 1 174 2 400 1 423 2 303 1 207 2 228 2 283 1 422 1
20 4 13 203 2 325 1 199 1 232 2 338 2 226 2 397 2 183 1 263 1 175 1 329 1 294 1 191 1
38 6 16 203 1 333 1 338 1 226 1 397 2 232 1 233 1 183 1 317 1 329 1 294 1 191 1 207 2 231 2 323 1 209 1
//IdTournes NbColis
30 6
//IdColis IdCommandeInColis NbProducts IdProd1 QtyProd1 IdProd2 QtyProd2 ...
88 13 15 378 1 272 1 338 1 226 1 232 1 199 1 268 3 363 2 317 1 183 1 281 2 294 1 191 1 207 1 215 1
147 25 19 355 1 201 1 188 2 205 1 379 1 215 2 180 1 356 1 394 1 385 1 279 1 271 1 399 1 237 2 212 1 313 1 194 1 241 1 373 1
45 7 11 302 1 203 3 325 1 198 1 333 1 226 1 397 3 230 2 257 1 363 3 457 1
57 8 8 195 2 205 1 215 2 279 1 259 1 366 1 301 1 373 1
186 32 6 266 1 302 1 214 7 203 3 325 3 378 2
106 16 10 204 2 206 5 222 2 365 3 382 1 355 5 354 3 201 4 339 1 227 1
//IdTournes NbColis
31 2
//IdColis IdCommandeInColis NbProducts IdProd1 QtyProd1 IdProd2 QtyProd2 ...
25 4 13 386 1 410 1 357 1 411 1 439 2 243 1 227 1 238 1 474 1 458 1 342 1 413 1 373 1
71 10 3 458 1 345 1 373 1
