//NbTournees
4
//IdTournes NbColis
1 6
//IdColis IdCommandeInColis NbProducts IdProd1 QtyProd1 IdProd2 QtyProd2 ...
6 2 37 272 1 278 1 282 1 5 1 40 1 39 3 79 1 66 1 77 1 83 1 85 1 92 1 104 1 338 1 22 1 61 1 68 1 89 1 101 2 201 1 70 1 339 1 20 1 238 1 98 1 239 1 328 2 202 1 340 1 341 1 102 2 329 3 225 1 332 1 203 1 330 2 191 2
18 4 38 74 1 89 1 317 1 234 1 324 1 336 1 141 2 82 1 171 1 174 2 313 1 201 2 229 1 235 1 240 1 331 1 49 1 134 1 70 1 148 1 33 1 130 2 72 1 238 1 95 2 187 1 98 1 334 1 6 1 168 1 207 1 200 1 209 1 196 1 322 2 297 2 226 1 232 1
22 5 20 247 1 273 1 43 1 64 1 65 1 253 1 18 1 298 1 276 1 291 1 299 1 255 1 75 1 24 1 119 1 278 1 282 1 55 1 78 1 240 1
5 2 21 251 1 67 1 303 1 37 1 62 1 65 1 69 1 91 1 1 1 241 1 259 1 270 1 337 1 3 1 44 1 119 1 12 1 60 1 294 1 199 1 196 1
1 1 16 247 1 23 1 58 1 88 1 62 1 65 1 69 1 91 1 1 1 242 1 342 1 257 1 259 1 289 2 304 2 30 1
3 1 27 99 1 68 1 197 1 35 1 82 2 101 1 211 1 235 1 94 1 350 1 118 1 196 1 258 1 243 1 245 1 271 1 100 1 348 1 346 1 351 1 102 3 329 4 347 2 106 1 195 1 332 2 115 1
//IdTournes NbColis
2 6
//IdColis IdCommandeInColis NbProducts IdProd1 QtyProd1 IdProd2 QtyProd2 ...
23 5 30 93 1 315 1 250 1 268 1 300 1 312 1 77 1 80 1 86 1 288 1 63 1 85 1 92 1 314 1 74 1 281 1 111 1 118 1 244 1 254 1 110 1 296 1 249 1 107 1 114 1 113 1 112 1 116 1 117 2 115 1
10 3 21 204 1 72 1 95 1 309 1 96 1 110 1 196 1 258 1 301 1 214 1 109 1 245 1 262 1 108 1 184 1 194 1 105 1 198 1 106 1 192 1 213 1
2 1 27 304 1 311 1 119 1 12 2 272 1 278 1 282 2 283 1 345 1 216 1 78 1 93 1 280 1 306 1 307 1 77 2 87 1 97 1 349 1 246 3 248 1 343 1 344 1 73 1 92 2 314 1 254 1
19 4 44 212 1 214 1 221 1 224 1 323 1 328 2 321 1 325 1 215 1 185 1 249 1 256 3 265 1 236 3 100 1 326 1 222 1 218 1 220 1 193 1 261 1 105 1 188 1 114 1 208 1 219 1 237 1 102 2 327 2 192 2 113 1 206 1 210 1 225 1 233 1 319 1 106 2 333 1 203 2 223 1 116 1 190 2 191 1 228 1
11 4 14 122 1 147 1 273 1 152 1 252 1 275 1 29 1 42 1 45 1 136 1 157 1 161 2 125 1 153 1
13 4 19 65 1 140 1 146 1 156 1 176 1 183 1 21 4 46 1 91 1 4 1 257 1 263 1 264 1 266 1 267 1 276 1 289 1 302 1 167 1
//IdTournes NbColis
3 6
//IdColis IdCommandeInColis NbProducts IdProd1 QtyProd1 IdProd2 QtyProd2 ...
17 4 33 169 1 178 1 180 1 227 1 230 1 285 1 316 1 97 1 260 1 286 1 84 2 131 1 132 1 143 2 85 1 165 1 92 2 269 1 277 1 189 1 292 1 150 1 22 1 48 1 50 1 51 1 54 1 127 1 128 1 68 1 142 2 149 2 202 1
8 3 16 274 1 295 1 13 1 1 1 279 1 298 1 267 1 284 1 290 2 299 1 302 1 305 1 308 1 11 1 81 1 3 1
9 3 27 52 1 71 1 76 1 90 1 12 2 60 2 103 1 199 1 272 1 283 2 216 1 78 1 231 1 59 1 77 1 84 1 73 1 92 1 104 3 217 2 22 2 89 1 197 1 211 1 205 1 201 1 111 1
15 4 26 24 1 38 2 120 1 133 1 137 2 154 1 155 1 76 1 164 1 90 1 182 1 2 1 12 2 60 1 162 1 8 1 25 1 31 1 145 1 177 1 199 1 272 2 278 1 41 1 55 1 195 1
16 4 24 129 1 158 2 163 2 166 1 173 1 318 2 320 1 335 1 17 1 144 1 78 1 93 2 186 2 39 1 79 1 27 1 28 1 126 1 59 3 77 2 159 1 80 1 86 1 285 1
14 4 20 308 1 310 1 7 1 11 1 16 1 135 1 138 1 139 1 15 1 81 4 172 1 287 1 3 1 19 1 14 1 34 1 36 1 151 1 179 1 293 2
//IdTournes NbColis
4 1
//IdColis IdCommandeInColis NbProducts IdProd1 QtyProd1 IdProd2 QtyProd2 ...
12 4 19 9 1 13 1 47 1 56 1 121 1 124 1 170 1 175 1 181 1 53 1 160 1 123 1 88 1 10 2 26 1 32 1 57 1 62 1 65 1
