//NbTournees
4
//IdTournes NbColis
1 6
//IdColis IdCommandeInColis NbProducts IdProd1 QtyProd1 IdProd2 QtyProd2 ...
12 3 31 16 1 23 2 29 1 39 2 85 1 104 1 132 1 136 1 146 1 52 1 5 1 14 1 53 1 33 1 1 1 37 2 40 1 59 1 71 1 13 1 41 1 51 1 18 1 15 1 31 1 24 1 17 1 49 1 57 3 21 2 7 2
16 4 24 165 1 34 1 63 1 102 1 103 1 118 1 134 1 163 1 173 1 35 1 115 1 117 1 155 1 70 1 44 1 16 1 23 3 29 1 60 1 94 1 136 1 146 1 166 1 52 1
24 6 23 23 1 29 1 60 1 94 2 96 1 136 1 146 1 153 1 154 1 186 1 196 1 1 1 197 1 13 1 73 1 187 1 190 1 191 1 24 1 17 1 57 3 21 1 22 1
14 4 15 2 1 42 1 43 1 55 1 28 1 167 1 54 2 56 1 75 1 100 1 61 1 86 1 87 2 88 1 21 1
15 4 18 93 1 106 1 109 2 110 1 119 1 142 1 147 1 149 1 158 1 159 1 120 1 62 1 130 3 160 1 165 1 180 1 21 1 19 1
2 1 16 110 2 128 1 119 1 135 1 147 1 123 1 142 1 158 1 159 1 120 1 34 2 137 2 172 1 156 1 63 1 19 1
//IdTournes NbColis
2 6
//IdColis IdCommandeInColis NbProducts IdProd1 QtyProd1 IdProd2 QtyProd2 ...
3 1 28 178 1 165 1 63 1 98 1 118 1 134 1 163 1 67 1 99 1 117 1 126 1 127 1 155 1 70 1 11 1 16 1 23 3 29 1 39 1 26 1 64 1 77 1 101 1 104 1 129 1 131 1 25 1 45 1
6 2 27 158 1 120 1 34 1 50 1 65 1 137 1 138 1 156 1 168 1 35 1 63 1 118 1 134 1 139 1 140 1 117 1 155 1 82 1 114 1 122 1 70 1 9 1 16 1 32 1 3 1 21 1 19 1
11 3 18 176 1 158 1 34 1 111 2 141 1 160 1 165 2 169 1 151 1 178 1 63 1 118 1 133 1 134 1 36 1 70 1 11 1 52 1
19 5 16 143 1 147 1 158 1 148 1 137 3 165 2 156 1 178 1 34 1 80 1 63 1 105 1 118 1 134 1 139 1 155 1
23 6 21 175 1 189 1 120 1 68 1 137 2 138 1 151 1 152 1 156 1 79 1 63 1 108 1 134 1 150 1 35 1 92 1 117 1 155 1 91 1 70 1 37 1
10 3 19 54 2 75 2 78 2 100 2 66 1 76 1 86 1 93 1 107 1 110 1 119 1 142 1 147 1 149 1 123 1 174 1 120 1 12 1 19 1
//IdTournes NbColis
3 6
//IdColis IdCommandeInColis NbProducts IdProd1 QtyProd1 IdProd2 QtyProd2 ...
7 2 29 23 1 29 1 39 1 10 1 77 1 101 2 136 1 146 1 164 1 153 1 69 1 157 1 166 1 95 2 121 3 177 2 161 2 162 2 72 1 1 1 13 1 46 1 18 1 24 1 38 1 17 1 48 1 21 2 22 2
20 5 29 35 1 115 1 117 1 90 1 122 1 70 1 16 1 29 1 94 1 136 1 146 1 171 1 157 1 58 1 95 1 121 3 177 2 161 2 162 1 1 1 179 1 193 1 194 1 195 1 24 1 184 1 17 1 21 2 22 2
17 4 15 52 1 14 1 1 1 185 1 37 2 188 1 13 1 73 1 181 1 182 1 192 1 18 1 183 1 24 1 57 3
9 3 8 2 1 42 1 28 1 27 8 74 1 167 2 35 1 7 1
1 1 18 2 1 42 1 28 1 167 1 84 1 75 1 100 1 81 2 83 1 86 1 87 3 89 1 93 1 97 1 124 1 125 1 35 1 30 1
18 5 18 2 1 42 1 28 1 54 2 56 1 75 1 100 1 81 1 86 1 93 1 106 2 109 1 110 1 123 1 119 1 142 1 149 1 19 1
//IdTournes NbColis
4 3
//IdColis IdCommandeInColis NbProducts IdProd1 QtyProd1 IdProd2 QtyProd2 ...
22 6 21 2 1 42 1 28 1 144 1 167 1 113 1 75 1 100 1 20 1 83 1 86 1 93 1 110 1 119 1 142 1 145 1 147 1 158 1 159 1 18 1 19 1
5 2 18 2 1 42 1 55 1 28 1 198 1 54 1 56 1 20 1 86 1 93 1 110 1 112 1 116 1 123 1 119 1 142 1 147 1 40 1
4 1 18 136 1 146 1 170 2 171 1 153 1 52 1 58 1 1 1 8 1 13 1 46 1 6 1 12 1 24 1 17 1 4 1 47 1 57 3
