//NbTournees
2
//IdTournes NbColis
1 6
//IdColis IdCommandeInColis NbProducts IdProd1 QtyProd1 IdProd2 QtyProd2 ...
6 1 31 109 2 130 1 34 1 40 1 61 1 174 1 138 1 2 1 20 1 144 1 147 1 161 1 168 1 177 1 191 1 211 1 136 1 125 1 210 1 119 1 91 1 72 1 83 3 86 3 88 3 97 1 113 1 128 1 132 1 134 1 199 1
7 1 39 134 1 131 1 140 2 196 1 207 1 90 1 106 1 114 1 117 1 1 1 13 1 33 1 37 1 38 1 49 1 55 2 59 1 65 1 66 1 69 1 75 1 79 1 82 1 184 1 198 1 215 1 36 1 142 1 190 1 212 1 217 1 219 1 220 3 28 1 45 2 56 1 62 1 76 2 126 1
8 1 43 76 2 137 3 60 1 63 1 80 4 104 1 116 1 120 1 124 1 96 1 176 1 178 2 30 1 84 1 155 1 175 1 185 1 41 1 46 1 50 1 53 1 57 1 68 1 70 1 203 1 208 1 169 1 163 2 166 1 3 1 31 1 47 1 54 1 73 1 81 1 213 1 218 1 170 1 100 1 122 1 123 1 216 1 133 1
5 1 31 111 1 189 1 9 1 14 1 64 1 87 1 105 1 172 1 173 1 52 2 71 1 143 1 4 1 23 1 58 1 25 1 32 1 42 1 51 1 74 1 85 1 149 1 152 1 154 1 159 1 160 1 164 1 171 2 180 1 188 1 103 1
2 1 13 7 1 26 1 139 1 153 1 5 1 17 1 206 1 141 1 108 1 157 1 107 1 224 1 78 1
4 1 26 95 1 93 1 135 1 10 1 18 1 27 1 29 1 44 1 92 1 94 1 162 2 165 2 8 1 209 1 6 1 21 1 22 1 24 1 35 1 39 1 43 1 48 1 67 1 145 1 179 1 127 1
//IdTournes NbColis
2 3
//IdColis IdCommandeInColis NbProducts IdProd1 QtyProd1 IdProd2 QtyProd2 ...
1 1 6 11 1 12 1 15 1 19 1 150 2 16 1
3 1 16 224 3 227 1 98 1 89 1 146 1 148 1 151 1 156 2 167 1 181 3 129 1 101 1 158 1 182 1 186 1 194 1
9 1 29 192 1 201 6 225 3 226 2 231 1 102 1 112 1 115 2 118 7 121 2 183 1 200 1 214 1 221 4 222 1 223 9 229 6 228 1 230 1 77 1 99 1 110 1 187 1 193 1 195 1 197 1 202 1 204 1 205 1
