//NbTournees
12
//IdTournes NbColis
1 6
//IdColis IdCommandeInColis NbProducts IdProd1 QtyProd1 IdProd2 QtyProd2 ...
4 1 33 1 1 106 1 174 2 27 2 77 1 111 1 112 1 165 1 108 1 120 1 66 1 131 1 32 1 33 1 65 1 34 2 107 1 99 1 63 1 103 1 105 1 110 1 114 2 117 2 118 1 121 2 122 2 81 1 83 1 158 1 130 1 179 1 85 2
9 2 33 78 1 97 1 101 1 2 1 115 1 62 1 41 2 27 1 77 1 112 1 108 1 120 1 146 2 76 1 74 1 66 1 71 1 32 1 33 2 65 1 34 2 72 1 87 3 107 1 91 1 99 1 63 1 81 1 83 1 95 1 103 1 105 1 118 1
60 11 20 34 2 87 1 107 2 249 1 63 1 81 1 83 1 103 2 105 2 110 2 114 3 117 3 118 2 121 3 122 3 221 1 205 1 59 1 241 1 130 1
14 3 33 3 1 168 1 82 1 94 2 104 1 106 1 178 1 115 1 102 1 56 1 112 1 133 1 80 1 120 1 124 1 150 2 86 1 66 1 170 1 131 1 32 1 33 1 161 1 65 1 34 1 107 2 99 1 81 1 83 1 103 1 105 1 110 1 114 1
62 12 6 232 1 7 2 10 1 13 2 113 1 206 1
19 4 19 20 1 163 1 44 1 164 3 101 2 78 2 97 2 53 2 54 1 55 2 94 3 104 1 106 2 4 1 115 3 96 1 52 2 57 1 76 1
//IdTournes NbColis
2 6
//IdColis IdCommandeInColis NbProducts IdProd1 QtyProd1 IdProd2 QtyProd2 ...
66 12 15 61 3 44 3 230 3 101 2 78 3 97 2 207 1 233 1 53 3 54 1 55 3 243 2 244 2 106 1 82 1
75 13 18 200 1 97 2 101 2 119 2 208 1 234 1 237 1 82 1 235 1 115 3 93 1 174 4 102 1 236 2 251 3 112 1 84 2 173 1
27 5 31 202 1 108 2 120 1 124 2 125 1 76 1 150 2 70 1 64 1 71 1 131 1 75 1 32 1 33 2 65 1 34 2 90 1 9 1 5 1 63 1 103 2 105 1 110 1 114 2 116 1 121 3 81 1 83 1 95 2 118 2 117 2
3 1 14 24 1 29 1 50 1 89 2 127 2 100 1 98 1 6 1 51 1 44 1 101 1 78 2 97 1 158 1
63 12 6 13 1 17 1 21 3 213 1 113 1 209 1
2 1 6 7 2 21 2 25 1 22 1 113 1 128 1
//IdTournes NbColis
3 6
//IdColis IdCommandeInColis NbProducts IdProd1 QtyProd1 IdProd2 QtyProd2 ...
6 2 6 7 2 8 2 10 1 17 1 113 1 98 1
12 3 6 17 1 7 2 21 1 25 1 22 1 11 1
16 4 6 7 2 10 1 13 2 17 1 113 1 49 1
23 5 5 7 2 8 2 10 1 13 1 16 1
30 6 5 7 2 21 2 26 2 113 1 38 1
36 7 5 7 3 8 2 10 1 113 1 100 1
//IdTournes NbColis
4 6
//IdColis IdCommandeInColis NbProducts IdProd1 QtyProd1 IdProd2 QtyProd2 ...
42 8 6 7 3 8 1 10 1 13 1 113 1 100 1
48 9 6 7 2 8 2 10 1 17 1 113 1 141 1
52 10 6 43 1 7 2 8 1 10 1 21 1 42 1
56 11 4 7 3 8 3 113 1 100 1
71 13 5 7 3 10 1 13 2 113 1 98 1
1 1 6 8 2 10 1 13 2 17 1 113 1 128 1
//IdTournes NbColis
5 6
//IdColis IdCommandeInColis NbProducts IdProd1 QtyProd1 IdProd2 QtyProd2 ...
11 3 7 19 1 157 1 8 2 10 1 13 1 149 1 176 1
31 6 6 22 1 8 3 10 1 17 1 113 1 98 1
57 11 8 10 1 21 2 24 1 39 1 113 1 30 1 186 2 102 1
65 12 8 29 3 46 1 89 2 127 3 210 2 100 1 98 1 51 1
67 12 25 229 1 115 1 93 1 52 3 57 3 174 3 102 1 139 1 56 2 111 1 112 1 167 1 73 1 80 3 220 1 227 1 123 1 120 1 225 1 250 1 74 2 86 1 64 1 211 1 69 1
15 3 13 114 1 116 1 117 2 118 1 121 2 122 2 152 1 36 1 12 1 162 1 126 1 130 1 132 1
//IdTournes NbColis
6 6
//IdColis IdCommandeInColis NbProducts IdProd1 QtyProd1 IdProd2 QtyProd2 ...
33 6 23 37 3 149 1 51 1 44 2 119 1 78 2 97 1 101 1 142 1 191 1 115 1 145 1 112 1 73 1 194 1 80 3 108 4 120 1 124 2 125 2 76 1 150 1 182 1
47 8 14 117 2 118 1 121 2 122 2 81 1 83 1 95 1 36 1 12 1 132 1 67 3 134 3 85 1 69 1
51 9 20 34 1 107 1 135 1 23 1 99 1 110 1 121 2 122 2 81 1 83 1 103 1 105 1 114 2 117 2 118 1 36 1 12 1 130 2 132 1 151 1
78 13 15 116 1 117 3 118 2 121 3 122 3 240 3 36 1 12 1 59 1 130 1 222 1 176 3 147 5 67 1 179 1
53 10 19 24 1 39 1 113 2 127 2 100 1 180 1 98 1 51 1 101 1 78 1 97 1 53 1 54 1 55 1 82 1 104 1 106 1 178 1 129 1
24 5 7 13 1 17 1 21 2 22 1 24 1 113 1 98 1
//IdTournes NbColis
7 6
//IdColis IdCommandeInColis NbProducts IdProd1 QtyProd1 IdProd2 QtyProd2 ...
43 8 7 13 1 17 1 24 1 29 2 21 1 113 1 98 1
13 3 17 24 1 50 1 113 1 109 1 127 2 128 1 14 1 100 1 98 1 31 1 51 1 44 2 97 1 101 1 119 1 78 2 182 1
26 5 20 127 3 60 2 171 1 100 1 51 2 44 1 101 1 78 2 97 1 106 1 174 2 139 2 56 3 77 1 111 1 112 1 15 1 73 1 172 1 173 1
37 7 6 17 1 21 2 26 2 22 1 113 1 180 1
72 13 5 17 1 21 2 45 3 113 1 100 1
8 2 11 24 1 50 2 18 1 109 2 127 2 31 1 51 2 61 1 44 2 78 1 80 1
//IdTournes NbColis
8 6
//IdColis IdCommandeInColis NbProducts IdProd1 QtyProd1 IdProd2 QtyProd2 ...
49 9 8 40 1 21 1 24 1 25 1 26 1 22 1 186 1 149 1
59 11 30 52 2 217 1 57 1 174 1 41 1 216 1 166 1 245 1 247 1 224 1 148 2 218 1 84 3 165 1 220 1 227 1 108 3 120 1 124 2 228 1 150 1 74 1 64 1 215 1 239 1 219 1 32 1 33 1 65 1 67 1
18 4 9 22 1 29 2 30 1 127 2 47 1 48 1 88 3 98 1 20 3
34 6 28 74 1 66 1 170 2 199 1 32 1 33 1 65 1 34 2 107 2 135 1 23 1 99 1 63 1 110 1 121 2 122 2 81 1 83 1 95 1 103 1 105 1 114 2 117 2 118 1 59 1 193 1 183 1 182 1
77 13 21 86 1 74 4 64 1 170 2 219 1 32 2 33 2 65 2 34 2 90 4 107 2 135 2 23 1 81 1 83 1 95 4 103 2 105 2 110 2 114 3 116 3
74 13 10 46 1 89 3 201 3 127 3 149 2 212 2 44 3 242 2 200 2 87 1
//IdTournes NbColis
9 6
//IdColis IdCommandeInColis NbProducts IdProd1 QtyProd1 IdProd2 QtyProd2 ...
7 2 6 21 2 25 1 26 2 22 1 113 1 100 1
17 4 6 21 2 45 2 24 1 25 1 113 1 100 1
44 8 8 21 1 45 1 25 2 22 1 30 1 46 1 89 2 130 1
64 12 7 214 1 45 2 24 1 231 1 25 1 113 1 100 1
32 6 7 24 1 25 1 50 2 113 1 198 2 127 3 100 1
38 7 7 24 1 25 2 50 2 127 2 204 1 149 1 98 1
//IdTournes NbColis
10 6
//IdColis IdCommandeInColis NbProducts IdProd1 QtyProd1 IdProd2 QtyProd2 ...
73 13 6 22 1 24 1 25 2 29 2 113 1 100 1
25 5 7 50 2 25 1 113 2 144 3 89 1 186 2 171 1
45 8 16 89 1 201 3 127 2 204 3 31 1 101 1 200 2 97 1 35 1 115 1 28 1 145 3 203 1 112 1 194 2 173 1
39 7 24 149 1 31 1 61 2 44 1 192 1 101 2 78 3 97 2 188 1 104 1 93 1 96 1 102 1 56 2 189 1 190 1 194 1 173 1 195 1 84 1 133 1 123 1 108 1 124 4
58 11 19 127 3 204 1 149 1 100 1 98 1 51 2 44 1 97 2 101 2 78 3 53 2 54 1 55 2 82 1 248 1 229 1 115 1 93 1 177 1
54 10 33 94 2 52 1 57 1 159 1 174 1 102 1 166 1 77 1 167 1 133 1 124 1 86 1 66 1 32 1 33 1 65 1 34 1 107 1 99 1 83 1 103 1 105 1 110 1 114 2 117 2 118 1 121 2 122 2 81 1 36 1 130 1 132 1 175 1
//IdTournes NbColis
11 6
//IdColis IdCommandeInColis NbProducts IdProd1 QtyProd1 IdProd2 QtyProd2 ...
20 4 22 57 1 58 1 174 2 148 3 167 1 84 4 133 1 172 3 173 1 120 2 124 1 181 1 150 1 86 1 70 1 74 3 66 1 71 1 75 1 32 2 33 1 65 1
40 7 31 124 1 125 2 196 1 74 2 86 2 66 1 170 2 199 2 32 1 33 1 65 1 34 2 107 1 197 3 99 1 63 1 103 1 105 1 110 1 114 2 117 2 118 1 121 2 122 2 81 1 83 1 130 1 132 1 151 1 92 1 182 3
46 8 27 172 1 133 1 80 1 108 3 120 1 124 3 76 2 64 1 137 2 71 1 131 3 155 1 156 2 32 1 33 2 34 2 65 1 107 1 87 1 90 1 91 1 99 1 63 1 103 1 105 1 110 1 114 2
50 9 29 186 1 127 1 98 1 100 1 44 1 78 1 97 1 101 1 138 1 140 1 178 1 82 1 94 2 104 1 106 1 174 1 167 1 172 1 173 1 150 1 86 1 66 1 153 1 154 1 155 1 156 1 32 1 33 1 65 1
68 12 23 226 1 71 1 219 1 131 1 75 4 32 2 33 2 65 2 34 2 107 1 91 4 99 1 223 2 103 2 105 2 110 2 114 3 117 4 118 2 81 1 83 1 95 1 121 4
21 4 23 33 1 34 2 90 1 63 1 81 1 83 1 95 1 103 2 114 2 117 3 118 2 105 1 110 1 121 3 122 2 152 1 36 1 160 1 177 1 129 1 147 1 85 2 134 2
//IdTournes NbColis
12 4
//IdColis IdCommandeInColis NbProducts IdProd1 QtyProd1 IdProd2 QtyProd2 ...
69 12 10 122 3 152 1 59 1 130 1 132 1 193 1 147 1 252 4 246 3 184 2
10 2 13 114 2 117 2 110 1 121 2 122 2 36 1 68 3 130 1 132 1 79 1 67 1 85 4 69 1
28 5 16 117 1 122 2 36 1 130 3 143 1 129 1 136 3 147 4 183 1 134 2 85 1 169 2 182 2 184 2 185 2 187 3
76 13 14 84 3 173 1 133 3 80 3 220 3 238 3 227 1 108 4 120 3 124 2 125 3 146 2 150 1 86 2
