//NbTournees
3
//IdTournes NbColis
1 6
//IdColis IdCommandeInColis NbProducts IdProd1 QtyProd1 IdProd2 QtyProd2 ...
1 1 19 59 1 131 1 133 1 8 1 1 1 11 1 23 1 28 1 31 1 34 1 37 1 41 1 42 1 62 1 64 1 68 1 89 1 91 1 4 1
4 2 12 106 1 59 1 75 1 133 1 128 1 2 1 29 1 56 1 66 1 74 1 77 1 137 1
19 6 29 95 1 122 1 136 1 1 1 2 1 87 1 88 1 93 1 129 1 145 1 118 1 109 1 79 1 117 1 139 1 85 1 86 1 138 1 78 1 46 1 170 1 161 1 155 1 156 2 162 1 164 1 30 1 90 1 160 1
8 3 25 55 1 37 1 42 1 64 1 68 1 99 1 83 1 114 1 137 1 190 1 100 1 201 1 144 1 177 1 196 1 94 1 205 1 3 1 12 2 17 2 19 1 24 1 32 1 49 1 53 1
14 4 33 46 1 47 1 102 2 153 3 239 1 4 1 20 2 22 1 67 1 82 1 214 1 218 1 208 1 247 1 254 1 30 1 72 1 211 1 217 1 221 1 234 1 151 1 206 1 219 1 230 1 248 1 252 1 215 1 160 1 216 1 224 1 227 1 242 1
17 5 35 83 1 115 1 235 1 144 1 213 1 241 1 142 1 141 1 19 1 36 1 40 1 49 1 53 1 237 1 51 1 79 1 154 2 238 1 220 1 236 1 45 1 119 1 50 1 225 1 121 1 127 1 150 1 46 1 71 1 246 1 4 1 20 1 156 3 162 2 164 1
//IdTournes NbColis
2 6
//IdColis IdCommandeInColis NbProducts IdProd1 QtyProd1 IdProd2 QtyProd2 ...
2 1 27 99 1 111 2 81 1 83 1 115 1 137 2 123 1 120 1 132 1 195 1 147 1 255 1 198 1 5 1 17 1 19 1 36 1 49 1 63 1 53 1 113 1 79 1 191 1 228 1 244 1 35 1 150 1
5 2 37 158 1 173 1 120 1 147 1 157 1 125 1 52 1 76 1 79 1 130 1 146 1 33 1 39 1 43 1 57 1 70 1 171 1 134 1 174 1 78 2 6 1 126 1 44 1 175 1 22 1 152 1 163 1 165 1 80 1 167 1 156 3 159 2 162 1 164 1 172 1 176 1 169 1
12 4 20 55 3 37 1 42 1 64 1 68 2 81 1 83 1 99 1 144 1 241 1 189 1 110 1 141 1 143 1 240 1 5 1 12 3 17 2 19 2 24 1
3 1 24 124 1 26 1 200 1 96 1 78 2 226 1 225 1 46 1 47 1 246 1 212 1 7 1 20 1 67 1 156 3 159 2 162 2 164 1 30 1 72 1 148 1 222 1 166 1 245 1
13 4 31 49 2 53 1 61 2 112 2 9 1 51 1 97 1 79 1 210 1 232 1 10 1 98 1 108 1 238 1 26 2 101 1 103 1 15 1 104 1 179 1 182 1 84 1 96 1 78 2 187 2 168 1 226 2 207 1 209 1 149 1 44 1
16 5 15 13 1 59 1 92 1 135 1 11 1 23 1 37 1 42 1 60 1 64 1 68 1 91 1 99 1 81 1 48 1
//IdTournes NbColis
3 5
//IdColis IdCommandeInColis NbProducts IdProd1 QtyProd1 IdProd2 QtyProd2 ...
9 3 20 61 2 112 2 79 1 181 1 197 1 154 1 204 1 26 1 70 1 200 1 249 1 250 1 251 1 14 1 194 1 233 1 175 1 71 1 116 1 80 1
10 4 10 95 1 16 1 105 1 107 1 253 1 192 1 193 2 202 3 183 1 180 1
7 3 14 95 1 186 1 185 1 223 1 243 3 188 2 184 1 18 1 21 1 38 1 54 1 55 1 28 2 69 1
11 4 15 199 1 136 2 203 1 27 2 58 1 65 1 73 1 140 1 178 3 18 2 21 1 38 2 54 1 28 1 25 1
18 5 10 159 2 30 1 72 1 148 1 166 2 222 1 172 1 231 1 248 1 229 1
