//NbTournees
2
//IdTournes NbColis
1 6
//IdColis IdCommandeInColis NbProducts IdProd1 QtyProd1 IdProd2 QtyProd2 ...
2 1 36 74 1 86 2 87 2 95 1 101 1 63 1 66 1 69 1 96 1 26 1 93 1 129 1 107 1 2 1 17 1 52 1 70 1 48 1 100 1 113 1 90 1 1 1 5 1 13 1 14 1 29 1 38 1 51 1 128 1 104 2 109 2 115 1 25 1 27 1 33 1 114 1
7 2 35 22 1 52 1 102 1 64 1 68 1 84 2 122 2 7 1 48 1 131 1 106 1 141 2 44 1 97 1 130 1 55 1 1 1 36 1 5 1 6 2 13 1 14 1 15 3 21 1 38 2 19 2 23 2 135 1 128 1 139 1 125 1 53 1 60 2 16 1 28 2
1 1 17 8 1 10 1 76 1 80 1 57 1 92 1 3 1 4 1 11 1 12 2 18 1 30 1 37 1 41 1 49 1 74 1 75 1
5 2 18 78 2 35 1 3 1 4 1 11 1 12 2 20 1 32 2 37 1 42 1 50 1 56 2 86 2 111 1 62 1 75 2 81 1 91 1
6 2 25 81 1 82 1 137 2 72 1 105 1 89 1 58 1 65 1 83 1 24 1 39 1 112 1 85 1 61 1 77 1 88 2 93 2 94 1 40 2 54 2 143 2 67 4 79 1 22 1 7 1
4 2 10 9 1 47 1 43 1 34 1 99 3 71 1 98 2 73 1 78 1 59 1
//IdTournes NbColis
2 2
//IdColis IdCommandeInColis NbProducts IdProd1 QtyProd1 IdProd2 QtyProd2 ...
8 2 22 31 2 33 2 103 1 110 1 134 1 117 1 121 1 45 3 46 1 132 2 140 1 118 2 123 3 116 1 119 1 127 2 133 1 138 2 124 1 136 1 142 1 126 1
3 1 2 108 1 120 1
