//NbTournees
55
//IdTournes NbColis
1 6
//IdColis IdCommandeInColis NbProducts IdProd1 QtyProd1 IdProd2 QtyProd2 ...
3 1 36 538 1 440 1 515 1 728 1 839 1 631 2 434 1 563 1 467 1 596 2 699 2 4 1 20 1 461 1 15 1 22 1 552 1 27 1 625 1 504 2 575 1 10 3 19 1 1 1 14 3 17 1 11 1 18 1 9 4 448 2 24 1 436 1 28 1 13 1 2 1 3 5
8 2 42 22 1 289 1 204 1 662 1 866 1 111 1 33 2 485 1 786 1 67 2 345 1 504 2 817 1 39 1 190 3 580 1 317 5 500 1 682 1 629 1 481 1 483 1 432 1 368 2 9 2 472 1 464 2 884 1 370 1 448 3 38 1 367 1 436 2 41 1 494 1 882 1 45 1 365 1 366 1 369 1 290 1 3 5
13 3 13 14 2 500 1 18 1 9 4 52 2 66 1 448 2 436 1 654 1 147 1 53 1 2 1 3 4
17 4 16 1 1 500 2 678 1 17 1 18 1 9 3 492 1 448 2 68 1 822 1 436 1 69 1 146 1 101 1 302 1 3 5
20 5 34 491 1 435 1 511 1 538 1 548 1 551 1 623 1 796 1 595 2 596 2 20 1 461 1 55 1 83 1 550 1 37 1 526 1 604 1 803 1 786 1 773 1 76 3 531 1 73 5 17 1 18 1 464 1 547 1 79 2 448 2 77 1 436 1 74 1 3 4
25 6 21 73 2 426 1 832 1 17 1 629 1 18 1 9 2 589 1 737 1 720 1 448 2 635 1 436 1 28 1 90 1 88 1 216 1 86 2 89 1 329 1 3 4
//IdTournes NbColis
2 6
//IdColis IdCommandeInColis NbProducts IdProd1 QtyProd1 IdProd2 QtyProd2 ...
29 7 29 73 4 493 1 678 1 17 1 483 1 18 1 11 1 402 1 9 4 441 1 99 1 448 2 38 1 225 1 436 1 102 1 549 1 90 2 147 1 216 1 96 1 53 1 101 1 401 1 97 1 352 1 89 1 266 1 3 5
34 8 22 893 1 16 1 427 1 456 1 495 1 507 1 584 1 815 1 491 1 98 2 116 1 489 2 44 1 433 2 538 2 700 1 620 1 631 2 823 3 434 2 437 2 220 1
36 8 29 618 1 170 3 493 1 226 1 113 1 380 2 432 1 378 1 219 4 492 2 441 1 370 1 448 3 38 1 115 1 382 1 436 2 102 1 494 2 946 2 300 1 28 1 312 1 342 1 135 1 263 1 352 1 175 1 3 3
40 9 24 508 1 844 1 873 1 859 1 878 1 35 1 429 1 456 1 507 1 446 1 451 1 98 1 116 1 511 1 44 1 512 2 433 1 510 1 63 1 505 1 440 2 902 1 631 2 219 1
41 9 29 903 2 434 2 437 3 450 2 461 1 117 1 289 1 484 1 509 1 514 1 111 1 33 2 488 1 119 4 317 5 426 1 432 1 219 3 513 1 118 1 448 3 436 2 342 1 341 1 290 1 97 1 264 1 6 1 3 5
46 10 31 786 1 67 1 127 1 358 3 575 1 10 2 19 1 14 5 128 1 626 1 113 1 17 1 129 1 919 2 18 1 9 1 607 2 573 2 448 2 130 1 115 1 436 1 131 1 882 1 922 1 239 1 143 1 605 1 6 1 126 1 3 5
//IdTournes NbColis
3 6
//IdColis IdCommandeInColis NbProducts IdProd1 QtyProd1 IdProd2 QtyProd2 ...
51 11 29 917 1 864 2 468 1 373 4 190 4 14 5 380 1 17 1 18 1 219 3 492 1 118 1 448 2 367 1 267 1 436 1 654 2 948 1 28 1 161 1 347 2 365 1 135 2 351 1 290 1 390 1 89 1 175 1 3 5
56 12 41 723 1 823 1 567 1 596 2 774 1 699 2 461 1 132 1 111 1 33 1 570 1 152 1 67 1 633 1 39 1 320 1 119 4 394 1 14 5 128 1 18 1 219 4 573 1 448 2 436 1 148 1 388 1 154 1 90 1 144 1 146 1 147 1 351 1 296 1 53 2 287 1 143 1 149 2 305 1 355 1 3 5
61 13 46 623 1 434 1 437 2 450 2 774 2 158 1 4 1 461 1 162 1 877 1 308 1 51 1 33 1 786 1 10 3 769 1 220 1 73 5 353 1 226 1 523 1 432 1 9 3 650 1 589 1 887 1 155 1 52 1 448 2 77 1 436 1 69 1 161 1 154 1 144 1 399 1 147 1 210 1 398 1 74 1 263 2 296 1 96 1 2 2 126 1 3 5
64 14 33 153 1 168 1 537 1 428 1 459 1 525 1 491 1 23 1 171 1 538 1 433 2 169 1 533 1 174 1 461 1 43 1 532 1 546 1 76 3 543 1 14 4 170 1 542 1 17 1 18 1 9 3 547 1 448 2 164 2 436 1 175 1 165 1 3 4
69 15 12 73 5 17 1 18 1 178 1 9 2 448 2 436 1 549 1 182 1 179 1 180 1 3 5
73 16 36 551 1 212 1 728 1 631 2 945 1 942 1 461 1 830 1 647 1 869 1 420 3 532 1 152 2 67 1 190 4 14 5 454 1 646 1 483 1 648 1 432 1 9 4 441 1 836 1 884 1 448 2 635 1 436 1 191 1 196 2 494 1 549 1 882 1 946 2 924 2 3 5
//IdTournes NbColis
4 6
//IdColis IdCommandeInColis NbProducts IdProd1 QtyProd1 IdProd2 QtyProd2 ...
78 17 27 129 1 18 1 9 4 650 1 464 1 441 1 579 1 737 2 720 1 99 1 448 2 201 1 635 1 436 1 203 1 69 1 196 1 300 1 312 1 90 2 13 1 424 1 200 1 202 1 296 1 2 1 3 4
82 18 35 623 1 631 2 434 1 437 2 563 1 467 1 450 2 461 1 519 1 206 1 33 1 786 1 518 1 127 1 10 4 576 1 73 5 500 1 559 1 18 1 9 4 213 1 448 2 375 1 24 1 436 1 196 1 208 1 90 1 209 1 210 1 347 1 396 1 239 1 3 3
87 19 12 1 4 17 1 483 1 18 1 9 4 894 1 448 2 436 1 216 1 350 1 605 1 3 5
91 20 33 112 2 223 2 411 1 634 1 119 4 221 1 220 1 394 1 317 5 362 1 226 1 523 1 17 1 582 1 18 1 219 4 99 1 448 2 225 1 230 1 635 1 436 1 203 1 494 1 549 1 882 1 28 1 233 2 126 1 423 2 224 2 3 5 222 5
98 21 36 232 1 37 1 111 2 502 1 387 1 303 1 504 1 119 4 580 1 220 1 14 5 336 2 500 1 667 2 463 1 542 1 832 1 17 1 18 1 219 4 385 1 671 1 384 1 448 2 24 1 201 1 436 1 90 1 239 2 147 1 296 1 234 1 233 1 305 1 6 1 3 5
103 22 47 450 2 253 1 461 1 237 1 62 1 22 1 721 1 552 1 550 1 251 1 111 1 518 1 465 1 190 4 317 5 500 1 353 1 454 1 463 1 556 1 432 1 219 4 469 1 464 1 894 1 52 1 448 2 225 1 906 1 436 1 102 1 549 1 28 1 247 1 216 1 146 1 200 1 351 1 296 1 202 1 352 1 254 1 329 1 305 1 2 1 355 1 3 5
//IdTournes NbColis
5 6
//IdColis IdCommandeInColis NbProducts IdProd1 QtyProd1 IdProd2 QtyProd2 ...
109 23 12 599 1 481 1 18 1 219 4 547 1 326 1 448 2 384 1 436 1 856 1 182 1 3 5
111 24 14 252 3 506 1 630 1 807 2 725 1 645 1 250 1 554 1 8 2 54 3 610 3 133 1 57 1 433 1
114 24 20 72 1 842 1 970 1 843 1 205 1 908 1 35 2 466 1 427 1 456 1 507 2 896 1 585 2 199 1 685 2 867 1 530 2 489 3 681 1 433 1
115 24 22 433 1 512 2 169 2 440 3 551 2 804 3 374 1 434 2 437 3 450 2 845 2 796 1 614 1 461 2 260 1 132 1 94 1 43 1 611 1 139 1 33 1 3 1
116 24 40 612 1 22 1 779 1 697 1 917 1 204 1 468 2 33 1 485 1 526 1 518 1 488 1 504 1 575 2 39 1 119 2 531 3 317 5 493 1 454 2 523 1 17 1 18 1 219 4 583 1 671 2 808 1 448 3 436 2 102 1 494 1 969 1 922 1 946 1 28 1 154 1 258 1 280 1 143 1 3 4
121 25 25 502 1 485 1 865 1 10 4 394 1 1 5 598 1 17 1 18 1 9 2 492 1 448 2 267 1 436 1 28 1 258 1 424 1 218 1 263 1 202 1 287 1 254 1 264 1 266 1 3 5
//IdTournes NbColis
6 6
//IdColis IdCommandeInColis NbProducts IdProd1 QtyProd1 IdProd2 QtyProd2 ...
128 27 11 14 2 17 1 18 1 9 4 448 2 436 1 90 1 391 1 53 1 97 1 3 5
136 29 32 73 2 362 1 364 1 653 1 17 1 129 1 18 1 9 4 583 1 439 1 441 1 579 1 720 1 894 1 155 1 448 2 309 1 436 1 284 1 196 1 28 1 161 1 347 1 360 2 135 1 283 1 287 1 53 1 234 1 290 1 97 1 3 5
139 30 44 516 1 427 1 456 1 459 1 491 1 538 1 708 1 533 1 595 2 596 1 434 1 4 1 461 1 289 1 62 1 721 1 722 1 152 1 10 3 14 4 291 1 17 1 18 1 9 3 472 1 79 1 448 2 24 1 436 1 102 1 292 1 298 1 294 1 147 1 135 2 293 1 101 1 287 1 296 1 96 1 290 1 297 1 264 1 3 3
148 32 24 33 1 518 1 733 1 190 3 317 5 556 1 559 1 432 1 219 3 155 1 448 2 436 1 102 1 28 1 90 1 210 1 147 1 283 1 263 1 101 1 971 1 976 1 302 1 3 4
156 34 17 73 2 226 1 741 1 17 1 18 1 9 3 650 1 589 1 448 2 309 1 311 1 436 1 408 1 154 1 424 1 352 1 3 4
160 35 24 667 2 18 1 219 4 671 1 439 1 448 2 24 1 822 1 436 1 41 1 549 1 312 1 28 1 161 1 300 1 154 1 313 1 396 1 296 1 53 1 263 1 86 1 180 1 3 5
//IdTournes NbColis
7 6
//IdColis IdCommandeInColis NbProducts IdProd1 QtyProd1 IdProd2 QtyProd2 ...
164 36 23 317 3 500 1 362 1 426 1 17 1 483 1 18 1 219 3 589 1 748 1 808 1 448 3 436 2 397 1 182 1 321 1 146 1 366 2 247 1 747 1 135 1 263 2 3 4
168 37 46 631 1 1026 1 185 1 434 1 480 1 450 2 699 2 158 2 824 1 1028 1 117 1 27 1 51 1 37 1 625 1 502 1 786 1 33 1 67 1 282 1 39 1 190 4 543 1 1027 1 317 5 626 1 454 1 364 1 832 1 17 1 648 1 18 1 219 4 464 1 836 1 99 1 448 2 311 2 635 1 436 1 382 1 203 1 347 1 135 1 395 1 406 1
172 38 18 1031 1 178 1 9 3 734 1 547 1 513 1 448 1 225 1 230 1 494 1 69 1 135 1 296 1 101 1 325 1 264 1 3 4 324 2
177 39 40 631 2 212 1 169 1 620 1 437 2 450 2 959 1 461 1 94 1 877 1 958 1 132 1 237 1 51 1 485 1 733 1 786 1 67 1 633 1 673 1 76 4 462 1 220 1 317 5 426 1 812 1 454 1 586 1 542 1 432 1 9 4 492 1 579 1 720 1 573 1 448 1 689 1 230 1 436 1 208 1
182 40 39 631 1 620 1 728 1 437 2 480 1 567 1 450 1 959 1 4 1 461 1 43 1 141 1 110 1 260 1 206 1 304 1 739 1 569 1 570 1 465 2 518 1 33 1 67 2 816 1 817 1 76 3 543 1 73 5 812 1 483 1 432 1 9 4 671 1 448 2 309 1 436 1 332 2 871 1 3 1
192 42 39 237 1 612 2 15 1 952 1 204 1 22 1 909 1 488 1 848 2 738 1 414 1 358 3 119 3 19 1 317 5 128 1 974 2 426 1 574 1 493 1 716 1 442 1 556 1 582 1 432 1 11 1 219 4 583 1 579 1 448 3 66 1 436 2 41 1 969 1 144 1 747 1 86 1 165 2 3 5
//IdTournes NbColis
8 6
//IdColis IdCommandeInColis NbProducts IdProd1 QtyProd1 IdProd2 QtyProd2 ...
198 43 37 864 2 260 1 421 1 662 1 51 1 488 1 570 1 738 1 373 3 190 3 317 5 682 1 432 1 219 3 492 1 155 1 375 1 448 2 66 1 38 1 225 1 164 2 436 1 549 1 41 1 210 1 347 1 372 1 342 1 371 1 263 1 202 1 86 1 97 1 971 1 419 1 3 4
202 44 26 726 1 108 2 987 1 520 1 537 1 693 1 873 1 516 1 517 1 427 1 456 1 459 1 522 1 525 1 451 2 507 1 85 1 491 1 503 1 44 1 433 1 538 1 515 1 623 1 10 1 3 1
203 44 40 185 1 480 1 482 1 450 2 699 2 461 1 722 1 139 2 65 1 421 1 519 1 468 1 909 1 518 1 738 1 10 2 576 1 220 1 73 5 523 1 17 1 18 1 9 4 524 1 326 1 375 1 448 2 367 1 24 1 436 1 208 1 388 1 391 1 263 2 290 1 97 1 390 1 1035 1 329 1 3 3
209 45 24 433 4 538 2 444 1 510 1 440 2 185 1 551 1 631 3 437 2 450 3 968 1 4 1 158 1 461 2 381 1 139 1 877 1 132 1 519 1 502 1 569 1 518 1 486 1 3 1
210 45 27 504 1 817 1 575 3 119 3 576 2 394 2 317 5 500 2 226 1 542 1 364 1 483 2 432 2 219 4 734 1 448 3 267 1 436 2 946 1 298 1 292 1 28 1 392 1 13 1 290 1 86 1 3 3
216 46 44 552 1 232 1 111 1 33 2 152 2 575 1 750 1 190 4 576 1 531 1 580 2 317 5 574 1 523 1 432 1 219 4 579 1 547 1 326 1 573 1 808 1 448 3 164 3 24 1 751 2 898 1 436 2 102 1 191 1 332 2 494 1 946 1 388 1 210 2 239 2 360 1 395 1 283 1 86 2 234 1 89 1 254 1 749 2 3 4
//IdTournes NbColis
9 6
//IdColis IdCommandeInColis NbProducts IdProd1 QtyProd1 IdProd2 QtyProd2 ...
228 49 21 647 1 111 1 10 2 73 5 17 1 18 1 178 1 9 4 155 1 513 1 448 2 68 2 436 1 654 2 969 1 871 2 131 1 13 1 329 1 760 1 3 4
231 50 21 461 1 140 1 611 1 526 1 33 1 67 1 816 1 190 3 14 5 128 1 380 1 483 2 18 1 219 4 448 2 367 1 436 1 1014 1 2 1 3 5 989 2
234 51 21 699 2 461 1 132 1 519 1 33 1 39 1 10 3 14 5 442 1 17 1 18 1 9 3 448 2 436 1 871 1 347 1 392 1 341 1 101 1 86 1 3 5
238 52 38 647 1 739 1 937 2 680 1 738 1 673 1 504 1 190 4 128 1 317 5 362 1 380 1 432 1 378 1 9 4 448 2 367 1 906 1 436 1 404 1 41 1 969 1 948 1 292 1 90 1 347 1 280 1 371 1 96 1 101 1 401 1 985 1 175 1 297 1 329 1 930 1 756 2 3 5
244 53 42 37 1 733 1 738 1 414 1 504 1 10 4 220 1 73 5 362 1 353 1 226 1 586 1 463 1 523 1 17 1 483 1 590 1 18 1 9 4 469 1 588 1 441 1 589 1 737 1 370 1 384 1 52 1 448 2 38 1 436 1 549 1 969 1 131 2 69 1 208 1 147 1 263 2 406 1 329 1 305 1 355 1 3 4
249 54 20 10 3 531 1 14 5 17 1 646 1 481 1 18 1 9 4 492 1 573 1 808 1 448 2 436 1 882 2 146 1 147 1 53 1 97 1 175 1 3 5
//IdTournes NbColis
10 6
//IdColis IdCommandeInColis NbProducts IdProd1 QtyProd1 IdProd2 QtyProd2 ...
252 55 13 9 1 737 1 79 2 448 2 436 1 28 2 350 1 424 1 406 1 980 1 143 1 390 1 3 5
255 56 15 518 1 67 1 190 3 14 5 17 1 483 1 18 1 219 4 448 2 24 1 436 1 654 1 747 1 264 2 3 3
258 57 25 478 1 540 1 943 1 157 1 249 1 592 1 443 1 60 1 508 1 889 1 71 1 427 1 429 1 473 1 459 1 446 1 447 1 451 1 802 1 670 1 35 1 137 1 881 1 433 2 538 1
259 57 40 440 2 823 1 631 2 434 1 437 2 480 1 467 1 482 1 450 2 416 1 461 1 917 1 909 1 37 1 420 3 33 1 67 1 414 1 10 4 576 1 316 2 317 5 471 1 481 1 483 1 11 1 432 1 9 4 469 1 472 2 474 1 479 1 52 1 448 2 24 1 1020 1 115 1 436 1 148 1 331 1
266 59 24 429 1 438 1 446 1 447 1 451 2 459 1 35 1 430 1 435 1 967 1 449 1 433 3 512 1 444 1 440 2 623 1 804 2 63 1 169 1 212 1 434 1 437 2 450 2 33 1
267 59 21 461 1 864 1 739 1 111 1 67 1 10 3 73 5 426 1 442 1 432 1 178 1 9 4 439 1 441 1 583 1 808 1 448 2 436 1 89 1 924 1 3 5
//IdTournes NbColis
11 6
//IdColis IdCommandeInColis NbProducts IdProd1 QtyProd1 IdProd2 QtyProd2 ...
271 60 27 60 1 70 1 508 1 719 1 153 1 427 1 429 1 456 1 459 1 466 1 446 1 451 1 507 1 35 1 435 1 838 1 881 1 458 1 433 1 538 1 928 1 440 2 839 1 631 2 63 1 1012 1 9 1
272 60 38 437 2 467 1 450 2 461 1 15 1 468 1 111 1 465 1 786 1 33 1 67 1 373 4 190 4 19 1 462 1 14 4 454 1 463 2 432 1 178 1 9 3 464 1 836 2 448 2 225 1 115 1 436 1 946 1 927 1 28 2 90 1 146 1 216 1 283 1 1043 1 351 1 86 1 3 4
277 61 42 620 1 169 1 437 2 563 1 467 1 567 1 482 1 450 2 1025 1 238 1 931 1 4 1 461 1 62 1 509 1 966 1 909 1 550 1 799 1 937 1 803 1 33 1 152 1 1023 2 373 1 76 4 73 5 291 1 353 1 432 1 9 4 583 1 448 2 118 1 751 2 367 2 436 1 1024 1 191 1 388 1 351 1 3 1
281 62 22 595 2 596 1 467 1 56 1 158 1 238 1 461 1 43 1 485 1 465 1 10 2 19 1 73 4 598 1 17 1 18 1 9 3 448 2 225 1 436 1 1049 1 3 2
285 63 30 601 1 602 1 604 1 502 1 465 1 33 1 387 1 10 4 769 1 14 5 380 2 832 1 599 1 483 1 432 1 9 3 472 2 448 2 118 1 600 1 822 1 436 1 948 1 292 1 182 1 392 1 135 1 53 1 621 1 3 4
289 64 35 623 1 440 2 631 2 450 2 699 2 253 1 461 1 717 1 51 2 37 1 33 1 76 4 576 1 317 5 316 1 716 1 542 1 17 1 590 1 129 1 18 1 402 1 9 3 720 1 808 1 448 2 77 1 436 1 654 1 28 1 210 1 53 1 305 1 126 1 3 4
//IdTournes NbColis
12 6
//IdColis IdCommandeInColis NbProducts IdProd1 QtyProd1 IdProd2 QtyProd2 ...
294 65 28 699 1 461 1 877 1 509 1 206 1 310 1 502 1 485 1 526 2 786 1 33 1 76 3 624 1 14 5 974 1 17 1 582 1 18 1 448 2 24 1 436 1 154 1 392 1 247 1 216 1 371 1 2 1 3 5
298 66 31 1012 1 434 1 437 2 450 2 461 1 237 1 282 1 633 1 190 4 462 1 531 1 14 5 500 1 471 1 463 1 17 1 629 1 483 1 590 1 18 1 9 4 573 1 448 2 115 1 436 1 69 1 1013 1 399 1 147 1 175 1 3 5
302 67 30 631 2 595 1 596 2 434 1 995 2 461 1 289 1 139 1 94 1 410 1 61 1 485 1 575 2 10 4 531 1 73 5 523 1 17 1 629 1 18 1 9 4 894 1 448 2 24 1 436 1 549 2 871 2 90 1 264 1 3 4
306 68 31 700 1 440 2 515 1 551 1 631 2 450 1 699 2 796 1 461 1 791 1 953 1 260 1 237 1 552 1 739 1 625 1 575 1 501 1 76 4 531 1 73 5 500 1 226 1 17 1 18 1 9 4 650 1 671 2 448 2 436 1 3 5
310 69 35 85 1 16 1 59 1 430 1 491 1 44 1 538 1 444 1 623 1 631 2 596 2 434 1 567 1 699 2 461 1 877 1 509 1 866 1 111 1 67 1 190 4 220 1 14 1 653 1 17 1 18 1 219 4 439 1 448 2 201 1 436 1 654 1 90 1 621 1 3 5
314 70 36 915 1 551 1 623 1 169 1 63 1 631 2 595 2 596 2 434 1 563 1 461 1 820 1 514 1 625 2 387 1 633 1 190 4 221 1 73 5 500 1 17 1 18 1 219 4 385 1 734 1 1005 1 737 1 808 1 448 2 436 1 753 2 154 1 135 1 287 1 97 1 3 4
//IdTournes NbColis
13 6
//IdColis IdCommandeInColis NbProducts IdProd1 QtyProd1 IdProd2 QtyProd2 ...
319 71 33 489 1 993 2 538 1 440 2 515 1 623 1 631 2 1017 1 212 1 595 2 596 2 461 1 139 1 877 1 484 1 519 1 647 1 570 1 465 1 488 1 575 1 317 5 18 1 219 3 448 2 436 1 360 1 395 1 994 1 992 1 264 1 2 1 3 5
323 72 17 76 2 73 5 586 1 463 1 113 1 17 1 11 1 18 1 9 3 448 2 436 1 397 1 305 1 2 1 126 1 998 1 3 5
326 73 14 10 1 462 1 1 5 17 1 629 1 18 1 9 3 894 1 448 2 38 1 436 1 397 1 549 1 3 5
329 74 24 308 1 1029 1 10 4 73 5 500 1 113 1 17 1 18 1 9 4 448 2 311 1 77 1 436 1 654 2 969 1 871 1 69 1 161 2 342 1 53 1 97 1 390 1 180 1 3 4
332 75 18 55 1 76 3 618 1 14 4 626 1 812 1 17 1 483 1 129 1 18 1 9 4 464 1 448 2 635 1 68 1 436 1 930 1 3 4
335 76 17 877 1 917 1 953 1 647 1 502 1 501 1 190 4 317 5 17 1 18 1 219 4 671 1 448 2 436 1 147 1 202 1 3 5
//IdTournes NbColis
14 6
//IdColis IdCommandeInColis NbProducts IdProd1 QtyProd1 IdProd2 QtyProd2 ...
338 77 27 706 1 712 1 869 1 532 2 868 1 983 4 10 3 394 1 73 5 17 1 18 1 9 3 713 2 79 1 448 1 276 1 66 1 367 1 309 1 707 1 436 1 871 1 258 1 239 1 755 3 982 2 3 5
342 78 36 461 1 611 1 140 1 22 1 55 1 206 1 465 1 33 1 190 4 394 1 317 5 500 1 629 1 432 1 219 4 589 2 448 2 914 1 436 1 397 1 948 1 131 1 161 1 927 1 28 2 90 1 350 1 396 1 258 1 210 1 200 1 263 2 234 1 971 1 352 1 3 5
346 79 27 631 2 440 1 728 1 823 1 595 2 596 2 434 1 158 1 461 1 917 1 820 1 895 1 502 1 10 4 14 5 17 1 590 1 18 1 9 4 547 1 448 2 24 1 436 1 747 1 254 1 329 1 3 4
349 80 34 525 1 427 1 456 1 459 1 16 1 491 1 435 1 511 1 538 1 631 2 596 1 699 2 434 1 563 1 467 1 450 1 461 1 518 1 119 4 317 5 17 1 622 1 18 1 378 1 219 4 720 1 448 2 436 1 397 1 1034 1 13 1 371 1 290 1 3 4
352 81 35 105 1 46 1 507 1 724 1 427 1 456 1 16 1 491 1 993 1 538 1 723 1 631 1 728 1 595 1 596 1 434 1 931 1 995 1 461 1 190 2 336 1 1 4 500 1 17 1 1042 4 559 1 1031 2 18 1 219 3 513 1 448 1 436 1 90 1 89 1 3 3
356 82 45 548 1 700 2 533 1 185 1 434 1 437 2 450 1 174 2 461 1 722 1 662 1 206 1 33 1 282 1 76 3 394 1 14 5 716 1 542 1 17 1 18 1 11 1 9 4 464 1 479 1 441 1 472 1 1004 1 671 1 1005 1 513 1 448 2 118 1 225 1 77 1 822 1 201 1 267 1 436 1 549 1 946 1 871 1 233 1 126 1 3 5
//IdTournes NbColis
15 6
//IdColis IdCommandeInColis NbProducts IdProd1 QtyProd1 IdProd2 QtyProd2 ...
360 83 37 631 2 434 1 567 1 796 1 596 2 699 2 158 1 461 1 697 1 509 1 895 1 550 1 61 1 604 1 526 1 786 1 127 1 575 1 112 1 929 2 39 1 190 4 19 1 14 5 353 1 17 1 730 1 18 1 219 4 894 1 448 2 436 1 871 1 90 1 147 1 605 1 3 5
364 84 44 459 1 16 1 491 1 435 1 538 1 623 1 631 2 988 1 434 1 482 1 450 2 854 1 699 2 614 1 461 1 828 1 519 1 206 1 518 1 816 1 10 4 14 1 523 1 653 1 17 1 9 4 894 1 731 1 448 2 436 1 203 1 28 2 388 1 161 2 258 1 210 2 747 1 263 1 406 1 53 1 86 1 180 1 3 4 989 2
368 85 18 461 1 877 1 514 1 465 1 929 1 10 3 73 4 454 2 17 1 18 1 9 3 155 1 448 2 24 1 436 1 90 1 135 1 3 4
372 86 20 461 1 601 1 51 1 111 1 33 1 190 3 462 1 14 5 364 1 432 1 219 4 671 1 448 2 367 1 436 1 549 1 28 1 154 1 210 1 3 5
11 3 28 782 1 166 1 60 1 443 1 661 1 520 1 842 1 843 1 844 1 627 1 693 1 58 1 59 1 427 1 429 1 456 1 459 1 584 1 466 1 446 1 451 1 507 1 491 1 530 1 458 1 63 1 125 1 3 1
16 4 31 459 1 84 1 85 1 491 1 435 1 23 1 458 1 538 1 548 1 440 2 623 1 631 2 567 1 450 2 699 2 461 1 820 1 611 1 117 1 519 1 484 1 251 1 518 1 67 1 345 1 39 1 190 4 73 1 1 3 9 1 305 1
//IdTournes NbColis
16 6
//IdColis IdCommandeInColis NbProducts IdProd1 QtyProd1 IdProd2 QtyProd2 ...
80 18 19 535 2 536 1 21 1 36 1 788 1 7 3 8 2 299 1 57 1 558 1 560 1 641 1 593 1 782 1 562 1 763 1 91 1 427 1 3 1
90 20 30 459 1 525 1 451 1 428 1 670 1 491 1 435 1 530 1 846 1 768 2 458 1 538 1 444 2 505 1 631 2 434 1 596 2 845 1 699 2 158 1 461 1 162 1 421 1 37 1 422 1 502 1 636 1 786 1 414 1 218 1
106 23 18 257 1 554 1 860 1 54 3 198 2 560 1 452 1 593 1 597 1 334 1 151 1 562 1 858 1 46 1 26 1 157 1 60 2 1047 1
108 23 31 44 1 458 1 538 1 63 2 551 1 440 2 212 1 623 1 631 2 434 1 563 1 450 2 854 1 699 2 461 1 820 1 65 1 519 1 602 1 647 1 799 1 518 1 465 1 328 2 119 4 531 1 220 1 317 5 832 1 17 1 1047 1
134 29 24 885 1 873 1 58 1 84 1 85 1 427 1 668 1 456 1 459 1 672 1 525 1 585 1 491 1 199 1 530 1 23 1 511 2 792 1 944 1 890 1 458 1 538 1 440 2 434 1
176 39 27 719 1 878 1 947 1 885 1 831 1 85 1 427 1 466 1 447 1 525 1 451 1 473 1 35 1 685 1 530 1 686 1 98 1 489 1 44 1 458 1 538 1 444 1 811 1 515 1 440 2 623 1 823 1
//IdTournes NbColis
17 6
//IdColis IdCommandeInColis NbProducts IdProd1 QtyProd1 IdProd2 QtyProd2 ...
180 40 18 788 1 250 1 54 3 8 2 299 1 571 1 568 1 782 1 539 2 702 1 123 1 104 1 851 1 497 1 904 1 813 1 108 1 434 1
227 49 28 797 1 92 1 103 1 537 1 964 1 456 1 459 1 525 1 516 1 427 1 428 1 491 1 503 1 915 1 768 1 538 1 458 1 708 1 533 1 595 2 596 2 434 1 461 1 132 1 308 1 27 1 647 1 10 2
230 50 27 346 1 918 1 87 1 443 1 183 1 537 1 242 1 833 1 456 1 459 1 525 1 427 1 85 1 16 1 84 1 491 1 538 1 458 1 623 1 631 2 434 1 437 2 467 1 482 1 450 2 509 1 1014 1
243 53 25 58 1 585 1 491 1 511 1 944 1 915 2 415 1 458 1 538 1 548 1 185 1 63 1 440 2 623 1 631 2 434 1 595 2 596 2 920 1 461 1 43 1 140 1 1019 1 310 1 112 1
262 58 30 702 1 696 1 248 1 91 1 106 1 797 1 215 1 767 1 916 1 537 1 85 1 516 1 427 1 456 1 491 1 435 1 642 1 44 1 768 1 538 1 458 1 595 2 596 1 434 1 158 1 64 1 253 1 461 1 570 1 353 1
276 61 26 124 1 520 1 136 1 217 1 427 1 565 1 566 1 522 1 525 1 459 1 802 1 456 1 84 1 85 1 907 1 35 1 42 1 838 1 199 1 503 1 458 1 512 2 440 2 551 1 804 2 434 1
//IdTournes NbColis
18 6
//IdColis IdCommandeInColis NbProducts IdProd1 QtyProd1 IdProd2 QtyProd2 ...
288 64 26 87 1 696 1 702 1 248 1 715 1 557 1 245 1 243 1 805 1 627 1 842 1 873 1 85 1 451 1 456 1 58 1 491 1 585 2 44 1 538 1 458 1 510 1 700 1 553 1 434 1 3 1
305 68 22 334 1 649 1 540 2 173 1 108 1 795 2 627 1 153 1 136 1 889 1 525 1 427 1 428 2 459 1 456 1 58 1 491 1 430 1 792 1 458 2 538 1 450 1
374 87 21 761 1 188 1 274 1 663 1 657 1 665 1 656 1 759 1 560 1 539 1 470 1 1001 1 1000 1 1002 1 1003 1 537 1 491 1 743 1 538 1 708 1 755 1
123 26 35 727 1 704 1 715 1 767 1 537 1 516 1 427 1 456 1 491 1 23 1 511 1 538 1 63 1 533 1 595 1 596 1 434 1 461 1 76 3 128 1 73 4 17 1 590 1 18 1 9 3 671 1 464 1 79 1 276 1 271 1 269 1 272 1 270 2 3 3 275 1
130 28 23 538 1 708 1 533 1 595 2 596 2 774 1 434 1 461 1 94 1 260 1 775 1 223 1 76 3 73 4 113 1 17 1 18 1 9 2 79 2 276 2 436 1 280 1 3 4
143 31 34 525 1 516 1 456 1 473 1 459 1 491 1 585 1 777 1 511 1 915 1 44 1 538 1 595 2 596 2 434 1 20 1 461 1 410 1 791 1 799 1 526 1 485 1 786 2 411 1 633 2 281 1 10 3 576 1 73 5 586 1 463 1 442 1 9 1 3 1
//IdTournes NbColis
19 6
//IdColis IdCommandeInColis NbProducts IdProd1 QtyProd1 IdProd2 QtyProd2 ...
151 33 27 831 3 525 1 516 1 427 1 428 1 456 1 459 1 802 1 491 1 538 1 623 1 631 2 728 1 595 2 596 2 434 1 461 1 140 1 877 1 526 1 504 1 76 3 19 1 73 5 291 1 17 1 178 1
155 34 30 456 1 459 1 815 1 491 1 435 1 503 1 23 1 538 1 631 2 440 2 728 2 596 2 434 1 699 2 307 2 158 1 461 1 253 1 308 1 739 1 601 2 310 1 51 1 526 1 786 1 112 1 10 3 221 1 73 3 3 1
171 38 32 736 1 800 1 138 1 732 1 537 1 873 1 1033 1 516 1 491 1 137 1 98 1 538 1 533 1 945 1 169 1 595 1 461 1 304 1 733 1 465 1 786 1 676 1 358 1 1023 1 76 3 576 1 1 4 542 1 17 1 1030 1 18 1 272 1
185 41 25 109 1 649 1 248 1 1015 1 770 1 784 1 826 1 889 1 71 1 205 1 537 1 525 1 516 1 427 1 428 1 456 1 459 1 491 1 1016 1 890 1 538 1 533 1 595 2 596 2 434 1
186 41 30 959 1 20 1 461 1 717 1 349 1 76 4 73 5 500 1 471 1 17 1 483 1 18 1 9 4 589 1 1005 1 79 2 276 2 311 1 436 1 922 1 131 2 946 1 300 1 28 1 312 1 350 1 321 1 13 1 143 1 3 5
333 76 15 1048 2 333 1 5 1 534 1 656 1 657 1 544 1 274 1 188 2 809 1 277 1 7 3 8 1 476 1 526 1
//IdTournes NbColis
20 6
//IdColis IdCommandeInColis NbProducts IdProd1 QtyProd1 IdProd2 QtyProd2 ...
337 77 30 705 2 495 1 466 1 427 1 428 1 456 1 872 1 491 1 511 1 538 1 548 1 708 1 709 1 711 1 515 1 533 1 714 1 870 1 874 1 876 1 434 1 482 1 595 2 596 1 461 1 710 1 875 1 141 1 10 1 9 1
377 88 29 91 1 215 1 977 1 256 1 885 1 873 1 893 1 670 1 516 1 427 1 456 1 491 1 430 1 23 1 538 1 708 1 533 1 374 1 595 2 596 1 434 1 20 1 461 1 410 1 237 1 62 1 141 1 864 1 76 2
32 8 17 807 2 619 3 487 1 788 1 880 1 197 3 198 2 57 1 455 1 490 1 25 1 49 1 780 1 460 1 594 1 664 1 112 1
70 16 10 189 1 5 1 357 6 506 1 630 1 725 1 31 2 32 2 48 2 643 1
84 19 17 5 1 431 1 534 1 521 1 545 2 32 1 630 1 725 1 643 1 498 1 54 3 198 2 87 1 475 1 664 1 456 1 150 1
94 21 15 48 2 521 1 506 1 630 1 725 1 31 1 32 2 643 1 809 2 860 1 198 2 197 3 231 1 480 1 233 1
//IdTournes NbColis
21 6
//IdColis IdCommandeInColis NbProducts IdProd1 QtyProd1 IdProd2 QtyProd2 ...
105 23 13 211 1 327 1 227 1 181 1 5 2 31 2 32 2 630 1 506 1 725 1 48 2 643 1 151 1
118 25 15 5 1 31 2 48 2 506 1 32 1 630 1 725 1 807 1 643 1 835 1 54 3 198 2 57 1 268 1 456 1
261 58 17 5 1 21 1 535 1 544 1 545 1 534 1 536 1 643 1 835 1 961 1 7 3 8 2 407 1 695 1 568 1 806 1 702 1
304 68 17 445 1 544 1 545 2 534 1 535 1 536 1 21 1 643 1 603 1 277 2 279 2 455 1 790 1 793 1 794 1 295 1 434 1
362 84 14 211 1 5 1 506 1 31 2 32 2 630 1 725 1 48 2 643 1 905 1 54 3 8 2 476 1 989 1
2 1 22 539 1 891 1 703 1 858 1 26 1 651 1 795 1 627 1 889 1 843 1 833 1 16 1 456 1 459 1 525 1 427 1 740 1 491 1 23 1 890 1 511 1 846 1
//IdTournes NbColis
22 6
//IdColis IdCommandeInColis NbProducts IdProd1 QtyProd1 IdProd2 QtyProd2 ...
24 6 29 451 1 705 1 491 1 867 1 768 1 538 1 63 1 440 2 623 1 631 2 450 2 774 1 699 2 461 1 62 1 22 1 94 1 864 1 791 1 866 1 485 1 786 1 803 2 633 1 865 1 76 4 580 1 73 3 3 1
28 7 29 427 1 491 1 42 1 881 1 98 1 511 2 538 1 63 1 623 1 440 2 631 2 434 1 482 1 595 2 596 2 461 1 864 1 662 1 468 1 502 1 546 1 786 2 677 1 634 1 10 4 19 1 769 1 73 1 586 1
45 10 32 473 1 459 1 522 1 427 1 428 1 565 1 429 1 491 1 538 1 440 2 515 1 631 2 434 1 450 2 796 1 699 2 920 1 461 1 110 1 132 1 162 1 410 1 94 1 820 1 27 1 37 1 625 1 488 1 570 1 465 1 10 1 125 1
50 11 28 85 1 58 1 456 1 459 1 525 1 451 1 427 1 872 1 430 1 491 1 137 1 944 1 846 1 538 1 631 2 440 2 434 1 437 1 450 2 796 1 699 1 64 1 461 1 110 1 139 1 140 1 141 1 6 1
55 12 23 103 1 795 1 592 2 821 1 153 1 627 1 893 1 58 1 459 1 466 1 446 1 451 1 427 1 639 1 430 1 491 1 846 1 489 1 44 2 538 1 440 2 631 2 434 1
68 15 29 16 1 84 1 85 1 427 1 456 1 459 1 525 1 491 1 642 1 530 1 98 1 768 1 538 1 185 1 212 1 631 2 623 1 480 1 29 1 595 2 596 2 461 1 140 1 722 1 509 1 468 1 625 1 76 2 769 1
//IdTournes NbColis
23 6
//IdColis IdCommandeInColis NbProducts IdProd1 QtyProd1 IdProd2 QtyProd2 ...
72 16 23 105 1 157 1 193 1 537 1 16 1 459 1 446 1 525 1 451 1 896 1 491 1 192 1 199 1 642 1 338 1 195 1 944 1 644 1 235 1 44 1 236 1 241 1 538 2
76 17 25 475 1 597 1 825 1 539 1 763 1 248 1 105 1 658 1 138 1 987 1 781 1 205 1 537 1 826 1 16 1 522 1 466 1 525 1 427 1 459 1 724 1 84 1 85 1 491 1 503 1
86 19 31 537 1 693 2 72 1 525 2 516 1 427 1 459 1 491 1 137 1 44 1 538 1 899 1 901 1 434 1 595 2 596 2 461 1 877 1 421 1 51 1 604 1 465 1 518 1 282 1 633 1 349 1 39 1 76 4 1 1 362 1 764 1
96 21 25 243 1 138 1 592 1 784 1 242 1 627 1 71 1 58 1 427 1 459 1 522 1 466 1 446 1 525 1 451 1 744 1 670 1 491 1 338 1 642 1 867 1 503 2 337 1 960 1 677 1
129 28 22 188 1 663 1 274 1 657 1 665 1 656 1 279 2 277 2 649 1 157 1 92 1 537 1 71 1 718 1 516 1 427 1 428 1 456 1 491 1 44 1 223 1 9 1
147 32 29 451 1 427 1 429 1 872 1 815 1 491 1 538 1 548 2 928 1 631 2 440 2 728 2 434 1 437 2 480 1 450 2 774 1 20 1 416 1 461 1 917 1 15 1 94 1 117 1 304 1 550 1 51 1 190 1 305 1
//IdTournes NbColis
24 6
//IdColis IdCommandeInColis NbProducts IdProd1 QtyProd1 IdProd2 QtyProd2 ...
158 35 25 156 1 539 1 772 1 91 1 314 1 104 1 592 1 217 1 627 1 844 1 889 1 951 1 228 1 84 1 85 1 58 1 668 1 459 1 670 1 672 1 525 1 802 1 491 1 503 1 235 1
163 36 27 446 1 451 1 429 1 58 1 491 1 195 1 116 1 957 1 319 1 489 1 644 1 235 1 538 2 631 2 440 2 620 1 318 1 40 2 461 1 117 1 111 1 67 2 223 1 320 1 119 4 317 2 3 1
224 48 30 173 1 767 1 784 1 687 1 537 1 256 1 134 1 522 1 525 1 516 1 427 1 456 1 473 1 459 1 491 1 686 1 538 1 185 1 169 1 595 2 596 2 434 1 29 1 461 1 410 1 204 1 662 1 647 1 112 1 3 1
233 51 26 702 1 649 1 104 1 851 1 540 1 911 1 243 1 892 1 537 1 885 1 456 1 459 1 525 1 427 1 1011 1 491 1 435 1 642 1 881 1 538 1 631 2 515 1 169 1 482 1 450 2 774 1
251 55 28 166 1 520 1 537 1 670 1 718 1 525 1 516 1 427 1 456 1 459 1 491 1 435 1 838 1 867 1 538 1 212 1 595 2 596 2 461 1 697 1 94 1 738 1 76 4 73 5 586 1 17 1 18 1 9 3
254 56 25 627 1 873 1 908 1 459 1 525 1 427 1 58 1 491 1 742 1 1022 1 867 1 743 1 792 1 993 3 538 1 631 2 440 2 595 2 596 2 434 1 4 1 461 1 519 1 51 1 3 1
//IdTournes NbColis
25 6
//IdColis IdCommandeInColis NbProducts IdProd1 QtyProd1 IdProd2 QtyProd2 ...
280 62 26 25 1 107 1 173 1 540 2 977 1 172 1 805 1 592 1 121 1 795 1 537 1 136 1 843 1 516 1 427 1 456 1 459 1 525 1 491 1 881 1 538 1 169 1 1010 1 434 1 10 1 3 1
293 65 26 537 1 693 1 833 1 843 1 459 1 495 1 525 1 451 1 427 1 85 1 16 1 491 1 585 1 511 1 890 1 116 1 768 1 538 1 623 1 212 1 631 2 620 1 596 2 699 1 76 1 764 1
313 70 22 104 2 106 1 715 1 172 1 108 1 781 1 627 1 256 1 136 2 842 1 831 1 693 1 826 1 459 1 525 1 427 1 84 1 85 1 16 1 491 1 838 1 538 1
322 72 29 696 1 478 1 107 1 248 1 138 1 537 1 256 1 168 1 997 1 427 1 639 1 456 1 896 1 491 1 511 1 538 1 620 1 185 1 595 2 596 2 434 1 158 1 4 1 461 1 22 1 909 1 504 1 76 2 9 1
325 73 25 133 1 215 1 540 1 30 1 694 1 172 1 166 1 124 1 537 1 693 1 256 2 525 1 427 1 456 1 459 1 491 1 538 1 595 2 596 2 434 1 461 1 94 1 304 1 10 3 9 1
328 74 24 194 1 698 1 108 1 537 1 256 2 242 1 456 1 1011 1 491 1 430 1 23 2 890 1 792 1 538 1 631 1 596 1 699 2 434 1 796 1 461 1 697 1 110 1 488 1 3 1
//IdTournes NbColis
26 6
//IdColis IdCommandeInColis NbProducts IdProd1 QtyProd1 IdProd2 QtyProd2 ...
331 75 28 240 1 159 1 93 1 539 1 91 2 166 1 962 1 537 1 889 1 427 1 456 1 16 1 491 1 538 1 700 1 631 1 515 1 595 2 596 1 434 1 796 1 307 1 931 1 461 1 110 1 786 1 76 1 270 2
334 76 26 704 1 470 1 539 1 765 1 540 1 183 1 627 1 525 1 427 1 456 1 459 1 58 1 491 1 435 1 199 1 538 1 631 2 440 2 620 1 596 2 434 1 480 1 699 2 29 1 461 1 162 1
341 78 26 47 1 87 1 972 1 785 1 443 1 183 1 827 1 537 1 507 1 525 1 427 1 456 1 459 1 84 1 85 1 16 1 491 1 792 1 538 1 623 1 631 2 434 1 437 2 450 2 4 1 162 1
345 79 26 793 1 696 1 955 1 163 1 613 1 766 1 765 1 314 1 104 1 785 1 124 1 121 1 627 1 873 1 466 1 525 1 451 1 427 1 456 1 459 1 58 1 85 1 491 1 538 1 440 1 3 1
355 82 26 918 1 638 1 539 1 104 1 715 1 540 1 805 1 729 1 592 1 537 1 719 1 214 1 507 2 525 1 516 1 427 1 456 1 459 1 491 1 430 1 435 1 489 1 768 1 538 1 700 1 76 1
359 83 23 82 1 314 1 443 1 70 1 781 1 627 1 885 1 873 1 859 1 525 2 451 1 456 1 459 1 872 1 802 1 85 1 491 1 435 2 511 1 538 1 623 1 440 2 823 1
//IdTournes NbColis
27 6
//IdColis IdCommandeInColis NbProducts IdProd1 QtyProd1 IdProd2 QtyProd2 ...
367 85 25 108 1 795 1 827 1 627 1 520 1 889 1 885 1 459 1 584 1 522 1 466 1 525 1 427 1 872 1 16 1 491 1 199 1 792 1 915 1 538 1 631 2 595 2 596 2 434 1 467 1
371 86 24 833 1 228 1 456 1 459 1 446 1 451 1 427 1 429 1 815 1 58 1 59 1 491 1 585 2 642 1 489 1 538 1 548 1 440 2 623 1 631 2 212 1 437 2 450 2 162 1
152 33 12 18 1 9 3 464 1 474 1 836 1 79 2 513 1 276 2 635 1 436 1 871 1 3 4
207 45 19 335 1 295 1 679 1 628 1 460 2 475 2 780 1 476 1 587 1 701 1 638 1 782 1 702 1 177 1 151 2 943 1 46 1 501 1 3 1
263 58 22 140 1 308 1 502 1 281 1 190 4 769 1 73 5 463 1 380 1 17 1 18 1 378 1 9 4 79 1 370 1 276 2 436 1 131 1 208 1 312 1 406 1 3 5
12 3 31 538 1 548 1 63 1 440 2 212 1 623 1 631 2 56 1 434 1 437 2 450 2 845 1 64 1 461 1 55 1 62 1 65 1 820 1 828 1 662 1 647 1 51 1 61 1 33 1 488 1 738 1 575 1 190 4 531 1 769 1 14 3
//IdTournes NbColis
28 6
//IdColis IdCommandeInColis NbProducts IdProd1 QtyProd1 IdProd2 QtyProd2 ...
15 4 25 819 1 703 1 541 1 782 1 696 1 156 1 123 1 215 1 104 1 800 1 821 1 785 1 443 1 183 1 70 1 71 1 520 1 508 1 58 1 59 1 525 1 427 1 428 1 456 1 434 1
19 5 25 702 1 81 1 82 1 557 1 858 1 78 1 800 1 60 1 443 1 855 1 781 1 72 1 80 1 885 1 831 1 537 1 84 2 85 1 456 1 459 1 525 1 516 1 427 1 815 1 434 1
23 6 25 455 1 640 1 151 2 92 1 863 1 784 1 60 1 659 1 443 1 666 1 80 1 71 1 627 1 843 1 719 1 58 1 85 1 427 1 428 1 456 1 459 1 566 1 525 1 434 1 9 1
66 15 14 181 1 5 1 431 1 188 2 656 1 663 1 657 1 665 2 274 2 7 3 8 2 177 1 184 1 434 1
77 17 32 435 1 511 1 489 1 538 1 548 1 823 1 623 1 631 1 63 1 434 1 467 1 450 2 774 1 699 2 461 1 204 1 824 1 468 1 739 1 602 1 601 1 111 1 625 1 570 1 502 1 738 2 67 1 127 1 76 4 73 5 17 1 3 1
102 22 25 508 1 843 1 862 1 878 1 35 1 427 1 446 1 447 1 451 1 896 1 907 1 430 1 98 1 44 1 538 1 548 2 444 1 551 1 440 2 212 1 839 1 631 2 434 1 437 2 33 1
//IdTournes NbColis
29 6
//IdColis IdCommandeInColis NbProducts IdProd1 QtyProd1 IdProd2 QtyProd2 ...
120 25 28 520 1 908 1 35 1 459 1 446 1 451 1 427 1 428 1 429 1 642 1 867 1 265 1 538 1 623 1 440 2 212 2 631 2 434 1 563 1 450 2 699 2 461 1 421 1 552 1 866 1 909 1 37 1 9 1
126 27 21 177 1 475 1 637 1 696 2 883 1 776 1 703 1 911 1 248 1 173 1 810 1 805 1 736 1 658 1 795 1 784 1 508 1 889 1 857 1 912 1 434 1
200 44 13 227 1 339 1 5 1 746 1 48 2 521 2 630 1 506 1 725 1 32 2 7 3 8 2 434 1
232 51 16 227 1 5 1 534 1 521 1 545 2 536 1 21 1 535 1 591 1 8 2 54 3 363 1 460 1 413 1 187 1 434 1
248 54 27 85 1 58 1 23 1 890 1 538 1 548 1 510 1 700 1 440 2 823 1 723 1 631 2 1021 1 728 1 169 1 434 1 450 2 699 2 461 1 289 1 697 1 791 1 895 1 647 1 111 1 803 1 676 1
250 55 17 534 1 656 1 657 1 544 1 188 2 274 1 645 1 7 3 277 2 123 1 306 1 133 1 156 1 478 1 248 1 173 1 434 1
//IdTournes NbColis
30 6
//IdColis IdCommandeInColis NbProducts IdProd1 QtyProd1 IdProd2 QtyProd2 ...
270 60 21 198 2 1044 1 455 1 457 1 460 1 476 1 587 1 798 1 160 1 25 1 187 1 95 1 797 1 82 1 215 1 151 1 157 1 784 1 121 1 443 1 434 1
283 63 26 829 1 593 1 240 1 797 1 82 1 91 1 314 1 151 1 767 1 172 1 784 1 121 1 443 1 60 1 831 1 508 1 833 1 136 1 427 1 565 1 429 1 459 1 446 1 447 1 434 1 9 1
292 65 22 477 1 558 1 696 1 818 1 819 1 184 2 240 1 955 1 314 1 106 1 151 1 30 1 904 1 736 1 103 1 121 1 138 1 443 1 60 1 781 1 434 1 305 1
318 71 24 783 1 736 1 108 2 658 1 784 1 659 1 443 1 60 1 781 1 508 1 186 1 168 1 446 1 525 1 451 2 456 1 459 1 724 1 35 1 503 1 915 1 489 1 434 1 764 1
370 86 23 641 1 452 1 861 1 476 1 594 1 782 1 539 1 852 1 163 1 25 1 715 1 106 1 972 1 243 1 103 1 785 1 795 1 443 1 60 1 781 1 627 1 862 1 434 1
144 31 23 17 1 648 1 18 1 9 2 671 1 547 1 464 1 79 2 720 1 894 1 276 2 914 1 822 1 898 1 230 1 267 1 271 1 397 1 408 1 300 1 388 1 312 1 3 4
//IdTournes NbColis
31 6
//IdColis IdCommandeInColis NbProducts IdProd1 QtyProd1 IdProd2 QtyProd2 ...
378 88 25 917 1 308 1 773 1 67 1 76 2 978 1 73 4 226 1 556 1 17 1 483 1 18 1 9 4 464 1 524 1 79 1 326 1 384 1 276 2 271 1 922 1 980 1 406 1 3 4 981 2
170 38 20 322 1 431 1 323 1 534 1 656 1 657 1 544 1 188 1 274 1 735 1 487 1 279 2 277 2 610 1 1032 1 640 1 692 1 91 1 106 1 436 1
221 47 34 804 1 941 1 839 1 450 2 461 1 83 1 139 1 465 1 67 2 575 2 119 2 19 2 317 5 626 1 622 1 432 1 219 4 689 2 164 2 230 1 436 1 397 1 292 1 90 1 366 1 396 2 365 1 74 1 53 1 263 1 101 1 287 2 621 1 3 4
225 48 11 502 1 76 4 73 5 17 1 18 1 9 4 79 2 276 2 436 1 494 1 3 4
7 2 23 35 1 427 1 507 1 447 1 42 1 642 1 881 1 530 1 44 1 538 2 548 2 510 1 440 2 631 2 29 1 437 3 450 2 40 3 461 1 15 1 43 1 22 1 37 1
35 8 31 437 1 450 2 174 2 40 2 614 1 461 1 110 1 381 1 43 1 611 1 140 1 22 2 204 1 864 1 484 1 468 2 27 1 111 2 33 2 485 1 488 1 486 1 67 2 617 1 634 1 119 4 317 5 316 1 383 1 618 1 3 1
//IdTournes NbColis
32 6
//IdColis IdCommandeInColis NbProducts IdProd1 QtyProd1 IdProd2 QtyProd2 ...
191 42 22 846 1 743 1 489 2 44 1 512 2 440 2 804 2 185 2 437 3 563 1 480 1 450 2 796 1 954 1 158 1 461 1 791 2 828 1 877 1 611 1 139 1 119 1
208 45 22 26 1 726 1 800 2 592 1 508 1 859 1 72 1 205 1 429 2 495 1 466 1 447 2 427 1 584 1 815 1 35 2 59 1 42 1 777 2 967 1 503 1 437 1
213 46 17 834 1 31 2 572 1 250 1 788 1 880 1 197 3 198 2 122 1 25 1 187 1 829 1 597 1 782 1 790 1 772 1 437 1
215 46 28 427 1 565 1 577 1 446 1 447 1 451 1 740 1 35 1 42 1 199 1 489 1 538 2 440 2 631 2 437 2 563 1 480 1 450 2 29 1 461 1 43 1 237 1 877 1 132 1 966 1 206 1 340 1 3 1
218 47 10 615 1 333 1 5 1 120 1 357 6 252 2 506 1 630 1 834 1 437 1
220 47 26 784 1 778 1 508 1 217 1 859 1 843 1 446 1 447 1 451 1 427 1 429 1 459 1 507 2 35 1 846 1 98 1 44 1 489 1 512 1 548 1 623 1 440 2 169 1 631 1 437 1 3 1
//IdTournes NbColis
33 6
//IdColis IdCommandeInColis NbProducts IdProd1 QtyProd1 IdProd2 QtyProd2 ...
237 52 25 183 2 508 1 826 1 427 1 459 1 466 1 447 1 525 1 84 1 85 1 35 1 907 1 192 1 511 1 44 1 512 1 444 1 440 2 63 1 804 2 437 2 450 2 461 1 514 1 340 1
284 63 25 451 1 35 1 585 2 503 1 98 1 489 1 512 1 440 2 823 1 212 1 623 1 631 2 63 1 437 2 450 2 461 1 828 1 830 1 204 1 22 2 289 1 110 1 952 1 519 1 3 1
178 39 13 494 1 946 1 131 1 69 1 41 1 28 1 239 1 1045 1 202 1 263 1 234 1 329 1 3 5
309 69 24 413 1 187 1 87 1 1006 1 593 1 690 1 692 1 999 1 194 1 1007 1 904 1 138 1 443 1 183 1 781 1 537 1 885 1 655 1 459 1 525 1 427 1 428 1 84 1 816 1
6 2 20 197 1 198 2 47 1 49 1 187 1 679 1 782 1 806 1 793 1 715 1 797 1 30 1 34 1 496 1 46 1 166 1 508 1 843 1 719 2 190 1
33 8 19 664 1 539 2 852 1 782 1 819 1 702 1 696 2 82 2 34 2 496 1 497 1 813 1 805 1 138 2 821 1 827 1 627 1 377 1 3 1
//IdTournes NbColis
34 6
//IdColis IdCommandeInColis NbProducts IdProd1 QtyProd1 IdProd2 QtyProd2 ...
190 42 24 248 1 847 1 301 1 105 1 666 1 508 1 719 1 826 1 889 1 153 1 134 1 168 1 136 1 495 1 577 1 447 1 740 1 815 1 507 1 35 1 199 1 42 1 530 1 511 1
159 35 31 315 1 236 1 171 1 241 1 949 1 538 1 440 2 674 1 212 1 631 2 950 1 839 1 4 1 318 1 461 1 260 1 132 1 952 1 625 1 502 1 569 1 738 1 67 1 112 1 673 1 119 4 669 1 543 1 316 1 317 5 6 1
101 22 19 198 2 555 1 156 1 122 1 123 1 163 1 782 2 793 1 248 1 255 2 109 2 215 1 478 1 245 1 557 1 243 1 805 1 249 1 553 1
122 26 16 278 2 274 1 188 1 663 1 657 1 665 1 656 1 277 2 7 2 163 1 273 1 690 1 539 1 776 1 702 1 3 1
138 30 18 288 1 188 2 656 1 663 1 274 1 657 1 665 1 603 1 257 1 7 2 8 2 295 1 640 1 696 1 81 1 537 1 525 1 3 1
184 41 15 188 2 657 1 665 1 656 1 663 1 274 1 603 1 771 1 54 3 8 2 640 1 539 1 886 1 691 1 696 2
//IdTournes NbColis
35 6
//IdColis IdCommandeInColis NbProducts IdProd1 QtyProd1 IdProd2 QtyProd2 ...
223 48 16 657 1 544 1 534 1 21 1 188 2 274 1 735 1 7 3 277 2 558 1 637 1 240 1 793 1 541 1 539 1 248 1
226 49 16 5 2 431 1 656 1 663 1 657 1 665 1 274 1 188 2 54 3 198 2 628 1 1008 1 539 1 215 1 649 1 3 1
312 70 15 5 1 431 1 534 1 656 1 657 1 544 2 188 2 274 2 591 1 860 1 7 3 8 2 782 1 456 1 3 1
317 71 20 198 2 555 1 470 1 452 1 593 1 782 1 541 1 637 1 476 1 413 2 156 1 819 1 883 1 562 2 478 1 248 1 151 2 660 1 427 1 219 1
327 74 18 990 1 5 1 656 1 657 1 665 1 534 1 188 1 274 1 498 1 279 3 277 2 476 1 695 1 696 1 413 1 109 1 427 1 220 1
336 77 18 5 1 181 1 656 1 663 1 657 1 665 1 274 1 188 1 54 3 198 2 75 1 299 1 696 1 91 1 108 1 873 1 537 1 516 1
//IdTournes NbColis
36 6
//IdColis IdCommandeInColis NbProducts IdProd1 QtyProd1 IdProd2 QtyProd2 ...
348 80 18 5 1 181 1 656 1 657 1 544 1 534 1 188 2 274 1 645 1 197 3 198 2 121 1 537 1 719 1 873 1 718 1 303 1 3 1
354 82 16 393 1 5 1 656 1 663 1 657 1 665 1 188 2 274 1 54 3 8 2 50 1 75 1 299 1 766 1 334 1 233 1
376 88 17 979 1 1036 1 663 1 274 1 657 1 665 1 656 1 188 1 54 2 7 1 8 2 696 1 539 1 702 1 772 1 184 1 537 1
10 3 14 5 1 31 2 48 2 32 2 506 1 630 1 725 1 54 3 198 2 50 1 57 1 558 1 527 1 818 1
112 24 17 334 1 499 2 527 1 608 1 613 1 25 2 306 1 142 1 93 1 638 1 664 1 679 1 455 1 701 2 782 1 850 1 119 1
59 13 19 299 1 156 2 159 1 160 1 95 1 460 1 475 2 841 1 819 1 861 1 82 1 562 1 151 1 528 1 557 1 157 2 805 1 121 1 9 1
//IdTournes NbColis
37 6
//IdColis IdCommandeInColis NbProducts IdProd1 QtyProd1 IdProd2 QtyProd2 ...
113 24 22 829 1 818 1 883 1 963 1 918 1 886 1 248 1 104 1 194 1 261 1 262 1 245 1 528 1 767 1 92 1 800 2 784 1 892 1 134 1 508 1 80 1 119 1
146 32 24 123 1 334 1 215 1 91 1 104 2 301 1 528 2 916 1 801 1 977 1 805 1 821 1 975 1 627 1 831 1 844 1 833 1 58 1 459 1 744 1 446 1 447 1 303 1 3 1
1 1 17 12 1 5 1 21 1 534 1 521 1 545 2 535 1 536 1 603 1 498 1 7 3 8 2 25 1 460 1 568 1 10 1 6 1
14 4 15 5 1 521 1 544 1 545 2 534 1 535 2 536 1 21 1 645 1 197 3 198 2 57 1 477 1 818 1 473 1
18 5 15 445 1 534 1 521 2 545 2 32 2 630 1 725 1 7 3 8 2 50 1 75 1 652 1 638 1 696 1 3 1
22 6 15 5 1 32 2 48 2 506 1 521 2 630 1 725 1 8 2 7 3 299 1 87 1 93 1 452 1 91 1 9 1
//IdTournes NbColis
38 6
//IdColis IdCommandeInColis NbProducts IdProd1 QtyProd1 IdProd2 QtyProd2 ...
26 7 13 207 1 288 1 21 1 534 1 521 2 545 3 535 2 536 1 735 1 880 1 8 2 54 3 218 1
48 11 14 5 1 32 2 48 2 534 1 521 2 725 1 630 1 54 3 198 2 25 1 142 1 679 1 782 1 91 1
58 13 13 211 1 359 1 339 1 5 1 48 2 506 1 521 2 32 2 630 1 725 1 54 3 198 2 10 1
75 17 16 5 1 453 1 32 1 521 2 545 2 534 1 535 1 536 1 21 1 250 1 257 1 7 3 8 2 455 1 456 1 2 1
79 18 12 789 1 207 1 211 1 259 1 359 1 529 1 445 1 5 1 521 2 545 2 534 1 787 1
88 20 14 12 1 227 1 5 1 181 1 32 2 48 2 506 1 521 2 630 1 725 1 645 1 198 2 197 2 799 1
//IdTournes NbColis
39 6
//IdColis IdCommandeInColis NbProducts IdProd1 QtyProd1 IdProd2 QtyProd2 ...
125 27 15 939 2 181 1 5 1 534 1 521 1 545 2 32 1 630 1 21 1 591 1 7 3 8 2 299 1 163 1 890 1
141 31 17 359 1 288 1 400 1 5 1 48 2 521 1 506 1 32 1 725 1 630 1 645 1 735 1 880 1 7 3 8 1 427 1 125 1
149 33 15 405 1 5 1 48 2 521 1 506 1 630 1 725 1 32 1 788 1 835 1 880 1 7 3 8 2 122 1 116 1
153 34 17 991 1 227 1 5 1 534 1 521 1 545 1 32 1 725 1 630 1 48 1 603 1 250 1 54 2 198 2 197 1 299 1 886 1
157 35 13 400 1 120 1 5 1 21 1 534 1 521 2 545 2 536 1 535 2 735 1 860 1 197 3 198 2
173 39 14 330 1 227 1 259 1 5 1 453 1 48 2 521 2 506 1 630 1 725 1 32 2 809 1 257 1 151 1
//IdTournes NbColis
40 6
//IdColis IdCommandeInColis NbProducts IdProd1 QtyProd1 IdProd2 QtyProd2 ...
179 40 14 330 1 389 1 333 1 5 1 445 1 431 1 48 2 521 2 506 1 630 1 725 1 32 2 735 1 208 1
246 54 14 5 1 521 2 545 2 535 2 536 1 534 1 21 1 645 1 7 3 8 2 475 1 476 1 587 1 427 1
253 56 18 288 1 400 1 5 1 534 1 630 1 521 1 48 2 32 1 725 1 835 1 198 2 197 3 558 1 883 1 540 1 456 1 190 1 3 1
279 62 19 534 1 521 1 545 2 21 1 535 1 536 1 591 1 250 1 277 2 923 2 616 2 455 1 593 1 594 1 597 1 539 1 1009 1 303 1 3 1
287 64 15 5 1 181 1 48 2 521 2 534 1 630 1 725 1 32 2 7 3 8 2 409 1 25 1 475 1 427 1 9 1
291 65 15 529 1 5 1 506 1 521 2 630 1 725 1 48 2 32 2 645 1 197 3 198 2 50 1 476 1 456 1 764 1
//IdTournes NbColis
41 6
//IdColis IdCommandeInColis NbProducts IdProd1 QtyProd1 IdProd2 QtyProd2 ...
296 66 17 5 1 534 1 630 1 521 1 725 1 32 1 48 2 961 1 277 2 923 3 632 1 159 1 841 1 539 1 702 1 561 1 150 1
300 67 16 5 1 534 1 521 1 545 2 21 1 535 1 536 1 277 2 923 3 475 1 640 1 476 1 641 1 613 1 690 1 806 1
316 71 13 990 1 288 1 181 1 5 2 521 2 630 1 506 1 48 2 725 1 32 2 36 1 197 3 17 1
330 75 18 393 1 534 1 535 1 536 1 521 1 545 1 21 1 250 1 961 1 880 1 7 2 277 2 701 1 597 1 696 1 702 1 703 1 318 1
344 79 14 5 1 630 1 521 2 534 1 725 1 32 2 48 2 36 1 54 3 8 2 641 1 664 1 539 1 540 1
351 81 21 1041 1 534 1 630 1 725 1 521 1 545 1 32 1 54 2 8 1 198 1 1040 1 1032 1 696 1 702 1 727 1 955 1 122 1 109 1 726 1 537 1 3 1
//IdTournes NbColis
42 6
//IdColis IdCommandeInColis NbProducts IdProd1 QtyProd1 IdProd2 QtyProd2 ...
358 83 15 5 1 534 1 521 2 32 2 630 1 725 1 48 2 198 2 197 3 477 1 452 1 766 1 123 1 427 1 394 1
366 85 18 939 1 534 1 521 1 545 2 21 1 630 1 32 1 277 2 7 2 704 1 159 1 841 1 793 1 231 1 765 1 562 1 540 1 456 1
127 27 30 578 1 35 1 473 1 459 1 525 1 427 1 456 1 84 1 85 1 538 1 510 1 440 2 631 2 596 2 482 1 699 2 931 2 461 1 260 1 43 1 509 1 601 1 602 1 111 1 570 1 67 1 303 1 76 4 14 3 730 1
63 14 17 167 1 21 1 534 1 535 1 536 1 544 1 545 2 7 2 8 2 163 1 539 1 541 1 173 1 540 1 166 1 172 1 516 1
131 29 10 361 5 339 1 5 1 21 1 544 2 545 2 534 1 535 2 122 1 126 1
196 43 24 921 1 562 1 106 2 26 1 892 1 508 1 719 1 878 1 873 1 1038 1 428 2 507 1 566 1 446 1 451 1 35 1 137 1 199 1 881 1 530 1 511 1 116 1 489 1 419 1
//IdTournes NbColis
43 6
//IdColis IdCommandeInColis NbProducts IdProd1 QtyProd1 IdProd2 QtyProd2 ...
229 50 17 5 1 746 1 534 1 544 2 21 1 936 1 188 2 536 1 274 1 257 1 198 2 54 3 638 1 184 1 190 1 150 1 989 1
235 52 16 403 1 227 1 339 1 5 1 120 1 534 1 544 2 545 2 21 1 936 2 536 1 603 1 487 1 257 1 106 1 150 1
240 53 12 393 1 789 1 211 1 5 1 21 1 544 2 545 2 535 2 534 1 536 1 961 1 91 1
274 61 14 932 1 933 1 5 1 431 1 544 2 545 2 534 1 536 1 21 1 936 2 619 1 7 3 8 2 508 1
308 69 14 5 1 534 1 544 2 545 2 21 1 535 2 536 1 198 2 54 3 628 1 613 1 123 1 306 1 456 1
321 72 17 5 1 534 1 535 1 536 1 544 1 545 1 21 1 645 1 809 1 8 2 7 3 690 1 691 1 413 1 335 1 703 1 516 1
//IdTournes NbColis
44 6
//IdColis IdCommandeInColis NbProducts IdProd1 QtyProd1 IdProd2 QtyProd2 ...
324 73 15 5 1 181 2 535 1 536 1 544 1 545 2 534 1 21 1 257 1 277 2 7 3 692 1 25 1 918 1 516 1
340 78 14 973 1 5 1 181 1 534 1 544 2 545 2 21 1 536 1 535 2 961 1 54 3 198 2 695 1 2 1
60 13 25 888 1 121 1 784 1 785 1 60 1 443 1 153 2 508 1 520 1 35 1 85 1 427 1 456 1 459 1 525 1 451 1 44 1 265 1 538 1 63 1 440 2 212 1 728 1 631 2 39 1
81 18 27 104 1 166 1 784 1 785 1 121 1 60 1 443 1 183 1 781 1 214 1 508 1 35 1 561 1 525 1 459 1 456 1 84 1 85 1 777 1 530 1 564 1 538 1 510 1 212 1 440 2 984 1 3 1
97 21 26 957 1 235 1 236 1 241 2 644 1 538 1 548 1 63 1 551 1 440 2 631 2 450 1 238 1 174 1 461 1 237 2 289 1 791 1 830 1 820 1 55 2 484 1 340 1 308 1 232 1 112 1
167 37 24 138 1 508 1 826 1 964 1 427 1 429 1 456 1 459 1 446 1 451 1 802 1 35 1 585 4 530 1 503 1 684 1 511 1 116 1 538 1 548 1 505 1 440 2 631 1 169 1
//IdTournes NbColis
45 6
//IdColis IdCommandeInColis NbProducts IdProd1 QtyProd1 IdProd2 QtyProd2 ...
181 40 28 78 1 785 1 508 1 520 1 889 1 85 1 427 1 522 1 447 1 525 1 451 1 459 1 705 1 815 1 724 1 35 1 430 1 1022 1 838 1 503 1 768 1 538 1 440 2 515 1 814 1 623 1 631 1 76 1
197 43 26 195 1 681 1 241 1 235 1 319 1 512 2 548 2 510 1 440 2 683 1 631 2 620 1 63 1 374 1 482 1 450 1 1037 1 4 1 461 1 94 1 877 1 237 1 22 1 117 1 246 1 3 1
297 66 24 177 1 306 1 91 1 540 1 151 1 248 1 194 1 508 1 862 1 893 1 857 1 456 1 459 1 522 1 525 1 427 1 58 1 846 1 538 1 548 1 631 2 440 2 620 1 33 1
301 67 24 841 1 539 1 1009 1 173 1 121 1 508 1 242 1 833 1 889 2 843 1 873 1 456 1 459 1 525 1 427 1 58 1 98 1 846 1 538 1 440 2 620 1 595 1 281 1 3 1
135 29 32 623 1 631 2 482 1 699 2 596 2 4 1 253 1 461 1 139 1 140 2 779 1 824 1 697 1 965 1 206 1 27 1 285 1 51 2 37 1 111 1 502 1 282 1 345 1 281 1 39 1 344 5 76 4 462 1 769 1 220 1 128 1 73 3
206 45 14 807 1 31 2 834 1 498 1 257 1 554 1 197 3 198 2 616 4 50 1 163 2 452 2 499 1 502 1
//IdTournes NbColis
46 6
//IdColis IdCommandeInColis NbProducts IdProd1 QtyProd1 IdProd2 QtyProd2 ...
214 46 19 921 1 852 1 886 1 215 1 478 2 248 2 797 1 540 2 911 2 863 1 783 1 726 1 892 1 508 1 833 2 217 1 205 1 578 1 750 1
363 84 24 455 1 794 1 541 1 156 1 412 1 562 1 30 1 105 1 46 1 785 1 443 1 781 1 537 1 134 1 831 1 873 1 578 1 446 1 525 1 451 1 427 1 429 1 456 1 3 1
49 11 21 696 1 798 1 806 1 829 1 562 1 540 2 166 1 121 1 138 1 124 1 60 1 443 1 134 1 72 1 136 1 627 1 205 1 947 1 889 2 831 1 219 1
67 15 23 187 1 476 1 641 1 664 1 886 1 782 1 696 1 798 1 539 1 879 1 649 1 78 1 103 1 108 1 183 1 443 1 855 1 176 1 186 1 537 1 833 1 76 1 9 1
89 20 25 197 1 133 1 159 1 460 1 452 1 782 1 806 1 702 1 82 1 797 1 229 1 904 1 138 1 785 1 60 1 443 1 228 1 844 1 537 1 16 1 85 1 456 1 459 1 427 1 233 1
107 23 22 443 1 855 1 781 1 134 1 256 3 857 1 508 1 859 1 58 1 517 1 427 1 456 1 459 1 466 1 446 1 525 1 451 1 744 1 42 1 685 1 23 3 328 1
//IdTournes NbColis
47 6
//IdColis IdCommandeInColis NbProducts IdProd1 QtyProd1 IdProd2 QtyProd2 ...
119 25 22 425 1 25 1 457 1 782 1 696 1 702 1 910 1 91 1 104 1 106 1 109 1 745 1 694 1 166 1 736 1 121 2 60 1 443 1 136 1 286 1 508 1 9 1
133 29 21 963 1 231 1 82 1 91 1 562 1 943 1 801 1 770 1 92 1 183 1 443 1 781 1 242 1 286 1 186 1 627 1 719 1 889 2 964 1 176 1 348 1
236 52 18 36 1 198 2 54 3 142 1 632 1 782 1 852 1 819 1 702 1 910 1 114 1 797 1 943 1 972 1 157 1 108 1 443 1 937 1
242 53 24 173 2 478 1 540 2 916 1 166 1 138 1 785 1 1018 1 183 1 443 1 70 1 627 1 889 1 134 1 831 1 84 1 85 2 427 1 456 1 473 1 459 1 525 1 724 1 3 1
247 54 24 568 1 57 1 539 1 133 1 675 1 736 1 805 1 863 1 108 1 100 1 443 1 183 1 508 1 693 1 136 1 857 1 964 1 456 1 459 1 525 1 802 1 84 1 10 1 150 1
265 59 23 539 1 806 1 541 1 475 1 664 1 782 1 156 1 925 1 82 1 911 1 805 1 172 1 785 1 443 1 60 1 666 1 508 1 889 1 80 1 72 1 427 1 428 1 411 1
//IdTournes NbColis
48 6
//IdColis IdCommandeInColis NbProducts IdProd1 QtyProd1 IdProd2 QtyProd2 ...
110 24 9 376 1 259 1 227 1 5 1 529 1 120 1 357 6 31 2 51 1
175 39 21 921 1 57 1 184 1 240 1 963 1 104 1 904 1 783 1 810 1 103 1 172 1 1046 1 124 1 892 2 138 1 687 1 688 1 693 1 508 1 719 1 854 1
38 9 14 343 1 288 1 120 1 445 1 31 2 252 2 506 1 630 1 834 1 807 2 645 1 860 1 197 3 111 1
161 36 15 445 1 120 1 506 1 630 1 252 2 834 1 807 2 31 2 603 1 197 3 198 2 641 1 696 1 507 1 219 1
264 59 14 926 1 445 1 431 1 807 2 506 1 630 1 252 2 31 2 834 1 923 1 279 2 277 2 452 1 10 1
275 61 21 568 1 798 1 541 1 593 1 159 2 142 1 47 1 879 1 955 1 797 1 540 1 109 1 557 1 801 1 805 1 172 1 800 1 592 2 121 1 517 1 3 1
//IdTournes NbColis
49 6
//IdColis IdCommandeInColis NbProducts IdProd1 QtyProd1 IdProd2 QtyProd2 ...
27 7 23 95 1 782 1 702 1 104 1 106 1 107 1 109 1 540 2 100 1 103 1 105 1 108 1 805 1 892 1 627 1 893 1 85 1 58 1 84 1 456 1 525 2 517 1 33 1
154 34 23 696 1 790 1 539 1 891 1 57 1 156 1 159 1 25 1 765 1 913 1 540 1 261 1 801 1 726 1 813 1 627 1 843 1 153 1 58 1 740 1 525 1 427 1 126 1
85 19 22 628 1 452 1 306 1 412 1 765 1 900 1 696 1 798 1 539 1 806 1 215 1 763 1 104 1 173 2 715 1 26 1 243 1 795 1 821 1 781 1 214 1 217 1
174 39 16 197 3 198 2 1044 1 334 1 95 1 335 1 452 1 455 1 594 1 782 2 918 1 539 2 852 1 879 1 702 1 82 1
201 44 21 452 1 460 1 475 1 541 1 476 1 782 2 696 1 850 1 852 1 95 1 57 2 87 1 123 1 306 1 215 1 715 1 851 1 166 1 138 1 10 1 3 1
219 47 18 807 2 31 2 54 3 198 2 306 1 335 1 452 1 231 1 215 1 104 1 478 1 649 1 245 1 940 1 121 1 124 1 190 1 119 1
//IdTournes NbColis
50 6
//IdColis IdCommandeInColis NbProducts IdProd1 QtyProd1 IdProd2 QtyProd2 ...
269 60 13 393 1 359 1 453 1 837 1 725 1 807 2 506 1 630 1 252 2 31 2 835 1 54 3 430 1
54 12 21 54 2 8 2 133 1 637 1 475 1 638 1 455 1 897 1 782 1 696 1 852 1 794 1 702 1 184 1 122 1 95 1 151 1 478 1 418 1 456 1 150 1
142 31 21 8 1 299 1 409 1 240 1 412 1 638 1 455 1 593 1 594 1 841 1 702 1 900 1 248 1 106 1 109 1 194 2 888 1 138 1 855 1 844 1 537 1
166 37 19 554 1 853 1 197 3 198 2 460 1 640 1 696 1 184 1 425 1 418 1 805 1 698 1 172 1 26 1 108 1 800 1 795 1 517 1 6 1
194 43 14 207 1 359 1 5 1 506 1 630 1 725 1 807 2 252 3 31 2 554 1 257 2 996 1 197 1 517 1
132 29 16 536 1 498 1 7 3 8 2 363 2 240 1 160 1 93 1 346 1 187 1 558 1 640 1 475 1 793 1 539 1 852 1
//IdTournes NbColis
51 6
//IdColis IdCommandeInColis NbProducts IdProd1 QtyProd1 IdProd2 QtyProd2 ...
39 9 17 198 2 122 2 123 2 93 1 163 1 897 1 696 2 841 1 91 2 715 1 103 1 108 1 26 1 800 1 121 1 124 1 427 1
187 42 9 145 1 991 1 359 1 5 1 120 1 357 6 431 1 837 1 427 1
369 86 15 211 1 5 1 807 2 506 1 630 1 725 1 252 2 31 2 572 1 880 1 198 2 197 3 460 1 190 1 150 1
189 42 20 187 1 581 1 499 1 640 1 632 1 664 1 849 1 806 1 793 1 696 2 702 1 703 1 798 1 766 1 25 1 231 1 562 2 715 1 999 1 6 1
241 53 16 8 2 7 3 413 1 159 1 306 1 581 1 587 1 476 1 695 1 701 1 638 1 782 2 640 1 850 1 861 1 539 1
165 37 13 1050 1 211 1 1051 1 181 1 5 1 807 2 630 1 506 1 834 1 31 2 252 2 498 1 461 1
//IdTournes NbColis
52 6
//IdColis IdCommandeInColis NbProducts IdProd1 QtyProd1 IdProd2 QtyProd2 ...
150 33 23 25 1 306 1 95 1 638 1 470 1 460 1 475 1 133 1 782 1 696 1 539 1 91 1 108 1 26 1 166 1 121 1 795 1 537 1 693 1 826 1 134 1 281 1 3 1
257 57 20 198 2 306 1 470 1 475 1 476 1 477 1 702 1 829 1 593 1 597 1 638 1 628 1 782 1 798 1 841 1 850 1 57 2 215 1 418 1 218 1
71 16 17 645 1 197 3 198 2 460 1 475 1 499 1 696 1 798 1 806 1 986 1 159 2 91 1 104 1 943 1 194 1 783 1 124 1
195 43 19 197 2 198 2 163 1 499 1 664 1 696 2 841 1 806 1 879 1 793 1 829 1 425 1 306 1 49 1 95 1 963 1 57 1 190 1 219 1
44 10 22 240 1 475 1 476 1 597 1 628 1 918 1 539 2 702 1 541 1 829 1 921 1 151 1 911 1 726 1 60 1 72 1 627 1 885 1 842 1 58 1 456 1 9 1
282 63 13 1039 1 5 1 807 2 630 1 834 1 506 1 252 2 31 2 603 1 54 3 198 2 457 1 180 1
//IdTournes NbColis
53 6
//IdColis IdCommandeInColis NbProducts IdProd1 QtyProd1 IdProd2 QtyProd2 ...
5 2 14 288 1 167 1 5 1 31 2 32 2 48 3 506 1 630 1 725 1 36 1 554 1 880 1 197 2 883 1
31 8 11 227 2 120 1 379 3 31 3 252 3 630 2 506 2 834 1 807 1 114 1 302 1
43 10 16 606 1 5 1 31 1 48 2 506 1 32 1 725 1 630 1 609 2 36 1 7 3 8 2 114 1 133 1 608 1 9 1
53 12 14 145 1 288 1 5 1 31 2 32 2 506 1 630 1 725 1 48 2 554 2 835 1 257 1 54 1 17 1
100 22 14 354 1 356 1 5 1 31 2 252 2 506 1 630 1 834 1 807 2 250 1 554 1 835 1 54 3 246 1
145 32 15 5 1 181 1 506 1 834 1 807 2 630 1 31 2 252 2 54 3 198 2 879 1 184 1 159 1 975 1 219 1
//IdTournes NbColis
54 6
//IdColis IdCommandeInColis NbProducts IdProd1 QtyProd1 IdProd2 QtyProd2 ...
188 42 11 506 2 630 1 834 1 807 3 252 3 31 3 645 1 197 3 198 2 584 1 165 1
205 45 10 393 1 615 1 227 2 5 1 120 1 252 3 506 2 630 1 807 2 119 1
212 46 10 389 1 288 1 5 1 120 1 357 6 506 1 252 2 630 1 807 2 138 1
256 57 14 12 1 259 1 189 1 5 1 252 2 506 1 630 1 834 1 807 2 31 2 735 1 250 1 197 3 264 1
162 36 20 696 1 184 1 122 1 334 1 956 1 702 2 910 1 114 1 248 1 314 1 109 2 801 1 46 1 124 1 784 1 627 1 873 2 947 1 223 1 2 1
95 21 20 240 1 476 1 541 1 701 1 692 1 632 1 664 1 841 1 850 1 539 1 956 1 921 1 57 2 104 1 106 1 215 1 562 1 715 1 151 1 108 1
//IdTournes NbColis
55 6
//IdColis IdCommandeInColis NbProducts IdProd1 QtyProd1 IdProd2 QtyProd2 ...
375 87 23 461 1 757 1 617 1 752 1 17 1 762 1 18 1 79 2 748 1 155 1 66 2 276 2 271 1 753 2 284 1 294 1 154 1 758 2 754 2 180 2 760 1 755 2 756 1
260 57 13 840 1 144 1 392 1 347 1 200 1 342 1 395 1 283 1 287 1 263 1 417 2 419 2 3 5
169 37 6 263 1 290 1 6 1 305 2 423 2 3 5
183 40 9 388 1 161 1 147 1 747 2 135 1 287 1 924 1 331 1 3 4
93 21 9 244 1 386 1 259 1 288 1 339 1 181 1 5 1 357 6 263 1
278 61 5 938 2 3 3 935 1 275 1 934 1
