//NbTournees
22
//IdTournes NbColis
1 6
//IdColis IdCommandeInColis NbProducts IdProd1 QtyProd1 IdProd2 QtyProd2 ...
65 13 22 681 1 195 1 273 1 411 1 515 1 607 1 259 1 301 1 511 1 468 1 487 1 534 1 535 1 555 1 150 2 413 2 264 1 499 2 753 1 239 1 1 1 131 1
14 3 20 81 1 93 1 153 1 107 1 47 1 342 1 475 1 111 1 139 1 196 1 199 2 223 1 278 1 478 1 577 1 630 1 285 1 525 1 456 1 121 1
20 4 20 579 1 196 1 199 2 318 1 360 1 225 1 365 1 291 1 545 2 507 1 602 1 647 1 728 1 710 1 332 1 431 1 580 1 322 1 437 1 229 1
27 5 18 78 1 82 1 118 1 151 1 80 1 91 1 549 1 196 1 199 1 217 1 272 1 290 1 295 1 299 1 523 1 538 1 552 1 205 1
31 6 20 118 1 76 1 448 1 257 1 549 1 54 1 112 1 123 2 196 1 199 1 210 1 354 1 429 1 291 1 366 1 446 1 447 1 706 1 285 2 399 1
40 8 21 257 1 196 1 199 1 354 1 318 1 359 1 434 1 341 1 444 1 563 1 507 1 602 1 240 1 332 2 285 2 525 1 709 1 591 1 437 1 471 1 121 1
//IdTournes NbColis
2 6
//IdColis IdCommandeInColis NbProducts IdProd1 QtyProd1 IdProd2 QtyProd2 ...
49 10 20 216 1 166 1 118 1 111 1 139 1 112 1 196 1 199 1 217 1 278 1 619 1 620 1 601 1 630 1 731 1 240 2 525 1 228 1 463 1 280 1
60 12 22 193 1 111 2 275 1 196 1 199 1 311 1 318 1 282 1 341 1 592 1 564 1 507 1 705 1 681 1 552 1 332 1 591 1 322 1 329 1 596 1 247 1 131 1
69 14 28 76 1 196 1 199 1 210 1 278 1 303 1 678 1 301 1 302 1 150 1 271 1 306 1 305 1 550 1 659 1 309 1 574 1 537 1 578 1 267 1 243 1 269 1 292 1 233 1 308 1 502 1 207 1 86 1
71 15 25 266 1 54 1 196 1 199 1 223 1 278 1 294 1 509 1 681 1 270 1 437 1 734 1 514 1 302 1 471 1 534 1 535 3 150 1 413 1 396 1 559 1 499 1 17 1 131 1 43 1
75 16 21 151 1 549 1 196 2 282 1 291 1 296 1 523 1 581 1 681 1 285 1 441 1 588 1 584 1 708 1 587 1 218 1 476 1 585 1 499 1 306 1 86 1
79 17 24 166 1 111 1 196 1 199 1 223 1 291 1 346 1 564 1 478 1 571 1 580 1 466 1 321 1 218 1 271 1 484 1 476 1 616 1 499 1 783 1 550 3 324 1 530 1 56 1
//IdTournes NbColis
3 6
//IdColis IdCommandeInColis NbProducts IdProd1 QtyProd1 IdProd2 QtyProd2 ...
83 18 24 770 1 196 1 577 1 755 1 681 1 332 1 285 1 573 1 591 2 709 2 575 1 734 1 415 1 468 1 534 1 264 1 585 1 559 1 616 1 499 1 323 1 306 1 767 1 162 1
87 19 23 784 1 80 1 196 1 536 1 545 1 774 1 285 1 580 1 596 1 607 1 597 1 534 1 603 1 555 1 638 1 218 1 271 1 425 1 608 1 654 1 616 1 320 1 744 1
91 20 23 76 1 337 1 417 1 196 1 299 1 520 1 536 1 478 1 681 2 332 1 285 1 322 1 437 1 510 1 302 1 524 1 611 1 756 1 319 2 271 1 320 1 20 1 86 1
95 21 22 111 1 417 1 196 1 429 1 451 1 453 1 461 1 577 1 606 1 478 1 681 1 660 1 368 1 415 1 471 2 603 1 611 2 773 1 264 1 271 1 396 1 145 1
100 22 22 579 1 196 1 318 1 358 1 366 1 294 1 282 1 523 1 503 1 353 1 332 1 580 1 759 1 303 1 621 1 656 1 665 1 368 1 584 2 117 1 763 1 86 1
105 23 21 216 1 81 1 123 1 139 1 196 1 363 1 429 1 451 1 290 1 681 1 285 1 629 1 580 1 615 1 660 1 591 1 656 1 665 1 439 1 471 3 534 1
//IdTournes NbColis
4 6
//IdColis IdCommandeInColis NbProducts IdProd1 QtyProd1 IdProd2 QtyProd2 ...
151 33 23 196 1 199 2 674 1 157 1 693 1 673 1 222 1 267 1 682 1 642 1 206 1 313 2 690 1 53 1 697 1 173 1 108 1 115 1 187 1 699 1 205 1 90 1 99 1
4 1 33 279 1 631 1 13 1 243 1 393 1 504 1 400 2 420 1 308 1 667 1 197 1 198 2 200 1 201 1 213 2 219 2 221 1 364 1 262 1 281 1 304 2 345 1 307 1 422 2 546 1 586 3 553 2 590 1 207 1 239 1 462 1 464 1 20 1
23 4 31 614 2 506 1 418 1 74 1 556 1 385 1 283 1 288 2 395 3 343 1 419 1 309 1 505 1 648 1 443 2 578 2 582 1 663 1 13 2 144 1 243 1 269 1 393 1 735 1 310 1 328 1 420 3 667 1 197 1 198 1 43 1
38 7 42 533 1 399 1 158 1 65 1 214 1 154 1 338 1 340 1 392 1 395 1 309 1 637 2 609 1 691 1 287 1 144 1 388 1 393 2 140 1 233 1 398 1 400 1 551 1 197 1 262 1 281 1 307 1 583 2 546 1 586 2 207 1 239 1 206 1 251 1 162 1 164 1 145 2 547 1 613 1 643 1 119 1 131 1
43 8 39 144 1 474 2 13 1 617 1 334 1 233 1 308 3 274 1 220 2 148 1 197 1 198 1 200 1 213 1 219 1 226 1 333 2 281 1 498 1 422 1 583 1 590 2 244 1 206 2 251 3 84 2 547 1 613 2 643 1 209 1 245 1 298 2 204 2 20 1 688 1 187 1 180 1 163 1 131 1
67 13 39 391 1 473 1 527 1 631 1 542 1 663 1 393 1 308 1 400 1 197 2 198 1 200 1 213 2 219 1 221 1 262 1 304 1 345 1 307 1 422 2 583 2 546 1 586 1 251 1 464 1 547 1 613 1 208 1 245 1 101 2 64 1 761 1 22 1 205 1 249 1 120 2 68 1 90 1 99 1
//IdTournes NbColis
5 6
//IdColis IdCommandeInColis NbProducts IdProd1 QtyProd1 IdProd2 QtyProd2 ...
85 18 41 144 1 292 1 393 1 233 1 308 2 557 1 771 1 197 2 200 1 201 1 219 2 262 1 583 2 586 2 679 1 553 2 206 1 251 2 209 2 245 1 298 2 204 1 73 1 769 1 109 2 60 1 315 2 326 1 70 1 246 2 236 1 232 1 317 1 327 1 9 2 165 1 10 1 90 1 99 2 16 1 95 1
102 22 29 127 1 416 3 533 1 558 1 51 1 74 1 297 1 339 2 289 1 505 1 423 1 279 2 473 1 663 1 474 1 491 1 486 1 243 2 504 1 233 1 420 1 496 1 308 1 551 1 36 2 197 1 198 2 219 2 369 1
115 24 38 142 1 374 1 197 1 198 1 201 1 378 1 379 1 356 2 219 1 221 2 262 2 364 1 333 2 281 1 304 1 345 1 498 1 422 1 583 2 546 1 586 1 610 2 662 1 553 1 590 1 672 1 531 1 642 1 207 1 239 1 244 1 369 2 206 1 251 1 405 1 547 1 613 1 298 1
120 25 40 551 1 374 1 197 1 198 2 583 3 590 3 586 1 610 1 532 2 757 1 207 1 239 2 186 1 251 1 208 2 209 1 14 1 109 1 110 1 182 1 238 3 71 1 136 2 250 1 11 1 70 1 85 1 236 1 205 1 352 1 252 1 745 1 768 1 130 1 133 1 721 1 766 1 116 1 168 1 183 1
124 26 29 423 1 609 1 154 2 268 1 279 2 391 1 618 1 658 1 380 1 436 1 334 1 292 1 393 1 310 1 328 1 233 1 420 3 308 1 274 1 220 1 764 1 197 1 198 3 201 1 219 3 262 1 333 1 304 1 20 1
130 27 30 663 1 618 2 267 1 458 1 474 1 393 1 310 1 420 2 308 1 376 1 229 1 197 1 198 2 213 1 219 4 307 2 583 1 546 2 586 2 610 2 207 1 802 1 206 2 351 1 251 3 462 1 464 2 547 1 613 1 20 1
//IdTournes NbColis
6 6
//IdColis IdCommandeInColis NbProducts IdProd1 QtyProd1 IdProd2 QtyProd2 ...
57 11 40 344 1 309 1 267 1 486 1 19 1 397 1 617 2 504 1 310 1 383 1 233 1 420 2 502 1 726 1 636 2 274 1 406 1 198 3 201 1 379 1 356 1 221 1 333 1 281 1 498 1 583 1 610 1 553 1 590 2 672 1 532 1 206 1 405 1 643 1 245 1 298 1 109 1 86 1 131 1 1 1
92 20 31 559 1 499 1 754 1 394 1 306 3 529 1 49 1 56 1 416 1 533 1 214 1 556 1 65 1 74 1 338 1 340 1 395 2 419 1 309 1 268 1 540 1 618 1 474 2 243 1 504 1 310 1 557 1 140 1 220 1 1 1 8 1
114 24 39 659 1 556 1 222 1 408 1 338 1 339 1 288 1 340 1 283 1 392 1 395 1 344 1 419 1 309 1 423 1 637 1 472 1 527 1 645 1 300 1 486 1 389 1 397 1 617 1 243 1 269 1 372 1 393 1 570 1 504 1 310 1 224 2 233 1 420 1 622 1 625 1 502 1 636 1 667 2
133 28 26 81 1 166 1 210 1 681 1 710 1 711 1 240 1 421 1 535 1 218 1 559 1 499 1 83 1 412 1 550 1 414 1 539 2 33 1 416 1 418 1 214 2 65 1 338 1 419 1 310 1 43 1
138 29 33 418 1 399 2 659 2 222 1 283 1 289 1 392 1 344 1 419 1 445 1 574 1 637 1 293 1 391 1 473 1 540 1 542 1 658 1 777 1 312 1 243 1 393 1 310 1 469 1 398 1 502 1 636 2 140 2 526 2 36 1 771 1 198 2 207 1
107 23 28 416 1 533 3 614 2 558 1 347 1 418 1 659 1 556 2 74 1 408 1 338 1 289 1 392 1 395 4 343 1 442 1 419 1 309 1 505 1 637 1 472 1 279 1 287 2 542 1 658 1 234 2 688 1 1 1
//IdTournes NbColis
7 6
//IdColis IdCommandeInColis NbProducts IdProd1 QtyProd1 IdProd2 QtyProd2 ...
1 1 18 78 1 152 1 47 2 348 1 111 1 155 4 371 1 225 1 282 1 507 1 634 1 681 1 410 1 525 1 621 1 612 1 734 1 64 1
16 3 30 556 1 297 1 395 2 423 1 309 1 637 1 268 1 279 2 443 1 618 1 13 1 144 1 467 1 140 1 328 1 142 1 220 3 36 1 148 1 198 3 201 2 213 1 219 5 452 1 304 2 345 1 307 1 422 1 251 1 1 1
24 4 30 198 4 201 1 213 1 219 2 221 1 226 1 364 1 333 3 281 1 307 2 422 2 583 3 546 3 610 2 553 2 590 2 679 2 207 1 244 1 186 1 206 1 351 1 251 1 84 1 639 1 145 2 98 1 209 2 245 1 43 2
29 5 54 274 2 286 1 526 2 551 1 198 1 213 2 262 1 281 1 498 1 546 1 553 1 206 1 251 1 462 1 547 1 254 1 208 2 128 1 26 1 20 1 14 1 30 1 94 1 110 1 115 1 238 1 60 1 64 2 122 1 126 1 146 1 260 1 11 1 70 1 248 1 103 1 230 1 17 1 120 1 211 1 129 1 3 1 87 1 88 1 90 1 99 1 67 1 116 1 35 1 96 1 46 1 95 1 102 1 43 1
34 6 28 556 2 442 1 445 1 309 1 423 1 637 1 268 1 391 1 542 2 729 1 663 1 618 1 436 1 19 1 312 1 617 1 140 1 141 1 502 1 400 2 198 3 213 3 219 4 221 1 262 1 304 1 117 1 131 1
47 9 38 539 1 640 2 56 1 693 1 215 1 416 1 558 1 506 1 65 1 340 1 297 1 419 1 395 1 309 1 388 1 393 2 504 1 140 1 398 1 308 1 400 1 198 1 201 1 213 1 219 2 221 1 333 1 583 2 546 1 207 1 206 1 251 2 208 1 298 1 20 1 94 1 174 1 43 2
//IdTournes NbColis
8 6
//IdColis IdCommandeInColis NbProducts IdProd1 QtyProd1 IdProd2 QtyProd2 ...
62 12 47 287 1 582 3 527 1 334 1 335 1 420 1 502 1 557 1 274 2 36 2 198 1 200 1 345 1 304 3 207 1 251 2 145 1 613 2 639 2 164 1 173 1 174 1 109 1 115 1 178 1 24 1 689 1 180 1 71 1 175 1 203 1 315 1 170 2 184 2 695 1 17 1 188 1 130 1 716 1 32 1 165 1 721 2 90 2 99 1 100 1 131 1 43 1
70 14 32 526 1 198 2 213 1 304 1 307 1 546 1 553 2 590 1 244 1 206 1 251 2 254 1 208 4 209 1 245 1 14 1 178 1 182 1 122 2 203 1 253 1 40 1 720 1 170 1 149 1 230 1 255 2 261 1 90 1 99 1 121 1 131 2
72 15 31 522 1 306 1 550 1 414 1 56 1 614 1 506 1 659 1 518 1 74 1 288 1 268 1 287 1 527 2 537 1 663 1 467 1 13 1 300 2 234 1 19 1 617 1 243 2 269 1 504 1 541 1 224 1 502 1 308 1 198 3 6 1
89 19 42 312 1 233 1 502 2 667 1 314 1 771 1 198 1 201 2 219 3 221 1 498 1 586 1 610 1 679 1 207 1 244 1 251 1 547 2 613 1 208 3 26 2 204 1 20 1 688 1 690 1 73 1 94 1 246 2 236 2 205 2 237 1 317 1 252 1 284 1 778 1 87 1 90 1 99 1 692 1 5 1 34 2 95 1
93 20 45 551 1 764 1 198 3 200 1 221 1 281 1 345 1 546 4 553 2 590 2 207 1 316 1 206 1 251 1 208 4 209 1 245 2 26 1 689 1 30 1 73 1 769 2 190 1 315 1 246 1 205 2 212 1 232 1 255 1 722 2 120 1 68 1 327 1 284 3 32 1 165 1 177 1 90 1 99 1 16 1 97 2 50 1 44 2 762 1 2 1
97 21 24 287 2 474 1 617 1 269 1 393 1 398 1 420 1 308 1 551 1 229 2 36 1 198 1 201 3 213 3 219 4 281 1 345 1 304 3 583 1 586 2 610 1 553 3 590 3 244 1
//IdTournes NbColis
9 6
//IdColis IdCommandeInColis NbProducts IdProd1 QtyProd1 IdProd2 QtyProd2 ...
108 23 29 617 1 224 2 398 1 420 1 496 1 622 1 502 1 308 1 400 1 140 1 274 1 551 2 198 5 213 1 356 2 219 2 221 1 262 1 304 2 498 2 583 3 546 3 590 2 531 1 244 1 369 1 316 1 245 1 131 1
111 24 21 381 1 47 1 111 1 155 2 371 1 199 1 217 2 223 1 225 2 384 1 430 1 282 1 295 1 480 1 490 1 478 1 602 1 503 1 576 1 51 1 131 1
134 28 44 419 2 309 1 279 1 527 1 542 1 663 1 267 1 504 1 400 1 404 1 198 4 200 1 201 2 356 1 262 1 281 1 345 1 498 1 586 2 590 1 207 1 206 1 251 2 613 1 162 1 313 1 208 1 20 1 688 1 101 1 73 1 203 1 250 1 103 1 205 1 132 1 327 1 716 1 42 1 90 1 99 1 97 1 717 1 95 3
142 30 42 399 1 338 1 419 2 423 1 637 1 279 1 578 1 542 1 243 1 198 3 201 2 262 1 281 3 498 1 583 1 546 1 679 1 553 1 590 1 251 2 313 1 254 2 208 3 688 2 14 1 45 1 94 1 110 2 115 1 326 1 246 2 205 1 232 1 676 1 211 1 258 1 129 1 32 1 165 1 90 1 99 1 172 1
145 31 43 659 2 556 1 338 1 289 2 340 1 343 1 423 1 637 1 424 3 684 1 388 1 420 1 308 2 400 2 198 1 213 1 304 1 422 1 583 1 590 1 244 1 251 1 405 1 254 1 245 1 256 1 24 1 689 2 696 1 110 1 722 1 712 1 90 1 99 1 16 1 23 1 29 1 50 1 160 1 715 1 7 1 119 2 43 2
152 34 41 171 1 410 1 580 1 441 1 555 1 499 1 362 1 280 1 650 2 416 1 533 1 222 1 343 1 279 1 684 1 388 1 420 1 198 1 201 2 213 1 583 1 313 1 254 1 208 1 298 3 688 1 685 1 14 1 689 1 45 1 94 1 696 1 235 1 698 1 350 1 246 1 232 1 90 1 99 1 692 1 43 1
//IdTournes NbColis
10 6
//IdColis IdCommandeInColis NbProducts IdProd1 QtyProd1 IdProd2 QtyProd2 ...
37 7 26 123 1 199 1 210 1 225 1 384 1 299 1 681 1 683 1 678 1 387 1 528 1 554 1 555 1 396 1 623 1 608 1 661 1 559 1 394 1 306 1 66 1 529 1 157 1 539 1 650 1 90 1
118 25 24 139 1 386 1 199 1 217 1 225 1 710 1 572 1 415 1 471 1 487 1 535 2 555 1 413 2 264 1 499 2 390 2 732 1 306 1 568 1 550 1 324 1 414 2 120 1 131 2
122 26 20 77 1 91 1 373 1 770 1 139 1 337 1 199 2 311 1 225 1 430 1 282 1 291 1 478 1 681 1 285 2 615 1 591 2 411 1 465 1 121 1
144 31 22 181 1 725 1 199 2 318 1 704 1 706 1 285 1 626 1 415 1 425 1 306 2 539 2 49 1 723 1 89 1 700 1 416 1 702 1 418 2 241 1 20 1 131 1
11 2 30 474 1 243 2 504 1 328 1 420 2 667 1 140 1 141 1 526 1 200 2 201 3 213 2 356 1 281 2 345 1 498 2 422 1 553 2 590 2 207 1 186 1 251 3 254 1 26 6 24 1 73 1 94 1 108 1 109 1 15 1
76 16 28 306 1 539 1 157 1 56 1 693 1 89 1 614 1 556 2 222 1 289 1 395 1 442 1 309 1 194 2 268 1 279 1 287 1 293 1 527 1 537 2 474 2 566 1 36 1 764 1 200 1 201 3 219 1 131 1
//IdTournes NbColis
11 6
//IdColis IdCommandeInColis NbProducts IdProd1 QtyProd1 IdProd2 QtyProd2 ...
148 32 30 499 1 306 2 66 1 416 2 533 1 614 1 418 1 222 1 339 1 288 1 289 1 395 1 309 1 279 2 287 1 537 2 578 1 540 1 663 1 144 1 312 1 335 1 388 1 420 1 308 1 140 1 551 1 36 1 201 2 43 2
19 4 14 79 1 77 1 118 1 76 1 80 1 153 1 791 1 448 1 57 1 348 1 111 2 386 1 337 2 211 1
52 10 39 566 1 234 1 389 1 420 1 625 1 308 1 220 2 229 1 36 1 201 1 213 3 219 1 226 1 262 2 304 1 345 1 498 1 583 3 546 1 610 2 590 1 642 1 207 1 239 1 186 1 206 1 251 2 145 1 643 1 547 1 613 1 162 1 209 1 245 1 26 3 101 1 115 1 190 1 695 1
41 8 24 441 1 303 1 421 1 562 1 349 1 708 1 150 1 439 1 471 2 534 1 535 2 587 1 554 1 218 1 264 2 544 1 425 1 585 1 655 1 559 1 362 1 194 1 159 1 86 1
127 27 21 804 1 337 1 210 1 217 1 382 1 455 1 595 1 601 1 602 1 503 1 478 1 668 1 525 1 580 2 591 1 411 1 594 1 652 1 588 1 349 1 90 1
128 27 24 349 1 357 1 454 1 439 1 415 1 471 2 319 2 336 1 460 1 599 1 604 1 585 1 654 1 669 1 707 1 499 1 83 1 522 2 754 1 306 2 795 1 550 1 52 1 194 1
//IdTournes NbColis
12 6
//IdColis IdCommandeInColis NbProducts IdProd1 QtyProd1 IdProd2 QtyProd2 ...
141 30 24 701 1 76 1 579 1 417 1 595 1 411 1 677 1 349 1 409 1 471 1 664 1 413 1 367 1 396 2 306 1 694 1 550 2 530 1 539 1 215 1 416 1 614 1 251 1 43 1
136 29 20 82 1 76 1 373 1 549 1 123 1 210 3 225 1 365 1 430 1 459 1 606 1 478 1 552 1 629 1 591 1 626 1 357 1 450 1 83 1 121 1
12 2 42 110 2 115 1 801 2 136 1 805 1 203 1 315 1 326 1 11 1 22 1 21 1 85 1 246 3 202 3 236 1 249 2 255 3 17 1 120 2 317 1 327 1 800 1 59 1 75 2 192 1 10 5 31 1 42 1 90 1 99 1 106 1 116 1 55 1 97 1 29 1 50 1 44 1 34 1 135 1 46 2 95 1 7 3
17 3 45 583 3 586 1 251 1 72 1 145 1 464 2 613 2 639 1 254 1 208 1 245 2 298 1 204 1 28 2 30 1 109 1 238 3 104 1 136 1 203 1 325 1 253 1 260 1 85 1 246 1 205 2 230 1 232 1 237 1 249 1 255 2 132 1 211 2 252 1 327 1 258 1 6 1 38 1 90 2 99 1 100 1 97 1 44 1 34 1 125 1
39 7 31 313 1 298 1 26 2 204 1 20 1 108 1 109 1 110 1 178 1 185 1 61 1 238 1 136 1 203 1 248 1 11 2 246 2 211 1 284 2 129 1 156 1 161 1 165 1 37 1 99 2 69 1 23 2 25 2 125 1 1 1 8 2
44 8 31 64 1 136 1 315 2 246 1 170 1 202 1 236 1 205 2 352 1 232 1 513 1 188 1 284 1 161 1 177 1 713 1 3 1 6 1 75 1 90 1 99 1 718 1 69 1 172 1 97 1 50 1 29 1 147 1 95 1 86 2 1 2
//IdTournes NbColis
13 6
//IdColis IdCommandeInColis NbProducts IdProd1 QtyProd1 IdProd2 QtyProd2 ...
53 10 35 180 1 61 1 235 1 238 1 167 1 126 1 104 1 250 1 260 1 11 1 70 1 246 1 202 2 205 2 232 1 249 1 255 1 252 1 9 1 192 1 740 1 90 1 99 1 100 1 191 1 10 1 42 1 106 1 718 1 179 1 29 1 742 1 741 1 119 1 15 1
58 11 31 134 1 30 1 743 1 238 1 315 1 250 1 248 1 70 1 246 1 184 1 202 2 205 1 212 1 255 1 317 1 258 1 284 1 90 1 99 1 737 1 39 1 176 1 69 1 97 2 50 1 44 1 114 1 742 1 95 2 715 1 183 1
73 15 40 221 1 345 1 583 1 590 1 265 1 531 2 532 2 682 2 642 1 207 1 206 1 251 2 547 1 643 1 208 2 204 1 689 1 30 1 73 1 109 1 190 1 203 1 260 1 236 2 205 2 230 1 232 1 237 2 258 1 284 1 740 2 32 1 745 1 177 1 192 1 90 1 99 1 718 1 168 1 746 1
77 16 49 219 1 281 1 583 2 207 1 117 1 251 2 464 1 245 1 298 1 204 1 256 1 20 1 101 1 14 1 30 1 45 1 781 1 108 1 110 1 182 1 235 1 238 1 136 1 253 1 248 1 11 1 246 1 202 1 205 1 212 3 249 1 255 1 17 1 252 1 258 1 687 1 716 1 75 1 133 2 42 1 90 1 99 1 191 1 39 1 44 1 779 1 95 1 183 1 748 1
98 21 53 590 1 788 1 206 1 251 1 613 1 72 1 84 1 145 1 208 4 209 1 245 2 298 2 780 1 24 1 689 1 786 1 185 1 61 1 238 1 122 1 203 2 250 2 260 1 22 1 350 1 246 4 202 1 205 1 212 2 232 1 249 1 317 1 778 1 75 1 87 1 177 2 90 1 99 2 106 1 55 1 96 1 168 1 69 1 23 2 50 1 44 1 779 1 742 1 135 1 46 1 95 2 119 1 121 1
5 1 38 464 1 547 1 613 1 375 1 245 1 26 1 204 1 30 1 110 1 235 1 238 1 104 1 260 1 11 1 40 1 246 1 149 1 212 1 249 2 317 1 211 1 32 1 37 1 63 1 10 1 62 1 90 1 99 1 16 1 29 1 50 1 114 1 102 1 119 1 86 1 1 1 131 4 43 2
//IdTournes NbColis
14 6
//IdColis IdCommandeInColis NbProducts IdProd1 QtyProd1 IdProd2 QtyProd2 ...
25 4 58 204 2 101 1 24 1 28 1 53 1 113 1 115 1 182 1 180 2 61 2 122 2 136 2 260 2 326 1 253 1 22 1 248 1 184 1 149 1 205 2 232 1 255 1 513 1 428 1 17 1 68 1 252 1 284 1 9 1 4 1 6 1 59 1 75 1 87 2 130 2 787 1 133 2 192 1 10 2 31 1 90 1 99 1 100 1 16 1 39 1 69 1 50 1 41 1 25 2 58 2 135 1 95 1 2 1 748 2 119 1 121 1 790 1 15 5
35 6 47 583 1 586 1 553 1 590 1 251 1 462 1 547 1 613 2 254 1 245 1 204 2 256 1 45 1 105 1 109 1 115 1 134 1 71 1 315 2 11 1 22 1 248 1 246 2 236 2 205 2 255 3 232 1 249 1 317 1 252 1 327 2 284 1 3 1 130 1 133 1 10 1 90 1 99 1 35 1 97 1 23 1 29 1 5 1 147 1 135 1 131 3 43 3
48 9 31 109 1 182 1 134 1 190 1 61 1 238 1 122 1 64 1 22 1 246 1 170 1 695 1 205 1 212 1 230 1 232 1 255 2 317 1 284 2 161 1 130 1 133 1 686 1 687 1 32 1 165 1 90 2 99 1 5 1 160 1 15 2
81 17 46 345 1 583 2 546 1 586 2 553 2 590 1 207 1 239 1 751 1 788 1 206 2 251 2 462 2 313 1 208 3 256 2 688 1 101 2 110 1 786 1 180 1 122 1 315 1 246 1 170 1 230 1 232 1 237 2 255 3 120 2 327 2 4 1 156 1 740 2 87 1 785 1 133 1 88 1 90 1 99 1 168 1 97 1 50 1 779 1 147 1 46 1
103 22 45 281 2 304 1 498 1 583 2 590 2 553 2 186 1 206 1 464 3 639 1 254 1 208 1 209 1 245 1 204 1 24 1 689 1 690 1 105 1 178 1 190 1 61 1 315 1 350 1 246 3 720 1 230 1 232 3 237 1 249 2 255 1 261 1 129 1 161 1 87 1 177 1 10 1 90 1 99 1 55 1 168 1 50 1 742 1 46 1 747 1
109 23 39 251 1 464 1 245 1 298 2 204 1 690 1 769 1 180 1 61 2 238 1 167 1 136 1 253 2 248 1 246 2 184 1 205 2 352 1 230 1 249 2 255 2 722 1 132 2 252 1 800 1 284 1 716 1 793 1 87 1 721 1 31 1 42 1 90 1 99 1 168 1 69 1 44 1 5 2 790 1
//IdTournes NbColis
15 6
//IdColis IdCommandeInColis NbProducts IdProd1 QtyProd1 IdProd2 QtyProd2 ...
116 24 63 613 1 643 1 313 1 254 1 208 1 298 1 26 1 204 1 256 1 24 1 45 1 94 1 109 1 115 1 180 1 238 2 792 1 60 1 136 1 146 1 260 1 250 1 248 1 11 1 246 1 236 1 720 1 797 1 170 2 184 1 205 1 212 1 230 2 249 1 255 2 17 1 317 2 211 1 252 1 327 1 258 1 284 2 9 1 3 1 156 1 794 1 177 1 130 1 133 1 42 1 90 1 99 1 718 1 719 1 176 1 97 1 799 1 29 1 50 2 742 1 119 2 121 1 15 1
125 26 42 304 1 583 3 590 1 244 1 239 1 369 1 206 2 547 1 613 1 796 1 254 2 26 5 204 2 101 2 45 1 109 1 110 1 235 1 238 1 64 1 71 2 250 1 260 1 246 1 720 1 205 1 352 1 232 1 249 2 255 1 327 2 261 1 258 2 3 2 6 1 687 1 716 1 32 2 159 1 161 1 163 1 75 1
131 27 46 613 1 164 1 145 1 313 2 208 2 245 1 298 4 688 1 14 1 780 1 769 1 173 1 180 1 238 2 64 1 136 2 146 1 260 1 246 1 797 1 149 1 205 1 212 1 230 1 237 3 17 1 317 1 327 1 800 2 778 1 740 1 38 1 785 1 130 1 133 1 192 1 42 1 99 1 803 1 692 1 16 1 168 1 44 1 34 1 95 1 86 1
139 29 46 213 1 356 1 219 1 221 1 226 1 364 1 262 1 333 1 281 2 583 1 586 1 590 1 776 1 244 2 369 1 186 1 206 3 251 2 462 1 464 1 547 1 639 1 208 2 209 3 245 1 298 1 20 2 30 1 45 2 786 1 61 2 64 1 253 1 246 1 205 2 249 1 255 1 237 1 120 1 317 1 261 1 258 1 32 1 90 1 99 2 790 1
149 32 48 213 1 226 1 262 2 333 1 281 1 422 1 583 3 679 1 590 3 207 1 239 2 751 1 206 1 251 2 464 1 639 1 162 1 254 1 208 1 20 1 101 1 689 2 110 1 749 1 235 1 104 1 315 1 170 1 103 1 205 2 212 1 232 1 560 1 750 1 327 1 261 1 686 1 38 1 161 1 177 1 99 1 100 1 737 1 50 1 34 1 46 1 748 1 747 1
154 35 16 675 1 306 1 56 1 700 1 309 1 636 1 274 1 229 1 148 1 307 1 251 1 313 1 208 1 205 1 90 1 99 1
//IdTournes NbColis
16 6
//IdColis IdCommandeInColis NbProducts IdProd1 QtyProd1 IdProd2 QtyProd2 ...
2 1 24 584 1 150 1 361 1 454 1 471 1 487 1 489 1 534 2 535 2 555 1 752 1 413 1 218 1 336 1 396 1 599 1 623 1 758 1 83 1 499 3 440 1 635 1 48 1 208 1
3 1 28 306 2 495 1 550 1 127 1 138 1 414 2 598 1 539 1 640 1 215 3 416 1 533 1 558 1 614 1 506 1 418 1 65 1 214 1 556 1 154 1 222 1 338 1 288 1 392 1 423 1 637 1 268 1 208 1
28 5 29 285 1 525 1 456 1 231 1 471 1 519 1 554 1 555 1 484 1 544 1 548 1 83 1 280 1 550 1 137 1 414 1 530 1 227 1 215 1 558 1 399 1 283 1 289 1 297 1 267 2 276 1 243 1 393 2 207 1
56 11 27 555 1 670 1 413 3 432 1 476 1 425 1 616 1 736 1 499 4 440 1 732 1 727 1 306 1 500 1 738 1 550 1 501 1 215 1 533 1 659 1 739 1 744 1 408 1 283 1 339 1 208 1 86 1
8 2 22 210 1 341 1 479 1 480 1 481 1 461 1 493 1 478 1 552 1 285 1 525 1 591 1 411 1 596 1 612 1 562 1 600 1 510 1 426 1 427 1 220 1 1 2
46 9 26 118 1 181 1 47 1 210 1 403 1 353 1 332 1 525 1 407 1 321 1 487 1 680 1 413 1 271 1 476 1 544 1 616 1 499 2 627 1 495 1 89 1 143 1 414 1 65 1 120 1 131 1
//IdTournes NbColis
17 6
//IdColis IdCommandeInColis NbProducts IdProd1 QtyProd1 IdProd2 QtyProd2 ...
119 25 30 530 1 49 1 723 1 137 1 416 1 533 1 614 1 659 1 158 1 288 1 344 1 154 1 377 1 287 2 293 1 391 1 473 2 582 1 663 1 389 1 397 2 570 1 224 1 383 1 233 1 328 1 420 1 400 1 140 1 251 1
42 8 28 362 1 440 1 565 1 306 1 247 1 124 1 414 1 539 1 640 1 215 1 416 3 533 1 418 1 399 1 214 3 194 1 154 1 222 1 338 1 339 1 344 1 609 1 293 1 443 1 527 1 663 2 144 1 101 1
51 10 28 143 1 414 1 501 1 215 1 416 1 533 1 614 1 633 1 418 1 214 1 556 1 408 1 288 1 392 1 574 1 309 1 472 1 268 2 293 1 391 1 527 1 578 2 542 1 589 1 663 2 144 1 467 1 224 1
80 17 29 723 1 124 1 137 1 215 1 614 1 569 1 214 1 556 1 74 1 338 1 289 1 344 1 574 1 423 1 527 1 578 2 589 2 663 2 267 1 269 1 292 1 393 1 420 1 782 1 213 1 219 2 333 1 345 1 422 1
84 18 25 306 3 529 1 66 1 550 1 539 1 640 1 765 1 723 1 416 1 533 1 614 1 214 1 65 1 222 2 339 1 419 2 505 1 268 2 293 1 443 1 527 2 578 2 589 1 658 1 145 1
88 19 25 330 1 754 1 263 1 568 1 12 1 550 1 539 2 56 1 92 1 416 4 533 1 214 3 343 1 344 1 309 1 505 1 287 1 589 1 663 1 267 1 331 1 566 1 144 1 234 1 667 1
//IdTournes NbColis
18 6
//IdColis IdCommandeInColis NbProducts IdProd1 QtyProd1 IdProd2 QtyProd2 ...
123 26 29 612 1 466 1 514 1 535 1 218 1 396 1 604 1 425 1 616 1 783 1 320 1 522 1 568 1 501 1 539 1 700 1 215 2 416 2 533 1 614 1 659 1 214 1 556 1 74 1 385 1 289 1 343 1 344 1 713 1
22 4 19 440 1 644 1 730 1 306 4 495 1 494 1 550 2 49 1 52 1 530 2 650 2 92 1 127 1 143 1 215 1 512 1 533 4 614 1 17 1
33 6 22 394 1 66 2 550 2 56 1 89 1 92 1 124 2 143 1 501 1 539 1 650 1 640 1 215 3 416 2 521 1 533 1 558 3 614 1 51 1 339 1 58 1 86 1
66 13 30 306 2 495 1 550 1 247 1 414 1 598 2 539 1 640 1 157 1 765 1 693 1 215 1 416 1 641 1 558 2 614 1 418 1 556 1 158 1 74 1 222 1 241 1 338 1 392 1 442 1 419 1 423 1 637 1 287 1 667 1
96 21 28 396 1 616 1 189 1 323 2 306 3 370 1 12 1 738 1 550 1 247 1 414 2 598 1 501 1 775 1 49 1 143 1 215 1 399 2 283 2 344 1 419 1 445 1 395 1 605 1 423 1 609 2 268 1 131 2
106 23 21 534 2 535 4 632 1 664 1 218 1 336 1 484 1 599 1 425 1 654 1 655 1 657 1 499 2 83 1 362 1 394 2 501 2 127 1 143 1 215 2 148 1
//IdTournes NbColis
19 6
//IdColis IdCommandeInColis NbProducts IdProd1 QtyProd1 IdProd2 QtyProd2 ...
113 24 22 651 1 671 1 394 2 306 2 495 2 568 1 66 1 550 3 247 2 414 1 501 1 650 1 33 1 52 1 89 1 215 1 533 3 614 2 558 1 418 1 404 1 131 1
129 27 26 650 1 49 1 138 1 215 1 416 2 470 1 533 3 614 1 399 1 556 1 158 1 744 1 385 1 408 1 339 1 343 1 344 1 574 2 309 1 194 1 279 2 293 1 537 2 589 1 663 2 20 1
55 11 19 79 1 171 1 155 4 217 1 318 1 225 1 403 1 490 1 497 1 503 1 478 1 681 1 401 1 332 1 410 1 575 1 402 1 189 1 97 1
15 3 26 477 1 612 1 150 1 471 1 535 2 628 1 638 1 555 1 218 1 460 1 476 1 599 1 585 1 559 1 280 1 627 1 263 1 306 1 500 1 550 2 18 1 640 1 470 1 416 3 20 1 1 1
32 6 23 615 1 438 1 433 1 708 1 355 1 361 1 508 1 517 1 528 1 535 2 555 1 413 1 218 1 319 1 432 1 476 1 654 1 616 1 499 1 488 1 306 3 229 1 86 1
147 32 21 57 1 112 1 123 1 579 1 417 1 318 1 282 1 449 1 576 1 478 2 705 1 681 3 285 1 525 1 561 1 567 1 535 2 413 2 654 1 499 1 90 1
//IdTournes NbColis
20 6
//IdColis IdCommandeInColis NbProducts IdProd1 QtyProd1 IdProd2 QtyProd2 ...
10 2 32 66 1 305 1 27 1 33 1 56 1 539 1 798 1 137 1 593 1 416 2 533 1 418 1 74 1 435 1 338 1 288 1 289 1 340 1 392 1 419 3 309 1 637 1 293 1 391 1 542 1 663 1 491 1 467 2 144 1 220 1 1 2 43 1
101 22 22 760 1 357 1 485 1 528 1 535 3 555 2 367 2 425 1 599 2 623 1 559 1 654 1 280 1 492 1 651 1 732 2 494 1 48 1 501 1 539 1 157 1 220 1
137 29 24 468 1 535 1 555 1 319 1 457 1 623 1 608 1 654 1 499 4 83 1 362 1 280 1 394 1 306 3 568 1 12 1 738 1 48 1 89 1 789 1 533 1 558 1 418 2 1 1
50 10 23 683 1 433 1 584 1 150 1 450 1 409 1 468 1 664 1 264 1 336 1 599 1 544 1 425 1 654 2 616 1 499 1 263 1 306 3 66 1 550 2 143 1 222 1 133 1
9 2 25 511 1 415 2 471 1 519 1 534 1 587 1 611 1 555 1 271 1 623 1 703 1 604 2 585 1 707 1 559 1 499 1 320 2 362 1 323 1 483 1 488 1 306 1 12 2 101 1 15 1
21 4 23 646 1 588 2 733 1 301 1 471 3 555 2 664 1 554 2 150 1 336 1 432 2 543 1 599 1 604 1 559 1 616 1 657 1 499 1 320 1 117 1 131 1 8 1 43 1
//IdTournes NbColis
21 6
//IdColis IdCommandeInColis NbProducts IdProd1 QtyProd1 IdProd2 QtyProd2 ...
64 13 18 772 1 257 1 277 1 549 1 155 4 579 1 417 1 275 1 225 1 242 1 278 1 291 1 516 1 346 1 624 1 681 1 471 1 86 1
112 24 24 666 1 681 2 731 1 285 1 649 1 361 1 427 1 487 1 528 1 534 1 535 1 653 1 611 1 670 2 150 1 413 1 425 1 654 1 661 1 616 1 559 1 499 2 767 1 131 1
7 2 12 82 1 806 1 118 1 76 1 91 2 193 2 257 1 111 3 139 1 482 1 275 1 464 1
61 12 28 588 1 511 1 517 1 471 2 535 1 271 1 336 1 484 1 396 1 654 1 559 1 394 1 501 1 416 2 533 1 418 2 399 1 556 1 74 1 339 1 340 1 297 1 395 1 343 1 442 1 287 1 473 1 131 1
63 12 14 3 1 191 1 10 2 169 1 16 1 719 1 168 1 97 2 23 1 41 1 44 1 34 1 714 1 724 1
126 26 13 130 1 192 2 90 1 99 1 106 2 718 1 55 2 50 1 41 2 44 1 147 1 747 1 121 1
//IdTournes NbColis
22 1
//IdColis IdCommandeInColis NbProducts IdProd1 QtyProd1 IdProd2 QtyProd2 ...
30 5 2 95 1 121 1
