//NbTournees
3
//IdTournes NbColis
1 6
//IdColis IdCommandeInColis NbProducts IdProd1 QtyProd1 IdProd2 QtyProd2 ...
2 1 11 69 1 72 1 74 1 85 1 73 1 51 1 14 1 29 1 99 2 100 1 105 1
9 1 17 114 1 133 1 135 2 2 1 16 4 40 2 58 1 108 1 36 2 95 3 11 2 140 2 76 2 77 2 78 1 79 1 82 1
10 1 21 79 1 80 2 93 2 71 1 26 2 45 1 130 1 81 2 112 2 10 1 53 2 68 1 102 1 123 1 126 2 127 1 75 1 21 1 28 6 47 2 25 1
13 1 2 83 1 86 1
12 1 17 134 1 96 3 3 2 4 2 110 2 117 1 137 1 8 1 13 2 37 1 143 1 49 3 54 6 59 1 60 5 61 4 70 1
1 1 5 84 1 88 4 89 2 56 1 73 1
//IdTournes NbColis
2 6
//IdColis IdCommandeInColis NbProducts IdProd1 QtyProd1 IdProd2 QtyProd2 ...
3 1 9 115 1 142 1 22 2 125 1 90 2 92 4 94 2 23 1 87 1
8 1 14 43 2 57 2 64 2 120 1 139 2 5 3 42 1 62 1 132 2 17 1 1 3 18 1 114 1 91 1
4 1 8 94 2 23 3 6 2 15 1 30 2 31 3 34 2 43 1
6 1 8 101 2 107 1 128 2 129 1 131 1 109 4 7 5 17 1
11 1 24 47 2 48 1 65 2 104 2 106 2 113 2 121 1 52 1 103 1 9 2 24 1 27 2 118 1 38 1 138 1 141 1 33 1 39 1 44 1 66 5 97 1 111 1 116 1 119 1
7 1 11 12 1 20 1 41 1 63 6 136 1 32 2 98 1 19 1 122 2 124 1 43 1
//IdTournes NbColis
3 1
//IdColis IdCommandeInColis NbProducts IdProd1 QtyProd1 IdProd2 QtyProd2 ...
5 1 7 34 1 35 2 46 1 50 2 55 5 67 4 101 1
