//NbTournees
51
//IdTournes NbColis
1 6
//IdColis IdCommandeInColis NbProducts IdProd1 QtyProd1 IdProd2 QtyProd2 ...
66 15 20 134 1 170 1 307 1 309 1 223 1 450 1 486 1 700 1 190 1 206 1 212 1 219 1 220 1 225 1 227 1 243 1 245 1 302 2 72 1 28 1
153 37 24 265 1 190 1 215 1 219 1 220 1 225 1 227 1 248 1 254 1 259 1 193 1 204 1 256 1 583 1 207 1 237 1 257 1 508 1 218 1 641 1 759 1 392 1 28 3 71 1
155 38 27 205 1 212 1 219 1 220 1 225 1 227 1 245 1 251 1 262 1 264 1 214 1 238 1 201 1 216 1 226 1 194 1 217 1 263 1 273 1 488 1 191 1 208 1 266 1 267 1 38 1 169 1 28 1
157 39 22 736 1 265 1 220 1 221 1 225 1 234 1 228 1 249 1 722 1 226 1 242 1 276 1 192 1 232 1 250 1 258 1 261 1 372 1 364 1 191 1 832 1 29 1
160 40 23 233 1 247 1 200 1 225 1 229 1 282 1 199 1 260 1 270 1 281 1 827 1 211 1 230 1 258 1 275 1 65 1 191 1 797 1 61 1 269 1 267 1 37 1 71 1
164 41 19 272 1 330 2 654 1 275 1 458 1 65 3 191 1 268 1 345 3 303 1 669 1 336 2 590 1 311 1 323 1 361 1 300 1 589 1 78 1
//IdTournes NbColis
2 6
//IdColis IdCommandeInColis NbProducts IdProd1 QtyProd1 IdProd2 QtyProd2 ...
341 86 22 700 1 382 1 614 1 282 1 210 1 312 1 320 1 654 1 695 1 191 1 289 1 345 1 119 1 588 1 323 2 80 2 100 3 115 2 696 1 697 1 51 1 29 2
18 4 18 577 1 370 1 371 1 328 1 375 1 339 1 287 1 305 3 318 2 89 2 238 1 444 1 449 1 390 1 312 1 314 1 553 1 78 1
27 6 15 350 1 302 1 313 1 371 1 577 2 370 2 374 1 332 1 335 1 328 2 391 1 375 3 287 2 78 1 29 1
37 7 21 327 1 377 1 399 1 416 1 219 1 427 1 225 1 227 1 253 1 617 1 349 1 350 1 575 1 302 1 621 1 577 1 370 1 374 1 287 2 417 1 139 1
50 10 16 133 1 136 1 306 1 332 2 335 1 339 1 667 1 287 2 318 3 359 1 204 1 238 2 605 1 604 1 194 1 132 1
68 15 19 390 1 195 1 241 1 723 1 230 1 326 1 329 3 634 2 263 1 537 1 459 1 286 1 338 1 557 1 295 1 751 1 303 2 169 1 29 1
//IdTournes NbColis
3 6
//IdColis IdCommandeInColis NbProducts IdProd1 QtyProd1 IdProd2 QtyProd2 ...
77 17 17 583 1 796 1 800 2 804 1 201 1 207 1 217 1 385 1 526 1 460 1 643 3 329 1 634 2 488 1 801 1 286 1 78 1
81 18 19 292 1 307 1 346 1 368 1 370 1 328 2 375 1 380 1 248 1 253 1 259 1 386 1 287 1 314 1 449 1 260 1 604 1 89 1 51 1
104 24 14 375 1 637 1 287 2 318 1 291 2 308 1 314 1 334 2 390 2 604 1 594 1 773 1 195 2 201 1
111 25 21 235 1 566 1 510 1 355 1 230 1 385 1 497 1 250 1 388 1 393 1 394 1 634 1 271 1 275 1 458 1 459 1 286 1 289 2 345 1 360 1 78 1
129 28 24 230 1 237 1 385 1 446 1 631 1 257 1 272 1 537 1 634 1 286 1 353 1 295 1 360 1 266 1 693 1 348 1 285 1 203 1 22 1 100 3 110 1 115 1 120 1 148 1
151 36 22 89 1 58 1 330 2 194 1 383 1 537 1 65 1 286 1 345 2 521 1 268 1 303 2 373 2 669 1 34 1 296 1 311 2 323 1 361 1 435 1 148 1 78 1
//IdTournes NbColis
4 6
//IdColis IdCommandeInColis NbProducts IdProd1 QtyProd1 IdProd2 QtyProd2 ...
162 41 22 307 1 223 1 366 1 246 1 253 1 282 1 302 2 304 1 335 1 339 1 396 1 210 1 252 1 287 1 305 2 318 1 209 1 100 1 154 1 656 2 5 1 29 1
166 42 25 178 1 534 1 166 1 528 1 491 1 219 1 220 1 225 1 227 1 245 1 498 1 455 1 72 1 195 1 317 1 470 1 244 1 532 1 533 1 537 1 65 1 286 1 267 1 81 1 28 1
171 43 35 330 1 237 1 244 1 263 1 271 1 488 1 634 2 275 1 286 1 787 1 295 1 315 1 669 1 785 1 786 1 104 2 428 1 78 3 805 1 659 1 108 1 32 1 37 1 30 1 35 1 70 2 74 2 83 2 88 2 798 1 1 1 6 1 118 1 9 1 761 1
174 44 18 256 1 604 1 283 1 333 1 775 1 647 2 635 2 723 1 298 1 319 1 230 1 385 1 526 1 275 1 286 1 297 1 78 1 5 1
178 45 20 444 1 256 1 195 1 329 3 434 1 237 1 244 1 250 1 388 1 263 1 273 1 459 1 760 1 65 1 286 1 338 1 480 1 315 1 100 1 5 1
181 46 17 136 1 327 1 430 1 302 2 304 1 313 1 328 2 245 1 339 1 287 1 305 1 318 1 464 1 291 1 308 2 204 1 90 1
//IdTournes NbColis
5 6
//IdColis IdCommandeInColis NbProducts IdProd1 QtyProd1 IdProd2 QtyProd2 ...
183 46 23 394 1 271 1 634 2 397 1 65 1 286 1 787 1 289 1 419 1 218 1 303 1 316 2 669 1 363 1 34 1 780 1 95 1 100 1 110 1 501 1 485 1 515 1 745 1
188 47 21 273 1 286 1 352 2 557 1 295 2 347 2 554 1 360 1 507 1 348 1 303 1 373 2 392 1 340 1 342 1 296 1 323 1 624 1 95 1 78 1 30 1
192 48 17 246 1 248 1 251 1 253 1 395 1 396 1 302 2 375 1 339 2 287 1 305 1 318 3 193 1 490 1 238 1 449 1 71 1
193 48 15 249 1 389 1 513 1 312 1 314 2 594 1 645 3 84 1 194 1 244 1 324 1 330 1 634 2 286 2 69 1
197 49 19 173 1 170 1 123 1 699 1 307 1 155 1 371 1 374 1 332 1 335 1 212 1 396 1 339 2 287 1 305 1 318 2 776 1 78 1 9 1
200 50 18 764 1 299 1 304 1 370 1 371 1 380 1 382 1 253 1 259 1 386 1 374 1 375 1 287 1 291 2 308 1 369 1 238 1 72 1
//IdTournes NbColis
6 6
//IdColis IdCommandeInColis NbProducts IdProd1 QtyProd1 IdProd2 QtyProd2 ...
206 51 19 220 1 221 1 225 1 227 1 545 1 245 1 549 2 550 1 371 1 375 3 630 1 264 1 803 1 287 1 305 1 776 2 119 1 812 1 739 1
213 52 16 299 2 346 1 306 1 354 1 246 1 253 1 349 1 350 1 302 1 368 2 610 1 328 2 375 1 339 1 648 1 287 1
214 52 17 395 1 396 1 287 1 530 1 318 3 193 1 199 1 238 1 441 1 443 2 314 1 553 1 334 2 594 1 645 1 84 1 719 1
2 1 27 225 1 572 1 452 1 89 1 441 1 270 1 722 1 76 1 192 1 434 1 258 1 261 1 393 1 273 1 61 1 419 1 442 1 290 2 295 1 345 1 360 1 436 1 267 1 38 1 28 1 71 1 29 1
19 4 17 553 1 333 1 334 2 645 2 647 1 195 1 201 1 423 1 192 1 446 1 458 1 459 1 355 1 324 2 329 1 631 1 51 1
39 7 17 334 2 594 1 642 2 441 1 645 1 647 1 635 1 76 1 298 1 379 1 192 2 422 1 438 1 250 1 355 1 22 1 28 2
//IdTournes NbColis
7 6
//IdColis IdCommandeInColis NbProducts IdProd1 QtyProd1 IdProd2 QtyProd2 ...
98 23 18 226 1 192 1 194 1 478 1 230 1 479 1 385 1 324 2 330 3 634 1 244 1 261 1 458 1 488 2 537 2 459 1 554 1 78 1
105 24 15 65 1 192 2 237 2 385 1 250 1 355 2 324 1 319 1 329 4 244 2 458 1 537 1 460 1 634 1 428 1
128 28 20 193 1 199 1 424 1 238 1 443 1 444 1 553 1 629 1 635 1 483 1 389 1 800 1 58 1 555 1 65 1 298 1 324 1 192 1 405 1 290 1
201 50 18 553 2 594 3 645 1 260 1 281 1 195 1 241 1 242 1 555 1 355 1 192 1 194 1 383 1 230 1 237 1 393 1 143 1 30 1
222 53 21 594 1 694 1 825 1 192 1 237 1 385 1 244 1 388 1 394 1 272 1 275 1 397 1 324 1 326 1 634 1 290 1 345 1 347 1 360 1 392 1 315 1
225 54 18 291 1 308 2 594 1 72 1 192 1 257 1 393 1 275 1 456 1 457 1 460 1 840 1 715 2 363 2 267 1 274 1 278 1 279 1
//IdTournes NbColis
8 6
//IdColis IdCommandeInColis NbProducts IdProd1 QtyProd1 IdProd2 QtyProd2 ...
230 55 19 604 1 553 2 594 1 722 1 242 1 555 1 192 2 194 1 470 1 232 1 250 1 355 2 244 1 564 1 393 1 275 1 488 1 80 1 401 1
237 56 17 645 1 604 1 825 1 195 2 201 1 423 1 241 1 242 1 555 3 276 1 76 2 192 1 194 1 207 1 470 1 478 1 507 1
343 87 28 661 1 450 1 253 1 259 1 396 1 238 1 281 1 192 1 244 1 273 1 275 1 537 1 460 1 653 1 277 1 148 1 59 1 78 5 32 1 37 1 30 1 35 1 70 2 74 2 83 2 88 2 91 1 86 1
7 2 21 343 1 299 1 350 1 304 1 313 2 577 1 374 1 328 1 375 1 335 1 396 1 84 2 193 1 199 1 424 1 249 1 256 1 604 1 71 1 5 1 29 1
8 2 18 483 1 291 1 314 2 553 3 722 1 281 1 513 1 58 1 116 1 242 1 723 1 65 1 194 1 230 1 385 1 497 1 324 1 29 1
12 3 20 186 1 159 1 123 1 447 1 366 1 610 1 335 1 729 1 391 1 214 1 72 1 193 1 520 1 238 1 320 1 567 1 605 1 604 1 22 1 29 2
//IdTournes NbColis
9 6
//IdColis IdCommandeInColis NbProducts IdProd1 QtyProd1 IdProd2 QtyProd2 ...
44 8 22 737 1 134 1 137 1 223 1 734 1 245 1 253 1 210 1 527 1 72 1 193 1 204 1 238 2 116 1 230 1 526 1 419 1 22 1 34 1 384 1 126 1 71 1
47 9 20 186 1 135 1 124 1 156 1 212 1 253 1 259 1 386 1 335 1 417 1 234 1 655 1 72 1 249 1 683 1 195 1 242 1 194 1 385 1 521 1
54 11 20 157 1 534 1 155 3 467 1 551 1 468 1 219 1 220 1 225 1 227 1 245 1 481 1 464 1 752 1 193 1 424 1 228 1 553 1 389 1 694 1
58 12 22 128 1 189 1 155 2 166 1 469 1 219 1 220 1 225 1 227 1 253 1 259 1 386 1 420 1 193 1 496 1 389 1 510 1 422 1 504 1 508 1 507 1 110 1
61 13 23 156 1 448 1 380 1 246 1 253 1 648 1 396 1 530 1 449 1 201 1 235 1 242 1 65 1 194 1 207 1 446 1 680 1 388 1 397 1 682 1 115 1 78 3 29 1
63 14 20 735 1 133 1 136 1 171 1 160 1 474 1 430 1 248 1 262 1 72 1 193 1 65 1 470 1 257 1 526 1 564 1 271 1 275 1 488 1 143 1
//IdTournes NbColis
10 6
//IdColis IdCommandeInColis NbProducts IdProd1 QtyProd1 IdProd2 QtyProd2 ...
92 21 20 339 1 193 1 249 1 260 1 58 1 383 1 261 1 297 1 372 1 338 2 557 2 315 1 665 1 453 1 624 1 80 2 100 2 300 1 143 1 29 1
110 25 16 253 1 396 1 89 2 308 2 193 1 249 1 553 1 334 2 260 1 390 1 567 1 604 2 281 2 226 1 57 1 29 1
116 26 17 610 1 375 2 648 1 539 1 305 1 318 2 776 1 193 1 424 1 238 1 440 1 256 1 308 2 553 3 78 1 71 1 29 3
122 27 22 776 2 72 3 193 1 238 1 553 1 390 1 604 1 594 1 195 1 201 1 242 1 566 1 510 1 555 1 76 1 65 1 519 1 383 1 479 1 51 1 71 1 5 1
142 33 25 677 1 159 1 454 1 447 1 219 1 220 1 225 1 227 1 243 1 245 1 522 1 72 1 193 1 668 1 389 1 459 1 480 1 277 1 267 1 274 1 278 1 279 1 280 1 284 1 28 2
170 43 18 339 1 291 1 312 1 314 2 193 1 483 1 390 2 283 1 594 1 645 2 72 2 784 1 298 1 324 2 326 1 51 1 78 1 132 1
//IdTournes NbColis
11 6
//IdColis IdCommandeInColis NbProducts IdProd1 QtyProd1 IdProd2 QtyProd2 ...
215 52 18 645 1 647 1 483 1 260 1 389 1 390 2 281 1 604 1 606 1 84 1 194 1 207 1 232 1 479 1 237 1 385 1 244 2 319 1
229 55 15 253 1 343 2 354 2 313 1 577 2 246 1 396 1 328 2 472 1 193 1 291 1 312 1 440 1 443 1 641 1
241 57 23 223 1 486 1 487 1 474 1 245 1 251 1 193 1 238 1 72 2 195 1 201 1 230 1 385 1 244 1 271 1 273 1 275 1 203 1 311 1 148 1 100 2 197 1 143 1
244 58 14 193 1 238 2 449 1 505 1 291 2 308 1 312 1 369 2 334 2 553 1 645 1 604 1 683 1 90 1
247 59 22 124 1 157 1 491 1 212 1 219 1 220 1 492 1 225 1 227 1 498 1 509 1 193 1 424 1 443 1 503 1 270 1 201 1 76 1 473 1 494 1 385 1 2 1
249 60 21 711 1 516 1 166 1 448 1 206 1 219 1 220 1 221 1 225 1 227 1 245 1 248 1 502 1 193 1 489 1 260 1 312 1 320 2 553 1 832 1 28 3
//IdTournes NbColis
12 6
//IdColis IdCommandeInColis NbProducts IdProd1 QtyProd1 IdProd2 QtyProd2 ...
253 61 20 730 1 769 1 732 1 382 1 245 1 386 1 214 1 522 1 193 1 490 1 238 1 249 1 320 1 389 1 722 1 604 1 283 1 574 1 201 1 657 1
254 61 24 555 1 723 1 76 1 194 1 230 1 232 1 479 1 385 1 394 1 508 1 393 1 271 1 766 1 397 1 295 1 345 1 362 1 588 1 768 1 165 2 523 1 51 2 33 1 143 1
257 62 21 321 1 89 1 194 1 405 1 207 1 478 1 230 1 232 1 244 1 388 1 459 1 355 1 319 1 330 2 275 1 458 1 65 1 360 1 348 2 315 1 198 1
303 75 16 370 1 332 1 335 1 630 1 339 2 312 2 314 3 72 1 333 2 58 1 194 1 232 1 479 1 460 1 289 1 290 1
307 76 19 193 1 647 1 635 1 379 2 355 1 326 1 422 1 230 1 232 1 364 1 289 1 295 3 322 2 603 1 588 1 587 1 590 1 340 1 78 1
309 77 19 189 1 307 1 331 2 306 1 375 1 339 1 253 1 259 1 386 1 655 1 291 1 308 1 333 1 594 1 193 1 244 1 80 1 182 1 29 1
//IdTournes NbColis
13 6
//IdColis IdCommandeInColis NbProducts IdProd1 QtyProd1 IdProd2 QtyProd2 ...
345 88 31 447 1 551 1 430 1 195 1 216 1 242 1 555 2 194 1 230 1 434 1 237 1 458 1 480 1 231 1 165 1 578 1 670 1 143 5 32 1 37 1 30 1 35 1 83 2 91 2 4 1 674 1 79 1 85 1 92 1 97 2 656 1
38 7 14 418 1 420 1 747 1 72 1 291 3 378 1 308 2 618 1 312 2 622 3 320 1 359 1 195 1 28 2
134 30 21 733 1 159 1 487 1 430 1 469 1 246 1 253 1 391 1 396 1 72 1 553 1 195 1 470 1 478 1 385 1 244 1 388 1 654 1 488 1 148 1 143 2
138 31 26 195 1 201 1 423 1 235 1 555 1 329 2 602 1 557 1 364 1 360 1 316 1 363 2 588 1 413 1 22 1 624 1 165 1 100 2 325 1 589 1 101 1 196 1 428 1 143 4 401 1 29 1
207 51 17 291 1 308 1 249 1 312 1 320 2 359 2 256 1 270 1 604 1 281 1 195 1 201 1 555 2 383 1 232 1 789 1 28 2
245 58 21 195 1 510 1 723 1 434 1 500 1 319 1 634 2 65 1 289 2 360 1 506 1 511 1 348 3 303 1 315 1 381 1 100 2 110 1 515 1 51 1 154 1
//IdTournes NbColis
14 6
//IdColis IdCommandeInColis NbProducts IdProd1 QtyProd1 IdProd2 QtyProd2 ...
261 63 20 195 1 241 1 76 1 422 1 383 1 250 1 393 1 394 1 459 1 460 1 329 2 458 1 397 1 65 1 372 1 338 1 557 1 285 1 148 1 143 1
264 64 22 606 1 281 1 513 1 195 1 470 1 422 1 237 1 393 1 319 1 324 1 271 1 273 1 537 1 65 1 338 1 419 1 290 1 295 1 360 1 392 1 535 1 7 1
267 65 21 553 1 594 1 604 1 195 1 201 1 235 1 242 1 555 1 723 1 727 1 207 1 446 1 393 1 329 2 275 1 372 1 295 2 535 1 22 1 63 1 78 1
271 66 17 547 1 252 1 209 1 443 1 291 1 312 2 314 2 334 2 645 1 567 1 722 1 195 1 478 1 324 1 330 1 95 1 78 1
21 4 39 296 1 435 1 585 2 323 1 556 1 80 4 100 4 110 2 115 1 51 1 589 1 59 1 425 1 66 1 107 1 67 2 106 2 105 1 109 1 78 3 293 1 365 1 114 1 662 1 398 1 409 1 32 2 37 2 70 2 74 2 83 2 88 2 8 2 15 1 93 2 98 1 4 1 6 2 710 1
33 6 38 649 1 515 1 101 2 56 2 255 1 117 3 94 1 107 2 196 1 69 1 106 1 50 1 78 3 293 2 108 1 365 1 301 3 398 1 32 1 37 1 10 1 30 1 35 1 70 2 74 2 83 2 88 2 17 2 23 1 68 1 91 2 6 2 64 1 79 1 85 1 92 1 657 1 97 2
//IdTournes NbColis
15 6
//IdColis IdCommandeInColis NbProducts IdProd1 QtyProd1 IdProd2 QtyProd2 ...
45 8 43 80 3 110 1 115 1 101 1 33 1 77 1 107 1 67 1 139 2 69 1 106 1 152 1 46 1 410 1 412 1 154 1 403 1 45 2 404 1 143 5 146 1 42 2 44 1 411 1 365 1 39 1 48 2 402 2 47 2 301 2 27 1 398 1 409 2 476 1 407 1 32 1 37 1 147 1 35 1 70 2 74 2 83 2 88 2
93 21 27 589 2 101 1 56 1 117 1 666 1 139 1 50 1 143 4 651 1 175 1 398 1 431 1 32 1 37 1 87 1 70 2 74 2 30 1 35 1 83 2 88 2 673 1 91 2 98 1 52 1 674 1 710 1
255 61 17 255 1 428 2 143 4 398 1 409 4 719 1 32 1 37 1 30 1 35 1 70 2 74 2 164 2 83 2 4 1 86 2 767 1
262 63 22 315 2 277 1 203 2 589 1 670 1 414 1 255 1 109 1 198 1 143 3 11 2 60 1 398 1 32 1 37 1 30 1 35 1 70 2 74 2 164 2 83 2 673 1
85 19 18 391 1 538 1 553 1 204 1 256 1 604 1 606 1 283 1 242 1 555 1 65 1 329 1 330 2 383 1 479 1 537 2 397 1 289 1
173 44 18 288 2 299 1 310 1 313 1 245 1 251 1 253 1 386 1 328 1 332 1 339 2 312 2 314 1 321 1 334 1 89 2 78 1 5 2
//IdTournes NbColis
16 6
//IdColis IdCommandeInColis NbProducts IdProd1 QtyProd1 IdProd2 QtyProd2 ...
306 76 18 134 1 663 1 155 4 650 1 454 1 542 1 633 2 700 1 349 1 328 1 335 1 469 1 386 1 318 1 592 1 593 1 586 1 656 1
126 28 14 810 1 185 1 292 1 309 2 331 2 454 1 341 1 486 1 640 1 346 2 302 2 306 1 243 1 180 1
4 1 55 94 1 107 1 106 3 50 2 46 1 410 1 412 1 403 1 428 1 109 2 45 2 404 1 42 2 44 2 54 1 411 1 62 2 365 2 39 1 48 2 400 1 402 2 47 2 301 1 27 1 407 1 14 1 32 1 19 1 25 1 53 1 87 1 18 1 16 1 36 1 83 1 24 1 183 1 73 1 93 1 1 1 52 1 86 2 41 1 2 3 710 1 75 1 79 1 85 1 92 1 401 1 657 1 97 2 28 3 26 4
15 3 45 45 1 404 1 78 5 42 2 44 3 411 1 20 1 62 2 415 1 365 1 39 2 48 2 400 3 517 1 402 3 43 2 47 3 27 2 60 1 407 2 32 2 37 2 10 2 30 2 35 2 70 2 74 2 83 2 88 2 149 1 93 2 111 1 4 2 40 2 771 1 55 1 31 1 710 1 9 1 79 1 85 1 92 1 657 1 97 2 7 1
94 22 40 516 1 391 1 679 1 494 1 495 1 275 1 141 1 381 1 34 1 100 2 80 4 51 1 196 1 139 1 69 1 152 1 410 1 412 1 688 1 46 1 403 1 45 2 404 1 689 1 143 5 411 1 687 1 42 2 44 2 62 2 39 1 48 2 400 2 517 1 402 2 43 1 47 2 27 1 409 1 407 1
308 76 32 435 1 361 1 556 1 80 3 50 3 410 1 412 1 46 1 403 1 45 1 404 1 411 1 42 1 44 1 39 1 48 1 660 1 400 1 402 1 43 1 47 1 27 1 662 1 407 1 14 1 32 1 37 1 30 1 35 1 83 1 88 1 657 1
//IdTournes NbColis
17 6
//IdColis IdCommandeInColis NbProducts IdProd1 QtyProd1 IdProd2 QtyProd2 ...
88 20 20 186 1 172 1 156 1 732 1 450 1 245 1 251 1 253 1 386 1 305 1 318 2 72 1 441 1 583 1 605 1 320 1 555 1 495 1 268 1 401 1
107 24 48 342 1 585 1 110 1 148 2 222 1 426 1 437 1 501 1 745 1 414 1 432 1 425 2 117 1 104 1 439 1 196 1 142 1 50 1 78 4 293 1 415 1 20 1 301 2 60 1 409 1 431 1 14 1 32 2 37 2 30 1 35 2 70 2 74 2 83 2 88 2 99 1 111 3 64 2 1 1 6 2 82 1 103 1 674 1 778 1 710 1 724 1 401 1 79 1
119 26 31 323 1 624 2 121 2 148 1 540 1 300 1 325 1 122 1 66 1 77 1 762 1 67 1 106 2 78 4 153 1 184 1 14 1 32 1 37 1 70 2 74 2 30 1 35 1 83 2 88 2 4 1 86 1 96 1 31 1 132 1 401 1
179 45 31 315 1 336 1 340 2 311 1 337 1 300 1 213 1 222 1 433 1 501 1 670 1 762 1 78 5 293 1 763 1 32 1 37 1 30 1 35 1 70 2 74 2 83 2 88 2 93 1 98 1 1 1 4 2 86 2 132 2 401 1 761 1
275 67 42 568 1 751 1 759 1 748 1 267 1 274 1 278 1 279 1 280 1 284 1 558 1 815 1 559 1 471 1 426 1 433 1 571 1 515 1 573 1 56 1 117 1 757 1 293 1 805 1 726 1 816 1 14 1 32 1 37 1 30 1 35 1 70 2 74 2 83 2 88 2 806 1 91 1 93 1 401 1 28 4 26 3 29 1
278 68 34 759 1 570 1 267 1 284 1 274 1 278 1 279 1 280 1 95 1 110 1 240 1 56 1 169 1 820 1 67 1 517 1 560 1 32 1 37 1 30 1 35 1 70 2 74 2 83 2 88 2 91 1 93 2 98 1 1 1 4 2 6 2 132 1 28 5 26 4
//IdTournes NbColis
18 6
//IdColis IdCommandeInColis NbProducts IdProd1 QtyProd1 IdProd2 QtyProd2 ...
14 3 32 63 1 384 1 296 1 361 1 80 4 100 3 102 1 115 1 51 1 240 1 525 1 300 1 571 1 122 1 425 1 255 1 33 1 77 2 117 1 94 1 196 2 69 1 139 3 106 2 152 1 50 5 46 1 410 1 412 1 403 1 45 1 90 1
64 14 41 459 1 460 1 290 1 345 1 277 1 336 2 585 2 165 2 100 1 51 1 300 1 589 2 59 1 56 1 117 2 196 1 139 1 143 4 108 1 651 1 662 1 409 2 14 1 32 1 37 1 70 2 74 2 164 2 83 2 30 1 35 1 99 1 91 1 4 1 167 2 40 2 724 1 79 1 85 1 92 1 97 2
156 38 27 274 1 278 1 279 1 280 1 284 1 165 1 100 2 670 1 51 1 101 1 66 1 33 1 107 1 196 2 131 1 106 1 816 1 32 1 37 1 30 1 35 1 70 2 74 2 83 2 88 2 28 4 26 4
167 42 40 290 1 294 1 295 1 316 1 322 1 284 1 274 1 278 1 279 1 280 1 296 1 38 2 80 2 100 1 120 1 463 1 426 1 433 1 531 1 525 1 56 2 33 1 117 1 104 1 818 1 196 1 130 1 67 1 106 1 822 1 50 1 154 1 409 1 32 1 37 1 25 1 53 1 30 1 35 1 70 1
184 46 15 658 1 196 1 143 3 708 1 32 1 37 1 30 1 35 1 70 2 74 2 83 2 88 2 91 1 52 1 86 2
280 69 30 731 1 519 1 207 1 217 1 232 1 244 1 261 1 521 1 294 2 57 1 322 1 284 1 274 1 278 1 279 1 280 2 148 1 100 2 512 1 425 1 56 1 445 1 77 1 196 1 106 1 822 2 819 1 32 1 37 1 28 2
//IdTournes NbColis
19 6
//IdColis IdCommandeInColis NbProducts IdProd1 QtyProd1 IdProd2 QtyProd2 ...
283 70 35 537 1 330 1 338 1 557 1 829 1 303 1 315 2 669 1 203 1 413 1 148 3 100 1 120 1 501 1 828 1 122 1 56 1 66 2 33 1 439 1 94 1 107 1 196 1 78 4 805 1 108 1 153 1 409 1 32 1 37 1 30 1 35 1 70 2 74 2 83 1
286 71 20 284 1 435 1 38 1 433 1 745 1 563 1 169 2 196 1 409 2 32 1 37 1 35 1 70 2 74 2 83 2 88 2 93 2 98 1 28 5 26 4
347 89 23 737 1 49 1 701 1 454 1 248 1 253 1 259 1 386 1 505 1 390 1 72 1 333 1 58 1 244 1 266 1 315 1 363 1 203 1 692 1 426 1 196 1 180 1 656 1
133 29 18 197 1 51 1 66 1 139 1 78 5 108 2 32 1 37 1 70 2 30 1 35 1 74 2 83 2 88 2 24 1 86 2 96 1 129 1
154 37 29 267 1 274 1 278 1 279 1 280 1 284 1 110 1 197 1 202 1 240 1 525 1 255 1 169 1 198 1 11 1 32 1 37 1 30 1 35 1 70 2 74 2 83 2 88 2 91 2 93 1 98 1 4 1 28 1 26 3
209 51 27 831 1 267 1 274 1 279 2 280 2 284 1 278 1 413 1 296 1 323 3 311 1 624 1 165 1 100 1 300 1 197 1 202 1 546 1 325 1 525 1 646 1 414 1 101 1 664 1 107 1 139 1 32 1
//IdTournes NbColis
20 6
//IdColis IdCommandeInColis NbProducts IdProd1 QtyProd1 IdProd2 QtyProd2 ...
9 2 21 250 1 271 1 458 1 268 1 57 1 669 1 277 1 681 1 588 1 311 3 80 3 100 2 121 1 357 1 325 3 589 3 107 2 428 1 198 1 78 5 293 2
70 15 31 213 1 222 1 236 1 571 1 101 1 658 1 163 1 77 1 117 2 168 1 198 1 293 2 301 1 662 1 32 1 37 1 70 2 74 2 83 2 88 2 30 1 675 1 35 1 23 1 91 1 64 1 82 1 52 1 40 1 28 4 26 4
79 17 42 578 1 794 1 59 1 414 2 429 1 432 1 101 1 66 2 56 2 104 1 439 1 94 1 169 1 814 1 50 1 109 1 198 1 153 1 415 1 114 1 476 1 14 1 125 1 70 1 74 1 8 1 15 1 673 1 798 1 111 2 82 1 86 2 4 1 2 1 31 1 79 1 85 1 92 1 97 2 28 3 26 4 5 5
99 23 23 352 1 557 3 507 1 348 2 303 3 373 1 669 1 672 1 95 2 323 2 100 1 148 1 213 1 426 1 101 1 658 1 107 1 109 1 198 1 78 3 293 2 11 1 41 1
152 36 23 100 2 357 2 589 2 664 1 50 1 198 1 78 4 293 1 365 1 660 1 301 1 662 1 32 1 37 1 53 1 30 1 35 1 70 2 74 2 83 2 88 2 82 1 657 1
163 41 17 238 1 249 1 260 1 283 1 308 2 334 2 722 1 604 1 606 1 281 1 716 1 201 2 235 1 244 1 271 1 198 1 29 2
//IdTournes NbColis
21 6
//IdColis IdCommandeInColis NbProducts IdProd1 QtyProd1 IdProd2 QtyProd2 ...
268 65 34 556 1 95 1 12 1 80 1 100 4 110 1 512 1 658 1 101 1 66 1 664 2 104 2 67 1 106 1 50 1 109 1 198 1 78 3 11 2 177 1 409 1 32 1 37 1 87 1 30 1 35 1 70 2 74 2 83 2 88 2 99 1 98 1 96 1 118 1
289 72 30 525 1 580 1 512 1 571 1 66 3 33 1 104 1 107 1 198 1 78 5 365 1 11 1 659 1 20 1 301 1 32 1 37 1 35 1 70 2 74 2 83 2 88 2 68 1 93 1 98 1 79 1 85 1 92 1 97 2 29 2
292 73 33 364 1 290 1 295 1 285 1 267 1 274 1 280 2 284 1 587 1 336 1 340 1 278 1 279 1 231 1 323 1 556 1 80 2 100 4 110 1 115 1 414 1 101 1 163 1 66 1 822 1 50 2 198 1 415 1 662 1 32 1 37 1 53 1 90 1
296 74 11 328 1 375 4 443 1 389 1 291 2 308 4 314 2 369 2 72 1 198 1 5 1
349 90 31 124 1 430 1 253 1 259 1 386 1 464 1 604 1 244 1 537 1 208 1 554 1 693 1 148 1 100 1 414 1 428 1 198 1 143 4 20 1 114 1 431 1 32 1 37 1 30 1 35 1 70 2 74 2 83 2 88 2 93 2 86 1
30 6 16 555 1 298 1 405 1 422 1 383 1 230 1 434 1 250 1 446 1 552 1 355 2 324 2 634 2 537 2 290 1 295 3
//IdTournes NbColis
22 6
//IdColis IdCommandeInColis NbProducts IdProd1 QtyProd1 IdProd2 QtyProd2 ...
282 70 20 123 1 732 3 450 1 253 1 259 1 386 1 544 1 490 1 238 1 249 1 256 1 483 1 694 1 72 1 235 1 405 1 207 1 383 1 488 1 78 1
48 9 34 263 1 290 1 360 1 303 1 558 1 435 1 213 1 523 1 649 1 515 1 101 1 658 1 56 1 154 1 143 5 651 1 662 1 32 1 37 1 30 1 35 1 70 2 74 2 83 2 88 2 149 1 8 1 15 1 151 1 111 1 140 1 82 1 4 1 132 1
40 7 18 324 2 237 1 385 1 244 1 743 1 744 1 526 1 394 1 790 2 634 1 636 1 638 1 787 1 289 2 290 2 295 2 340 1 19 1
106 24 16 372 2 289 2 290 1 208 1 360 1 362 2 348 4 406 1 303 1 315 3 373 1 506 1 392 1 588 1 384 1 30 1
123 27 23 237 1 244 1 250 1 508 1 329 2 564 1 458 1 289 2 345 1 641 1 360 1 451 1 392 1 669 1 413 1 381 1 100 1 120 1 213 1 222 1 236 1 670 1 512 1
202 50 21 263 1 330 2 271 1 537 1 372 1 338 1 557 1 289 1 290 1 295 1 345 1 360 1 678 1 315 2 373 1 277 1 603 1 231 1 381 1 296 1 384 1
//IdTournes NbColis
23 6
//IdColis IdCommandeInColis NbProducts IdProd1 QtyProd1 IdProd2 QtyProd2 ...
208 51 19 495 1 355 1 329 1 244 2 459 1 634 1 684 1 65 1 372 1 802 1 695 2 364 1 289 1 541 1 507 1 316 1 570 1 363 1 28 1
13 3 24 518 1 495 1 385 1 244 1 250 1 355 1 393 1 394 1 460 1 208 1 266 1 295 1 345 1 765 1 693 1 641 1 316 1 322 1 587 1 590 1 340 3 34 1 381 1 12 1
82 18 19 89 2 594 1 555 1 518 1 65 1 422 1 479 1 237 1 385 1 250 1 537 1 330 3 631 1 557 1 781 1 348 1 315 3 162 1 29 1
198 49 16 776 1 291 2 308 2 369 2 604 1 242 1 518 1 393 1 330 2 338 1 362 1 303 1 315 2 451 1 413 1 29 1
351 91 23 186 1 307 1 366 1 327 1 721 1 215 1 380 1 246 1 339 1 544 1 691 1 441 1 390 1 283 1 518 1 495 1 552 1 654 1 488 1 78 1 656 1 71 1 5 1
97 23 14 302 1 354 1 395 1 509 2 199 1 238 2 443 1 312 2 369 1 627 2 553 1 629 2 604 1 208 1
//IdTournes NbColis
24 6
//IdColis IdCommandeInColis NbProducts IdProd1 QtyProd1 IdProd2 QtyProd2 ...
236 56 16 253 1 349 1 306 1 313 1 395 1 396 1 328 1 252 1 199 1 424 1 308 2 312 1 369 3 605 1 513 1 51 1
287 72 24 736 1 327 1 212 1 215 1 253 1 332 1 335 1 630 1 339 1 199 1 553 1 722 1 281 1 201 1 242 1 555 1 434 1 237 1 244 1 168 1 656 1 71 1 5 1 29 1
288 72 22 250 1 446 1 263 1 584 1 329 2 488 1 537 1 397 1 65 1 419 1 576 1 345 1 360 1 406 1 303 1 315 2 277 1 413 1 100 1 240 1 523 1 30 1
279 69 19 711 1 156 1 732 3 487 1 640 1 430 1 528 1 219 1 220 1 225 1 227 1 245 1 253 1 374 1 214 1 562 1 283 1 72 1 267 1
217 52 33 303 1 315 2 373 1 392 2 669 1 681 1 672 1 590 1 22 1 34 1 462 1 323 1 826 1 80 3 100 4 102 1 101 1 445 1 33 2 77 1 78 5 11 1 32 1 37 1 30 1 35 1 70 2 74 2 83 2 88 2 17 1 68 1 64 1
232 55 21 340 3 203 1 413 1 381 1 462 1 342 1 296 1 585 2 323 2 361 1 624 1 556 1 100 4 120 1 471 1 222 1 236 1 482 1 300 2 325 2 143 1
//IdTournes NbColis
25 6
//IdColis IdCommandeInColis NbProducts IdProd1 QtyProd1 IdProd2 QtyProd2 ...
20 4 19 634 1 297 1 290 1 295 3 345 2 360 2 781 2 57 1 348 2 451 1 315 2 336 2 340 1 13 1 34 1 63 1 95 1 342 2 10 1
83 18 28 373 2 603 1 342 1 311 1 323 1 376 1 556 2 780 1 80 2 100 1 101 1 154 1 109 2 78 5 11 1 20 1 32 1 37 1 70 2 74 2 30 1 35 1 83 2 88 2 111 1 118 1 6 1 81 1
194 48 17 352 1 557 1 295 3 345 1 641 1 348 3 514 1 315 1 373 2 381 1 342 2 585 1 323 3 556 1 80 2 100 1 5 2
299 74 20 362 1 348 3 669 1 603 2 203 1 34 1 342 1 311 4 323 4 95 1 556 1 148 1 100 3 110 1 115 1 101 1 66 1 445 1 255 1 78 1
310 77 37 564 1 372 2 557 1 653 1 641 1 373 1 342 1 323 1 80 1 100 1 115 1 589 1 652 1 414 1 658 1 101 1 50 2 78 5 293 1 365 1 659 1 301 1 32 1 37 1 30 1 35 1 70 2 74 2 83 2 88 2 93 2 98 1 4 1 140 1 86 1 5 1 29 1
329 82 24 272 1 458 1 488 1 397 1 460 1 760 1 338 1 290 1 285 1 303 1 373 1 277 1 336 1 340 1 342 1 296 1 311 1 323 1 100 1 110 1 202 1 471 1 523 1 122 1
//IdTournes NbColis
26 6
//IdColis IdCommandeInColis NbProducts IdProd1 QtyProd1 IdProd2 QtyProd2 ...
23 5 18 113 1 123 2 159 1 487 1 335 1 339 2 382 1 245 1 253 1 386 1 320 2 237 1 537 1 338 1 290 1 78 1 71 1 5 1
29 6 12 308 1 312 2 314 2 369 1 627 2 629 1 553 3 645 2 574 1 201 1 241 1 95 1
51 10 21 232 1 479 1 495 1 446 1 500 1 393 1 394 1 537 1 364 2 290 1 295 2 360 1 362 1 316 2 363 1 277 1 119 2 672 1 413 1 95 1 671 1
69 15 23 315 2 363 2 285 1 267 1 274 1 278 1 279 1 280 2 284 1 231 1 63 1 203 2 323 2 337 1 624 1 749 1 453 1 80 2 100 3 110 2 202 1 101 1 169 1
130 28 34 202 1 213 1 632 1 670 1 51 1 811 1 445 1 117 1 33 1 139 1 69 2 50 1 168 1 813 1 78 5 293 2 659 1 301 3 351 2 32 1 37 1 70 2 74 2 83 2 88 2 30 1 35 1 82 1 4 1 40 1 79 1 85 1 92 1 97 2
187 47 22 783 1 604 1 58 1 201 1 242 1 230 1 434 1 385 1 244 2 250 1 552 1 394 2 355 1 319 1 324 1 330 2 631 1 758 1 271 1 78 1 5 1 29 1
//IdTournes NbColis
27 6
//IdColis IdCommandeInColis NbProducts IdProd1 QtyProd1 IdProd2 QtyProd2 ...
231 55 17 397 1 330 3 634 1 297 1 352 1 372 1 338 1 557 2 290 1 315 2 373 2 451 1 475 1 477 1 588 1 590 1 466 1
242 57 25 202 1 484 1 485 1 658 1 101 1 706 1 143 4 686 1 32 1 37 1 30 1 35 1 70 2 74 2 83 2 88 2 91 1 98 1 1 1 4 1 9 1 79 1 85 1 92 1 97 2
291 73 21 227 1 245 1 579 1 493 1 582 1 583 1 281 1 312 1 320 1 359 1 823 1 58 1 201 1 555 1 495 1 508 1 273 1 488 1 654 1 824 1 139 1
298 74 16 244 1 250 1 272 1 397 1 352 3 557 2 208 1 507 1 290 1 295 4 347 1 360 3 641 1 797 1 78 1 29 2
313 78 14 368 3 313 1 328 1 256 1 449 1 389 1 390 1 604 1 513 1 308 1 314 2 369 3 201 1 78 1
317 79 22 178 1 839 1 113 1 597 1 219 1 220 1 221 1 225 1 227 1 306 1 245 1 502 1 332 1 282 1 339 1 600 1 320 1 283 1 72 1 201 1 329 1 293 1
//IdTournes NbColis
28 6
//IdColis IdCommandeInColis NbProducts IdProd1 QtyProd1 IdProd2 QtyProd2 ...
318 79 34 329 1 602 1 537 1 290 1 295 1 568 1 797 1 303 1 599 1 601 1 836 1 603 1 477 1 267 1 274 1 279 1 280 1 284 1 278 1 34 1 435 1 80 1 100 1 115 1 571 1 101 1 33 1 117 1 169 1 106 1 154 1 805 1 28 2 71 1
322 80 20 324 1 217 1 383 1 479 1 237 1 385 1 244 1 394 1 330 2 634 1 584 1 684 1 338 1 557 1 290 1 295 1 345 2 362 1 303 1 78 1
326 81 34 272 1 459 1 584 1 338 1 576 1 295 2 347 1 672 1 381 1 80 1 202 1 408 1 471 1 222 1 525 1 512 1 101 1 122 1 56 1 104 1 78 5 32 1 37 1 30 1 35 1 70 2 74 2 83 2 88 2 3 1 111 1 1 1 4 2 129 1
353 92 34 188 1 469 1 245 1 253 1 386 1 262 1 238 1 260 1 201 1 423 1 500 1 271 1 488 1 34 1 51 2 706 1 50 1 109 1 143 5 708 1 32 1 37 1 30 1 35 1 70 2 74 2 83 2 88 2 705 1 91 1 4 1 86 2 704 1 29 2
28 6 9 305 5 318 5 72 3 291 3 209 1 444 1 256 1 483 1 314 1
41 7 22 316 1 322 3 392 2 514 1 748 1 363 2 267 1 274 1 278 1 279 2 280 2 284 1 63 1 311 1 453 1 792 1 624 1 148 1 408 1 213 1 222 1 14 1
//IdTournes NbColis
29 6
//IdColis IdCommandeInColis NbProducts IdProd1 QtyProd1 IdProd2 QtyProd2 ...
221 53 19 155 1 598 1 327 2 246 1 253 1 391 1 395 1 396 1 302 1 354 1 374 1 328 1 305 1 209 1 389 1 390 2 291 1 63 1 30 1
265 64 21 303 1 782 1 165 1 100 3 408 1 78 5 293 1 763 1 14 2 32 1 37 1 30 1 35 1 70 2 74 2 83 2 88 2 91 1 93 2 1 1 707 1
272 66 22 271 1 654 1 397 1 352 1 480 1 554 1 266 1 347 2 303 2 373 1 681 1 511 1 603 1 361 1 408 1 433 1 437 1 300 1 325 2 649 1 78 1 71 1
321 80 16 547 1 291 1 314 3 505 1 574 1 369 1 553 1 594 1 645 2 604 1 281 1 283 1 837 1 355 1 324 1 208 1
6 2 12 112 1 123 1 124 1 292 3 307 1 309 1 331 3 327 1 430 1 469 1 246 1 253 1
26 6 9 292 3 309 2 331 1 155 8 327 3 548 1 299 1 350 1 78 1
//IdTournes NbColis
30 6
//IdColis IdCommandeInColis NbProducts IdProd1 QtyProd1 IdProd2 QtyProd2 ...
36 7 11 186 1 159 1 123 1 150 1 292 2 620 1 331 1 155 5 447 1 327 1 104 1
75 17 19 49 1 124 1 292 2 307 1 309 1 166 1 633 1 709 1 343 2 299 1 350 1 302 1 304 1 313 1 219 1 225 1 227 1 356 1 2 1
96 23 19 179 1 292 1 309 2 331 1 447 1 448 1 536 1 633 1 212 1 469 2 380 1 248 1 299 2 575 1 302 1 78 1 40 1 71 1 656 1
102 24 12 186 1 711 1 178 1 123 1 157 1 292 1 307 2 327 2 633 1 430 1 343 1 104 1
109 25 16 711 1 178 1 292 1 307 1 331 3 223 1 448 1 487 1 709 1 700 1 346 1 302 1 212 1 246 1 180 1 5 1
169 43 17 186 1 156 1 292 1 309 1 331 1 223 1 430 1 299 1 302 2 306 1 380 1 246 1 253 1 391 1 396 1 282 1 78 1
//IdTournes NbColis
31 6
//IdColis IdCommandeInColis NbProducts IdProd1 QtyProd1 IdProd2 QtyProd2 ...
191 48 11 711 1 841 1 292 2 331 3 155 4 327 1 349 1 306 2 354 1 382 1 336 1
205 51 14 292 1 367 1 307 1 309 2 625 1 626 1 155 6 830 1 454 1 615 1 343 2 302 1 219 1 414 1
212 52 12 737 2 123 1 292 2 307 2 309 2 331 2 447 1 486 1 343 2 71 1 29 1 129 1
220 53 12 733 1 178 1 663 1 171 1 770 1 156 1 292 1 307 1 309 1 331 1 155 5 109 1
224 54 16 186 1 188 1 292 1 713 1 714 2 732 4 227 1 391 1 461 1 299 1 712 1 313 1 440 1 455 1 122 1 28 1
228 55 16 135 1 113 1 123 1 189 1 292 2 307 1 331 2 454 1 467 1 247 1 450 1 640 1 465 1 380 1 80 1 81 1
//IdTournes NbColis
32 6
//IdColis IdCommandeInColis NbProducts IdProd1 QtyProd1 IdProd2 QtyProd2 ...
235 56 10 186 1 123 1 179 1 185 1 292 1 307 1 155 7 454 1 246 1 658 1
243 58 17 842 1 663 1 292 1 309 1 331 2 155 2 265 1 327 3 212 1 243 1 246 1 253 1 396 1 375 1 493 1 116 1 29 1
270 66 19 292 2 307 1 331 1 467 1 551 1 474 1 380 1 246 1 251 1 253 1 302 1 306 2 648 1 396 1 472 1 544 1 84 1 78 1 656 1
290 73 11 186 1 170 1 799 1 292 1 331 2 155 6 166 1 219 1 220 1 225 1 214 1
294 74 10 711 1 173 1 292 4 309 2 307 3 331 2 447 1 339 1 656 2 71 1
302 75 16 292 1 307 1 309 2 331 1 343 2 575 1 302 1 380 1 382 1 248 1 251 1 253 1 259 1 386 1 648 1 370 1
//IdTournes NbColis
33 6
//IdColis IdCommandeInColis NbProducts IdProd1 QtyProd1 IdProd2 QtyProd2 ...
312 78 16 49 1 292 2 307 1 331 2 155 2 430 1 243 1 246 1 253 1 396 1 343 2 346 1 302 1 493 1 78 1 656 1
320 80 20 292 1 307 1 467 1 448 1 450 1 346 1 350 1 302 1 306 1 253 1 259 1 386 1 509 1 370 1 610 1 375 1 339 1 282 1 139 1 656 1
78 17 25 297 1 364 2 61 1 568 1 529 1 285 1 363 1 514 1 267 1 274 1 278 1 279 2 280 2 284 1 203 1 381 1 337 1 791 1 556 1 80 1 100 2 38 2 426 1 571 1 28 2
147 35 27 579 1 461 1 417 1 604 1 281 1 566 1 232 1 393 1 774 1 459 1 507 1 759 1 603 1 267 1 274 1 278 1 279 1 280 2 284 1 231 1 203 1 381 1 296 1 100 1 660 1 656 1 28 1
333 83 20 364 1 338 1 442 1 568 1 303 2 316 2 363 3 267 1 274 1 278 1 279 1 280 2 284 1 231 1 203 1 421 1 296 2 323 2 10 1 71 1
10 2 21 11 2 20 1 365 1 409 1 14 1 32 1 37 1 30 1 35 1 70 2 74 2 83 2 88 2 3 1 1 1 6 2 64 1 82 1 96 1 118 2 103 1
//IdTournes NbColis
34 6
//IdColis IdCommandeInColis NbProducts IdProd1 QtyProd1 IdProd2 QtyProd2 ...
73 16 36 352 1 338 1 557 1 641 1 295 1 347 1 285 1 267 1 274 1 278 1 279 1 280 1 284 1 80 1 100 1 120 1 77 1 33 1 409 2 14 1 32 1 37 1 70 2 74 2 83 2 717 1 30 1 35 1 88 2 151 1 91 2 98 1 4 1 86 1 28 4 26 3
86 19 33 460 1 338 1 557 1 381 1 311 1 556 2 95 1 162 1 165 1 100 2 300 1 101 1 425 1 428 1 78 5 409 1 719 1 32 1 37 1 70 2 74 2 164 2 30 1 35 1 83 2 93 1 98 1 1 1 674 1 79 1 85 1 92 1 97 2
189 47 41 80 3 300 1 213 1 591 1 357 1 589 1 512 1 432 1 56 1 117 2 67 1 50 1 78 3 293 3 11 1 301 1 409 1 32 1 37 1 125 1 53 1 788 1 35 1 70 2 74 2 83 2 88 2 99 1 705 1 98 1 1 1 140 1 710 2 31 1 657 1 79 1 85 1 92 1 97 2 29 1 129 2
199 49 26 381 2 556 1 777 1 148 1 213 1 77 1 78 4 365 1 301 1 409 1 32 1 37 1 30 1 35 1 70 2 74 2 83 2 88 2 6 2 82 1 79 1 85 1 92 1 97 2 29 1 129 3
226 54 26 279 1 280 2 284 1 413 1 421 1 296 1 165 2 100 2 300 1 122 1 428 1 409 2 25 1 673 1 93 2 98 1 86 1 718 1 2 2 79 1 85 1 92 1 97 2 28 4 144 1 26 4
251 60 37 463 1 51 1 658 1 101 1 122 2 66 1 117 1 104 1 818 1 94 1 169 4 789 1 67 1 805 1 153 1 114 1 301 1 662 1 60 1 409 1 32 1 37 1 53 1 30 1 35 1 70 2 74 2 83 2 88 2 68 1 6 1 140 1 82 1 86 1 28 2 26 4 29 1
//IdTournes NbColis
35 6
//IdColis IdCommandeInColis NbProducts IdProd1 QtyProd1 IdProd2 QtyProd2 ...
337 84 29 828 1 101 3 56 1 33 1 77 1 107 1 169 2 789 1 139 1 69 2 158 1 409 1 32 1 37 1 833 1 834 1 18 1 70 2 74 2 83 2 88 2 91 1 98 1 6 2 52 1 40 1 710 1 28 4 26 4
177 45 20 223 1 447 1 450 1 306 1 332 1 335 1 339 2 382 1 245 1 253 1 386 1 614 1 318 2 530 1 333 1 520 1 238 1 72 1 57 1 132 1
216 52 18 355 1 324 1 634 3 388 1 263 1 394 1 271 1 273 1 488 1 397 1 460 1 275 1 295 3 362 1 529 1 348 3 180 1 724 1
140 32 22 188 1 223 1 160 1 248 1 251 1 253 1 259 1 386 1 282 1 472 1 574 1 683 1 257 1 508 1 271 1 413 1 100 1 80 2 101 1 658 1 33 1 78 2
258 62 29 315 1 373 1 669 1 413 1 22 1 323 1 80 1 100 4 102 1 512 1 101 2 425 1 66 1 94 1 106 1 78 5 293 1 32 1 37 1 30 1 35 1 70 2 74 2 83 2 88 2 3 1 64 1 90 1 5 1
355 93 39 160 1 219 1 220 1 225 1 227 1 245 1 566 1 434 1 250 1 552 1 458 1 537 1 459 1 267 1 274 1 278 1 279 1 280 1 284 1 413 1 80 1 100 1 425 1 33 1 50 1 726 1 32 1 37 1 30 1 725 1 35 1 70 2 74 2 83 2 88 2 91 2 656 1 28 4 26 3
//IdTournes NbColis
36 6
//IdColis IdCommandeInColis NbProducts IdProd1 QtyProd1 IdProd2 QtyProd2 ...
145 34 16 222 1 414 1 106 1 428 1 78 4 32 1 37 1 70 2 74 2 83 2 88 2 30 1 35 1 91 1 111 1 4 2
239 56 35 352 1 338 1 347 1 507 1 266 1 303 1 373 3 12 1 463 1 300 1 589 2 414 1 101 1 66 1 104 1 78 5 146 1 676 1 476 1 14 1 32 1 37 1 30 1 35 1 70 2 74 2 83 2 88 2 23 1 98 1 6 2 52 1 64 1 710 1 753 1
273 66 26 51 1 414 1 33 1 772 1 67 1 106 1 78 2 365 1 11 2 108 1 676 1 32 1 37 1 30 1 35 1 70 2 74 2 83 2 88 2 99 1 111 1 1 1 6 1 64 1 96 1 129 1
304 75 22 266 1 678 1 348 1 303 3 95 1 595 1 80 3 512 1 589 1 414 1 143 5 676 1 32 1 37 1 30 1 35 1 74 2 83 2 88 2 4 2 740 1 707 1
338 85 22 178 1 133 1 124 1 454 1 516 1 486 1 491 1 225 1 227 1 613 1 282 1 522 1 609 1 752 1 440 1 256 1 389 1 281 1 241 1 607 1 2 1 28 2
357 94 31 447 1 450 1 160 1 382 1 253 1 259 1 386 1 464 1 249 1 605 1 283 1 470 1 232 1 434 1 275 1 414 2 78 5 11 1 14 1 32 1 37 1 53 1 30 1 35 1 83 2 88 2 705 1 98 1 4 2 656 1 29 1
//IdTournes NbColis
37 6
//IdColis IdCommandeInColis NbProducts IdProd1 QtyProd1 IdProd2 QtyProd2 ...
113 25 21 181 1 182 1 78 4 415 1 177 1 431 1 32 1 37 1 53 1 70 2 74 2 83 2 88 2 30 1 35 1 99 1 183 1 91 1 64 2 6 1 52 1
139 31 20 146 1 415 1 177 1 301 1 32 1 37 1 70 2 74 2 83 2 30 1 35 1 88 2 68 1 673 1 111 1 98 1 79 1 85 1 92 1 97 2
175 44 24 338 1 653 1 303 2 603 1 95 1 80 3 110 1 115 2 300 1 325 2 589 2 78 3 415 1 11 1 301 1 32 1 37 1 35 1 70 2 74 2 83 2 88 2 52 1 657 2
42 7 29 433 1 746 1 138 1 429 2 101 1 117 1 107 1 142 1 131 2 106 2 50 1 293 4 662 1 32 1 125 2 127 1 35 1 93 1 6 1 52 1 118 1 4 2 2 2 79 1 85 1 92 1 97 2 28 1 26 4
210 51 12 139 1 293 1 37 1 53 1 30 1 35 1 70 2 74 2 83 2 88 2 28 1 26 3
300 74 25 439 1 109 2 78 2 293 5 365 2 659 1 177 1 14 1 32 1 37 1 53 1 30 1 35 1 70 2 74 2 83 2 88 2 99 1 8 1 6 2 64 2 140 1 96 1 118 1 29 1
//IdTournes NbColis
38 6
//IdColis IdCommandeInColis NbProducts IdProd1 QtyProd1 IdProd2 QtyProd2 ...
323 80 38 303 1 524 1 315 2 669 1 681 1 672 1 435 1 95 2 100 1 589 1 51 2 101 2 77 2 117 1 142 1 67 1 596 1 168 1 78 4 293 1 11 1 108 1 301 1 662 1 741 1 32 1 37 1 30 1 35 1 70 2 74 2 83 2 88 2 15 1 705 1 111 2 4 2 82 1
352 91 23 488 1 460 1 330 1 297 1 360 1 296 1 433 1 104 2 78 4 293 2 365 1 32 1 37 1 30 1 35 1 70 2 74 2 83 2 88 2 79 1 85 1 92 1 97 2
360 95 22 101 1 117 1 728 1 50 1 78 5 293 1 662 1 32 1 37 1 30 1 35 1 70 2 74 2 83 2 88 2 91 1 93 1 4 2 96 1 118 1 724 1 657 1
315 78 29 348 1 303 1 323 2 595 1 100 1 325 1 589 1 101 1 122 1 66 2 142 1 106 2 78 3 146 1 20 1 108 1 32 1 37 1 30 1 35 1 70 2 74 2 83 2 88 2 705 1 24 1 91 1 111 1 4 1
359 95 23 155 4 486 1 615 1 245 1 386 1 553 1 281 1 116 1 602 1 232 1 237 1 500 1 218 1 480 1 316 1 363 1 588 1 595 1 80 2 100 2 484 1 658 1 139 1
3 1 28 269 1 793 1 336 2 274 1 278 1 279 2 280 2 284 1 795 1 22 1 95 1 384 1 453 1 361 1 38 1 80 4 100 4 115 1 51 1 512 1 101 2 255 1 703 1 117 1 104 1 702 1 152 1 28 1
//IdTournes NbColis
39 6
//IdColis IdCommandeInColis NbProducts IdProd1 QtyProd1 IdProd2 QtyProd2 ...
31 6 13 295 2 345 5 362 1 543 1 451 2 303 2 315 3 373 2 392 2 514 1 603 1 336 2 710 1
103 24 14 343 2 299 2 380 1 302 2 304 1 313 2 371 1 577 2 370 1 374 1 328 3 57 1 78 1 29 1
115 26 16 737 1 155 3 454 1 265 1 542 2 327 1 639 1 615 1 245 1 253 1 386 1 343 3 299 1 313 1 370 1 1 1
185 47 20 736 1 307 1 309 1 447 1 448 1 486 1 615 1 343 1 306 1 354 1 215 1 350 1 575 1 368 2 623 1 610 1 344 1 656 1 71 5 5 1
256 62 19 173 1 307 1 536 1 382 1 253 1 259 1 386 1 343 1 302 1 354 1 610 1 371 1 282 1 214 1 424 1 238 1 260 1 312 1 89 1
295 74 17 700 1 215 1 248 1 253 1 259 1 386 1 343 1 299 1 349 1 350 1 306 2 575 1 302 1 313 2 370 1 610 1 374 1
//IdTournes NbColis
40 6
//IdColis IdCommandeInColis NbProducts IdProd1 QtyProd1 IdProd2 QtyProd2 ...
314 78 16 553 1 645 3 722 1 446 1 271 1 273 1 537 1 324 2 330 2 634 2 557 1 295 1 360 1 511 1 348 1 51 1
32 6 21 336 1 340 2 296 3 619 1 585 1 323 4 624 1 556 1 361 1 792 1 80 3 100 4 110 1 115 1 120 1 121 1 471 1 357 1 649 1 101 1 69 1
118 26 20 261 1 272 1 273 1 458 1 397 1 372 1 557 1 521 1 524 1 303 1 315 2 373 1 363 1 392 1 669 1 681 1 511 1 588 1 296 2 95 1
148 35 32 296 1 100 3 38 1 80 4 471 1 222 1 485 1 300 1 325 1 589 1 101 1 66 2 107 1 153 1 301 1 32 1 37 1 53 2 779 1 30 1 35 1 70 2 74 2 83 2 88 2 98 1 1 1 4 1 140 1 103 1 28 4 26 4
203 50 27 296 1 323 1 110 1 236 1 387 1 325 1 589 2 51 2 104 1 181 1 143 4 20 1 662 1 14 1 32 1 37 1 35 1 70 2 74 2 164 1 83 2 88 1 4 1 6 2 64 1 82 1 118 1
223 53 21 336 1 296 1 80 2 100 1 51 1 78 5 365 1 20 1 108 1 175 1 32 1 37 1 35 1 70 2 74 2 83 2 88 2 98 1 6 2 64 1 31 1
//IdTournes NbColis
41 6
//IdColis IdCommandeInColis NbProducts IdProd1 QtyProd1 IdProd2 QtyProd2 ...
336 84 27 434 1 612 1 564 1 394 1 372 1 554 1 507 1 451 1 303 1 316 1 363 1 603 1 267 1 274 1 278 1 279 1 280 1 284 1 63 1 296 1 80 1 100 1 616 1 300 1 589 2 180 1 28 1
117 26 20 389 1 390 1 605 1 722 1 604 1 645 1 65 1 207 1 383 1 230 1 232 1 250 1 446 1 388 1 394 1 355 2 329 1 634 2 51 1 129 1
55 11 20 270 1 722 1 283 1 513 1 242 1 422 1 473 1 232 1 237 1 385 1 564 1 372 1 338 1 208 1 480 1 360 1 268 1 315 2 363 1 141 1
319 79 18 158 1 153 1 560 1 32 1 37 1 10 1 30 1 35 1 70 2 74 2 83 2 88 2 149 1 86 2 28 3 144 1 26 4 5 2
67 15 17 304 1 306 2 370 1 328 1 332 1 630 1 339 1 613 1 648 1 239 1 209 1 249 1 308 2 320 2 553 1 119 1 29 1
137 31 19 187 1 306 1 335 1 339 1 465 1 212 1 253 1 386 1 648 1 391 1 262 1 312 1 320 2 553 1 483 1 449 1 389 1 143 1 5 2
//IdTournes NbColis
42 6
//IdColis IdCommandeInColis NbProducts IdProd1 QtyProd1 IdProd2 QtyProd2 ...
127 28 18 253 1 621 1 313 1 577 2 370 1 328 2 335 1 630 1 262 1 614 1 339 2 210 1 214 1 252 1 628 1 547 1 312 1 139 1
263 64 21 467 1 223 1 487 1 536 1 212 1 245 1 248 1 251 1 253 1 386 1 630 1 530 1 424 1 334 1 594 1 645 1 647 1 604 1 672 1 5 1 29 1
17 4 17 733 1 307 2 309 2 454 1 450 1 327 3 430 1 299 1 306 2 253 1 259 1 386 1 302 1 89 1 78 1 81 1 29 1
24 5 36 345 1 303 1 316 2 436 1 119 1 603 1 95 1 323 1 80 4 100 3 102 2 110 1 589 1 101 1 122 2 77 1 117 2 104 1 107 2 78 4 662 1 14 1 32 1 37 1 10 1 30 1 35 1 70 2 74 2 83 2 88 2 99 1 111 1 90 1 103 1 29 3
266 65 17 161 1 307 1 331 2 155 3 245 1 251 1 253 1 386 1 282 1 299 1 441 1 389 1 390 1 283 1 320 1 78 1 29 1
112 25 25 303 1 315 2 373 1 669 1 277 1 603 1 311 2 323 1 384 1 624 1 80 2 100 2 110 1 300 1 357 2 325 1 589 2 51 1 101 1 425 1 445 1 77 1 757 1 107 1 10 1
//IdTournes NbColis
43 6
//IdColis IdCommandeInColis NbProducts IdProd1 QtyProd1 IdProd2 QtyProd2 ...
144 34 23 123 1 212 1 246 1 253 1 396 1 72 1 424 1 256 1 449 1 567 1 722 1 241 1 242 1 232 1 654 1 275 1 720 1 514 1 384 1 165 1 100 1 115 1 78 1
158 39 34 759 1 277 1 588 1 267 1 274 1 278 1 279 1 280 1 284 1 323 1 80 4 100 1 110 1 300 1 325 1 101 1 117 1 169 1 67 1 50 1 14 1 93 1 98 1 1 1 167 2 40 1 103 1 2 2 79 1 85 1 92 1 97 2 28 5 26 4
335 84 18 186 1 663 1 159 1 123 1 615 1 212 1 219 1 220 1 225 1 382 1 227 1 245 1 502 1 614 1 553 2 722 1 89 1 67 1
361 96 38 166 1 219 1 220 1 225 1 227 1 253 1 259 1 386 1 738 1 420 1 496 1 256 1 389 1 390 1 72 1 226 1 267 1 274 1 278 1 279 1 280 1 284 1 387 1 66 1 32 1 37 1 30 1 35 1 70 2 74 2 83 2 88 2 52 1 55 1 28 4 71 1 26 3 739 1
238 56 16 230 2 250 2 319 1 244 1 393 1 263 1 394 2 537 2 397 1 459 1 326 1 330 1 275 1 458 2 65 1 347 1
331 83 20 219 1 220 1 225 1 227 1 245 1 251 1 611 1 502 1 750 1 262 1 395 1 803 1 214 1 238 2 440 1 320 3 359 1 390 1 755 1 71 1
//IdTournes NbColis
44 6
//IdColis IdCommandeInColis NbProducts IdProd1 QtyProd1 IdProd2 QtyProd2 ...
121 27 15 155 4 454 1 516 1 542 2 327 2 215 1 304 2 313 1 577 1 370 2 581 1 305 2 318 2 72 1 14 1
274 67 22 809 1 136 1 663 1 486 1 215 1 219 1 225 1 251 1 572 1 505 1 606 1 242 1 555 1 434 1 263 1 537 1 774 1 442 1 480 1 266 1 148 1 807 1
363 97 25 134 1 223 1 469 1 380 1 245 1 253 1 386 1 614 1 72 1 100 1 115 2 120 1 121 1 501 1 143 4 32 1 37 1 30 1 35 1 70 2 74 2 164 2 83 2 91 2 132 1
146 35 17 733 1 159 1 189 1 136 1 732 2 516 1 597 1 219 1 220 1 221 1 225 1 227 1 245 1 549 2 550 1 264 1 422 1
132 29 19 172 1 124 2 133 1 156 1 454 1 245 1 251 1 253 1 386 1 694 1 283 1 217 1 497 1 397 1 690 1 100 1 120 1 148 4 29 2
285 71 24 516 1 219 1 220 1 221 2 380 1 225 1 227 1 229 1 245 1 386 1 395 1 389 1 555 1 385 1 244 1 218 1 392 1 569 1 267 1 274 1 278 1 279 1 280 1 30 1
//IdTournes NbColis
45 6
//IdColis IdCommandeInColis NbProducts IdProd1 QtyProd1 IdProd2 QtyProd2 ...
1 1 12 711 1 49 1 112 1 799 1 156 1 21 1 155 5 233 1 448 1 219 1 220 1 68 1
72 16 21 161 1 155 1 166 1 219 1 220 1 225 1 227 1 550 1 259 1 306 2 606 1 369 1 553 2 716 1 495 1 552 1 456 1 397 1 352 1 169 1 75 1
277 68 23 156 1 450 1 219 1 220 1 221 1 492 1 225 1 227 1 243 1 245 1 386 1 565 1 395 2 567 1 281 1 561 1 385 1 244 1 275 1 774 1 641 1 821 1 71 1
328 82 21 839 1 309 1 709 1 380 1 246 1 253 1 396 1 350 1 328 1 249 1 605 1 606 1 513 1 312 1 369 1 72 1 226 1 244 1 57 1 51 1 71 1
339 85 31 495 1 237 1 385 1 250 1 599 1 267 1 274 1 278 1 279 1 280 1 284 1 381 1 100 1 471 1 222 1 670 1 512 1 571 1 794 1 817 1 66 1 105 1 91 1 86 1 2 1 79 1 85 1 92 1 97 2 28 2 26 3
135 30 29 397 1 352 1 557 1 436 1 681 1 303 1 315 1 373 1 100 1 101 1 658 1 66 2 109 1 143 3 301 1 32 1 37 1 10 1 70 2 74 2 83 2 88 2 30 1 35 1 149 1 15 1 151 1 86 1 1 1
//IdTournes NbColis
46 6
//IdColis IdCommandeInColis NbProducts IdProd1 QtyProd1 IdProd2 QtyProd2 ...
150 36 12 186 1 155 9 335 1 339 1 380 1 253 1 259 1 386 1 260 1 606 1 89 1 603 1
195 48 22 432 1 101 1 66 1 445 1 33 1 106 3 78 5 11 1 108 1 301 1 32 1 37 1 30 1 35 1 70 2 74 2 83 2 88 2 8 1 6 1 64 2 29 2
342 86 26 698 1 571 1 101 1 122 1 56 1 66 1 107 1 67 1 106 1 50 1 180 1 78 5 301 1 32 1 37 1 30 1 35 1 70 2 74 2 83 2 88 2 118 1 79 1 85 1 92 1 97 2
325 81 20 447 1 640 1 245 1 253 1 386 1 306 1 339 1 238 1 249 1 256 1 574 1 553 1 281 1 423 1 555 2 385 1 261 1 330 1 656 1 29 4
250 60 24 359 1 72 1 473 1 495 1 273 1 329 1 65 1 372 1 364 1 362 1 269 1 363 1 603 1 267 1 274 1 280 1 284 1 278 1 279 1 311 2 838 1 80 2 100 3 51 1
56 11 41 499 1 748 1 267 1 274 1 278 1 279 1 280 2 284 1 231 1 34 1 145 1 381 1 22 1 384 1 80 4 100 4 121 1 122 1 66 1 77 1 130 1 158 1 11 1 14 1 37 1 32 1 35 1 70 2 74 2 83 2 88 2 30 1 91 2 140 1 6 1 724 1 144 1 28 5 26 4 29 2 129 3
//IdTournes NbColis
47 6
//IdColis IdCommandeInColis NbProducts IdProd1 QtyProd1 IdProd2 QtyProd2 ...
248 59 26 271 1 760 1 267 1 274 1 278 1 279 1 280 1 284 1 381 1 224 1 768 1 165 1 100 1 501 1 139 1 14 2 671 1 93 1 140 1 2 1 79 1 85 1 92 1 97 2 28 5 26 4
52 10 31 361 1 384 1 80 4 100 3 578 1 484 1 101 2 117 2 139 3 106 3 428 1 143 5 108 1 153 1 32 1 37 1 35 1 70 2 74 2 83 2 88 2 30 1 91 1 93 2 82 1 4 2 79 1 85 1 92 1 97 2 29 1
59 12 29 499 1 267 1 284 1 274 1 278 1 279 1 280 1 435 1 115 1 512 1 432 1 101 1 107 1 428 1 32 1 37 1 87 1 30 1 35 1 70 2 74 2 83 2 88 2 24 2 52 1 82 1 771 1 28 4 26 3
89 20 38 237 1 257 1 684 1 372 2 57 1 678 1 363 1 22 1 34 1 80 2 100 2 115 2 12 1 670 1 101 1 56 1 104 1 94 1 105 1 428 1 109 1 78 5 108 1 686 1 177 1 32 1 37 1 685 1 53 2 70 2 74 2 83 2 88 2 30 1 35 1 91 1 657 1 29 1
143 33 18 165 1 100 1 117 1 428 1 32 1 37 1 25 1 70 2 74 2 164 2 83 2 30 1 675 1 35 1 98 1 31 1 28 2 26 3
161 40 20 285 1 274 1 280 1 284 1 278 1 279 1 224 1 110 1 51 1 50 1 91 1 86 1 2 2 31 1 79 1 85 1 92 1 97 2 28 5 26 4
//IdTournes NbColis
48 6
//IdColis IdCommandeInColis NbProducts IdProd1 QtyProd1 IdProd2 QtyProd2 ...
233 55 23 589 3 546 1 101 2 122 1 56 1 67 1 143 4 805 1 659 1 20 1 708 1 476 1 431 1 32 1 37 1 30 1 35 1 70 2 74 2 83 2 88 2 183 1 86 2
91 21 11 173 1 156 1 155 10 450 1 700 1 245 1 253 1 386 1 614 1 282 1 303 1
297 74 16 369 1 334 3 553 4 722 1 574 1 645 1 635 1 784 1 383 1 232 1 237 1 385 1 672 1 78 1 5 1 29 1
186 47 16 371 1 375 2 339 1 391 1 305 1 318 2 756 1 238 1 256 1 483 1 312 1 369 2 644 1 645 2 789 1 5 1
182 46 16 389 1 574 3 594 2 645 1 604 1 606 1 281 1 683 1 566 1 326 1 329 1 232 1 237 1 244 1 564 1 143 2
332 83 18 256 1 505 1 808 1 242 1 723 1 232 1 561 1 237 1 385 1 250 1 329 2 263 1 460 1 602 2 372 1 364 2 32 1 37 1
//IdTournes NbColis
49 6
//IdColis IdCommandeInColis NbProducts IdProd1 QtyProd1 IdProd2 QtyProd2 ...
76 17 14 549 1 335 1 282 1 461 1 339 1 358 1 312 2 249 1 320 3 644 1 359 1 629 3 80 1 19 1
348 89 16 437 1 106 2 78 5 32 1 37 1 25 1 30 1 35 1 70 2 74 2 83 2 88 2 1 1 4 1 40 1 657 1
334 83 20 80 1 608 1 670 1 33 1 754 1 87 1 30 1 725 1 35 1 70 1 74 2 83 2 88 2 93 1 4 2 140 1 86 1 28 5 26 4 29 1
260 63 14 742 1 835 1 188 1 179 1 155 4 516 1 245 1 253 1 386 1 374 1 256 1 449 1 722 1 281 1
124 27 34 515 1 101 1 122 1 66 1 255 1 104 1 757 1 107 1 106 2 78 5 108 1 20 1 676 1 32 1 37 1 10 2 70 2 74 2 30 1 35 1 83 2 88 2 15 2 174 1 91 1 93 2 98 1 4 2 86 1 96 1 79 1 85 1 92 1 97 2
62 13 14 681 1 571 1 78 1 37 1 32 1 35 1 70 2 74 2 83 2 88 2 30 1 91 1 52 1 86 1
//IdTournes NbColis
50 6
//IdColis IdCommandeInColis NbProducts IdProd1 QtyProd1 IdProd2 QtyProd2 ...
330 82 16 515 1 56 1 66 1 50 1 143 5 177 1 32 1 37 1 30 1 35 1 70 2 74 2 83 2 88 2 99 1 118 1
284 70 4 83 1 88 2 1 1 82 1
100 23 22 176 1 32 1 37 1 671 1 53 1 70 2 74 2 83 2 88 2 30 1 35 1 23 1 91 2 98 1 64 2 6 2 55 2 31 1 79 1 85 1 92 1 97 2
141 32 12 78 3 32 1 37 1 70 2 74 2 30 1 35 1 83 2 88 2 99 2 91 1 4 1
165 41 19 101 1 117 1 107 1 78 4 54 1 108 1 32 1 37 1 30 1 35 1 70 2 74 2 83 2 88 2 68 1 91 1 98 1 6 2 64 1
246 58 13 78 5 32 1 37 1 30 1 35 1 70 2 74 2 83 2 88 2 6 1 64 2 140 1 96 1
//IdTournes NbColis
51 6
//IdColis IdCommandeInColis NbProducts IdProd1 QtyProd1 IdProd2 QtyProd2 ...
218 52 8 91 1 98 1 111 2 64 1 140 1 82 1 9 1 657 1
293 73 14 53 1 87 1 779 1 30 1 35 1 70 2 74 2 83 2 88 2 705 1 183 2 98 1 28 5 26 4
168 42 11 70 1 74 2 83 2 88 2 93 1 98 1 90 2 103 1 75 1 28 4 26 4
281 69 10 30 1 35 1 70 2 74 2 164 2 83 2 68 1 707 2 28 3 26 4
95 22 14 32 1 37 1 70 2 74 2 30 1 35 1 83 2 88 2 174 1 93 2 79 1 85 1 92 1 97 2
108 24 3 85 1 92 1 97 2
