//NbTournees
7
//IdTournes NbColis
1 6
//IdColis IdCommandeInColis NbProducts IdProd1 QtyProd1 IdProd2 QtyProd2 ...
1 1 10 288 1 277 1 278 1 114 1 255 1 258 1 95 3 175 1 134 1 91 1
12 2 9 292 1 296 1 295 1 47 1 31 2 216 3 245 1 30 1 168 1
7 1 18 12 1 92 1 147 1 256 1 257 1 115 2 152 2 144 2 179 3 96 2 184 1 205 2 6 1 279 3 284 1 286 1 254 1 195 1
24 3 32 21 2 138 1 263 1 304 1 301 1 306 1 60 1 69 1 70 1 206 1 68 1 135 1 140 1 191 2 226 1 228 1 267 2 269 1 252 1 130 1 181 1 227 1 57 1 46 1 32 2 34 1 183 1 185 1 188 1 229 1 265 1 309 1
30 4 26 252 2 130 1 11 1 34 1 46 1 236 1 154 1 165 1 40 1 158 1 166 1 28 1 153 1 129 1 162 1 163 1 210 1 240 1 160 1 161 1 232 1 294 1 312 3 248 1 249 2 247 3
8 1 16 2 1 8 2 14 1 18 3 19 2 281 1 289 3 17 2 71 3 151 4 253 3 283 1 291 1 3 2 5 1 13 1
//IdTournes NbColis
2 6
//IdColis IdCommandeInColis NbProducts IdProd1 QtyProd1 IdProd2 QtyProd2 ...
29 4 25 71 1 151 3 253 2 291 1 36 1 42 1 79 1 234 1 310 1 5 1 77 3 155 1 209 4 235 1 41 2 23 1 73 1 48 1 118 1 145 1 157 1 226 1 228 1 252 1 75 1
44 6 17 40 1 121 1 158 1 166 1 129 1 153 1 109 1 317 1 313 1 210 1 320 1 307 2 308 2 202 1 325 1 249 1 247 1
32 5 10 326 1 303 1 278 1 311 1 114 2 47 1 95 2 31 2 216 1 165 1
18 2 24 154 1 35 1 40 1 198 1 158 1 28 1 162 1 163 1 153 1 171 1 33 1 22 1 210 1 240 1 160 1 161 1 232 1 294 1 293 2 300 1 170 1 248 1 249 2 247 2
40 6 14 315 1 314 1 114 1 125 1 108 1 47 1 126 1 208 1 30 1 250 1 103 1 200 1 213 1 242 1
20 3 13 303 1 51 1 266 1 63 1 134 1 31 1 245 1 50 2 65 1 136 1 141 2 192 1 186 1
//IdTournes NbColis
3 6
//IdColis IdCommandeInColis NbProducts IdProd1 QtyProd1 IdProd2 QtyProd2 ...
27 4 15 303 1 278 1 311 1 51 1 72 1 30 1 156 1 250 1 242 1 225 1 164 1 74 1 76 1 246 1 78 1
42 6 22 110 3 117 2 120 1 124 1 256 1 241 1 62 1 106 1 205 1 251 1 322 1 104 1 316 1 299 2 14 1 18 2 19 1 289 2 21 1 318 1 127 2 247 1
10 1 10 285 1 67 1 16 1 280 1 282 2 1 1 7 1 248 1 9 1 247 1
16 2 23 119 1 122 1 117 2 131 1 120 1 124 1 219 1 241 1 224 1 205 1 297 1 298 1 302 1 172 1 199 1 180 2 21 2 299 2 14 1 18 2 19 1 29 1 36 1
25 3 27 154 1 55 2 58 1 64 1 142 1 158 1 49 1 272 1 28 1 129 2 162 1 163 1 153 3 285 2 66 2 67 1 61 1 230 1 262 1 240 1 160 1 307 1 308 1 305 1 248 1 249 1 247 3
43 6 26 274 1 275 1 319 1 321 1 324 1 77 2 99 1 201 1 209 1 273 2 206 2 23 1 48 1 94 1 82 1 105 1 118 2 211 1 130 1 212 2 107 1 34 2 183 1 185 1 165 1 276 3
//IdTournes NbColis
4 6
//IdColis IdCommandeInColis NbProducts IdProd1 QtyProd1 IdProd2 QtyProd2 ...
6 1 12 218 4 233 3 27 1 203 1 186 1 177 1 193 1 148 3 287 2 260 2 12 1 290 1
28 4 23 27 1 159 1 44 1 80 1 128 1 119 1 122 1 150 1 131 1 147 1 124 1 241 1 224 1 152 1 115 1 251 1 8 2 14 1 18 2 19 1 289 3 71 1 32 1
35 5 21 44 1 88 1 80 1 85 1 39 1 122 1 131 1 120 1 224 1 241 1 152 2 251 3 116 1 8 2 14 1 18 2 19 1 289 2 71 2 151 1 113 1
9 1 23 13 1 86 2 99 1 174 1 4 1 15 1 221 3 94 1 48 1 145 3 140 1 176 2 167 1 211 1 11 1 57 1 97 1 154 2 259 1 64 1 146 3 243 1 153 4
17 2 26 42 1 127 1 239 2 20 1 13 3 301 1 155 3 26 1 23 1 37 2 41 1 43 2 167 1 157 1 211 2 226 1 228 1 11 1 32 1 34 1 46 1 183 1 244 1 236 1 238 2 165 1
23 3 20 271 1 54 1 131 1 117 1 224 3 241 1 270 1 62 1 223 1 56 2 143 1 184 2 139 1 180 1 254 3 299 2 14 1 18 2 19 1 59 1
//IdTournes NbColis
5 6
//IdColis IdCommandeInColis NbProducts IdProd1 QtyProd1 IdProd2 QtyProd2 ...
36 5 21 151 3 253 2 327 1 36 3 42 1 79 1 234 1 237 1 239 1 328 1 331 1 86 1 99 1 155 2 209 4 235 3 330 2 41 1 23 1 329 1 82 1
41 6 18 123 1 112 1 189 2 207 1 27 2 203 1 204 1 111 1 38 1 159 2 102 1 88 1 128 1 268 1 323 1 39 1 119 1 122 1
4 1 7 187 1 217 6 25 3 164 3 231 1 132 3 70 1
22 3 14 25 2 10 3 53 1 189 1 190 1 132 1 182 1 168 3 218 1 52 1 264 1 137 1 261 1 268 1
33 5 12 30 1 156 1 83 1 225 1 242 1 123 1 187 4 217 3 24 1 74 1 76 1 132 1
34 5 16 168 2 182 1 196 1 218 2 233 1 27 2 215 1 186 1 148 2 52 2 38 1 159 1 81 1 84 1 87 1 115 1
//IdTournes NbColis
6 6
//IdColis IdCommandeInColis NbProducts IdProd1 QtyProd1 IdProd2 QtyProd2 ...
15 2 14 196 2 218 4 233 1 246 1 27 3 204 1 186 1 193 1 197 2 38 1 44 1 128 1 39 1 48 1
37 5 27 48 1 167 2 118 1 211 1 226 1 228 1 269 2 11 1 32 1 34 1 214 1 183 1 185 1 236 1 238 1 154 3 40 1 89 3 121 3 146 3 166 1 158 1 243 1 272 1 28 1 162 1 163 1
2 1 11 134 2 220 2 216 2 93 1 98 1 100 2 101 1 141 2 149 1 178 1 180 1
13 2 9 156 1 45 1 225 1 242 1 10 4 24 4 25 2 187 2 197 1
38 5 7 171 1 90 1 210 1 240 1 160 1 232 1 247 1
21 3 7 222 2 225 1 133 3 187 3 217 3 24 4 27 1
//IdTournes NbColis
7 3
//IdColis IdCommandeInColis NbProducts IdProd1 QtyProd1 IdProd2 QtyProd2 ...
14 2 10 187 1 217 2 189 1 168 3 169 1 132 2 194 4 182 2 196 2 205 1
3 1 5 192 1 10 5 24 5 173 1 187 5
5 1 5 168 6 194 3 182 3 196 5 218 2
