//NbTournees
42
//IdTournes NbColis
1 6
//IdColis IdCommandeInColis NbProducts IdProd1 QtyProd1 IdProd2 QtyProd2 ...
1 1 6 3 1 9 1 16 1 17 1 1 1 132 1
8 2 6 41 2 291 2 1 3 107 1 102 1 55 1
12 3 9 3 1 16 1 18 1 17 1 1 1 155 1 58 1 101 1 55 1
16 4 9 3 1 16 1 17 1 64 1 1 1 227 1 58 1 101 1 55 1
17 4 9 140 1 141 1 297 1 299 1 1 1 407 1 255 1 151 1 100 1
21 5 8 8 1 16 1 18 1 64 1 1 1 15 1 395 1 58 1
//IdTournes NbColis
2 6
//IdColis IdCommandeInColis NbProducts IdProd1 QtyProd1 IdProd2 QtyProd2 ...
22 5 7 116 1 140 1 297 1 137 1 1 1 377 1 292 1
26 6 9 3 1 16 1 18 1 17 1 1 1 157 1 58 1 101 1 55 1
27 6 8 64 1 140 1 297 1 116 1 1 1 5 1 102 1 151 1
32 7 9 116 1 140 1 182 1 299 1 1 1 28 1 103 1 100 1 55 1
33 7 7 297 1 33 1 1 1 107 2 184 1 324 1 15 1
36 8 11 3 1 9 1 16 1 17 1 1 1 295 1 58 1 101 1 151 1 100 1 55 1
//IdTournes NbColis
3 6
//IdColis IdCommandeInColis NbProducts IdProd1 QtyProd1 IdProd2 QtyProd2 ...
37 8 6 140 1 141 1 119 1 297 1 1 1 206 1
41 9 9 3 1 9 1 16 1 17 1 1 1 322 1 58 1 101 1 103 1
42 9 8 141 1 140 1 119 1 299 1 1 1 295 1 100 1 55 1
46 10 7 3 1 9 1 16 1 17 1 1 1 29 1 526 1
47 10 8 140 1 141 1 119 1 297 1 1 1 150 1 102 1 151 1
54 11 8 1 2 107 2 324 2 184 1 249 1 20 1 221 1 255 1
//IdTournes NbColis
4 6
//IdColis IdCommandeInColis NbProducts IdProd1 QtyProd1 IdProd2 QtyProd2 ...
59 12 7 182 1 10 2 84 1 291 1 346 1 1 1 326 1
60 12 9 1 1 53 2 324 2 305 1 184 1 131 1 269 1 432 1 438 1
65 13 6 119 1 84 1 25 2 291 1 1 2 15 1
69 14 8 3 1 16 1 18 1 116 1 1 1 200 1 102 1 103 1
70 14 9 182 1 297 1 17 1 64 1 1 1 124 1 99 1 58 1 100 1
72 14 31 316 1 252 1 39 1 148 1 359 1 35 1 120 1 134 1 201 1 147 1 203 1 111 2 112 1 123 2 246 1 326 1 304 1 320 1 204 1 328 1 292 2 202 1 38 1 98 1 247 1 225 1 234 1 318 1 255 1 259 1 126 1
//IdTournes NbColis
5 6
//IdColis IdCommandeInColis NbProducts IdProd1 QtyProd1 IdProd2 QtyProd2 ...
74 15 9 3 1 9 1 16 1 17 1 1 1 145 1 101 1 58 1 55 1
75 15 8 141 1 140 1 119 1 297 1 1 1 405 1 103 1 100 1
80 16 9 140 1 141 1 119 1 297 1 1 1 322 1 151 1 100 1 55 1
81 16 8 299 1 1 1 107 2 34 1 117 1 324 1 6 1 188 1
85 17 8 116 1 140 1 182 1 299 1 1 1 157 1 101 1 103 2
86 17 6 297 1 1 1 107 3 324 2 52 1 134 1
//IdTournes NbColis
6 6
//IdColis IdCommandeInColis NbProducts IdProd1 QtyProd1 IdProd2 QtyProd2 ...
89 18 9 3 1 16 1 17 1 64 1 1 1 28 1 58 1 101 1 55 1
90 18 8 116 1 140 1 182 1 297 1 1 1 322 1 103 1 100 1
97 19 7 182 1 10 1 84 1 291 1 346 1 1 2 420 1
101 20 9 3 1 16 1 17 1 64 1 1 1 400 1 58 1 101 1 55 1
102 20 8 140 1 141 1 297 1 299 1 1 1 252 1 102 1 103 1
106 21 9 47 1 25 2 41 1 10 1 291 1 1 1 174 1 98 1 103 1
//IdTournes NbColis
7 6
//IdColis IdCommandeInColis NbProducts IdProd1 QtyProd1 IdProd2 QtyProd2 ...
112 22 19 305 1 6 1 528 1 124 1 252 1 148 1 35 1 112 1 120 1 134 1 123 2 199 1 57 1 99 1 139 1 98 1 255 1 259 1 129 1
115 23 19 288 1 291 1 455 1 52 1 54 1 249 1 13 1 345 1 56 1 252 1 459 1 240 1 265 1 267 1 458 1 274 1 35 1 285 1 58 1
120 24 24 86 1 131 1 258 1 367 2 48 1 124 1 252 1 441 1 478 1 120 1 134 1 111 1 112 1 123 2 368 1 313 1 445 1 304 1 250 4 218 1 44 1 328 1 292 3 102 1
92 18 21 324 1 6 2 532 1 56 1 124 1 252 1 148 2 265 2 478 1 187 1 147 1 111 1 120 2 134 1 123 2 112 1 246 1 36 1 313 2 284 2 422 1
109 22 8 8 1 18 1 64 1 137 1 45 1 521 1 126 1 58 1
110 22 8 116 1 140 1 138 1 170 1 45 1 46 1 102 1 103 1
//IdTournes NbColis
8 6
//IdColis IdCommandeInColis NbProducts IdProd1 QtyProd1 IdProd2 QtyProd2 ...
117 24 11 8 1 51 1 18 1 64 1 45 1 315 1 58 1 101 1 151 1 100 1 55 1
118 24 6 137 1 116 1 138 1 170 1 45 1 367 1
122 25 11 59 1 60 1 61 1 62 1 45 1 162 1 101 1 58 1 103 1 100 1 55 1
126 26 7 8 1 18 1 138 1 182 1 45 1 109 1 393 1
130 27 9 59 1 8 1 61 1 62 1 45 1 405 1 58 1 101 1 55 1
134 28 9 59 1 60 1 61 1 62 1 45 1 132 1 58 1 101 1 55 1
//IdTournes NbColis
9 6
//IdColis IdCommandeInColis NbProducts IdProd1 QtyProd1 IdProd2 QtyProd2 ...
138 29 9 59 1 8 1 61 1 62 1 45 1 441 1 381 1 58 1 101 1
142 30 7 8 1 64 1 18 1 297 1 45 1 124 1 335 1
146 31 11 59 1 60 1 61 1 62 1 45 1 130 1 58 1 101 1 103 1 100 1 55 1
150 32 8 59 1 8 1 62 1 18 1 45 1 56 1 102 1 103 1
156 33 8 8 1 108 1 133 1 170 1 45 1 124 1 102 1 103 1
159 34 11 59 1 60 1 61 1 62 1 45 1 130 1 58 1 101 1 103 1 100 1 55 1
//IdTournes NbColis
10 6
//IdColis IdCommandeInColis NbProducts IdProd1 QtyProd1 IdProd2 QtyProd2 ...
164 35 9 59 1 60 1 61 1 62 1 45 1 322 1 58 1 101 1 103 1
172 36 17 45 1 53 1 72 1 305 1 86 1 4 1 484 1 252 1 148 1 120 1 121 1 134 1 112 1 123 1 358 1 304 1 285 1
174 37 7 8 1 51 1 18 1 64 1 45 1 109 1 255 1
179 38 6 8 1 64 1 18 1 137 1 45 1 68 1
183 39 8 59 1 8 1 62 1 64 1 45 1 267 1 388 1 58 1
188 40 7 8 1 18 1 64 1 116 1 45 1 70 1 516 1
//IdTournes NbColis
11 6
//IdColis IdCommandeInColis NbProducts IdProd1 QtyProd1 IdProd2 QtyProd2 ...
189 40 8 140 1 137 1 138 1 170 1 45 1 178 1 234 1 256 1
193 41 8 8 1 64 1 18 1 137 1 45 1 252 1 102 1 151 1
197 42 9 8 1 51 1 62 1 64 1 45 1 152 1 58 1 101 1 55 1
201 43 8 8 1 18 1 64 1 137 1 45 1 124 1 102 1 103 1
202 43 9 116 1 140 1 138 1 170 1 45 1 252 1 99 1 58 1 100 1
206 44 9 8 1 51 1 18 1 64 1 45 1 405 1 58 1 101 1 55 1
//IdTournes NbColis
12 6
//IdColis IdCommandeInColis NbProducts IdProd1 QtyProd1 IdProd2 QtyProd2 ...
211 45 11 8 1 51 1 18 1 64 1 45 1 466 1 58 1 101 1 103 1 100 1 55 1
212 45 7 116 1 140 1 137 1 138 1 45 1 56 1 469 1
219 46 7 45 2 53 2 305 1 184 1 86 2 134 1 416 1
222 47 11 8 1 51 1 18 1 64 1 45 1 460 1 58 1 101 1 151 1 100 1 55 1
223 47 7 116 1 140 1 137 1 138 1 45 1 474 1 255 1
228 48 9 18 1 137 1 138 1 116 1 45 1 206 1 151 1 100 1 55 1
//IdTournes NbColis
13 6
//IdColis IdCommandeInColis NbProducts IdProd1 QtyProd1 IdProd2 QtyProd2 ...
229 48 6 170 1 182 1 45 1 53 2 305 1 184 1
232 49 8 8 1 51 1 62 1 64 1 45 1 56 1 102 1 151 1
237 50 11 8 1 64 1 18 1 137 1 45 1 68 1 58 1 101 1 103 1 100 1 55 1
241 51 6 77 1 160 1 81 1 82 1 156 1 233 1
280 59 8 8 1 51 1 18 1 170 1 45 1 366 1 103 1 100 1
14 3 11 182 1 324 2 305 1 184 1 7 1 4 1 56 1 124 1 252 1 2 1 380 1
//IdTournes NbColis
14 6
//IdColis IdCommandeInColis NbProducts IdProd1 QtyProd1 IdProd2 QtyProd2 ...
5 2 8 3 1 16 1 17 1 64 1 10 1 56 1 58 1 101 1
31 7 8 3 1 16 1 17 1 64 1 30 1 56 1 58 1 101 1
63 13 8 3 1 16 1 17 1 116 1 41 1 56 1 58 1 101 1
79 16 8 3 1 9 1 16 1 17 1 30 1 56 1 58 1 101 1
84 17 7 3 1 16 1 17 1 64 1 42 1 43 1 58 1
245 52 11 3 1 9 1 16 1 17 1 78 1 401 1 58 1 101 1 103 1 100 1 55 1
//IdTournes NbColis
15 6
//IdColis IdCommandeInColis NbProducts IdProd1 QtyProd1 IdProd2 QtyProd2 ...
246 52 7 141 1 297 1 299 1 140 1 78 1 124 1 102 1
250 53 8 3 1 9 1 17 1 140 1 10 1 215 1 58 1 101 1
253 53 4 291 2 78 3 83 3 115 1
257 54 7 3 1 9 1 119 1 17 1 78 1 144 1 126 1
258 54 7 140 1 141 1 299 1 297 1 78 1 276 1 98 1
262 55 9 3 1 9 1 17 1 140 1 78 1 132 1 58 1 101 1 55 1
//IdTournes NbColis
16 6
//IdColis IdCommandeInColis NbProducts IdProd1 QtyProd1 IdProd2 QtyProd2 ...
263 55 9 141 1 299 1 119 1 297 1 78 1 227 1 103 2 100 1 55 1
155 33 8 59 1 60 1 61 1 62 1 42 1 56 1 58 1 101 1
268 56 8 59 1 8 1 61 1 62 1 88 1 113 1 467 1 58 1
272 57 9 59 1 87 1 61 1 96 1 88 1 181 1 58 1 101 1 55 1
82 16 18 293 1 7 1 110 1 52 1 372 1 269 1 252 1 37 2 39 2 221 1 239 1 374 1 185 2 373 1 188 1 134 1 111 1 149 2
191 40 12 86 2 305 1 249 2 67 1 120 1 123 2 134 1 112 1 517 1 438 1 425 2 260 1
//IdTournes NbColis
17 6
//IdColis IdCommandeInColis NbProducts IdProd1 QtyProd1 IdProd2 QtyProd2 ...
116 23 28 111 1 462 1 246 1 50 1 279 2 347 1 326 1 57 1 102 1 298 2 99 1 38 2 98 1 225 1 247 1 251 1 255 4 259 1 273 1 465 1 260 1 262 1 282 1 129 2 101 1 103 1 100 1 55 1
39 8 23 293 1 264 1 249 1 171 1 261 1 267 1 19 1 21 2 209 1 134 1 112 1 149 1 280 1 26 1 248 2 304 1 266 1 272 1 245 1 23 1 205 1 228 1 254 1
255 53 31 124 1 252 1 221 1 122 1 489 2 491 1 374 1 120 2 134 1 112 1 123 2 128 1 319 1 301 1 323 1 304 2 79 1 204 1 330 2 63 1 488 1 102 1 99 1 159 1 461 1 344 1 490 2 472 1 126 3 483 1 255 1
48 10 6 299 1 34 3 107 2 117 1 4 1 111 1
66 13 9 107 2 324 2 117 1 4 2 32 1 6 1 249 1 172 1 386 1
107 21 15 4 1 6 1 258 2 367 1 48 2 342 1 327 3 345 1 213 2 252 1 122 4 338 1 362 1 336 2 69 1
//IdTournes NbColis
18 6
//IdColis IdCommandeInColis NbProducts IdProd1 QtyProd1 IdProd2 QtyProd2 ...
128 26 10 140 1 184 1 324 2 305 1 4 2 194 1 124 1 252 1 148 1 197 1
144 30 8 170 1 182 1 305 1 184 1 86 2 4 1 252 1 99 1
176 37 8 182 1 186 1 72 1 86 2 305 1 4 1 252 1 202 1
195 41 13 182 1 305 1 184 1 324 2 4 1 187 1 134 1 120 2 111 1 112 1 149 1 123 1 255 1
199 42 7 170 1 186 1 72 1 86 2 305 1 4 1 470 1
234 49 9 170 1 186 1 86 1 53 1 72 1 305 1 4 1 252 1 190 1
//IdTournes NbColis
19 6
//IdColis IdCommandeInColis NbProducts IdProd1 QtyProd1 IdProd2 QtyProd2 ...
259 54 9 83 2 117 1 34 2 293 1 4 1 22 1 52 1 249 1 243 1
277 58 13 84 1 25 2 41 1 10 1 291 1 94 1 4 1 56 1 58 1 101 1 103 1 100 1 55 1
114 23 6 452 1 47 1 41 1 10 2 288 2 229 1
252 53 7 33 1 47 1 41 2 25 1 288 2 113 1 55 2
278 58 16 474 1 124 1 252 1 148 1 265 1 111 1 290 1 281 1 245 1 102 1 89 3 99 1 98 1 381 1 255 1 259 1
7 2 6 299 1 176 1 84 1 25 3 6 1 243 1
//IdTournes NbColis
20 6
//IdColis IdCommandeInColis NbProducts IdProd1 QtyProd1 IdProd2 QtyProd2 ...
18 4 7 116 1 107 2 324 2 305 1 184 1 6 1 120 1
23 5 11 182 1 107 2 324 1 305 1 184 1 6 1 354 2 101 1 103 1 100 1 55 1
28 6 7 182 1 107 2 324 2 305 1 184 1 6 1 120 1
34 7 17 324 1 305 1 6 1 31 1 252 1 14 2 122 1 111 1 112 1 120 2 134 1 123 2 319 3 313 2 268 2 281 2 292 1
53 11 8 182 1 177 1 10 1 84 1 291 1 346 1 6 1 285 1
76 15 7 299 1 107 2 117 1 324 2 305 1 6 1 149 1
//IdTournes NbColis
21 6
//IdColis IdCommandeInColis NbProducts IdProd1 QtyProd1 IdProd2 QtyProd2 ...
98 19 9 107 2 324 2 184 1 110 1 6 1 249 1 13 1 28 2 268 1
103 20 7 116 1 107 2 324 2 305 1 184 1 6 1 120 1
158 33 12 6 1 296 1 252 1 148 1 240 1 120 1 134 1 112 1 123 1 195 1 485 1 259 1
204 43 22 6 2 487 2 269 1 148 1 336 2 120 1 134 1 123 2 111 1 112 1 513 1 278 1 235 1 413 1 328 1 57 1 12 1 168 1 126 1 255 1 259 1 129 1
214 45 30 86 1 174 1 6 1 124 1 252 1 459 1 148 1 283 1 275 1 274 1 134 1 120 1 112 1 123 1 319 1 463 3 389 1 248 2 311 1 328 1 292 1 102 1 468 2 412 1 99 1 202 1 98 1 425 1 343 1 255 1
220 46 9 75 1 6 1 188 1 149 2 216 1 313 1 353 1 430 1 422 1
//IdTournes NbColis
22 6
//IdColis IdCommandeInColis NbProducts IdProd1 QtyProd1 IdProd2 QtyProd2 ...
225 47 25 6 1 56 1 453 1 124 1 252 1 148 1 283 1 134 1 120 1 111 1 112 1 123 2 353 1 300 1 245 1 102 1 99 1 98 1 451 1 344 1 473 1 259 1 467 1 471 1 282 1
230 48 29 86 2 6 1 252 1 332 1 189 1 178 1 104 1 134 1 120 1 111 1 112 1 123 2 442 1 347 1 445 1 443 1 102 1 40 1 99 1 202 1 74 1 12 1 139 1 344 1 257 1 126 1 255 1 259 1 437 1
233 49 8 137 1 116 1 18 1 138 1 86 1 124 1 80 1 58 1
38 8 7 299 1 34 2 107 2 143 1 117 1 22 1 120 1
43 9 7 297 1 34 2 107 2 117 1 293 1 22 1 120 1
49 10 25 293 1 22 1 56 1 252 1 221 1 122 1 527 1 142 1 336 2 373 1 188 2 134 1 216 1 149 2 278 1 525 1 220 1 27 1 99 1 520 1 255 1 58 1 101 1 100 1 55 1
//IdTournes NbColis
23 6
//IdColis IdCommandeInColis NbProducts IdProd1 QtyProd1 IdProd2 QtyProd2 ...
247 52 7 119 1 34 2 107 2 293 1 117 1 22 1 120 1
254 53 7 34 3 117 1 293 1 110 1 22 2 487 2 115 1
273 57 9 97 1 179 1 180 1 186 1 90 1 172 1 485 1 103 1 100 1
77 15 25 7 1 372 1 194 1 405 1 466 1 210 1 29 1 56 1 213 1 215 1 146 1 252 1 207 1 122 1 265 1 212 1 286 2 149 1 188 2 134 1 216 1 246 1 380 1 304 1 208 1
78 15 9 198 1 102 1 23 1 518 1 99 1 234 1 247 1 255 2 282 1
264 55 5 83 3 34 3 117 1 293 1 52 1
//IdTournes NbColis
24 6
//IdColis IdCommandeInColis NbProducts IdProd1 QtyProd1 IdProd2 QtyProd2 ...
274 57 8 192 1 219 1 33 1 91 1 93 1 95 1 56 1 196 1
44 9 23 32 1 194 1 295 4 327 1 211 1 56 1 252 1 122 1 289 1 333 2 332 2 24 1 134 1 111 2 112 1 123 2 301 1 304 1 310 1 218 1 250 1 311 1 331 1
171 36 8 182 1 186 1 10 1 84 1 291 1 346 1 342 1 298 1
218 46 8 170 1 182 1 10 1 84 1 291 1 346 1 76 1 199 1
242 51 10 84 1 25 1 10 1 154 1 158 1 161 1 291 1 533 1 426 1 58 1
283 60 10 291 1 346 1 84 1 25 2 10 2 354 1 349 1 58 1 101 1 103 1
//IdTournes NbColis
25 6
//IdColis IdCommandeInColis NbProducts IdProd1 QtyProd1 IdProd2 QtyProd2 ...
51 11 8 8 1 16 1 18 1 64 1 25 1 124 1 58 1 101 1
57 12 8 8 1 64 1 18 1 137 1 25 1 105 1 58 1 101 1
95 19 8 8 1 16 1 18 1 64 1 25 1 56 1 58 1 101 1
123 25 6 170 1 186 1 219 1 8 1 86 1 163 1
131 27 9 114 1 108 1 133 1 170 1 53 1 399 1 244 1 103 1 100 1
135 28 8 8 1 108 1 133 1 170 1 53 1 150 1 412 1 103 1
//IdTournes NbColis
26 6
//IdColis IdCommandeInColis NbProducts IdProd1 QtyProd1 IdProd2 QtyProd2 ...
147 31 7 8 1 108 1 133 1 170 1 53 1 222 1 519 1
160 34 6 8 1 64 1 137 1 170 1 53 1 460 1
165 35 8 8 1 108 1 133 1 170 1 53 1 414 1 99 1 100 1
169 36 8 8 1 51 1 64 1 116 1 25 1 124 1 58 1 101 1
216 46 9 51 1 8 1 64 1 18 1 25 1 350 1 58 1 101 1 55 1
227 48 8 8 1 51 1 64 1 140 1 73 1 200 1 58 1 101 1
//IdTournes NbColis
27 6
//IdColis IdCommandeInColis NbProducts IdProd1 QtyProd1 IdProd2 QtyProd2 ...
269 56 9 114 1 108 1 133 1 186 1 53 1 332 1 493 1 101 1 103 1
52 11 9 116 1 140 1 297 1 137 1 25 1 365 1 103 1 100 1 55 1
58 12 8 138 1 116 1 140 1 297 1 25 1 56 1 103 2 100 1
96 19 9 137 1 116 1 140 1 297 1 25 1 420 1 151 1 100 1 55 1
170 36 9 18 1 137 1 138 1 170 1 25 1 480 1 103 1 100 1 55 1
217 46 8 137 1 138 1 116 1 140 1 25 1 275 1 151 1 100 1
//IdTournes NbColis
28 6
//IdColis IdCommandeInColis NbProducts IdProd1 QtyProd1 IdProd2 QtyProd2 ...
67 13 31 172 2 252 1 436 2 122 1 289 1 351 1 134 1 120 2 111 1 112 1 123 2 290 1 352 1 389 1 246 1 304 1 330 2 57 1 40 1 434 1 169 3 99 1 168 1 173 2 98 1 234 1 247 1 126 2 255 1 259 1 242 2
200 42 11 374 1 71 1 120 1 134 1 112 1 123 1 26 1 461 1 472 1 129 1 282 1
186 39 15 296 1 249 1 258 1 269 1 134 1 120 1 112 1 123 1 235 1 268 1 284 1 304 1 27 1 236 1 277 1
266 55 17 301 3 281 1 481 1 300 1 292 1 241 1 102 1 92 1 74 1 244 1 287 1 236 1 257 1 255 2 259 1 230 4 242 3
265 55 28 54 1 270 1 29 1 15 1 109 1 105 2 106 1 56 1 213 1 252 1 148 1 239 1 306 1 187 1 479 1 71 1 188 2 134 1 475 1 111 1 149 2 216 1 278 1 290 1 224 1 226 1 235 1 245 1
6 2 8 116 1 140 1 182 1 297 1 10 1 213 1 151 2 100 1
//IdTournes NbColis
29 6
//IdColis IdCommandeInColis NbProducts IdProd1 QtyProd1 IdProd2 QtyProd2 ...
64 13 9 140 1 141 1 297 1 299 1 10 1 124 1 151 1 100 1 55 1
251 53 8 141 1 297 1 299 1 119 1 10 1 124 1 151 2 100 1
99 19 27 367 1 401 1 124 1 252 1 49 1 436 2 148 1 336 3 134 1 120 1 111 1 112 1 123 2 435 1 341 1 304 2 443 1 337 1 272 1 57 1 102 1 447 1 99 1 12 1 302 1 255 1 259 1
238 50 7 138 1 116 1 140 1 297 1 53 1 49 1 415 1
167 35 23 420 1 124 1 252 1 363 1 511 1 515 1 332 1 135 1 134 1 120 1 123 1 111 1 112 1 50 1 330 1 328 1 102 1 12 1 126 1 255 1 259 1 129 3 55 1
185 39 10 186 1 219 1 53 1 305 1 86 2 32 1 286 1 253 1 100 1 55 1
//IdTournes NbColis
30 6
//IdColis IdCommandeInColis NbProducts IdProd1 QtyProd1 IdProd2 QtyProd2 ...
15 3 16 374 1 120 1 134 1 112 1 123 1 337 2 11 1 102 1 99 1 397 1 271 2 126 1 255 1 259 1 151 1 100 1
19 4 20 410 1 56 1 124 1 252 1 374 1 336 1 134 1 111 1 112 1 123 2 352 1 313 2 281 1 245 1 102 2 99 1 202 1 12 1 259 1 409 1
55 11 23 252 1 221 1 70 1 120 1 134 1 112 1 123 2 340 1 347 1 285 1 328 1 57 1 102 1 263 1 99 1 202 1 12 1 376 1 217 1 344 1 259 1 387 1 129 1
83 16 11 216 1 278 1 352 1 326 1 304 1 361 1 370 1 102 1 99 1 12 1 255 1
93 18 15 530 1 250 1 272 1 214 1 328 1 383 1 292 1 102 1 412 1 99 1 12 1 331 1 234 1 247 1 255 1
121 24 4 12 1 477 1 255 1 259 1
//IdTournes NbColis
31 6
//IdColis IdCommandeInColis NbProducts IdProd1 QtyProd1 IdProd2 QtyProd2 ...
129 26 23 196 1 191 1 120 1 134 1 111 1 112 1 123 1 352 1 193 1 198 1 195 1 190 1 99 1 12 1 355 1 390 1 255 1 259 1 396 1 58 1 101 1 100 1 55 1
145 30 20 148 1 283 1 65 1 134 1 120 1 111 1 112 1 123 1 389 1 63 1 102 1 12 1 334 1 339 1 255 1 58 1 101 1 103 1 100 1 55 1
148 31 9 186 1 219 1 95 1 72 1 86 1 294 1 296 1 480 1 12 1
149 31 15 252 1 148 1 66 1 135 1 134 1 111 1 120 1 123 1 112 1 323 1 328 1 102 1 126 1 255 2 259 1
152 32 9 186 1 219 1 72 1 86 2 294 1 110 1 12 1 101 1 55 1
162 34 16 131 1 56 1 124 1 512 1 148 1 134 1 120 1 123 1 111 1 112 1 328 1 102 1 202 1 12 1 439 1 255 1
//IdTournes NbColis
32 6
//IdColis IdCommandeInColis NbProducts IdProd1 QtyProd1 IdProd2 QtyProd2 ...
177 37 25 13 1 69 1 71 2 120 1 121 1 134 1 123 1 111 1 112 1 368 1 352 1 197 1 510 1 328 1 469 1 102 1 12 1 461 1 451 1 259 1 58 1 101 1 103 1 100 1 55 1
209 44 16 305 1 124 1 175 1 252 1 486 1 476 1 120 1 134 1 111 1 112 1 123 1 328 1 102 1 12 1 255 1 100 1
235 49 21 514 1 148 1 69 1 120 1 134 1 123 1 111 1 112 1 246 1 197 1 386 1 509 1 328 1 202 1 12 1 247 1 255 1 259 1 101 1 100 1 55 1
248 52 20 354 1 252 1 261 1 402 1 134 1 111 1 112 1 123 2 304 1 404 1 356 1 357 2 300 1 303 1 307 1 99 1 12 1 173 1 255 1 259 1
275 57 14 72 1 296 1 124 1 365 1 252 1 120 1 134 1 112 1 123 1 328 1 102 1 482 1 12 1 259 1
284 60 19 364 1 211 1 252 1 148 1 363 1 348 1 111 1 246 1 268 1 349 1 102 1 99 1 202 1 12 1 234 1 247 1 255 1 100 1 55 1
//IdTournes NbColis
33 6
//IdColis IdCommandeInColis NbProducts IdProd1 QtyProd1 IdProd2 QtyProd2 ...
9 2 7 107 2 324 3 305 1 184 1 249 1 13 1 213 2
91 18 7 299 1 33 1 107 2 184 1 305 1 324 1 531 1
10 2 33 194 1 213 1 421 1 124 1 454 1 252 1 14 1 456 1 221 1 122 1 289 2 69 1 104 1 71 1 188 2 134 1 112 1 149 2 128 1 386 1 250 1 57 1 292 2 412 1 99 1 202 1 98 1 236 1 126 2 255 1 259 1 256 2 55 1
87 17 19 324 1 305 1 184 1 52 1 54 1 183 1 43 1 317 2 457 1 124 1 125 1 252 1 122 1 267 1 325 1 120 2 112 1 123 1 102 1
161 34 8 186 1 219 1 72 1 86 2 294 1 296 1 136 1 99 1
239 50 8 170 1 182 1 305 1 184 1 86 2 269 1 85 1 417 1
//IdTournes NbColis
34 6
//IdColis IdCommandeInColis NbProducts IdProd1 QtyProd1 IdProd2 QtyProd2 ...
243 51 23 346 1 369 1 231 1 232 1 522 1 523 1 524 1 162 1 163 1 164 1 167 1 366 1 529 1 267 1 286 1 435 1 166 1 153 1 165 1 101 1 103 1 100 1 55 1
2 1 7 140 1 141 1 170 1 299 1 107 1 171 1 498 1
13 3 7 64 1 116 1 140 1 297 1 107 1 398 1 406 1
71 14 9 140 1 184 1 324 2 305 1 107 2 312 1 365 1 101 1 55 1
127 26 8 297 1 64 1 137 1 116 1 53 1 56 1 102 1 103 1
139 29 9 64 1 137 1 116 1 170 1 53 1 384 1 103 1 100 1 55 1
//IdTournes NbColis
35 6
//IdColis IdCommandeInColis NbProducts IdProd1 QtyProd1 IdProd2 QtyProd2 ...
151 32 9 64 1 137 1 116 1 170 1 53 1 124 1 99 1 58 1 100 1
279 59 9 64 1 137 1 138 1 116 1 72 1 227 1 58 1 101 1 55 1
124 25 9 108 1 137 1 294 1 53 1 72 1 233 1 231 1 232 1 369 1
29 6 22 249 1 124 1 252 1 187 1 134 1 203 1 111 1 112 1 149 2 246 1 385 1 383 1 57 1 375 1 379 1 99 1 98 1 234 1 247 1 255 1 126 1 100 1
143 30 7 137 1 138 1 116 1 140 1 53 1 56 1 388 1
175 37 7 137 1 138 1 116 1 170 1 53 1 124 1 237 1
//IdTournes NbColis
36 6
//IdColis IdCommandeInColis NbProducts IdProd1 QtyProd1 IdProd2 QtyProd2 ...
184 39 9 137 1 116 1 18 1 170 1 72 1 283 1 408 1 101 1 103 1
198 42 8 116 1 18 1 137 1 138 1 53 1 157 1 103 1 100 1
207 44 8 137 1 116 1 138 1 170 1 53 1 172 1 236 1 103 1
270 56 8 192 1 219 1 95 2 72 1 508 1 52 1 120 1 272 1
180 38 7 138 1 116 1 140 1 297 1 53 1 421 1 423 1
194 41 11 138 1 116 1 140 1 297 1 53 1 187 1 98 1 58 1 101 1 100 1 55 1
//IdTournes NbColis
37 6
//IdColis IdCommandeInColis NbProducts IdProd1 QtyProd1 IdProd2 QtyProd2 ...
208 44 7 182 1 186 1 176 1 72 1 86 2 56 1 148 1
190 40 11 182 1 297 1 177 1 53 2 184 1 479 2 101 1 58 1 103 1 100 1 55 1
111 22 8 182 1 297 1 53 2 184 1 324 2 101 1 100 1 55 1
119 24 6 182 1 186 1 53 2 72 1 305 1 86 1
157 33 8 186 1 219 1 53 1 95 2 72 1 294 1 100 1 55 1
203 43 7 182 1 297 1 53 2 184 1 86 2 101 1 55 1
//IdTournes NbColis
38 6
//IdColis IdCommandeInColis NbProducts IdProd1 QtyProd1 IdProd2 QtyProd2 ...
213 45 6 170 1 182 1 53 2 305 1 184 1 86 1
224 47 5 170 1 182 1 53 2 184 1 86 2
281 59 15 182 1 186 1 53 1 86 1 167 1 162 1 163 1 164 1 187 1 134 1 120 1 112 1 123 1 198 1 127 1
108 21 26 71 3 111 2 368 1 246 1 320 1 310 1 57 1 102 1 298 2 173 1 360 3 344 1 244 3 331 1 234 1 247 1 255 1 273 1 126 1 371 2 259 1 129 1 58 1 101 1 100 1 55 1
153 32 16 296 1 264 1 252 2 148 1 325 1 274 1 71 1 134 1 120 1 123 1 111 1 112 1 495 1 328 1 255 1 259 1
132 27 10 186 1 219 1 95 2 72 1 258 1 134 1 120 1 112 1 123 1 411 1
//IdTournes NbColis
39 6
//IdColis IdCommandeInColis NbProducts IdProd1 QtyProd1 IdProd2 QtyProd2 ...
136 28 11 186 1 219 1 95 2 72 1 294 1 504 1 120 1 134 1 112 1 277 1 100 1
140 29 11 186 1 219 1 72 1 86 2 336 1 134 1 120 1 112 1 123 1 392 1 199 1
166 35 8 186 1 219 1 72 1 86 2 294 1 296 1 56 1 202 1
181 38 13 170 1 182 1 305 1 184 1 324 1 283 1 332 1 419 1 428 1 134 1 120 1 112 1 123 1
3 1 13 119 1 297 1 117 1 305 1 324 1 492 1 187 1 120 1 134 1 112 1 123 1 313 1 494 2
260 54 30 258 1 56 1 124 1 125 2 252 1 122 1 240 1 283 2 289 1 275 1 286 1 274 1 120 1 112 1 123 2 134 1 128 1 278 2 246 1 243 1 250 1 127 1 118 2 57 1 245 2 292 2 237 1 102 1 263 1 99 1
//IdTournes NbColis
40 6
//IdColis IdCommandeInColis NbProducts IdProd1 QtyProd1 IdProd2 QtyProd2 ...
35 7 11 330 1 292 1 102 1 321 2 99 1 98 1 329 1 308 1 309 1 255 2 259 2
45 9 7 245 1 102 1 99 1 98 1 329 3 217 1 238 1
104 20 20 148 1 289 2 403 2 134 1 111 2 112 1 123 2 314 1 224 1 226 1 413 1 304 1 361 2 412 1 99 1 98 1 126 2 255 1 259 1 100 1
24 5 16 267 1 332 1 382 1 374 1 120 1 134 1 112 1 123 2 278 1 386 1 380 2 378 1 391 1 383 1 394 1 217 1
61 12 26 432 1 252 1 122 1 351 1 440 1 450 1 449 1 134 1 120 2 111 1 112 1 123 2 448 1 304 1 328 1 57 1 446 1 102 1 433 1 444 1 99 1 439 1 451 1 126 1 262 1 55 2
125 25 10 164 1 167 1 366 1 120 1 112 1 123 1 134 1 300 1 303 1 307 1
//IdTournes NbColis
41 6
//IdColis IdCommandeInColis NbProducts IdProd1 QtyProd1 IdProd2 QtyProd2 ...
240 50 5 134 1 120 1 112 1 123 1 429 1
88 17 10 123 1 368 1 313 1 314 1 268 2 323 1 99 1 464 1 100 1 55 2
261 54 16 302 1 223 1 234 1 238 1 247 1 271 2 126 2 255 1 259 1 129 1 256 1 101 1 58 1 103 1 100 1 55 1
271 56 10 296 1 134 1 112 1 123 1 507 1 472 1 355 1 499 1 100 1 55 1
173 36 8 285 2 328 1 57 1 298 1 99 1 228 1 387 1 259 1
182 38 6 426 1 418 1 427 2 431 2 424 1 425 1
//IdTournes NbColis
42 3
//IdColis IdCommandeInColis NbProducts IdProd1 QtyProd1 IdProd2 QtyProd2 ...
137 28 7 123 1 248 1 370 1 353 1 329 1 505 1 331 1
4 1 9 496 1 497 1 500 1 501 2 444 1 502 1 503 1 506 1 298 1
215 45 1 471 1
