//NbTournees
5
//IdTournes NbColis
1 6
//IdColis IdCommandeInColis NbProducts IdProd1 QtyProd1 IdProd2 QtyProd2 ...
4 1 28 212 1 216 3 1 1 312 1 2 3 19 2 20 2 37 1 48 2 51 1 210 1 268 1 285 1 205 1 309 1 299 1 61 1 198 1 290 5 300 1 302 1 306 1 307 1 247 2 310 3 313 1 233 3 304 4
8 2 37 145 1 190 1 44 1 231 1 245 1 91 1 143 2 219 2 123 1 10 1 212 1 114 1 127 1 216 1 230 1 255 1 1 1 3 1 6 1 33 1 236 1 182 1 19 1 20 1 21 1 38 1 48 1 46 1 210 1 39 3 57 1 162 1 23 4 205 2 223 2 176 1 225 2
15 3 38 240 1 273 1 92 1 222 2 129 1 154 1 289 1 1 1 3 1 238 1 170 2 277 1 7 1 9 2 19 2 20 2 21 3 37 1 159 1 48 1 210 1 258 3 288 4 41 3 157 2 160 1 163 1 180 1 272 1 223 1 226 1 234 1 257 1 259 1 228 1 253 1 256 1 232 3
1 1 10 193 1 63 1 106 3 94 1 98 3 119 3 177 2 181 1 4 2 287 1
6 2 17 243 1 63 1 64 1 95 1 98 1 110 1 69 1 50 1 185 1 4 2 15 2 16 2 17 1 18 2 31 1 35 2 27 1
10 3 13 197 1 271 1 133 1 77 1 110 2 119 1 122 1 266 3 165 1 4 2 15 2 16 2 244 1
//IdTournes NbColis
2 6
//IdColis IdCommandeInColis NbProducts IdProd1 QtyProd1 IdProd2 QtyProd2 ...
17 4 15 47 1 292 1 270 1 262 1 263 2 110 1 4 2 12 1 15 2 16 2 17 1 18 2 42 1 45 1 53 1
21 5 19 111 1 102 1 4 2 14 1 15 2 16 2 17 1 18 2 32 1 153 1 52 1 171 1 191 1 206 1 144 1 227 1 100 1 82 1 86 1
25 6 14 183 1 30 1 116 1 218 1 70 1 110 5 120 1 148 1 185 1 4 2 8 1 15 2 16 1 68 1
2 1 15 5 2 15 2 17 1 18 2 26 1 34 1 45 2 52 1 62 1 189 2 201 2 208 2 211 2 83 1 86 1
12 3 18 108 2 132 2 241 1 117 2 134 1 68 1 107 4 254 2 276 5 237 1 152 1 161 1 167 1 187 2 214 1 65 1 96 1 7 1
23 5 34 138 1 168 1 74 1 131 1 267 1 142 1 305 2 10 3 212 1 92 1 114 1 127 1 222 1 129 2 216 2 174 1 9 1 19 2 20 1 21 1 46 2 48 2 202 1 282 1 158 1 180 1 176 1 294 3 234 1 61 1 235 2 232 3 233 1 304 1
//IdTournes NbColis
3 6
//IdColis IdCommandeInColis NbProducts IdProd1 QtyProd1 IdProd2 QtyProd2 ...
27 6 24 59 1 60 2 229 8 145 1 297 1 311 1 124 1 138 1 231 1 74 1 109 1 118 1 137 3 10 1 212 2 222 1 314 1 89 1 236 1 9 3 19 2 20 2 21 1 48 1
3 1 26 83 1 227 1 79 1 147 2 265 1 90 1 65 1 40 1 199 1 229 1 105 2 121 1 139 4 36 1 149 1 246 2 54 1 179 2 118 1 131 1 281 1 287 1 303 1 137 2 298 1 10 1
18 4 32 227 1 264 1 134 2 286 1 140 2 40 1 43 1 229 1 121 1 260 1 22 1 149 1 231 1 75 1 131 1 10 1 212 1 261 1 301 1 236 1 293 1 19 1 20 2 21 2 46 2 48 2 210 1 279 1 41 1 284 1 295 1 296 1
20 5 9 11 1 13 1 184 1 269 2 106 1 116 1 76 1 274 2 156 1
11 3 16 16 1 17 1 18 3 153 1 45 2 164 1 166 1 171 1 172 1 173 1 175 2 178 1 209 1 67 1 115 4 108 1
26 6 21 16 1 17 1 18 2 45 3 171 1 200 1 71 3 217 1 227 1 224 1 128 1 237 1 103 2 140 1 87 1 215 1 24 1 25 1 40 1 56 1 220 1
//IdTournes NbColis
4 6
//IdColis IdCommandeInColis NbProducts IdProd1 QtyProd1 IdProd2 QtyProd2 ...
28 6 24 21 1 37 2 46 1 48 1 39 2 49 1 23 1 226 1 234 1 221 1 188 1 225 1 257 1 259 2 235 1 247 1 310 1 313 1 232 2 233 2 304 2 253 1 248 4 249 2
22 5 27 113 1 125 1 186 1 196 1 254 1 65 1 151 1 40 1 59 1 60 1 195 1 203 1 229 1 105 1 121 2 145 2 146 1 150 3 139 1 275 1 291 2 22 1 66 1 126 2 149 1 138 2 129 1
13 3 22 97 1 135 1 215 1 24 1 25 1 60 2 151 1 40 1 155 1 56 1 192 1 204 1 229 5 72 1 85 1 104 2 105 2 139 2 145 1 146 2 150 4 29 1
14 3 29 150 1 36 1 66 2 99 2 130 1 239 1 246 2 283 1 29 2 169 1 213 2 278 1 75 1 81 1 93 1 101 1 131 2 267 2 242 1 250 1 251 1 219 2 280 2 73 1 84 1 123 1 141 1 212 1 28 2
7 2 19 45 1 194 2 71 1 136 2 227 1 79 2 147 3 78 1 80 1 196 1 58 1 103 1 214 1 88 1 96 1 55 1 207 1 229 4 112 2
16 3 3 232 1 248 2 249 1
//IdTournes NbColis
5 2
//IdColis IdCommandeInColis NbProducts IdProd1 QtyProd1 IdProd2 QtyProd2 ...
19 4 2 308 1 232 1
9 2 3 247 3 252 1 248 3
