//NbTournees
23
//IdTournes NbColis
1 6
//IdColis IdCommandeInColis NbProducts IdProd1 QtyProd1 IdProd2 QtyProd2 ...
2 1 33 128 1 151 1 192 1 211 1 162 1 133 1 170 1 12 1 42 1 43 3 65 1 194 1 198 2 199 1 202 2 457 1 233 1 221 1 642 1 181 1 53 1 47 1 238 1 206 1 212 1 231 1 1 1 2 1 9 1 25 1 64 2 111 1 59 1
6 2 19 279 1 1 1 2 1 26 1 55 1 64 1 41 1 77 1 49 1 56 1 58 2 73 1 213 1 386 1 371 1 390 2 424 1 365 1 453 1
9 3 35 193 1 69 1 171 1 194 2 198 2 275 1 18 1 567 1 464 1 125 1 646 1 155 1 657 1 46 1 638 1 1 1 2 1 26 1 116 1 11 2 23 1 24 1 64 1 111 1 59 1 34 2 41 4 60 1 601 1 400 1 216 1 45 1 652 1 451 1 10 1
13 4 30 143 1 144 1 157 1 169 2 198 1 191 1 194 1 379 1 200 1 268 2 18 1 52 1 321 2 567 1 140 1 154 3 166 1 265 1 152 1 181 1 464 2 61 1 238 1 351 1 190 1 283 1 1 1 2 1 48 1 331 1
18 5 36 140 1 181 2 464 1 397 1 61 1 238 1 468 1 279 1 212 1 1 1 2 1 116 1 329 1 568 1 615 1 24 1 25 1 59 2 64 1 34 1 282 1 30 3 40 1 68 1 73 2 109 1 416 1 611 1 13 1 122 1 398 2 237 3 229 1 436 1 223 2 481 1
20 6 14 619 1 243 1 209 2 218 1 185 2 3 2 4 2 5 1 19 1 22 2 37 1 57 1 62 2 1 1
//IdTournes NbColis
2 6
//IdColis IdCommandeInColis NbProducts IdProd1 QtyProd1 IdProd2 QtyProd2 ...
26 7 32 504 1 222 1 91 1 169 1 191 2 210 1 93 1 156 1 168 1 141 1 166 1 397 1 61 1 1 1 26 1 48 1 230 2 23 1 24 2 25 2 64 1 41 1 45 1 73 1 596 2 527 1 213 1 234 2 215 1 122 1 398 1 453 1
30 8 38 171 1 198 2 94 1 627 1 246 1 18 2 317 1 640 1 345 1 347 1 190 1 46 1 279 1 1 1 568 1 78 1 11 1 23 1 24 1 25 1 64 2 111 2 59 2 629 2 77 1 49 2 118 1 503 1 10 1 643 1 363 1 540 1 390 1 431 1 220 1 396 1 478 2 453 1
72 20 34 497 1 222 1 145 1 158 1 173 1 205 1 156 1 182 1 186 1 187 2 181 1 125 1 105 1 190 1 206 1 1 1 2 1 26 1 24 1 59 1 64 1 489 1 406 1 216 1 30 1 214 1 227 2 458 1 511 1 226 1 220 2 223 1 225 1 481 1
75 21 31 270 1 383 1 170 1 264 1 193 1 222 1 157 2 169 1 254 1 173 1 260 1 191 2 199 1 210 1 427 1 276 1 200 1 140 2 259 1 267 1 401 2 279 1 1 1 426 1 407 1 64 1 406 3 432 1 216 1 496 1 384 1
81 23 34 514 1 69 1 222 1 198 1 199 1 205 3 425 1 18 1 196 1 280 1 286 2 125 1 277 1 289 1 256 1 468 1 283 1 279 1 1 1 2 1 230 1 9 2 11 1 25 2 59 3 64 1 34 2 41 2 445 1 285 1 216 1 56 1 503 1 526 1
89 26 28 202 1 205 1 343 2 179 1 265 2 435 1 298 1 181 1 125 1 360 1 512 1 335 1 1 1 2 1 329 1 78 1 23 1 55 1 59 1 64 1 400 1 370 1 216 1 118 1 503 1 368 2 234 1 429 1
//IdTournes NbColis
3 6
//IdColis IdCommandeInColis NbProducts IdProd1 QtyProd1 IdProd2 QtyProd2 ...
90 27 22 209 1 135 1 81 1 3 1 4 1 5 1 102 1 21 2 62 2 174 2 509 1 274 1 326 1 307 1 359 1 201 1 310 1 334 1 355 1 483 1 170 1 390 1
91 27 29 133 1 160 1 66 1 500 1 129 1 145 1 357 1 198 2 457 1 205 2 508 1 362 1 269 2 428 1 18 2 52 1 141 1 395 1 293 1 358 1 394 1 330 4 401 1 238 3 351 1 335 1 279 1 367 1 1 1
100 30 24 374 1 334 1 172 1 211 1 324 1 170 1 133 1 160 1 304 1 173 1 343 1 18 1 312 1 293 1 53 1 256 1 279 1 1 1 2 1 25 1 59 1 64 1 282 2 403 1
116 37 32 379 1 205 1 425 1 420 1 168 1 417 1 428 1 507 1 179 2 415 1 435 1 125 1 277 1 238 2 322 1 1 1 230 1 423 1 407 1 59 1 64 1 41 1 400 1 370 1 216 1 486 1 487 1 503 1 430 1 398 1 237 1 439 1
118 38 31 421 1 359 1 483 1 353 1 193 1 414 1 164 1 43 1 222 1 210 1 276 1 93 1 168 1 125 1 419 1 1 1 48 1 111 1 59 1 64 1 41 1 406 1 410 1 216 1 496 1 503 1 227 1 320 1 237 3 436 2 434 1
131 44 16 433 1 499 1 1 1 48 1 116 1 426 1 442 1 59 1 64 1 494 1 406 1 216 1 490 1 58 1 466 1 331 1
//IdTournes NbColis
4 6
//IdColis IdCommandeInColis NbProducts IdProd1 QtyProd1 IdProd2 QtyProd2 ...
137 47 20 140 1 265 1 181 1 61 1 1 1 2 1 26 1 406 1 472 1 432 1 216 1 527 1 473 1 466 2 429 1 465 1 226 1 431 1 469 1 223 1
138 48 29 278 1 3 1 4 1 5 1 515 1 21 1 258 1 326 1 303 1 483 1 254 1 379 1 52 1 315 1 111 1 59 1 64 1 34 2 328 1 232 1 456 1 234 1 430 1 236 1 431 1 424 1 436 1 437 1 478 1
22 6 38 308 2 649 1 280 2 401 1 279 1 212 1 2 1 51 1 9 2 11 1 25 1 64 1 111 3 59 2 34 1 60 1 406 1 232 1 658 2 15 1 213 1 368 1 656 2 217 1 13 2 450 2 398 2 237 2 229 1 390 1 431 1 225 4 385 3 223 2 224 2 478 1 481 3 453 1
34 9 29 274 1 326 1 620 1 172 1 303 1 133 1 202 2 628 1 379 1 294 1 156 1 18 1 402 1 253 1 397 1 125 1 401 1 78 1 11 1 80 1 24 1 64 1 111 1 59 3 58 1 625 1 393 1 385 3 223 3
38 10 39 267 1 277 1 313 1 426 1 319 1 230 1 78 1 9 2 23 1 24 1 25 1 64 1 111 1 59 1 629 1 489 1 634 2 443 1 370 1 328 1 282 1 490 1 625 1 496 1 503 1 635 1 644 1 10 1 284 1 318 1 215 1 447 1 237 1 229 1 331 1 223 1 396 2 453 3 434 1
42 11 24 464 1 397 1 53 1 468 3 2 1 26 1 426 2 9 1 80 1 24 1 25 3 55 1 59 1 64 1 77 1 443 1 474 1 503 1 461 1 213 3 363 1 237 2 460 1 453 1
//IdTournes NbColis
5 6
//IdColis IdCommandeInColis NbProducts IdProd1 QtyProd1 IdProd2 QtyProd2 ...
46 12 25 351 1 2 1 9 1 24 1 25 1 64 1 111 2 59 1 56 1 490 1 58 1 496 1 118 3 503 2 526 3 213 1 451 1 458 1 100 1 237 1 229 2 390 1 365 1 223 1 453 5
49 13 29 110 1 62 1 120 1 258 1 146 2 637 1 149 1 211 1 353 1 137 1 164 1 170 1 123 1 222 3 173 1 260 1 357 1 457 2 205 1 168 1 402 1 662 1 669 1 661 1 125 1 2 1 116 1 9 1 25 1
69 19 31 133 3 164 1 170 3 514 1 222 1 129 1 194 1 198 2 202 1 205 1 221 1 141 1 179 1 196 1 352 1 394 1 61 3 125 1 277 1 361 1 279 1 638 1 2 1 48 1 448 1 407 2 9 1 11 1 80 1 23 1 530 1
84 24 35 524 1 525 1 145 1 157 1 198 2 202 1 520 1 517 1 182 1 269 1 18 2 333 1 323 1 277 3 330 2 107 1 322 1 470 1 279 1 2 1 26 1 329 1 426 1 78 1 9 1 23 1 24 1 25 1 59 1 64 1 30 1 527 1 431 2 327 2 331 1
94 28 30 172 1 325 1 348 1 160 1 164 1 43 1 222 1 254 1 194 1 332 1 205 1 168 1 417 1 347 1 259 1 271 1 125 1 314 1 361 1 231 1 2 1 78 1 23 1 111 1 59 1 64 1 406 1 216 1 213 1 215 1
105 32 25 222 1 311 1 254 1 260 1 191 1 276 1 200 1 533 1 352 1 286 1 395 1 61 1 2 1 11 1 25 1 59 1 64 2 531 1 406 2 384 1 368 1 226 1 540 1 385 1 405 1
//IdTournes NbColis
6 6
//IdColis IdCommandeInColis NbProducts IdProd1 QtyProd1 IdProd2 QtyProd2 ...
109 34 28 138 2 274 1 326 1 544 1 203 1 334 1 239 1 413 1 348 2 133 1 160 1 43 2 543 1 417 2 402 1 155 1 279 2 2 1 59 1 64 1 232 1 364 1 516 1 73 1 416 2 363 1 393 1 236 1
125 41 20 332 1 254 2 205 1 61 1 125 2 330 1 572 1 2 1 442 1 9 1 24 1 64 1 400 1 216 1 213 1 446 1 320 1 450 1 398 3 224 1
129 43 27 96 1 535 1 408 1 202 1 420 1 343 1 268 2 18 1 315 1 141 2 179 1 389 1 190 1 538 1 499 1 279 1 2 1 26 1 59 1 64 1 41 1 443 1 456 1 454 1 398 1 122 1 390 1
139 49 28 185 1 3 1 4 1 5 1 21 1 62 1 258 1 326 1 408 1 145 1 268 1 200 1 315 1 546 1 345 1 286 1 394 1 61 1 256 1 2 1 26 1 9 1 25 1 59 1 64 1 545 1 219 1 237 1
141 50 17 2 1 80 1 23 1 59 1 64 1 530 1 406 1 366 1 216 1 545 1 576 1 663 1 574 2 391 1 327 1 223 1 224 1
1 1 16 7 1 209 1 218 1 161 1 3 2 4 2 5 1 21 2 31 1 35 1 62 2 97 1 614 1 120 1 178 1 146 1
//IdTournes NbColis
7 6
//IdColis IdCommandeInColis NbProducts IdProd1 QtyProd1 IdProd2 QtyProd2 ...
4 2 16 17 1 306 1 243 1 273 1 163 1 176 2 3 1 4 1 5 1 14 1 21 2 36 1 62 1 72 1 75 1 174 1
7 3 11 121 1 28 1 648 1 513 2 195 1 153 1 183 4 185 3 3 1 4 1 5 1
11 4 16 8 1 356 2 266 1 188 1 127 1 135 1 163 1 3 1 4 1 5 1 14 1 22 2 36 1 54 1 62 2 152 1
16 5 11 17 1 27 1 491 1 316 1 165 1 188 1 209 1 176 3 3 1 4 1 274 1
24 7 12 566 1 619 1 83 1 188 1 218 1 127 2 3 2 4 2 5 1 21 2 36 1 604 1
29 8 22 185 1 626 1 3 1 4 1 5 1 21 2 62 2 488 1 562 1 630 1 274 1 326 1 245 2 637 1 189 2 334 1 172 1 354 1 264 1 632 1 169 1 365 1
//IdTournes NbColis
8 6
//IdColis IdCommandeInColis NbProducts IdProd1 QtyProd1 IdProd2 QtyProd2 ...
33 9 15 633 3 183 1 185 3 163 1 3 1 4 1 5 1 14 2 22 2 89 1 62 2 54 1 75 1 159 1 175 1
36 10 14 84 1 295 1 88 1 316 1 188 2 185 1 81 1 3 1 4 1 5 1 22 2 92 1 62 2 297 1
40 11 16 537 1 651 1 209 1 218 1 645 2 127 1 86 1 555 1 3 2 4 2 5 1 19 1 22 2 31 1 97 1 564 1
43 12 12 82 2 130 1 250 1 273 1 176 2 183 1 3 1 4 1 5 1 14 1 21 2 90 1
48 13 14 8 1 121 1 316 1 513 1 176 3 185 1 3 1 4 1 5 1 14 1 16 1 21 2 36 1 178 1
51 14 13 17 1 624 1 306 1 287 1 153 1 3 1 4 1 5 1 101 1 19 2 21 2 62 1 131 1
//IdTournes NbColis
9 6
//IdColis IdCommandeInColis NbProducts IdProd1 QtyProd1 IdProd2 QtyProd2 ...
54 15 15 27 1 165 2 209 1 185 2 112 1 3 1 4 1 5 1 22 2 108 1 110 1 62 1 117 1 124 1 259 1
57 16 14 17 1 27 1 261 1 278 1 135 1 185 1 3 1 4 1 5 1 19 1 21 1 38 1 62 1 115 1
60 17 13 83 1 88 1 278 4 188 1 209 1 218 1 104 3 3 1 4 1 5 1 102 1 16 1 19 1
64 18 9 7 1 619 1 261 3 130 1 209 3 3 2 4 2 5 1 22 1
68 19 17 177 1 88 1 165 1 356 1 188 1 147 1 176 2 3 1 4 1 5 1 21 2 62 1 180 3 149 1 203 1 172 1 18 1
71 20 18 513 1 130 1 208 1 204 3 3 1 4 1 5 1 21 2 62 1 501 1 139 1 197 1 201 3 175 1 493 1 502 1 131 1 164 1
//IdTournes NbColis
10 6
//IdColis IdCommandeInColis NbProducts IdProd1 QtyProd1 IdProd2 QtyProd2 ...
74 21 17 485 1 491 1 130 1 266 1 244 2 208 1 185 1 3 1 4 1 5 1 21 1 492 1 495 1 506 1 247 2 387 1 249 1
77 22 20 566 1 505 1 278 1 243 1 241 1 287 1 3 1 4 1 5 1 22 1 550 1 62 1 495 1 521 1 178 1 258 1 387 1 639 1 172 1 565 1
78 22 30 172 2 502 1 131 1 170 1 659 2 549 2 42 1 553 1 222 1 148 2 254 1 173 1 260 1 194 1 392 1 276 1 520 1 200 1 428 1 547 1 33 1 52 1 561 1 402 1 140 1 669 1 271 1 61 1 289 1 563 1
80 23 23 278 1 272 1 3 1 4 1 5 1 22 2 50 1 62 1 495 1 178 1 184 2 387 1 146 1 201 1 257 1 262 1 192 1 239 1 252 1 162 1 251 1 164 1 198 1
83 24 21 302 1 3 1 4 1 5 1 22 2 62 2 522 1 134 1 138 1 274 1 326 1 307 1 201 1 189 1 192 1 334 2 519 1 324 1 133 1 70 3 529 1
86 25 18 208 2 349 1 176 2 185 3 3 1 4 1 5 1 21 2 534 1 62 1 291 1 258 1 588 1 336 1 337 1 142 1 580 1 211 1
//IdTournes NbColis
11 6
//IdColis IdCommandeInColis NbProducts IdProd1 QtyProd1 IdProd2 QtyProd2 ...
88 26 22 346 1 195 1 176 1 185 2 342 1 3 1 4 1 5 1 21 2 37 1 62 1 174 1 257 2 310 1 303 1 369 1 164 1 65 1 71 1 222 1 171 1 202 1
93 28 22 188 1 209 1 340 1 339 1 176 1 185 1 344 1 3 1 4 1 5 1 21 2 62 1 539 1 124 1 541 1 178 1 258 1 247 1 336 1 149 1 338 1 271 1
96 29 25 306 1 583 1 3 1 4 1 5 1 14 1 21 1 22 1 62 1 382 1 178 1 387 1 326 1 245 1 383 1 192 1 303 1 211 1 164 1 170 2 12 1 43 1 222 1 408 1 169 1
99 30 17 84 1 302 1 188 1 209 1 3 1 4 1 5 1 21 2 36 1 518 1 108 1 62 2 115 1 197 1 274 1 326 1 516 1
101 31 18 491 1 373 2 560 1 127 2 3 1 4 1 5 1 548 1 14 1 21 2 54 1 62 1 174 1 307 1 257 1 172 3 239 1 376 1
104 32 18 27 1 537 1 183 1 3 1 4 1 5 1 16 1 21 1 62 1 542 1 178 2 377 1 146 1 369 1 170 1 103 1 39 1 216 1
//IdTournes NbColis
12 6
//IdColis IdCommandeInColis NbProducts IdProd1 QtyProd1 IdProd2 QtyProd2 ...
106 33 21 209 1 183 2 555 1 3 1 4 1 5 1 22 1 62 1 556 1 562 1 326 1 354 1 571 1 251 1 304 2 164 2 170 1 222 1 408 1 311 3 173 2
108 34 15 88 1 316 1 130 1 209 2 411 1 176 2 3 1 4 1 5 1 21 2 532 1 518 1 492 2 258 3 417 1
111 35 22 340 1 176 1 185 3 344 1 3 1 4 1 5 1 21 2 35 1 614 1 62 1 258 1 509 1 175 1 422 1 413 1 164 1 43 1 621 1 222 1 194 1 186 1
113 36 20 618 1 177 1 88 1 491 1 316 1 208 1 623 1 185 1 3 1 4 1 5 1 21 1 37 1 492 1 258 1 412 1 247 1 326 1 239 1 433 1
115 37 19 484 1 505 1 356 1 176 1 3 1 4 1 5 1 21 2 488 1 62 1 258 1 257 1 263 1 324 1 164 1 123 1 504 1 222 1 173 1
117 38 15 27 1 409 1 185 3 3 1 4 1 5 1 21 2 37 1 488 1 62 1 521 1 180 2 258 1 421 1 249 1
//IdTournes NbColis
13 6
//IdColis IdCommandeInColis NbProducts IdProd1 QtyProd1 IdProd2 QtyProd2 ...
120 39 14 552 1 603 1 600 1 278 2 209 1 185 1 610 1 3 1 4 1 5 1 21 1 37 1 62 1 140 1
122 40 23 356 1 449 1 188 1 209 1 163 1 185 2 3 1 4 1 5 1 16 1 21 1 492 1 124 1 257 1 310 1 348 1 170 1 222 1 169 1 171 1 254 1 173 1 260 1
124 41 21 147 1 287 1 176 1 3 1 4 1 5 1 21 2 62 1 126 2 174 1 258 2 247 1 383 1 262 2 192 1 203 1 164 1 70 1 222 1 457 1 557 1
126 42 21 261 1 208 2 127 2 586 1 3 1 4 1 5 1 21 1 536 1 492 1 115 1 542 1 258 1 326 1 189 2 257 1 355 1 164 1 170 1 222 1 364 1
128 43 21 449 1 440 2 209 1 86 1 3 1 4 1 5 1 21 2 534 1 536 1 62 2 274 1 326 1 452 1 334 1 172 1 211 1 413 1 133 1 96 1 25 1
130 44 28 185 1 3 1 4 1 5 1 21 1 492 1 258 2 452 1 477 1 336 1 192 1 203 1 172 1 164 1 264 1 222 1 191 1 510 1 254 1 173 1 194 1 93 1 296 1 269 1 200 1 52 1 322 2 45 1
//IdTournes NbColis
14 6
//IdColis IdCommandeInColis NbProducts IdProd1 QtyProd1 IdProd2 QtyProd2 ...
132 45 20 552 1 316 1 208 2 342 1 3 1 4 1 5 1 21 1 62 1 509 1 387 1 131 1 304 1 170 1 12 1 551 1 39 1 222 1 169 1 254 1
134 46 26 218 1 183 1 185 2 3 1 4 1 5 1 21 1 36 1 492 1 382 1 291 1 383 1 471 1 620 1 95 1 160 1 164 1 170 1 549 1 553 1 535 1 222 1 457 1 171 1 254 1 463 1
136 47 26 505 1 316 1 528 1 185 1 3 1 4 1 5 1 21 1 62 1 523 1 197 1 359 1 421 1 336 1 172 1 467 1 170 1 222 1 455 1 479 1 254 1 205 1 482 1 200 1 233 1 470 1
140 50 29 188 1 3 1 4 1 5 1 21 1 62 1 660 1 637 1 353 1 304 1 170 2 514 1 96 1 222 1 148 1 254 1 276 1 577 1 668 1 200 1 233 1 575 2 567 1 573 1 179 1 333 1 61 2 401 1 456 1
142 51 16 185 1 586 1 3 1 4 1 5 1 21 1 492 1 301 1 175 1 173 1 392 1 286 1 330 1 419 1 26 1 406 1
143 52 23 208 1 3 1 4 1 5 1 21 1 36 1 492 1 257 1 172 1 170 1 414 1 222 1 254 1 202 1 276 1 200 1 428 1 18 1 401 1 11 1 406 1 216 1 58 1
//IdTournes NbColis
15 6
//IdColis IdCommandeInColis NbProducts IdProd1 QtyProd1 IdProd2 QtyProd2 ...
144 53 32 528 1 176 1 185 1 3 1 4 1 5 1 21 1 492 1 582 1 258 1 326 1 257 1 467 1 251 1 264 1 198 1 18 1 579 1 52 1 587 1 323 1 286 1 125 1 277 1 322 1 283 1 64 1 581 1 526 1 368 1 327 1 434 1
146 54 33 88 1 342 1 3 1 4 1 5 1 21 1 62 1 245 1 128 1 239 1 170 1 504 1 222 1 254 2 392 1 205 1 268 1 200 1 585 1 265 1 435 1 61 1 59 1 64 1 400 1 216 1 56 1 217 1 416 2 320 1 331 2 224 2 434 3
148 55 34 209 1 608 1 185 1 3 1 4 1 5 1 21 1 492 1 178 1 258 1 247 1 326 1 303 1 164 1 145 1 148 1 169 1 362 1 533 1 267 1 256 1 34 1 445 1 15 1 90 1 473 1 466 1 320 1 574 1 215 1 226 1 371 1 393 1 431 1
150 56 27 177 2 127 1 3 1 4 1 5 1 21 1 492 1 521 1 602 1 374 1 609 1 149 1 170 1 254 1 276 1 599 1 508 3 200 1 61 1 572 1 9 1 25 1 597 1 59 1 64 1 49 1 100 1
152 57 26 316 1 278 2 607 1 185 1 81 1 595 1 3 1 4 1 5 1 21 1 62 1 258 1 326 1 211 1 514 1 66 1 70 1 143 1 254 1 598 1 464 1 581 1 601 1 596 1 215 1 612 1
154 58 36 188 1 3 1 4 1 5 1 21 1 62 1 562 1 174 1 159 1 376 1 594 1 549 1 510 1 145 1 254 1 199 1 205 1 200 1 52 1 605 1 141 1 196 1 61 1 351 1 26 1 25 1 64 1 77 1 282 1 216 1 58 1 526 1 364 1 378 1 611 1 122 1
//IdTournes NbColis
16 6
//IdColis IdCommandeInColis NbProducts IdProd1 QtyProd1 IdProd2 QtyProd2 ...
107 33 32 210 1 91 1 254 1 198 1 205 1 554 1 168 1 200 1 140 2 61 1 401 1 335 1 419 1 231 1 426 1 9 1 23 1 25 1 59 1 64 1 530 1 400 2 216 1 487 2 496 1 429 1 13 1 229 1 390 1 431 1 424 1 327 1
112 35 17 510 2 171 2 205 1 140 2 141 1 154 1 125 1 361 1 23 1 24 1 64 1 530 1 60 1 366 1 432 1 213 1 398 1
17 5 24 5 1 20 1 21 2 38 1 54 1 62 2 616 1 562 1 291 1 301 1 326 1 310 1 192 1 334 1 172 1 211 2 297 1 264 1 71 1 198 1 554 1 296 1 18 1 317 1
5 2 31 178 1 197 1 307 1 354 1 304 1 164 1 170 1 43 1 74 1 76 1 222 1 173 2 628 1 205 1 246 1 156 3 168 1 308 1 268 1 428 1 33 1 309 1 141 1 333 1 298 1 181 1 125 1 330 1 190 3 468 1 6 1
114 36 20 263 1 303 1 617 1 131 1 164 1 170 1 621 1 427 1 173 1 198 1 94 1 168 1 622 1 9 1 6 1 418 1 438 1 398 1 225 1 437 1
32 9 8 79 1 552 1 375 1 372 2 295 1 195 1 147 1 279 1
//IdTournes NbColis
17 6
//IdColis IdCommandeInColis NbProducts IdProd1 QtyProd1 IdProd2 QtyProd2 ...
55 15 30 178 2 258 2 197 2 326 1 175 1 119 1 43 1 222 1 205 1 333 1 389 1 394 1 125 1 330 1 407 1 9 1 111 1 59 1 64 1 41 1 400 1 235 1 216 1 399 3 118 1 364 1 213 1 391 1 236 1 390 1
66 18 33 269 1 417 1 233 1 253 1 187 1 265 1 61 1 125 2 105 1 330 5 468 1 206 1 240 1 26 1 448 3 423 2 665 3 9 1 11 1 23 1 24 2 25 1 111 1 59 1 64 1 366 1 432 1 328 1 30 1 106 1 90 1 451 1 227 1
92 27 20 26 1 9 1 80 1 25 1 55 1 59 2 64 1 41 1 498 1 370 1 472 1 593 1 364 1 215 2 371 1 450 1 237 1 431 1 436 2 327 1
127 42 17 455 1 171 1 254 1 276 1 269 2 200 1 61 1 448 1 9 1 59 1 64 1 406 1 282 2 216 1 606 1 368 1 385 1
14 4 29 48 1 230 1 655 1 25 1 59 1 64 1 400 2 480 3 443 2 475 1 56 3 58 1 67 1 214 1 368 1 476 1 10 2 217 1 13 2 398 2 237 5 288 1 229 1 431 1 331 1 437 1 478 2 481 1 453 3
62 17 37 156 2 417 1 18 1 52 2 281 1 221 1 141 1 166 1 435 1 286 1 181 1 279 1 638 1 26 1 407 1 64 1 59 1 235 2 406 3 445 2 388 1 472 1 474 1 56 1 58 1 496 1 213 1 214 2 386 1 368 1 446 1 10 1 643 2 288 1 122 2 226 1 398 2
//IdTournes NbColis
18 6
//IdColis IdCommandeInColis NbProducts IdProd1 QtyProd1 IdProd2 QtyProd2 ...
97 29 33 191 1 199 1 275 1 210 1 428 2 18 1 166 1 179 2 265 1 333 1 381 1 286 2 61 1 125 1 322 1 283 1 590 1 407 3 11 1 24 1 59 1 64 1 400 1 235 1 388 1 216 1 593 1 378 1 589 1 511 1 591 1 237 1 398 1
135 46 22 191 1 205 1 200 1 18 1 141 1 381 1 280 1 61 1 277 2 238 2 565 1 11 1 25 1 235 1 406 1 443 1 216 1 398 2 236 1 224 1 478 1 434 1
58 16 34 184 1 326 1 307 1 114 1 149 1 151 1 257 1 303 1 136 1 251 1 164 1 170 1 12 1 39 1 222 1 311 1 290 1 199 1 332 1 205 1 321 1 312 1 286 1 293 1 61 2 314 1 206 1 24 1 64 1 216 1 328 1 30 1 13 1 320 1
3 1 20 59 1 489 1 601 1 235 1 475 1 232 2 30 1 213 2 456 1 217 2 643 1 13 1 219 2 236 1 237 3 540 2 229 1 641 1 224 1 453 1
10 3 7 429 1 13 1 122 1 574 1 229 1 431 3 453 1
82 23 5 526 1 384 1 215 1 13 1 224 1
//IdTournes NbColis
19 6
//IdColis IdCommandeInColis NbProducts IdProd1 QtyProd1 IdProd2 QtyProd2 ...
133 45 24 276 1 420 1 269 1 168 1 200 1 564 1 152 1 61 1 404 1 448 1 559 1 568 1 59 1 64 1 406 1 216 1 109 1 526 1 456 1 215 1 391 1 398 1 13 1 437 1
52 14 40 495 1 172 1 164 1 103 1 96 1 500 1 222 1 311 1 202 1 392 1 457 1 205 1 156 1 52 1 315 1 125 1 107 1 256 1 351 1 433 1 657 1 212 1 26 1 426 1 24 1 59 1 64 1 400 1 366 1 443 1 445 1 666 1 216 1 490 1 526 1 386 2 100 1 122 1 463 2 215 2
8 3 18 16 1 22 2 50 1 62 2 63 3 522 2 139 1 180 1 274 1 326 1 128 1 334 2 162 3 132 1 133 1 160 1 170 1 148 1
28 8 6 17 2 624 1 356 2 188 2 341 2 169 1
37 10 29 98 1 274 1 326 1 307 1 636 1 299 1 189 1 334 1 620 2 639 1 133 1 87 1 43 1 99 1 222 1 455 1 292 1 169 2 254 2 198 1 156 1 308 1 182 1 18 1 52 1 315 1 305 1 253 1 267 1
45 12 29 201 1 142 1 149 1 262 1 192 2 257 2 334 1 354 1 95 1 167 1 251 1 160 1 66 1 553 1 311 1 171 2 254 1 199 1 200 1 269 1 18 2 33 1 402 1 265 1 415 1 248 1 181 2 125 1 434 1
//IdTournes NbColis
20 6
//IdColis IdCommandeInColis NbProducts IdProd1 QtyProd1 IdProd2 QtyProd2 ...
61 17 24 21 2 113 2 62 2 97 1 536 1 180 1 274 1 326 1 471 1 114 1 149 2 255 1 242 1 263 1 369 1 631 1 131 1 133 1 66 1 275 1 210 1 94 1 246 1 453 1
65 18 24 22 1 97 1 62 2 126 1 653 1 139 1 197 2 326 1 201 1 588 1 175 1 133 1 170 1 87 1 43 2 569 1 169 1 254 1 173 1 202 2 205 1 182 2 268 1 499 1
70 19 14 25 1 59 1 64 1 400 1 480 1 216 1 232 1 476 1 229 1 469 3 327 1 331 2 365 1 434 1
21 6 26 72 1 110 1 562 2 521 1 300 1 201 1 477 1 149 1 172 1 325 3 32 1 133 1 251 1 164 1 39 1 69 1 70 1 157 1 191 1 198 1 202 2 457 1 29 1 44 1 294 1 53 1
87 25 29 164 1 578 1 43 1 497 1 222 1 144 1 194 1 210 1 276 2 182 1 352 1 125 1 350 1 584 1 419 1 59 1 64 2 489 1 581 1 406 1 216 1 73 1 214 2 288 1 540 1 122 1 398 1 469 1 592 1
44 12 16 85 1 57 1 97 2 62 2 495 2 582 2 134 1 138 1 174 3 178 2 197 1 274 1 326 1 245 1 146 2 231 1
//IdTournes NbColis
21 6
//IdColis IdCommandeInColis NbProducts IdProd1 QtyProd1 IdProd2 QtyProd2 ...
79 22 22 206 1 212 1 638 1 111 2 59 1 64 1 34 1 400 1 570 1 667 1 282 1 216 1 213 1 234 1 284 3 227 1 219 1 237 1 229 1 641 1 220 1 453 2
41 11 28 97 1 62 2 653 1 197 1 201 1 299 1 249 1 355 1 211 1 462 1 167 1 133 1 42 1 43 2 504 1 222 1 290 1 145 2 205 1 94 1 294 1 380 1 573 1 347 1 305 1 179 2 333 1 49 1
25 7 23 62 2 63 1 50 1 582 2 521 2 159 1 197 1 142 1 189 2 114 1 172 1 207 1 211 2 167 1 131 1 133 1 137 1 96 1 43 1 66 1 71 1 613 1 228 1
102 31 29 348 2 569 1 525 1 222 1 408 1 191 1 275 1 392 2 198 1 205 1 186 1 380 1 333 1 323 1 61 1 125 1 558 2 404 1 407 1 64 1 406 1 45 1 213 1 386 1 398 2 237 1 100 1 540 1 396 1
123 40 20 205 1 554 1 200 1 179 1 181 1 61 1 283 1 459 1 572 1 111 1 64 1 400 1 441 1 445 1 216 1 45 1 444 1 429 1 320 1 447 1
50 13 18 59 1 64 1 400 1 366 2 285 1 216 1 228 1 109 1 664 1 458 1 122 1 320 1 398 3 236 1 237 1 224 2 396 1 453 3
//IdTournes NbColis
22 6
//IdColis IdCommandeInColis NbProducts IdProd1 QtyProd1 IdProd2 QtyProd2 ...
12 4 20 654 1 134 1 138 1 174 1 184 3 197 2 326 1 274 1 334 2 647 1 324 1 136 1 133 2 150 1 164 2 66 2 650 1 569 1 504 2 222 1
121 39 8 258 1 326 1 170 1 357 1 428 1 561 1 293 1 604 1
76 21 3 496 1 236 1 478 1
67 18 7 393 1 450 2 431 1 365 1 385 1 453 3 434 1
85 24 2 220 1 225 1
53 14 9 391 1 450 1 430 1 398 1 236 2 229 4 390 1 331 1 437 1
//IdTournes NbColis
23 2
//IdColis IdCommandeInColis NbProducts IdProd1 QtyProd1 IdProd2 QtyProd2 ...
23 6 1 453 6
63 17 2 237 1 453 1
