//NbTournees
3
//IdTournes NbColis
1 6
//IdColis IdCommandeInColis NbProducts IdProd1 QtyProd1 IdProd2 QtyProd2 ...
1 1 10 245 1 256 1 131 1 253 1 181 1 148 1 178 1 43 1 25 1 37 1
5 1 44 9 2 15 1 42 1 68 1 82 1 83 1 122 1 14 1 224 1 188 1 28 1 84 1 270 1 132 1 201 1 244 1 101 1 280 1 269 1 274 3 76 2 257 1 252 1 142 1 143 1 146 2 149 1 159 1 172 1 246 1 79 1 110 2 81 2 88 1 115 1 116 1 259 1 278 1 104 1 120 1 98 1 99 1 95 1 125 1
14 4 33 164 1 49 1 237 1 47 1 165 1 197 1 217 1 135 1 46 2 61 1 69 1 271 1 291 2 199 2 17 1 22 1 60 1 72 2 207 1 209 1 226 1 33 1 56 1 137 1 154 1 20 1 38 1 118 1 94 1 270 1 276 1 13 1 132 1
7 2 19 148 1 211 1 180 1 36 1 53 1 59 2 73 1 71 1 1 1 133 1 141 1 175 1 204 1 220 1 29 1 93 1 108 1 243 1 163 1
2 1 22 48 2 1 1 4 1 248 1 185 1 134 1 167 1 174 1 249 1 251 1 203 1 204 1 205 1 258 1 29 1 67 1 66 1 114 1 3 1 93 1 268 1 243 1
13 4 17 147 1 181 1 136 1 222 1 10 1 11 1 31 1 71 2 41 1 155 1 39 1 19 1 34 1 2 1 7 1 265 1 80 1
//IdTournes NbColis
2 6
//IdColis IdCommandeInColis NbProducts IdProd1 QtyProd1 IdProd2 QtyProd2 ...
8 2 38 35 1 54 1 12 1 200 1 184 1 190 1 49 1 18 1 47 1 150 2 196 2 218 1 23 1 46 1 50 1 85 1 72 1 209 1 226 1 130 1 242 1 137 1 224 1 238 1 16 1 240 1 140 1 195 1 86 1 239 1 90 1 81 1 241 1 113 1 98 1 99 1 129 1 124 1
16 5 23 57 1 231 1 232 1 234 1 182 1 138 1 1 1 176 1 205 1 208 1 215 1 223 1 87 1 35 1 40 1 45 1 228 1 70 1 194 1 200 1 177 1 184 1 189 2
18 6 20 151 1 148 1 178 1 53 1 227 1 229 1 235 1 152 1 210 1 139 2 203 1 295 1 230 1 236 1 261 1 47 1 162 1 197 1 233 1 146 1
11 3 41 58 1 47 1 150 1 162 1 165 1 192 1 26 1 46 2 63 1 64 1 206 1 106 1 62 1 72 2 122 1 65 1 28 1 171 1 75 1 77 1 121 1 105 2 76 1 187 1 183 1 193 1 142 1 103 1 111 1 100 1 149 1 161 1 168 1 170 1 219 2 96 1 88 1 91 1 128 1 213 1 119 1
4 1 27 186 1 255 1 262 1 6 1 23 1 26 1 46 4 97 1 117 1 144 1 158 1 199 1 106 1 17 1 72 4 89 1 275 1 281 2 145 1 225 1 283 1 285 1 287 1 78 1 207 1 209 2 82 1
3 1 25 284 1 27 1 44 1 45 1 70 1 290 2 7 1 24 2 200 1 288 1 164 1 169 1 184 1 190 1 177 1 247 1 250 1 254 1 49 3 18 2 47 1 74 1 150 1 162 2 8 1
//IdTournes NbColis
3 5
//IdColis IdCommandeInColis NbProducts IdProd1 QtyProd1 IdProd2 QtyProd2 ...
10 3 20 179 1 36 1 1 1 153 1 160 1 166 1 174 3 191 2 202 1 32 1 55 1 30 1 45 1 52 1 200 1 184 1 189 1 212 1 21 1 94 1
15 4 20 121 1 5 1 277 1 183 3 279 1 282 1 157 1 216 1 219 2 90 1 127 1 88 1 91 1 267 1 294 1 104 1 289 1 98 1 124 1 125 2
17 5 26 47 1 214 1 221 1 46 1 50 1 233 1 17 1 72 1 225 1 51 1 173 1 118 1 109 1 156 1 102 1 92 1 107 1 127 1 81 1 112 1 120 1 95 1 98 1 123 1 124 2 129 1
19 6 21 233 1 260 1 46 1 271 1 72 1 42 1 33 1 20 1 16 1 263 1 198 1 272 2 273 1 293 1 294 1 266 1 112 1 289 1 264 1 286 1 292 1
12 3 2 126 1 125 1
