//NbTournees
11
//IdTournes NbColis
1 6
//IdColis IdCommandeInColis NbProducts IdProd1 QtyProd1 IdProd2 QtyProd2 ...
7 1 31 165 1 107 1 135 2 116 1 147 1 248 1 287 1 288 2 193 1 82 1 1 1 136 1 80 1 81 1 282 1 250 1 172 1 190 4 37 2 40 1 137 1 242 1 115 1 93 1 278 1 258 2 272 1 261 1 45 1 83 2 289 1
20 2 24 79 2 101 1 206 1 1 1 17 1 21 1 87 2 136 1 176 1 179 1 266 1 307 2 60 1 66 1 268 1 175 2 89 2 172 2 190 6 24 1 37 3 40 1 86 1 47 1
30 3 18 168 2 297 1 14 1 50 1 104 2 270 1 166 2 106 1 148 1 223 2 130 1 163 2 2 1 29 1 274 1 161 2 108 1 9 1
45 4 24 190 3 37 1 40 2 117 2 127 1 137 2 160 4 284 1 3 1 312 1 259 2 47 1 56 1 65 1 90 2 313 1 301 1 309 1 289 6 237 1 308 1 299 2 252 1 311 1
57 5 10 169 4 174 5 194 7 195 1 182 1 185 1 192 1 203 1 217 4 3 1
61 5 23 190 1 37 1 40 2 86 1 295 2 160 5 162 3 3 1 240 3 256 1 259 2 202 1 93 4 28 1 45 1 90 4 102 1 296 2 301 1 19 1 289 2 204 1 239 1
//IdTournes NbColis
2 6
//IdColis IdCommandeInColis NbProducts IdProd1 QtyProd1 IdProd2 QtyProd2 ...
67 6 9 5 1 70 1 33 2 42 2 48 2 269 1 291 1 4 1 160 1
51 5 7 44 2 5 1 70 1 76 1 33 2 42 1 128 1
2 1 8 42 1 48 2 269 1 6 4 51 2 273 2 142 2 120 1
13 2 7 33 2 48 2 42 2 269 1 6 3 273 3 198 1
37 4 11 6 1 68 1 143 3 177 2 210 1 213 1 218 2 227 1 196 3 226 1 150 1
52 5 7 42 1 48 2 269 1 6 3 273 3 177 4 168 1
//IdTournes NbColis
3 6
//IdColis IdCommandeInColis NbProducts IdProd1 QtyProd1 IdProd2 QtyProd2 ...
60 5 17 287 2 298 1 193 1 132 1 82 1 21 2 80 1 81 2 91 1 136 1 300 1 52 1 250 7 32 1 89 1 172 6 190 6
68 6 10 124 2 128 1 6 2 51 1 273 1 234 1 34 1 177 4 227 1 196 2
65 6 4 293 1 67 3 12 1 53 1
31 3 25 109 1 153 1 169 1 174 1 182 1 183 1 185 1 191 1 192 1 219 1 221 1 165 1 197 1 107 2 135 2 147 2 285 1 303 1 193 1 7 1 18 1 31 1 82 2 10 1 272 1
6 1 12 153 1 158 1 174 2 217 5 219 4 221 1 229 4 8 1 225 2 222 1 165 3 107 1
32 3 26 10 1 136 1 141 1 241 1 23 1 38 1 175 2 302 2 32 1 122 1 172 1 37 2 40 1 131 1 160 1 11 1 41 1 275 1 280 1 54 1 92 1 28 1 296 3 308 1 311 1 239 2
//IdTournes NbColis
4 6
//IdColis IdCommandeInColis NbProducts IdProd1 QtyProd1 IdProd2 QtyProd2 ...
74 6 30 248 2 78 1 136 1 141 1 145 1 233 1 241 2 23 1 25 1 85 1 190 6 172 3 24 1 40 1 160 1 162 1 235 1 240 1 259 1 263 1 20 1 27 1 277 1 54 2 92 1 224 1 146 1 28 3 47 2 83 1
19 2 20 229 3 157 1 225 1 198 2 165 1 197 1 107 1 135 3 114 2 186 1 147 3 120 1 129 1 173 1 181 1 245 1 287 2 193 1 55 1 58 1
40 4 15 57 1 72 1 73 1 103 1 166 3 106 2 111 1 148 1 155 1 121 2 130 2 156 3 184 1 151 3 310 1
55 5 16 168 3 57 1 98 1 105 1 166 1 106 2 126 1 148 2 155 2 223 2 121 1 156 2 184 1 205 1 159 1 163 1
73 6 11 217 4 192 1 219 2 229 4 225 5 222 4 165 3 220 1 201 1 230 1 11 1
1 1 7 49 1 22 1 35 2 12 1 33 2 42 1 265 1
//IdTournes NbColis
5 6
//IdColis IdCommandeInColis NbProducts IdProd1 QtyProd1 IdProd2 QtyProd2 ...
11 2 4 39 1 22 1 35 4 12 1
26 3 9 76 1 12 1 33 2 48 2 42 2 269 1 216 1 171 1 124 1
35 4 6 49 1 271 1 30 1 39 1 44 1 12 1
49 5 4 271 1 30 4 12 1 272 1
25 3 6 30 1 39 2 44 1 13 1 88 1 119 1
36 4 8 71 1 13 1 283 1 33 2 48 2 42 2 269 1 46 1
//IdTournes NbColis
6 6
//IdColis IdCommandeInColis NbProducts IdProd1 QtyProd1 IdProd2 QtyProd2 ...
12 2 5 44 4 70 1 76 1 15 1 161 1
66 6 5 67 1 271 1 279 1 30 2 16 1
58 5 7 217 3 219 9 221 2 229 3 157 1 225 7 58 1
50 5 6 30 1 39 1 22 1 35 1 44 2 292 1
10 2 4 62 1 67 2 30 2 25 1
48 5 4 26 1 77 1 67 2 154 1
//IdTournes NbColis
7 6
//IdColis IdCommandeInColis NbProducts IdProd1 QtyProd1 IdProd2 QtyProd2 ...
21 2 24 86 1 247 1 242 3 131 1 160 1 162 1 235 1 240 1 256 3 259 2 115 1 59 1 278 1 92 1 254 1 47 1 294 1 296 3 301 2 289 4 255 1 249 1 299 2 204 2
41 4 13 159 1 163 6 170 2 29 1 61 1 152 3 161 4 108 1 109 2 110 1 158 1 182 1 129 1
56 5 8 163 3 170 1 29 1 152 3 161 4 108 1 158 7 169 5
24 3 5 84 1 49 1 271 1 30 1 44 1
16 2 11 150 1 140 1 144 3 188 2 207 2 236 1 168 7 215 1 63 2 69 1 243 1
5 1 12 168 5 94 1 262 1 166 2 155 4 121 1 156 2 151 2 163 2 274 1 108 1 149 1
//IdTournes NbColis
8 6
//IdColis IdCommandeInColis NbProducts IdProd1 QtyProd1 IdProd2 QtyProd2 ...
39 4 11 178 1 187 1 189 1 305 1 134 1 140 2 144 3 207 3 306 1 168 6 64 1
59 5 15 222 3 165 2 197 3 198 4 107 2 135 3 114 2 201 1 147 3 36 1 113 1 129 1 248 1 287 1 206 1
44 4 19 107 2 135 3 123 1 147 3 248 1 288 2 245 1 193 1 43 1 75 1 176 2 87 1 300 1 264 1 175 2 250 1 172 5 190 4 45 1
43 4 10 217 1 219 5 221 1 229 7 225 2 222 2 198 3 165 3 197 2 45 1
75 6 7 83 1 45 2 238 1 289 1 237 1 204 2 239 1
71 6 11 144 1 207 2 236 1 290 1 168 9 50 1 97 1 276 1 106 3 148 1 222 1
//IdTournes NbColis
9 6
//IdColis IdCommandeInColis NbProducts IdProd1 QtyProd1 IdProd2 QtyProd2 ...
17 2 17 74 1 94 1 95 1 96 1 104 1 105 1 270 1 304 1 106 1 111 1 155 2 148 3 223 1 121 1 130 1 156 4 184 1
27 3 12 124 1 51 1 273 1 142 2 143 2 213 1 214 2 227 1 228 1 260 2 196 2 121 1
29 3 16 167 1 138 1 150 1 180 1 189 1 286 2 246 1 99 1 100 1 134 1 140 2 144 2 188 1 267 1 281 1 207 2
14 2 10 273 1 234 2 253 1 177 1 199 3 213 2 227 3 260 1 228 2 107 1
18 2 14 205 1 151 2 170 3 161 1 108 1 109 1 110 1 158 2 174 1 182 3 183 3 185 1 217 3 219 2
4 1 13 164 1 167 3 133 1 138 1 139 1 150 4 246 1 134 1 140 1 144 2 207 2 168 1 147 1
//IdTournes NbColis
10 6
//IdColis IdCommandeInColis NbProducts IdProd1 QtyProd1 IdProd2 QtyProd2 ...
15 2 10 228 1 292 1 196 1 226 2 208 2 209 1 164 3 167 4 150 2 134 1
38 4 7 226 6 244 2 208 2 209 1 150 5 138 1 139 1
54 5 10 167 5 150 1 134 1 144 3 188 2 207 3 236 1 290 1 168 3 258 1
70 6 12 244 4 125 1 133 1 138 1 139 1 150 5 180 1 231 1 232 1 118 1 134 1 144 1
72 6 10 148 1 112 1 130 2 156 4 151 4 159 1 163 4 152 1 161 3 158 3
53 5 11 213 2 214 3 227 1 260 1 196 1 208 2 209 1 226 3 164 1 167 2 117 1
//IdTournes NbColis
11 5
//IdColis IdCommandeInColis NbProducts IdProd1 QtyProd1 IdProd2 QtyProd2 ...
3 1 10 143 1 154 1 177 4 199 1 227 4 228 1 260 1 209 1 208 2 164 1
42 4 8 169 4 174 6 194 1 200 5 211 1 212 4 217 2 225 1
28 3 7 226 6 208 2 244 4 209 1 164 1 167 3 165 1
69 6 6 196 2 208 2 209 1 226 7 244 5 190 1
8 1 5 289 4 251 2 252 1 239 1 257 1
