//NbTournees
12
//IdTournes NbColis
1 6
//IdColis IdCommandeInColis NbProducts IdProd1 QtyProd1 IdProd2 QtyProd2 ...
3 1 23 269 1 4 1 152 1 266 1 195 1 199 1 189 1 290 2 23 2 10 1 18 1 19 1 28 1 29 1 1 1 8 1 39 1 32 1 33 1 203 2 193 1 194 1 119 1
7 2 21 121 1 125 1 205 1 265 1 190 1 206 1 6 1 209 1 269 1 271 2 192 1 4 1 152 1 266 1 189 1 195 1 199 1 23 2 10 1 18 1 32 1
13 3 20 199 1 189 2 290 1 34 1 236 1 10 2 28 1 29 1 19 2 18 2 1 1 76 1 295 1 203 2 193 2 194 1 316 1 141 1 85 1 122 1
19 4 16 190 1 325 1 6 1 327 3 20 1 40 1 44 2 131 1 199 1 306 2 189 2 195 2 275 1 280 2 10 1 85 1
25 5 21 279 1 44 1 152 1 275 1 195 1 189 2 199 1 278 1 266 1 40 1 4 1 10 1 29 1 64 1 18 1 19 2 60 1 33 1 264 2 194 1 268 1
30 6 20 35 1 350 1 152 1 199 1 189 2 4 1 67 1 10 1 28 1 29 1 19 2 18 1 39 1 1 1 295 1 348 1 349 2 32 1 33 1 85 1
//IdTournes NbColis
2 6
//IdColis IdCommandeInColis NbProducts IdProd1 QtyProd1 IdProd2 QtyProd2 ...
36 7 18 192 2 16 1 27 1 273 1 274 1 205 2 265 1 206 1 20 1 13 1 152 1 195 2 189 2 199 1 266 1 4 1 32 1 117 1
42 8 19 80 1 195 2 199 1 189 2 306 1 28 1 29 1 79 2 18 2 10 1 1 1 33 1 193 2 194 1 203 2 246 1 30 2 31 2 85 1
46 9 15 121 1 125 2 190 2 192 2 35 3 27 1 273 1 205 1 20 1 5 2 7 1 13 1 152 1 195 1 189 1
47 9 23 189 1 199 1 266 1 4 1 28 1 29 1 10 1 18 1 19 2 76 1 32 1 33 1 203 2 193 2 194 1 330 1 287 2 30 2 31 2 3 1 244 1 243 2 286 1
52 10 19 152 1 189 2 195 1 199 1 4 1 266 1 29 1 19 2 28 1 10 1 18 1 295 1 32 1 33 1 194 1 203 2 268 2 97 2 30 2
57 11 23 195 1 199 1 189 2 40 1 4 1 29 1 19 2 28 1 10 1 18 1 32 1 33 1 203 2 193 1 194 1 324 1 105 1 106 2 30 2 31 2 3 1 85 1 45 1
//IdTournes NbColis
3 6
//IdColis IdCommandeInColis NbProducts IdProd1 QtyProd1 IdProd2 QtyProd2 ...
61 12 21 209 1 269 1 192 1 206 1 6 3 20 1 5 1 7 1 9 1 12 1 13 1 16 1 44 1 152 1 275 1 266 1 195 1 189 1 199 1 85 1 45 1
66 13 24 276 1 269 1 27 1 20 1 5 1 7 1 9 1 12 1 16 1 279 1 142 1 44 1 152 1 275 1 266 1 195 1 189 1 199 1 278 1 40 1 4 1 280 1 167 1 24 1
71 14 13 12 2 13 1 35 4 120 2 121 1 125 2 145 2 146 1 147 1 149 2 219 1 189 2 204 1
2 1 20 9 1 12 1 13 1 16 1 20 1 145 1 146 1 147 1 149 1 120 1 121 1 125 2 273 1 205 1 265 1 192 1 190 2 206 1 15 1 151 1
12 3 14 265 2 190 2 192 2 273 1 274 1 205 2 27 1 206 1 338 2 339 2 4 1 152 2 195 2 194 1
18 4 19 35 2 120 1 121 1 123 1 125 2 149 1 145 1 146 1 147 1 297 1 308 1 192 2 27 1 274 1 205 2 190 1 132 1 258 1 262 1
//IdTournes NbColis
4 6
//IdColis IdCommandeInColis NbProducts IdProd1 QtyProd1 IdProd2 QtyProd2 ...
20 4 23 10 1 28 2 29 1 79 2 18 2 39 1 38 1 33 1 32 1 193 2 194 1 203 2 261 1 2 1 324 1 317 1 3 1 31 2 30 2 283 1 37 1 126 1 162 1
24 5 17 120 1 121 1 125 2 242 1 205 1 190 2 269 1 192 2 333 1 273 1 274 1 206 1 6 3 20 1 13 1 32 1 85 1
29 6 15 159 1 125 2 273 1 274 1 205 1 265 1 192 2 190 2 27 1 346 2 347 3 20 1 35 2 85 1 117 1
31 6 30 203 2 193 1 194 1 65 1 68 1 2 1 66 3 287 1 30 2 31 2 3 1 164 1 344 2 309 1 311 1 312 1 85 3 42 1 310 2 87 3 53 3 182 1 188 2 277 1 186 1 207 1 197 2 187 2 201 2 11 1
40 8 15 160 6 50 1 46 2 124 2 9 1 145 1 146 1 147 1 149 1 120 1 121 1 247 1 125 2 192 2 11 1
51 10 18 274 1 205 1 265 1 294 1 190 2 269 1 297 1 192 1 6 3 20 1 5 1 7 1 9 1 12 1 13 1 339 2 98 1 234 1
//IdTournes NbColis
5 6
//IdColis IdCommandeInColis NbProducts IdProd1 QtyProd1 IdProd2 QtyProd2 ...
55 11 18 160 4 108 1 101 1 50 1 46 2 107 2 145 1 146 1 147 1 149 1 120 1 121 1 159 1 125 2 273 1 274 1 192 1 344 1
56 11 19 192 1 205 1 190 2 269 1 27 1 6 3 20 1 5 2 7 1 9 1 12 1 13 1 44 1 152 1 131 1 275 1 266 1 85 1 24 1
70 14 15 124 1 46 2 190 2 191 1 192 2 205 2 206 1 209 1 27 1 20 2 5 2 7 2 9 2 194 1 218 2
72 14 17 195 2 199 1 211 1 152 2 18 2 10 2 28 2 29 1 215 1 79 1 8 1 76 2 184 1 193 2 194 1 203 1 3 1
21 4 46 43 2 113 2 319 1 322 1 249 1 302 1 320 1 85 4 42 2 318 1 310 1 87 3 53 1 111 2 321 1 127 3 128 2 188 2 326 3 186 1 277 1 323 1 187 3 197 2 17 2 201 2 207 1 112 2 162 1 257 2 119 1 49 1 89 1 116 2 24 2 52 1 86 1 122 2 114 2 118 1 161 1 82 1 91 2 81 3 117 2 129 1
8 2 43 19 1 28 1 29 1 33 1 264 2 268 1 194 1 3 1 30 1 31 2 164 1 267 2 85 4 270 1 172 1 127 2 128 2 188 2 186 1 200 1 17 1 207 1 197 1 187 1 201 1 272 1 119 1 49 2 24 2 116 2 122 2 118 1 114 2 81 4 45 2 117 2 22 2 148 2 173 2 58 3 133 1 25 2 84 4
//IdTournes NbColis
6 6
//IdColis IdCommandeInColis NbProducts IdProd1 QtyProd1 IdProd2 QtyProd2 ...
37 7 21 337 1 70 2 29 1 64 1 10 1 19 2 75 1 76 1 181 1 295 1 33 1 194 1 264 2 268 2 291 1 30 2 31 2 3 1 72 1 73 1 119 1
62 12 31 278 1 40 1 4 1 280 1 15 1 23 1 64 1 19 1 29 1 10 1 18 1 32 1 33 1 194 1 184 1 203 1 268 1 94 1 345 1 105 1 31 2 30 1 196 1 281 1 283 1 3 1 284 1 282 2 85 2 45 1 129 1
67 13 40 64 1 19 1 29 1 10 1 18 1 264 1 194 1 203 1 32 1 33 1 268 1 171 1 352 1 30 2 31 2 3 1 85 5 53 2 87 2 182 1 168 2 127 2 128 2 188 2 277 1 186 1 207 1 197 2 201 2 17 1 11 2 119 1 49 2 170 1 24 1 52 1 86 1 116 2 122 1 143 1
53 10 44 31 2 3 1 72 1 73 1 74 1 77 1 14 1 96 1 100 1 85 5 296 1 127 2 128 2 188 2 277 1 186 1 197 2 187 2 201 2 207 1 17 1 11 1 162 2 119 1 49 2 24 2 52 1 116 2 122 2 118 1 114 2 95 1 81 5 45 2 117 2 22 2 148 2 173 2 83 1 55 3 58 3 133 1 25 2 84 5
73 14 17 203 2 32 2 33 1 212 5 196 3 3 1 30 3 31 3 14 2 72 2 73 1 74 1 77 2 185 1 216 2 198 1 157 1
4 1 40 2 2 94 1 291 1 3 1 30 2 31 2 14 1 72 1 73 1 74 1 77 1 85 5 292 1 293 1 53 2 188 2 277 1 186 1 17 1 207 1 197 2 187 2 201 2 11 2 49 2 24 2 153 1 116 2 122 2 114 2 118 1 81 5 45 2 117 3 22 2 148 3 55 3 58 3 25 2 84 1
//IdTournes NbColis
7 6
//IdColis IdCommandeInColis NbProducts IdProd1 QtyProd1 IdProd2 QtyProd2 ...
15 3 46 239 1 224 3 85 4 87 3 53 4 168 1 314 1 315 1 188 3 277 1 186 1 235 5 197 2 187 1 201 2 202 2 207 2 17 2 240 1 313 1 134 2 135 4 11 2 119 1 49 2 116 2 24 2 52 1 122 1 237 1 118 1 114 2 81 5 140 1 117 3 45 2 71 2 148 3 22 2 55 5 58 5 88 4 133 1 51 3 25 2 84 1
43 8 41 3 1 72 1 73 1 74 1 77 2 14 1 78 1 224 6 307 1 85 4 53 3 87 3 188 2 277 1 186 1 197 2 187 3 201 2 17 2 207 1 11 1 305 1 119 1 49 2 24 2 52 1 116 2 86 1 122 2 118 1 248 2 82 1 81 5 45 2 117 3 22 2 148 3 71 2 83 1 55 3 58 2
48 9 45 286 4 85 5 328 3 53 2 87 3 90 1 245 1 188 2 277 1 186 1 197 2 187 1 201 2 17 2 207 1 175 1 11 2 162 1 329 1 119 1 49 2 89 1 230 1 24 2 52 1 86 1 116 2 122 2 118 1 114 2 91 2 81 5 155 1 130 2 45 2 117 3 22 2 71 2 148 3 55 3 58 3 88 3 51 3 25 2 84 5
58 11 53 103 1 158 1 289 1 85 3 328 1 53 3 87 3 157 1 182 3 188 2 277 1 288 1 186 1 197 2 187 1 201 2 207 1 17 1 104 1 342 1 343 1 341 1 119 1 49 2 89 1 24 1 52 1 86 1 116 2 122 2 114 2 118 1 82 1 91 2 161 1 156 1 81 5 155 1 130 2 45 1 117 3 22 2 71 2 102 1 148 3 115 2 55 3 58 3 88 3 133 1 51 3 25 2 84 5
63 12 39 85 2 111 2 87 2 127 2 128 2 188 2 277 1 186 1 197 1 187 1 201 1 207 1 17 1 11 1 119 1 49 2 230 1 24 2 52 1 86 1 116 2 122 2 114 2 118 1 161 1 109 1 81 5 56 2 117 2 22 2 71 2 148 2 173 2 55 3 58 3 88 3 51 2 25 2 84 5
26 5 48 336 1 301 1 334 1 30 2 31 2 3 1 332 1 302 5 303 1 85 3 292 1 53 3 304 1 127 3 128 2 188 2 186 1 200 1 197 2 187 2 201 2 17 1 207 1 63 1 11 2 59 1 62 1 119 1 49 2 241 1 57 1 24 2 52 1 116 2 122 2 118 1 114 2 161 1 81 4 54 1 56 2 45 2 117 3 22 2 148 3 55 3 58 3 84 1
//IdTournes NbColis
8 6
//IdColis IdCommandeInColis NbProducts IdProd1 QtyProd1 IdProd2 QtyProd2 ...
38 7 46 74 1 77 2 14 1 224 6 85 5 111 2 127 3 128 2 179 1 188 2 186 1 200 1 177 1 197 2 187 3 201 2 17 2 207 1 175 1 272 1 11 2 49 2 116 2 24 2 52 1 178 2 122 2 118 1 114 2 82 1 156 1 81 5 254 1 117 2 45 2 71 2 148 3 173 3 22 2 55 3 58 3 133 3 51 3 25 2 84 5 180 1
74 14 49 198 2 224 1 208 1 87 3 53 3 182 4 213 3 188 3 229 1 186 2 200 2 187 3 197 2 201 3 202 1 207 2 17 2 227 1 11 2 220 1 119 1 214 3 223 1 49 2 86 1 116 2 24 2 52 1 122 2 114 2 118 1 217 4 156 1 81 5 221 1 117 3 45 2 71 2 22 2 222 1 148 3 226 1 55 4 58 4 88 4 133 2 51 3 25 2 84 5
34 7 9 255 1 298 1 47 6 174 6 176 1 50 1 107 2 46 2 111 1
35 7 16 69 1 61 1 5 2 7 1 9 1 12 1 145 1 146 1 149 1 120 1 121 1 125 2 190 2 271 3 299 1 300 1
69 14 9 225 1 160 6 228 1 108 3 210 3 150 3 50 1 124 1 183 1
45 9 13 160 6 285 4 50 1 46 2 124 2 9 1 12 1 145 1 146 1 147 1 149 1 120 1 53 1
//IdTournes NbColis
9 6
//IdColis IdCommandeInColis NbProducts IdProd1 QtyProd1 IdProd2 QtyProd2 ...
14 3 18 136 1 251 1 324 1 287 2 36 1 139 1 253 2 3 2 31 3 30 2 73 1 74 2 77 2 72 2 14 2 250 1 239 1 86 1
41 8 15 190 2 308 3 35 3 27 1 273 1 274 1 205 1 265 1 206 1 20 1 5 2 7 1 12 1 13 1 32 1
50 10 15 47 6 50 1 46 2 124 2 99 2 146 1 147 1 233 1 149 1 120 1 121 1 125 2 145 1 273 1 11 1
60 12 19 110 1 160 4 231 1 232 1 50 1 46 2 124 2 146 1 147 1 149 1 120 1 121 1 125 1 145 1 273 1 274 1 205 1 190 1 162 1
65 13 14 160 6 50 1 46 2 124 2 145 1 147 1 121 1 273 1 274 1 205 1 265 1 190 2 6 3 351 1
10 3 13 252 1 160 5 47 1 50 1 340 1 124 2 46 2 5 2 7 2 9 2 12 1 13 1 32 1
//IdTournes NbColis
10 6
//IdColis IdCommandeInColis NbProducts IdProd1 QtyProd1 IdProd2 QtyProd2 ...
1 1 12 48 1 92 1 47 6 150 2 50 1 93 1 46 2 124 2 5 1 6 3 7 1 154 1
28 6 16 47 6 50 1 124 2 46 2 5 2 7 1 9 1 12 1 13 1 145 1 146 1 147 1 149 1 120 1 121 1 11 1
23 5 16 48 1 47 6 331 1 335 1 50 1 46 1 124 1 5 2 7 1 9 1 12 1 61 1 145 1 146 1 147 1 149 1
6 2 19 21 1 160 4 26 1 50 1 107 1 46 1 5 1 7 1 9 1 12 1 13 1 16 1 27 1 20 1 145 1 146 1 147 1 149 1 120 1
11 3 14 35 4 20 2 137 1 138 1 149 2 120 2 121 1 159 1 125 2 145 2 146 1 147 1 33 1 180 1
17 4 14 256 1 48 1 47 6 41 1 259 1 50 1 124 2 46 2 5 2 7 1 9 1 12 1 13 1 49 1
//IdTournes NbColis
11 6
//IdColis IdCommandeInColis NbProducts IdProd1 QtyProd1 IdProd2 QtyProd2 ...
32 6 30 17 1 162 1 119 1 49 2 89 1 116 2 24 2 52 1 86 1 122 2 118 1 114 2 91 2 95 1 81 5 155 1 130 2 117 2 45 2 148 3 71 2 22 2 163 1 55 3 58 3 88 3 133 1 51 3 25 2 84 5
68 13 20 122 1 118 1 114 2 144 1 81 5 45 2 117 2 22 2 71 2 148 2 166 1 55 3 58 3 88 3 133 1 51 2 25 2 84 5 169 2 165 1
22 4 18 81 2 130 2 155 1 117 1 45 2 148 3 71 2 22 2 115 3 83 1 55 3 58 3 260 2 88 3 133 1 51 3 25 2 84 5
16 3 2 84 4 238 2
27 5 4 133 1 51 3 25 2 84 3
44 8 7 58 1 88 3 133 2 263 1 25 2 51 3 84 5
//IdTournes NbColis
12 1
//IdColis IdCommandeInColis NbProducts IdProd1 QtyProd1 IdProd2 QtyProd2 ...
5 1 1 84 4
