//NbTournees
8
//IdTournes NbColis
1 6
//IdColis IdCommandeInColis NbProducts IdProd1 QtyProd1 IdProd2 QtyProd2 ...
4 1 6 68 1 1 1 23 2 32 1 30 2 206 1
6 1 33 47 1 49 2 97 1 204 2 176 1 157 1 106 2 164 2 2 1 184 1 120 1 138 1 142 1 166 1 15 1 187 1 81 1 134 2 136 2 141 2 145 3 150 3 152 2 158 3 159 3 19 1 173 1 111 1 148 1 189 1 192 1 194 1 115 1
5 1 20 144 2 67 1 121 1 156 1 206 1 64 1 85 1 86 1 88 1 90 2 99 2 105 1 3 1 62 1 153 1 28 1 128 5 79 1 47 1 205 1
12 2 28 86 1 88 1 90 2 99 2 182 1 78 1 44 1 188 1 105 1 4 1 13 1 178 1 87 1 48 1 135 1 137 1 147 1 21 1 28 1 50 1 53 1 63 1 191 1 155 1 79 1 47 2 190 1 49 2
18 3 27 22 1 139 1 168 1 162 1 75 1 105 1 4 2 180 1 87 1 132 1 135 1 137 1 147 1 7 2 179 1 183 1 155 1 79 1 47 1 49 1 97 1 161 1 117 1 160 1 169 1 172 1 195 1
1 1 6 6 1 34 1 35 1 36 1 66 1 96 1
//IdTournes NbColis
2 6
//IdColis IdCommandeInColis NbProducts IdProd1 QtyProd1 IdProd2 QtyProd2 ...
8 2 6 6 1 34 1 35 1 36 1 8 1 96 1
15 3 6 6 1 37 1 29 1 31 1 8 1 96 1
19 3 8 143 1 19 3 181 1 5 1 133 1 112 3 114 1 129 1
20 4 5 6 1 35 1 36 2 8 1 96 1
28 5 6 6 1 34 1 35 1 36 1 8 1 96 1
34 6 6 6 1 34 1 35 1 36 1 8 1 96 1
//IdTournes NbColis
3 6
//IdColis IdCommandeInColis NbProducts IdProd1 QtyProd1 IdProd2 QtyProd2 ...
42 7 6 6 1 29 1 31 1 34 1 8 1 96 1
48 8 10 6 1 24 1 34 1 35 1 17 1 156 1 101 1 100 1 103 1 98 1
25 4 34 99 2 74 1 105 1 92 1 48 1 82 1 7 1 71 1 76 1 93 1 79 1 47 2 49 2 170 1 18 2 176 1 186 2 225 1 157 1 164 2 118 1 89 1 193 1 174 1 61 1 124 1 15 1 102 1 202 1 9 1 81 1 185 1 201 1 134 1
21 4 6 41 1 29 1 31 1 34 1 8 1 96 1
43 7 5 41 1 43 2 56 1 8 1 96 1
11 2 10 16 1 23 1 30 2 32 1 10 1 197 1 108 2 104 2 86 1 116 1
//IdTournes NbColis
4 6
//IdColis IdCommandeInColis NbProducts IdProd1 QtyProd1 IdProd2 QtyProd2 ...
37 6 10 16 1 23 1 30 2 32 1 10 1 109 1 131 2 140 1 104 1 94 1
9 2 9 36 1 41 1 43 2 11 1 14 1 101 1 100 1 103 1 98 1
16 3 10 34 1 35 1 36 1 41 1 11 1 126 1 101 1 100 1 103 1 98 1
23 4 9 39 1 40 1 42 1 224 2 11 1 16 2 101 1 100 1 103 1
29 5 9 41 1 29 1 31 1 43 1 11 1 77 1 101 1 100 1 103 1
35 6 7 36 1 41 1 29 1 31 1 11 1 119 1 100 1
//IdTournes NbColis
5 6
//IdColis IdCommandeInColis NbProducts IdProd1 QtyProd1 IdProd2 QtyProd2 ...
44 7 8 35 1 36 2 68 1 11 1 55 1 101 1 100 1 103 1
51 8 36 32 1 25 1 78 1 105 1 57 1 48 1 47 1 49 1 97 1 219 1 160 1 118 1 38 1 89 1 124 1 96 1 15 1 202 1 211 1 201 1 134 1 136 1 141 1 145 2 150 2 152 1 158 2 159 2 45 1 19 2 196 1 218 1 189 1 216 1 192 1 199 1
39 6 31 135 1 147 1 227 1 21 1 58 1 46 1 210 1 214 2 215 2 146 2 65 1 128 1 12 1 27 1 33 1 47 1 79 1 208 1 49 2 97 1 125 2 169 1 177 1 172 1 213 1 113 2 143 1 96 2 45 1 207 3 110 1
46 7 35 171 1 84 1 85 1 86 1 88 1 90 1 99 1 78 1 105 1 13 1 48 1 60 2 212 1 27 1 79 1 47 1 49 1 97 1 157 1 118 1 89 1 174 1 217 1 124 1 15 1 134 1 136 1 141 1 145 2 150 2 152 1 158 2 159 2 185 2 98 1
22 4 5 43 2 56 1 68 1 26 1 228 1
10 2 7 56 1 29 1 31 1 68 1 16 1 85 1 45 1
//IdTournes NbColis
6 6
//IdColis IdCommandeInColis NbProducts IdProd1 QtyProd1 IdProd2 QtyProd2 ...
17 3 6 56 1 68 1 16 2 30 1 32 1 23 1
30 5 7 56 1 68 1 16 2 23 1 32 1 30 1 98 1
36 6 8 43 2 56 1 68 1 16 1 209 1 101 1 103 1 98 1
45 7 7 16 2 30 2 32 1 23 2 122 1 131 2 19 1
3 1 9 43 1 52 2 68 1 17 1 156 1 101 1 100 1 103 1 98 1
26 4 20 134 1 136 2 141 2 145 3 150 3 152 2 158 3 159 3 19 1 173 3 196 1 226 1 205 1 151 1 221 1 198 1 203 1 194 1 199 1 129 1
//IdTournes NbColis
7 6
//IdColis IdCommandeInColis NbProducts IdProd1 QtyProd1 IdProd2 QtyProd2 ...
32 5 20 79 1 97 1 117 1 165 1 169 1 143 1 96 1 149 1 83 1 45 1 19 1 173 1 111 2 148 1 133 1 116 1 175 1 112 3 114 1 154 2
31 5 28 22 1 77 1 70 1 72 1 84 1 44 1 75 1 78 1 91 1 105 1 20 1 57 1 80 1 87 1 48 1 127 1 135 1 137 1 147 1 28 1 46 1 58 1 73 1 155 1 33 1 47 1 49 2 172 1
38 6 21 104 1 107 1 108 2 69 2 72 1 171 1 85 1 86 1 88 1 90 1 99 2 75 2 78 1 74 2 91 1 105 1 20 1 87 2 48 1 130 1 118 1
13 2 16 97 1 170 1 176 1 169 1 59 1 172 1 61 1 143 1 96 1 54 1 51 1 167 1 123 1 112 3 114 1 154 1
2 1 6 36 1 29 1 31 1 43 1 66 1 96 1
49 8 5 36 2 29 1 43 1 30 1 162 1
//IdTournes NbColis
8 4
//IdColis IdCommandeInColis NbProducts IdProd1 QtyProd1 IdProd2 QtyProd2 ...
24 4 13 23 2 30 2 32 1 200 1 220 1 67 1 223 1 85 1 86 1 88 1 90 2 222 1 98 1
50 8 6 43 1 52 1 68 1 30 1 23 2 79 1
47 7 6 201 1 45 1 163 1 151 1 189 3 192 1
40 6 6 95 1 167 1 173 1 116 1 112 2 114 1
