//NbTournees
48
//IdTournes NbColis
1 6
//IdColis IdCommandeInColis NbProducts IdProd1 QtyProd1 IdProd2 QtyProd2 ...
131 33 23 286 1 616 1 632 2 581 1 260 1 621 1 599 1 277 1 307 1 5 1 42 1 297 2 415 2 28 1 319 2 322 1 321 2 323 1 334 1 344 1 347 1 601 1 8 1
143 36 23 330 1 312 1 287 1 324 1 329 1 335 1 514 1 326 1 581 2 318 1 260 1 613 1 280 1 272 1 307 1 42 1 190 2 297 1 328 2 28 1 313 1 319 2 322 1
214 55 21 387 1 588 1 284 1 305 1 134 1 33 1 591 3 34 1 315 2 382 1 584 1 482 1 705 1 260 1 599 2 417 1 555 1 277 1 589 1 293 2 59 1
314 82 23 303 1 270 1 295 1 335 1 602 1 741 1 263 1 336 1 25 1 200 1 260 1 277 1 307 1 320 1 321 1 333 1 339 1 342 1 344 1 346 1 347 1 279 2 308 1
3 1 17 617 1 623 1 626 1 444 1 687 1 285 2 299 2 387 2 440 1 27 2 312 3 35 2 261 1 284 1 389 1 611 1 277 1
150 38 25 199 1 332 1 290 1 271 1 132 1 261 1 305 1 335 1 340 1 508 1 289 2 331 1 277 1 282 1 293 1 42 1 218 1 310 1 319 1 322 1 323 1 325 1 334 1 341 1 197 1
//IdTournes NbColis
2 6
//IdColis IdCommandeInColis NbProducts IdProd1 QtyProd1 IdProd2 QtyProd2 ...
88 22 25 359 1 368 1 361 1 370 1 348 1 386 1 388 1 280 1 371 1 369 1 307 1 320 1 321 2 333 1 342 1 344 1 346 1 347 1 339 1 279 1 308 2 392 1 345 1 337 1 274 1
113 28 24 284 1 288 2 381 2 329 1 349 1 632 1 435 1 448 2 280 1 272 1 307 1 5 1 42 1 355 1 297 1 415 1 28 1 322 1 319 2 321 2 323 1 334 1 344 1 347 1
242 61 27 350 1 52 1 5 1 42 1 297 1 412 1 319 2 322 1 323 1 325 2 506 1 334 2 597 2 341 1 667 1 314 1 542 2 575 1 8 1 279 1 308 1 363 1 317 1 337 1 510 1 13 1 68 1
2 1 11 242 1 254 1 230 2 694 1 544 1 574 1 262 2 290 1 303 2 265 1 41 2
302 78 23 330 2 262 1 290 1 389 1 335 1 132 1 336 1 393 1 382 1 280 1 307 1 319 1 321 1 322 1 323 1 334 1 344 1 347 1 601 1 28 1 227 1 267 1 57 1
184 48 17 290 2 303 2 444 2 603 1 368 1 387 2 357 1 284 1 611 2 335 1 263 1 605 1 609 1 678 1 382 1 289 1 68 1
//IdTournes NbColis
3 6
//IdColis IdCommandeInColis NbProducts IdProd1 QtyProd1 IdProd2 QtyProd2 ...
228 58 23 132 1 103 1 340 1 263 1 598 1 336 1 31 1 352 3 373 1 417 3 277 1 9 1 362 2 307 1 698 1 5 1 42 1 310 2 319 2 322 1 323 1 59 1 16 1
316 83 23 330 1 303 2 385 1 184 1 479 1 357 1 378 1 381 1 389 1 329 2 682 1 155 1 263 1 680 1 391 1 383 1 599 1 367 1 277 1 272 1 307 1 218 1 355 1
134 34 7 50 1 74 1 113 1 80 1 217 1 219 1 394 1
30 7 12 71 1 228 1 351 1 354 1 409 2 375 2 265 1 444 1 586 1 387 2 312 4 579 1
200 52 16 230 1 674 1 351 1 354 1 365 1 409 2 375 2 265 1 304 1 444 1 387 2 410 1 284 1 509 1 225 1 90 1
239 61 11 46 1 75 1 229 1 254 1 71 1 332 1 351 2 354 1 375 1 556 1 69 1
//IdTournes NbColis
4 6
//IdColis IdCommandeInColis NbProducts IdProd1 QtyProd1 IdProd2 QtyProd2 ...
285 73 19 229 1 71 1 330 1 351 1 354 1 409 1 375 1 265 1 372 1 444 1 387 1 403 1 284 1 381 1 335 1 132 1 399 1 336 1 68 1
135 34 25 332 1 290 1 396 1 418 1 303 1 395 1 557 1 132 1 155 1 413 1 335 1 407 1 289 2 277 1 293 1 298 1 5 1 415 2 310 1 320 1 322 1 346 1 347 1 197 1 24 1
6 1 47 264 1 317 2 522 1 633 1 345 1 595 1 338 1 510 1 512 1 274 1 302 1 565 2 294 2 311 2 577 1 32 1 197 2 119 2 121 1 23 1 59 1 122 1 117 1 77 2 63 2 118 1 72 2 231 1 76 2 70 1 1 1 16 2 55 2 57 2 64 1 40 1 15 1 21 1 22 1 37 2 38 2 51 2 58 3 60 2 41 1 69 5 251 5
229 58 34 334 1 344 1 347 1 601 2 28 1 377 2 542 1 8 2 151 1 308 3 264 2 363 1 497 1 481 1 512 1 338 1 274 1 294 1 311 1 59 2 68 1 77 2 18 1 722 1 231 1 2 2 1 1 17 1 56 2 57 2 64 1 22 1 37 2 38 2
9 2 9 226 2 71 1 199 1 229 1 332 1 290 2 556 2 265 1 614 1
34 8 13 71 1 610 1 437 1 303 2 265 1 444 2 387 3 295 1 103 2 284 1 509 4 315 1 419 1
//IdTournes NbColis
5 6
//IdColis IdCommandeInColis NbProducts IdProd1 QtyProd1 IdProd2 QtyProd2 ...
67 17 8 46 1 75 1 81 1 87 1 226 1 86 1 265 1 57 1
91 23 13 159 1 71 1 254 1 228 1 330 1 496 1 303 2 452 1 265 1 372 1 444 2 387 2 578 1
104 26 16 71 1 228 1 332 1 354 1 366 1 406 1 375 2 409 2 265 1 444 1 408 1 387 2 179 1 163 1 90 1 181 1
112 28 15 159 1 71 1 229 1 249 1 330 1 366 2 303 1 265 1 372 1 444 1 504 1 387 2 379 1 132 1 180 1
119 30 20 71 1 242 1 330 1 428 1 303 2 265 1 444 1 387 2 132 1 284 1 324 1 335 1 336 1 331 1 596 1 277 1 420 1 307 1 218 1 127 3
183 48 9 49 1 74 1 113 1 80 1 185 1 220 1 332 1 265 1 127 2
//IdTournes NbColis
6 6
//IdColis IdCommandeInColis NbProducts IdProd1 QtyProd1 IdProd2 QtyProd2 ...
196 51 8 75 1 113 1 81 1 217 1 171 1 46 1 265 1 55 1
208 54 19 749 1 71 1 686 1 330 1 421 1 265 1 304 1 444 1 378 1 379 1 440 1 284 1 400 1 529 2 335 1 132 1 442 1 426 1 68 1
213 55 13 228 1 71 1 290 2 437 1 303 2 221 1 306 1 265 1 304 2 384 1 444 2 387 2 82 1
218 56 15 238 1 330 1 456 1 376 1 303 1 477 1 265 1 453 1 582 1 444 2 408 2 585 1 387 3 378 1 583 1
227 58 19 229 1 725 1 332 1 376 1 303 1 184 1 265 1 372 1 444 1 585 1 387 2 312 1 284 1 364 1 606 1 439 1 329 1 335 1 608 1
240 61 10 375 2 409 3 556 3 265 1 444 2 580 1 368 1 387 3 440 3 59 1
//IdTournes NbColis
7 6
//IdColis IdCommandeInColis NbProducts IdProd1 QtyProd1 IdProd2 QtyProd2 ...
255 65 13 242 1 229 1 199 1 71 1 332 1 290 2 437 1 303 1 265 1 444 2 387 2 295 1 273 1
280 72 12 253 1 228 1 71 1 332 1 290 2 303 2 592 1 265 1 444 2 387 3 423 1 5 1
308 80 20 242 1 229 1 71 1 259 1 290 1 418 1 265 1 444 1 443 1 403 1 440 1 284 1 425 1 436 1 433 1 424 1 417 1 448 1 158 1 648 1
77 19 17 744 1 399 1 492 1 326 2 393 3 426 1 289 4 560 1 367 3 526 1 277 1 307 2 449 1 297 5 164 2 59 1 24 1
21 4 31 279 1 308 4 292 1 620 1 345 1 337 2 734 2 273 1 450 1 30 1 451 1 311 1 121 1 59 3 61 2 68 1 122 1 77 2 117 1 118 1 1 1 16 1 55 2 57 2 64 1 247 2 21 1 22 1 37 2 38 2 14 1
130 33 18 171 1 266 1 740 1 303 1 504 1 35 1 155 1 287 1 288 1 554 1 335 1 269 1 630 1 736 1 326 1 336 1 29 1 307 1
//IdTournes NbColis
8 6
//IdColis IdCommandeInColis NbProducts IdProd1 QtyProd1 IdProd2 QtyProd2 ...
276 71 17 266 1 290 1 594 1 303 1 586 1 270 1 295 1 379 1 287 1 370 4 335 1 689 1 137 2 326 1 336 1 191 1 90 1
319 84 23 266 1 303 2 304 1 479 1 712 1 443 1 358 1 335 1 336 1 482 1 289 1 716 1 277 1 307 1 235 1 310 2 320 1 322 1 333 1 344 1 346 1 347 1 22 1
64 16 21 428 2 303 1 139 1 436 1 335 1 336 1 482 1 129 2 352 1 417 1 135 3 277 1 307 1 5 1 128 1 42 1 297 2 28 1 313 1 321 1 127 1
28 6 24 511 1 274 1 267 1 296 1 54 3 61 1 77 2 2 1 120 1 1 1 7 1 16 2 17 1 24 1 57 2 64 1 85 2 225 1 247 1 78 1 21 1 22 1 37 2 38 2
62 15 26 227 1 308 3 438 1 345 1 338 1 510 1 481 1 512 1 353 1 267 1 296 1 59 1 61 2 68 1 77 2 2 1 133 1 24 1 55 2 57 1 64 1 95 2 21 1 22 1 98 2 252 1
68 17 23 71 1 229 1 330 1 444 1 132 1 284 1 381 2 439 1 329 1 335 1 431 2 388 1 280 1 307 1 42 1 218 1 320 2 321 1 322 1 333 1 342 1 344 1 267 1
//IdTournes NbColis
9 6
//IdColis IdCommandeInColis NbProducts IdProd1 QtyProd1 IdProd2 QtyProd2 ...
73 18 33 321 2 347 1 334 1 531 1 344 1 672 1 601 1 643 1 276 1 136 2 8 1 308 3 138 1 345 1 337 2 274 1 470 1 267 1 296 1 149 1 59 3 61 2 68 1 77 1 125 1 170 1 55 1 57 1 64 1 95 2 21 1 22 1 98 2
144 36 32 321 2 323 1 325 1 334 1 597 2 667 1 291 1 8 1 187 2 316 1 317 1 446 1 337 2 338 1 547 1 345 1 664 2 274 1 267 1 296 1 59 1 68 1 77 2 170 2 24 1 55 1 57 2 64 1 95 2 21 1 22 1 98 1
155 39 17 314 1 8 1 308 2 497 1 511 1 267 1 296 1 168 1 68 1 77 1 146 1 55 1 57 2 95 2 21 1 22 1 98 2
164 42 17 363 1 345 1 274 1 267 1 296 1 197 1 61 2 68 1 122 1 77 1 24 1 55 2 57 2 95 2 21 1 22 1 98 2
169 44 34 636 1 386 1 642 1 637 1 218 1 42 1 278 1 322 1 8 1 635 1 510 1 481 1 511 2 641 1 267 1 296 1 59 1 61 1 68 1 652 6 163 1 55 1 57 1 64 1 645 2 646 2 647 1 649 1 17 1 214 1 650 6 651 6 173 6 144 1
172 45 31 132 1 335 1 336 1 315 1 371 1 307 1 42 1 320 1 321 1 322 1 333 1 339 1 344 1 346 1 347 1 643 1 363 1 337 2 510 1 274 1 267 1 296 1 68 1 77 1 57 1 64 1 24 1 95 2 21 1 22 1 98 2
//IdTournes NbColis
10 6
//IdColis IdCommandeInColis NbProducts IdProd1 QtyProd1 IdProd2 QtyProd2 ...
194 50 35 475 1 218 1 42 1 319 2 321 2 322 1 323 1 334 1 597 2 344 1 347 1 28 1 227 1 337 1 481 1 274 1 445 1 30 1 267 1 296 1 54 1 68 1 222 1 61 1 77 2 125 2 16 1 64 1 40 1 95 2 21 1 22 1 98 2 214 1 3 1
207 54 8 74 1 113 1 80 1 219 1 49 1 748 1 228 1 267 1
290 74 29 320 2 321 1 322 1 333 1 531 2 339 1 342 1 344 1 346 1 347 1 8 1 363 1 511 2 512 1 633 1 274 1 267 1 296 1 61 1 68 1 77 2 658 1 55 1 57 2 4 2 19 1 21 1 22 1 37 2
297 76 22 346 1 347 1 227 1 363 1 507 1 510 1 481 1 512 1 274 1 445 2 267 1 296 1 197 2 68 1 122 1 77 2 64 1 95 2 21 1 98 2 241 1 94 2
1 1 9 49 1 74 1 185 1 219 1 113 1 80 1 268 1 10 1 41 1
24 5 23 270 1 486 1 26 2 499 1 474 1 502 1 419 1 513 1 280 1 307 1 42 1 278 1 28 1 319 2 321 2 323 1 334 1 344 1 347 1 597 1 73 2 501 1 61 1
//IdTournes NbColis
11 6
//IdColis IdCommandeInColis NbProducts IdProd1 QtyProd1 IdProd2 QtyProd2 ...
35 8 21 419 1 289 3 600 2 277 1 430 1 52 1 307 2 297 1 28 1 310 2 319 2 323 1 325 1 334 2 597 2 667 1 604 1 206 1 308 3 441 1 22 1
127 32 18 199 4 290 1 496 1 418 1 505 1 504 1 378 1 484 1 493 1 467 1 483 1 280 1 307 1 5 1 28 1 320 1 194 1 94 1
189 49 20 330 1 669 1 303 2 452 1 221 1 372 1 490 1 485 1 358 1 660 2 336 1 301 1 489 1 663 1 495 1 388 1 280 1 307 2 68 1 57 1
220 56 25 640 1 600 1 277 1 281 1 420 1 272 1 457 1 307 2 569 2 42 1 319 2 321 3 416 1 322 1 323 1 325 2 334 2 341 1 597 2 667 1 314 1 8 1 279 1 30 1 127 1
305 79 26 332 1 452 1 271 1 732 1 335 1 132 1 509 1 336 1 729 1 301 1 731 1 277 1 307 1 218 1 310 1 320 1 333 1 531 1 339 1 342 1 344 1 346 1 347 1 8 1 308 1 294 1
8 2 6 46 1 75 1 81 1 87 2 217 1 396 1
//IdTournes NbColis
12 6
//IdColis IdCommandeInColis NbProducts IdProd1 QtyProd1 IdProd2 QtyProd2 ...
266 68 7 81 1 217 1 226 1 87 1 46 1 75 1 396 1
96 24 9 50 1 74 1 113 1 80 1 217 1 171 1 453 1 16 1 233 1
267 68 23 720 1 453 1 458 1 381 1 521 1 436 3 710 1 717 1 719 1 25 1 301 1 520 1 424 1 435 1 526 1 716 1 718 1 280 1 52 1 721 1 307 1 246 1 22 1
25 5 16 343 2 345 1 512 2 274 1 353 1 61 2 77 2 1 1 57 1 64 1 4 2 21 1 22 1 37 2 234 1 255 1
44 10 14 353 1 61 1 68 2 77 1 2 1 106 1 55 2 57 2 21 1 22 1 37 2 38 2 115 1 111 2
50 12 39 323 1 325 1 334 1 597 2 341 1 667 1 276 2 542 1 8 1 308 3 607 1 337 1 338 1 481 1 345 1 664 1 273 1 353 1 59 1 61 1 68 1 77 2 11 1 16 1 24 1 55 2 57 2 64 1 19 1 21 1 22 1 37 2 38 2 236 1 111 1 116 1 97 1 94 1 104 1
//IdTournes NbColis
13 6
//IdColis IdCommandeInColis NbProducts IdProd1 QtyProd1 IdProd2 QtyProd2 ...
54 13 30 319 2 322 1 323 1 334 1 597 1 344 1 347 1 8 1 279 1 405 3 535 1 337 2 631 2 512 1 343 2 345 1 273 1 353 1 390 2 61 1 68 1 77 2 2 2 6 1 148 1 16 1 24 1 55 2 64 1 22 1
100 25 17 248 1 428 1 290 2 585 1 270 4 629 1 326 1 176 1 540 1 277 1 307 2 278 1 310 2 319 2 323 1 279 1 92 1
101 25 29 325 1 334 1 597 1 341 1 667 1 136 1 308 2 380 2 337 2 641 1 345 1 273 1 353 1 150 1 30 2 59 1 61 1 77 2 11 1 148 1 17 1 24 1 55 1 57 2 64 1 21 1 22 1 37 2 38 2
109 27 37 638 1 289 2 488 1 518 1 570 1 417 1 281 1 42 1 182 1 466 1 322 1 8 1 279 1 308 1 337 1 639 1 481 1 353 1 30 1 294 1 311 1 61 1 68 1 652 6 24 1 57 2 64 1 645 2 646 2 647 1 649 1 40 1 67 1 173 6 650 6 651 6 92 1
114 28 23 601 3 8 1 73 2 308 3 363 1 317 2 338 1 481 1 274 1 353 1 294 1 311 1 59 3 68 1 77 2 55 2 57 1 64 1 247 1 21 1 37 2 38 2 22 1
157 40 20 290 1 494 2 270 2 529 2 26 1 516 1 426 1 524 1 713 1 280 1 244 1 300 1 369 1 307 1 28 1 321 2 416 2 322 1 333 1 308 1
//IdTournes NbColis
14 6
//IdColis IdCommandeInColis NbProducts IdProd1 QtyProd1 IdProd2 QtyProd2 ...
197 51 28 71 1 229 1 487 1 444 1 284 1 26 1 280 1 307 1 190 1 320 1 321 1 333 1 339 1 344 1 346 1 347 1 643 1 337 2 532 1 512 1 274 1 353 1 77 1 57 1 95 2 21 1 22 1 98 2
204 53 17 428 1 290 2 556 2 270 1 515 1 677 2 519 1 624 1 289 3 596 2 367 2 277 1 293 2 297 2 310 2 313 1 22 1
233 59 34 321 2 323 1 334 1 597 1 344 1 347 1 28 1 276 3 8 1 308 3 661 1 337 1 345 1 353 1 294 1 296 1 311 1 68 1 541 1 77 2 18 1 191 1 114 1 55 1 64 1 95 2 21 1 22 1 98 2 668 1 236 3 234 1 233 1 175 1
247 63 26 330 1 525 1 527 1 408 1 478 1 270 1 378 1 379 1 335 1 336 1 638 1 200 1 417 1 280 1 307 1 698 1 5 1 278 1 328 1 320 2 321 1 322 1 346 1 347 1 517 1 68 1
265 67 24 308 3 337 1 274 1 455 2 353 1 390 3 294 1 311 1 59 3 61 1 68 1 77 2 63 1 16 2 17 1 202 1 55 2 57 2 64 1 84 1 21 1 22 1 37 2 38 2
268 68 31 190 1 320 1 321 1 322 2 333 1 346 1 347 1 339 1 342 1 344 1 279 1 533 1 511 1 512 1 715 1 274 1 353 1 59 2 61 1 77 2 170 1 166 1 114 1 658 1 55 2 57 1 64 1 19 2 21 1 37 2 38 2
//IdTournes NbColis
15 6
//IdColis IdCommandeInColis NbProducts IdProd1 QtyProd1 IdProd2 QtyProd2 ...
322 85 22 421 1 505 1 270 1 436 1 439 1 660 1 536 1 719 1 315 1 546 2 685 1 200 1 201 1 135 1 280 1 281 1 307 1 278 1 320 1 321 1 274 1 22 1
26 6 7 47 1 83 1 86 1 88 1 226 1 245 1 271 1
116 29 8 47 1 75 1 81 1 86 1 87 1 226 1 271 1 175 1
260 66 19 199 1 332 1 290 1 271 1 184 1 370 2 554 2 335 1 690 1 340 1 498 1 520 1 691 1 508 1 289 1 553 1 277 1 282 1 121 1
12 2 24 317 1 507 1 481 1 345 1 337 2 273 1 223 1 59 2 61 1 68 1 77 2 212 4 11 3 1 1 16 3 56 3 57 3 64 1 85 1 22 1 37 2 38 2 62 1 213 1
16 3 24 52 1 293 1 66 1 297 2 28 1 310 2 319 2 323 1 334 1 531 1 344 1 347 1 601 2 314 3 8 1 308 2 13 2 39 1 337 2 345 1 273 1 390 1 59 1 77 2
//IdTournes NbColis
16 6
//IdColis IdCommandeInColis NbProducts IdProd1 QtyProd1 IdProd2 QtyProd2 ...
31 7 22 579 2 99 1 284 1 400 1 436 1 612 1 326 2 714 1 474 2 289 2 526 1 555 1 615 2 589 1 272 1 362 1 411 1 278 1 28 1 319 1 59 1 92 2
43 10 23 310 2 322 1 320 2 333 1 339 1 342 1 344 1 347 1 634 1 276 1 542 2 8 1 279 3 405 3 535 1 380 2 317 1 631 1 511 1 512 2 273 1 59 1 24 1
46 11 28 544 1 330 1 379 1 404 1 335 1 509 1 336 1 555 1 277 1 272 1 300 1 402 1 307 1 42 1 218 1 278 1 320 1 321 1 322 1 333 1 339 1 342 1 344 1 346 1 347 1 8 1 279 1 308 1
72 18 22 528 2 482 1 131 2 386 1 135 1 388 1 553 1 555 3 280 1 272 2 307 1 5 2 42 1 142 2 143 1 355 1 28 1 313 2 322 1 319 1 552 1 531 1
136 34 32 333 1 339 1 342 1 344 1 8 1 308 2 414 1 661 1 337 2 510 1 481 1 345 1 273 1 294 1 311 1 197 1 121 1 61 2 68 1 122 1 77 2 186 1 55 2 57 2 85 1 40 1 67 1 21 1 22 1 37 2 38 2 14 1
151 38 30 597 2 667 1 8 1 73 1 279 1 308 2 13 1 343 1 345 1 337 2 338 1 481 1 273 1 294 1 311 1 59 2 61 3 68 1 77 1 169 1 16 1 17 1 55 2 57 1 21 1 22 1 37 2 38 2 112 2 233 1
//IdTournes NbColis
17 6
//IdColis IdCommandeInColis NbProducts IdProd1 QtyProd1 IdProd2 QtyProd2 ...
205 53 31 319 2 323 1 325 1 334 1 597 2 667 1 28 1 206 1 308 3 522 2 337 1 510 1 664 2 187 1 273 1 464 1 681 1 77 2 170 1 145 1 114 1 16 1 56 1 57 1 64 1 85 1 67 1 37 2 38 2 123 1 53 1
215 55 23 278 1 310 2 412 2 333 2 347 1 334 2 344 1 672 2 643 1 28 1 314 5 82 1 308 3 392 1 510 1 187 1 273 1 706 1 77 2 16 2 202 1 56 3 57 1
274 70 20 643 1 28 1 151 1 308 3 512 1 345 1 337 2 338 1 510 1 130 1 726 1 273 1 294 1 311 1 68 1 77 2 95 2 21 1 22 1 98 2
278 71 24 308 2 507 1 595 1 481 1 547 1 345 1 337 4 273 1 294 1 311 1 68 1 77 2 18 1 16 1 55 2 64 1 114 1 21 1 22 1 37 2 38 2 51 4 156 1 127 4
282 72 29 319 2 323 1 334 2 344 1 347 1 601 2 28 1 8 1 73 2 308 4 363 1 510 1 273 1 150 2 294 1 311 1 61 1 68 1 77 1 16 1 186 1 202 1 56 2 57 2 64 1 22 1 37 2 38 2 252 1
313 81 22 347 1 601 1 28 1 8 1 405 3 380 1 530 1 337 1 13 1 273 1 61 2 68 1 77 2 722 1 1 1 55 1 57 1 64 1 21 1 22 1 37 2 38 2
//IdTournes NbColis
18 6
//IdColis IdCommandeInColis NbProducts IdProd1 QtyProd1 IdProd2 QtyProd2 ...
5 1 25 44 1 283 2 622 1 600 1 281 1 628 1 298 1 300 1 307 1 275 1 278 1 28 1 466 1 313 1 319 2 322 2 321 2 323 1 347 1 334 1 344 1 601 2 276 1 308 2 41 1
36 8 20 441 1 337 2 338 1 512 2 345 1 533 2 274 1 89 1 32 2 93 2 61 3 77 2 108 1 1 1 16 2 56 2 57 2 37 2 38 2 252 2
39 9 26 341 1 667 1 314 2 308 3 316 1 337 2 338 1 345 1 274 1 59 2 61 1 68 2 77 1 1 1 17 1 96 1 101 1 56 2 57 2 64 1 110 1 78 1 22 1 37 2 38 2 198 1
47 11 29 308 1 481 1 512 1 510 1 274 1 470 1 294 1 311 1 119 1 121 1 59 2 68 1 122 1 77 2 117 1 118 1 2 1 91 1 120 1 24 1 55 2 57 1 64 1 114 1 95 2 21 1 22 1 98 2 236 1
58 14 33 322 1 323 1 325 1 334 1 597 2 341 1 667 1 8 1 308 3 130 1 497 2 635 1 337 1 338 1 510 1 345 1 664 2 665 1 274 1 445 1 294 1 311 1 68 1 77 1 2 1 6 1 146 1 24 1 55 2 64 1 114 1 21 1 22 1
60 15 8 47 1 75 1 81 1 87 1 226 1 86 1 288 1 274 1
//IdTournes NbColis
19 6
//IdColis IdCommandeInColis NbProducts IdProd1 QtyProd1 IdProd2 QtyProd2 ...
65 16 40 321 1 322 1 333 2 334 1 344 1 347 1 672 2 643 1 314 1 8 1 308 3 363 1 481 1 512 1 274 1 398 2 294 1 311 1 93 2 59 2 68 1 205 1 77 2 11 2 16 1 17 1 24 1 55 1 57 2 145 1 22 1 37 2 38 2 123 1 213 1 112 1 58 1 60 1 693 1 126 1
69 17 23 346 1 347 1 339 1 227 1 363 1 380 1 345 1 337 1 338 1 512 3 274 1 445 1 296 1 59 2 68 1 77 2 124 1 64 1 95 2 21 1 22 1 98 2 115 1
78 19 19 164 1 310 3 313 2 319 2 322 1 323 1 325 2 334 2 597 2 341 1 667 1 8 1 308 4 317 1 337 2 338 1 510 1 345 1 274 1
82 20 31 320 1 321 2 322 1 333 1 339 1 342 1 344 1 347 1 634 1 8 1 308 3 130 1 363 1 501 1 338 1 511 2 274 1 294 1 311 1 77 1 170 1 55 2 57 1 166 1 4 2 21 1 22 1 37 2 14 1 257 1 255 1
85 21 21 172 1 487 1 525 1 312 2 465 1 436 2 562 1 157 1 678 1 546 2 280 1 307 1 320 1 321 1 333 1 346 1 347 1 339 1 342 1 274 1 69 1
95 23 24 338 1 274 1 464 2 294 1 311 1 54 1 59 1 61 1 68 1 107 1 256 1 16 1 17 1 24 1 55 1 57 2 64 1 78 1 21 1 37 2 38 2 236 1 111 1 126 1
//IdTournes NbColis
20 6
//IdColis IdCommandeInColis NbProducts IdProd1 QtyProd1 IdProd2 QtyProd2 ...
98 24 19 160 1 530 1 481 1 532 1 337 3 338 1 274 1 150 1 294 1 311 1 68 1 77 2 55 2 57 1 95 2 21 1 22 1 98 2 104 1
117 29 33 184 1 277 1 307 1 627 1 235 1 278 1 320 1 321 1 333 1 339 1 342 1 344 1 347 1 634 1 276 1 279 1 308 1 511 1 274 1 121 1 59 1 61 1 122 1 77 1 237 1 55 2 57 1 64 1 95 2 21 1 22 1 98 2 127 2
120 30 33 297 1 415 1 28 1 310 2 313 1 322 1 333 1 334 1 344 1 347 1 672 2 643 1 8 1 308 3 363 1 337 2 510 1 512 1 345 1 274 1 294 1 311 1 59 1 61 1 68 1 77 2 183 1 55 1 95 2 21 1 22 1 98 2 127 3
124 31 34 322 1 333 2 334 1 344 1 347 1 672 2 643 1 8 1 73 1 308 3 363 1 497 1 568 1 337 1 338 1 512 1 345 1 274 1 565 1 294 1 311 1 59 3 61 2 68 1 77 2 56 2 57 1 64 1 192 1 22 1 37 2 38 2 198 1 175 1
128 32 26 320 1 321 2 333 1 344 1 346 1 347 1 643 1 337 1 510 1 274 1 445 1 168 1 491 1 59 2 733 1 77 2 24 1 55 2 57 2 64 1 21 1 22 1 37 2 38 2 53 1 233 1
132 33 45 314 4 308 3 481 1 337 1 338 1 274 1 390 2 294 1 311 1 196 1 121 1 23 2 61 1 68 1 122 1 77 2 117 1 118 1 195 1 169 2 258 1 43 1 120 1 7 1 16 2 17 1 24 1 56 2 57 1 64 1 192 1 114 1 166 1 21 1 22 1 37 2 38 2 193 2 214 2 116 1 156 1 53 1 241 2 255 1 309 1
//IdTournes NbColis
21 6
//IdColis IdCommandeInColis NbProducts IdProd1 QtyProd1 IdProd2 QtyProd2 ...
140 35 32 325 1 334 1 597 2 667 1 542 2 73 1 462 1 308 3 363 1 522 1 510 1 345 1 337 1 274 1 294 1 311 1 59 1 61 2 68 1 77 2 191 1 17 1 24 1 55 2 57 1 64 1 21 1 22 1 37 2 38 2 198 1 100 1
148 37 27 319 2 321 2 323 1 334 1 344 1 347 1 601 1 8 1 279 1 308 3 595 1 512 1 274 1 30 1 294 1 311 1 59 2 68 1 205 1 77 2 55 1 95 2 21 1 22 1 98 2 252 1 144 1
153 39 8 47 1 75 1 81 1 208 1 226 1 86 1 132 1 274 1
158 40 21 334 1 347 1 344 1 672 2 643 1 308 1 441 1 337 1 338 1 274 1 59 1 61 1 77 2 195 1 24 1 64 1 21 1 22 1 37 2 38 2 255 2
161 41 23 308 2 204 1 481 1 512 1 345 1 337 1 274 1 294 1 311 1 68 1 77 2 24 1 202 1 57 2 64 1 85 1 95 2 21 1 22 1 98 2 738 1 14 1 255 1
166 43 37 478 1 379 1 654 1 656 1 25 1 502 1 280 1 589 1 369 1 307 1 28 1 320 1 321 1 333 1 531 1 344 1 346 1 347 1 643 1 279 1 337 1 13 1 274 1 59 2 122 1 77 1 162 1 55 2 57 1 64 1 658 1 16 1 17 1 37 2 4 1 21 1 22 1
//IdTournes NbColis
22 6
//IdColis IdCommandeInColis NbProducts IdProd1 QtyProd1 IdProd2 QtyProd2 ...
178 46 30 308 2 363 1 317 3 522 1 338 1 481 1 532 1 345 1 130 1 274 1 294 1 196 1 59 3 216 1 77 2 212 1 237 1 6 2 91 1 56 3 57 3 16 2 24 2 64 1 21 1 22 1 37 2 38 2 257 1 309 2
181 47 32 379 1 25 1 474 1 503 2 280 1 589 1 307 1 320 1 321 1 333 1 339 1 342 1 344 1 347 1 634 1 308 1 510 1 511 1 274 1 398 1 657 1 59 2 61 1 77 2 16 2 55 2 57 2 64 1 21 1 22 1 37 2 38 2
186 48 34 334 1 344 1 347 1 643 1 28 1 314 1 542 2 308 3 363 1 522 1 438 1 338 1 481 1 547 1 274 1 587 1 150 1 294 1 311 1 61 2 77 2 167 1 18 2 16 2 24 1 55 2 57 1 15 1 21 1 22 1 37 2 38 2 213 1 144 1
190 49 38 42 1 320 2 321 2 322 1 506 1 333 1 531 2 339 1 344 1 346 1 347 1 643 1 8 1 308 3 363 1 337 2 274 1 294 1 311 1 59 2 61 2 77 2 146 1 55 2 57 1 7 1 16 1 153 1 24 1 21 1 22 1 37 2 38 2 53 1 156 1 94 1 175 1 100 2
210 54 37 643 1 28 1 147 1 8 1 204 1 363 1 317 1 438 1 441 1 595 1 337 1 510 1 481 1 512 1 274 1 30 1 296 1 223 1 77 2 2 2 106 1 170 1 192 1 1 1 16 1 55 2 64 1 21 1 22 1 37 2 38 2 198 1 233 1 94 1 175 1 232 1 745 2
221 56 31 462 1 308 4 363 1 380 1 507 1 345 2 664 2 665 1 337 5 726 1 274 1 455 1 587 2 294 1 311 1 657 1 222 1 59 2 61 2 68 1 77 2 237 1 727 1 16 1 55 1 57 2 21 1 22 1 37 2 38 2 94 1
//IdTournes NbColis
23 6
//IdColis IdCommandeInColis NbProducts IdProd1 QtyProd1 IdProd2 QtyProd2 ...
224 57 36 330 1 435 1 277 1 307 1 42 1 319 1 321 1 322 1 323 1 334 1 344 1 347 1 601 1 28 1 227 1 279 1 308 2 337 1 338 1 481 1 532 1 274 1 294 1 311 1 68 1 77 2 114 2 658 1 24 1 55 2 57 2 64 1 21 1 22 1 37 2 38 2
231 59 8 75 1 81 1 226 1 86 1 88 1 47 1 534 1 274 1
236 60 35 487 1 655 1 492 1 201 1 280 1 307 1 355 2 320 1 321 1 333 1 339 1 342 1 344 1 346 1 347 1 240 1 501 2 511 1 274 1 197 1 59 1 61 1 77 2 16 1 17 1 24 1 55 2 57 2 64 1 21 1 22 1 37 2 38 2 111 1 14 1
248 63 30 333 1 339 1 342 1 344 1 8 1 279 1 308 2 363 1 345 2 337 1 481 1 699 1 512 1 274 1 294 1 311 1 54 1 77 2 170 1 700 1 192 1 1 1 55 2 57 2 64 1 21 1 22 1 37 2 38 2 241 1
252 64 31 322 1 333 2 334 1 347 1 344 1 672 2 643 1 28 1 8 1 73 1 308 3 239 1 363 1 345 1 337 1 510 1 274 1 294 1 311 1 196 1 23 1 68 1 77 2 57 1 21 1 22 1 37 2 38 2 193 1 62 1 688 1
261 66 38 307 1 218 1 275 1 310 1 322 1 347 1 333 2 334 1 344 1 672 1 643 1 28 1 227 1 8 1 73 1 308 2 345 1 337 2 512 1 274 1 470 1 294 1 311 1 61 1 68 1 122 1 77 2 692 1 195 1 55 1 4 1 21 1 22 1 37 2 38 1 214 1 234 3 97 1
//IdTournes NbColis
24 6
//IdColis IdCommandeInColis NbProducts IdProd1 QtyProd1 IdProd2 QtyProd2 ...
271 69 19 279 1 308 1 510 1 337 2 130 2 673 1 274 1 455 1 648 1 59 2 77 1 148 1 16 1 17 1 55 2 21 1 22 1 37 2 38 2
293 75 31 347 1 333 1 334 1 344 1 672 2 643 1 28 1 227 1 308 3 363 1 438 1 337 1 274 1 294 1 311 1 246 1 197 1 61 1 68 1 77 1 148 2 170 1 162 2 247 1 24 1 55 2 57 2 95 2 21 1 22 1 98 2
299 77 20 701 1 288 2 370 3 718 1 280 1 307 1 278 1 313 1 320 2 321 2 333 1 334 1 344 1 347 1 643 1 28 1 279 1 337 3 338 1 274 1
301 78 8 217 1 171 1 46 1 75 1 113 1 81 1 356 1 274 1
306 79 18 308 1 337 2 481 1 512 1 345 1 274 1 311 1 68 1 77 2 24 1 57 1 64 1 15 1 95 2 21 1 22 1 98 2 255 1
315 82 24 292 1 337 1 338 1 345 1 742 1 274 1 311 1 168 1 89 1 246 1 743 1 68 2 216 1 77 2 96 1 57 2 64 1 19 1 95 2 21 1 22 1 98 2 214 1 233 1
//IdTournes NbColis
25 6
//IdColis IdCommandeInColis NbProducts IdProd1 QtyProd1 IdProd2 QtyProd2 ...
317 83 33 297 2 374 1 321 2 322 1 333 1 334 1 344 1 347 1 672 2 643 1 28 1 291 1 227 1 279 1 308 3 337 1 512 2 274 1 294 1 311 1 68 1 216 1 77 2 24 1 55 2 57 2 64 1 4 2 21 1 22 1 37 2 100 1 69 1
320 84 24 339 1 643 1 8 1 279 1 308 3 481 1 338 1 274 1 294 1 311 1 59 2 61 3 68 1 77 2 722 2 1 1 16 2 56 1 57 1 64 1 21 1 37 2 38 2 97 1
325 86 21 667 1 28 1 8 1 308 3 501 1 337 1 510 1 481 1 512 1 274 1 294 1 311 1 59 1 68 1 77 1 125 1 95 2 21 1 22 1 98 2 97 2
94 23 19 321 3 322 1 323 1 334 2 344 1 347 2 597 3 276 2 314 1 8 1 73 1 308 4 39 1 363 1 380 1 510 1 547 1 337 3 77 1
105 26 20 284 1 404 1 439 2 340 3 509 1 598 1 397 1 315 1 360 3 600 1 5 1 42 1 182 1 28 1 313 1 319 2 322 1 323 1 334 1 276 1
106 26 29 344 1 347 1 601 1 276 2 542 1 8 1 279 1 405 1 363 1 337 2 174 1 398 2 59 1 61 2 68 1 77 2 18 1 120 1 16 1 56 2 57 2 64 1 114 1 12 1 22 1 37 2 38 2 111 1 14 1
//IdTournes NbColis
26 6
//IdColis IdCommandeInColis NbProducts IdProd1 QtyProd1 IdProd2 QtyProd2 ...
108 27 11 49 1 80 1 185 1 177 6 178 1 529 1 335 1 336 1 301 1 636 1 276 1
270 69 24 549 1 490 1 403 1 579 2 573 1 564 2 465 1 729 1 431 1 581 1 638 1 383 1 280 1 307 1 190 1 321 1 333 1 334 1 344 1 347 1 672 1 643 1 28 1 276 1
309 80 33 427 1 320 1 333 1 339 1 342 1 344 1 347 1 634 1 276 1 446 1 59 1 61 1 222 2 77 1 447 1 652 4 258 1 645 1 646 1 647 1 649 1 202 1 64 1 84 1 110 1 95 1 21 1 22 1 98 1 650 4 651 4 173 4 53 1
10 2 17 444 2 224 3 387 2 460 1 284 1 335 1 65 1 590 1 25 3 508 1 360 3 613 3 716 1 277 1 9 2 52 1 32 1
15 3 15 290 1 556 1 549 1 295 2 45 1 625 3 492 1 519 1 551 3 638 3 581 2 289 2 550 1 277 1 59 1
20 4 25 467 1 618 1 29 1 632 1 289 4 277 1 293 2 300 1 627 1 5 1 42 1 297 1 415 1 28 1 310 2 322 1 319 2 552 1 323 1 325 1 334 1 344 1 597 1 82 1 8 1
//IdTournes NbColis
27 6
//IdColis IdCommandeInColis NbProducts IdProd1 QtyProd1 IdProd2 QtyProd2 ...
38 9 22 544 1 708 1 330 1 443 1 403 1 410 1 35 1 474 1 570 1 277 1 709 2 307 2 569 1 355 3 319 2 552 2 321 2 323 1 325 1 334 1 597 1 77 1
42 10 18 332 1 610 1 290 1 556 1 102 1 357 1 335 1 397 3 498 1 528 2 360 3 570 1 555 2 277 1 293 1 5 1 42 1 77 1
49 12 23 332 1 290 1 556 1 384 1 454 1 436 1 329 1 340 1 670 1 105 1 315 1 289 3 277 1 293 1 5 1 42 1 278 1 297 2 310 2 313 1 319 2 322 1 2 1
53 13 22 332 1 290 1 556 1 626 1 440 1 370 2 335 1 301 1 360 3 495 1 543 1 388 1 277 1 545 1 293 1 5 1 297 3 28 1 141 1 539 1 310 2 30 1
57 14 20 675 1 330 1 303 1 440 1 554 1 335 1 134 2 576 1 482 1 540 3 367 1 277 1 561 1 281 1 307 2 42 1 355 1 319 2 321 2 77 1
81 20 21 330 1 525 1 303 1 327 2 372 1 357 2 468 1 154 1 161 1 381 1 335 1 663 2 158 1 697 1 277 1 307 1 42 1 218 1 401 1 320 1 68 1
//IdTournes NbColis
28 6
//IdColis IdCommandeInColis NbProducts IdProd1 QtyProd1 IdProd2 QtyProd2 ...
93 23 19 336 1 724 1 463 1 474 2 391 1 482 2 723 1 508 1 277 1 459 2 244 1 298 1 307 2 42 1 297 5 28 1 374 1 319 2 77 1
123 31 21 159 1 676 1 332 1 290 2 303 1 207 1 189 1 336 1 432 1 382 1 289 1 622 1 277 1 282 1 307 2 5 1 42 1 297 2 28 1 310 2 17 1
147 37 20 330 1 437 1 303 1 408 1 564 2 33 1 567 1 336 1 666 2 31 1 432 1 277 1 281 1 307 1 42 1 218 1 297 2 28 1 374 1 322 1
160 41 27 737 1 207 1 335 1 735 1 336 1 563 1 560 1 277 1 559 1 561 1 307 1 42 2 218 1 278 1 320 1 321 1 322 1 333 1 339 1 344 1 346 1 347 1 643 1 206 1 227 1 279 1 59 1
185 48 20 382 1 608 2 679 2 367 2 388 1 448 1 277 1 307 2 5 1 42 1 297 3 401 1 310 2 320 2 416 2 322 1 333 2 334 1 8 1 17 1
256 65 22 410 1 284 1 288 2 554 2 335 1 605 1 336 1 719 1 546 2 289 3 277 1 9 1 244 1 282 1 293 2 42 1 297 1 466 1 310 2 319 1 566 1 16 1
//IdTournes NbColis
29 6
//IdColis IdCommandeInColis NbProducts IdProd1 QtyProd1 IdProd2 QtyProd2 ...
264 67 25 250 1 330 1 359 1 384 1 381 1 704 1 277 1 545 1 307 1 5 1 42 1 297 1 319 2 321 2 322 2 323 1 334 1 531 1 344 1 347 1 601 1 28 1 8 1 279 1 165 1
273 70 23 248 1 428 1 290 1 303 1 335 1 132 1 336 1 431 1 289 3 277 1 545 1 293 1 374 1 310 2 552 1 322 1 333 1 334 1 344 1 347 1 672 1 8 1 55 1
277 71 25 528 1 200 1 289 3 596 1 599 2 697 1 277 1 293 1 5 1 42 1 297 1 310 2 412 1 319 2 322 1 323 1 325 1 334 1 597 2 341 1 667 1 8 1 279 1 308 1 57 1
281 72 19 284 1 358 2 554 1 335 1 602 2 45 1 336 1 747 1 201 1 289 4 129 1 277 1 293 2 42 1 278 1 415 1 310 2 322 1 77 1
286 73 32 277 1 402 1 278 1 412 1 320 1 416 1 322 1 333 1 339 1 342 1 344 1 346 1 347 1 227 1 308 1 363 1 511 2 512 1 345 1 294 1 311 1 77 2 124 1 24 1 57 2 95 2 21 1 22 1 98 2 688 1 695 1 309 1
292 75 22 332 1 701 1 290 1 303 1 327 1 370 1 554 1 335 1 35 1 326 1 336 1 176 1 289 3 540 1 135 1 277 1 307 1 42 1 278 2 310 2 322 1 197 1
//IdTournes NbColis
30 6
//IdColis IdCommandeInColis NbProducts IdProd1 QtyProd1 IdProd2 QtyProd2 ...
312 81 22 238 1 332 1 290 1 556 1 357 2 557 1 436 1 335 1 690 1 336 1 360 3 277 1 293 1 42 1 310 2 319 2 322 1 323 1 334 1 344 1 517 1 59 1
324 86 24 290 1 303 2 368 1 378 1 467 1 519 1 407 1 336 1 289 3 277 1 307 1 5 1 42 1 355 1 558 1 297 1 310 2 319 2 322 1 323 1 325 1 334 1 597 1 77 1
11 2 22 52 3 282 1 293 2 5 1 20 1 42 1 278 4 28 1 310 2 319 2 322 1 323 1 334 2 597 3 344 1 347 1 36 1 279 1 405 2 308 1 363 1 59 1
27 6 26 330 1 687 1 440 1 335 1 509 1 34 1 336 1 508 1 280 1 307 1 42 1 320 1 321 1 322 1 333 1 339 1 342 1 344 1 347 1 634 1 8 1 279 1 308 2 363 1 497 1 59 1
32 7 27 319 1 323 1 334 1 344 1 347 1 597 1 711 1 279 1 308 1 337 1 510 1 77 2 107 1 6 1 109 1 1 1 17 1 101 1 55 1 57 2 64 1 114 1 21 1 22 1 37 2 38 2 112 1
177 46 24 307 1 5 1 42 1 328 2 164 1 466 2 412 1 319 2 321 3 322 1 323 1 347 1 334 2 344 1 601 3 28 1 291 1 82 1 542 1 73 3 8 1 279 1 308 2 311 1
//IdTournes NbColis
31 6
//IdColis IdCommandeInColis NbProducts IdProd1 QtyProd1 IdProd2 QtyProd2 ...
201 52 33 671 1 200 1 360 1 596 1 417 1 278 2 310 1 319 2 323 1 325 1 334 1 597 2 341 1 667 1 82 1 337 1 547 1 345 1 673 1 390 1 89 1 59 1 77 2 16 2 17 1 55 1 57 2 64 1 21 1 22 1 37 2 38 2 53 1
61 15 24 335 1 382 1 546 1 473 2 280 1 459 2 281 1 307 2 128 1 42 2 218 1 28 1 313 2 412 1 319 2 321 2 322 1 323 1 334 1 347 1 597 1 344 1 147 1 59 1
97 24 29 379 1 423 1 132 1 523 1 335 1 336 1 301 1 528 1 518 1 495 1 424 1 280 1 307 1 42 1 28 1 319 1 321 1 322 1 323 1 334 1 344 1 347 1 601 1 291 1 8 1 151 1 308 2 61 1 251 1
139 35 20 159 1 330 1 357 1 572 1 132 2 335 1 509 1 336 1 393 1 508 1 503 1 280 1 307 2 5 1 42 1 319 2 321 2 322 1 323 1 341 1
154 39 24 87 1 330 1 290 1 103 1 612 1 335 1 336 1 200 1 382 1 640 1 280 1 307 1 42 1 218 1 320 1 321 1 322 1 333 1 339 1 342 1 344 1 346 1 347 1 24 1
163 42 24 86 1 330 1 290 1 312 1 454 2 335 1 201 1 280 1 307 1 218 1 558 1 28 1 320 1 321 2 322 1 506 1 333 1 344 1 346 1 347 1 643 1 377 2 227 1 648 1
//IdTournes NbColis
32 6
//IdColis IdCommandeInColis NbProducts IdProd1 QtyProd1 IdProd2 QtyProd2 ...
171 45 9 50 1 74 1 113 1 80 1 171 1 330 1 290 1 210 1 280 1
175 46 11 86 1 87 1 88 1 199 1 330 1 428 1 429 1 303 2 378 1 379 1 280 1
193 50 19 330 1 290 1 358 1 370 2 324 1 335 1 689 1 137 1 471 1 480 2 336 1 391 1 482 1 29 1 318 1 131 1 280 1 307 1 101 1
209 54 23 432 1 434 1 546 1 638 2 746 1 640 1 599 1 435 1 731 1 280 1 307 1 5 1 128 1 42 1 321 2 322 1 333 2 334 1 531 2 344 1 347 1 672 2 57 1
232 59 20 544 1 330 1 610 1 361 1 335 1 662 1 132 1 336 1 538 1 503 1 448 2 280 1 307 1 235 1 42 1 297 4 466 1 374 3 319 1 322 1
251 64 19 199 1 330 1 571 1 403 1 554 2 335 1 178 1 678 1 105 1 528 1 638 1 508 1 280 1 307 1 5 1 42 1 297 5 321 2 55 1
//IdTournes NbColis
33 6
//IdColis IdCommandeInColis NbProducts IdProd1 QtyProd1 IdProd2 QtyProd2 ...
289 74 19 330 1 378 2 423 1 358 2 335 1 500 1 696 1 492 2 336 1 498 1 382 2 201 1 280 1 307 1 218 1 297 2 328 1 401 1 321 1
296 76 24 81 1 254 1 330 1 487 1 335 1 132 1 514 1 336 1 678 1 209 1 488 1 503 1 280 1 307 1 218 1 42 1 320 1 321 1 322 1 333 1 339 1 342 1 344 1 22 1
76 19 12 610 1 290 2 303 2 295 4 454 1 288 1 465 2 436 3 554 1 324 2 335 1 42 1
168 44 16 47 1 81 1 86 1 330 1 177 1 210 1 132 1 45 1 211 1 335 1 644 1 209 1 336 1 25 1 31 1 281 1
92 23 16 387 1 357 1 461 1 155 2 284 1 358 1 436 3 324 1 619 2 554 2 335 1 625 1 340 1 397 1 315 1 22 1
86 21 20 344 1 345 1 533 1 511 1 547 1 455 1 464 2 168 1 59 1 61 1 77 2 24 1 55 1 57 2 64 1 4 2 21 1 22 1 37 2 152 1
//IdTournes NbColis
34 6
//IdColis IdCommandeInColis NbProducts IdProd1 QtyProd1 IdProd2 QtyProd2 ...
219 56 18 423 2 284 1 458 1 554 1 335 1 609 1 717 1 189 1 583 1 315 1 382 1 684 3 728 1 543 2 331 2 621 2 5 1 127 1
241 61 18 572 1 312 2 284 1 358 1 288 1 370 1 521 1 602 1 155 1 137 1 509 1 609 1 551 2 360 4 621 1 129 1 44 1 59 1
245 62 28 653 1 580 1 324 1 599 1 637 1 320 1 333 1 339 1 342 1 344 1 347 1 634 1 659 1 345 1 168 1 77 1 652 4 645 1 646 1 647 1 649 1 95 1 21 1 22 1 98 1 650 4 651 4 173 4
199 52 8 75 1 113 1 80 1 171 1 50 1 71 1 228 1 360 1
19 4 14 332 1 79 1 290 2 556 3 469 1 372 1 623 1 732 3 586 2 468 1 423 1 324 1 554 1 43 1
165 43 9 46 1 75 1 81 1 217 1 87 1 330 1 290 1 429 1 77 1
//IdTournes NbColis
35 6
//IdColis IdCommandeInColis NbProducts IdProd1 QtyProd1 IdProd2 QtyProd2 ...
176 46 19 423 3 329 1 554 1 335 1 155 2 576 1 590 1 593 1 336 1 482 1 638 1 508 1 488 2 560 1 596 1 244 2 369 1 307 1 181 1
71 18 16 330 1 372 1 626 1 478 1 472 1 572 2 312 2 137 1 458 1 465 2 389 2 629 1 326 2 474 3 524 1 77 1
259 66 8 81 1 217 1 226 1 87 1 46 1 75 1 548 1 127 2
244 62 7 83 1 226 1 245 1 86 1 88 1 47 1 422 1
307 80 7 217 1 226 1 87 1 46 1 75 1 81 1 422 1
79 19 15 345 1 294 1 311 1 61 1 68 1 77 2 167 2 162 1 169 1 55 2 64 1 4 2 21 1 22 1 37 2
//IdTournes NbColis
36 6
//IdColis IdCommandeInColis NbProducts IdProd1 QtyProd1 IdProd2 QtyProd2 ...
257 65 27 319 1 552 1 322 1 323 1 334 1 344 1 347 1 597 3 28 1 8 1 73 1 308 3 363 1 607 4 337 3 464 1 294 1 311 1 197 1 59 1 61 1 68 1 6 2 727 2 24 1 55 2 22 1
4 1 17 612 1 33 1 326 3 301 2 31 1 624 1 482 1 528 1 684 1 685 1 581 2 318 1 518 1 503 2 417 2 44 1 48 1
303 78 14 380 1 390 1 296 1 743 1 68 1 77 2 55 2 57 1 64 1 95 2 21 1 22 1 98 2 175 1
29 7 7 50 1 74 1 113 1 80 1 217 1 171 1 365 1
103 26 7 50 1 75 1 81 1 113 1 217 1 171 1 365 1
238 61 5 113 2 81 1 171 2 217 1 365 1
//IdTournes NbColis
37 6
//IdColis IdCommandeInColis NbProducts IdProd1 QtyProd1 IdProd2 QtyProd2 ...
284 73 7 81 1 226 1 86 1 87 1 46 1 75 1 365 1
33 8 8 49 1 74 1 80 1 113 1 185 1 219 1 303 1 100 1
56 14 7 50 1 75 1 113 1 81 1 217 1 171 1 303 1
63 16 9 46 1 75 1 113 1 81 1 171 1 140 1 330 1 303 1 21 1
75 19 7 50 1 74 1 113 1 80 1 217 1 219 1 303 1
80 20 7 47 1 75 1 81 1 88 1 226 1 86 1 303 1
//IdTournes NbColis
38 6
//IdColis IdCommandeInColis NbProducts IdProd1 QtyProd1 IdProd2 QtyProd2 ...
90 23 7 50 1 75 1 217 1 113 1 81 1 171 1 303 1
99 25 8 47 1 75 1 81 1 87 1 226 1 86 1 303 1 100 1
111 28 9 50 1 75 1 113 1 81 1 217 1 171 1 303 1 243 1 127 1
122 31 7 50 1 75 1 81 1 113 1 171 1 683 1 303 1
129 33 7 46 1 75 1 81 1 113 1 217 1 739 1 303 1
146 37 7 188 1 47 1 81 1 88 1 226 1 86 1 303 1
//IdTournes NbColis
39 6
//IdColis IdCommandeInColis NbProducts IdProd1 QtyProd1 IdProd2 QtyProd2 ...
149 38 8 46 1 75 1 81 1 87 1 217 1 226 1 303 1 10 1
159 41 8 46 1 75 1 81 1 87 1 217 1 226 1 303 1 243 1
180 47 7 49 1 74 1 113 1 80 1 185 1 219 1 303 1
212 55 9 74 1 113 1 80 1 217 1 219 1 50 1 303 1 703 1 127 1
217 56 9 74 1 113 1 80 1 185 1 219 1 49 1 303 1 181 1 127 1
226 58 7 75 1 81 1 226 1 86 1 87 1 47 1 303 1
//IdTournes NbColis
40 6
//IdColis IdCommandeInColis NbProducts IdProd1 QtyProd1 IdProd2 QtyProd2 ...
254 65 8 81 1 217 1 226 1 87 1 46 1 75 1 303 1 243 1
272 70 7 113 1 217 1 171 1 50 1 74 1 80 1 303 1
275 71 8 113 1 80 1 217 1 219 1 50 1 74 1 303 1 90 2
279 72 7 113 1 80 1 217 1 171 1 50 1 74 1 303 1
291 75 7 81 1 226 1 86 1 88 1 188 1 47 1 303 1
304 79 7 217 1 226 1 46 1 75 1 81 1 87 1 303 1
//IdTournes NbColis
41 6
//IdColis IdCommandeInColis NbProducts IdProd1 QtyProd1 IdProd2 QtyProd2 ...
45 11 8 46 1 75 1 81 1 87 1 217 1 226 1 368 1 119 1
263 67 8 113 1 80 1 185 1 219 1 49 1 74 1 537 1 170 1
300 77 17 547 2 566 1 59 1 61 3 165 2 77 2 170 1 16 2 56 1 57 2 64 1 22 1 37 2 38 2 62 1 688 1 695 1
288 74 8 81 1 217 1 226 1 87 1 46 1 75 1 410 1 59 1
23 5 8 46 1 75 1 81 1 87 1 217 1 226 1 385 1 309 1
295 76 8 226 1 86 1 88 1 188 1 47 1 203 1 494 1 55 1
//IdTournes NbColis
42 6
//IdColis IdCommandeInColis NbProducts IdProd1 QtyProd1 IdProd2 QtyProd2 ...
118 30 7 49 1 74 1 113 1 80 1 217 1 219 1 429 1
174 46 6 47 1 75 1 215 1 81 1 226 2 429 1
84 21 8 47 1 83 1 86 1 88 1 226 1 245 1 312 1 30 1
235 60 8 75 1 113 1 81 1 217 1 171 1 50 1 468 1 197 1
18 4 9 50 1 75 1 80 1 113 1 217 1 171 1 476 1 10 1 41 1
192 50 7 81 1 226 1 86 1 88 1 188 1 47 1 476 1
//IdTournes NbColis
43 6
//IdColis IdCommandeInColis NbProducts IdProd1 QtyProd1 IdProd2 QtyProd2 ...
87 22 8 50 1 74 1 113 1 80 1 171 1 217 1 384 1 6 1
156 40 8 49 1 74 1 113 1 80 1 185 1 219 1 385 1 92 2
70 18 8 46 1 75 1 81 1 217 1 87 1 686 1 702 1 477 1
162 42 9 47 1 203 1 75 1 81 1 88 1 226 1 588 1 197 1 243 1
223 57 8 74 1 113 1 80 1 217 1 171 1 50 1 588 1 61 1
142 36 7 188 1 47 1 81 1 88 1 226 1 86 1 327 1
//IdTournes NbColis
44 6
//IdColis IdCommandeInColis NbProducts IdProd1 QtyProd1 IdProd2 QtyProd2 ...
321 85 7 47 1 81 1 88 1 226 1 245 1 86 1 327 1
138 35 9 49 1 74 1 80 1 113 1 185 1 219 1 479 1 191 1 100 1
298 77 8 217 1 226 1 171 1 46 1 75 1 81 1 505 1 730 1
250 64 8 81 1 226 1 86 1 88 1 188 1 47 1 571 1 658 1
126 32 7 49 1 74 1 113 1 80 1 185 1 219 1 418 1
188 49 7 75 1 81 1 217 1 226 1 87 1 46 1 418 1
//IdTournes NbColis
45 6
//IdColis IdCommandeInColis NbProducts IdProd1 QtyProd1 IdProd2 QtyProd2 ...
246 63 7 113 1 80 1 217 1 219 1 50 1 74 1 527 1
269 69 7 113 1 217 1 171 1 50 1 75 1 81 1 418 1
243 61 17 481 1 445 1 77 2 730 1 166 1 16 2 17 1 56 3 57 3 64 2 85 1 22 1 37 2 38 2 111 1 58 1 175 1
323 85 17 333 1 342 1 344 1 346 1 347 1 339 1 511 1 547 1 150 1 59 2 77 2 24 1 55 2 64 1 95 2 21 1 98 2
14 3 7 46 1 75 1 81 1 217 1 113 1 171 1 556 1
41 10 8 50 1 74 1 113 1 80 1 217 1 219 1 556 1 90 1
//IdTournes NbColis
46 6
//IdColis IdCommandeInColis NbProducts IdProd1 QtyProd1 IdProd2 QtyProd2 ...
48 12 7 50 1 74 1 113 1 80 1 217 1 219 1 556 1
52 13 7 49 1 74 1 113 1 80 1 185 1 219 1 556 1
203 53 7 74 1 113 1 80 1 217 1 219 1 50 1 556 1
311 81 8 217 1 226 1 87 1 46 1 75 1 81 1 556 1 90 1
17 3 19 18 1 6 1 120 3 1 1 16 1 56 2 57 2 64 1 84 2 225 4 166 3 67 4 12 1 19 1 22 1 37 2 38 2 3 1 53 3
258 65 13 57 2 85 1 67 1 12 1 21 1 37 2 38 2 214 1 236 1 123 1 3 1 152 1 115 1
//IdTournes NbColis
47 6
//IdColis IdCommandeInColis NbProducts IdProd1 QtyProd1 IdProd2 QtyProd2 ...
89 22 21 150 1 165 1 77 1 163 1 7 1 16 1 153 1 24 1 55 1 57 2 64 1 225 1 78 1 95 2 21 1 22 1 98 2 156 1 257 1 126 1 94 1
59 14 4 37 2 38 2 116 1 94 1
66 16 3 94 1 144 1 104 1
55 13 4 21 1 37 2 38 2 104 1
216 55 8 57 2 64 1 84 1 85 1 22 1 37 2 38 2 707 1
37 9 8 49 1 74 1 113 1 80 1 185 1 219 1 102 1 23 1
//IdTournes NbColis
48 3
//IdColis IdCommandeInColis NbProducts IdProd1 QtyProd1 IdProd2 QtyProd2 ...
145 36 2 98 1 198 1
167 43 2 98 1 193 2
222 56 2 116 1 112 1
