//NbTournees
2
//IdTournes NbColis
1 6
//IdColis IdCommandeInColis NbProducts IdProd1 QtyProd1 IdProd2 QtyProd2 ...
1 1 15 40 1 135 2 49 1 124 1 84 1 74 2 90 1 123 1 91 1 130 2 2 1 1 1 83 2 85 1 66 1
2 1 26 92 1 120 1 140 1 126 1 73 1 75 3 136 1 142 2 58 1 17 1 25 1 26 2 36 1 50 1 52 1 61 1 4 1 8 1 16 1 22 1 70 1 82 1 67 1 34 1 31 1 96 1
6 2 19 111 1 144 1 15 2 109 1 3 1 23 1 45 1 54 1 107 1 147 1 97 1 96 1 105 1 148 1 150 1 157 1 159 1 146 1 100 1
8 3 29 87 1 101 1 65 1 69 2 73 1 75 1 81 2 106 1 17 1 25 1 66 1 76 1 102 1 103 1 16 1 19 1 39 1 64 1 89 1 70 1 104 1 82 1 67 1 93 1 99 1 5 1 6 1 31 1 51 1
12 4 25 155 1 64 2 163 2 132 1 70 2 82 1 5 2 14 1 28 1 31 1 51 1 54 2 62 1 152 1 29 1 47 1 157 1 159 1 160 1 164 1 146 1 161 1 165 1 153 1 154 1
11 4 25 32 1 55 1 118 2 141 1 87 2 129 1 133 1 137 1 151 1 139 1 7 1 166 1 114 1 125 1 17 1 25 2 27 1 36 1 121 1 66 2 103 1 16 1 33 1 60 1 162 1
//IdTournes NbColis
2 4
//IdColis IdCommandeInColis NbProducts IdProd1 QtyProd1 IdProd2 QtyProd2 ...
5 2 33 116 1 118 1 126 1 143 1 142 1 125 1 26 1 30 1 37 1 50 1 63 1 103 1 145 1 12 1 13 1 22 1 42 1 119 1 117 1 56 1 128 1 70 1 10 1 9 3 35 1 21 1 53 1 110 2 108 1 112 1 149 1 158 1 20 1
4 2 17 40 1 43 1 94 1 156 1 41 1 48 1 138 2 113 1 115 1 68 1 122 1 38 1 11 1 46 1 59 1 134 1 17 1
7 3 18 43 1 44 1 24 1 95 1 49 1 77 1 78 1 72 1 74 1 88 1 68 1 80 1 71 1 86 1 11 1 18 1 55 1 98 1
10 4 14 40 1 43 1 57 1 135 1 79 1 131 1 156 1 49 1 124 2 138 1 74 1 127 2 18 1 126 1
