//NbTournees
2
//IdTournes NbColis
1 6
//IdColis IdCommandeInColis NbProducts IdProd1 QtyProd1 IdProd2 QtyProd2 ...
3 1 28 78 1 5 1 37 2 31 1 63 1 30 1 36 1 16 1 101 1 20 1 109 1 2 1 52 1 61 1 110 1 66 1 69 1 79 1 91 1 107 1 56 2 46 2 62 1 65 1 43 1 49 1 64 1 108 1
7 2 14 32 1 37 2 74 1 31 1 16 1 20 1 88 1 2 1 59 1 61 1 66 1 91 1 42 1 51 1
8 3 20 7 1 14 1 98 1 24 2 13 1 15 1 28 1 72 1 68 1 71 1 77 1 84 1 90 1 94 1 97 1 102 1 58 1 105 1 18 1 66 1
12 4 14 37 1 74 1 30 1 36 1 88 1 60 1 53 1 52 1 59 1 61 1 66 1 91 1 92 1 44 1
6 2 27 39 1 11 1 17 2 29 1 12 1 41 1 103 1 18 2 4 1 76 1 80 1 48 1 55 1 81 1 34 1 35 1 99 1 1 1 38 2 93 1 25 1 67 1 78 1 86 1 100 1 5 1 52 1
1 1 18 21 1 50 1 22 1 24 2 40 1 6 1 15 1 33 1 26 1 28 1 10 1 72 1 68 1 97 1 9 1 39 2 11 1 45 1
//IdTournes NbColis
2 4
//IdColis IdCommandeInColis NbProducts IdProd1 QtyProd1 IdProd2 QtyProd2 ...
5 2 18 14 1 21 1 22 1 24 2 40 1 6 1 15 1 33 1 26 1 28 1 10 1 72 1 68 1 84 1 97 1 9 2 39 1 36 1
11 4 26 14 1 24 1 6 1 15 1 28 1 72 1 68 1 97 1 11 1 18 1 76 1 80 1 4 1 48 1 55 1 34 1 35 1 99 1 38 2 93 1 25 1 73 1 78 1 86 1 37 1 87 1
9 3 27 76 1 80 1 45 1 55 1 54 1 34 1 35 1 82 1 85 1 99 1 25 1 38 2 78 1 37 2 104 1 36 1 95 1 70 1 47 1 52 1 59 1 61 1 91 1 92 1 96 1 83 1 57 1
2 1 26 17 2 29 1 12 1 23 2 41 1 18 2 4 1 8 1 27 1 76 1 80 1 55 1 19 1 34 1 35 1 89 1 99 1 106 1 75 1 3 1 1 1 25 1 38 2 93 1 78 1 59 1
