//NbTournees
4
//IdTournes NbColis
1 6
//IdColis IdCommandeInColis NbProducts IdProd1 QtyProd1 IdProd2 QtyProd2 ...
3 1 26 108 1 6 1 14 2 18 2 21 1 53 1 140 1 163 1 165 1 167 1 173 1 180 1 142 1 60 2 8 1 112 1 12 1 55 1 129 3 144 2 64 2 65 1 143 2 187 1 79 1 70 3
19 5 19 80 1 161 1 177 2 181 2 137 1 141 1 107 1 108 1 192 1 115 1 142 1 48 4 60 2 112 1 129 3 144 2 64 3 70 1 47 1
11 3 17 124 1 147 2 170 1 182 1 152 1 150 1 56 1 131 1 139 1 171 2 174 2 31 1 81 1 123 1 158 1 85 1 5 1
21 6 20 82 1 124 1 134 1 146 1 183 1 130 1 131 1 139 1 171 1 174 1 101 1 127 1 95 1 103 1 117 1 177 1 181 1 141 1 106 1 201 1
7 2 20 174 2 186 1 138 1 177 2 181 3 151 1 102 1 153 1 168 1 172 1 106 1 27 1 104 1 162 1 83 1 93 1 191 1 15 1 78 1 189 1
15 4 27 83 1 18 1 99 1 126 1 34 1 48 1 63 2 20 1 64 2 87 1 57 1 13 1 89 1 94 1 84 1 86 1 70 6 29 3 71 3 10 1 51 3 54 3 16 1 72 3 30 1 41 1 23 1
//IdTournes NbColis
2 6
//IdColis IdCommandeInColis NbProducts IdProd1 QtyProd1 IdProd2 QtyProd2 ...
13 3 12 143 1 187 2 88 1 25 1 69 8 9 1 42 1 10 1 11 1 19 1 32 1 51 3
22 6 26 102 1 27 1 18 1 203 1 53 1 142 1 60 1 112 1 129 2 144 1 205 1 64 2 65 1 143 1 187 1 194 1 73 2 88 1 70 4 193 1 198 1 199 1 202 1 51 2 190 1 200 1
8 2 22 115 1 163 1 169 1 142 2 60 2 78 1 112 2 22 1 129 4 144 3 65 2 57 1 143 3 178 1 187 2 26 1 73 1 92 1 74 1 90 2 70 4 195 1
12 3 20 181 2 177 2 119 1 111 1 107 1 91 1 15 1 99 1 115 1 169 1 175 1 180 1 142 1 63 2 112 2 20 1 129 3 144 2 143 1 28 1
20 5 11 64 1 65 1 143 2 187 1 92 1 70 5 196 2 195 1 10 1 32 1 51 4
17 5 9 39 2 43 1 46 1 77 1 59 2 44 1 66 1 75 1 96 1
//IdTournes NbColis
3 6
//IdColis IdCommandeInColis NbProducts IdProd1 QtyProd1 IdProd2 QtyProd2 ...
18 5 17 114 1 98 2 128 1 134 1 147 1 182 1 183 1 152 1 97 1 166 1 130 1 131 1 139 1 171 2 174 2 204 1 70 1
2 1 20 171 1 174 2 176 1 184 1 122 1 149 1 181 2 188 1 206 1 177 1 207 1 100 1 133 1 109 1 132 1 136 1 106 1 17 1 14 1 24 1
5 2 15 39 1 46 1 76 1 44 1 66 1 75 1 37 1 33 1 67 1 68 1 105 1 118 1 124 2 125 1 53 1
14 4 23 67 1 68 1 114 1 110 2 124 1 147 1 150 1 152 1 120 1 121 1 130 1 113 1 149 1 151 1 109 1 50 2 58 2 61 2 62 2 106 1 108 1 14 1 70 1
10 3 13 38 1 46 1 59 1 77 1 40 1 66 1 208 1 209 1 210 1 67 1 110 2 124 1 156 1
1 1 18 46 1 76 1 36 1 44 1 66 1 75 1 67 1 68 1 114 1 145 1 148 1 157 1 179 1 152 1 185 1 131 1 139 1 35 1
//IdTournes NbColis
4 3
//IdColis IdCommandeInColis NbProducts IdProd1 QtyProd1 IdProd2 QtyProd2 ...
6 2 17 134 1 135 1 164 1 147 1 183 1 152 1 121 1 116 1 131 1 139 1 154 1 155 1 159 1 160 1 171 3 2 1 28 1
9 2 11 70 3 4 1 45 1 47 1 49 1 197 1 10 1 51 4 190 1 7 2 52 1
4 1 6 13 1 70 4 1 1 3 1 10 1 51 4
