//NbTournees
23
//IdTournes NbColis
1 6
//IdColis IdCommandeInColis NbProducts IdProd1 QtyProd1 IdProd2 QtyProd2 ...
54 17 13 68 1 53 1 98 1 127 1 402 1 120 1 43 1 119 1 196 1 106 1 172 1 136 1 74 1
124 41 24 186 1 187 1 198 1 191 1 208 1 144 1 48 1 200 1 207 1 374 1 304 1 197 1 381 1 205 3 371 1 237 1 239 1 27 1 137 1 28 1 72 1 88 1 24 1 20 1
35 11 25 353 1 101 1 139 1 143 1 179 1 186 1 187 1 194 1 373 1 208 1 144 1 40 1 48 1 57 2 160 1 166 1 171 1 176 1 193 1 372 1 288 1 271 1 74 3 15 1 146 2
70 22 21 177 1 199 1 414 1 353 1 357 2 305 1 38 1 412 1 34 1 139 1 140 1 187 1 192 1 350 1 419 1 183 1 424 1 144 1 57 1 72 1 73 1
75 24 21 37 1 170 1 199 2 395 1 353 1 290 1 115 1 143 1 162 1 179 1 181 1 186 1 187 1 302 1 116 1 390 1 138 1 62 1 28 1 73 1 19 1
97 32 21 68 1 52 1 30 1 106 1 172 1 69 1 155 1 159 1 165 1 184 1 190 1 201 1 238 1 178 1 170 1 199 2 353 1 138 1 28 1 22 1 19 1
//IdTournes NbColis
2 6
//IdColis IdCommandeInColis NbProducts IdProd1 QtyProd1 IdProd2 QtyProd2 ...
9 3 26 356 1 238 1 359 1 177 1 232 1 353 1 355 1 357 1 34 1 140 1 187 1 192 1 194 1 340 1 212 1 217 1 230 1 208 1 144 1 12 1 44 1 57 1 146 1 28 1 10 1 19 1
19 6 21 38 1 66 1 215 1 228 1 177 1 270 1 353 1 355 1 5 1 34 1 140 1 187 1 234 1 192 1 194 1 373 2 390 1 180 1 40 1 28 1 24 1
26 8 23 238 1 38 1 170 1 270 1 355 2 34 1 140 1 216 1 187 1 192 1 194 1 341 1 350 1 217 1 183 1 208 1 87 1 348 1 144 1 40 1 48 1 92 1 19 1
49 15 28 199 1 352 1 353 1 34 1 140 1 211 1 187 1 192 1 36 1 144 1 220 1 44 1 57 3 60 1 167 1 339 1 193 1 218 1 71 1 79 1 28 1 72 1 25 1 24 1 20 1 73 1 10 1 19 1
12 4 20 70 1 52 1 55 1 43 1 141 1 156 1 159 1 223 2 184 1 235 1 238 1 39 1 229 1 5 1 153 1 224 1 33 1 186 1 47 1 19 1
25 8 19 68 1 53 1 30 1 358 1 59 2 106 1 349 1 150 1 172 1 141 1 159 1 165 1 227 1 175 1 184 1 190 1 203 1 356 1 219 1
//IdTournes NbColis
3 6
//IdColis IdCommandeInColis NbProducts IdProd1 QtyProd1 IdProd2 QtyProd2 ...
47 15 15 70 1 51 1 99 1 43 1 221 2 59 2 124 1 172 2 69 1 210 1 155 1 159 1 226 1 165 1 160 1
66 21 20 68 1 53 1 30 1 141 1 156 1 159 1 184 1 236 1 235 1 351 2 421 1 423 1 238 1 359 1 204 1 396 1 29 1 161 1 4 1 19 1
123 41 23 53 1 30 1 384 1 358 1 196 1 141 1 156 1 159 1 184 1 202 1 235 1 238 1 154 1 195 1 204 1 29 1 39 1 153 1 179 1 62 1 40 1 4 1 19 1
104 34 20 178 2 142 1 245 1 170 2 199 1 353 1 37 1 399 1 143 1 34 1 258 2 385 1 180 1 240 1 398 1 144 1 57 2 28 1 10 1 401 1
115 38 26 269 1 238 1 270 1 353 1 37 1 179 1 186 1 198 1 268 1 415 1 240 1 62 1 208 1 144 1 40 1 48 1 57 1 200 1 271 1 197 1 205 2 371 1 237 1 28 1 72 1 19 1
55 17 20 157 1 159 1 175 1 182 1 184 1 190 1 201 1 203 1 320 1 356 1 238 1 359 1 178 1 29 1 38 1 142 1 170 2 403 1 10 1 19 1
//IdTournes NbColis
4 6
//IdColis IdCommandeInColis NbProducts IdProd1 QtyProd1 IdProd2 QtyProd2 ...
45 14 26 34 1 241 1 143 1 162 1 259 1 336 1 186 1 187 1 342 1 346 1 350 1 231 1 36 1 253 1 87 1 144 1 44 1 57 3 60 1 160 1 167 1 171 1 176 1 28 1 73 1 10 1
32 10 19 238 1 359 1 38 2 170 2 353 1 305 1 211 1 187 1 265 1 390 3 217 1 262 1 144 1 78 1 44 2 57 2 28 1 22 1 19 1
77 25 24 68 1 52 1 127 1 43 1 362 1 238 1 37 1 66 1 353 1 179 1 186 1 187 1 198 1 360 1 365 1 62 1 378 1 208 1 144 1 40 1 200 1 381 1 24 1 19 1
95 31 28 211 1 143 1 179 1 186 1 187 1 194 1 376 1 180 1 283 1 208 1 145 1 40 1 48 1 250 1 160 1 166 1 171 1 176 1 193 1 372 1 288 1 218 1 271 1 197 1 206 1 129 1 146 1 28 1
120 40 21 68 1 51 1 30 1 106 1 59 1 155 1 159 1 222 1 165 1 184 1 190 1 203 1 238 1 170 1 199 1 353 1 290 1 211 1 28 1 22 1 19 1
126 42 19 106 1 69 1 274 1 201 1 203 1 423 1 356 1 168 1 170 2 285 1 355 1 357 1 58 1 211 1 268 1 373 1 101 1 231 1 276 1
//IdTournes NbColis
5 6
//IdColis IdCommandeInColis NbProducts IdProd1 QtyProd1 IdProd2 QtyProd2 ...
128 43 20 70 1 53 1 43 1 159 1 263 1 184 1 269 1 287 1 238 1 427 1 281 1 353 1 37 1 211 1 143 1 179 1 194 1 415 1 24 1 19 1
38 12 23 199 1 370 1 353 1 272 1 143 1 179 1 186 1 187 1 409 1 198 1 373 1 428 1 183 1 144 1 40 1 57 2 60 1 166 1 173 1 193 1 271 1 304 1 74 1
44 14 17 344 1 201 1 203 1 238 1 359 1 422 1 427 1 178 1 38 1 66 1 242 1 256 1 170 1 199 3 414 1 353 1 153 1
60 19 20 68 1 51 1 30 1 59 1 69 1 159 1 165 1 184 1 190 1 238 1 168 1 37 1 242 1 170 1 209 1 370 1 353 1 123 1 208 1 19 1
89 29 23 199 1 370 1 353 1 290 1 37 1 273 1 179 1 186 1 187 1 198 1 373 1 284 1 62 1 208 1 144 1 57 3 44 1 60 1 166 1 173 1 200 1 374 1 71 1
130 44 19 68 1 53 1 127 1 30 1 159 1 165 1 190 1 238 1 242 1 170 1 199 1 290 1 370 1 353 1 39 1 273 1 186 1 62 1 146 1
//IdTournes NbColis
6 6
//IdColis IdCommandeInColis NbProducts IdProd1 QtyProd1 IdProd2 QtyProd2 ...
2 1 20 190 1 201 1 203 1 356 1 238 1 359 1 168 1 314 1 38 1 199 3 353 1 357 1 153 1 34 1 143 1 312 1 317 1 72 1 10 1 19 1
6 2 26 199 1 353 1 290 1 308 1 143 1 179 1 186 1 187 1 342 1 180 1 283 1 404 1 262 1 144 1 48 1 57 2 160 1 166 1 171 1 176 1 193 1 372 1 288 1 74 2 10 1 22 1
16 5 23 215 1 411 1 143 2 327 1 179 1 186 1 187 1 302 1 194 2 341 1 418 1 429 1 36 1 426 1 62 1 208 1 144 1 40 1 57 1 60 1 193 1 67 1 72 1
23 7 23 37 1 199 2 353 1 290 1 5 1 143 1 295 1 179 1 186 1 187 1 435 1 36 1 62 1 144 1 40 1 57 3 60 1 166 1 313 1 193 1 304 1 105 1 10 1
29 9 25 238 1 168 1 300 1 37 1 386 1 391 1 353 1 143 1 291 1 162 1 179 1 186 1 187 1 212 1 180 1 283 1 62 1 145 1 40 1 60 1 160 1 166 1 171 1 95 1 19 1
40 13 21 68 1 52 1 30 1 106 1 159 1 165 1 316 1 184 1 201 1 238 1 178 1 37 1 199 1 370 1 353 1 115 1 116 1 143 1 40 1 10 1 19 1
//IdTournes NbColis
7 6
//IdColis IdCommandeInColis NbProducts IdProd1 QtyProd1 IdProd2 QtyProd2 ...
52 16 24 296 1 178 1 37 1 170 2 353 1 290 1 143 1 179 1 186 1 187 1 36 1 297 1 41 1 144 1 40 1 57 3 60 1 166 1 169 1 193 1 303 1 392 1 28 1 19 1
56 17 25 353 1 357 1 34 1 143 1 187 1 192 1 397 1 161 2 36 1 152 1 164 1 144 1 44 1 45 1 60 1 57 3 151 1 160 1 166 1 171 1 193 1 74 3 149 1 71 1 25 1
58 18 19 68 1 51 1 30 1 59 1 106 1 159 1 165 1 184 1 190 1 203 1 37 1 170 1 199 2 305 1 143 1 179 1 186 1 122 1 22 1
61 19 24 143 1 179 2 186 1 187 1 198 1 373 1 180 1 283 1 144 1 12 1 40 2 48 1 57 3 277 1 166 1 171 1 176 1 200 1 372 1 288 1 271 1 197 1 205 1 26 1
64 20 21 170 2 199 2 270 1 353 1 355 1 357 1 143 1 162 1 298 1 186 1 187 1 194 1 394 1 161 1 183 1 62 1 208 1 40 1 48 1 92 1 28 1
67 21 23 37 1 413 1 395 1 153 1 143 1 179 1 186 1 187 1 194 1 415 1 161 1 231 1 233 1 417 1 62 1 208 1 425 1 144 1 40 1 57 1 48 1 193 2 237 1
//IdTournes NbColis
8 6
//IdColis IdCommandeInColis NbProducts IdProd1 QtyProd1 IdProd2 QtyProd2 ...
72 23 20 68 1 53 1 30 1 59 1 106 1 159 1 361 1 165 1 184 1 190 1 238 1 37 1 353 1 290 1 143 1 179 1 186 1 187 1 379 1 19 1
80 26 24 440 1 353 1 37 1 143 1 179 1 186 1 187 1 302 1 265 1 180 1 283 1 441 1 443 1 62 1 447 1 144 1 57 2 40 1 48 1 277 1 166 1 171 1 176 1 193 1
82 27 21 128 1 51 1 30 1 106 1 331 1 69 1 159 1 165 1 184 1 190 1 201 1 420 1 238 1 326 1 170 1 199 1 285 1 143 1 28 1 16 1 19 1
85 28 18 68 1 51 1 30 1 106 1 69 1 159 1 165 1 184 1 201 1 203 1 238 1 170 2 199 2 353 1 355 1 143 1 22 1 19 1
92 30 28 37 1 143 1 179 1 186 1 187 1 332 1 123 1 183 1 444 1 62 1 144 1 57 3 40 1 60 1 160 1 166 1 171 1 176 1 193 1 442 1 372 1 288 1 304 1 74 1 93 1 71 1 146 1 19 1
98 32 25 355 1 37 1 143 1 147 1 186 1 187 1 194 1 342 1 34 1 36 1 398 1 208 1 144 1 40 1 48 1 166 1 173 1 200 1 271 1 197 1 205 2 371 1 237 1 146 1 437 1
//IdTournes NbColis
9 6
//IdColis IdCommandeInColis NbProducts IdProd1 QtyProd1 IdProd2 QtyProd2 ...
101 33 23 290 1 37 1 143 1 147 1 179 1 186 1 187 1 194 1 373 1 397 1 161 1 183 1 208 1 144 1 60 1 40 1 167 1 173 1 193 1 271 1 197 1 206 2 371 1
107 35 28 353 1 305 1 37 1 407 1 66 1 143 1 179 1 186 1 187 1 302 1 36 1 62 1 145 1 57 3 44 1 45 1 60 1 160 1 166 1 171 1 193 1 405 1 304 1 381 1 406 1 93 1 73 1 10 1
112 37 31 170 1 199 2 353 1 38 1 143 1 186 1 187 1 34 1 161 1 217 1 433 1 144 1 40 1 48 1 57 1 166 1 169 1 193 1 392 1 105 1 122 1 439 1 131 1 71 1 28 1 72 1 61 1 24 1 20 1 16 1 19 1
118 39 28 170 2 199 1 353 1 38 1 143 1 295 1 187 1 192 1 34 2 212 1 36 1 144 1 60 1 160 1 166 1 171 1 193 1 71 1 146 1 28 1 72 1 292 1 219 1 61 1 2 1 24 1 20 1 73 2
121 40 28 37 1 455 1 143 1 179 1 186 1 187 1 183 1 246 1 62 1 144 1 40 1 60 1 166 1 173 1 193 1 304 1 71 1 146 1 457 1 72 1 61 1 456 1 110 1 21 2 24 1 84 1 20 1 73 2
134 45 28 37 1 143 1 328 1 179 1 186 1 187 1 180 1 283 1 62 1 144 1 40 1 57 1 60 1 160 1 166 1 171 1 193 1 434 1 26 1 71 1 146 1 61 1 88 1 25 1 24 1 20 1 73 2 22 2
//IdTournes NbColis
10 6
//IdColis IdCommandeInColis NbProducts IdProd1 QtyProd1 IdProd2 QtyProd2 ...
10 3 28 57 2 60 1 214 1 160 1 166 3 171 1 173 1 176 1 193 1 288 1 372 1 271 1 197 1 206 2 371 1 237 1 239 1 71 1 61 1 11 1 17 2 2 2 25 1 6 1 46 1 24 1 20 1 23 1
13 4 31 198 1 419 1 8 1 426 1 3 1 41 1 62 1 208 1 144 1 40 1 57 3 60 1 214 1 200 1 271 1 197 1 67 1 205 3 371 1 237 1 239 1 32 1 71 1 132 3 28 1 72 1 18 1 24 1 20 1 35 1 64 1
48 15 14 184 1 335 2 337 1 188 1 344 1 203 1 351 1 238 1 178 2 38 2 213 1 177 2 199 2 73 1
109 36 21 127 1 367 1 59 2 106 1 69 1 255 1 201 1 203 1 359 1 168 1 215 1 170 1 199 1 270 2 180 1 283 1 220 1 57 3 146 1 73 1 10 2
28 9 17 68 1 53 1 99 1 30 1 59 2 106 1 69 1 274 1 294 1 156 1 159 2 255 1 165 1 184 1 190 1 203 1 71 1
136 46 19 453 1 99 1 59 1 172 1 274 1 159 1 225 1 201 1 203 1 356 1 178 1 396 1 326 1 170 1 199 1 270 2 305 1 66 1 28 1
//IdTournes NbColis
11 6
//IdColis IdCommandeInColis NbProducts IdProd1 QtyProd1 IdProd2 QtyProd2 ...
139 47 20 70 1 52 1 43 1 358 1 59 1 150 1 172 1 333 1 159 1 201 1 203 1 238 1 356 1 450 1 170 1 338 1 199 1 353 1 217 1 73 1
3 1 31 187 1 192 1 393 1 318 1 180 1 319 1 283 1 164 2 144 1 44 1 45 3 57 7 60 1 151 1 167 1 169 1 388 1 193 1 392 1 15 1 26 1 71 1 132 1 61 1 11 1 2 1 7 1 1 1 13 1 14 1 73 1
20 6 27 283 1 208 1 144 1 57 2 60 1 151 1 160 1 166 1 171 1 176 1 193 1 288 1 372 1 218 1 271 1 197 1 206 2 371 1 237 1 239 1 71 1 72 1 61 1 20 1 63 1 10 2 22 1
41 13 24 295 1 179 1 186 1 187 1 194 1 373 1 36 1 441 1 208 1 311 1 144 1 48 1 57 3 160 1 166 1 171 1 193 1 271 1 122 1 197 1 205 1 206 1 371 2 237 1
73 23 19 183 1 62 1 144 1 220 1 40 1 48 1 166 1 173 1 193 1 369 1 71 1 146 1 28 1 72 1 61 1 14 1 24 1 20 1 73 2
83 27 25 370 1 353 1 37 1 179 1 186 1 187 1 194 1 350 1 397 1 265 1 183 1 208 1 144 1 57 1 40 1 48 1 166 1 173 1 193 1 271 1 197 1 206 2 371 1 146 1 24 1
//IdTournes NbColis
12 6
//IdColis IdCommandeInColis NbProducts IdProd1 QtyProd1 IdProd2 QtyProd2 ...
86 28 27 305 1 38 1 187 1 192 1 194 1 397 1 34 1 183 1 62 1 208 1 144 1 40 1 60 1 160 1 166 1 171 1 176 1 193 1 372 1 288 1 271 1 304 1 74 2 197 1 206 1 92 1 28 1
129 43 24 286 1 3 1 62 1 282 1 208 1 144 1 40 1 57 1 60 1 193 1 271 1 197 1 65 1 206 2 371 1 237 1 239 1 71 1 72 1 46 1 20 1 73 2 4 1 10 2
140 47 26 38 1 187 1 180 1 164 1 347 1 144 1 220 1 40 1 48 1 57 2 167 1 169 1 193 1 392 1 218 1 439 1 71 1 132 1 28 1 61 1 25 1 24 1 20 1 73 1 10 1 19 1
30 9 16 193 1 303 1 146 1 28 1 72 1 292 2 61 1 88 1 25 1 24 1 20 1 75 1 104 1 73 2 10 1 22 2
59 18 25 187 1 183 1 62 1 145 1 44 1 45 1 57 3 60 1 166 1 173 1 193 1 304 1 109 1 71 1 293 1 146 1 28 1 72 1 61 1 108 1 24 1 20 1 73 2 22 1 19 1
62 19 12 205 1 371 1 237 1 239 1 71 1 275 1 146 1 28 1 61 1 88 1 24 1 20 1
//IdTournes NbColis
13 6
//IdColis IdCommandeInColis NbProducts IdProd1 QtyProd1 IdProd2 QtyProd2 ...
76 24 23 180 1 283 1 145 1 57 1 40 1 48 1 158 1 166 1 171 1 176 1 185 1 193 1 372 1 288 1 304 1 146 1 72 1 61 1 121 1 14 1 24 1 20 1 22 1
131 44 28 198 1 289 1 373 1 33 1 183 1 208 1 145 1 40 1 60 1 166 1 173 1 193 1 271 1 197 1 205 2 371 1 239 1 237 1 379 1 458 1 71 1 72 1 61 1 459 1 88 1 24 1 20 1 19 1
7 2 14 304 1 74 2 65 1 71 1 146 1 72 1 61 1 11 1 2 1 56 1 21 1 24 1 20 1 73 1
18 6 18 70 1 52 1 43 1 59 2 159 1 222 1 165 1 184 1 201 1 203 1 356 1 238 1 359 1 168 1 38 2 58 1 146 1 19 1
24 7 18 105 1 74 2 408 1 93 1 71 1 79 1 107 1 146 1 28 2 72 1 61 1 14 1 100 2 25 1 24 1 84 1 20 1 73 2
39 12 17 197 1 65 1 205 2 371 1 237 1 239 1 71 1 91 1 146 1 83 1 28 1 72 1 61 1 80 1 24 1 20 1 22 1
//IdTournes NbColis
14 6
//IdColis IdCommandeInColis NbProducts IdProd1 QtyProd1 IdProd2 QtyProd2 ...
65 20 19 166 1 173 1 193 1 400 1 271 1 197 1 206 2 371 1 237 1 239 1 71 1 146 1 72 1 219 1 61 1 25 1 24 1 20 1 22 2
87 28 12 206 1 371 1 237 1 239 1 71 1 146 1 72 1 61 1 88 1 24 1 20 1 431 1
88 29 20 128 1 51 1 30 1 59 2 106 1 69 1 159 1 165 1 184 1 190 1 201 1 203 1 356 1 238 1 279 1 102 1 170 1 183 1 146 1 19 1
100 33 17 68 1 53 1 30 1 159 1 165 1 184 1 190 2 201 1 238 2 170 1 270 1 199 2 370 1 353 1 146 1 28 1 19 1
105 34 21 57 1 44 1 45 1 60 1 243 1 160 1 166 1 171 1 193 1 122 1 71 1 92 1 90 1 72 1 61 1 14 1 24 1 20 1 73 2 22 4 19 1
108 35 8 71 1 148 1 146 1 90 1 61 1 20 1 401 1 23 1
//IdTournes NbColis
15 6
//IdColis IdCommandeInColis NbProducts IdProd1 QtyProd1 IdProd2 QtyProd2 ...
127 42 19 180 1 283 1 280 1 449 1 398 1 57 2 277 1 171 1 176 1 288 1 372 1 271 1 197 1 205 1 371 1 237 1 239 1 146 1 10 1
137 46 21 395 1 355 2 407 1 350 1 334 1 36 1 277 1 171 1 176 1 343 1 372 1 288 1 271 1 304 1 197 1 205 1 371 1 237 1 239 1 146 1 28 1
141 48 15 59 1 106 1 69 1 278 1 377 1 366 1 183 1 368 1 173 1 176 1 146 1 380 1 117 1 108 1 383 1
142 49 20 59 1 344 1 201 1 203 1 168 1 170 1 199 2 180 1 283 1 375 1 62 1 164 1 173 1 363 1 122 1 146 1 113 1 112 1 73 2 22 1
99 32 10 239 1 71 1 92 1 148 1 436 1 72 1 61 1 11 1 24 1 20 1
33 10 31 57 1 60 1 160 1 254 1 167 1 260 1 267 1 193 1 372 1 82 1 67 1 408 2 32 1 9 1 71 1 47 1 96 1 244 1 91 1 76 1 72 1 61 1 77 1 85 1 21 1 103 1 89 1 24 1 20 1 73 3 22 1
//IdTournes NbColis
16 6
//IdColis IdCommandeInColis NbProducts IdProd1 QtyProd1 IdProd2 QtyProd2 ...
1 1 17 70 2 52 1 43 1 49 1 358 1 59 1 106 1 150 1 306 1 172 1 69 1 159 1 165 1 184 1 320 1 9 1 73 1
8 3 17 68 1 52 1 54 1 43 1 358 1 59 2 150 1 172 1 69 1 159 1 225 1 165 1 184 1 201 1 203 1 354 1 38 1
31 10 19 68 1 52 1 43 1 97 1 221 1 358 1 59 1 106 1 150 1 172 1 69 1 159 1 257 1 261 1 264 1 190 1 201 1 203 1 131 1
69 22 22 68 1 30 1 358 1 59 2 150 1 172 1 159 1 163 1 165 1 184 1 188 1 201 1 203 1 427 1 356 1 238 1 189 1 170 1 62 1 28 1 24 1 19 1
111 37 20 68 1 127 1 52 1 43 1 358 1 59 1 150 1 172 1 69 1 159 1 165 1 184 1 190 1 201 1 203 1 238 1 359 1 324 1 438 1 10 1
15 5 21 70 1 53 1 43 1 50 1 321 1 159 1 322 1 329 1 184 1 416 1 422 1 423 1 238 2 359 1 29 1 37 1 66 1 27 1 24 1 4 1 19 1
//IdTournes NbColis
17 6
//IdColis IdCommandeInColis NbProducts IdProd1 QtyProd1 IdProd2 QtyProd2 ...
22 7 19 70 1 53 1 43 1 106 1 172 1 69 1 307 3 309 1 159 1 225 1 165 1 184 1 190 1 201 1 356 1 238 1 178 1 122 1 19 1
74 24 18 68 1 51 1 98 1 30 1 59 2 159 2 165 1 174 1 184 1 387 1 201 1 238 1 359 1 154 1 168 1 396 1 71 1 73 1
103 34 19 70 1 53 1 127 1 43 1 59 2 106 1 172 1 159 1 255 1 165 1 184 1 362 1 190 1 201 1 203 1 238 1 154 1 73 1 10 1
114 38 14 68 1 133 1 53 1 454 1 30 1 134 1 135 1 384 1 452 1 247 1 251 1 263 1 184 1 24 1
43 14 17 68 1 52 1 127 1 30 1 59 2 106 1 249 1 248 1 172 1 252 1 159 1 165 1 266 1 184 1 316 1 190 1 62 1
106 35 21 70 1 53 1 43 1 106 1 59 1 249 1 172 1 69 1 159 1 165 1 299 1 184 1 190 1 203 1 201 1 238 1 178 1 170 2 24 1 73 1 19 1
//IdTournes NbColis
18 6
//IdColis IdCommandeInColis NbProducts IdProd1 QtyProd1 IdProd2 QtyProd2 ...
5 2 20 68 1 51 1 30 1 59 2 69 1 159 1 310 1 165 1 184 1 190 1 201 1 238 1 168 1 37 1 170 1 315 1 199 1 40 1 73 1 19 1
34 11 19 68 1 53 1 98 1 30 1 59 2 106 1 159 1 184 1 356 1 238 1 37 1 102 1 170 2 199 1 209 1 370 1 90 1 10 2 19 1
37 12 19 68 1 53 1 43 1 59 2 106 1 69 1 159 2 278 1 165 1 184 1 190 1 203 1 201 1 238 1 37 1 170 1 208 1 10 1 19 1
51 16 18 68 1 51 1 127 1 43 1 59 2 106 1 172 1 69 1 159 1 165 1 184 1 190 1 201 1 203 1 356 1 451 1 238 1 10 1
63 20 18 70 1 53 1 43 1 59 1 124 1 159 2 165 1 227 1 184 1 190 2 389 1 203 1 356 1 238 1 37 1 34 1 10 1 19 1
79 26 20 68 1 52 1 125 1 30 1 59 1 69 1 126 1 159 1 325 1 165 1 184 1 190 1 201 1 238 1 168 1 170 1 199 2 323 1 10 1 19 1
//IdTournes NbColis
19 6
//IdColis IdCommandeInColis NbProducts IdProd1 QtyProd1 IdProd2 QtyProd2 ...
91 30 19 68 1 51 1 43 1 106 1 59 2 159 1 278 1 165 1 184 1 190 1 201 1 238 1 170 1 199 2 353 1 290 1 446 1 10 1 437 1
94 31 21 68 1 52 1 30 1 106 1 172 1 159 1 165 1 184 1 190 1 201 1 238 1 189 1 170 1 199 1 370 1 353 1 29 1 37 1 62 1 10 1 19 1
117 39 22 68 1 53 1 30 1 106 1 59 1 172 1 159 1 165 1 299 1 184 1 301 1 190 1 203 1 389 1 201 1 356 1 238 1 178 1 40 1 47 1 10 1 19 1
133 45 20 68 1 51 1 43 1 59 1 106 1 159 1 165 1 184 1 190 1 201 1 203 1 356 1 238 1 330 1 170 1 199 2 353 1 28 1 73 1 19 1
27 8 21 57 2 160 1 167 1 171 1 176 1 193 1 345 1 271 1 197 1 206 2 237 1 239 1 71 1 28 1 61 1 88 1 25 1 24 1 20 1 75 1 35 1
110 36 9 45 1 160 1 171 1 176 1 369 1 372 1 288 1 382 1 73 1
//IdTournes NbColis
20 6
//IdColis IdCommandeInColis NbProducts IdProd1 QtyProd1 IdProd2 QtyProd2 ...
143 50 20 384 1 106 1 201 1 203 1 324 1 370 1 290 1 373 1 376 1 62 1 364 1 374 1 122 1 74 1 197 1 205 1 371 1 237 1 239 1 93 1
71 22 13 40 1 48 1 167 1 169 1 193 1 410 1 392 1 71 1 61 1 14 1 25 1 20 1 73 1
17 5 13 193 1 271 1 197 1 206 3 371 2 237 1 239 1 71 1 46 1 20 1 73 2 10 1 16 1
46 14 11 193 1 71 1 72 1 61 1 113 1 56 1 121 1 24 1 20 1 73 2 19 1
36 11 17 197 1 206 2 371 1 237 1 239 1 9 1 71 1 79 1 28 1 81 1 61 1 80 1 86 1 94 1 24 1 20 1 73 2
68 21 10 271 1 197 1 206 3 371 1 239 1 71 1 88 1 46 1 24 1 20 1
//IdTournes NbColis
21 6
//IdColis IdCommandeInColis NbProducts IdProd1 QtyProd1 IdProd2 QtyProd2 ...
78 25 10 271 1 197 1 205 2 371 1 237 1 239 1 71 1 72 1 20 1 4 1
90 29 12 304 1 197 1 205 2 371 1 237 1 239 1 28 1 61 1 2 1 88 1 24 1 20 1
96 31 9 206 1 371 1 237 1 239 1 71 1 72 1 61 1 24 1 20 1
81 26 9 372 1 82 1 71 1 28 2 61 1 25 1 24 1 20 1 73 2
84 27 6 237 1 239 1 71 1 61 1 88 1 20 1
102 33 12 237 1 239 1 71 1 72 1 61 1 430 1 432 1 24 1 20 1 130 1 431 1 73 2
//IdTournes NbColis
22 6
//IdColis IdCommandeInColis NbProducts IdProd1 QtyProd1 IdProd2 QtyProd2 ...
42 13 10 239 1 71 1 28 1 72 1 61 1 114 2 113 1 112 1 24 1 20 1
116 38 4 239 1 71 1 88 1 20 1
53 16 18 65 1 26 1 92 1 71 1 79 1 72 1 61 1 117 1 110 1 118 1 112 1 121 1 100 1 111 1 24 1 20 1 73 2 23 1
93 30 10 28 1 72 1 61 1 110 1 448 1 118 1 445 1 24 1 20 1 73 2
4 1 5 31 1 42 1 24 1 20 1 73 1
57 17 7 72 1 61 1 21 1 24 1 20 1 73 2 22 1
//IdTournes NbColis
23 1
//IdColis IdCommandeInColis NbProducts IdProd1 QtyProd1 IdProd2 QtyProd2 ...
113 37 2 73 2 437 1
