//NbTournees
6
//IdTournes NbColis
1 6
//IdColis IdCommandeInColis NbProducts IdProd1 QtyProd1 IdProd2 QtyProd2 ...
3 1 15 52 1 1 2 14 1 50 2 70 2 35 1 37 1 38 1 39 2 40 2 62 1 46 1 55 1 57 1 4 1
6 2 13 33 1 44 2 72 1 140 1 162 1 51 2 99 1 136 3 138 2 164 2 2 1 94 1 78 1
11 3 27 44 1 72 1 75 1 73 1 79 1 58 1 60 1 82 1 3 1 80 1 81 1 85 1 84 1 8 1 65 1 89 1 71 1 68 1 70 2 74 1 78 1 87 1 86 1 69 1 77 1 35 1 36 1
16 4 19 20 1 51 1 61 1 136 3 138 2 164 2 59 1 131 1 80 1 5 1 187 2 30 1 54 4 159 1 122 2 165 1 84 4 31 3 66 1
22 5 14 43 1 44 2 178 2 125 1 154 1 79 1 112 1 140 1 162 1 6 1 51 1 98 1 138 1 146 1
1 1 8 7 1 12 1 15 1 19 1 26 1 27 1 18 1 61 1
//IdTournes NbColis
2 6
//IdColis IdCommandeInColis NbProducts IdProd1 QtyProd1 IdProd2 QtyProd2 ...
4 2 5 7 2 12 2 15 1 27 1 11 1
9 3 7 7 1 12 1 15 1 17 1 19 1 27 1 41 1
13 4 6 7 2 12 2 15 1 29 1 114 1 103 1
20 5 6 7 2 12 2 15 1 27 1 72 1 179 1
25 6 8 7 1 12 1 15 1 17 1 19 1 26 1 72 1 128 1
28 7 7 7 1 12 1 15 1 26 1 27 2 72 1 51 1
//IdTournes NbColis
3 6
//IdColis IdCommandeInColis NbProducts IdProd1 QtyProd1 IdProd2 QtyProd2 ...
2 1 11 29 1 17 1 33 2 44 1 61 1 64 1 9 1 49 1 16 2 48 1 52 1
7 2 31 95 2 96 1 106 1 97 1 102 3 159 1 160 1 93 1 107 2 165 1 127 1 155 2 171 1 151 1 87 2 69 1 35 1 123 1 37 1 38 1 39 2 40 2 152 1 156 1 167 1 10 1 130 1 132 1 168 2 63 1 105 1
18 4 25 39 1 40 2 167 1 177 1 120 2 10 1 161 1 130 1 132 1 137 1 182 1 53 2 184 1 186 1 111 1 146 2 63 1 133 2 157 2 134 2 173 1 67 1 135 2 139 2 163 1
35 8 10 40 1 167 1 161 1 130 1 132 1 108 1 22 1 184 1 186 2 163 1
32 8 8 12 1 15 1 29 1 17 1 19 1 27 1 72 1 140 1
17 4 27 104 1 119 1 65 1 169 1 181 1 47 1 68 1 115 1 118 1 78 2 155 1 171 1 172 1 151 2 87 2 150 3 166 1 77 1 35 1 13 3 21 3 123 1 185 1 37 1 38 1 39 1 156 1
//IdTournes NbColis
4 6
//IdColis IdCommandeInColis NbProducts IdProd1 QtyProd1 IdProd2 QtyProd2 ...
30 7 25 44 1 20 1 59 1 28 1 70 1 145 1 35 1 147 1 23 1 56 2 143 1 37 1 38 1 39 2 40 2 46 1 137 1 32 1 25 1 34 1 36 2 124 1 148 2 134 1 141 1
15 4 12 43 1 44 2 72 1 149 2 24 1 45 1 180 1 112 1 128 1 140 1 162 2 53 1
5 2 8 27 1 29 1 17 1 19 1 26 1 33 1 72 1 153 1
10 3 7 27 1 29 1 33 2 43 1 44 1 72 1 83 1
14 4 6 17 1 19 1 27 2 33 2 72 1 42 1
21 5 7 27 1 29 1 17 1 19 1 33 2 72 1 128 1
//IdTournes NbColis
5 6
//IdColis IdCommandeInColis NbProducts IdProd1 QtyProd1 IdProd2 QtyProd2 ...
26 6 10 27 1 29 1 33 2 44 1 149 1 125 1 129 1 60 1 61 1 108 1
29 7 8 29 1 17 1 19 1 33 2 44 1 113 1 60 1 144 1
33 8 6 33 2 43 1 44 2 92 1 149 1 183 1
12 3 10 88 1 90 1 37 1 38 1 39 2 40 2 62 1 46 1 36 1 76 1
23 5 34 136 2 164 1 170 1 159 1 169 1 70 2 115 1 118 1 121 1 127 1 175 1 172 1 151 1 87 1 86 1 69 1 35 1 110 1 126 1 37 1 38 1 39 1 40 2 167 1 144 1 91 1 161 1 46 1 130 1 132 1 34 1 53 1 184 1 186 1
27 6 17 100 1 81 1 122 1 142 1 68 1 70 1 121 2 151 1 150 2 35 1 37 1 38 1 39 1 40 1 101 1 146 1 109 1
//IdTournes NbColis
6 2
//IdColis IdCommandeInColis NbProducts IdProd1 QtyProd1 IdProd2 QtyProd2 ...
34 8 24 75 2 117 1 128 1 162 1 176 1 61 1 138 1 136 2 164 1 170 1 169 1 174 1 121 3 172 1 151 2 87 1 69 1 35 1 116 1 110 1 37 1 38 1 39 1 163 1
8 2 2 105 2 158 2
