//NbTournees
2
//IdTournes NbColis
1 6
//IdColis IdCommandeInColis NbProducts IdProd1 QtyProd1 IdProd2 QtyProd2 ...
1 1 11 24 1 30 1 38 1 72 1 74 1 57 1 2 2 9 1 10 1 11 1 49 1
2 1 18 12 1 61 2 69 1 80 1 59 1 79 1 1 1 3 1 16 1 6 3 13 1 14 1 15 2 23 2 31 1 32 1 29 1 33 1
3 2 14 40 1 63 1 73 2 71 1 76 1 60 2 2 2 9 1 10 2 11 2 12 1 22 2 25 1 75 1
4 2 33 35 1 51 1 55 1 39 1 42 1 56 1 62 1 70 3 81 1 65 1 69 1 59 1 21 1 82 1 83 1 52 2 1 1 16 1 27 1 77 1 5 1 13 1 14 1 15 2 23 5 32 1 20 1 26 1 28 1 29 3 37 1 75 1 78 1
6 3 20 41 1 44 1 34 1 60 1 19 1 2 1 8 1 9 1 10 1 11 1 12 1 43 1 47 1 86 1 84 1 91 1 54 1 18 1 62 4 5 1
7 3 21 46 2 87 1 95 1 92 1 59 1 85 1 1 1 3 1 94 1 6 1 13 1 15 1 31 1 32 1 93 1 90 1 29 3 36 2 88 1 89 2 96 4
//IdTournes NbColis
2 1
//IdColis IdCommandeInColis NbProducts IdProd1 QtyProd1 IdProd2 QtyProd2 ...
8 4 24 48 2 50 1 7 1 2 2 9 1 10 1 11 1 12 1 53 1 68 2 58 1 66 1 45 1 64 1 4 1 17 1 67 1 69 2 3 1 13 1 15 1 31 1 32 1 36 1
