//NbTournees
9
//IdTournes NbColis
1 6
//IdColis IdCommandeInColis NbProducts IdProd1 QtyProd1 IdProd2 QtyProd2 ...
22 5 10 194 1 69 1 191 1 81 1 10 1 192 1 9 1 7 1 94 1 272 1
16 3 28 59 1 48 1 23 1 30 1 200 1 43 1 206 1 118 2 290 1 199 1 126 1 54 1 345 2 88 1 113 1 1 1 297 1 31 1 130 2 17 2 180 1 15 2 347 1 101 1 124 1 114 1 174 1 205 1
47 11 19 7 2 188 1 123 1 26 1 211 1 157 1 135 1 6 1 128 1 357 1 372 1 111 1 115 1 136 1 32 2 352 1 355 1 269 1 184 2
14 3 11 202 1 203 1 10 1 9 1 29 1 291 1 7 2 25 1 283 1 163 1 179 1
45 11 8 202 1 91 1 73 1 215 1 261 1 99 1 10 1 119 1
55 12 24 167 1 177 1 184 2 166 1 175 1 120 1 143 1 104 1 47 2 155 1 39 1 53 2 144 1 64 1 42 2 147 1 46 2 149 1 50 2 48 1 154 1 30 1 140 1 31 1
//IdTournes NbColis
2 6
//IdColis IdCommandeInColis NbProducts IdProd1 QtyProd1 IdProd2 QtyProd2 ...
20 4 25 96 2 292 1 288 1 34 1 289 1 3 1 32 1 269 2 287 1 95 1 223 1 61 1 48 1 93 1 60 1 46 1 50 1 39 1 221 1 225 1 217 1 30 1 293 1 43 1 275 1
1 1 6 106 1 227 1 229 1 230 1 231 1 322 1
2 1 12 231 1 10 1 236 1 99 1 89 1 9 1 326 1 358 1 8 1 11 1 362 1 44 1
26 6 16 10 1 238 1 348 1 25 1 331 2 283 2 332 1 351 1 164 1 123 1 87 1 228 1 84 1 143 1 83 1 82 1
36 9 10 227 1 231 1 99 1 10 1 45 1 236 1 9 1 33 1 105 1 232 1
48 11 28 84 1 138 1 95 2 213 1 47 1 263 1 264 1 85 1 42 1 46 2 210 1 50 2 39 1 217 1 219 1 262 1 82 1 48 1 125 1 30 1 209 1 43 1 206 1 312 1 118 2 76 1 112 1 114 1
//IdTournes NbColis
3 6
//IdColis IdCommandeInColis NbProducts IdProd1 QtyProd1 IdProd2 QtyProd2 ...
8 2 8 247 1 245 1 244 1 73 1 246 1 71 1 10 1 314 1
30 7 27 365 1 282 1 6 1 339 1 369 1 330 1 342 1 3 1 32 1 120 1 343 1 104 1 44 1 47 1 39 1 42 1 46 2 48 1 50 2 30 1 43 1 126 1 49 1 172 1 340 1 121 1 40 1
50 11 16 356 1 180 1 16 2 15 2 133 3 196 1 124 1 36 1 214 1 254 1 109 1 212 1 373 1 207 2 66 1 216 1
4 1 20 274 2 281 1 123 1 282 2 267 1 6 1 361 1 346 1 3 2 175 1 166 1 228 1 120 1 204 1 256 1 61 1 48 2 85 2 60 1 324 1
5 1 29 60 1 46 2 243 1 50 2 39 1 259 1 30 1 295 1 125 1 43 2 258 1 257 1 56 1 4 1 126 1 49 1 58 1 260 1 323 1 280 1 1 1 31 2 363 1 17 2 107 1 12 1 162 2 356 1 15 1
11 2 29 166 1 75 1 59 1 72 1 48 1 67 1 46 2 210 1 243 1 50 1 39 1 60 1 30 1 300 1 70 1 43 1 312 4 76 1 290 1 315 1 320 1 126 1 222 1 313 1 318 1 360 1 1 1 266 1 17 1
//IdTournes NbColis
4 6
//IdColis IdCommandeInColis NbProducts IdProd1 QtyProd1 IdProd2 QtyProd2 ...
15 3 23 28 1 160 1 27 1 24 1 26 2 267 1 6 1 178 1 346 1 177 1 32 1 44 1 204 1 155 1 75 1 62 1 83 1 60 1 46 2 50 1 201 1 39 1 31 1
23 5 29 309 1 283 1 332 1 334 1 333 1 193 1 60 1 46 1 50 1 195 1 39 1 48 1 30 1 300 1 276 1 43 1 57 1 56 1 126 1 116 1 335 1 1 1 31 1 131 1 336 2 17 1 311 1 20 1 197 1
27 6 30 48 1 85 1 237 1 239 1 50 1 195 1 39 1 53 1 60 1 64 1 46 2 30 1 78 1 55 1 43 1 65 1 183 1 139 1 126 1 54 1 86 1 88 1 38 1 1 1 31 1 349 1 350 2 17 2 122 1 15 2
33 8 22 7 1 160 1 334 1 2 2 123 1 135 1 299 1 305 1 184 3 301 1 298 1 61 1 62 1 51 1 39 1 53 1 59 1 60 1 64 1 48 1 46 1 296 1
37 9 22 273 1 21 1 7 1 163 1 179 1 272 1 274 1 281 1 271 1 267 1 98 1 32 1 268 1 269 1 115 1 104 1 82 1 48 1 60 1 46 1 50 1 103 1
42 10 26 308 1 108 1 157 1 98 1 128 1 177 2 44 1 46 2 50 1 39 1 60 1 48 1 30 1 57 1 65 1 169 2 126 1 127 1 116 1 86 1 310 1 121 2 327 1 1 1 297 1 31 1
//IdTournes NbColis
5 6
//IdColis IdCommandeInColis NbProducts IdProd1 QtyProd1 IdProd2 QtyProd2 ...
59 13 34 314 1 136 1 330 1 268 1 166 1 155 1 46 1 149 1 50 1 39 1 60 1 48 1 125 1 200 1 43 1 329 1 126 1 327 1 172 1 1 1 297 1 302 1 17 1 311 1 278 1 122 1 15 1 101 1 124 1 254 1 220 1 249 1 40 1 253 1
9 2 11 208 1 359 1 9 1 286 1 119 1 358 2 273 1 21 2 19 2 7 2 31 1
34 8 30 46 1 67 1 50 1 30 1 295 1 300 1 55 1 43 1 57 1 65 1 183 1 304 1 52 1 56 1 126 1 54 1 58 1 116 1 297 1 302 1 1 1 31 1 17 2 122 2 15 2 133 1 303 1 124 1 68 1 66 1
38 9 31 233 1 39 1 53 1 30 1 276 1 277 1 100 1 209 1 43 1 275 1 169 1 97 1 265 1 126 1 86 1 280 2 1 1 266 1 102 1 31 1 17 1 278 1 279 1 15 1 270 1 133 1 101 1 124 1 220 2 234 2 235 1
46 11 13 208 1 89 1 291 1 9 1 33 1 218 1 353 2 25 1 354 1 163 2 179 1 19 1 120 1
56 12 29 153 1 169 2 183 1 189 2 139 1 56 1 145 1 126 1 97 1 172 2 1 2 31 1 110 1 17 2 162 1 180 1 15 2 41 1 124 1 142 1 146 1 152 1 170 1 174 1 148 1 151 1 158 1 40 1 156 1
//IdTournes NbColis
6 6
//IdColis IdCommandeInColis NbProducts IdProd1 QtyProd1 IdProd2 QtyProd2 ...
40 10 10 251 1 248 1 250 1 80 1 10 1 92 1 306 1 9 1 11 2 309 1
18 4 8 90 1 91 1 226 1 69 1 10 1 224 1 45 1 220 1
32 8 11 69 1 10 1 63 1 294 1 358 2 9 1 367 1 163 2 164 1 179 1 7 1
25 6 8 79 1 150 1 71 1 80 1 81 3 45 1 9 1 241 1
52 12 9 141 1 79 1 150 1 99 1 10 1 9 1 190 1 159 1 186 2
43 10 17 31 1 307 1 366 2 17 2 311 2 338 1 20 1 15 2 252 1 124 1 36 2 109 1 152 1 249 1 234 1 198 1 253 1
//IdTournes NbColis
7 6
//IdColis IdCommandeInColis NbProducts IdProd1 QtyProd1 IdProd2 QtyProd2 ...
24 5 9 278 1 122 2 337 1 338 1 15 1 196 1 124 1 36 1 198 1
21 4 13 290 1 4 1 97 1 126 1 222 1 121 1 1 1 31 1 17 1 180 1 279 1 15 1 124 1
29 7 12 45 1 10 1 291 2 358 1 9 1 163 2 179 1 7 2 188 1 334 1 176 1 41 1
58 13 10 106 1 255 1 203 1 10 1 9 1 218 1 331 1 283 1 332 1 328 1
28 6 7 240 1 124 1 242 1 37 1 234 1 77 1 341 1
19 4 15 89 1 92 1 285 1 33 1 9 1 273 1 286 1 291 1 7 1 94 1 283 1 284 1 179 1 282 1 35 1
//IdTournes NbColis
8 6
//IdColis IdCommandeInColis NbProducts IdProd1 QtyProd1 IdProd2 QtyProd2 ...
12 2 14 17 1 110 1 20 1 22 1 129 3 279 2 180 1 338 2 15 2 16 3 124 1 317 1 74 1 66 1
41 10 12 159 2 332 1 353 2 7 2 188 1 283 2 160 1 274 1 365 1 364 1 282 2 67 1
54 12 12 188 1 176 1 182 1 26 1 165 1 96 5 173 2 185 5 157 1 135 1 178 1 181 1
49 11 24 126 1 127 1 137 1 97 1 371 1 4 2 113 1 116 2 117 1 121 1 345 2 313 2 370 1 266 2 1 1 130 1 131 1 132 2 134 1 31 2 110 1 17 2 122 1 129 3
31 7 13 88 2 1 1 368 1 31 2 17 2 279 2 12 1 344 1 15 2 16 1 124 1 36 2 341 1
6 1 8 15 1 16 2 321 2 124 1 13 1 37 1 114 1 317 1
//IdTournes NbColis
9 3
//IdColis IdCommandeInColis NbProducts IdProd1 QtyProd1 IdProd2 QtyProd2 ...
3 1 12 5 1 7 2 168 2 325 1 163 2 164 1 179 1 94 2 2 2 334 1 160 1 14 1
53 12 10 161 1 163 2 164 2 168 1 171 2 179 2 187 1 19 2 7 2 160 1
10 2 15 179 1 309 1 163 2 353 1 94 1 25 1 2 3 176 1 319 1 308 1 282 1 346 1 18 1 316 1 268 1
