//NbTournees
14
//IdTournes NbColis
1 6
//IdColis IdCommandeInColis NbProducts IdProd1 QtyProd1 IdProd2 QtyProd2 ...
1 1 25 159 1 267 1 28 1 166 1 100 1 483 1 92 1 11 1 519 1 56 1 58 1 482 1 7 1 8 1 20 1 23 1 53 1 85 1 86 1 357 2 367 1 354 1 1 1 45 1 75 1
4 2 19 37 1 33 1 279 1 209 1 166 1 10 2 384 1 433 1 570 1 194 1 255 1 40 1 44 1 52 1 58 1 94 1 7 1 8 2 2 1
8 3 24 30 1 346 1 379 1 18 1 44 1 63 2 64 1 83 1 98 1 595 1 3 1 7 1 8 1 20 2 23 1 77 1 84 1 85 1 93 1 437 1 516 1 393 1 5 1 436 1
62 20 28 120 1 113 1 433 1 447 1 421 1 22 1 44 1 56 1 3 1 7 1 8 1 20 2 23 1 431 1 85 1 367 1 377 1 386 1 357 1 413 1 25 2 190 1 69 1 415 1 32 1 81 1 282 1 210 1
74 25 36 10 1 230 1 19 1 3 2 8 1 20 1 424 1 428 1 85 1 443 1 190 1 329 1 404 1 74 1 148 1 343 1 412 1 417 1 220 1 153 1 214 1 411 1 291 1 181 1 242 1 163 1 173 1 436 1 441 1 434 1 185 2 422 1 224 1 226 1 162 2 195 1
82 29 32 117 1 105 1 209 2 379 1 424 1 427 1 428 1 429 1 85 1 417 1 363 1 214 1 181 1 410 1 163 1 173 1 185 2 162 2 224 1 226 1 195 1 219 1 193 1 221 2 263 2 453 2 247 2 176 1 177 1 204 1 208 1 187 1
//IdTournes NbColis
2 6
//IdColis IdCommandeInColis NbProducts IdProd1 QtyProd1 IdProd2 QtyProd2 ...
2 1 41 78 1 561 1 443 1 90 1 170 1 49 1 60 1 66 1 67 1 74 1 81 1 88 1 403 1 261 1 571 1 594 1 82 1 181 1 325 1 163 2 436 1 591 1 24 1 185 3 97 1 79 1 589 1 14 1 70 1 96 1 226 1 162 3 224 1 80 1 496 1 195 2 219 2 4 1 263 3 193 1 439 1
13 4 21 480 1 6 1 205 2 224 1 226 1 286 1 4 1 193 1 234 2 263 2 439 2 167 1 197 2 572 1 204 1 208 1 172 1 179 2 231 1 348 1 577 1
49 16 46 326 1 300 2 196 1 212 1 287 1 356 1 305 2 324 1 331 1 339 1 160 1 175 1 416 1 181 1 328 1 249 1 163 1 174 2 325 1 334 1 434 1 185 2 321 1 55 1 162 1 205 1 224 1 226 1 195 1 219 1 4 1 193 1 234 2 263 2 197 2 439 2 204 1 208 1 314 1 333 1 342 1 335 1 309 1 311 2 236 1 348 2
60 19 42 319 1 141 1 203 1 343 1 278 1 282 1 326 1 365 1 257 1 300 2 349 1 356 1 151 1 430 1 181 1 390 1 163 1 426 1 436 1 185 2 129 1 70 1 205 2 224 1 226 1 195 1 219 1 4 1 133 1 193 1 234 2 235 2 197 2 439 2 373 1 182 1 204 1 208 1 227 1 179 1 440 2 223 1
84 30 37 159 1 105 1 419 1 10 1 420 1 8 1 20 1 23 1 428 1 84 1 85 1 75 1 444 1 60 1 142 1 66 1 300 1 181 1 450 1 163 1 323 1 173 1 185 2 70 1 162 2 442 1 425 1 195 1 219 1 4 1 446 1 193 1 221 1 197 2 204 1 208 1 218 1
98 36 36 293 1 403 1 259 1 358 1 356 2 149 1 430 1 617 1 181 1 325 1 274 2 232 1 111 1 438 1 445 1 95 1 490 1 185 3 301 1 454 1 6 1 96 1 615 1 205 3 224 1 226 1 195 1 219 2 4 2 12 2 193 2 234 3 235 3 197 3 405 1 272 3
//IdTournes NbColis
3 6
//IdColis IdCommandeInColis NbProducts IdProd1 QtyProd1 IdProd2 QtyProd2 ...
39 13 27 258 1 209 1 479 1 52 1 146 1 468 1 478 1 482 1 7 1 8 2 20 2 23 1 145 1 85 1 233 1 383 2 469 1 443 1 444 1 199 1 206 1 243 1 455 1 472 1 203 1 408 1 212 1
67 22 25 33 1 362 1 284 1 420 1 462 1 285 1 230 1 119 1 58 1 478 1 7 1 8 1 20 2 23 1 85 1 340 1 393 1 26 1 467 1 75 1 443 1 329 1 241 2 455 1 193 1
80 28 32 419 1 400 1 297 1 483 1 456 1 499 1 83 1 20 1 424 1 427 1 428 1 85 1 435 1 353 1 357 1 464 1 503 1 489 1 486 1 403 1 501 2 317 1 349 1 416 1 276 1 181 1 163 1 401 2 112 1 185 1 454 1 236 1
5 2 31 16 1 20 2 23 1 85 1 545 1 200 1 340 1 5 1 26 1 61 2 75 1 561 2 569 1 229 1 228 1 69 1 248 1 241 1 74 1 512 1 88 1 152 1 556 1 39 2 186 1 211 1 259 1 580 1 158 1 225 1 195 1
15 5 31 273 1 46 1 281 1 17 1 22 1 89 1 54 1 7 1 8 1 20 1 23 1 471 1 85 1 567 1 156 1 244 1 266 1 5 1 15 1 25 1 43 1 57 1 560 1 90 1 543 1 241 1 278 1 259 1 265 1 62 1 210 1
18 6 39 7 1 8 1 16 1 20 1 23 1 85 1 567 1 189 1 312 1 353 1 5 1 91 1 78 1 69 1 316 1 319 1 32 1 67 1 584 1 592 1 298 1 305 1 175 1 310 1 164 1 280 1 181 1 289 1 163 1 325 1 334 1 27 1 587 1 95 1 185 2 55 1 70 1 162 2 304 1
//IdTournes NbColis
4 6
//IdColis IdCommandeInColis NbProducts IdProd1 QtyProd1 IdProd2 QtyProd2 ...
42 14 25 460 1 284 1 36 1 384 1 285 1 230 1 7 1 8 1 20 2 23 1 77 1 85 1 244 1 5 1 494 1 190 1 90 1 170 1 241 1 141 2 470 1 477 1 171 1 282 1 492 1
48 16 26 106 1 418 1 279 1 344 1 271 1 40 1 432 1 8 1 20 2 23 1 428 1 85 1 435 1 437 1 306 1 312 1 340 1 386 1 393 1 5 1 443 1 444 1 66 1 81 1 152 1 55 1
72 24 30 419 1 254 1 346 1 392 1 384 1 285 1 104 1 465 1 7 1 8 1 20 2 23 1 85 1 437 1 353 1 5 1 75 1 477 1 364 1 500 1 175 1 310 1 151 1 13 1 430 1 181 1 163 1 457 1 426 1 484 1
86 31 27 109 1 258 1 254 1 347 1 461 1 126 1 463 1 495 1 471 1 5 1 443 1 343 1 278 1 196 1 268 1 164 1 485 1 289 1 473 1 215 1 323 1 242 1 252 1 505 1 251 1 348 1 504 1
11 4 17 38 1 29 1 9 1 35 1 284 1 28 1 10 1 230 2 21 1 68 1 19 1 146 1 495 1 7 1 8 2 20 2 195 1
21 7 30 115 1 338 1 7 1 8 2 20 2 23 1 110 1 138 2 53 1 85 1 244 1 354 1 464 1 25 1 467 1 75 1 91 1 229 1 137 1 536 1 329 1 241 1 136 1 512 1 114 1 326 1 350 1 358 1 212 2 204 1
//IdTournes NbColis
5 6
//IdColis IdCommandeInColis NbProducts IdProd1 QtyProd1 IdProd2 QtyProd2 ...
25 8 40 18 1 108 1 44 1 146 2 7 1 8 1 20 1 23 1 143 1 471 1 85 1 65 1 32 1 60 1 568 1 212 1 260 1 605 1 583 1 155 1 175 1 164 1 253 1 181 1 289 1 163 1 270 1 445 1 185 2 162 2 224 1 226 1 195 1 219 1 12 1 133 1 193 1 221 2 263 1 231 1
27 9 16 30 1 122 1 106 1 362 1 130 1 92 1 294 1 192 1 7 1 8 2 20 2 23 1 85 1 435 1 545 1 60 1
30 10 17 118 1 150 1 124 1 35 1 209 1 121 1 483 1 165 2 359 1 292 1 281 2 102 1 104 1 539 1 7 1 8 1 87 1
33 11 19 109 1 106 1 258 1 120 1 132 1 207 1 295 1 103 1 519 1 135 1 18 1 482 1 7 1 8 2 20 2 23 2 145 1 471 1 406 1
59 19 24 122 1 9 1 414 1 341 1 296 1 423 1 22 1 56 1 7 1 8 1 20 1 23 1 85 1 306 1 367 1 383 1 386 1 353 1 357 1 169 1 443 1 229 1 206 1 149 1
97 36 26 613 1 288 1 68 1 614 1 19 1 18 1 22 1 611 1 468 1 514 1 7 1 8 2 20 2 23 2 612 1 431 1 85 2 93 1 616 1 383 1 26 1 443 2 141 1 568 1 619 1 476 1
//IdTournes NbColis
6 6
//IdColis IdCommandeInColis NbProducts IdProd1 QtyProd1 IdProd2 QtyProd2 ...
37 12 34 240 1 165 1 125 1 447 1 44 1 8 1 20 2 23 1 48 1 428 1 85 1 367 1 233 1 353 1 45 1 139 1 561 1 404 1 503 1 31 1 358 1 261 1 210 1 253 1 280 1 13 1 485 1 565 1 181 1 291 1 390 1 163 1 579 1 195 1
56 18 25 119 1 513 1 479 1 533 1 83 1 539 1 8 2 20 2 23 2 428 1 85 2 93 1 542 1 169 1 189 1 336 1 337 1 357 1 353 2 354 2 134 1 75 1 469 1 546 1 229 1
70 23 27 117 1 47 1 73 1 341 1 447 1 368 1 388 1 521 1 98 1 8 1 20 1 424 1 428 1 85 1 516 1 337 1 383 1 353 1 357 1 144 1 520 1 190 1 315 1 66 1 517 1 389 1 412 1
88 32 41 522 1 419 1 513 1 514 1 8 1 20 1 424 1 428 1 85 1 26 1 45 1 443 1 329 1 88 1 212 1 518 1 181 1 328 1 163 1 334 1 232 1 484 1 434 1 185 2 202 1 129 1 162 2 224 1 226 1 195 1 219 1 193 1 221 2 497 1 439 1 197 2 525 1 204 1 208 1 523 1 198 1
90 33 40 105 1 240 1 165 1 519 1 8 1 16 1 20 1 110 1 424 1 428 1 85 1 233 1 508 1 75 1 67 1 512 1 114 1 506 1 486 1 324 1 245 1 181 1 163 1 76 1 434 1 185 1 128 1 162 2 224 1 226 1 195 1 219 1 193 1 221 1 197 2 204 1 208 1 502 1 322 1 524 1
36 12 12 101 1 117 1 38 1 106 1 150 1 522 1 9 1 554 1 267 1 28 1 285 1 439 1
//IdTournes NbColis
7 6
//IdColis IdCommandeInColis NbProducts IdProd1 QtyProd1 IdProd2 QtyProd2 ...
45 15 14 507 1 510 1 9 1 159 1 267 1 240 2 207 1 483 1 285 1 165 1 423 1 125 1 192 1 163 1
55 18 14 101 1 118 1 38 1 29 1 9 1 284 1 36 1 346 1 121 1 461 1 341 1 295 1 17 1 163 1
65 21 20 106 1 9 2 419 2 379 1 123 2 126 1 387 1 421 1 515 1 20 1 424 1 427 1 428 1 85 1 93 1 435 1 189 1 200 1 61 1 439 1
78 27 28 101 1 526 1 240 1 273 1 102 1 56 1 514 1 338 1 424 1 427 1 428 1 429 1 85 1 541 1 25 1 45 1 42 1 358 1 196 1 212 1 181 1 534 1 163 1 174 1 185 1 226 1 162 2 549 1
96 36 13 101 2 117 1 150 1 362 1 284 1 28 1 351 1 392 1 73 1 483 1 207 1 295 1 195 1
51 17 8 527 2 528 2 532 1 419 1 209 2 254 1 297 1 10 1
//IdTournes NbColis
8 6
//IdColis IdCommandeInColis NbProducts IdProd1 QtyProd1 IdProd2 QtyProd2 ...
17 6 15 37 1 51 1 559 1 258 1 347 1 344 1 10 1 47 1 73 1 294 1 71 1 482 1 539 1 590 1 250 1
68 22 46 412 1 356 1 430 1 485 1 99 1 249 2 181 1 352 1 242 1 380 1 163 1 474 1 59 1 321 1 185 2 480 1 224 1 226 1 205 2 219 1 195 1 234 2 235 2 382 1 497 1 498 1 272 1 439 1 197 2 283 1 208 1 204 1 360 1 218 1 366 1 378 1 262 1 277 1 385 1 191 1 178 1 227 2 179 2 223 1 348 2 304 1
20 7 15 30 1 117 1 559 1 267 1 284 1 105 1 351 1 113 1 341 1 570 1 123 1 126 1 119 1 387 1 87 1
76 26 23 118 1 106 1 35 1 105 1 28 1 463 1 424 1 427 1 428 1 429 2 85 1 545 1 357 1 444 1 329 1 398 2 350 1 186 1 374 1 356 1 181 1 330 1 380 1
9 3 39 25 1 65 1 91 1 399 1 31 1 66 2 592 1 593 1 212 1 287 2 349 1 99 1 588 1 493 1 181 1 163 1 87 1 76 1 185 2 480 2 162 2 224 1 226 1 195 1 219 1 12 1 193 1 221 2 263 2 453 2 247 2 283 1 182 1 204 1 208 1 222 1 277 1 227 1 348 2
57 18 36 315 1 228 1 69 1 536 1 49 1 537 1 203 1 556 2 293 1 506 1 300 1 349 1 181 1 323 1 270 2 535 1 540 1 185 2 321 1 97 1 205 3 224 1 226 1 195 1 219 2 12 1 193 1 234 2 263 2 197 3 439 3 204 2 208 2 307 1 314 2 332 1
//IdTournes NbColis
9 6
//IdColis IdCommandeInColis NbProducts IdProd1 QtyProd1 IdProd2 QtyProd2 ...
16 5 24 253 1 280 1 13 1 488 1 180 2 215 1 173 1 232 1 480 1 183 2 205 1 487 1 168 1 167 1 184 1 246 1 290 1 262 1 250 1 227 2 172 1 179 2 223 1 236 1
28 9 39 233 1 134 1 602 1 147 1 90 1 142 2 582 1 389 1 343 1 603 1 596 1 350 1 268 1 13 1 201 2 174 2 180 2 334 1 112 1 140 1 96 1 487 1 183 2 607 1 234 1 235 1 263 1 498 1 599 1 184 1 313 1 277 2 606 1 227 1 172 1 187 1 381 1 600 1 604 1
31 10 35 20 2 23 1 85 1 437 1 610 1 306 1 244 1 345 1 353 1 26 1 139 1 144 1 443 1 444 1 107 1 319 1 148 1 152 1 568 1 343 1 278 1 349 1 356 2 151 1 149 1 181 1 352 2 163 1 185 2 128 1 140 1 70 1 205 2 224 1 195 1
66 21 34 91 1 107 1 212 1 257 1 260 1 287 1 300 1 349 1 181 1 291 1 380 1 163 1 185 2 224 1 226 1 162 2 195 1 219 1 193 1 221 2 263 2 197 2 376 1 439 1 204 1 208 1 239 1 250 1 371 1 179 1 369 1 275 1 381 1 154 1
52 17 28 296 1 230 1 379 2 56 1 432 1 586 1 20 2 424 1 427 1 428 1 431 1 85 1 435 1 545 1 200 1 233 1 353 1 357 2 464 1 57 1 443 1 329 1 241 1 517 1 592 1 152 1 298 1 310 1
53 17 36 203 1 603 1 299 1 302 1 225 1 305 1 331 1 583 1 245 1 585 1 181 1 163 1 242 1 238 1 185 2 301 1 129 2 530 1 162 2 224 1 226 1 286 1 195 1 219 1 303 1 193 1 234 2 263 2 197 2 439 2 405 1 204 1 208 1 318 1 246 1 227 1
//IdTournes NbColis
10 6
//IdColis IdCommandeInColis NbProducts IdProd1 QtyProd1 IdProd2 QtyProd2 ...
92 34 41 554 1 230 1 271 1 255 1 22 1 424 1 427 1 428 1 429 1 85 1 529 1 543 1 74 1 349 1 396 1 214 1 430 1 181 1 163 1 174 1 323 1 325 1 380 1 185 1 162 2 224 1 226 1 195 1 219 1 193 1 221 1 263 1 453 2 247 2 204 1 208 1 290 1 553 1 555 1 251 1 549 1
24 8 14 116 1 117 2 258 1 159 1 279 1 209 1 127 1 581 1 46 1 288 1 92 1 21 1 271 1 196 1
71 23 27 363 1 287 1 416 1 151 1 276 2 181 1 242 1 163 1 457 1 438 1 185 1 224 1 226 1 162 2 219 1 391 1 195 1 221 1 263 1 193 1 247 2 197 2 208 1 204 1 311 1 236 1 237 2
12 4 38 23 1 48 1 558 1 85 1 562 1 567 1 545 1 244 1 560 1 608 1 42 1 147 1 241 1 50 1 81 1 568 1 171 1 343 2 34 1 403 1 580 1 317 1 349 1 356 1 409 1 62 1 210 1 485 1 181 1 163 1 325 1 426 1 445 1 59 1 76 1 185 2 97 1 219 1
34 11 32 471 1 85 2 244 1 312 1 25 1 75 1 561 1 443 1 444 1 241 1 399 1 49 1 60 3 141 1 343 1 34 1 408 1 571 1 396 1 409 1 157 1 62 1 151 1 164 1 99 1 201 3 473 1 180 3 270 2 173 2 563 1 304 1
40 13 43 212 1 260 2 157 1 153 1 253 1 458 1 181 1 249 1 276 1 291 1 390 1 488 1 163 1 215 1 242 1 112 1 131 1 185 2 55 1 96 1 162 2 224 1 226 1 425 1 195 1 219 1 481 1 193 1 234 2 263 2 197 2 439 2 177 1 204 1 208 1 217 1 218 2 222 1 277 1 179 1 187 2 275 2 440 1
//IdTournes NbColis
11 6
//IdColis IdCommandeInColis NbProducts IdProd1 QtyProd1 IdProd2 QtyProd2 ...
73 24 24 491 1 459 1 490 1 185 2 475 1 129 1 466 1 70 1 224 1 226 1 205 2 219 1 195 1 234 2 235 2 193 1 439 2 197 2 208 1 204 1 371 1 172 1 179 1 502 1
35 11 21 111 1 474 2 131 1 540 1 79 1 55 2 70 1 487 1 183 3 425 1 219 1 195 1 573 1 376 1 406 2 290 1 184 2 179 1 381 3 575 1 578 2
63 20 38 375 1 350 1 374 1 196 1 370 1 181 1 291 1 289 1 242 1 163 1 174 1 270 1 438 1 445 1 112 1 185 2 224 1 226 1 286 1 162 2 80 1 195 1 219 1 193 1 234 2 263 2 197 2 439 2 208 1 252 2 204 1 218 2 361 3 372 1 179 2 314 1 440 1 448 1
94 35 31 122 1 346 1 538 1 424 1 427 1 428 1 429 2 85 1 435 1 444 1 329 1 34 1 196 1 544 1 180 2 380 1 474 1 436 1 547 1 480 1 531 1 162 1 183 2 442 1 193 1 167 1 247 1 548 1 184 1 360 1 550 1
14 5 9 37 1 41 1 557 1 566 1 35 1 267 1 36 1 240 3 254 1
46 15 37 468 1 89 1 161 1 424 1 427 1 428 1 429 1 84 1 85 1 169 1 188 1 189 1 383 2 45 1 134 1 170 1 243 1 50 1 66 1 511 1 220 1 268 1 157 1 214 1 151 1 181 1 215 1 491 1 185 2 72 1 128 1 509 1 162 2 224 1 226 1 195 1 219 1
//IdTournes NbColis
12 6
//IdColis IdCommandeInColis NbProducts IdProd1 QtyProd1 IdProd2 QtyProd2 ...
38 12 32 325 1 242 1 330 1 334 1 232 1 438 1 131 1 59 1 185 2 129 1 55 1 205 2 224 1 226 1 286 1 219 1 193 1 234 2 263 2 497 1 439 1 197 2 572 1 204 1 208 1 576 1 360 1 574 1 179 1 332 1 502 1 524 1
77 26 19 163 1 185 2 129 1 224 1 226 1 487 1 162 2 195 1 219 1 221 2 263 2 193 1 247 2 197 2 204 1 208 1 218 1 179 1 332 2
43 14 43 492 1 408 1 158 1 257 1 264 1 287 1 261 1 62 1 153 1 245 1 476 1 493 1 181 1 249 1 201 1 163 1 174 1 131 1 185 2 70 1 205 2 213 1 224 1 226 1 286 1 487 1 425 1 195 1 219 1 133 1 193 1 234 2 235 2 269 1 197 2 439 2 204 1 208 1 239 1 198 1 178 1 179 1 236 1
75 25 18 219 1 133 1 263 2 193 1 234 2 439 2 197 2 283 1 397 1 290 1 204 1 208 1 385 1 449 1 451 1 452 1 236 1 237 1
6 2 42 257 1 356 1 153 1 160 1 175 1 210 1 151 1 430 1 181 1 249 1 390 1 274 1 270 2 232 1 436 1 438 2 491 1 445 1 238 1 256 2 202 1 97 1 480 2 72 2 96 2 205 2 224 1 226 1 219 1 391 1 193 1 234 2 235 2 197 2 272 2 405 1 204 1 208 1 252 1 216 1 198 1 251 2
79 27 15 224 1 425 1 195 1 219 1 263 1 193 1 552 1 221 1 247 2 453 2 204 1 208 1 318 2 402 1 551 1
//IdTournes NbColis
13 6
//IdColis IdCommandeInColis NbProducts IdProd1 QtyProd1 IdProd2 QtyProd2 ...
22 7 32 317 1 261 1 327 1 151 1 149 1 181 1 330 1 274 1 474 1 438 1 445 1 564 1 490 1 185 1 256 1 202 1 205 2 224 1 226 1 195 1 219 1 193 1 234 2 235 2 197 2 272 2 208 1 172 1 179 2 308 1 314 1 320 2
3 1 17 193 1 221 2 234 1 439 2 197 3 246 1 204 2 208 2 218 1 574 1 601 1 407 1 598 2 348 1 597 1 575 1 322 1
19 6 17 224 1 226 1 195 1 219 1 193 1 221 2 263 2 197 2 439 2 204 1 208 1 246 1 252 1 355 1 179 2 275 1 332 1
32 10 14 226 1 286 1 219 1 193 1 234 2 235 2 197 2 439 2 313 1 204 1 208 1 290 1 198 1 322 1
47 15 18 391 1 193 1 221 2 263 2 197 2 439 2 283 1 176 1 204 1 208 1 252 1 218 1 262 1 227 1 179 1 154 1 236 1 609 1
81 28 21 162 2 224 1 226 1 391 1 496 1 195 1 219 1 263 1 193 1 221 1 247 2 405 1 197 2 204 1 208 1 449 1 394 1 395 1 448 1 179 1 223 1
//IdTournes NbColis
14 2
//IdColis IdCommandeInColis NbProducts IdProd1 QtyProd1 IdProd2 QtyProd2 ...
99 36 14 182 1 204 2 208 2 360 1 217 1 618 1 574 1 172 1 179 3 308 1 223 1 407 1 335 2 322 1
26 8 12 263 1 197 2 247 2 283 1 182 2 204 1 208 1 246 1 252 1 191 1 236 1 237 2
