//NbTournees
23
//IdTournes NbColis
1 6
//IdColis IdCommandeInColis NbProducts IdProd1 QtyProd1 IdProd2 QtyProd2 ...
94 20 22 415 1 366 1 406 1 75 1 236 1 345 2 467 1 330 2 390 3 297 1 222 1 331 2 426 1 363 1 288 1 463 3 27 1 97 1 35 4 5 1 497 1 358 1
126 30 30 392 1 267 1 4 1 498 1 7 1 499 1 8 1 111 1 2 1 238 1 275 1 501 1 305 1 6 1 366 1 203 1 439 1 353 1 285 1 235 1 341 1 496 1 217 1 427 1 344 1 40 1 96 2 338 1 35 1 497 1
117 27 24 280 1 281 1 443 1 425 1 446 1 329 1 266 1 469 1 284 1 328 1 494 1 392 1 269 1 327 1 10 1 2 1 4 1 7 1 8 1 111 1 159 1 200 1 305 1 503 1
129 31 18 230 1 183 2 181 2 289 1 216 1 348 1 357 1 212 1 215 1 397 1 611 1 367 1 396 1 372 1 394 1 382 1 488 1 209 1
147 36 13 407 1 462 1 181 2 186 2 309 1 359 2 183 2 381 1 401 1 402 1 245 1 611 1 405 1
102 22 29 396 1 284 1 372 1 394 1 382 1 492 1 209 1 411 2 206 1 290 1 618 1 619 1 2 1 4 1 7 1 499 1 8 1 111 1 617 1 200 1 43 1 521 1 61 1 398 1 203 1 204 1 207 1 196 1 195 1
//IdTournes NbColis
2 6
//IdColis IdCommandeInColis NbProducts IdProd1 QtyProd1 IdProd2 QtyProd2 ...
112 25 18 499 1 7 1 8 1 111 1 200 1 398 1 203 1 207 1 261 1 285 1 225 2 219 1 297 1 210 2 288 1 599 1 294 1 97 2
148 36 26 409 1 226 1 372 2 3 1 265 1 574 1 47 1 140 1 129 1 11 1 63 1 105 1 612 1 12 1 2 2 81 1 4 2 499 2 7 1 613 1 614 1 391 1 436 1 88 1 573 1 68 1
2 1 27 396 1 488 2 382 2 372 1 394 1 1 1 3 1 470 2 10 1 2 1 4 1 7 1 8 1 11 1 200 1 9 1 192 1 398 1 420 1 472 1 6 1 204 2 321 1 207 1 343 1 285 1 489 1
97 21 18 352 1 181 2 183 2 230 1 395 1 306 1 447 1 490 1 405 1 387 1 394 1 473 1 209 1 411 2 262 1 509 1 3 1 123 1
4 2 7 16 1 17 1 103 1 15 1 58 1 13 1 12 1
9 3 9 21 1 173 1 15 1 31 1 400 1 182 1 299 1 365 1 271 1
//IdTournes NbColis
3 6
//IdColis IdCommandeInColis NbProducts IdProd1 QtyProd1 IdProd2 QtyProd2 ...
13 4 9 21 1 15 2 400 1 31 1 407 1 326 1 462 1 319 1 41 1
89 20 8 157 1 610 1 86 1 160 1 609 1 161 1 299 1 162 1
100 22 8 177 1 103 1 15 1 102 1 609 1 202 1 287 1 410 1
110 25 9 15 1 504 1 582 1 202 1 506 1 80 1 145 1 287 1 280 2
18 5 22 183 1 446 1 395 1 452 1 455 1 220 1 445 1 311 1 419 1 405 1 458 1 284 2 310 1 456 1 435 1 47 1 55 1 59 1 12 1 2 2 50 1 308 1
24 6 29 265 1 55 1 77 1 574 1 12 1 2 1 4 1 7 1 74 1 575 1 11 1 63 1 200 1 413 1 436 1 68 1 192 1 75 1 264 1 236 1 207 2 431 2 322 1 282 2 323 1 285 2 389 1 249 2 270 1
//IdTournes NbColis
4 6
//IdColis IdCommandeInColis NbProducts IdProd1 QtyProd1 IdProd2 QtyProd2 ...
93 20 24 598 1 578 1 435 2 480 1 28 1 164 1 55 1 7 1 159 1 11 2 12 2 2 2 81 1 4 2 391 2 436 1 43 1 68 2 158 1 275 2 44 1 398 1 423 1 36 1
157 38 22 328 1 226 1 382 2 293 1 296 2 206 1 471 2 55 1 7 1 11 2 12 2 2 2 4 2 136 1 156 1 30 1 555 1 238 1 200 1 436 1 604 1 68 2
26 7 9 84 1 17 1 86 1 80 1 400 1 542 1 287 1 186 1 306 1
90 20 11 400 1 80 1 124 1 273 1 287 1 412 1 491 1 495 1 424 2 108 1 359 2
22 6 9 72 1 66 1 65 1 70 1 517 1 400 1 287 1 186 2 215 1
31 8 10 72 1 94 1 93 1 400 1 273 1 403 1 491 1 495 1 92 1 186 2
//IdTournes NbColis
5 6
//IdColis IdCommandeInColis NbProducts IdProd1 QtyProd1 IdProd2 QtyProd2 ...
35 9 9 103 1 72 1 102 1 400 1 506 1 155 1 287 1 403 1 181 1
40 10 9 112 1 177 1 72 1 110 1 155 1 400 1 182 1 464 1 409 1
41 10 12 403 1 108 1 186 2 309 1 333 1 181 2 183 2 395 3 455 1 334 1 318 1 330 1
45 11 13 412 1 403 1 326 1 108 1 92 1 186 2 181 2 183 2 443 1 446 1 289 1 441 1 267 1
51 12 14 491 1 493 2 108 1 181 2 183 2 186 2 443 1 402 1 315 1 445 1 120 1 409 1 405 1 76 1
146 36 10 58 1 72 1 151 1 400 1 161 1 110 1 380 1 198 1 403 1 211 1
//IdTournes NbColis
6 6
//IdColis IdCommandeInColis NbProducts IdProd1 QtyProd1 IdProd2 QtyProd2 ...
49 12 7 117 1 17 1 122 1 58 1 94 1 160 1 78 1
55 13 9 122 1 117 1 103 1 124 1 400 1 564 1 287 1 370 1 220 1
60 14 9 122 1 130 1 152 1 506 1 400 1 198 1 591 1 287 1 186 1
105 23 23 446 1 457 1 455 1 241 1 513 1 405 1 419 1 512 1 232 3 392 1 411 1 456 1 509 1 511 1 435 1 2 1 4 2 7 1 8 1 111 1 238 1 413 1 285 1
123 29 33 194 1 209 1 337 1 509 1 290 1 351 1 383 1 340 1 520 1 2 1 516 1 4 1 7 1 8 1 111 1 192 1 305 2 203 1 132 1 264 1 307 1 195 1 285 1 239 1 341 1 234 1 219 1 519 1 288 1 248 1 100 1 510 1 518 1
44 11 8 117 1 173 1 86 1 94 1 145 1 400 1 171 1 348 1
//IdTournes NbColis
7 6
//IdColis IdCommandeInColis NbProducts IdProd1 QtyProd1 IdProd2 QtyProd2 ...
64 15 8 86 1 58 1 94 1 160 1 138 1 202 1 155 1 134 1
69 16 8 17 1 152 1 86 1 13 1 151 1 93 1 260 1 305 1
155 38 10 124 1 400 1 380 1 273 2 412 1 403 2 134 2 191 1 181 2 243 1
25 6 14 432 1 404 1 330 2 217 2 184 1 408 1 331 2 71 1 67 1 190 1 288 1 69 1 73 1 76 1
29 7 28 477 1 195 1 285 1 336 1 474 1 330 2 408 1 253 1 331 2 355 1 79 1 71 1 29 1 519 1 356 1 288 1 554 1 557 1 54 1 41 1 552 1 478 1 172 1 76 3 83 1 35 1 5 2 126 1
58 13 19 282 2 431 1 323 1 330 2 229 2 454 1 320 2 331 2 288 1 40 1 552 1 123 1 83 1 5 1 126 1 76 2 97 2 518 1 565 2
//IdTournes NbColis
8 6
//IdColis IdCommandeInColis NbProducts IdProd1 QtyProd1 IdProd2 QtyProd2 ...
78 17 19 330 1 496 1 219 2 184 1 390 2 253 2 331 2 190 2 368 1 288 1 248 1 602 2 54 1 25 1 35 2 5 1 36 1 76 3 572 1
28 7 29 78 1 556 1 544 1 558 1 12 1 2 2 81 2 82 1 4 1 85 1 30 1 7 1 11 1 555 1 200 1 436 1 88 1 68 1 192 1 398 1 420 1 476 1 559 1 553 1 196 2 282 2 343 1 475 1 217 1
57 13 27 255 1 453 1 262 1 316 1 290 1 127 1 12 1 2 2 4 1 125 1 7 1 42 1 11 1 64 1 200 1 391 1 436 1 88 1 68 1 237 1 258 1 75 1 221 4 204 1 321 2 322 1 282 1
62 14 28 200 1 436 1 95 1 237 1 192 1 104 1 52 1 132 1 353 1 196 1 199 1 323 1 285 1 345 1 330 2 219 1 331 2 79 1 505 1 288 1 587 1 96 1 478 1 35 1 5 1 100 1 33 1 588 1
98 21 30 131 1 269 1 77 1 105 1 2 2 4 1 125 1 7 1 8 1 111 1 388 1 436 1 88 1 240 1 521 1 275 1 98 1 68 1 192 1 398 1 176 1 6 1 536 1 261 1 285 1 466 2 341 2 217 2 427 1 71 1
99 21 7 427 1 79 1 288 1 97 1 83 2 5 2 100 1
//IdTournes NbColis
9 6
//IdColis IdCommandeInColis NbProducts IdProd1 QtyProd1 IdProd2 QtyProd2 ...
11 3 30 4 1 7 1 8 1 30 1 32 1 597 1 11 1 238 1 335 1 200 2 436 1 444 1 88 1 20 1 24 1 9 1 305 1 398 1 22 1 221 2 303 1 422 1 195 1 285 1 336 2 251 1 341 2 270 1 408 1 222 1
137 33 11 21 1 522 1 400 1 299 1 287 1 491 1 188 1 183 2 230 1 181 1 109 1
15 4 28 461 1 310 1 392 1 262 2 267 1 12 1 2 2 4 2 7 1 42 1 11 1 391 1 43 1 24 1 398 1 34 1 430 1 37 1 307 1 236 1 282 1 187 1 330 2 222 1 331 2 288 1 40 1 463 1
32 8 16 191 1 181 2 183 2 446 1 450 1 402 1 440 3 442 1 409 1 405 1 257 1 267 1 91 1 11 1 12 1 2 2
37 9 28 247 1 409 1 405 1 286 1 194 1 290 1 421 2 544 1 12 1 2 2 81 1 4 1 7 1 74 1 105 1 11 1 63 1 64 1 413 1 436 1 43 1 88 1 98 1 9 1 237 1 242 1 472 1 104 1
46 11 24 455 1 215 1 409 1 405 1 469 1 271 1 382 2 1 1 113 1 175 1 12 1 2 2 107 1 4 2 7 1 85 1 11 1 200 1 436 1 391 2 43 2 88 1 90 1 172 1
//IdTournes NbColis
10 6
//IdColis IdCommandeInColis NbProducts IdProd1 QtyProd1 IdProd2 QtyProd2 ...
52 12 29 405 1 194 1 578 1 480 1 121 1 579 1 12 1 2 2 81 1 4 2 7 1 125 1 11 1 555 1 580 1 379 1 200 1 391 2 436 1 19 1 166 1 68 1 168 1 242 1 305 1 476 1 114 1 141 1 479 1
71 16 23 418 1 455 1 315 1 318 1 259 1 241 2 419 1 405 1 286 2 392 1 267 1 316 1 12 1 2 2 4 1 7 1 11 1 200 1 413 1 88 1 98 1 275 1 567 1
111 25 21 283 1 223 2 281 1 443 1 395 1 216 1 212 1 215 1 266 1 397 1 396 1 284 1 540 1 394 1 382 1 296 1 615 1 616 1 2 1 4 1 577 1
134 32 26 215 1 318 1 405 1 461 1 255 1 284 1 394 1 382 1 372 2 488 1 206 1 470 2 471 1 2 1 82 1 107 1 4 1 7 1 105 1 12 1 11 1 529 1 256 1 200 1 436 1 345 1
66 15 29 372 1 394 1 382 1 492 1 296 1 131 1 470 2 340 1 135 1 4 1 136 1 7 1 8 1 111 1 524 1 200 1 218 1 192 1 398 1 176 1 203 1 57 1 221 1 207 1 399 1 285 1 225 2 228 1 217 2
82 18 30 350 1 396 1 372 1 394 1 382 1 429 1 492 1 428 1 146 1 520 1 596 1 32 1 135 1 4 1 148 1 8 1 111 1 150 1 238 1 200 1 436 1 240 1 369 1 19 1 192 1 398 1 420 1 430 1 149 1 221 1
//IdTournes NbColis
11 6
//IdColis IdCommandeInColis NbProducts IdProd1 QtyProd1 IdProd2 QtyProd2 ...
120 28 30 4 1 135 1 8 1 111 1 150 1 256 1 436 1 203 1 536 1 75 1 539 1 343 1 307 1 196 1 323 1 285 1 249 1 345 1 341 1 496 1 270 1 344 1 210 1 535 1 534 1 288 1 292 1 537 1 35 1 26 1
138 33 27 181 1 212 1 215 1 397 1 396 1 372 1 310 1 492 1 394 1 382 1 262 1 206 1 525 1 327 1 340 1 523 1 4 1 7 1 8 1 111 1 524 1 135 1 335 1 200 1 436 1 521 1 43 1
141 34 26 135 1 8 1 111 1 150 1 200 1 436 1 444 1 531 1 90 1 398 1 203 1 285 1 251 1 225 2 201 1 234 1 197 1 530 1 210 2 355 1 532 1 288 1 123 1 5 1 97 1 137 1
144 35 30 396 1 392 1 372 1 394 1 382 1 540 1 324 1 206 1 290 1 471 1 4 1 135 1 8 1 111 1 150 1 74 1 200 1 378 1 275 1 541 1 398 1 203 1 204 1 207 1 196 1 221 2 399 1 376 1 195 1 254 1
152 37 34 281 1 286 1 382 1 296 1 383 1 544 1 4 1 8 1 111 1 135 1 150 1 238 1 43 1 98 1 203 1 221 1 307 1 231 1 376 1 317 1 385 1 249 1 386 1 225 1 217 1 274 1 384 1 253 1 210 1 349 1 288 1 35 1 97 1 87 1
6 2 24 244 1 401 1 440 2 220 1 241 1 209 1 560 1 304 1 437 1 300 1 269 1 435 2 2 2 4 1 159 1 11 1 7 1 555 1 436 1 413 1 62 1 88 1 19 2 18 1
//IdTournes NbColis
12 6
//IdColis IdCommandeInColis NbProducts IdProd1 QtyProd1 IdProd2 QtyProd2 ...
10 3 15 287 1 412 1 186 1 181 2 183 2 441 1 443 1 306 1 220 1 445 1 442 2 324 1 337 1 28 1 2 2
42 10 23 259 1 245 1 405 1 382 1 411 1 465 1 290 2 106 1 2 2 107 1 4 2 7 1 8 2 111 2 156 1 335 1 436 1 391 2 68 2 61 1 406 1 366 1 221 1
61 14 21 352 1 181 2 183 2 447 1 452 1 266 1 592 1 354 1 262 1 185 1 131 1 300 1 129 1 105 1 2 1 107 1 4 1 128 1 7 1 8 1 11 1
76 17 23 245 1 409 1 405 2 255 1 257 1 226 2 382 1 209 1 411 1 262 2 267 1 140 1 143 1 2 2 4 2 7 1 8 1 32 1 11 1 569 1 256 1 200 1 258 1
87 19 28 414 1 460 1 445 1 193 1 194 1 485 1 185 1 153 1 121 1 7 1 2 2 8 1 111 1 154 1 4 1 156 1 68 1 49 1 192 1 420 1 199 1 343 1 422 1 195 1 285 1 187 1 341 2 180 1
104 23 10 514 1 400 1 155 1 364 1 287 1 181 2 183 2 230 2 191 1 2 1
//IdTournes NbColis
13 6
//IdColis IdCommandeInColis NbProducts IdProd1 QtyProd1 IdProd2 QtyProd2 ...
108 24 19 202 1 546 1 287 1 280 1 281 1 283 1 289 1 223 1 545 1 244 1 284 1 286 1 293 1 290 1 269 1 470 1 544 1 50 1 288 1
109 24 23 4 1 7 1 8 1 111 1 2 1 200 1 436 1 24 1 203 1 116 1 37 1 282 1 475 1 285 1 225 1 210 1 292 1 294 1 295 1 291 1 35 1 26 1 97 2
114 26 28 194 1 372 1 394 1 382 1 209 1 324 2 304 1 4 1 7 1 547 1 8 1 11 1 2 2 238 1 88 2 548 1 258 1 305 1 99 1 169 1 261 1 317 1 285 1 254 1 249 1 385 1 235 1 330 2
130 31 30 324 1 337 1 421 2 586 1 556 1 106 1 91 1 63 1 2 1 81 1 4 1 128 1 7 1 8 1 111 1 200 2 240 1 369 1 398 2 141 1 353 1 321 1 207 1 261 1 422 1 431 1 195 1 285 1 187 1 537 1
115 26 13 474 1 197 1 390 2 408 1 320 1 331 2 288 1 549 1 551 1 25 1 5 1 97 1 33 1
33 8 28 81 1 4 1 7 1 42 1 63 1 391 2 436 1 88 1 90 1 68 1 95 1 275 1 276 1 398 1 37 1 539 1 236 1 207 2 187 1 249 2 239 2 235 1 278 1 449 2 217 2 219 2 390 2 577 1
//IdTournes NbColis
14 6
//IdColis IdCommandeInColis NbProducts IdProd1 QtyProd1 IdProd2 QtyProd2 ...
139 33 17 90 1 258 1 242 1 398 1 264 1 207 1 195 1 285 1 341 2 219 1 427 2 459 2 519 1 288 1 208 1 27 1 133 1
151 37 11 17 1 543 1 65 1 202 1 506 1 287 1 339 1 280 1 223 1 284 1 35 1
72 16 24 420 1 22 1 250 1 366 1 415 1 37 1 236 1 207 3 322 1 431 3 317 1 323 1 285 2 404 1 341 2 217 1 253 2 427 2 288 1 416 1 41 1 139 1 5 2 33 1
135 32 25 369 1 526 1 68 1 346 1 258 1 472 1 398 2 22 1 430 1 204 1 207 2 431 1 285 1 432 1 385 1 404 1 235 1 330 2 219 1 408 1 331 2 288 1 527 1 40 1 97 2
80 18 8 152 1 514 1 13 1 138 1 151 1 400 1 260 1 287 1
12 3 14 427 2 344 1 29 1 505 1 288 1 338 1 23 1 25 1 5 1 26 3 27 1 33 1 572 1 174 1
//IdTournes NbColis
15 6
//IdColis IdCommandeInColis NbProducts IdProd1 QtyProd1 IdProd2 QtyProd2 ...
83 18 22 221 1 231 1 207 1 195 2 285 1 341 2 496 1 201 1 217 1 219 1 427 2 344 1 426 1 356 1 368 1 288 1 147 1 208 1 594 1 101 1 33 1 35 1
5 2 12 14 1 400 1 561 1 299 1 287 1 370 1 438 1 183 2 186 1 181 2 306 1 563 1
53 12 24 169 2 236 1 231 1 196 1 477 1 323 2 389 2 330 1 229 2 217 2 408 2 331 2 355 2 67 1 505 1 288 1 208 1 54 1 139 1 167 1 83 1 581 1 170 1 39 1
47 11 27 68 1 61 1 346 1 258 1 116 1 114 1 118 1 236 1 307 1 261 1 323 1 233 1 466 2 467 1 330 2 235 1 347 1 331 2 349 1 71 1 288 1 115 1 468 1 36 1 33 1 119 1 174 1
131 31 22 254 1 341 1 474 1 201 2 270 1 217 3 219 1 454 1 427 2 534 1 368 1 288 1 587 1 115 1 208 1 338 1 489 1 172 1 583 1 35 1 26 1 584 1
19 5 31 4 1 7 1 60 1 11 1 63 1 64 1 200 1 413 1 600 1 436 1 43 1 62 1 44 1 49 1 56 1 61 1 192 1 305 2 346 1 472 1 51 1 52 1 57 1 307 2 264 1 231 1 236 1 261 1 196 1 431 2 331 1
//IdTournes NbColis
16 6
//IdColis IdCommandeInColis NbProducts IdProd1 QtyProd1 IdProd2 QtyProd2 ...
128 31 10 16 1 543 1 102 1 400 1 155 1 287 1 214 1 585 1 493 1 341 1
158 38 24 49 1 526 1 472 1 276 1 305 1 346 1 398 2 606 1 250 1 406 1 607 1 332 2 321 2 322 1 282 4 323 1 608 1 330 2 217 3 408 1 222 1 253 2 331 3 101 1
140 34 17 202 1 533 1 260 1 287 1 181 2 183 1 280 1 281 1 410 1 360 1 481 1 373 1 374 1 293 1 375 1 4 1 338 1
154 38 7 84 1 103 1 94 1 568 1 151 1 93 1 603 1
156 38 13 181 1 183 3 186 2 443 1 395 1 450 1 486 1 441 1 348 1 318 3 266 1 563 1 531 1
74 17 6 117 1 570 1 568 1 160 2 145 1 171 1
//IdTournes NbColis
17 6
//IdColis IdCommandeInColis NbProducts IdProd1 QtyProd1 IdProd2 QtyProd2 ...
85 19 9 117 1 151 2 155 1 400 1 506 1 182 1 364 1 198 1 196 1
20 5 16 285 2 246 1 601 1 313 1 330 2 331 1 48 1 288 1 248 1 416 1 602 2 46 2 53 1 54 1 45 1 39 1
67 15 18 219 1 201 1 451 1 222 1 210 2 344 1 459 1 384 2 288 1 549 1 208 1 489 1 53 1 577 1 35 1 5 1 133 1 137 1
77 17 29 200 1 391 1 436 1 95 1 142 1 68 1 420 1 34 1 250 1 476 1 141 1 144 1 118 1 132 1 571 1 252 1 236 1 261 1 431 2 475 2 477 1 195 1 389 2 251 2 254 2 249 2 278 1 330 1 463 2
38 9 23 250 1 423 1 99 1 221 2 236 1 285 2 246 1 249 2 228 2 330 2 408 1 331 2 190 1 288 1 248 1 463 2 101 1 97 2 5 1 100 1 26 2 588 1 565 1
16 4 5 463 2 35 1 5 1 36 1 39 2
//IdTournes NbColis
18 6
//IdColis IdCommandeInColis NbProducts IdProd1 QtyProd1 IdProd2 QtyProd2 ...
43 10 12 307 1 332 1 236 1 330 1 331 2 288 1 178 1 18 1 179 1 35 3 109 1 174 1
145 35 17 233 1 239 1 225 2 496 1 217 1 219 1 393 1 201 1 253 1 210 2 274 1 384 1 344 1 288 1 208 1 35 1 137 1
159 38 12 519 1 534 1 288 1 605 1 178 2 416 1 54 1 5 1 126 1 87 1 39 1 565 1
1 1 15 400 1 287 1 181 2 183 2 319 1 230 1 314 1 425 1 460 1 216 1 357 1 215 1 318 1 397 1 5 1
7 2 26 166 1 562 1 192 1 305 2 398 1 439 1 303 1 343 1 285 1 187 2 298 1 254 1 246 2 302 2 385 1 341 2 427 1 331 1 535 1 67 1 288 1 301 1 41 1 5 1 26 3 89 1
34 8 12 229 2 451 1 274 2 331 2 190 1 279 1 96 1 178 1 277 1 5 1 87 1 89 1
//IdTournes NbColis
19 6
//IdColis IdCommandeInColis NbProducts IdProd1 QtyProd1 IdProd2 QtyProd2 ...
88 19 11 184 1 197 1 390 1 408 1 427 2 190 1 288 1 292 1 97 1 5 1 189 1
149 36 26 9 1 472 1 366 2 406 1 169 1 236 1 231 1 303 1 187 1 254 1 404 1 330 2 347 1 408 1 331 2 384 1 29 1 368 1 279 1 295 1 46 1 41 1 162 1 33 1 5 1 572 1
122 29 13 517 1 202 1 171 1 287 1 134 1 230 1 181 2 183 2 515 1 216 1 350 1 193 1 140 1
118 27 19 203 1 430 1 221 1 264 1 307 1 207 1 343 1 317 1 285 1 302 1 385 1 225 1 451 1 210 1 505 1 288 1 101 1 97 2 39 1
96 21 11 103 1 160 1 400 1 528 1 364 1 380 1 287 1 370 1 134 1 312 1 212 1
119 28 14 103 1 138 1 202 1 287 1 538 1 339 1 281 1 181 1 183 1 266 1 458 1 342 1 290 1 340 1
//IdTournes NbColis
20 6
//IdColis IdCommandeInColis NbProducts IdProd1 QtyProd1 IdProd2 QtyProd2 ...
56 13 12 493 1 92 2 188 1 319 1 186 1 181 2 183 2 446 1 433 1 441 1 418 2 442 1
116 27 13 504 1 202 1 506 1 182 1 260 1 287 1 412 1 495 1 214 1 493 1 223 1 205 1 418 1
133 32 11 400 1 110 1 528 1 506 1 371 1 287 1 370 1 183 2 186 1 181 2 395 1
103 22 13 399 1 431 1 285 1 341 2 201 1 219 1 210 2 190 1 288 1 208 1 590 1 26 1 213 1
70 16 10 93 1 566 1 400 1 287 1 417 1 230 2 314 1 181 2 183 2 414 1
107 23 2 33 1 510 1
//IdTournes NbColis
21 6
//IdColis IdCommandeInColis NbProducts IdProd1 QtyProd1 IdProd2 QtyProd2 ...
17 5 12 58 1 400 1 407 1 287 1 312 1 186 2 309 1 191 1 181 2 283 1 183 1 241 1
50 12 11 151 1 582 1 161 1 400 1 171 1 364 1 299 1 412 2 464 1 403 1 330 1
14 4 14 319 1 186 2 181 2 183 2 425 2 455 1 266 1 259 1 245 1 593 1 409 1 405 1 325 2 38 1
125 30 15 500 1 202 1 502 1 364 1 365 1 287 1 214 1 183 1 230 1 181 1 410 1 315 1 367 1 257 1 288 1
106 23 27 436 1 240 1 62 1 43 1 95 1 237 1 242 1 472 1 231 1 236 1 431 3 285 1 233 2 239 1 235 1 341 2 474 2 229 2 201 1 234 1 390 2 427 2 190 1 288 1 507 1 97 2 508 1
113 26 14 400 1 287 1 491 1 134 1 186 1 191 1 181 2 183 2 283 1 455 1 315 1 215 1 220 1 550 1
//IdTournes NbColis
22 6
//IdColis IdCommandeInColis NbProducts IdProd1 QtyProd1 IdProd2 QtyProd2 ...
143 35 14 202 1 542 1 287 1 359 1 223 2 280 2 281 1 395 1 329 1 243 1 215 1 212 1 397 1 377 1
92 20 19 460 1 457 1 243 1 361 1 455 1 360 1 481 1 482 1 315 1 215 2 245 1 593 1 409 1 405 1 483 1 324 2 304 1 163 2 165 1
81 18 13 595 1 214 1 493 2 312 1 230 1 362 1 181 2 183 2 224 1 212 1 215 2 397 1 513 1
86 19 14 287 1 487 1 495 1 370 1 493 1 188 1 181 2 183 2 186 1 191 1 425 1 486 1 289 1 88 1
65 15 18 287 1 181 1 223 1 280 2 281 1 448 1 418 1 460 1 447 1 224 1 212 1 215 1 220 1 227 1 458 1 226 1 392 1 190 1
23 6 18 181 2 183 2 433 1 410 1 268 1 434 1 455 1 576 1 266 1 241 1 409 1 405 1 193 1 272 1 271 1 382 1 267 1 269 1
//IdTournes NbColis
23 6
//IdColis IdCommandeInColis NbProducts IdProd1 QtyProd1 IdProd2 QtyProd2 ...
75 17 13 400 1 260 1 403 1 595 1 181 2 183 2 186 2 455 1 263 1 334 1 220 1 259 2 235 1
27 7 16 181 2 183 2 443 1 450 1 441 1 216 1 357 1 405 1 193 1 328 1 473 1 488 1 296 3 185 1 300 1 269 2
36 9 13 181 1 183 2 186 2 205 1 446 2 289 1 448 2 447 1 243 1 244 1 455 1 589 1 245 1
3 1 10 254 1 246 1 235 1 341 2 219 1 180 1 454 1 427 2 355 1 288 1
101 22 13 412 1 214 1 493 1 181 2 205 3 183 2 281 1 216 1 211 1 212 1 215 1 397 1 458 1
91 20 9 314 1 362 1 183 2 339 3 181 2 425 2 186 2 448 2 484 1
