//NbTournees
3
//IdTournes NbColis
1 6
//IdColis IdCommandeInColis NbProducts IdProd1 QtyProd1 IdProd2 QtyProd2 ...
3 1 22 141 1 144 1 247 1 248 1 249 1 251 1 72 1 73 1 131 1 1 2 3 2 5 1 79 1 114 1 242 1 74 1 102 1 70 2 50 1 151 1 149 1 150 1
1 1 12 270 1 261 6 13 1 254 1 262 1 256 2 260 2 6 3 7 2 9 1 11 1 231 1
11 2 58 143 2 145 1 45 1 154 1 231 1 203 1 32 2 237 2 162 1 198 1 157 3 164 3 31 1 52 1 163 1 235 1 28 1 42 1 236 1 153 1 194 1 199 1 202 2 34 2 37 3 44 1 46 1 85 1 20 1 67 1 238 1 217 1 33 1 29 1 48 2 241 1 47 1 172 1 139 1 155 2 214 1 159 1 234 1 239 2 166 1 232 1 133 2 215 1 138 1 158 1 152 1 167 1 196 1 212 1 216 3 228 2 200 2 150 1
4 1 19 50 1 83 1 88 1 128 1 106 2 108 1 126 1 130 1 18 2 77 3 81 2 110 1 112 1 4 1 111 1 132 1 142 3 17 1 244 1
16 3 51 157 2 211 2 56 1 31 1 52 1 163 1 42 1 194 1 202 2 153 2 46 3 85 1 20 1 67 1 217 1 48 1 65 1 119 1 183 1 47 1 64 1 172 1 139 1 155 2 214 1 181 1 182 1 175 1 178 1 166 1 184 1 207 1 133 2 215 1 138 1 205 2 176 1 152 1 158 1 165 1 167 1 196 1 212 1 185 1 216 3 208 2 218 1 224 1 177 2 213 3 200 2
5 1 42 107 1 109 1 125 1 76 1 113 1 127 2 129 2 80 1 143 3 145 1 146 1 8 1 244 4 140 1 164 3 157 3 147 3 148 2 14 2 10 1 15 1 2 2 16 2 82 1 105 1 20 1 255 1 245 1 139 1 155 2 273 1 134 2 178 1 265 2 267 1 137 1 239 2 133 2 138 1 259 1 135 1 243 1
//IdTournes NbColis
2 6
//IdColis IdCommandeInColis NbProducts IdProd1 QtyProd1 IdProd2 QtyProd2 ...
14 3 21 83 1 128 2 59 1 63 1 122 1 106 1 189 1 60 1 91 2 171 1 62 3 68 1 96 1 99 3 190 2 191 1 53 1 21 1 25 1 203 1 177 1
15 3 30 201 1 204 2 222 1 117 2 90 2 121 2 94 1 124 1 186 1 170 3 145 1 146 1 221 1 54 1 45 1 210 1 179 1 219 1 58 1 206 2 180 3 192 1 55 1 209 1 223 1 162 1 198 1 164 1 157 1 199 1
10 2 27 30 1 36 1 87 2 93 1 97 1 35 2 40 1 91 1 171 1 92 1 62 2 96 1 99 2 190 1 191 1 21 1 25 1 26 1 43 1 227 1 84 1 90 1 94 1 98 1 170 2 165 1 150 1
8 2 14 156 1 160 1 161 1 225 1 230 1 169 1 22 1 49 1 13 1 86 1 233 1 193 2 39 1 38 1
9 2 21 41 2 95 1 173 1 174 1 240 1 220 1 27 1 226 1 229 1 197 1 83 1 70 2 50 2 88 1 128 1 89 1 168 2 23 1 24 1 153 1 150 1
13 3 19 169 1 57 1 188 1 193 2 51 1 61 2 66 1 120 1 123 1 101 1 187 1 220 1 197 2 50 3 88 1 118 2 83 1 195 1 149 2
//IdTournes NbColis
3 2
//IdColis IdCommandeInColis NbProducts IdProd1 QtyProd1 IdProd2 QtyProd2 ...
2 1 17 12 1 19 1 69 1 71 1 39 1 75 1 78 2 41 3 100 1 101 1 103 2 104 1 95 1 115 2 116 1 247 1 136 1
6 1 21 259 1 263 1 253 5 258 1 152 2 252 1 135 2 257 2 250 3 264 2 165 2 246 1 268 3 271 3 272 3 228 1 266 3 269 2 208 5 243 1 200 2
