//NbTournees
8
//IdTournes NbColis
1 6
//IdColis IdCommandeInColis NbProducts IdProd1 QtyProd1 IdProd2 QtyProd2 ...
8 7 8 65 1 58 2 18 1 64 1 15 1 63 1 14 1 69 1
9 8 11 66 1 58 1 1 1 5 1 20 2 64 1 15 1 63 1 14 1 30 2 83 3
10 9 8 70 1 11 1 74 1 47 1 84 1 59 1 67 2 68 1
11 10 12 7 1 75 1 4 1 13 1 60 1 20 1 15 1 14 1 47 1 84 1 23 1 30 1
12 11 13 61 1 5 1 11 1 78 2 76 1 77 2 79 1 81 1 71 2 82 1 69 2 67 1 72 2
13 12 8 61 2 78 2 76 1 77 2 25 1 73 1 80 1 62 1
//IdTournes NbColis
2 6
//IdColis IdCommandeInColis NbProducts IdProd1 QtyProd1 IdProd2 QtyProd2 ...
14 13 6 61 1 87 1 86 1 43 1 99 1 97 2
15 14 19 75 1 89 1 4 1 21 1 90 1 91 1 98 1 43 1 85 1 101 1 32 1 103 2 69 1 102 1 107 1 68 1 30 2 100 2 97 1
16 15 17 16 1 21 1 5 1 116 1 64 1 15 1 63 1 43 1 14 1 112 1 24 1 103 1 109 2 111 1 45 1 110 1 83 3
17 16 22 4 1 3 1 95 1 1 1 6 1 94 1 64 1 63 1 42 1 43 2 9 1 52 1 56 1 114 1 23 1 115 1 113 1 46 1 108 1 48 1 30 1 110 1
18 17 10 96 1 93 1 64 1 63 1 43 1 44 1 105 1 106 1 104 1 46 1
19 18 11 89 1 5 1 116 1 64 1 63 1 43 1 88 2 92 1 84 1 103 1 30 1
//IdTournes NbColis
3 6
//IdColis IdCommandeInColis NbProducts IdProd1 QtyProd1 IdProd2 QtyProd2 ...
20 19 13 118 1 5 1 18 1 64 1 15 1 63 1 14 1 132 1 56 2 136 1 48 1 135 1 138 1
21 20 13 89 1 13 2 6 2 64 1 15 1 131 1 63 1 14 1 69 1 129 1 134 1 67 1 30 1
22 21 15 121 1 16 1 119 1 5 1 91 1 64 1 63 1 42 1 9 1 122 1 32 1 107 1 135 1 83 2 97 2
23 22 12 66 1 117 1 20 1 133 1 91 1 94 1 126 1 124 1 137 2 120 2 67 1 68 1
24 23 15 66 1 8 1 75 1 125 1 123 1 18 1 15 1 14 1 127 1 92 1 109 1 67 1 30 1 83 1 97 1
25 24 15 66 1 75 1 13 1 21 1 6 1 128 1 130 1 94 1 42 1 43 1 103 1 23 1 48 1 30 1 97 1
//IdTournes NbColis
4 6
//IdColis IdCommandeInColis NbProducts IdProd1 QtyProd1 IdProd2 QtyProd2 ...
26 25 6 66 1 15 1 132 1 67 1 38 1 30 1
27 26 4 66 1 4 1 128 1 14 1
28 27 7 66 1 16 1 137 1 140 1 56 1 45 1 51 1
29 28 10 66 1 75 1 16 1 146 1 145 1 149 1 51 2 150 2 151 1 147 1
30 29 8 66 2 8 1 4 1 125 1 122 1 92 1 103 1 30 1
31 30 13 139 1 142 1 13 1 6 1 141 1 143 1 15 1 124 1 14 1 67 1 68 1 144 1 148 1
//IdTournes NbColis
5 6
//IdColis IdCommandeInColis NbProducts IdProd1 QtyProd1 IdProd2 QtyProd2 ...
32 31 10 75 1 4 1 13 1 43 1 92 1 56 1 69 1 107 1 67 1 30 1
33 32 18 8 1 153 1 155 2 158 1 125 2 5 3 91 1 94 1 15 1 14 1 137 1 156 1 154 1 107 1 67 1 68 1 35 1 83 2
34 33 8 7 1 16 1 4 1 21 1 133 1 103 1 67 1 30 1
35 34 12 161 1 42 1 14 1 160 1 166 1 67 2 163 1 38 1 162 1 83 1 164 1 165 1
36 35 8 21 1 95 1 5 1 157 1 152 1 67 1 38 1 30 1
37 36 10 158 1 159 1 91 1 15 2 43 1 152 1 14 1 69 2 38 1 30 2
//IdTournes NbColis
6 6
//IdColis IdCommandeInColis NbProducts IdProd1 QtyProd1 IdProd2 QtyProd2 ...
38 37 5 16 2 153 1 5 1 91 1 30 1
39 38 11 153 1 21 1 5 2 6 1 31 1 9 1 132 2 47 1 103 1 107 1 30 1
40 39 14 153 1 11 1 176 1 172 1 178 1 33 1 170 1 173 1 179 1 174 2 48 1 171 1 164 1 147 1
41 40 20 75 1 153 1 158 1 22 1 177 1 169 1 94 1 167 1 81 1 71 1 92 1 80 1 156 1 56 1 33 1 30 2 37 1 110 1 180 1 175 1
42 41 8 21 2 95 1 6 1 15 1 103 1 109 1 68 1 30 1
43 42 10 21 1 125 2 168 1 103 1 109 2 56 1 69 1 107 1 30 2 97 1
//IdTournes NbColis
7 6
//IdColis IdCommandeInColis NbProducts IdProd1 QtyProd1 IdProd2 QtyProd2 ...
44 43 8 4 1 95 1 94 1 43 2 122 1 24 1 69 2 108 1
45 44 2 181 1 161 1
46 45 10 21 1 182 1 95 1 123 1 94 1 9 2 137 1 84 1 103 2 129 1
1 1 9 13 1 1 1 15 1 43 1 14 1 47 1 32 2 23 1 38 1
2 2 24 7 1 16 2 17 1 3 1 21 2 29 1 39 1 5 2 2 1 18 1 22 2 25 1 10 1 42 1 44 2 9 1 26 1 12 1 33 1 40 1 45 1 35 1 38 1 48 2
4 3 11 4 1 28 1 56 1 41 1 53 1 46 1 54 2 27 1 34 1 37 1 51 1
//IdTournes NbColis
8 6
//IdColis IdCommandeInColis NbProducts IdProd1 QtyProd1 IdProd2 QtyProd2 ...
5 4 6 4 1 5 1 6 1 20 2 31 1 36 1
6 5 6 8 1 55 1 21 1 24 1 56 1 30 2
7 6 8 19 1 11 1 49 1 50 1 42 1 52 1 56 1 57 2
47 46 5 16 1 13 1 21 2 42 1 30 1
48 47 11 133 1 177 1 92 1 32 1 149 2 56 1 179 2 48 1 30 1 110 1 150 2
49 48 11 21 1 20 1 49 1 56 1 184 1 183 1 99 1 185 1 54 2 30 1 51 1
