//NbTournees
18
//IdTournes NbColis
1 6
//IdColis IdCommandeInColis NbProducts IdProd1 QtyProd1 IdProd2 QtyProd2 ...
10 4 23 466 1 48 1 113 1 308 1 64 1 116 1 127 1 360 1 276 1 455 1 206 2 21 1 68 1 90 1 123 1 392 1 440 1 309 1 328 1 122 1 467 1 33 1 28 1
21 9 21 50 1 54 1 36 1 231 1 126 1 139 1 326 1 327 1 17 1 204 1 64 1 74 1 114 1 127 1 318 2 321 1 49 1 220 1 172 1 131 1 84 1
28 12 30 446 1 109 1 315 1 319 1 137 1 64 1 74 1 116 1 456 1 305 1 100 1 119 1 239 1 475 1 81 1 480 1 380 1 481 1 45 2 117 1 463 1 468 1 51 1 479 1 89 1 4 1 103 1 95 1 28 2 482 1
31 13 20 306 1 248 1 39 2 41 1 151 1 293 1 437 1 439 1 146 1 64 1 111 1 114 1 127 1 163 1 176 1 318 1 307 1 79 1 295 1 29 1
32 13 21 174 1 49 1 63 1 129 1 392 1 277 1 438 1 480 1 51 1 52 1 337 1 499 1 37 1 376 1 96 1 85 1 95 1 29 4 445 1 523 1 537 1
34 14 11 149 1 150 1 63 1 380 1 134 1 98 1 37 2 11 1 80 1 29 4 547 1
//IdTournes NbColis
2 6
//IdColis IdCommandeInColis NbProducts IdProd1 QtyProd1 IdProd2 QtyProd2 ...
36 15 22 130 1 151 1 69 2 109 1 431 1 240 1 315 1 204 1 148 1 512 1 70 1 64 1 235 1 194 1 276 1 531 1 250 1 65 1 112 1 128 1 28 1 329 1
40 16 18 141 1 308 1 64 1 140 1 149 1 418 1 533 1 45 1 131 1 147 1 535 1 499 1 376 1 66 1 4 1 71 1 28 5 402 1
41 17 23 544 1 545 1 44 1 159 1 161 1 121 1 199 1 169 1 171 1 175 1 205 1 17 1 190 1 465 1 64 1 114 1 118 1 206 1 250 1 200 1 68 1 75 1 37 1
44 18 10 204 1 64 1 188 1 194 1 197 1 193 1 131 1 196 1 28 5 525 1
46 19 18 64 1 176 1 365 1 177 1 129 2 191 1 202 1 418 1 182 1 201 1 147 1 320 1 157 1 334 1 57 1 28 5 18 1 23 1
92 37 20 352 1 125 2 316 1 248 2 142 1 322 1 325 1 48 1 138 1 68 1 90 1 63 1 313 1 324 1 328 1 131 1 337 1 11 1 334 1 29 5
//IdTournes NbColis
3 6
//IdColis IdCommandeInColis NbProducts IdProd1 QtyProd1 IdProd2 QtyProd2 ...
94 38 16 92 1 121 1 125 1 36 1 314 1 315 1 317 1 137 1 64 1 138 1 321 1 149 2 157 1 29 4 341 1 336 1
2 1 27 151 1 454 1 113 1 319 1 464 1 472 1 137 1 450 1 318 1 65 1 170 1 68 2 79 1 165 1 174 1 123 1 180 1 183 1 49 1 191 1 1 1 33 1 47 1 182 1 172 1 95 1 16 1
26 11 4 66 1 331 1 349 7 345 1
48 20 18 152 1 74 1 162 1 114 1 163 2 127 1 274 2 276 1 461 1 321 2 206 2 423 1 167 1 193 1 453 1 283 2 535 1 340 1
51 21 21 204 2 152 1 137 1 74 1 124 1 127 1 185 1 187 1 129 1 488 1 324 1 45 1 172 1 131 1 201 1 147 1 508 1 37 1 375 1 338 1 29 5
54 22 27 152 1 224 1 114 1 276 1 486 1 318 1 321 1 149 1 491 1 21 1 239 1 45 1 227 1 228 1 468 1 84 1 52 1 374 1 496 1 498 1 381 1 57 1 28 5 343 1 340 1 493 2 333 1
//IdTournes NbColis
4 6
//IdColis IdCommandeInColis NbProducts IdProd1 QtyProd1 IdProd2 QtyProd2 ...
95 39 26 44 1 168 1 242 1 142 1 36 1 175 1 151 1 43 1 113 1 141 1 308 1 163 1 274 1 65 1 268 1 182 1 353 1 347 1 10 1 28 5 335 1 330 1 329 1 332 1 351 1 13 1
96 40 26 312 1 159 1 121 1 178 2 109 1 20 1 152 1 137 2 291 1 114 1 116 1 206 1 129 1 344 1 131 1 320 1 91 1 75 1 334 1 29 5 350 1 343 1 18 1 340 1 348 1 346 1
98 41 22 92 1 93 1 105 1 292 1 263 1 121 1 181 1 125 1 323 1 164 1 137 1 230 1 150 1 68 1 79 1 119 1 357 1 382 1 367 1 376 1 66 1 29 4
56 23 17 40 1 497 1 54 1 207 1 67 1 86 1 92 1 121 2 125 2 238 1 133 1 36 2 101 1 175 1 130 1 460 1 489 1
58 24 17 526 1 420 1 217 1 207 1 67 1 82 2 83 1 88 1 99 2 215 1 104 2 229 1 248 1 414 1 136 2 376 1 538 1
4 2 22 6 1 246 1 121 1 245 1 247 1 248 1 142 1 251 1 249 1 146 1 43 1 230 1 185 1 187 1 244 1 250 1 21 1 68 1 180 1 211 2 11 1 13 1
//IdTournes NbColis
5 6
//IdColis IdCommandeInColis NbProducts IdProd1 QtyProd1 IdProd2 QtyProd2 ...
7 3 22 204 1 511 1 226 1 230 1 197 1 506 1 68 1 213 1 173 1 239 1 202 1 193 1 453 1 277 1 438 1 509 1 510 1 328 1 211 1 81 1 516 1 220 1
12 5 21 50 1 31 1 41 1 67 1 209 1 92 1 93 1 105 1 223 1 121 1 232 1 233 1 125 1 237 1 243 1 457 1 145 1 323 1 37 1 15 1 345 1
39 16 19 67 1 72 1 82 2 104 2 136 1 142 1 143 1 144 1 530 1 36 1 39 1 41 1 109 1 135 1 146 1 465 1 141 1 336 1 332 1
53 22 18 42 1 94 1 67 1 159 1 216 1 222 1 121 1 181 1 242 2 327 1 240 1 241 1 487 2 43 1 234 1 113 1 230 1 19 1
62 25 19 246 1 82 2 104 2 105 1 267 1 133 1 278 2 142 1 286 1 323 1 36 1 41 1 279 1 163 1 124 1 68 1 79 1 37 1 494 1
100 42 26 6 1 72 1 354 1 121 1 69 1 361 1 48 1 137 1 74 1 225 1 359 1 68 1 202 1 221 1 117 2 201 1 375 1 376 1 378 1 377 1 342 1 371 1 38 1 57 1 28 5 333 1
//IdTournes NbColis
6 6
//IdColis IdCommandeInColis NbProducts IdProd1 QtyProd1 IdProd2 QtyProd2 ...
102 43 27 44 1 209 1 93 1 105 1 125 1 323 1 41 1 322 1 43 1 48 1 68 1 90 1 49 1 369 1 1 1 380 1 382 1 115 1 355 1 89 1 71 1 370 1 38 1 385 1 29 5 372 1 13 1
6 3 20 32 1 503 1 36 1 41 1 82 1 86 1 214 1 104 1 105 1 231 1 243 1 323 1 17 1 460 1 69 1 219 1 164 1 437 1 504 1 442 1
50 21 20 384 1 420 1 82 2 83 1 104 2 106 1 126 1 133 1 189 1 136 1 278 1 36 1 39 1 41 1 101 1 130 1 460 1 69 1 402 1 13 1
64 26 15 40 1 77 1 154 1 253 1 82 3 99 2 104 2 136 2 251 1 39 1 41 1 69 1 260 1 240 1 492 1
67 27 19 31 1 72 1 254 1 159 1 263 1 121 2 271 1 245 1 142 1 69 1 284 1 532 1 111 1 118 1 187 1 274 1 282 1 206 1 385 1
69 28 20 447 1 56 1 255 1 258 1 269 1 233 1 270 1 281 1 280 1 408 1 502 1 513 1 69 1 219 1 262 1 190 1 515 1 137 1 74 1 429 1
//IdTournes NbColis
7 6
//IdColis IdCommandeInColis NbProducts IdProd1 QtyProd1 IdProd2 QtyProd2 ...
42 17 13 119 1 186 1 153 1 172 1 166 1 192 1 479 1 160 1 71 1 347 1 29 5 350 1 482 3
49 20 12 324 1 47 1 131 1 134 1 98 1 52 1 5 2 375 1 156 1 89 1 71 1 28 5
60 24 28 21 1 540 1 193 2 275 1 283 2 440 1 488 1 328 1 45 2 47 1 429 2 115 1 397 1 542 1 51 1 451 1 528 1 529 1 71 1 95 1 10 1 28 5 445 1 24 1 474 1 476 1 482 3 534 1
65 26 24 302 1 487 1 43 1 48 1 252 1 124 1 276 1 170 1 49 1 277 1 227 1 131 1 433 1 147 1 5 1 210 1 97 2 498 1 71 1 95 3 57 1 29 5 445 1 482 3
73 29 23 41 1 259 1 130 1 325 1 241 1 485 1 490 1 100 1 239 1 193 1 261 1 115 1 117 1 131 1 5 2 4 1 71 1 28 5 24 1 350 1 53 1 348 1 422 1
76 30 11 221 1 117 1 320 1 37 1 4 1 71 2 349 6 425 1 541 1 543 1 536 1
//IdTournes NbColis
8 6
//IdColis IdCommandeInColis NbProducts IdProd1 QtyProd1 IdProd2 QtyProd2 ...
78 31 14 265 1 309 1 117 1 273 1 147 1 549 2 103 2 71 1 550 1 342 1 57 1 29 5 548 1 519 1
103 44 21 366 1 184 1 159 1 104 1 105 1 121 1 125 1 133 1 358 2 323 1 356 1 135 1 279 1 137 1 149 1 112 1 381 1 85 1 71 1 379 1 29 4
105 45 27 362 1 219 1 241 1 363 1 116 1 360 1 365 1 149 1 90 1 256 1 119 1 295 1 123 1 265 1 183 1 236 1 131 1 147 1 51 1 386 1 71 1 80 2 10 2 29 5 341 1 23 1 373 1
107 46 21 384 1 209 1 92 1 93 1 105 1 125 1 323 1 383 1 41 1 302 1 43 1 163 1 138 1 364 1 374 1 37 2 71 1 11 1 368 1 349 4 332 1
30 13 15 50 1 94 1 72 1 82 3 99 3 104 3 243 1 136 2 247 1 436 1 199 1 101 1 427 1 336 1 351 1
35 15 20 441 1 132 1 72 1 73 1 88 1 92 1 93 1 105 1 430 1 121 1 269 1 125 1 126 1 278 1 248 1 323 1 446 1 36 1 41 1 28 1
//IdTournes NbColis
9 6
//IdColis IdCommandeInColis NbProducts IdProd1 QtyProd1 IdProd2 QtyProd2 ...
79 32 18 526 1 44 1 72 1 73 1 77 2 82 2 86 1 99 2 159 1 121 1 126 1 136 1 39 1 219 1 501 1 48 2 429 1 482 1
14 5 15 22 1 416 1 46 2 75 1 210 1 451 1 4 1 8 1 95 1 334 1 102 1 28 4 24 1 372 1 19 1
16 6 12 398 1 119 1 396 1 406 1 75 1 334 1 29 4 402 1 14 1 23 1 340 1 405 1
27 12 20 58 1 36 1 41 1 73 1 76 1 78 1 86 1 92 1 104 1 105 1 106 1 108 1 125 1 126 1 121 1 231 1 457 1 323 1 308 1 37 1
37 15 19 21 1 107 1 268 1 239 1 193 1 110 1 117 1 434 1 147 1 463 1 87 1 496 1 75 1 96 1 95 1 28 2 53 1 340 1 539 1
75 30 22 184 1 73 1 209 1 93 1 125 1 280 1 248 1 272 1 48 1 111 1 162 1 225 1 138 1 276 1 365 1 256 1 128 1 275 1 277 1 283 1 328 1 349 1
//IdTournes NbColis
10 6
//IdColis IdCommandeInColis NbProducts IdProd1 QtyProd1 IdProd2 QtyProd2 ...
82 33 19 73 1 78 1 82 2 104 2 161 1 136 2 36 2 39 1 41 1 175 1 219 1 164 1 113 1 137 1 291 1 295 1 8 1 10 1 494 1
108 47 22 411 1 184 1 73 1 391 1 142 1 286 1 408 1 137 1 276 1 393 1 123 1 387 1 172 1 131 1 201 1 147 1 210 1 409 1 29 5 349 2 339 1 403 1
109 48 21 40 1 44 1 121 1 408 1 43 1 363 1 137 1 74 1 188 1 395 1 365 1 307 1 400 1 98 2 5 1 97 1 4 1 95 2 407 1 29 5 404 1
9 4 13 34 1 42 1 39 1 41 1 77 3 82 3 83 1 99 2 120 1 136 2 278 1 20 1 465 1
20 8 7 387 1 392 1 91 1 4 1 95 1 28 5 53 1
47 20 15 158 1 77 2 154 1 82 2 99 2 159 1 178 1 120 1 133 1 136 2 139 2 326 1 39 1 41 1 460 1
//IdTournes NbColis
11 6
//IdColis IdCommandeInColis NbProducts IdProd1 QtyProd1 IdProd2 QtyProd2 ...
85 34 21 42 1 246 1 78 1 161 1 232 1 306 1 446 1 175 1 299 1 300 1 301 1 511 1 287 1 113 1 111 1 235 1 311 1 365 1 183 1 535 1 18 1
24 10 5 46 1 388 1 95 1 62 1 29 5
59 24 22 142 1 39 1 41 1 130 1 151 1 322 1 325 1 272 2 43 1 187 1 244 1 359 1 305 2 282 1 318 1 461 1 206 1 79 1 90 1 119 1 49 1 376 1
23 10 21 55 1 41 1 389 1 209 1 93 2 105 1 296 1 231 1 125 1 245 1 142 1 323 1 241 1 43 1 291 1 239 1 211 1 390 1 364 1 397 1 401 1
87 35 18 50 1 44 1 366 1 253 1 254 1 82 2 86 1 104 2 105 1 108 1 161 1 296 1 238 1 136 1 495 1 36 1 41 1 29 1
110 49 8 389 1 209 1 93 1 323 1 412 1 41 1 410 4 399 1
//IdTournes NbColis
12 6
//IdColis IdCommandeInColis NbProducts IdProd1 QtyProd1 IdProd2 QtyProd2 ...
5 2 9 218 1 131 1 5 1 210 1 2 1 80 1 38 1 28 5 3 1
13 5 22 471 1 446 1 109 1 454 1 198 1 204 1 141 1 319 1 363 1 472 1 111 1 163 1 138 1 321 1 183 1 173 1 459 1 236 1 208 1 212 1 221 1 37 1
111 50 16 125 1 143 1 36 1 293 1 298 1 415 1 419 1 90 1 119 1 123 1 21 1 81 1 10 1 29 5 421 1 19 1
25 11 22 50 1 35 1 158 1 184 1 41 1 209 1 93 1 105 1 125 1 144 1 323 1 279 1 43 1 319 1 111 1 225 1 226 1 149 1 277 1 115 1 342 1 333 1
77 31 18 40 1 384 1 44 1 209 1 93 2 105 1 125 2 142 1 323 1 41 1 240 1 302 1 308 1 114 1 307 1 150 1 310 1 182 1
112 51 15 209 1 93 1 232 1 125 1 414 1 323 1 413 1 20 1 43 1 202 1 400 1 98 1 51 1 85 1 29 5
//IdTournes NbColis
13 6
//IdColis IdCommandeInColis NbProducts IdProd1 QtyProd1 IdProd2 QtyProd2 ...
113 52 18 42 1 94 1 420 1 209 1 83 1 93 1 125 1 251 1 302 1 148 1 318 1 213 1 426 1 51 1 52 1 375 1 427 1 29 7
114 53 27 428 1 209 1 93 1 105 1 125 1 323 1 41 1 175 1 130 1 135 1 141 1 119 1 277 1 418 1 309 1 429 1 406 1 416 1 37 1 427 1 95 1 349 7 402 1 399 1 425 1 422 1 19 1
1 1 20 40 1 30 1 441 1 184 1 36 1 41 1 82 2 155 1 104 2 105 1 178 1 133 1 280 1 462 1 323 1 175 1 452 1 299 1 458 1 10 1
15 6 21 35 1 44 1 36 1 39 1 41 1 82 2 104 2 121 1 133 1 136 1 278 1 248 1 362 1 240 1 111 1 235 1 140 1 394 1 29 1 329 1 13 1
17 7 20 56 1 36 1 41 1 82 2 104 2 105 1 178 1 136 1 142 2 417 1 17 1 185 1 149 1 123 1 180 1 423 1 239 1 275 1 182 1 424 1
19 8 18 35 1 39 1 41 1 82 2 99 2 104 2 121 1 136 2 245 1 151 1 43 1 163 1 118 1 359 1 197 1 206 1 27 1 329 1
//IdTournes NbColis
14 6
//IdColis IdCommandeInColis NbProducts IdProd1 QtyProd1 IdProd2 QtyProd2 ...
45 19 18 441 1 82 2 104 2 105 1 179 1 181 1 199 1 323 1 36 1 41 1 190 1 195 1 454 1 204 1 146 1 512 1 203 1 38 1
72 29 17 441 1 428 1 82 2 88 1 104 2 106 1 168 1 264 2 232 1 266 1 133 1 136 2 278 1 362 2 383 1 39 1 37 1
89 36 21 44 1 56 1 82 2 104 2 105 1 108 1 292 1 303 1 304 1 435 1 323 1 327 1 36 1 41 1 175 1 151 1 293 1 298 1 382 1 376 1 348 1
116 54 21 44 1 82 2 104 2 105 1 126 1 142 1 323 1 36 1 41 1 43 2 129 1 429 1 182 1 147 1 355 1 51 1 156 1 38 1 29 5 12 1 19 1
11 4 26 469 1 470 1 45 1 477 1 480 1 115 1 397 1 84 1 91 1 52 1 374 1 97 1 25 1 4 1 8 2 102 1 28 4 24 1 474 2 7 1 18 2 473 1 402 1 26 1 12 2 19 1
90 36 26 190 1 148 1 137 2 226 1 274 1 318 1 321 1 328 1 273 1 196 1 508 1 84 1 156 1 103 1 8 1 95 1 289 1 28 5 519 1 24 1 520 1 524 1 482 2 518 1 517 1 494 1
//IdTournes NbColis
15 6
//IdColis IdCommandeInColis NbProducts IdProd1 QtyProd1 IdProd2 QtyProd2 ...
8 3 14 505 1 514 1 406 2 51 1 27 1 96 1 85 1 89 1 4 1 11 1 95 1 29 4 9 1 525 1
22 9 8 147 1 98 1 210 1 338 1 29 5 339 1 15 1 340 1
88 35 19 101 1 240 1 300 1 484 1 359 1 90 1 100 1 123 1 275 1 380 1 131 1 147 1 468 1 406 1 166 1 37 1 96 1 85 1 29 4
117 55 19 448 1 86 1 125 2 142 1 446 1 36 1 219 1 118 1 419 1 47 1 433 1 192 1 27 1 4 1 8 1 349 6 24 1 443 1 449 1
123 59 4 546 1 551 1 99 1 28 4
80 32 24 163 1 305 1 197 1 321 1 250 1 206 1 275 1 277 1 211 1 500 1 115 1 172 1 273 1 397 1 46 1 37 1 290 1 4 1 371 1 28 5 445 1 525 1 482 2 521 1
//IdTournes NbColis
16 6
//IdColis IdCommandeInColis NbProducts IdProd1 QtyProd1 IdProd2 QtyProd2 ...
118 56 25 447 1 125 2 435 1 36 1 198 1 113 1 162 1 226 1 321 1 213 1 357 1 440 1 418 1 182 1 134 1 444 1 337 1 375 1 8 1 28 5 350 1 7 1 340 1 351 1 13 1
68 27 18 167 1 268 1 344 1 131 1 147 1 91 1 166 1 5 1 499 1 11 1 28 5 3 1 523 1 525 1 538 1 336 1 518 1 19 1
70 28 26 162 1 163 1 230 1 250 1 112 1 123 1 265 1 522 1 193 1 507 1 328 1 172 1 131 1 91 1 499 1 97 1 37 1 376 1 8 1 427 1 257 1 28 5 24 1 523 1 402 1 527 1
120 57 17 104 1 105 1 125 1 306 1 323 1 36 1 41 1 219 1 164 1 91 1 334 1 29 5 445 1 350 1 402 1 424 1 442 1
33 14 20 92 1 104 1 105 1 121 1 125 1 133 1 139 1 145 1 323 1 251 1 446 1 36 1 41 1 151 1 148 1 137 1 118 1 124 1 138 2 18 1
121 58 19 92 1 93 1 105 1 121 1 229 1 125 1 126 1 278 1 323 1 36 1 41 1 20 1 48 1 137 1 432 1 149 1 357 1 38 1 29 5
//IdTournes NbColis
17 6
//IdColis IdCommandeInColis NbProducts IdProd1 QtyProd1 IdProd2 QtyProd2 ...
83 33 22 116 1 188 1 483 1 149 2 150 1 180 1 21 1 129 1 202 1 488 1 400 1 288 1 45 1 201 1 98 1 499 1 96 1 349 7 350 1 7 1 443 1 15 1
57 23 20 109 1 190 1 113 1 137 1 225 1 235 1 244 1 194 2 149 1 382 1 45 1 131 1 98 1 5 1 46 1 385 1 28 5 403 1 7 1 373 1
86 34 17 419 1 206 1 294 1 129 1 277 1 297 1 47 1 182 1 397 1 98 1 52 1 37 1 375 1 427 1 28 5 482 3 12 1
43 18 17 447 1 42 1 546 1 104 2 105 1 168 1 125 2 142 1 144 1 323 1 36 1 41 1 164 1 190 1 198 1 204 1 173 1
63 25 11 112 1 285 1 131 1 273 1 371 1 338 1 38 1 57 1 28 5 523 1 425 1
3 1 4 147 1 320 1 468 1 29 5
//IdTournes NbColis
18 2
//IdColis IdCommandeInColis NbProducts IdProd1 QtyProd1 IdProd2 QtyProd2 ...
29 12 8 28 2 478 1 476 1 59 2 60 1 61 2 482 1 405 1
18 7 4 409 2 25 1 57 1 29 5
