//NbTournees
5
//IdTournes NbColis
1 6
//IdColis IdCommandeInColis NbProducts IdProd1 QtyProd1 IdProd2 QtyProd2 ...
21 3 23 11 1 260 3 271 1 273 2 330 1 322 1 336 1 10 2 253 1 371 1 124 1 42 3 25 1 27 2 252 1 274 1 67 2 255 2 268 3 323 1 106 1 109 2 86 1
6 1 61 125 1 171 1 127 1 251 1 270 3 341 1 348 1 267 2 235 2 206 1 152 1 50 1 272 1 225 1 250 1 79 2 213 1 256 1 2 1 343 2 309 2 72 5 264 1 346 1 202 1 20 1 66 1 277 1 281 1 283 1 285 1 350 1 71 1 3 1 280 2 51 1 40 1 262 1 147 1 156 1 123 1 186 1 9 1 36 1 41 2 92 1 183 5 279 1 199 1 121 1 194 1 77 1 54 1 176 2 218 1 55 1 69 1 70 1 75 1 76 1 73 1
15 2 21 166 2 333 1 386 3 307 1 308 3 364 1 1 2 108 1 287 3 291 1 4 3 142 1 258 4 85 1 125 1 84 2 266 1 306 3 270 3 382 3 341 2
16 2 47 267 2 139 1 50 1 250 4 261 1 213 1 256 1 2 1 309 1 343 1 72 5 301 1 353 1 180 1 264 2 202 1 288 2 277 1 350 2 20 2 105 1 120 1 362 1 3 1 51 1 228 1 40 1 388 3 36 1 99 3 41 1 92 1 230 1 183 3 269 1 361 1 94 1 52 1 164 1 78 3 210 1 146 1 163 1 89 1 74 1 232 1 175 1
23 3 47 251 1 84 3 266 2 270 3 306 3 341 1 263 1 267 2 206 1 139 2 50 1 152 1 272 2 225 1 250 1 245 1 200 1 241 1 261 1 312 1 193 1 79 1 246 1 213 3 46 1 256 3 257 1 2 1 343 1 72 5 180 1 264 1 202 1 20 1 120 1 243 1 3 1 51 1 40 2 43 2 262 1 123 1 201 1 147 1 156 1 36 2 73 1
31 4 74 129 1 134 1 65 1 312 1 316 1 193 4 213 2 256 2 300 1 2 1 381 1 309 1 343 1 72 5 317 2 180 1 264 2 202 1 66 2 288 1 277 1 324 1 372 2 20 1 120 1 51 1 296 2 40 2 63 1 262 1 377 1 378 2 123 1 217 1 201 1 156 1 36 1 60 1 183 1 279 1 361 1 199 1 121 1 194 1 54 1 55 1 77 1 218 1 176 1 49 1 52 1 56 1 75 1 76 1 83 1 70 1 209 1 212 1 187 1 31 1 32 1 195 1 153 1 154 1 53 1 110 1 88 1 208 1 215 1 216 1 33 1 149 1 207 2 131 2
//IdTournes NbColis
2 6
//IdColis IdCommandeInColis NbProducts IdProd1 QtyProd1 IdProd2 QtyProd2 ...
12 2 20 141 1 115 1 234 2 332 1 356 1 11 1 260 1 292 1 273 2 344 2 322 1 358 1 138 1 304 1 10 2 23 1 26 1 28 2 29 2 233 1
5 1 26 27 1 274 1 284 1 318 1 302 1 255 1 268 3 323 1 86 1 126 1 6 3 80 1 81 4 184 1 347 1 307 1 150 1 122 1 177 1 179 1 1 2 4 3 258 4 85 1 84 1 87 1
14 2 19 168 1 274 2 284 2 302 2 318 1 357 1 363 3 383 1 255 1 268 3 6 2 24 3 37 1 100 1 44 1 80 1 114 2 166 2 140 1
30 4 31 255 2 323 1 268 3 106 1 126 1 6 3 37 1 307 1 315 2 122 1 177 1 179 1 150 1 1 2 108 1 4 3 258 3 125 1 127 2 251 1 84 1 270 3 326 1 267 2 206 1 139 3 50 1 152 1 225 1 250 1 89 1
28 4 22 325 1 373 1 374 1 379 1 48 1 132 1 376 2 197 1 61 1 319 1 222 1 298 1 369 1 35 1 59 1 62 1 14 2 313 1 320 1 327 1 295 1 128 1
29 4 22 17 1 18 1 375 1 11 1 273 2 322 1 380 2 10 2 294 1 253 2 371 1 19 2 124 2 247 1 42 3 64 1 27 2 67 1 318 1 223 1 258 1 131 1
//IdTournes NbColis
3 6
//IdColis IdCommandeInColis NbProducts IdProd1 QtyProd1 IdProd2 QtyProd2 ...
3 1 19 185 1 170 1 275 1 278 1 254 2 259 1 342 1 349 1 321 1 325 1 337 1 339 1 160 2 345 2 5 1 61 1 167 1 319 1 108 1
10 2 17 170 1 275 1 254 2 259 1 290 1 305 1 278 1 310 3 311 1 354 1 355 1 349 1 325 1 338 1 339 1 359 1 162 1
19 3 15 113 2 117 1 191 1 185 1 254 2 259 2 265 1 335 1 325 2 337 1 338 1 339 1 340 2 305 1 119 1
27 4 17 211 1 314 1 111 1 112 1 113 2 130 1 224 1 254 3 259 1 290 1 297 1 305 3 321 1 325 1 48 1 219 1 133 3
4 1 25 351 1 276 1 16 1 162 3 172 2 14 1 17 1 18 1 260 1 271 1 273 2 344 1 330 1 322 1 10 2 282 1 304 1 15 1 19 1 124 2 42 2 303 1 352 1 255 1 180 1
13 2 12 29 2 96 4 19 2 124 6 42 2 289 3 303 3 25 3 27 1 95 1 255 1 193 1
//IdTournes NbColis
4 6
//IdColis IdCommandeInColis NbProducts IdProd1 QtyProd1 IdProd2 QtyProd2 ...
22 3 25 126 1 6 4 37 1 39 2 44 1 80 1 114 1 81 1 196 1 333 1 366 1 205 1 307 1 122 1 177 1 179 1 150 1 1 2 108 1 4 3 258 4 85 3 125 1 127 2 225 1
26 4 14 137 1 136 1 220 1 221 1 299 2 248 2 173 1 57 1 328 1 30 1 226 1 58 1 107 1 3 1
1 1 12 236 1 220 1 238 1 286 1 173 3 57 2 203 1 13 1 12 2 226 1 30 1 11 1
8 2 11 137 1 102 1 229 1 293 1 286 1 227 2 173 5 30 1 226 1 104 1 97 1
24 3 53 36 1 41 1 183 2 269 1 361 1 199 1 121 1 194 1 218 1 54 1 55 1 116 1 31 1 32 1 75 1 76 1 83 1 70 1 187 1 195 1 209 1 49 1 52 1 153 1 154 1 56 1 33 1 110 1 88 1 208 1 215 1 216 1 149 1 188 1 174 1 178 2 181 2 157 1 158 1 135 1 198 1 204 1 182 2 214 1 244 1 155 1 210 1 89 1 189 1 190 3 242 1 240 1 74 1
11 2 19 360 1 374 1 387 1 389 1 48 1 384 1 101 1 61 2 167 2 319 1 351 1 385 1 276 1 162 3 21 1 22 1 17 3 225 1 140 1
//IdTournes NbColis
5 6
//IdColis IdCommandeInColis NbProducts IdProd1 QtyProd1 IdProd2 QtyProd2 ...
20 3 21 305 1 354 1 367 1 368 1 370 1 48 2 119 1 192 1 38 1 197 1 329 1 334 1 16 2 369 2 35 1 45 1 115 1 332 1 365 1 320 1 152 1
2 1 19 331 1 90 3 68 1 107 1 211 1 231 1 7 2 8 1 82 1 91 1 93 1 112 1 113 2 130 1 161 1 117 1 185 1 197 1 183 1
18 3 16 229 1 173 3 203 2 57 1 13 1 34 1 30 1 331 1 107 2 68 1 211 1 103 1 47 1 111 2 112 1 118 1
9 2 17 68 1 107 1 211 2 231 2 103 1 98 2 111 1 112 1 113 2 143 3 144 1 82 1 145 1 165 3 169 1 197 1 206 1
7 1 40 83 1 52 1 153 1 154 1 187 1 209 1 31 1 32 1 49 1 56 1 195 1 88 1 149 1 53 1 208 1 215 1 216 1 33 1 78 1 157 1 158 1 174 1 178 1 181 1 188 1 155 1 182 1 135 1 214 1 237 1 198 1 204 1 148 1 210 1 159 1 89 1 74 1 151 1 239 1 175 1
32 4 18 78 1 188 1 174 1 178 1 181 1 157 2 158 1 135 1 214 2 204 1 182 1 244 1 155 1 210 1 74 2 131 1 249 4 175 2
