//NbTournees
22
//IdTournes NbColis
1 6
//IdColis IdCommandeInColis NbProducts IdProd1 QtyProd1 IdProd2 QtyProd2 ...
76 25 17 49 1 158 1 163 1 150 1 190 1 132 1 182 2 178 1 164 2 177 1 195 2 121 1 181 1 143 1 186 2 173 1 499 1
38 11 18 47 1 95 1 158 1 150 1 132 1 182 2 250 1 293 1 338 1 74 1 69 1 122 1 164 2 339 1 168 1 225 1 54 1 57 1
78 26 15 49 1 156 1 151 2 154 1 131 1 144 2 145 1 192 1 189 2 122 1 365 1 137 1 191 1 471 2 174 1
127 44 25 47 1 156 1 150 1 151 1 131 1 144 1 333 1 122 1 164 1 336 1 344 1 215 1 68 1 283 1 229 1 142 1 185 1 194 1 75 1 147 1 135 1 32 2 34 2 77 1 3 1
16 4 30 438 1 305 1 453 1 123 1 157 3 186 1 283 1 439 1 284 2 170 1 160 1 25 1 184 1 193 1 194 1 147 1 442 1 257 1 126 1 32 2 34 2 53 1 55 2 58 2 59 1 60 1 11 1 9 2 57 3 3 3
42 13 18 52 1 158 1 150 1 132 1 182 2 263 1 187 1 340 1 264 1 124 1 164 2 199 1 260 2 114 1 37 1 186 1 96 2 345 1
//IdTournes NbColis
2 6
//IdColis IdCommandeInColis NbProducts IdProd1 QtyProd1 IdProd2 QtyProd2 ...
58 19 11 450 1 433 5 17 3 124 2 464 1 472 1 288 3 470 1 314 1 222 2 87 1
81 27 25 124 1 164 2 492 1 143 1 173 1 142 1 174 1 176 1 193 1 194 2 414 1 147 1 179 1 54 1 32 2 34 2 53 1 55 2 58 2 59 1 60 1 522 1 519 2 530 1 57 4
83 28 28 220 1 221 1 433 1 124 3 155 1 435 3 164 2 315 1 224 1 186 1 142 1 175 1 193 1 194 1 235 1 147 1 135 1 54 1 32 2 34 2 53 1 55 2 58 2 59 1 108 1 60 1 429 1 57 5
85 29 16 47 1 156 1 150 1 151 2 223 1 131 1 144 2 187 1 172 1 371 1 330 1 124 1 164 2 205 1 186 1 57 1
129 45 28 52 1 158 1 150 1 132 1 182 1 308 1 124 1 164 1 328 1 143 1 225 1 186 1 213 1 184 1 185 1 194 1 147 1 257 1 353 1 54 1 32 2 34 2 53 1 107 2 58 1 108 1 350 1 57 4
6 2 17 234 2 132 1 236 2 138 1 167 1 197 1 152 1 207 1 221 2 231 1 494 1 13 2 23 1 201 1 149 1 203 2 367 1
//IdTournes NbColis
3 6
//IdColis IdCommandeInColis NbProducts IdProd1 QtyProd1 IdProd2 QtyProd2 ...
9 3 11 52 1 44 1 45 1 46 1 62 1 61 1 120 1 128 1 156 1 326 1 196 1
10 3 14 326 1 300 1 150 2 132 1 144 1 236 2 138 2 167 1 196 1 244 3 322 2 50 1 57 5 3 1
19 5 29 226 1 196 1 153 1 171 1 129 1 232 1 152 1 127 1 166 1 230 1 149 1 365 1 262 1 169 1 164 1 224 1 228 1 215 1 225 1 229 1 284 1 142 1 206 1 176 1 194 2 147 1 135 1 54 1 9 1
22 6 20 150 1 132 1 182 2 465 1 138 1 167 1 250 1 251 1 463 1 197 2 161 2 149 1 17 1 256 1 365 1 240 1 164 2 255 1 16 1 57 2
26 7 24 236 2 138 1 214 1 167 1 197 2 145 1 149 1 211 1 164 2 515 1 72 2 143 1 186 1 213 2 140 2 209 1 38 1 142 1 175 1 227 1 233 1 194 1 363 1 66 1
34 9 25 132 1 236 2 138 1 167 1 197 2 220 1 221 1 149 1 17 1 216 1 164 2 14 2 222 1 202 1 143 1 173 1 21 1 75 1 174 1 175 1 233 1 193 1 54 1 32 1 88 1
//IdTournes NbColis
4 6
//IdColis IdCommandeInColis NbProducts IdProd1 QtyProd1 IdProd2 QtyProd2 ...
65 21 21 182 2 138 1 167 1 244 1 250 1 197 2 242 1 446 1 201 1 149 1 371 1 262 2 245 1 164 2 243 1 369 1 247 1 459 1 186 1 252 3 43 1
72 23 15 44 1 45 1 46 1 118 1 120 1 62 1 158 1 150 1 132 1 182 1 138 1 167 1 197 1 164 1 57 1
131 46 28 138 1 167 1 153 1 171 1 351 1 129 1 232 1 197 1 127 1 166 1 230 1 149 1 337 1 343 1 164 1 215 1 341 1 168 1 280 1 54 1 32 1 34 2 53 1 55 2 58 1 59 1 60 1 57 4
57 19 15 131 1 136 3 138 2 167 1 244 1 319 1 125 2 133 1 152 3 308 1 149 1 162 2 309 2 148 1 57 1
2 1 14 167 1 153 1 171 2 244 2 319 3 35 2 129 1 232 1 152 2 127 1 166 2 230 2 13 2 18 1
15 4 21 171 2 129 1 232 1 152 2 127 1 161 1 166 2 230 2 20 1 29 1 149 1 443 1 444 1 279 3 264 1 169 1 255 1 317 1 54 1 5 1 57 2
//IdTournes NbColis
5 6
//IdColis IdCommandeInColis NbProducts IdProd1 QtyProd1 IdProd2 QtyProd2 ...
68 22 15 159 1 138 1 167 1 153 1 171 2 129 1 232 1 152 2 127 1 145 3 166 2 230 2 446 2 258 2 1 1
55 19 10 47 1 44 2 45 1 46 2 61 1 120 1 62 1 128 1 82 1 85 1
56 19 10 128 1 156 1 535 1 246 1 151 3 154 2 190 2 449 3 465 1 57 1
87 30 15 49 1 128 1 158 1 212 1 150 1 190 1 132 1 182 2 465 1 250 1 258 1 201 1 264 2 507 1 60 1
133 47 21 52 1 539 1 128 1 158 1 150 1 132 1 182 1 359 1 356 1 374 1 164 1 228 1 215 1 357 1 229 1 142 1 316 1 185 1 194 1 54 1 57 1
59 19 15 222 1 471 2 260 3 341 2 369 2 430 2 475 2 68 2 361 3 327 2 119 3 130 1 139 1 284 1 57 1
//IdTournes NbColis
6 6
//IdColis IdCommandeInColis NbProducts IdProd1 QtyProd1 IdProd2 QtyProd2 ...
18 5 14 49 1 28 1 44 1 46 1 62 1 64 1 61 1 198 1 31 1 56 1 138 1 167 1 14 1 3 1
36 10 16 47 1 156 1 151 2 154 2 131 1 144 2 74 1 73 1 164 1 14 2 369 1 283 1 291 1 174 1 175 1 54 1
40 12 15 52 1 93 1 94 1 156 1 151 2 154 1 131 1 144 2 221 1 70 1 355 1 279 1 71 1 79 1 57 1
44 14 22 49 1 156 1 150 1 151 1 131 1 144 1 354 1 293 1 264 1 371 1 164 1 368 1 97 1 341 1 281 1 143 1 186 1 291 1 252 1 176 1 54 1 57 2
48 16 12 49 1 156 1 76 1 111 1 151 2 154 1 131 1 144 2 221 2 172 1 271 2 270 1
90 31 13 49 1 156 1 246 1 151 2 154 2 131 1 136 2 263 1 36 2 494 1 201 1 12 1 98 1
//IdTournes NbColis
7 6
//IdColis IdCommandeInColis NbProducts IdProd1 QtyProd1 IdProd2 QtyProd2 ...
93 32 10 47 1 156 1 76 1 146 1 151 3 154 2 274 1 131 1 136 2 258 1
96 33 11 47 1 156 1 151 3 154 2 131 1 144 3 278 1 269 1 454 1 456 1 57 5
99 34 10 49 1 156 1 151 3 266 1 154 2 131 1 144 3 275 1 351 1 219 1
103 35 16 47 1 156 1 246 1 150 1 151 2 131 1 144 2 279 1 264 1 504 1 164 2 260 1 281 1 505 1 186 1 174 1
105 36 16 52 1 156 1 151 2 154 2 131 1 144 2 226 1 494 1 276 1 195 2 282 1 524 1 341 1 186 1 113 1 57 1
135 48 23 52 1 156 1 151 1 154 1 131 1 144 1 358 1 215 1 341 2 142 1 194 1 366 1 147 1 135 1 54 1 32 2 34 2 53 1 55 2 58 2 59 1 60 1 57 5
//IdTournes NbColis
8 6
//IdColis IdCommandeInColis NbProducts IdProd1 QtyProd1 IdProd2 QtyProd2 ...
25 7 12 47 1 44 1 45 1 46 1 62 1 64 1 61 1 156 1 212 1 150 1 132 1 57 4
28 8 11 49 1 320 1 156 1 150 2 190 2 132 1 236 3 269 1 319 1 145 2 349 1
46 15 26 52 1 158 1 150 1 132 1 182 1 221 1 396 1 74 1 71 1 256 1 365 1 164 1 228 1 382 1 384 1 143 1 168 1 186 1 38 1 142 1 185 1 54 1 53 1 32 1 80 1 79 1
51 17 23 47 1 156 1 246 1 150 1 151 1 132 1 144 1 296 1 287 1 290 1 237 1 164 1 344 1 260 1 143 1 186 1 283 1 176 1 366 1 54 1 53 1 41 1 57 2
53 18 24 47 1 158 1 300 1 150 1 132 1 182 1 250 1 279 1 164 2 342 1 215 1 423 1 186 1 248 1 229 1 184 1 185 1 194 2 147 1 257 1 54 1 53 1 102 1 57 1
62 20 19 52 1 158 1 150 1 377 1 132 1 236 2 378 1 169 1 164 2 195 1 397 1 341 3 369 1 327 1 186 1 142 1 316 1 57 2 5 1
//IdTournes NbColis
9 6
//IdColis IdCommandeInColis NbProducts IdProd1 QtyProd1 IdProd2 QtyProd2 ...
64 21 13 47 1 61 1 120 1 62 1 44 1 45 1 46 1 158 1 150 1 259 1 132 1 117 1 57 2
74 24 23 47 1 156 1 150 1 151 1 132 1 144 1 192 1 183 1 365 1 164 1 298 1 215 1 341 1 430 1 281 1 229 1 176 1 184 2 147 1 54 1 53 1 32 1 57 2
80 27 13 47 1 188 1 158 1 526 2 159 1 150 1 132 1 182 2 187 1 172 1 180 2 183 1 57 1
82 28 11 47 1 156 1 146 2 163 1 150 2 151 2 132 1 144 2 322 1 161 1 174 1
107 37 19 47 1 158 1 150 1 132 1 296 1 182 1 187 1 201 1 365 1 204 1 533 1 534 2 164 1 304 1 222 1 305 1 215 1 260 2 57 4
109 38 14 52 1 158 1 150 1 132 1 182 2 250 1 258 2 295 2 189 2 302 2 434 2 299 1 164 1 60 1
//IdTournes NbColis
10 6
//IdColis IdCommandeInColis NbProducts IdProd1 QtyProd1 IdProd2 QtyProd2 ...
112 39 13 47 1 156 1 150 2 151 2 132 1 144 2 483 1 287 2 303 1 189 1 294 1 262 2 393 1
115 40 8 47 1 158 1 485 2 146 2 150 2 132 1 182 3 214 2
118 41 17 49 1 156 1 163 1 300 1 150 1 132 1 236 2 56 1 301 1 192 1 201 1 287 1 23 2 290 1 164 1 54 1 57 1
121 42 17 158 1 150 1 132 1 182 2 192 2 330 1 256 1 365 1 323 1 325 1 164 2 342 3 328 1 186 2 283 1 310 1 57 1
124 43 14 52 1 156 1 150 1 151 2 132 1 144 2 312 1 483 1 321 1 287 1 329 2 70 1 466 2 307 1
137 49 19 158 1 150 1 132 1 182 1 373 1 164 1 181 1 364 1 376 1 54 1 32 1 34 2 53 1 55 2 58 1 59 1 60 1 375 1 57 4
//IdTournes NbColis
11 6
//IdColis IdCommandeInColis NbProducts IdProd1 QtyProd1 IdProd2 QtyProd2 ...
138 50 20 158 1 150 1 132 1 182 1 386 1 164 1 143 1 387 1 389 1 398 1 54 1 32 1 34 2 53 1 55 2 58 1 59 1 60 1 57 4 3 1
139 51 23 52 1 158 1 150 1 132 1 182 1 164 1 215 1 229 1 142 1 185 1 194 1 147 1 239 1 54 1 32 2 34 2 53 1 55 2 58 2 59 1 60 1 91 1 57 5
140 52 14 44 1 45 1 46 1 61 1 120 1 62 1 158 1 246 1 150 1 132 1 182 1 380 1 303 1 383 1
142 53 23 52 1 158 1 150 1 132 1 182 1 164 1 379 1 143 1 186 1 248 1 184 1 185 1 194 1 54 1 32 2 34 2 53 1 55 2 58 2 59 1 60 1 113 1 57 4
144 54 19 158 1 300 1 150 1 132 1 182 1 333 1 365 1 17 1 407 1 408 1 406 1 215 1 410 1 292 1 140 1 4 2 412 1 417 1 12 1
145 55 25 52 1 158 1 150 1 132 1 182 1 192 1 325 1 164 1 402 1 411 1 142 1 176 1 184 1 194 1 366 1 54 1 32 2 34 2 53 1 55 2 58 2 59 1 60 1 420 1 57 4
//IdTournes NbColis
12 6
//IdColis IdCommandeInColis NbProducts IdProd1 QtyProd1 IdProd2 QtyProd2 ...
147 56 25 47 1 320 1 158 1 150 1 132 1 236 1 340 1 164 1 305 1 215 1 260 1 403 1 229 1 185 1 414 1 147 1 54 1 32 2 419 1 34 1 53 1 107 2 58 2 393 1 57 5
149 57 24 47 1 418 1 158 1 150 1 132 1 182 1 145 1 164 1 409 1 215 1 229 1 170 1 415 2 404 1 184 1 185 1 194 1 147 1 179 1 54 1 32 1 34 2 53 1 55 1
151 58 25 52 1 158 1 421 1 150 1 132 1 182 1 405 1 416 1 164 1 215 1 369 1 413 1 229 1 142 1 316 1 176 1 194 1 147 1 54 1 32 2 34 2 53 1 55 1 420 1 42 1
153 59 29 47 1 158 1 150 1 132 1 78 1 431 1 164 1 422 1 215 1 428 1 139 1 141 1 168 1 229 1 184 1 185 1 194 1 366 1 147 1 54 1 32 2 34 2 53 1 55 2 58 1 437 1 110 1 432 1 57 5
155 60 23 52 1 158 1 150 1 190 1 132 1 182 1 293 1 434 1 426 1 164 1 427 1 195 1 384 1 428 1 143 1 186 2 283 1 176 1 194 1 366 1 538 1 54 1 57 4
11 3 18 50 1 321 1 152 3 172 1 149 1 330 1 17 1 365 2 262 1 210 1 204 1 164 3 22 1 14 2 199 1 215 1 37 1 168 4
//IdTournes NbColis
13 6
//IdColis IdCommandeInColis NbProducts IdProd1 QtyProd1 IdProd2 QtyProd2 ...
14 4 13 49 1 44 1 46 1 61 1 63 1 165 1 134 1 278 1 56 1 138 2 167 1 26 1 153 1
73 23 19 242 1 332 3 149 1 342 2 215 1 331 1 310 3 147 1 54 1 53 1 32 2 34 2 55 2 58 2 59 1 60 1 348 1 352 1 57 4
69 22 13 149 1 203 1 480 2 237 2 164 2 238 1 255 2 317 4 441 1 191 4 478 1 143 1 476 1
33 9 11 47 1 44 1 45 1 46 1 62 1 61 1 120 1 76 1 156 1 150 1 200 1
31 8 24 181 1 139 2 141 3 168 2 225 3 252 1 140 2 219 1 142 1 67 2 316 2 176 1 280 1 194 3 135 1 239 2 32 1 34 2 53 1 55 2 58 2 59 1 60 1 2 1
50 16 26 194 1 235 1 479 3 135 1 32 2 34 2 55 2 58 2 59 1 60 1 81 2 82 2 83 1 80 1 104 1 112 1 497 1 103 1 87 1 99 3 400 1 91 1 349 1 57 5 79 5 3 2
//IdTournes NbColis
14 6
//IdColis IdCommandeInColis NbProducts IdProd1 QtyProd1 IdProd2 QtyProd2 ...
60 19 27 141 2 168 3 291 2 284 3 140 1 316 1 280 1 194 4 366 1 473 1 370 1 532 1 257 1 135 1 4 3 66 1 362 2 18 3 54 1 53 1 32 2 34 2 55 2 58 2 59 1 10 1 3 1
63 20 12 135 1 15 3 54 1 53 1 32 1 34 1 107 1 58 1 59 1 60 1 116 1 57 3
77 25 19 142 1 193 1 194 1 235 3 135 1 109 2 54 1 32 2 34 2 53 1 55 2 58 2 59 1 60 1 77 1 345 1 497 1 349 1 57 5
86 29 27 489 1 471 1 219 1 38 1 142 1 208 1 174 1 175 1 176 1 184 1 193 1 194 1 414 1 135 1 54 1 32 1 34 2 53 1 55 2 58 1 59 1 60 1 455 1 11 1 502 1 501 1 57 4
94 32 32 136 1 220 1 221 1 268 1 424 1 215 3 425 1 403 1 143 1 436 1 186 1 283 1 213 1 310 2 229 1 209 1 174 1 175 1 233 1 235 1 363 1 75 1 66 1 54 1 32 2 34 2 53 1 55 2 58 2 59 1 420 1 57 5
1 1 11 47 1 44 1 45 1 46 1 65 1 61 1 120 1 62 1 165 1 138 2 239 1
//IdTournes NbColis
15 6
//IdColis IdCommandeInColis NbProducts IdProd1 QtyProd1 IdProd2 QtyProd2 ...
67 22 11 49 1 44 1 46 1 61 1 63 1 64 1 28 1 159 3 138 1 113 1 57 1
79 26 21 68 1 139 1 168 2 186 1 175 1 184 1 185 1 193 1 194 1 54 1 32 2 34 2 53 1 55 2 58 2 59 1 60 1 112 1 497 1 57 5 3 4
91 31 28 434 1 262 1 24 1 222 1 215 1 260 1 509 1 139 1 503 1 248 2 209 1 253 1 174 1 193 1 235 1 147 1 54 1 32 2 34 2 53 1 55 2 58 2 59 1 60 1 9 1 513 1 512 1 57 5
3 1 21 149 1 295 1 450 2 262 1 448 1 164 2 19 1 24 2 238 1 317 1 368 1 260 1 141 1 283 1 173 2 452 1 140 2 219 2 6 1 38 1 440 1
12 3 19 229 1 140 4 219 1 21 1 175 3 280 1 233 2 194 1 473 1 4 1 15 1 54 1 32 2 34 2 53 1 55 2 58 2 59 1 60 1
110 38 23 164 1 368 1 304 2 215 1 517 2 168 5 140 1 176 1 194 1 15 2 54 1 32 2 34 2 53 1 55 2 58 2 59 1 8 1 499 1 529 1 42 1 57 5 3 2
//IdTournes NbColis
16 6
//IdColis IdCommandeInColis NbProducts IdProd1 QtyProd1 IdProd2 QtyProd2 ...
116 40 26 178 1 285 1 201 2 169 1 486 1 164 3 298 1 215 1 341 2 281 1 327 3 413 1 482 1 186 1 292 1 176 1 184 1 193 1 194 1 414 1 147 1 257 1 32 2 34 2 53 1 1 1
49 16 19 272 2 490 1 492 1 407 2 304 2 498 1 500 2 267 1 369 3 114 1 141 2 186 1 142 1 175 1 280 1 233 1 54 1 53 1 113 1
100 34 19 242 2 258 1 309 1 217 2 454 1 290 1 311 1 324 2 317 1 298 1 342 1 313 1 215 1 281 3 143 1 327 1 141 1 283 2 186 1
119 41 28 164 1 288 2 255 1 492 1 305 1 215 1 341 1 281 1 143 1 289 1 141 1 173 1 174 1 233 1 194 1 235 1 363 1 32 2 34 2 53 1 55 2 58 2 59 1 60 1 8 1 514 1 399 2 57 4
104 35 20 284 1 175 1 176 1 184 1 193 1 194 2 414 1 21 1 265 1 54 1 32 2 34 2 53 1 55 2 58 2 59 1 10 1 60 1 499 1 57 5
39 11 23 186 1 142 1 174 1 175 1 335 1 184 1 193 1 194 1 235 1 32 2 34 2 53 1 55 2 58 2 59 1 60 1 82 2 83 1 92 1 84 1 347 1 349 1 57 4
//IdTournes NbColis
17 6
//IdColis IdCommandeInColis NbProducts IdProd1 QtyProd1 IdProd2 QtyProd2 ...
66 21 21 254 1 142 1 174 1 175 1 176 1 184 1 193 1 194 1 414 1 54 1 53 1 32 2 34 2 55 2 58 2 59 1 60 1 460 1 347 1 91 1 57 3
7 2 25 217 2 491 1 164 2 493 1 281 1 143 1 173 1 193 1 194 1 235 1 218 1 30 3 54 1 32 2 34 2 53 1 55 2 58 2 59 1 60 1 7 1 43 1 42 1 57 2 2 1
23 6 31 469 1 406 1 367 2 474 1 281 1 143 1 283 1 173 1 176 1 280 1 385 1 194 1 473 1 257 3 362 1 48 1 54 1 32 2 34 2 53 1 55 2 58 2 59 1 10 3 39 1 60 1 51 1 488 1 12 1 40 1 57 1
29 8 13 145 1 293 2 221 1 13 2 70 3 23 3 217 2 71 3 461 2 318 1 54 1 32 1 57 3
4 1 19 233 1 194 1 235 1 363 1 147 3 239 1 362 1 54 1 32 2 34 2 53 1 55 2 58 2 59 1 60 1 8 1 1 1 33 1 57 5
37 10 16 233 1 194 1 235 1 363 1 147 1 4 1 362 3 32 2 34 2 53 1 55 2 58 2 59 1 60 1 372 2 57 5
//IdTournes NbColis
18 6
//IdColis IdCommandeInColis NbProducts IdProd1 QtyProd1 IdProd2 QtyProd2 ...
43 13 34 75 1 175 1 176 1 184 1 193 1 194 2 147 1 15 1 334 1 54 1 32 2 34 2 53 1 55 2 58 2 59 1 60 1 110 1 11 1 80 1 81 2 82 2 83 1 106 1 115 1 100 2 105 1 103 1 99 1 91 1 346 1 98 1 79 5 57 5
45 14 13 184 1 194 1 147 1 109 1 32 2 34 2 53 1 55 2 58 2 59 1 60 1 8 1 57 2
70 22 21 467 3 168 2 229 1 280 1 233 1 194 4 479 1 481 4 25 1 147 1 54 1 53 1 32 2 34 2 55 2 58 2 59 1 60 1 1 2 115 1 57 4
106 36 22 283 1 174 1 175 1 176 1 193 1 194 1 414 1 147 1 54 1 32 2 34 2 53 1 55 2 58 2 59 1 60 1 531 1 520 1 523 1 372 3 521 1 57 4
108 37 22 286 1 168 2 291 2 229 1 170 2 176 1 194 1 147 1 18 2 54 1 32 2 34 2 53 1 107 2 58 2 59 1 60 1 11 2 420 3 497 4 349 2 57 1
134 47 13 366 1 370 1 147 1 32 2 34 2 53 1 55 2 58 2 59 1 60 1 537 1 1 1 57 3
//IdTournes NbColis
19 6
//IdColis IdCommandeInColis NbProducts IdProd1 QtyProd1 IdProd2 QtyProd2 ...
141 52 10 390 1 215 1 388 1 229 1 385 1 147 1 381 1 39 1 393 1 401 1
5 2 12 47 1 44 1 45 1 46 1 64 1 61 1 62 1 27 1 156 1 150 1 36 1 57 3
113 39 27 262 1 297 1 457 1 164 2 224 1 186 4 213 2 173 1 208 1 184 1 193 1 194 1 235 1 366 1 239 2 54 1 32 2 34 2 53 1 55 2 58 2 59 1 60 1 455 2 393 1 495 1 57 5
41 12 30 360 1 78 1 365 1 367 1 215 1 361 1 186 1 209 1 6 1 316 1 176 1 194 1 54 1 90 1 32 2 34 2 53 1 55 2 58 2 59 1 60 1 77 1 11 1 80 1 81 2 82 2 83 1 91 1 57 4 3 1
21 6 11 49 1 28 1 44 2 46 2 64 1 61 1 62 1 158 1 41 1 5 1 57 2
125 43 29 468 1 164 2 315 1 406 1 462 2 341 3 306 1 186 1 248 1 277 1 484 1 175 1 176 1 193 1 194 1 414 1 307 1 54 1 32 2 34 2 53 1 477 1 55 2 58 2 59 1 437 1 60 1 5 3 57 5
//IdTournes NbColis
20 6
//IdColis IdCommandeInColis NbProducts IdProd1 QtyProd1 IdProd2 QtyProd2 ...
88 30 27 511 1 164 2 261 1 241 1 222 2 510 2 458 1 249 1 186 1 174 1 175 1 193 1 194 1 235 1 506 2 54 1 32 1 34 2 53 1 55 2 58 1 59 1 508 1 101 1 5 1 394 1 57 4
30 8 14 318 1 164 3 469 2 243 1 406 2 215 1 260 2 68 2 341 3 369 2 430 2 181 2 87 1 57 1
97 33 26 457 1 261 1 445 1 451 1 342 2 409 1 215 1 273 1 260 1 458 1 186 2 219 1 277 1 253 1 174 2 233 1 447 1 193 1 194 1 4 2 54 1 32 2 34 2 53 1 55 2 58 2
101 34 26 186 2 248 1 229 3 219 3 277 1 316 1 174 1 176 1 280 1 184 1 194 1 366 1 473 1 54 1 32 2 34 2 53 1 55 2 58 2 59 1 60 1 499 1 51 1 496 1 91 1 57 5
122 42 30 292 1 219 1 253 1 38 3 174 1 175 1 193 1 235 1 516 5 4 2 18 2 54 1 32 2 34 2 53 1 55 2 58 2 59 1 528 1 60 1 518 1 525 1 499 2 51 3 488 1 527 1 501 3 86 2 512 3 57 4
35 9 14 194 1 235 1 32 1 34 2 53 1 55 2 58 2 59 1 60 1 89 2 86 4 88 1 85 1 57 5
//IdTournes NbColis
21 6
//IdColis IdCommandeInColis NbProducts IdProd1 QtyProd1 IdProd2 QtyProd2 ...
47 15 23 34 2 107 1 55 1 58 1 59 1 108 2 60 1 81 2 82 1 83 1 391 1 399 2 347 1 12 1 395 3 99 3 400 2 392 1 101 1 79 3 57 4 394 1 2 1
61 19 10 60 1 83 1 345 1 420 1 84 2 87 3 33 2 536 1 57 2 3 2
32 8 3 395 1 57 1 2 1
98 33 3 59 1 60 1 455 1
52 17 9 32 1 34 2 55 2 58 1 59 1 60 1 51 1 395 1 57 2
117 40 2 487 1 103 2
//IdTournes NbColis
22 5
//IdColis IdCommandeInColis NbProducts IdProd1 QtyProd1 IdProd2 QtyProd2 ...
20 5 8 32 1 34 2 53 1 55 2 58 1 59 1 60 1 57 5
27 7 9 54 1 32 2 34 2 53 1 55 2 58 2 59 1 60 1 57 1
54 18 7 32 1 34 2 55 2 58 1 59 1 60 1 57 4
75 24 7 32 1 34 2 55 2 58 2 59 1 60 1 57 2
156 60 7 32 2 34 2 53 1 55 2 58 2 59 1 60 1
