//NbTournees
27
//IdTournes NbColis
1 6
//IdColis IdCommandeInColis NbProducts IdProd1 QtyProd1 IdProd2 QtyProd2 ...
1 1 27 11 1 316 1 4 1 13 1 96 1 106 1 102 1 88 1 115 1 226 1 188 1 480 1 520 1 407 1 519 1 2 1 290 1 292 2 298 2 325 4 302 1 297 1 151 1 3 1 291 1 187 1 418 1
15 5 22 316 1 635 1 14 1 45 1 38 1 27 4 13 1 102 1 88 1 106 1 96 1 108 1 128 1 129 1 336 1 532 1 534 1 115 1 113 1 132 1 468 1 291 1
21 7 19 51 4 316 1 296 1 13 1 313 1 327 1 96 1 106 1 102 1 88 1 336 1 128 1 129 1 532 1 534 1 533 1 529 1 188 1 151 1
24 8 21 37 2 166 1 154 1 321 1 38 1 13 1 313 1 148 2 106 2 96 1 169 1 138 1 142 1 327 1 343 1 581 1 102 2 88 1 128 1 302 1 483 1
28 9 22 18 2 38 1 13 1 313 1 79 1 88 1 91 2 96 1 106 2 138 1 142 1 479 1 581 1 128 1 129 2 336 1 478 1 444 1 162 1 532 1 534 1 34 1
40 12 18 77 1 698 1 36 1 296 1 316 1 608 1 609 1 45 1 38 1 13 1 4 1 73 1 88 2 172 1 148 1 106 2 96 1 85 1
//IdTournes NbColis
2 6
//IdColis IdCommandeInColis NbProducts IdProd1 QtyProd1 IdProd2 QtyProd2 ...
44 13 17 36 1 296 1 316 1 352 2 37 4 93 1 338 1 342 1 350 1 45 1 38 1 313 1 13 1 79 1 83 1 88 1 9 1
47 14 24 36 1 296 1 316 1 110 3 622 1 321 1 38 1 13 1 4 1 102 1 88 1 106 1 96 1 108 1 113 1 109 1 107 1 103 1 112 1 104 1 105 1 407 1 414 1 32 1
49 15 20 411 1 296 1 316 1 143 1 321 1 38 1 4 1 13 1 79 1 133 1 88 1 91 2 106 2 96 1 138 1 142 1 327 1 581 2 320 1 300 1
52 16 19 36 1 147 1 296 1 316 1 149 1 489 1 352 1 321 2 38 1 313 1 13 1 148 1 106 2 96 1 138 1 142 1 310 1 311 1 115 1
55 17 20 659 1 316 1 296 1 143 1 160 1 154 1 38 1 313 1 102 2 88 1 106 2 96 1 138 1 142 1 79 1 658 1 162 1 115 1 163 1 361 1
58 18 27 411 1 296 1 316 1 149 1 321 1 38 1 4 1 13 1 102 1 88 1 96 1 106 1 186 1 190 1 467 1 188 1 189 1 184 1 191 1 156 1 293 1 555 1 353 1 292 2 2 1 298 1 9 1
//IdTournes NbColis
3 6
//IdColis IdCommandeInColis NbProducts IdProd1 QtyProd1 IdProd2 QtyProd2 ...
116 34 23 371 1 370 1 369 1 11 1 489 1 4 1 13 1 96 1 106 1 102 1 88 1 306 1 108 1 219 1 373 1 113 1 109 1 304 1 107 1 273 1 112 1 293 1 9 1
133 39 26 54 1 411 1 316 1 296 1 489 1 38 1 4 1 13 1 106 1 96 1 102 1 88 1 108 1 219 1 113 1 109 1 107 1 408 1 112 1 121 1 104 1 276 1 407 1 302 1 319 1 366 1
135 40 20 36 1 296 1 316 1 37 3 232 1 154 1 18 2 38 1 313 1 13 1 440 1 96 1 106 1 538 1 102 1 88 1 162 1 115 1 130 1 435 1
143 43 24 36 1 296 1 316 1 352 1 359 1 582 1 38 1 13 1 4 1 106 1 96 1 102 1 88 1 310 1 115 1 497 1 405 2 188 1 480 1 348 1 254 1 498 1 438 1 302 1
145 44 19 692 1 36 1 296 1 316 1 489 2 14 2 38 1 13 1 4 2 96 1 106 1 88 1 91 1 693 1 109 1 107 1 273 1 112 1 435 1
147 45 25 370 1 411 1 316 1 11 1 489 1 14 1 38 1 13 1 96 1 106 1 102 1 88 1 108 1 219 1 109 1 107 1 270 1 501 1 112 1 121 1 104 1 407 1 626 1 298 1 80 1
//IdTournes NbColis
4 6
//IdColis IdCommandeInColis NbProducts IdProd1 QtyProd1 IdProd2 QtyProd2 ...
149 46 24 583 1 36 1 296 1 316 1 359 1 110 1 14 1 38 1 4 1 13 1 96 1 106 1 507 1 102 1 88 1 108 1 373 1 109 1 107 1 273 1 112 1 121 1 104 1 401 1
152 47 25 36 1 316 1 296 1 38 1 13 1 4 1 106 1 96 1 102 1 88 1 115 1 188 1 211 1 112 1 509 1 121 1 130 1 293 1 290 1 298 2 292 2 2 1 325 3 302 1 9 1
154 48 33 316 1 296 1 4 1 13 1 106 1 96 1 102 1 88 1 145 1 513 1 290 1 292 1 2 1 298 1 94 1 325 4 111 1 30 1 209 1 151 1 90 1 288 4 512 1 319 1 315 2 6 2 294 2 295 2 1 2 5 2 511 2 8 2 514 1
156 49 22 630 1 44 1 517 1 369 1 13 1 4 1 96 1 106 1 102 1 88 1 432 1 108 1 162 1 303 1 306 1 113 1 518 1 614 1 109 1 107 1 112 1 58 1
159 50 27 316 1 296 1 359 1 13 1 4 1 522 1 523 1 106 1 102 1 88 1 115 1 190 1 188 1 480 1 348 1 407 1 308 1 290 1 298 2 292 2 2 1 325 4 297 1 151 1 291 1 187 1 319 1
161 51 27 316 1 296 1 13 1 4 1 106 1 96 1 102 1 88 1 108 1 219 1 535 1 227 1 536 1 109 1 107 1 104 1 276 1 407 1 519 1 298 2 290 1 292 2 2 1 325 1 302 1 9 1 319 1
//IdTournes NbColis
5 6
//IdColis IdCommandeInColis NbProducts IdProd1 QtyProd1 IdProd2 QtyProd2 ...
6 2 38 429 2 278 1 297 1 21 1 202 1 488 1 151 1 213 1 99 1 101 1 291 2 206 1 252 1 187 1 23 1 120 1 168 1 80 1 419 1 19 1 20 1 81 1 288 5 9 1 1 2 5 3 7 2 8 3 6 3 309 1 315 3 294 2 295 2 16 1 17 1 372 1 349 1 22 1
54 16 36 104 1 276 1 290 1 292 2 2 1 298 2 287 1 152 2 297 1 141 2 151 1 291 1 182 3 419 2 216 1 389 1 354 2 81 1 456 1 288 5 392 1 459 1 9 1 319 1 6 3 294 2 295 2 1 2 309 1 460 1 315 3 5 3 7 2 8 3 457 1 356 2
59 18 24 298 1 290 1 325 5 302 1 297 1 151 1 291 1 187 1 81 1 185 1 60 1 288 5 319 1 6 3 294 2 295 2 1 2 688 1 5 3 7 2 8 3 309 1 315 3 16 1
62 19 41 279 1 280 1 235 1 292 2 2 1 298 2 94 1 662 1 34 1 297 2 151 1 90 1 99 1 442 1 200 2 80 1 199 1 419 1 86 1 198 1 390 1 470 1 19 1 216 1 288 5 331 2 553 1 9 1 319 1 6 3 294 2 295 2 309 1 315 3 1 2 5 3 7 2 8 3 457 2 57 1 355 1
66 20 45 293 1 364 1 365 1 367 1 64 2 285 1 279 2 239 2 298 2 290 1 292 2 2 1 94 1 205 1 28 4 34 1 202 1 209 1 611 1 334 3 151 1 360 1 204 1 291 1 206 1 208 1 187 1 442 1 606 3 607 1 216 1 595 3 288 5 331 1 9 1 319 1 295 2 315 3 1 2 5 3 7 2 8 3 6 3 294 1 289 2
68 21 26 36 1 296 1 316 1 359 1 38 1 4 1 13 1 88 1 91 1 92 1 96 1 82 1 444 1 219 1 468 1 188 1 218 1 407 1 626 1 292 2 2 1 298 2 290 1 325 2 217 1 366 1
//IdTournes NbColis
6 6
//IdColis IdCommandeInColis NbProducts IdProd1 QtyProd1 IdProd2 QtyProd2 ...
144 43 35 407 1 491 1 492 1 292 2 2 1 298 2 290 1 325 5 326 1 297 1 151 1 493 1 291 1 187 1 496 1 158 1 216 1 185 1 81 1 354 2 288 5 409 1 9 1 494 1 319 1 5 3 7 2 8 3 495 1 6 3 294 2 295 2 1 2 309 1 315 3
162 51 17 325 3 297 1 151 1 291 1 187 1 216 1 81 1 288 4 309 1 315 2 1 2 5 2 7 2 8 2 6 2 294 2 295 2
163 52 27 316 1 296 1 143 1 154 1 313 1 92 1 96 1 88 1 91 1 162 1 113 1 541 1 157 1 542 1 211 1 112 1 540 1 105 1 279 1 290 1 292 2 298 2 539 1 151 1 288 4 315 2 295 2
165 53 41 316 1 296 1 313 1 13 1 92 1 96 1 91 1 543 1 115 1 188 1 260 1 407 1 161 1 290 1 292 2 2 1 298 2 487 1 217 1 297 1 151 1 291 1 187 1 182 1 158 1 116 1 216 1 300 1 81 1 288 4 319 1 544 1 309 3 315 3 6 3 294 2 295 2 1 2 5 3 7 2 8 3
72 22 22 336 1 532 1 431 1 363 1 222 1 109 1 238 2 144 1 513 1 189 2 214 1 89 1 223 1 324 1 273 1 387 1 112 1 577 1 105 1 221 3 276 1 220 1
77 23 38 186 1 144 1 189 1 585 1 146 1 112 2 577 1 191 1 471 1 221 3 197 1 268 2 407 1 473 1 279 1 562 1 235 1 290 1 292 2 298 2 2 1 302 1 297 1 99 1 90 1 291 1 80 1 86 1 216 1 81 1 288 5 472 1 584 1 462 1 294 2 295 2 309 1 315 1
//IdTournes NbColis
7 6
//IdColis IdCommandeInColis NbProducts IdProd1 QtyProd1 IdProd2 QtyProd2 ...
80 24 25 568 1 82 1 108 1 136 1 212 1 616 1 113 1 614 1 535 1 240 1 190 1 617 1 228 1 188 1 612 1 480 1 281 1 229 1 221 2 279 1 84 1 280 1 298 2 292 1 611 1
51 15 24 325 3 111 2 620 1 140 1 297 2 141 1 291 1 135 1 139 1 216 1 81 1 288 5 317 1 619 1 319 1 6 3 294 2 295 2 1 2 309 1 315 3 5 3 7 2 8 3
73 22 43 576 1 293 1 308 2 364 1 365 1 367 1 279 2 491 1 430 2 298 2 290 1 2 1 413 2 287 4 326 1 328 2 429 3 141 1 213 1 99 2 101 1 291 1 23 1 80 2 419 1 216 1 288 5 423 1 319 1 5 3 7 2 8 3 1 2 315 3 6 3 294 2 295 2 372 1 16 1 17 1 62 1 355 1 22 1
23 8 10 485 1 604 1 51 5 36 1 316 1 391 1 296 1 143 2 359 1 32 1
27 9 11 36 1 51 5 621 1 316 1 296 1 143 1 359 2 622 2 154 1 160 1 390 1
32 10 15 296 1 143 1 37 2 338 1 342 1 587 1 18 2 329 2 685 1 686 3 79 1 92 2 88 2 91 2 290 1
//IdTournes NbColis
8 6
//IdColis IdCommandeInColis NbProducts IdProd1 QtyProd1 IdProd2 QtyProd2 ...
36 11 17 653 1 36 1 645 1 316 1 296 1 143 1 359 1 37 1 651 1 14 2 321 1 45 1 38 1 13 1 313 1 92 2 254 1
75 23 15 583 1 147 1 316 1 296 1 149 1 143 1 359 2 37 1 110 1 587 1 582 1 18 1 329 5 38 1 319 1
79 24 20 316 1 296 1 196 1 149 1 143 1 232 1 685 1 686 1 203 2 91 2 92 2 96 1 230 1 231 1 615 1 458 1 618 1 474 1 81 1 319 1
82 25 22 24 1 296 1 316 1 143 1 15 1 685 1 686 1 207 1 203 1 91 2 92 1 96 1 138 1 142 1 677 1 327 1 162 1 237 1 478 2 115 1 319 1 356 2
85 26 17 371 1 632 1 36 1 25 1 296 1 316 1 196 1 143 1 149 1 110 1 38 1 4 1 13 1 207 1 203 1 91 2 229 1
88 27 20 36 1 44 1 296 1 316 1 143 1 242 1 154 1 422 1 38 1 13 1 313 1 207 1 203 1 91 2 96 1 138 1 92 2 142 1 310 1 34 1
//IdTournes NbColis
9 6
//IdColis IdCommandeInColis NbProducts IdProd1 QtyProd1 IdProd2 QtyProd2 ...
91 28 20 36 1 296 1 316 1 143 1 166 1 38 1 313 1 13 1 201 1 79 1 244 1 245 1 183 1 91 2 96 1 138 1 142 1 92 2 310 1 302 1
167 54 18 36 2 296 1 316 2 143 1 154 1 38 1 13 1 92 2 96 1 138 1 142 1 79 1 546 1 203 1 91 2 310 1 691 1 16 1
17 5 34 325 1 297 1 43 2 117 2 131 1 611 2 125 1 442 1 116 2 120 1 123 1 455 1 288 5 331 1 50 1 46 1 398 1 48 1 420 1 459 1 9 1 49 1 319 1 1 2 6 3 294 2 295 2 309 1 315 3 5 3 511 2 8 3 628 1 301 1
42 12 42 97 1 276 1 197 1 84 1 280 1 235 1 613 1 305 1 700 1 298 2 290 1 292 2 2 1 94 1 325 5 328 1 174 1 297 1 117 1 175 1 611 1 701 1 3 1 90 1 99 1 697 1 291 1 173 1 181 1 417 1 182 1 120 1 80 1 86 1 74 1 274 1 216 1 76 1 180 2 81 1 595 1 699 1
98 29 55 364 1 298 1 430 2 290 1 2 1 429 1 643 1 34 1 302 1 297 1 682 2 21 2 117 1 611 1 424 1 204 1 90 1 99 1 291 1 442 1 80 2 200 1 419 1 86 1 274 2 180 1 185 2 684 1 346 1 449 1 288 4 706 1 412 1 402 2 703 1 451 1 446 1 631 1 397 1 9 1 319 1 5 3 7 2 8 3 309 1 315 3 1 2 495 1 6 3 294 2 295 2 683 1 337 1 401 2 366 1
12 4 27 245 1 656 2 327 1 82 1 339 1 226 1 122 2 89 3 260 1 97 1 85 3 156 1 293 1 298 2 290 1 292 2 2 1 94 1 269 2 302 1 297 1 101 1 90 1 99 2 291 1 80 1 319 1
//IdTournes NbColis
10 6
//IdColis IdCommandeInColis NbProducts IdProd1 QtyProd1 IdProd2 QtyProd2 ...
19 6 27 95 1 113 1 373 1 277 1 467 1 270 1 272 1 145 1 189 1 273 1 89 1 275 1 97 1 193 1 85 1 276 1 197 1 293 1 119 1 170 1 430 2 290 1 2 1 298 2 94 1 325 2 360 1
45 13 23 88 1 91 2 92 2 96 1 82 1 78 1 115 1 87 1 95 1 100 1 89 1 97 1 98 2 85 1 276 1 197 1 293 1 353 1 84 1 491 2 280 1 235 1 354 1
53 16 23 458 1 581 1 283 1 102 2 88 1 79 1 108 1 303 1 150 1 109 1 144 1 145 2 107 1 89 2 322 1 146 1 112 3 97 1 121 1 191 1 293 1 302 1 419 1
101 30 25 92 1 138 1 142 1 207 1 458 1 108 1 444 1 624 1 113 1 373 1 363 1 109 1 190 1 226 1 386 1 145 1 107 1 265 1 266 1 89 1 601 1 97 1 98 1 459 1 466 2
3 2 15 24 1 25 2 316 1 296 1 359 3 14 1 482 1 18 1 329 1 15 1 13 1 313 1 92 3 148 1 405 1
8 3 22 313 1 91 2 96 1 230 1 92 2 474 1 362 1 538 1 203 2 108 1 136 1 162 1 638 1 641 1 113 1 240 1 277 1 145 1 188 1 272 1 322 1 9 1
//IdTournes NbColis
11 6
//IdColis IdCommandeInColis NbProducts IdProd1 QtyProd1 IdProd2 QtyProd2 ...
11 4 19 42 1 36 1 316 2 296 1 196 1 636 1 587 1 338 1 38 1 13 1 313 1 203 2 91 2 96 1 92 2 79 1 40 1 22 1 366 1
18 6 18 36 1 44 2 316 1 296 1 359 1 37 3 38 1 13 1 4 1 271 1 88 1 91 1 96 1 92 1 162 1 678 1 115 1 680 1
60 19 17 469 1 36 1 44 1 316 1 391 1 296 1 196 1 338 1 342 1 38 1 313 1 13 1 195 1 92 2 88 2 91 2 328 1
64 20 16 24 1 316 1 296 1 196 1 359 2 338 1 342 1 587 1 321 3 15 1 313 1 13 1 203 2 91 2 92 2 22 1
71 22 16 45 1 18 2 15 1 313 1 686 1 92 3 96 1 138 2 224 1 432 2 203 2 91 2 128 2 129 2 336 1 157 1
76 23 20 313 1 13 1 91 2 92 2 96 1 142 1 207 1 362 1 327 1 203 2 225 1 82 1 115 1 227 1 363 1 339 1 150 1 226 1 586 1 356 1
//IdTournes NbColis
12 6
//IdColis IdCommandeInColis NbProducts IdProd1 QtyProd1 IdProd2 QtyProd2 ...
86 26 27 96 1 92 2 138 2 142 1 437 1 162 1 240 1 109 1 238 1 633 1 157 1 145 2 612 1 625 1 197 1 293 1 31 1 307 1 279 1 239 1 290 1 292 2 2 1 298 2 28 1 302 1 297 1
96 29 16 686 1 92 2 203 2 91 2 96 1 231 1 568 2 327 3 474 1 82 1 128 1 129 2 532 1 336 2 115 1 354 1
105 31 15 92 2 244 2 203 2 91 2 362 1 668 1 458 3 481 1 474 1 162 1 437 3 444 2 691 1 115 1 477 1
110 32 20 686 1 203 2 91 2 96 1 207 1 133 1 92 2 327 1 618 1 440 1 82 1 303 1 437 2 115 1 363 1 339 1 240 1 190 1 126 1 319 1
113 33 20 371 1 463 1 296 1 316 1 160 1 154 1 342 1 38 1 13 1 313 1 283 1 88 1 91 2 172 1 96 1 138 1 79 1 92 2 302 1 366 1
119 35 21 36 1 316 1 296 1 196 1 149 1 352 1 37 1 110 1 160 1 38 1 13 1 313 1 203 1 91 2 92 2 96 1 138 1 142 1 207 1 349 1 435 1
//IdTournes NbColis
13 6
//IdColis IdCommandeInColis NbProducts IdProd1 QtyProd1 IdProd2 QtyProd2 ...
122 36 20 44 1 296 1 316 1 622 2 160 1 154 1 321 1 4 1 13 1 203 1 91 2 92 2 96 1 138 1 142 1 207 1 458 1 162 1 108 1 325 1
126 37 21 27 1 313 1 686 1 203 1 91 2 148 1 96 1 92 2 138 1 142 1 207 1 82 1 115 1 178 2 405 2 312 1 380 1 145 1 253 1 408 4 354 1
130 38 19 371 1 36 1 316 1 391 1 296 1 45 1 38 1 313 1 13 1 88 1 91 2 148 1 96 1 92 2 138 1 142 1 79 1 327 1 188 1
138 41 23 443 1 36 1 44 1 296 1 316 1 489 1 38 1 13 1 313 1 92 1 96 1 203 1 91 1 444 1 108 1 192 1 373 1 150 1 109 1 107 1 146 1 302 1 355 1
140 42 20 36 1 296 1 316 1 38 1 13 1 313 1 310 1 454 1 92 2 96 1 138 1 142 1 79 1 547 1 88 1 91 2 162 1 363 1 211 1 112 1
141 42 44 118 1 105 1 124 4 126 1 235 1 279 1 292 2 2 1 298 2 290 1 326 2 429 2 377 1 375 1 439 1 30 1 447 1 448 1 419 3 515 1 19 1 452 2 455 1 20 1 185 2 525 1 449 1 288 5 446 1 450 1 451 1 453 1 6 3 294 2 295 2 1 2 5 3 7 2 8 3 315 3 35 1 445 2 435 2 289 1
//IdTournes NbColis
14 6
//IdColis IdCommandeInColis NbProducts IdProd1 QtyProd1 IdProd2 QtyProd2 ...
157 49 50 121 1 130 1 104 1 276 1 625 1 516 1 293 1 492 1 290 1 292 2 2 1 298 2 502 1 325 4 429 1 302 1 297 1 566 1 99 1 101 1 291 1 125 2 182 2 23 1 80 1 515 1 19 1 81 1 288 4 317 1 584 1 631 1 9 1 319 1 5 3 7 2 8 3 6 3 294 2 295 2 1 2 309 1 315 3 372 1 16 1 17 1 351 1 435 1 22 1 366 1
170 55 33 316 1 296 1 359 1 313 1 13 1 96 1 92 1 88 1 91 1 550 1 122 1 145 1 98 1 438 1 276 1 491 1 290 1 292 1 2 1 298 1 439 1 288 4 551 1 49 1 315 2 6 2 294 2 295 2 1 2 5 2 7 2 8 2 289 1
172 56 19 36 1 296 1 316 1 352 1 14 3 38 1 13 1 4 1 96 1 92 2 138 1 142 1 79 1 88 1 91 2 327 1 162 1 115 1 23 1
175 57 35 316 1 296 1 557 1 313 1 13 1 96 1 92 1 88 1 91 1 559 1 533 1 188 1 555 1 552 1 170 1 558 1 280 1 290 1 292 1 2 1 298 1 554 1 556 1 141 1 288 4 553 2 315 2 6 2 294 2 295 2 1 2 5 2 7 2 8 2 26 2
177 58 21 316 2 296 1 489 1 110 1 13 1 4 1 96 1 230 1 92 1 88 1 91 1 561 1 668 1 368 1 115 1 373 1 363 1 113 2 302 1 43 1 319 1
180 59 26 296 1 316 1 14 1 565 1 350 1 313 1 13 1 563 1 96 1 568 1 203 1 92 1 91 1 572 1 573 1 564 1 569 1 363 1 574 1 164 1 490 1 575 1 353 1 293 1 302 1 9 1
//IdTournes NbColis
15 6
//IdColis IdCommandeInColis NbProducts IdProd1 QtyProd1 IdProd2 QtyProd2 ...
9 3 27 273 1 229 1 640 1 105 2 254 1 193 1 197 3 220 1 639 1 31 1 293 1 365 1 367 1 477 1 119 3 298 2 290 1 292 2 2 1 287 4 476 1 33 1 475 2 111 2 589 1 28 1 354 1
111 32 48 253 1 281 1 229 1 197 1 31 1 293 1 280 1 613 1 305 1 298 2 292 2 2 1 290 1 287 1 328 1 278 1 28 3 302 1 297 1 30 1 63 1 90 1 99 1 291 1 80 1 86 1 710 1 670 1 390 3 19 2 81 1 20 1 346 5 708 1 29 1 9 1 309 2 315 3 495 1 6 3 294 2 295 2 1 2 5 3 7 2 8 3 709 1 62 1
120 35 28 437 3 162 1 545 1 113 1 240 1 178 1 594 1 228 3 612 1 214 1 387 1 112 1 229 1 438 1 197 1 127 1 407 1 305 1 279 1 235 1 84 1 290 1 292 2 2 1 298 2 302 1 319 1 435 1
181 59 42 282 1 484 1 571 1 298 2 290 1 292 2 2 1 94 1 439 1 297 1 567 1 695 1 566 1 99 1 101 1 291 1 23 1 80 1 344 1 216 1 81 1 570 1 503 1 288 4 319 2 294 2 295 2 694 1 1 2 5 2 7 2 8 2 309 1 315 2 661 1 6 2 372 1 16 1 17 1 349 1 22 1 366 1
93 28 46 293 1 305 2 307 1 308 1 279 1 280 1 290 1 292 2 298 2 2 1 287 2 153 3 590 1 589 1 28 1 297 1 21 5 101 1 291 1 187 1 248 1 246 1 123 1 249 1 286 1 588 1 19 3 216 1 81 1 595 1 596 1 288 5 50 1 299 2 65 1 294 2 295 2 309 1 315 3 6 3 1 2 5 3 7 2 301 2 35 1 289 2
34 10 45 211 1 260 1 112 1 601 2 348 2 256 1 293 1 305 1 84 1 280 1 235 1 712 4 298 2 292 2 2 1 599 1 328 1 34 1 28 1 257 1 302 1 297 1 30 1 332 1 334 1 598 1 259 1 90 1 99 1 291 1 173 1 442 1 255 2 80 1 120 2 258 1 597 1 68 1 86 1 344 1 340 1 216 1 81 1 596 1 346 1
//IdTournes NbColis
16 6
//IdColis IdCommandeInColis NbProducts IdProd1 QtyProd1 IdProd2 QtyProd2 ...
83 25 29 233 1 165 1 234 1 617 1 157 1 218 1 322 1 112 1 105 1 293 1 441 3 84 1 235 1 307 1 627 2 323 1 236 1 292 2 2 1 298 2 290 1 676 2 302 1 297 1 291 1 206 1 578 3 80 2 415 2
29 9 33 155 1 115 1 157 1 159 1 322 3 273 2 112 1 105 1 156 1 293 1 64 1 307 1 279 1 235 2 84 1 161 1 239 1 290 1 292 2 2 1 298 2 153 1 429 3 302 1 297 1 131 1 63 1 101 1 99 1 291 1 23 1 442 1 81 1
107 31 39 280 1 613 1 305 1 627 1 161 3 298 2 290 1 292 2 2 1 94 1 111 2 278 2 302 1 297 1 99 2 90 1 120 3 80 1 86 1 19 2 216 1 274 1 81 1 288 5 703 1 398 1 9 1 319 1 309 1 1 2 315 3 5 3 7 2 8 3 6 3 294 2 295 2 435 1 32 1
97 29 25 113 1 614 1 150 1 240 1 178 1 304 1 262 1 144 1 612 1 408 1 211 1 273 2 480 1 146 1 112 1 644 2 348 1 191 1 105 1 276 1 197 1 293 1 119 1 285 1 298 1
16 5 28 109 1 114 1 122 1 107 1 273 1 112 1 640 1 121 1 85 1 118 2 130 1 104 1 124 1 126 1 127 1 407 1 119 1 623 1 667 1 290 1 292 2 2 1 298 2 287 1 325 4 429 1 34 1 302 1
117 34 37 121 1 104 1 130 1 290 1 292 2 2 1 298 2 325 4 264 1 302 1 297 1 334 1 99 1 101 1 291 1 504 1 23 1 80 1 216 1 503 1 81 1 288 4 319 1 6 3 294 2 295 2 1 2 5 3 7 2 8 3 309 1 315 3 16 1 17 1 372 1 22 1 366 1
//IdTournes NbColis
17 6
//IdColis IdCommandeInColis NbProducts IdProd1 QtyProd1 IdProd2 QtyProd2 ...
139 41 34 112 1 121 1 130 1 276 1 441 1 293 1 119 1 267 1 292 2 2 1 298 2 290 1 297 1 291 1 549 1 442 1 216 1 288 5 331 1 404 1 548 2 9 1 319 1 6 3 294 2 295 2 1 2 5 3 7 2 309 1 315 3 8 3 337 1 366 2
178 58 33 109 1 107 1 273 1 121 1 130 1 104 1 276 1 407 1 562 1 298 2 290 1 292 2 2 1 325 4 297 1 291 1 216 1 395 1 81 1 288 4 465 1 9 1 315 3 1 2 5 3 7 2 8 3 309 1 6 3 294 2 295 2 560 1 337 1
102 30 45 85 1 254 1 625 1 438 1 104 1 276 1 672 1 197 1 268 1 407 1 267 1 623 1 626 1 627 1 492 1 674 1 292 2 2 1 298 2 94 1 476 4 675 1 264 1 302 1 297 1 673 1 99 1 291 1 442 1 263 1 670 1 671 1 81 1 288 5 341 1 9 1 319 1 294 2 295 2 309 1 315 3 5 3 7 2 445 1 351 1
160 50 19 521 1 524 1 216 1 81 1 525 1 455 1 288 4 9 1 309 1 315 3 295 2 8 3 6 3 294 2 1 2 5 3 7 2 349 1 401 1
22 7 24 516 1 247 1 531 1 530 1 290 1 292 1 2 1 298 1 527 1 60 1 288 4 526 1 7 2 1 2 8 2 5 2 315 2 6 2 294 2 295 2 12 1 59 1 528 1 351 1
5 2 28 579 1 144 1 157 2 188 1 211 1 214 2 210 1 480 1 387 1 146 1 112 1 281 1 348 1 97 1 191 1 118 2 127 1 361 1 400 1 293 1 364 1 367 1 285 1 298 2 290 1 292 2 2 1 366 1
//IdTournes NbColis
18 6
//IdColis IdCommandeInColis NbProducts IdProd1 QtyProd1 IdProd2 QtyProd2 ...
128 37 34 302 2 428 2 297 1 427 1 424 2 425 2 360 1 90 1 99 1 291 1 173 1 426 2 578 1 23 1 442 1 80 1 86 1 354 1 288 5 331 2 404 2 423 1 319 1 309 2 315 3 7 2 8 3 6 3 294 2 295 2 1 2 5 3 40 2 289 1
25 8 26 129 2 336 1 399 1 444 1 162 1 532 1 534 1 115 1 113 1 87 1 171 1 602 1 157 1 112 1 348 1 105 1 197 1 407 1 170 1 484 1 84 1 491 1 235 1 290 1 292 2 298 2
38 11 44 363 2 339 1 157 1 145 1 253 1 188 1 214 1 112 1 197 1 416 1 293 1 652 1 290 1 292 2 298 2 2 1 413 1 357 2 589 1 174 1 302 1 297 1 447 2 493 1 251 1 3 1 448 1 90 1 99 1 291 1 417 2 252 1 418 2 71 1 23 1 80 1 200 1 419 2 68 1 86 1 72 2 646 1 650 1 397 1
65 20 23 148 1 96 1 142 1 207 1 362 1 327 1 368 1 580 1 82 1 115 1 100 1 363 1 339 1 657 1 109 1 157 1 640 1 97 1 98 1 193 2 197 1 361 1 302 1
89 27 29 547 1 162 1 115 1 468 1 194 1 655 1 241 1 467 1 386 1 157 1 211 2 112 1 644 1 105 1 276 1 197 1 293 1 84 1 305 1 307 1 279 1 243 1 290 1 292 2 2 1 298 2 302 1 23 1 466 1
92 28 25 311 1 314 1 591 1 203 1 303 1 306 1 162 1 543 2 250 1 533 1 115 1 178 1 312 1 304 2 592 1 594 1 157 1 145 1 112 1 247 1 268 1 593 1 293 3 300 1 319 1
//IdTournes NbColis
19 6
//IdColis IdCommandeInColis NbProducts IdProd1 QtyProd1 IdProd2 QtyProd2 ...
33 10 20 148 1 96 1 142 1 343 1 128 1 129 2 336 2 532 1 82 1 115 2 600 1 564 1 100 1 339 1 87 1 261 1 335 1 602 1 122 1 348 1
50 15 28 538 1 108 2 136 1 115 1 109 1 122 1 107 1 320 1 322 1 324 1 112 1 105 2 318 1 293 1 305 1 323 1 279 1 84 1 290 1 292 2 2 1 298 2 137 1 134 1 325 2 326 1 302 1 9 1
56 17 35 165 1 122 1 164 1 322 1 112 1 275 1 348 2 105 1 660 1 407 1 84 1 119 2 305 1 307 1 279 1 298 2 290 1 292 2 2 1 328 3 302 2 297 1 291 1 216 1 81 1 288 5 319 1 1 2 309 1 315 3 661 1 6 3 294 2 295 2 351 1
114 33 41 310 1 162 1 115 1 122 1 211 1 112 1 284 1 130 1 293 1 282 1 285 1 84 1 305 1 323 1 464 1 290 1 292 2 2 1 298 2 297 1 141 1 101 1 99 1 291 1 80 1 216 1 81 1 288 5 46 1 462 1 461 1 319 1 6 3 294 2 295 2 1 2 315 3 372 1 16 1 17 1 356 1
168 54 38 545 1 162 1 122 1 322 1 112 1 348 1 407 1 279 1 298 2 290 1 292 2 2 1 377 1 302 1 297 1 99 1 101 1 291 1 426 2 23 1 80 1 288 5 9 1 319 1 294 2 295 2 1 2 5 3 7 2 8 3 309 1 315 3 6 3 17 1 372 1 349 1 22 1 366 1
106 31 19 113 1 614 1 385 1 109 1 165 1 386 1 669 1 145 2 176 1 273 1 387 4 601 1 97 1 98 4 85 1 293 1 279 1 84 1 388 1
//IdTournes NbColis
20 6
//IdColis IdCommandeInColis NbProducts IdProd1 QtyProd1 IdProd2 QtyProd2 ...
124 36 29 325 2 487 1 377 1 34 1 302 1 297 1 332 1 598 1 291 1 578 2 442 1 378 2 198 1 216 1 81 1 483 1 288 4 331 1 319 2 6 3 294 2 295 2 309 1 315 3 1 2 5 3 7 2 8 3 366 1
121 35 24 287 1 278 1 375 1 297 1 90 1 374 1 291 1 376 1 216 1 354 3 288 5 436 1 6 2 294 2 295 2 1 2 309 1 315 2 5 2 7 2 8 2 434 1 337 1 366 1
70 22 11 51 5 24 1 147 1 316 1 296 1 433 4 37 1 622 1 45 1 297 1 366 1
127 37 29 408 1 322 1 97 1 98 1 379 1 193 1 85 1 197 2 124 1 690 1 293 1 84 1 307 4 279 1 235 1 119 1 298 2 2 1 290 1 292 2 94 1 328 2 429 2 278 1 589 3 34 1 28 3 302 3 9 1
123 36 22 108 1 115 1 100 1 612 1 408 2 211 3 322 1 112 1 601 3 640 1 105 1 407 1 119 1 305 1 307 1 279 1 235 1 290 1 292 2 2 1 298 2 325 1
173 56 39 112 1 105 1 293 1 279 1 235 3 305 1 298 2 290 1 292 2 2 1 325 5 375 3 302 1 297 1 99 1 101 1 291 1 426 1 80 1 216 1 81 1 288 5 9 1 319 1 5 3 7 2 8 3 294 2 295 2 1 2 309 2 315 3 6 3 16 1 17 1 372 1 349 1 22 1 289 2
//IdTournes NbColis
21 6
//IdColis IdCommandeInColis NbProducts IdProd1 QtyProd1 IdProd2 QtyProd2 ...
4 2 20 96 2 138 1 142 1 432 1 481 2 343 2 207 1 283 1 203 2 91 2 580 1 108 1 136 1 212 1 227 1 150 1 405 1 578 1 319 1 289 1
37 11 20 207 1 183 1 91 2 96 1 142 1 327 1 203 2 581 2 108 1 136 1 212 1 303 1 306 1 543 1 649 1 115 1 95 2 647 1 319 1 356 1
131 38 31 108 1 399 2 115 1 177 2 405 1 663 1 664 1 322 1 348 1 97 1 98 1 85 1 197 1 293 1 400 1 84 1 491 2 280 1 235 1 290 1 292 2 298 2 2 1 94 1 137 2 328 1 381 1 382 1 302 1 354 1 319 1
46 13 33 290 1 292 2 2 1 298 2 94 1 357 1 328 1 302 1 297 1 332 1 334 1 90 1 99 1 291 1 80 1 86 1 81 1 654 1 288 5 319 1 6 3 294 2 295 2 1 2 309 1 315 3 5 3 7 2 8 3 349 1 355 1 351 2 356 3
150 46 32 276 1 407 1 690 1 292 2 2 1 298 2 290 1 325 5 302 1 297 1 689 2 360 1 506 1 291 1 135 1 426 1 187 1 505 1 216 1 81 1 288 5 9 1 319 1 5 3 7 2 8 3 6 3 294 2 295 2 1 2 309 1 315 3
61 19 23 96 1 201 1 79 1 573 2 82 1 444 1 192 1 641 2 95 1 100 1 194 1 304 1 281 2 640 1 193 1 197 1 104 1 118 1 293 1 305 1 290 1 302 1 40 1
//IdTournes NbColis
22 6
//IdColis IdCommandeInColis NbProducts IdProd1 QtyProd1 IdProd2 QtyProd2 ...
30 9 22 80 1 158 1 216 1 525 3 288 5 331 1 9 1 319 1 5 3 7 2 8 3 6 3 294 2 295 2 309 1 315 3 1 2 372 1 16 1 17 1 22 1 366 1
146 44 30 276 1 130 1 407 1 499 1 298 2 290 1 292 2 2 1 325 5 302 1 297 1 291 1 426 1 500 1 216 1 81 1 288 5 9 1 319 1 5 3 7 2 8 3 294 2 295 2 1 2 309 1 315 3 6 3 435 2 445 1
109 32 15 54 1 24 1 25 1 316 1 296 1 196 1 149 1 359 2 622 2 338 1 342 1 329 3 15 1 685 1 279 1
10 3 36 34 1 428 1 297 1 30 1 425 1 90 1 99 1 291 1 383 1 418 2 442 1 80 1 116 1 249 1 86 1 510 1 354 1 288 5 331 1 29 1 319 1 642 1 1 2 5 3 7 2 8 3 309 1 315 3 6 3 294 2 295 2 26 1 301 1 35 1 32 1 356 1
13 4 20 418 2 80 1 86 1 167 1 288 5 39 2 41 2 9 1 1 2 5 3 7 2 8 3 309 1 315 3 6 3 294 2 295 2 16 1 17 1 372 1
26 8 30 2 1 487 1 605 1 302 1 297 1 486 1 291 1 168 1 606 1 607 1 216 1 61 1 167 1 81 1 288 5 603 1 9 2 319 1 5 3 7 2 8 3 294 2 295 2 309 1 315 3 6 3 1 2 330 1 372 1 62 1
//IdTournes NbColis
23 6
//IdColis IdCommandeInColis NbProducts IdProd1 QtyProd1 IdProd2 QtyProd2 ...
100 30 18 630 1 54 1 36 1 296 1 316 1 635 2 359 1 651 1 14 1 350 1 18 1 38 1 313 1 13 1 203 1 91 1 96 1 290 1
104 31 17 24 1 296 1 316 1 196 1 352 1 110 2 160 1 154 2 565 1 342 2 704 2 38 1 313 1 13 1 96 1 230 1 291 1
48 14 31 298 2 290 1 292 2 2 1 325 5 111 1 589 1 302 1 297 1 101 1 99 1 23 1 80 1 81 1 288 5 9 1 319 1 294 2 295 2 1 2 5 3 7 2 8 3 309 1 315 3 6 3 16 1 17 1 372 1 22 1 366 1
136 40 35 113 1 273 1 112 1 293 1 323 1 292 2 2 1 298 2 290 1 287 2 302 4 297 1 439 1 141 3 291 1 418 1 537 1 180 2 81 1 288 5 58 1 46 1 9 1 319 1 6 3 294 2 295 2 1 2 309 1 315 3 5 3 7 2 8 3 434 1 289 3
41 12 23 142 1 79 1 183 1 102 2 310 1 327 1 618 1 162 1 115 1 610 1 564 1 87 1 113 1 177 1 178 1 179 1 386 1 176 1 114 1 612 1 601 1 319 1 356 1
7 3 16 36 1 316 1 296 1 196 1 359 3 37 1 384 2 14 1 160 2 232 1 338 1 329 1 38 1 27 1 13 1 322 1
//IdTournes NbColis
24 6
//IdColis IdCommandeInColis NbProducts IdProd1 QtyProd1 IdProd2 QtyProd2 ...
125 37 16 24 1 44 1 316 1 296 1 635 1 707 3 637 1 160 1 338 1 636 2 587 1 634 2 422 1 15 1 27 1 354 1
69 21 27 325 3 589 1 302 1 297 1 215 1 101 1 99 1 291 1 23 1 80 1 216 1 81 1 288 5 9 1 6 2 294 2 295 2 1 2 5 2 7 2 8 2 309 1 315 2 372 1 16 1 17 1 22 1
87 26 24 325 5 101 1 99 1 291 1 23 1 80 1 81 1 455 1 288 5 319 1 6 3 294 2 295 2 1 2 315 3 5 3 7 2 8 3 372 1 16 1 17 1 57 2 22 1 366 2
90 27 36 153 1 297 1 141 1 101 1 90 1 99 3 291 1 442 1 80 2 86 1 415 1 340 1 19 2 216 1 81 1 288 5 331 1 394 1 29 1 397 1 465 1 9 1 319 1 6 3 294 2 295 2 1 2 315 3 5 3 7 2 8 3 372 1 16 1 17 1 40 1 22 1
132 38 44 297 1 334 1 101 1 90 1 99 2 291 1 23 1 80 2 86 1 390 1 389 1 395 1 81 1 354 2 666 3 288 5 396 2 394 3 402 2 29 1 665 1 398 4 392 1 397 2 403 1 404 1 393 1 465 1 9 1 294 2 295 2 309 1 315 3 5 3 7 2 8 3 6 3 1 2 372 1 16 1 17 1 401 1 22 1 366 1
134 39 34 490 1 290 1 292 2 2 1 298 2 325 5 297 1 488 1 334 1 99 1 101 1 291 1 23 1 80 1 81 1 406 1 288 5 410 1 412 1 398 1 409 1 9 1 6 3 294 2 295 2 1 2 5 3 7 2 8 3 309 1 315 3 16 1 17 1 22 1
//IdTournes NbColis
25 6
//IdColis IdCommandeInColis NbProducts IdProd1 QtyProd1 IdProd2 QtyProd2 ...
148 45 34 298 1 290 1 292 2 2 1 502 1 325 5 302 1 297 1 99 1 101 1 291 1 418 1 23 1 419 1 216 1 81 1 483 1 288 5 9 1 319 1 294 2 295 2 1 2 5 3 511 2 8 3 309 1 315 3 6 3 16 1 17 1 372 1 22 1 366 1
153 47 20 325 2 711 1 297 1 508 1 291 1 415 1 510 1 180 3 81 1 288 5 319 1 309 1 315 2 295 2 6 2 294 2 1 2 5 2 7 2 8 2
20 6 32 325 3 34 1 297 1 360 1 291 1 442 1 80 1 274 1 216 1 354 1 56 1 288 5 331 1 58 2 394 2 55 1 679 1 398 1 681 1 9 1 459 1 319 1 1 2 5 3 7 2 8 3 315 3 6 3 294 2 295 2 57 1 528 1
2 1 21 418 1 216 1 81 1 396 1 288 4 472 1 9 1 319 1 1 2 5 2 6 2 7 2 8 2 309 1 315 2 294 2 295 2 10 1 12 1 356 1 289 1
84 25 13 216 1 687 1 81 1 346 5 5 3 7 2 8 3 1 2 6 3 294 2 295 2 309 1 315 3
35 10 21 185 2 346 4 331 2 333 1 67 1 341 1 69 1 65 1 319 1 5 3 7 2 8 3 295 2 315 3 1 2 6 3 294 2 330 2 66 1 337 5 70 2
//IdTournes NbColis
26 6
//IdColis IdCommandeInColis NbProducts IdProd1 QtyProd1 IdProd2 QtyProd2 ...
39 11 22 650 1 415 1 648 1 216 2 421 1 288 5 398 1 420 1 414 1 9 1 65 1 5 3 7 2 8 3 294 2 295 2 309 1 315 3 6 3 1 2 528 1 289 1
95 29 16 705 3 51 2 24 1 316 1 296 1 359 1 14 1 587 1 338 1 342 1 422 2 15 1 685 1 429 1 401 1 289 1
81 24 13 292 1 2 1 290 1 346 4 295 2 315 2 6 2 294 2 1 2 5 2 7 2 8 2 514 1
67 20 4 294 1 358 1 355 1 366 2
43 12 18 288 5 75 1 398 1 681 1 9 1 696 2 5 3 7 2 8 3 309 1 1 2 315 3 6 3 294 2 295 2 702 1 349 1 366 2
31 10 7 47 1 347 1 583 1 24 2 705 5 621 2 345 1
//IdTournes NbColis
27 3
//IdColis IdCommandeInColis NbProducts IdProd1 QtyProd1 IdProd2 QtyProd2 ...
14 5 10 47 1 629 1 54 1 51 1 52 3 53 1 36 1 44 1 296 1 4 1
78 23 3 315 2 6 3 1 2
103 30 3 8 3 6 3 1 2
