//NbTournees
2
//IdTournes NbColis
1 6
//IdColis IdCommandeInColis NbProducts IdProd1 QtyProd1 IdProd2 QtyProd2 ...
2 1 13 39 2 81 3 85 1 14 1 21 2 22 1 30 1 33 1 48 1 72 3 84 1 87 1 1 1
7 2 30 38 1 12 1 83 1 82 1 47 1 58 1 67 2 71 1 89 1 2 1 3 1 5 1 23 1 24 1 44 2 79 2 66 1 43 2 45 2 42 1 46 1 68 1 69 2 51 2 26 1 52 1 53 1 59 1 55 1 63 1
11 3 21 43 1 42 1 46 1 4 1 68 2 69 1 94 1 101 1 19 1 15 1 100 1 52 1 53 1 102 1 54 1 105 1 106 2 103 1 56 1 107 1 70 1
3 1 35 88 2 37 1 41 1 82 1 47 1 58 1 67 2 75 1 89 1 90 1 6 1 9 1 32 1 36 1 79 2 95 1 43 2 45 1 97 1 42 1 46 1 17 1 64 1 68 2 69 1 50 1 61 1 60 1 62 1 57 2 65 1 53 1 54 1 55 1 56 1
9 3 11 31 1 35 1 7 1 29 1 77 1 80 5 39 3 96 1 14 1 21 2 18 1
6 2 13 14 2 21 2 22 2 30 1 33 1 8 1 25 1 48 1 49 1 72 3 84 1 87 1 88 2
//IdTournes NbColis
2 6
//IdColis IdCommandeInColis NbProducts IdProd1 QtyProd1 IdProd2 QtyProd2 ...
10 3 26 22 1 30 1 33 1 48 1 78 1 87 2 88 1 83 1 27 1 37 1 10 1 82 1 41 1 93 1 13 1 75 1 89 1 47 1 58 1 67 2 9 1 32 1 36 1 79 2 43 1 76 1
13 4 29 33 1 72 1 88 1 86 1 98 2 27 1 37 1 82 1 41 1 67 2 89 1 47 1 58 1 9 1 32 1 36 1 79 2 43 2 45 1 42 1 46 1 68 2 69 1 15 1 104 1 53 1 54 1 56 1 70 1
5 2 9 11 1 31 1 28 1 29 1 77 3 80 2 81 3 39 3 41 1
12 4 14 31 1 35 1 29 1 77 2 73 1 81 2 39 1 99 1 14 1 16 1 21 2 22 1 30 1 92 1
1 1 10 20 1 34 1 31 1 35 1 29 1 91 1 77 3 74 1 39 2 40 1
4 1 1 70 1
