//NbTournees
7
//IdTournes NbColis
1 6
//IdColis IdCommandeInColis NbProducts IdProd1 QtyProd1 IdProd2 QtyProd2 ...
11 2 14 239 1 293 3 304 1 97 1 237 1 2 2 9 1 27 1 169 3 173 3 301 4 106 1 107 1 138 1
3 1 16 177 1 190 2 232 1 301 2 324 1 315 1 305 1 321 2 313 1 363 2 308 1 366 1 422 1 423 1 83 1 226 1
20 3 20 315 1 318 1 301 2 305 1 321 1 382 1 394 1 383 2 366 1 307 1 256 1 268 3 17 1 391 1 81 1 311 1 3 2 317 1 114 1 215 1
26 4 19 79 1 122 1 89 1 190 1 191 1 93 1 113 1 173 1 313 1 315 1 305 1 321 1 329 1 301 2 360 1 394 2 383 1 256 2 105 1
33 5 17 90 1 199 1 113 2 190 1 191 1 93 1 205 1 206 1 324 1 315 3 318 1 328 1 305 1 321 1 301 1 360 1 96 1
34 5 20 301 1 329 2 313 1 419 1 382 1 394 1 383 2 442 1 433 1 9 1 197 1 327 2 307 1 387 2 256 1 353 1 17 1 176 1 350 1 198 1
//IdTournes NbColis
2 6
//IdColis IdCommandeInColis NbProducts IdProd1 QtyProd1 IdProd2 QtyProd2 ...
42 6 19 201 1 79 1 89 1 90 1 92 1 93 1 190 1 169 1 191 1 301 2 324 1 344 2 305 1 329 1 377 1 382 1 383 1 256 1 215 1
7 1 29 35 3 24 2 28 1 362 1 404 1 218 1 202 1 195 1 144 1 6 2 163 2 339 1 385 2 136 1 300 4 64 2 158 1 160 1 310 3 417 2 348 2 131 1 238 1 272 3 75 2 314 1 289 1 292 1 226 1
8 1 79 292 1 7 1 357 1 409 1 48 5 217 1 226 1 332 1 224 1 11 1 336 1 33 2 32 3 58 4 60 2 204 1 196 1 184 1 149 1 43 1 231 2 361 2 430 1 223 1 220 1 194 1 51 1 216 1 186 1 153 1 154 1 82 1 49 1 50 1 76 1 179 1 241 1 242 1 187 1 188 1 140 1 147 1 155 1 236 1 68 1 46 1 178 1 182 1 183 1 243 1 143 1 152 1 52 2 219 1 227 1 209 1 287 1 150 1 151 1 222 1 225 1 229 1 193 1 240 1 146 1 148 1 235 1 96 1 247 1 34 1 285 1 128 4 288 2 132 1 135 1 130 1 221 1 138 1 215 1
17 2 45 371 1 393 1 164 3 275 3 292 2 99 3 357 2 409 1 48 5 395 1 226 1 332 5 224 1 384 1 33 5 296 1 19 1 274 1 162 3 196 1 94 1 98 1 85 4 231 3 361 1 53 2 51 1 243 1 167 1 52 1 96 1 161 2 270 1 65 2 108 1 34 1 244 1 104 1 128 1 171 1 172 1 166 1 168 1 215 3 115 1
23 3 45 300 1 64 1 254 1 310 3 312 1 389 1 354 1 348 2 238 1 103 1 403 1 25 3 75 1 105 1 378 1 260 1 314 1 264 1 257 2 255 1 292 3 316 1 357 1 48 5 226 1 309 1 406 1 119 1 224 1 384 1 33 1 117 2 32 1 94 1 231 1 73 1 180 1 140 1 269 1 52 1 267 1 34 1 263 1 266 1 115 1
30 4 79 333 2 401 1 417 1 348 2 103 1 238 1 25 1 139 1 330 1 372 1 260 1 314 1 257 1 393 1 371 1 255 1 181 1 292 1 7 1 357 1 409 1 48 5 395 1 226 1 332 1 224 1 336 1 402 1 33 1 44 1 19 1 32 1 331 2 149 1 184 1 196 1 204 1 37 1 43 1 400 1 430 1 223 1 53 1 194 1 220 1 51 1 153 1 154 1 186 1 216 1 47 1 49 1 50 1 140 1 141 1 145 1 147 1 155 1 179 1 180 1 185 2 187 1 188 1 82 1 241 1 242 1 236 1 262 1 46 1 143 1 152 1 178 1 182 1 183 1 243 1 52 1 150 1 151 1 34 1
//IdTournes NbColis
3 6
//IdColis IdCommandeInColis NbProducts IdProd1 QtyProd1 IdProd2 QtyProd2 ...
38 5 51 64 1 208 2 157 3 160 1 254 1 322 1 326 1 310 1 333 2 312 1 354 1 348 2 355 1 238 2 103 1 283 2 75 1 105 1 203 1 347 1 260 1 314 1 257 1 74 1 393 1 255 1 181 1 292 1 323 1 357 1 446 2 48 5 279 1 224 1 384 2 445 2 33 2 77 1 280 1 296 1 351 3 281 1 69 1 204 1 196 1 184 1 149 1 223 1 53 1 194 1 215 1
45 6 32 298 2 359 3 55 1 84 1 66 1 62 2 23 2 12 1 248 1 320 1 144 2 249 1 202 2 195 1 218 1 6 1 163 1 385 2 300 3 64 1 110 2 160 2 254 1 310 3 312 1 322 1 389 1 354 1 348 2 238 1 105 1 34 1
44 6 24 341 1 343 1 303 4 345 1 380 1 388 1 350 2 30 1 440 1 233 1 325 1 376 1 437 1 174 1 246 1 42 2 375 1 80 2 349 1 72 1 31 1 414 1 441 1 381 1
14 2 13 20 3 29 3 112 1 16 4 4 3 18 2 42 4 299 1 396 1 22 1 294 1 306 1 118 1
22 3 25 31 3 294 1 306 1 349 2 298 1 381 1 359 3 66 1 23 3 24 1 28 1 12 1 116 1 120 1 124 1 125 1 127 1 41 1 404 1 320 1 405 1 6 1 385 2 300 3 118 1
28 4 25 388 2 380 1 15 2 29 1 376 1 16 1 4 1 18 1 40 2 42 2 396 2 36 1 80 1 335 1 294 1 306 1 349 1 432 1 258 1 298 2 359 3 381 1 66 1 35 1 144 1
//IdTournes NbColis
4 6
//IdColis IdCommandeInColis NbProducts IdProd1 QtyProd1 IdProd2 QtyProd2 ...
36 5 23 380 1 412 2 302 1 420 1 15 2 325 1 356 1 29 1 376 3 16 2 4 1 174 1 42 2 40 1 364 1 72 1 80 1 210 1 294 1 306 1 346 1 298 1 215 2
46 6 77 103 1 139 1 330 1 378 1 25 1 314 1 257 1 255 1 181 3 357 1 48 5 226 1 224 1 340 1 384 1 390 1 33 2 44 2 245 1 60 1 184 1 149 1 196 1 204 1 85 2 231 2 223 1 53 1 194 1 220 1 51 1 186 1 153 1 154 1 216 1 82 1 47 1 49 1 50 1 76 1 236 1 179 1 241 1 242 1 187 1 188 1 140 1 141 1 147 1 155 1 68 1 46 1 178 1 182 1 183 1 243 1 143 1 152 1 52 1 150 1 151 1 227 1 209 1 252 1 219 1 235 1 240 1 146 1 148 1 193 1 229 1 222 1 225 1 96 1 247 1 244 1 88 2
5 1 20 213 1 176 1 234 1 334 3 3 1 8 2 14 2 367 2 428 1 350 1 380 1 15 2 302 1 26 1 121 1 233 1 325 1 429 1 29 1 181 1
16 2 35 24 1 62 4 100 1 273 1 276 1 405 1 165 1 163 2 291 3 300 3 110 1 159 1 64 2 157 1 158 1 160 1 175 2 295 1 254 1 417 1 103 2 131 1 238 1 272 1 25 1 105 1 75 1 372 1 373 2 260 1 102 1 289 4 371 3 255 1 215 1
29 4 26 23 3 24 2 39 1 41 2 28 1 12 3 125 1 127 1 431 1 404 1 320 1 392 1 195 1 249 1 218 1 6 2 163 1 385 2 435 1 300 4 64 1 175 1 160 1 295 1 254 1 231 1
1 1 12 286 1 228 1 342 1 214 3 111 1 54 1 239 1 95 1 338 3 97 1 237 5 13 1
//IdTournes NbColis
5 6
//IdColis IdCommandeInColis NbProducts IdProd1 QtyProd1 IdProd2 QtyProd2 ...
15 2 20 349 3 410 1 414 1 290 1 297 1 298 2 359 3 381 1 63 3 84 1 66 1 170 1 134 2 277 3 278 1 156 2 23 5 24 4 109 1 138 1
21 3 19 8 1 21 1 123 1 30 1 319 1 380 1 388 2 350 2 15 2 302 1 26 1 121 4 29 1 4 2 42 3 40 1 375 1 298 1 96 1
27 4 24 383 1 399 1 419 1 382 1 433 1 2 1 307 1 256 1 176 1 334 1 391 1 311 1 38 1 21 1 189 1 207 1 14 1 3 1 192 1 319 1 303 1 350 2 388 2 231 1
35 5 19 176 3 334 1 391 1 311 1 70 2 78 3 200 1 189 1 207 1 21 1 14 2 3 1 319 1 303 1 350 1 341 1 352 1 388 1 65 1
6 1 24 376 1 4 2 18 1 174 1 42 3 364 1 36 3 59 1 31 1 80 1 349 2 425 1 55 1 298 2 359 3 381 1 66 1 133 1 134 1 156 1 5 1 12 2 320 1 118 1
37 5 28 349 2 335 1 432 1 298 1 359 3 381 1 66 1 156 1 358 1 28 1 24 1 127 1 404 1 23 4 444 1 320 1 144 1 202 1 195 1 218 1 421 1 6 1 163 2 212 1 385 2 300 4 64 2 34 1
//IdTournes NbColis
6 6
//IdColis IdCommandeInColis NbProducts IdProd1 QtyProd1 IdProd2 QtyProd2 ...
13 2 22 57 1 334 3 379 1 81 1 3 2 8 3 21 1 413 1 367 1 30 1 303 1 350 2 374 1 380 1 412 1 416 1 15 3 302 1 121 1 300 1 107 1 138 1
43 6 23 360 1 436 1 27 1 433 1 2 1 83 1 87 1 251 1 387 1 438 1 17 1 91 1 379 1 391 1 81 1 78 1 207 1 386 2 367 1 439 1 21 1 3 1 300 1
4 1 16 419 1 382 1 394 1 383 2 83 2 87 3 327 5 424 3 411 1 256 1 57 1 137 1 426 1 427 1 350 1 230 1
12 2 15 305 2 368 1 369 1 313 1 363 3 382 3 394 1 383 3 415 1 87 1 408 1 411 1 256 1 17 1 114 1
25 4 16 211 1 261 1 337 1 398 1 142 1 214 2 111 1 397 1 434 1 95 3 97 1 237 1 259 1 177 1 353 1 215 1
19 3 19 211 1 265 1 398 1 214 2 239 1 95 1 407 1 201 1 97 1 2 1 27 1 113 1 122 1 90 1 126 1 206 1 308 1 313 1 181 1
//IdTournes NbColis
7 6
//IdColis IdCommandeInColis NbProducts IdProd1 QtyProd1 IdProd2 QtyProd2 ...
10 2 7 271 1 101 2 370 3 214 4 111 3 95 4 174 1
41 6 13 253 1 228 1 342 1 370 2 214 2 111 2 54 1 239 1 95 1 250 1 237 3 97 1 86 1
2 1 17 284 1 259 1 365 1 1 1 2 1 9 3 10 3 56 1 27 1 61 1 113 1 129 1 79 2 122 1 177 1 83 1 226 1
32 5 17 211 1 214 3 111 1 443 1 67 1 95 1 418 2 201 1 97 1 237 1 259 1 365 1 71 1 79 1 122 1 89 1 192 1
31 4 14 227 1 209 1 252 1 219 1 146 1 148 1 193 1 229 1 235 1 222 1 225 1 45 2 96 1 128 2
39 5 46 220 1 51 1 186 1 153 1 154 2 216 1 73 2 47 1 49 1 50 1 76 1 145 1 82 1 179 1 241 1 242 1 187 1 188 1 140 1 141 3 147 1 155 1 282 1 236 1 68 1 46 1 143 1 182 1 183 1 243 1 152 1 52 1 209 1 227 1 150 1 151 1 252 1 219 1 193 1 229 1 240 1 146 1 148 1 235 1 222 1 225 1
