//NbTournees
12
//IdTournes NbColis
1 6
//IdColis IdCommandeInColis NbProducts IdProd1 QtyProd1 IdProd2 QtyProd2 ...
11 1 14 394 1 622 2 628 2 499 1 528 2 260 2 268 2 388 3 787 2 99 3 103 1 232 1 15 1 82 5
12 1 11 232 1 239 2 247 2 261 1 262 3 263 3 269 3 272 2 305 2 33 1 82 3
64 1 20 316 2 16 7 314 2 739 4 233 2 254 5 313 3 110 4 134 7 188 7 299 4 332 3 742 2 781 4 94 3 97 2 85 7 121 4 122 3 19 1
10 1 11 258 2 553 1 568 1 590 2 593 3 186 4 228 2 786 1 373 3 393 1 234 1
37 1 11 235 3 241 4 243 2 245 3 250 2 267 1 292 3 298 1 335 1 59 1 37 1
40 1 10 454 2 460 2 463 2 479 3 485 4 509 3 511 3 533 1 234 1 1 1
//IdTournes NbColis
2 6
//IdColis IdCommandeInColis NbProducts IdProd1 QtyProd1 IdProd2 QtyProd2 ...
45 1 11 735 3 749 2 759 3 761 1 367 3 398 4 626 2 634 2 681 1 234 1 1 1
63 1 20 743 2 744 1 39 3 40 4 66 3 69 3 118 4 120 4 129 4 136 4 157 5 213 4 741 2 285 2 55 7 740 3 283 4 314 1 3 1 17 1
48 1 12 237 1 300 3 301 1 302 1 321 2 347 2 356 3 369 3 411 3 534 1 144 1 9 1
62 1 18 451 1 457 2 782 2 783 2 784 2 256 2 184 7 427 2 449 2 450 2 456 2 236 3 135 2 257 4 161 7 253 2 743 1 39 1
56 1 16 143 2 151 5 202 4 212 4 47 2 57 2 72 2 131 2 137 2 226 2 238 2 248 3 265 3 275 1 278 2 288 1
52 1 15 760 1 779 2 322 1 327 2 691 3 259 2 240 2 252 3 244 2 472 2 483 2 486 2 487 2 496 3 32 1
//IdTournes NbColis
3 6
//IdColis IdCommandeInColis NbProducts IdProd1 QtyProd1 IdProd2 QtyProd2 ...
28 1 13 491 2 522 1 524 1 547 2 550 2 561 1 564 1 673 2 93 2 130 2 152 3 242 3 35 1
29 1 13 246 2 249 2 255 2 281 1 295 3 296 1 303 1 304 1 307 2 345 1 371 1 390 1 4 1
13 1 11 305 1 318 1 337 1 338 4 343 3 346 2 353 3 354 1 355 3 376 1 66 1
38 1 11 298 2 306 3 312 2 320 2 335 1 406 3 407 3 408 1 412 2 12 1 13 1
55 1 15 717 2 738 2 251 4 264 2 273 1 276 1 510 3 527 1 531 2 20 4 58 4 123 4 124 4 143 4 1 1
60 1 14 638 1 654 2 657 1 660 2 666 2 667 3 669 2 670 2 671 2 682 3 686 2 308 4 447 1 147 1
//IdTournes NbColis
4 6
//IdColis IdCommandeInColis NbProducts IdProd1 QtyProd1 IdProd2 QtyProd2 ...
65 1 38 122 1 31 3 45 1 67 2 79 1 210 3 230 4 309 5 315 3 14 2 36 3 9 3 10 1 769 9 774 4 788 4 34 2 78 2 84 2 108 2 177 1 44 2 51 2 75 2 76 2 119 2 216 2 762 2 764 3 771 3 8 2 21 2 48 2 127 2 139 2 146 2 30 2 773 1
54 1 19 280 1 282 1 284 1 286 1 291 1 293 2 319 2 331 4 467 1 471 3 502 2 512 2 514 1 517 1 523 1 530 2 555 2 310 1 62 1
57 1 15 278 1 287 4 288 1 289 4 290 3 297 2 311 3 341 1 348 2 349 2 350 1 351 3 352 1 128 1 62 1
46 1 14 681 1 266 2 317 1 325 3 328 2 391 2 392 3 397 3 399 3 400 3 402 2 419 2 433 2 13 1
36 1 10 721 2 270 2 279 3 294 3 101 4 104 4 141 3 131 1 37 1 3 1
24 1 11 683 2 684 1 688 1 694 2 697 3 707 1 708 2 710 2 712 3 271 1 59 1
//IdTournes NbColis
5 6
//IdColis IdCommandeInColis NbProducts IdProd1 QtyProd1 IdProd2 QtyProd2 ...
27 1 17 758 2 696 1 271 2 323 2 326 1 334 2 378 1 389 2 401 1 421 2 426 1 428 1 429 3 430 2 436 1 477 1 131 1
14 1 12 357 3 358 3 359 1 360 4 361 3 362 1 363 1 364 2 365 1 376 1 148 1 33 1
1 1 2 179 8 274 1
53 1 19 496 1 497 1 500 1 507 2 513 2 519 4 520 1 632 1 633 1 641 2 699 3 705 2 718 1 77 3 138 3 324 3 330 2 277 1 1 1
15 1 11 366 1 368 1 370 3 372 3 374 3 375 1 376 1 377 2 379 2 380 2 13 1
16 1 10 380 1 381 3 382 3 383 2 384 3 385 3 386 3 387 1 131 1 3 1
//IdTournes NbColis
6 6
//IdColis IdCommandeInColis NbProducts IdProd1 QtyProd1 IdProd2 QtyProd2 ...
35 1 14 336 1 339 2 340 2 342 1 344 2 329 1 396 2 431 1 554 1 620 2 631 3 675 1 720 1 128 1
34 1 12 685 3 690 2 695 1 700 1 716 1 722 2 727 2 736 2 754 1 333 1 336 1 223 1
17 1 12 387 2 395 2 403 2 404 1 409 2 410 3 418 2 420 3 437 2 438 1 22 1 148 1
26 1 10 733 1 737 2 750 2 751 3 752 3 755 1 756 3 757 2 758 1 335 1
61 1 19 46 1 117 2 147 1 185 7 28 2 43 2 70 2 211 2 405 2 448 1 54 2 92 7 133 2 227 2 432 3 444 3 451 1 110 1 62 1
32 1 14 587 1 591 1 596 3 597 1 599 1 601 1 604 2 621 1 629 1 640 2 642 2 645 1 336 1 3 1
//IdTournes NbColis
7 6
//IdColis IdCommandeInColis NbProducts IdProd1 QtyProd1 IdProd2 QtyProd2 ...
39 1 11 412 1 413 2 415 3 416 3 424 2 425 3 434 3 453 1 454 1 12 1 13 1
30 1 17 414 2 417 1 422 1 423 1 439 1 465 1 466 3 473 1 490 2 492 1 525 1 535 1 537 1 4 1 128 1 37 1 3 1
19 1 12 464 3 468 1 469 3 470 2 474 1 476 1 478 1 480 1 481 2 505 1 521 3 37 1
58 1 16 352 1 475 1 482 3 484 2 488 2 489 3 493 3 494 2 501 2 503 1 506 1 508 1 515 2 516 1 46 1 1 1
49 1 10 534 2 552 3 565 2 573 2 581 2 589 3 592 1 600 3 614 1 62 1
47 1 14 435 3 495 2 498 2 504 3 556 1 566 2 668 3 672 1 713 2 723 2 518 2 559 2 677 2 33 1
//IdTournes NbColis
8 6
//IdColis IdCommandeInColis NbProducts IdProd1 QtyProd1 IdProd2 QtyProd2 ...
18 1 11 440 1 441 2 442 2 443 3 445 2 446 4 452 2 455 3 148 1 37 1 3 1
20 1 8 526 3 529 2 532 2 536 2 538 4 543 3 544 2 401 1
31 1 14 537 2 539 2 541 1 546 2 548 2 549 1 558 2 563 1 574 1 577 2 582 1 587 1 223 1 37 1
41 1 11 540 2 542 3 551 1 560 3 562 1 576 1 578 2 588 2 595 3 603 1 1 1
21 1 13 545 1 557 1 567 2 569 1 570 3 571 1 572 1 575 1 579 3 580 1 583 2 22 1 110 1
22 1 15 583 1 584 1 594 2 602 2 606 2 609 1 612 1 613 2 616 1 618 1 619 1 624 2 627 1 680 1 3 1
//IdTournes NbColis
9 6
//IdColis IdCommandeInColis NbProducts IdProd1 QtyProd1 IdProd2 QtyProd2 ...
59 1 13 516 1 598 2 605 2 607 2 608 3 610 3 611 4 615 1 617 1 625 3 630 3 638 1 110 1
42 1 10 603 1 623 2 636 3 643 3 644 3 646 3 652 2 659 1 661 1 131 1
23 1 11 627 1 635 1 637 2 639 3 647 1 651 2 653 1 655 3 663 3 35 1 148 1
9 1 8 42 1 60 4 162 2 168 2 142 1 585 2 586 3 23 1
33 1 9 648 3 649 3 650 1 656 2 658 3 662 3 685 1 731 1 37 1
43 1 10 661 2 664 3 674 3 676 3 687 1 693 2 698 3 701 2 780 1 3 1
//IdTournes NbColis
10 6
//IdColis IdCommandeInColis NbProducts IdProd1 QtyProd1 IdProd2 QtyProd2 ...
44 1 10 701 2 702 1 703 3 704 2 706 3 711 2 719 2 728 4 144 1 1 1
50 1 10 665 3 678 2 679 3 689 1 692 3 709 3 714 3 734 2 222 1 780 1
25 1 10 715 2 724 2 725 2 726 3 729 1 730 3 732 3 733 2 131 1 33 1
51 1 13 745 3 746 1 747 3 748 1 222 1 229 2 458 2 459 3 461 1 462 1 753 3 760 1 128 1
66 1 41 149 2 209 3 6 2 24 2 52 3 65 3 73 2 107 2 125 2 155 2 23 2 183 2 11 1 29 3 41 2 80 1 98 3 102 2 115 1 215 2 91 4 2 2 5 2 126 2 19 3 27 4 32 3 53 4 56 4 61 4 63 4 83 4 145 4 219 4 220 4 224 4 225 4 772 4 773 3 109 1 49 1
67 1 39 109 3 49 2 50 3 74 3 88 3 89 3 96 3 100 3 105 3 106 4 116 4 64 2 181 4 7 4 71 3 214 3 187 4 25 3 26 3 68 1 81 3 178 1 180 2 182 3 763 2 765 2 766 2 767 2 770 3 775 2 776 1 778 2 777 3 768 3 18 3 231 2 140 7 154 1 17 2
//IdTournes NbColis
11 6
//IdColis IdCommandeInColis NbProducts IdProd1 QtyProd1 IdProd2 QtyProd2 ...
7 1 7 132 5 150 1 158 2 160 1 165 2 142 1 11 1
68 1 9 154 6 153 3 17 4 38 7 90 7 208 7 86 9 95 9 87 7
6 1 10 191 1 193 1 197 1 203 1 207 1 217 2 221 2 132 1 142 1 231 1
2 1 8 156 1 159 1 164 2 171 2 172 1 173 2 142 1 153 1
3 1 9 192 2 195 1 196 2 198 1 199 1 200 1 201 1 142 1 153 1
5 1 8 114 3 163 2 169 2 174 1 176 1 189 1 142 1 153 1
//IdTournes NbColis
12 2
//IdColis IdCommandeInColis NbProducts IdProd1 QtyProd1 IdProd2 QtyProd2 ...
8 1 10 166 1 167 1 170 2 175 1 190 1 194 2 205 2 785 2 142 1 153 1
4 1 7 204 1 206 1 218 2 789 2 111 1 112 1 113 2
