//NbTournees
6
//IdTournes NbColis
1 6
//IdColis IdCommandeInColis NbProducts IdProd1 QtyProd1 IdProd2 QtyProd2 ...
9 2 21 202 1 302 1 267 1 352 2 382 1 170 1 242 1 246 2 140 1 160 1 206 1 353 1 368 1 24 2 54 1 126 2 167 1 163 2 191 1 22 1 1 1
17 3 16 311 3 82 1 154 3 181 1 170 1 283 2 284 2 246 1 140 1 160 1 206 1 276 3 286 2 292 1 67 1 92 1
22 4 32 299 1 198 1 199 1 202 1 267 1 279 1 140 1 263 1 314 1 321 1 163 1 67 2 80 1 94 1 52 1 22 4 236 1 318 1 320 1 136 1 84 2 21 1 69 1 75 2 5 4 76 1 89 5 56 1 10 1 50 2 47 1 8 1
25 5 20 256 1 268 2 347 1 317 1 372 1 198 1 251 1 304 1 334 1 349 1 149 1 259 1 254 1 267 1 382 1 182 1 246 1 140 1 167 1 86 1
2 1 27 268 1 270 1 272 1 273 1 274 1 275 1 125 1 132 1 149 1 142 1 243 1 250 2 266 1 182 1 253 1 133 1 205 1 269 1 24 1 48 1 163 1 191 1 66 2 67 1 96 1 73 1 1 1
16 3 5 78 1 141 2 279 12 311 8 22 1
//IdTournes NbColis
2 6
//IdColis IdCommandeInColis NbProducts IdProd1 QtyProd1 IdProd2 QtyProd2 ...
33 6 19 300 1 305 1 309 1 329 1 331 1 335 1 336 1 342 1 344 1 367 1 374 1 377 1 384 1 142 1 259 1 330 1 148 1 216 1 5 1
37 6 51 320 1 36 1 193 1 130 1 152 1 12 1 29 1 44 1 45 1 117 1 118 1 120 1 124 1 143 1 179 1 189 1 212 1 185 1 147 1 14 1 183 2 184 2 196 1 162 2 15 1 51 1 62 1 19 1 64 1 6 1 30 1 39 1 41 1 42 1 102 1 98 1 50 1 9 1 47 1 65 1 35 1 18 1 28 1 37 1 46 1 61 1 74 1 70 1 134 1 2 1 121 1
12 3 8 115 2 122 1 144 4 207 2 200 5 288 3 267 1 1 1
20 4 11 87 2 106 1 108 1 127 1 116 2 144 1 200 1 288 1 93 3 159 1 1 2
6 2 13 88 1 105 1 95 1 388 1 115 1 122 1 390 1 343 1 288 1 93 2 145 2 159 1 92 1
30 6 20 112 1 113 1 103 1 107 1 177 1 333 1 379 1 227 1 249 1 369 1 145 1 151 1 159 1 161 1 186 1 194 1 165 1 213 1 175 1 26 1
//IdTournes NbColis
3 6
//IdColis IdCommandeInColis NbProducts IdProd1 QtyProd1 IdProd2 QtyProd2 ...
1 1 18 127 1 93 1 79 1 146 2 150 1 155 1 168 1 169 1 176 1 188 1 197 1 234 1 245 1 247 1 255 1 264 1 265 1 96 1
7 2 20 190 1 194 1 201 3 203 2 260 1 262 1 303 1 313 1 322 1 376 1 128 1 81 2 79 1 146 1 150 1 155 1 169 1 188 1 197 2 117 1
14 3 15 260 1 262 1 303 1 79 1 146 2 150 1 188 1 155 1 197 2 228 1 245 2 268 2 77 4 277 2 1 1
21 4 25 93 1 165 1 175 1 194 1 201 1 203 1 204 1 237 1 260 1 79 1 146 1 150 1 155 1 197 1 282 1 245 1 268 1 306 1 317 1 319 1 281 1 285 1 299 1 92 1 1 1
24 5 19 95 1 387 1 93 3 156 1 159 1 194 1 260 1 262 1 303 1 79 1 146 2 150 1 155 1 188 1 197 1 228 1 235 1 245 1 267 1
8 2 20 228 1 230 1 245 2 268 2 317 1 366 1 281 1 299 1 371 1 231 1 278 1 251 1 304 1 315 1 362 1 132 1 149 1 222 1 133 1 1 2
//IdTournes NbColis
4 6
//IdColis IdCommandeInColis NbProducts IdProd1 QtyProd1 IdProd2 QtyProd2 ...
15 3 16 277 1 280 1 281 1 299 1 325 2 326 4 214 2 251 1 323 1 324 1 304 1 132 1 149 1 78 5 133 1 75 1
3 1 37 80 1 85 2 94 1 131 2 17 2 22 3 58 1 129 2 164 2 172 1 174 1 180 1 34 2 36 2 193 2 130 2 153 1 29 2 23 2 60 2 21 1 69 1 178 2 75 3 171 1 173 1 196 2 15 1 51 1 62 1 76 2 97 2 99 2 89 4 6 2 30 1 39 1
13 3 15 288 1 93 5 151 1 190 2 194 1 156 1 159 1 208 1 165 1 175 1 204 2 201 1 203 4 312 1 1 1
31 6 25 201 1 232 1 233 1 237 1 241 1 296 1 308 1 312 1 260 1 262 1 303 1 348 1 358 1 376 1 322 1 157 1 158 1 187 1 209 1 210 1 230 1 244 1 248 1 290 1 180 1
10 2 36 221 1 67 2 94 1 22 3 236 2 316 1 355 1 360 1 320 1 180 2 34 1 298 1 55 1 130 2 86 1 185 2 69 1 178 1 75 2 162 4 57 1 89 5 63 2 30 1 59 1 56 2 10 2 50 2 47 2 92 4 28 1 83 1 70 2 3 1 1 1 25 1
18 3 28 292 2 261 1 341 2 163 1 67 1 80 1 94 1 52 1 22 4 180 1 135 1 72 1 32 1 69 1 71 1 89 5 56 1 10 1 50 2 47 2 92 4 70 1 137 2 138 2 139 1 2 2 121 1 31 1
//IdTournes NbColis
5 6
//IdColis IdCommandeInColis NbProducts IdProd1 QtyProd1 IdProd2 QtyProd2 ...
27 5 16 69 2 75 1 162 2 184 3 89 5 56 1 10 1 50 2 47 2 92 4 70 1 2 2 121 2 31 1 73 1 1 3
26 5 23 206 2 261 1 263 2 340 1 314 1 351 1 368 1 321 1 191 1 257 1 166 1 67 1 80 1 85 1 94 1 22 5 258 1 360 1 164 2 174 2 86 1 185 1 92 1
36 6 34 346 1 361 1 365 1 373 1 375 1 385 1 66 1 67 1 114 1 123 1 94 1 96 1 80 1 85 1 17 1 58 1 129 1 195 1 211 1 217 1 218 1 236 1 293 1 327 1 318 1 350 1 354 1 355 1 357 1 360 1 364 1 378 1 34 1 8 1
29 6 7 104 2 109 2 110 2 111 2 112 1 343 1 178 1
32 6 21 256 1 307 1 332 1 339 1 345 1 347 1 356 1 366 1 81 1 192 1 215 1 198 1 223 1 199 1 225 1 238 1 251 1 289 1 291 1 125 1 84 1
34 6 20 219 1 222 1 224 1 229 1 239 1 240 1 202 1 271 1 254 1 295 1 297 1 328 1 266 1 267 1 338 1 352 1 359 1 363 1 381 1 86 1
//IdTournes NbColis
6 5
//IdColis IdCommandeInColis NbProducts IdProd1 QtyProd1 IdProd2 QtyProd2 ...
35 6 30 382 1 11 1 226 1 205 1 206 1 252 1 287 1 269 1 368 1 370 1 380 1 383 1 7 1 13 1 20 1 24 1 27 1 33 1 38 1 40 1 43 1 48 1 386 1 220 1 294 1 257 1 301 1 310 1 337 1 16 1
4 1 25 30 1 39 1 41 2 42 2 102 2 26 2 98 2 50 2 9 2 47 2 65 2 35 2 91 2 90 1 100 1 101 1 70 1 134 2 2 2 31 1 73 3 4 4 49 4 68 1 25 1
11 2 5 2 2 119 1 121 2 31 2 389 1
23 4 11 47 1 92 4 74 1 70 1 137 2 138 2 139 2 2 2 121 2 31 1 53 1
19 3 1 121 1
