//NbTournees
7
//IdTournes NbColis
1 6
//IdColis IdCommandeInColis NbProducts IdProd1 QtyProd1 IdProd2 QtyProd2 ...
7 1 19 371 1 116 1 144 1 5 2 8 1 35 1 48 1 352 1 355 2 1 1 2 1 42 1 60 1 68 1 69 2 73 2 75 1 340 1 87 1
13 1 24 155 2 175 1 3 1 30 1 348 1 150 1 254 2 320 2 328 2 382 2 83 1 85 2 89 2 95 2 120 2 143 2 169 1 191 1 102 2 76 1 342 2 312 1 130 2 29 1
4 1 5 27 1 40 1 64 2 62 1 4 1
24 2 16 359 2 361 1 371 2 116 1 144 1 35 1 48 1 355 2 6 2 33 2 34 2 41 2 42 1 339 1 340 1 257 1
30 2 25 189 1 191 1 266 1 102 1 228 2 268 2 312 2 130 1 182 2 177 1 7 2 43 2 44 2 227 2 238 2 316 2 321 2 220 2 152 1 87 1 272 2 237 1 293 2 242 1 287 1
39 3 24 56 1 347 1 150 1 213 1 254 2 320 1 328 2 85 2 120 2 143 2 169 1 191 1 102 1 130 2 177 2 7 2 43 2 44 2 220 2 238 2 321 2 152 2 87 2 210 1
//IdTournes NbColis
2 6
//IdColis IdCommandeInColis NbProducts IdProd1 QtyProd1 IdProd2 QtyProd2 ...
15 1 29 294 1 350 1 391 2 179 3 184 2 365 1 313 3 9 2 10 2 46 2 356 2 358 1 322 2 232 1 217 2 218 3 239 2 331 1 118 1 209 1 211 2 326 1 349 1 190 1 245 1 37 2 38 2 59 1 53 2
32 2 35 313 2 318 2 10 1 46 1 358 1 322 2 232 1 271 2 239 2 307 1 324 1 377 2 217 2 218 2 331 1 221 1 260 2 273 1 280 1 288 1 326 1 349 1 209 1 211 2 190 1 245 1 37 1 38 1 53 2 204 1 261 1 174 1 181 2 192 2 200 2
40 3 37 237 1 242 1 77 2 230 2 332 2 333 2 197 2 199 2 225 1 179 2 184 2 10 1 46 2 358 1 217 2 218 2 232 1 239 2 331 1 118 1 209 1 211 2 326 1 245 1 37 2 38 1 53 2 200 2 229 1 248 1 192 2 226 1 202 1 327 1 334 2 172 1 173 1
11 1 22 164 1 378 1 11 2 28 1 25 1 58 1 71 1 74 3 170 1 375 1 345 2 301 1 15 2 17 2 246 2 54 1 90 1 91 2 104 2 109 2 127 2 134 1
27 2 26 267 1 215 1 39 2 47 2 337 1 360 1 364 2 187 2 323 1 219 1 387 2 24 1 84 1 92 1 96 1 100 1 103 1 106 1 117 1 123 1 124 1 149 1 160 1 164 1 11 2 25 1
37 3 25 140 1 13 2 20 2 21 1 31 1 51 2 252 1 188 1 186 1 215 1 219 1 92 1 99 1 103 1 149 1 160 1 164 1 11 2 25 1 28 1 170 1 345 2 74 2 246 1 102 1
//IdTournes NbColis
3 6
//IdColis IdCommandeInColis NbProducts IdProd1 QtyProd1 IdProd2 QtyProd2 ...
25 2 20 340 1 344 2 346 1 369 1 373 2 374 2 376 1 73 2 205 1 234 1 101 1 131 1 78 1 115 1 139 1 113 1 142 1 201 1 303 1 12 1
28 2 30 28 1 170 1 345 2 74 2 301 2 15 1 17 1 246 2 86 1 54 1 82 1 90 1 91 1 104 1 109 1 127 1 136 1 138 1 147 1 151 1 153 1 161 1 207 1 223 1 296 1 304 1 310 2 265 1 12 1 195 1
38 3 23 246 1 54 1 90 1 91 2 104 2 109 2 136 1 138 2 147 2 151 1 153 2 161 2 163 1 12 2 93 1 178 1 255 2 81 1 146 2 154 2 155 2 52 1 210 1
9 1 22 115 1 139 2 113 1 129 2 145 2 167 1 13 1 19 1 22 1 23 1 111 1 114 1 135 2 156 2 188 1 252 1 107 1 110 1 112 2 119 1 126 1 225 1
26 2 25 303 1 140 1 13 2 20 2 21 1 22 1 23 1 31 1 51 2 111 1 114 1 135 1 156 1 309 1 385 1 188 1 252 1 110 1 112 1 158 1 162 1 16 1 186 2 267 1 179 1
12 1 20 134 1 136 1 138 2 147 2 151 1 153 2 161 2 168 2 171 2 338 2 14 1 94 1 178 2 255 3 79 1 80 1 98 2 146 2 154 2 30 1
//IdTournes NbColis
4 6
//IdColis IdCommandeInColis NbProducts IdProd1 QtyProd1 IdProd2 QtyProd2 ...
10 1 20 141 1 162 2 363 1 16 2 186 3 267 1 215 2 219 1 24 2 84 1 92 1 96 1 100 2 103 1 106 2 117 2 123 1 124 2 149 1 160 1
1 1 4 65 2 67 1 18 1 240 1
2 1 4 67 1 70 2 18 1 240 1
19 2 4 65 2 67 1 18 1 203 1
20 2 5 67 1 70 1 72 1 18 1 203 1
3 1 4 72 2 362 1 27 1 240 1
//IdTournes NbColis
5 6
//IdColis IdCommandeInColis NbProducts IdProd1 QtyProd1 IdProd2 QtyProd2 ...
5 1 6 343 2 62 1 354 1 26 1 383 2 159 1
21 2 4 72 1 362 1 27 2 132 1
23 2 16 122 1 133 1 137 1 88 1 176 1 32 2 36 1 49 2 50 2 55 2 66 1 128 1 157 1 166 1 341 1 107 1
36 3 16 45 1 159 1 157 1 35 1 355 2 42 1 340 2 344 2 368 2 369 1 374 2 73 2 97 1 131 1 140 1 186 1
22 2 6 40 1 64 2 343 1 45 1 108 1 179 1
14 1 28 177 2 63 2 357 2 57 1 61 1 152 2 87 1 272 1 285 1 237 1 293 1 242 2 314 1 235 1 77 2 372 1 196 3 197 3 199 2 230 2 210 3 308 1 332 2 333 3 281 1 282 1 292 1 172 1
//IdTournes NbColis
6 6
//IdColis IdCommandeInColis NbProducts IdProd1 QtyProd1 IdProd2 QtyProd2 ...
6 1 11 45 2 384 1 108 1 283 2 121 2 148 1 165 2 176 2 55 1 105 2 157 1
29 2 29 94 1 178 1 262 1 311 1 255 2 79 1 80 1 98 1 146 1 154 1 155 1 175 1 52 1 351 1 56 1 150 1 213 1 254 2 315 1 319 2 320 1 328 2 85 1 95 1 120 1 143 1 169 1 185 2 189 1
8 1 16 353 1 366 1 367 1 368 2 369 1 374 2 344 3 379 1 380 1 381 2 97 2 125 2 131 1 78 2 115 1 212 1
16 1 38 370 1 181 2 192 2 200 3 229 1 248 1 226 1 279 3 193 2 327 1 202 2 334 3 173 2 198 2 222 1 233 1 256 3 258 1 263 2 214 1 284 1 241 1 243 1 244 3 250 2 208 2 212 1 253 2 336 2 236 1 270 1 216 2 247 3 329 2 335 1 231 1 249 3 251 2
31 2 34 299 2 302 1 306 1 314 2 285 2 389 1 77 1 372 1 194 2 196 2 197 1 199 2 230 2 259 1 269 2 276 1 297 1 308 1 330 1 210 2 332 2 333 2 388 1 300 1 225 1 286 1 292 1 294 1 298 1 386 2 391 2 184 2 275 2 226 1
33 2 52 229 1 248 1 274 2 279 2 325 2 202 1 327 1 334 2 172 1 173 2 198 2 208 2 222 1 233 1 258 1 263 2 264 2 214 1 289 2 241 1 243 1 244 2 250 1 256 2 284 1 257 1 212 2 180 2 295 2 240 2 253 1 336 2 183 2 195 1 206 2 236 1 270 1 216 2 277 2 278 2 290 1 291 1 305 1 247 2 317 2 329 2 390 2 335 1 224 2 231 1 249 1 251 1
//IdTournes NbColis
7 2
//IdColis IdCommandeInColis NbProducts IdProd1 QtyProd1 IdProd2 QtyProd2 ...
41 3 20 173 1 214 1 222 1 233 1 241 1 243 1 244 2 250 1 198 2 212 2 240 2 253 1 336 2 216 2 247 2 329 2 335 1 231 1 249 2 251 2
34 2 2 249 1 251 1
