//NbTournees
11
//IdTournes NbColis
1 6
//IdColis IdCommandeInColis NbProducts IdProd1 QtyProd1 IdProd2 QtyProd2 ...
37 9 7 44 1 64 1 43 1 46 1 253 1 48 1 67 1
38 9 15 250 1 157 1 78 1 98 1 101 2 67 1 92 1 97 2 73 1 107 1 174 1 75 1 111 2 40 1 61 1
29 7 16 157 1 78 1 98 1 179 1 97 2 106 2 107 1 154 3 91 1 95 1 14 1 68 1 149 1 99 1 117 1 82 1
34 8 19 205 1 18 1 154 1 112 1 83 2 91 1 80 1 88 1 121 2 158 1 200 1 149 1 69 1 166 1 211 1 170 1 229 2 249 1 246 1
59 13 22 107 1 139 1 276 1 270 1 298 1 289 1 290 1 309 1 83 1 91 1 152 1 300 1 155 1 303 3 158 1 325 1 306 1 69 1 166 1 36 1 10 1 266 1
21 5 20 159 1 239 1 243 1 178 2 194 2 242 1 122 1 182 1 20 2 176 2 140 1 45 1 70 2 104 1 116 1 173 1 183 1 186 1 212 1 100 1
//IdTournes NbColis
2 6
//IdColis IdCommandeInColis NbProducts IdProd1 QtyProd1 IdProd2 QtyProd2 ...
35 8 21 147 1 119 2 217 3 9 1 109 1 209 2 163 1 123 1 22 1 45 1 23 1 70 2 164 1 116 1 183 2 186 1 187 1 188 1 190 1 162 2 85 1
54 12 21 180 1 26 1 123 1 267 3 126 3 277 1 23 1 70 1 260 1 116 2 183 2 186 2 187 1 188 1 190 1 162 2 79 3 110 2 319 1 259 1 262 1
13 3 27 45 1 169 1 89 1 102 1 116 1 183 1 186 1 187 1 188 1 190 1 162 1 110 3 71 1 85 1 118 1 189 1 193 1 160 1 161 1 87 1 84 1 105 1 36 1 40 1 3 2 31 1 37 1
26 6 25 23 1 81 1 102 1 116 1 183 1 186 1 187 1 188 1 190 1 162 2 79 1 108 2 110 2 115 1 42 1 103 2 142 1 71 3 85 1 146 1 150 2 193 1 161 1 76 1 15 1
62 13 23 183 2 186 2 187 1 188 1 212 3 190 1 162 2 42 1 71 2 85 1 272 1 280 2 168 1 141 1 305 2 193 1 310 1 160 1 161 1 87 1 326 1 233 2 31 1
4 1 23 221 1 9 1 133 2 113 1 147 2 119 2 28 1 123 1 126 1 45 1 116 1 162 2 183 3 186 1 187 1 188 1 212 1 190 1 124 1 115 1 42 1 57 1 234 1
//IdTournes NbColis
3 6
//IdColis IdCommandeInColis NbProducts IdProd1 QtyProd1 IdProd2 QtyProd2 ...
36 8 24 115 1 167 1 168 1 150 1 185 2 218 1 219 2 192 1 161 1 189 1 247 1 248 1 19 1 72 1 76 1 15 1 87 1 156 1 40 1 254 2 245 1 56 2 32 1 37 1
27 6 13 76 2 93 1 74 1 87 1 156 1 84 1 105 1 17 1 40 1 225 1 29 2 224 1 7 2
2 1 12 235 1 148 1 62 1 157 1 78 1 98 2 136 1 97 2 106 2 107 1 139 1 208 1
7 2 11 44 1 235 1 78 1 98 2 97 2 106 2 107 1 60 3 152 1 144 1 233 1
12 3 19 199 1 157 1 78 1 98 1 97 2 106 2 107 1 94 1 91 1 158 1 159 1 9 1 113 1 119 1 26 1 195 1 123 1 23 1 3 1
16 4 17 157 1 78 1 98 1 97 2 106 2 107 1 12 1 18 1 91 1 8 3 144 1 149 1 178 2 9 1 113 1 58 1 4 1
//IdTournes NbColis
4 6
//IdColis IdCommandeInColis NbProducts IdProd1 QtyProd1 IdProd2 QtyProd2 ...
20 5 15 255 1 157 1 78 1 98 2 97 2 106 2 107 1 39 1 96 1 91 1 114 1 27 1 121 1 158 1 84 1
24 6 11 55 1 78 1 98 2 106 3 97 3 145 1 77 1 107 2 134 1 18 1 31 1
33 8 9 49 1 63 1 157 1 78 1 98 2 97 3 106 3 107 1 159 1
41 10 22 157 1 78 1 98 1 92 1 97 1 106 1 107 1 237 1 91 1 137 1 127 1 95 1 158 1 230 1 159 1 228 1 216 1 113 1 119 1 151 1 217 1 220 1
45 11 11 66 1 235 1 63 1 62 1 157 1 78 1 98 2 136 1 179 1 97 2 309 1
51 12 12 49 1 269 1 268 1 63 1 307 1 157 1 78 1 98 2 136 1 97 1 257 1 244 1
//IdTournes NbColis
5 6
//IdColis IdCommandeInColis NbProducts IdProd1 QtyProd1 IdProd2 QtyProd2 ...
58 13 8 47 1 49 1 235 1 78 1 98 2 97 3 106 3 327 1
9 2 21 22 2 210 3 45 1 116 1 183 3 186 2 187 1 188 1 190 1 162 2 79 1 42 1 6 1 125 1 85 1 185 1 189 1 219 1 191 1 2 2 4 2
17 4 28 147 1 119 2 180 1 123 1 23 1 45 1 81 1 89 1 102 1 116 1 183 1 186 1 187 1 188 1 190 1 162 2 85 1 141 1 146 1 177 2 185 1 160 1 87 1 156 1 84 1 105 1 59 1 4 2
8 2 20 200 1 181 1 158 1 206 1 201 1 215 1 159 1 130 2 143 1 222 1 223 2 208 1 11 1 133 1 119 1 217 1 176 1 140 1 126 1 23 1
48 11 20 285 1 26 1 294 1 126 1 45 2 89 2 116 2 183 3 186 2 187 1 188 1 190 1 162 2 108 4 142 1 324 1 85 1 185 1 189 1 40 1
61 13 16 220 1 279 1 209 4 50 2 26 1 163 1 165 1 22 4 28 2 126 1 45 1 23 1 169 1 116 2 183 1 212 1
//IdTournes NbColis
6 6
//IdColis IdCommandeInColis NbProducts IdProd1 QtyProd1 IdProd2 QtyProd2 ...
46 11 18 106 3 107 1 174 1 289 1 309 1 83 1 274 1 91 1 152 1 265 1 128 1 273 2 171 1 288 2 293 1 303 1 264 1 261 1
52 12 14 97 2 106 3 107 1 139 1 287 1 301 1 18 2 237 3 289 1 83 1 91 1 137 1 128 1 283 1
31 7 16 54 1 2 1 87 1 156 1 84 1 105 1 59 2 52 1 36 2 40 1 53 2 196 1 32 2 37 1 197 1 10 1
40 9 13 187 1 188 1 162 1 85 2 192 1 160 1 240 1 189 1 87 1 84 1 105 1 31 1 244 1
5 1 19 85 1 150 1 161 1 185 2 189 1 192 1 160 1 234 1 35 1 87 1 58 1 59 2 34 1 40 1 138 1 24 2 41 1 1 1 37 1
22 5 20 187 1 188 1 162 2 212 1 190 1 103 2 19 1 85 1 146 1 191 1 193 1 105 1 59 2 25 2 36 1 40 1 10 1 31 2 32 2 37 1
//IdTournes NbColis
7 6
//IdColis IdCommandeInColis NbProducts IdProd1 QtyProd1 IdProd2 QtyProd2 ...
42 10 25 9 1 231 1 135 1 45 1 116 1 162 1 183 1 186 1 187 1 188 1 190 1 85 1 160 1 161 1 189 1 87 1 105 1 52 1 40 1 226 1 31 2 32 2 37 1 236 1 238 1
55 12 22 85 1 281 3 185 4 189 1 192 1 160 2 161 2 87 1 156 1 40 1 258 2 263 1 25 1 52 2 36 3 233 3 315 1 5 2 31 2 32 2 37 1 316 2
60 13 17 271 2 159 1 211 1 286 2 297 1 296 1 170 1 302 1 223 3 295 1 133 1 113 1 119 1 308 2 220 1 40 1 266 2
39 9 23 184 2 91 1 86 1 171 1 181 1 158 1 251 1 159 1 241 2 113 1 119 1 9 1 175 2 165 1 123 1 120 1 23 1 45 1 116 1 183 1 186 1 190 1 244 1
3 1 19 60 1 94 2 132 1 12 1 18 1 129 1 91 1 152 1 21 1 128 1 131 2 155 1 213 1 14 2 149 1 207 1 16 1 159 1 57 1
25 6 22 12 1 153 2 154 2 90 1 111 1 91 1 214 1 203 1 202 1 178 1 223 1 229 1 232 1 113 1 147 1 119 1 227 1 9 1 13 1 123 1 204 1 38 1
//IdTournes NbColis
8 6
//IdColis IdCommandeInColis NbProducts IdProd1 QtyProd1 IdProd2 QtyProd2 ...
49 11 15 193 2 161 2 35 1 275 2 323 1 52 4 36 5 322 1 5 2 31 4 32 4 37 1 256 2 317 2 266 2
1 1 7 46 1 47 1 48 1 65 1 43 1 44 1 92 1
6 2 6 46 2 47 1 49 1 43 1 44 1 92 1
11 3 7 43 1 44 1 46 1 47 1 48 1 64 1 92 1
15 4 7 43 1 46 1 47 1 48 1 44 1 65 1 92 1
19 5 7 43 1 46 1 47 1 49 1 44 1 65 1 92 1
//IdTournes NbColis
9 6
//IdColis IdCommandeInColis NbProducts IdProd1 QtyProd1 IdProd2 QtyProd2 ...
23 6 7 43 1 46 1 47 1 49 1 44 1 66 1 92 1
28 7 7 43 1 44 1 46 1 47 1 49 1 65 1 92 1
32 8 7 43 1 44 1 46 1 66 1 252 1 47 1 92 1
43 11 3 43 2 44 4 92 1
50 12 5 43 1 44 2 46 2 47 1 92 1
57 13 5 43 1 44 2 46 2 65 1 92 1
//IdTournes NbColis
10 6
//IdColis IdCommandeInColis NbProducts IdProd1 QtyProd1 IdProd2 QtyProd2 ...
44 11 4 46 3 47 2 49 1 97 1
53 12 16 291 1 299 1 304 3 284 3 211 1 318 1 113 4 119 1 217 1 227 1 11 1 231 1 292 1 180 1 20 1 278 1
30 7 25 172 1 113 1 119 2 147 1 182 2 9 1 50 1 123 1 120 1 23 1 198 1 116 1 183 1 186 1 187 1 188 1 190 1 162 2 115 1 19 1 146 1 189 1 160 1 51 1 2 1
47 11 15 303 1 206 2 320 1 321 1 311 1 313 2 314 1 282 3 312 1 249 2 113 3 147 1 182 1 9 1 246 1
10 2 12 160 1 161 1 36 1 40 1 3 1 5 1 10 2 31 2 32 2 37 2 33 1 7 2
63 13 3 315 1 31 1 32 2
//IdTournes NbColis
11 1
//IdColis IdCommandeInColis NbProducts IdProd1 QtyProd1 IdProd2 QtyProd2 ...
18 4 4 59 1 36 1 40 1 30 1
