//NbTournees
24
//IdTournes NbColis
1 6
//IdColis IdCommandeInColis NbProducts IdProd1 QtyProd1 IdProd2 QtyProd2 ...
24 6 33 33 1 286 1 296 1 197 1 225 1 106 1 318 2 339 1 487 2 717 1 289 2 331 1 200 3 209 1 614 2 90 1 7 1 64 1 105 1 62 1 335 1 74 1 11 1 13 1 61 1 66 4 101 1 595 1 100 2 86 2 60 3 23 2 406 2
65 22 19 624 1 307 1 658 1 530 1 667 1 266 1 302 1 305 2 666 1 772 1 773 1 218 2 367 1 676 1 360 1 621 1 41 2 197 1 23 1
75 25 29 304 1 647 1 238 1 227 2 197 1 198 1 201 2 220 1 224 1 211 2 250 1 259 4 264 1 358 1 503 1 587 1 620 1 21 1 209 1 265 2 295 3 627 1 62 1 63 2 13 2 61 1 595 1 23 1 60 3
78 26 24 425 1 409 1 446 1 305 1 698 1 118 1 126 1 202 2 228 2 236 2 285 1 719 1 251 2 254 1 286 1 197 1 706 1 224 1 231 1 259 2 260 1 267 1 298 1 12 1
82 27 24 304 1 210 2 284 1 31 1 293 1 48 1 197 1 782 1 138 1 267 1 306 2 303 3 295 1 9 1 15 1 776 1 6 1 13 2 61 2 127 1 186 1 23 1 60 2 12 6
84 28 15 740 1 197 1 225 1 230 1 237 2 240 1 298 1 200 2 276 1 539 1 300 1 6 1 605 1 23 2 60 3
//IdTournes NbColis
2 6
//IdColis IdCommandeInColis NbProducts IdProd1 QtyProd1 IdProd2 QtyProd2 ...
86 29 28 219 1 222 1 420 1 114 1 710 1 739 1 277 1 590 1 271 1 588 1 33 1 197 1 220 1 269 2 289 1 21 1 199 1 223 1 54 2 243 1 62 1 4 1 13 2 61 1 66 3 17 1 23 2 60 3
89 30 29 736 1 50 1 623 1 692 1 281 1 586 1 203 1 532 1 645 2 545 1 48 3 197 1 208 1 246 1 268 1 673 1 199 2 295 2 7 1 13 1 113 1 117 1 61 1 65 1 18 1 17 1 628 1 23 2 60 3
15 4 37 293 1 536 1 593 1 198 1 560 1 159 1 310 1 311 1 319 2 338 2 717 1 267 1 289 1 144 1 502 1 331 1 94 1 40 2 268 1 199 2 300 1 90 1 295 3 7 1 333 1 756 1 6 1 4 1 63 1 93 1 13 2 61 2 66 3 185 1 17 1 23 1 60 1
29 8 22 148 1 347 1 423 1 287 1 32 1 221 1 215 1 528 1 579 1 562 1 30 1 116 1 241 1 584 1 114 1 34 1 586 1 124 1 592 1 588 1 198 1 23 1
62 21 23 68 1 175 1 193 1 235 1 308 1 533 2 528 1 292 1 581 1 25 1 50 1 537 1 218 1 576 1 590 1 599 1 198 1 106 1 318 1 334 1 298 1 94 1 303 1
70 23 21 592 1 361 1 536 1 48 1 198 1 250 1 53 1 539 1 320 1 614 1 303 2 295 1 333 1 140 1 62 1 704 1 13 1 18 1 108 1 23 2 60 3
//IdTournes NbColis
3 6
//IdColis IdCommandeInColis NbProducts IdProd1 QtyProd1 IdProd2 QtyProd2 ...
92 31 39 367 1 616 1 284 1 697 1 545 1 590 1 293 1 580 1 536 1 48 1 198 1 334 1 340 1 351 1 250 1 365 1 289 1 648 1 363 1 276 1 661 1 46 1 596 1 295 2 333 1 64 1 6 1 63 1 10 1 13 2 61 1 65 1 66 3 18 1 595 1 179 1 17 2 23 2 60 3
95 32 30 305 2 754 1 356 1 367 1 281 1 676 1 210 1 322 1 354 1 284 1 41 1 227 1 748 1 198 1 706 1 310 1 338 1 269 2 309 1 331 1 539 1 21 1 123 1 300 1 13 1 61 1 65 2 66 3 23 2 60 3
154 54 23 213 1 263 1 597 1 598 1 578 1 544 1 580 1 593 1 198 1 106 1 276 1 419 1 521 1 464 1 90 1 4 1 63 1 605 1 179 1 188 1 186 1 23 2 60 3
155 55 37 329 1 257 1 207 1 274 1 292 1 42 1 574 1 266 1 219 1 469 1 275 1 602 1 603 1 475 1 251 1 198 1 192 1 230 1 334 1 339 1 259 1 379 1 57 1 140 1 6 1 4 1 111 1 117 1 129 1 594 1 128 1 169 1 2 1 102 1 191 1 23 2 60 2
157 56 26 606 1 244 1 32 1 213 1 258 1 39 1 601 1 122 1 241 1 302 1 314 1 589 1 571 1 546 1 361 1 198 1 417 1 269 1 583 1 200 1 587 1 27 1 600 1 6 1 23 2 60 3
97 33 24 345 1 287 1 787 1 244 1 561 1 316 1 390 1 533 1 301 1 226 1 342 1 401 1 291 1 290 1 562 1 28 1 597 1 601 1 780 1 371 1 43 1 253 1 280 1 152 1
//IdTournes NbColis
4 6
//IdColis IdCommandeInColis NbProducts IdProd1 QtyProd1 IdProd2 QtyProd2 ...
101 34 21 743 1 742 1 235 1 26 1 36 1 346 1 403 2 207 1 326 1 389 1 392 1 239 1 242 1 371 1 30 1 421 1 411 1 385 1 544 1 218 1 15 1
104 35 21 282 1 329 1 414 1 700 1 418 1 258 1 312 1 386 1 683 1 711 1 371 1 405 1 120 1 280 1 451 1 314 1 336 1 408 1 409 1 218 1 9 1
6 2 37 313 1 218 1 586 1 58 1 360 1 296 1 402 2 240 1 260 1 487 1 383 1 53 1 88 1 21 1 84 1 391 1 505 1 681 1 394 1 614 1 199 1 77 1 46 1 295 2 333 1 104 5 668 1 3 1 15 1 13 2 14 2 24 1 103 1 18 1 16 1 23 2 60 2
32 9 26 264 2 582 1 585 1 570 1 306 1 591 1 504 1 199 1 111 1 113 1 117 1 65 1 129 1 127 1 137 1 55 1 595 1 128 1 141 1 594 1 102 1 2 1 145 1 17 1 60 3 23 2
34 10 24 289 1 112 2 363 1 614 1 199 1 491 1 378 1 77 1 90 1 9 2 627 1 97 1 142 1 113 1 117 1 13 2 18 1 55 1 128 1 143 1 89 1 145 1 23 2 60 3
48 15 28 218 1 441 1 304 1 322 1 132 1 749 1 49 1 58 1 447 1 536 2 593 1 163 1 225 1 139 1 159 1 231 1 338 3 334 2 289 1 53 1 358 1 363 1 618 1 620 1 35 1 199 1 109 1 4 1
//IdTournes NbColis
5 6
//IdColis IdCommandeInColis NbProducts IdProd1 QtyProd1 IdProd2 QtyProd2 ...
79 26 23 298 1 246 1 657 1 669 1 505 1 539 1 671 1 672 1 306 1 199 1 426 3 8 1 90 1 261 1 97 1 4 1 741 1 65 1 594 1 628 1 23 2 60 3 406 1
102 34 36 546 1 126 1 304 1 284 1 621 1 377 1 387 1 318 1 728 1 379 1 331 1 88 1 419 1 618 1 723 1 35 1 199 1 378 1 426 1 300 1 54 1 333 1 376 1 6 1 4 1 93 1 142 1 13 2 61 2 66 3 160 1 127 1 18 1 186 1 23 2 60 3
108 36 21 126 1 202 1 218 1 228 1 236 1 277 1 254 1 296 1 374 1 380 1 311 1 269 1 237 2 259 2 383 1 483 1 199 1 726 1 595 1 23 2 60 3
110 37 25 38 1 151 1 405 1 30 1 407 1 280 1 427 1 116 1 50 1 302 1 420 1 114 1 34 1 121 1 49 1 400 1 802 1 139 1 231 1 289 1 88 1 618 2 123 1 199 1 6 1
2 1 25 25 1 373 1 448 1 449 1 715 1 50 1 735 1 72 1 314 1 445 1 34 1 348 1 49 1 361 1 227 1 580 1 296 1 733 1 429 1 201 1 436 1 319 1 237 2 109 1 23 1
36 11 15 360 1 296 1 429 1 224 1 269 2 211 1 259 1 276 1 491 1 146 1 4 1 63 1 111 1 23 2 60 3
//IdTournes NbColis
6 6
//IdColis IdCommandeInColis NbProducts IdProd1 QtyProd1 IdProd2 QtyProd2 ...
94 32 22 486 1 423 2 321 1 235 1 730 1 244 1 370 1 534 1 226 1 292 1 732 1 711 1 327 1 341 1 253 1 307 1 255 1 302 1 222 1 566 1 6 1 63 1
99 33 29 593 1 417 1 774 1 318 1 230 1 237 2 372 1 778 1 200 1 404 1 568 1 306 1 572 1 618 1 723 1 397 1 399 1 99 1 788 1 8 1 783 1 65 1 779 1 781 1 784 1 406 1 12 1 771 1 651 1
113 38 25 258 1 362 1 482 1 405 1 280 1 307 1 694 1 83 1 433 1 446 1 646 1 305 1 623 1 710 1 34 1 354 1 645 1 238 1 251 1 227 1 286 1 536 1 138 1 318 1 140 1
1 1 14 519 1 87 4 439 1 52 1 82 1 36 1 308 1 95 2 96 2 418 1 390 2 450 1 415 1 98 1
26 7 23 205 1 235 2 308 1 396 1 635 1 534 1 316 1 213 2 215 1 342 1 125 1 438 1 562 1 626 1 574 1 535 1 437 2 294 1 256 1 563 1 425 1 13 1 60 1
30 8 17 310 1 318 1 231 1 338 1 259 1 298 1 577 1 57 1 200 1 276 1 92 1 136 1 596 1 9 2 134 2 23 1 60 2
//IdTournes NbColis
7 6
//IdColis IdCommandeInColis NbProducts IdProd1 QtyProd1 IdProd2 QtyProd2 ...
40 13 25 294 1 150 1 530 1 427 1 660 1 266 1 47 1 317 1 469 1 662 1 305 1 356 1 58 1 656 1 33 1 227 1 286 1 588 1 679 1 139 1 318 1 309 1 211 1 250 1 289 1
47 15 21 485 1 158 1 693 1 36 1 308 1 418 1 207 1 233 1 444 1 424 1 29 1 151 1 359 1 253 2 255 1 50 1 302 1 336 1 409 1 558 1 61 1
59 20 18 195 1 172 1 693 1 168 1 212 1 308 1 396 1 252 2 215 1 390 1 233 1 440 1 343 1 424 1 691 1 701 1 42 1 280 1
91 31 22 366 1 332 1 308 1 257 1 32 1 221 1 368 1 346 1 233 2 682 1 45 1 711 1 421 1 337 1 255 1 364 2 272 1 623 1 174 1 348 1 356 1 344 1
107 36 22 384 1 308 1 247 1 533 1 373 1 413 1 416 1 424 1 38 1 601 1 725 1 398 1 677 1 667 1 256 1 425 1 563 1 393 1 542 1 721 1 710 1 9 1
114 38 23 231 1 309 1 383 1 379 1 264 1 483 1 673 1 723 1 123 1 320 1 4 1 10 1 13 1 14 3 24 1 61 1 65 2 66 3 652 1 89 1 190 1 23 2 60 3
//IdTournes NbColis
8 6
//IdColis IdCommandeInColis NbProducts IdProd1 QtyProd1 IdProd2 QtyProd2 ...
115 39 22 484 1 308 1 368 1 316 1 258 1 401 2 207 1 448 1 292 1 453 1 405 1 253 1 451 1 720 1 653 1 114 1 356 1 354 1 284 1 709 1 41 1 374 1
118 40 29 477 1 481 1 615 1 567 1 118 1 586 1 455 1 210 1 645 1 58 1 227 1 230 2 340 1 259 1 298 1 200 1 572 1 614 1 109 1 46 1 763 1 3 1 768 1 146 1 4 1 769 1 13 1 66 1 767 1
27 7 25 126 1 131 1 501 1 270 1 272 1 121 1 202 2 236 2 249 1 639 1 532 1 254 1 33 1 227 2 293 1 201 1 431 1 208 1 380 1 230 1 211 1 340 1 267 1 643 1 585 1
53 17 23 253 1 470 1 737 1 150 1 357 1 155 1 219 1 409 1 420 1 698 1 589 2 305 1 623 1 367 1 277 1 622 1 31 1 201 1 159 1 334 1 487 1 267 1 4 1
60 20 24 516 1 364 1 174 1 589 2 702 1 121 1 354 1 67 1 621 2 41 1 124 1 58 1 251 1 361 1 447 1 431 1 442 1 230 1 443 1 430 1 331 1 276 1 184 1 187 1
121 41 33 490 1 475 1 697 1 277 1 452 1 593 1 706 1 106 1 230 1 338 1 334 1 237 3 430 1 727 2 480 1 483 1 419 1 600 1 135 1 654 1 15 1 63 1 703 1 181 1 142 1 117 1 101 2 127 1 100 1 17 2 628 1 23 2 60 3
//IdTournes NbColis
9 6
//IdColis IdCommandeInColis NbProducts IdProd1 QtyProd1 IdProd2 QtyProd2 ...
18 5 22 242 1 610 2 682 1 315 1 280 1 421 1 80 1 411 1 663 1 50 1 474 1 256 1 563 1 425 1 47 1 507 1 202 2 228 1 236 2 210 1 284 1 54 1
22 6 21 678 1 43 1 407 1 695 1 535 2 350 1 421 1 50 1 69 1 427 1 256 2 563 1 425 2 266 1 314 1 336 1 275 1 623 1 34 1 202 2 4 1
23 6 18 202 1 236 3 355 3 356 1 564 1 676 1 475 3 41 1 67 1 360 1 713 1 621 1 545 2 718 2 719 1 323 1 590 1 286 1
44 14 23 150 1 694 1 458 1 256 1 563 1 425 1 47 1 219 1 686 1 617 1 699 1 702 1 202 2 228 2 236 2 367 1 455 1 547 1 251 1 254 1 590 1 48 1 139 1
9 3 27 95 2 390 1 262 1 687 1 29 2 422 1 428 1 683 1 315 1 516 1 641 1 495 1 275 1 356 1 367 1 203 1 696 1 293 1 679 1 377 1 436 1 560 1 106 1 334 1 339 1 9 1 12 2
37 12 28 147 1 212 1 32 1 561 1 386 1 233 1 433 1 556 1 632 1 304 1 629 1 203 1 625 1 621 1 296 1 387 1 436 1 417 1 138 1 106 1 230 1 269 1 240 1 379 1 331 1 35 1 378 1 23 1
//IdTournes NbColis
10 6
//IdColis IdCommandeInColis NbProducts IdProd1 QtyProd1 IdProd2 QtyProd2 ...
124 42 20 356 1 367 1 203 1 210 1 284 1 227 2 286 1 293 1 269 1 511 1 211 1 259 1 620 1 378 1 93 1 13 2 145 1 23 2 60 3 12 1
39 13 17 170 1 168 1 171 1 468 1 282 2 664 1 229 1 613 1 534 1 467 1 373 1 242 1 680 1 407 1 675 1 462 1 478 1
125 43 19 76 1 519 2 252 1 257 1 316 2 234 1 373 1 207 1 494 1 413 1 292 1 626 1 327 1 120 1 241 1 299 1 744 1 304 1 4 1
109 37 19 803 1 794 1 806 1 382 1 423 1 252 1 26 1 213 1 415 1 375 1 381 1 326 1 412 1 422 1 428 1 682 1 25 1 29 1 791 1
54 17 16 456 1 673 1 27 1 295 1 261 1 472 1 97 1 454 1 13 2 14 3 61 1 65 1 20 1 98 1 23 2 60 3
56 18 17 268 1 512 1 539 1 618 1 90 1 454 1 63 1 13 2 61 1 65 1 103 1 137 1 17 1 628 1 16 1 23 2 60 3
//IdTournes NbColis
11 6
//IdColis IdCommandeInColis NbProducts IdProd1 QtyProd1 IdProd2 QtyProd2 ...
105 35 38 617 1 698 1 710 1 632 1 126 1 410 1 709 1 227 2 286 1 417 1 138 1 310 1 318 1 487 1 264 1 276 1 671 1 620 1 123 1 303 2 140 2 62 1 6 1 4 1 703 1 705 1 13 2 113 1 117 1 61 1 66 3 712 1 127 1 652 1 628 1 23 2 60 3 406 1
51 16 12 112 1 164 1 582 1 585 1 620 1 27 1 491 1 113 1 169 1 628 1 23 1 60 2
128 44 41 348 1 355 1 356 1 518 1 304 1 475 1 58 1 296 1 599 1 208 1 192 2 211 1 112 1 88 1 391 1 276 1 306 1 673 1 123 1 399 1 491 1 800 1 796 1 1 1 90 1 140 1 104 1 152 1 4 1 56 1 13 1 786 1 652 1 55 1 20 1 2 1 797 1 16 1 23 2 60 2 795 1
69 23 21 324 1 330 1 342 1 312 1 325 2 343 1 362 1 30 2 359 1 278 1 364 1 708 1 357 1 689 1 602 1 692 1 313 1 576 1 34 1 353 1 13 1
131 45 23 312 1 207 1 233 1 362 1 479 1 25 1 28 1 45 1 707 1 677 1 280 1 653 1 501 2 356 1 514 1 576 1 565 1 304 1 777 1 603 1 354 1 531 1 286 1
134 46 20 175 1 757 1 282 1 497 1 332 1 252 1 36 1 534 1 401 2 312 1 207 1 386 1 233 1 513 1 45 1 640 1 359 1 280 2 417 1 498 1
//IdTournes NbColis
12 6
//IdColis IdCommandeInColis NbProducts IdProd1 QtyProd1 IdProd2 QtyProd2 ...
123 42 18 76 1 500 1 499 1 486 2 214 1 492 1 26 1 758 1 732 1 601 1 515 1 294 1 508 1 753 1 507 1 710 2 63 1 12 2
130 45 14 757 2 193 1 212 2 282 2 497 1 486 2 423 1 492 1 235 1 252 1 263 1 450 1 146 1 628 1
135 46 26 753 1 446 1 646 1 602 1 361 1 211 1 237 3 259 1 755 2 673 1 21 1 303 2 493 1 9 1 4 1 605 1 5 1 13 2 61 1 65 1 66 3 752 1 127 1 628 1 23 2 60 3
57 19 24 232 1 287 1 26 1 151 1 207 1 392 1 422 1 626 1 120 1 178 1 253 1 280 1 150 1 357 1 302 1 611 1 313 1 576 1 616 1 354 1 475 2 622 1 192 1 160 1
117 40 22 757 1 770 4 396 1 247 1 26 1 221 1 368 1 418 1 263 1 291 1 242 1 343 1 488 1 489 1 762 1 359 1 150 1 314 1 473 1 766 1 771 1 651 1
19 5 37 31 1 670 1 592 1 684 1 323 1 79 1 227 2 588 1 679 1 318 1 91 1 340 1 583 1 53 1 379 1 35 1 264 1 363 2 92 1 8 1 90 1 303 1 107 1 376 1 685 1 61 2 65 1 66 3 101 1 18 1 108 1 102 1 89 1 59 1 17 1 60 2 23 2
//IdTournes NbColis
13 6
//IdColis IdCommandeInColis NbProducts IdProd1 QtyProd1 IdProd2 QtyProd2 ...
31 9 24 519 1 204 1 415 1 122 1 207 1 120 1 43 1 327 1 573 1 462 1 364 1 118 1 575 1 542 1 576 1 586 1 31 1 119 1 531 1 590 1 230 1 338 1 123 1 142 1
74 25 22 282 1 205 1 214 1 244 1 247 1 257 1 204 1 450 3 242 1 650 1 636 1 515 1 535 1 245 1 478 1 516 1 255 2 501 1 589 1 623 1 218 1 23 1
88 30 20 606 1 75 1 282 1 235 1 730 1 204 1 258 1 291 2 207 2 217 1 233 1 239 1 242 1 274 1 683 1 216 1 278 1 299 1 616 1 63 1
116 39 24 452 1 227 1 387 1 159 1 224 1 230 1 383 1 435 1 276 1 35 1 303 2 295 2 333 1 376 1 97 1 63 1 703 1 181 1 65 1 103 1 185 1 722 1 23 2 60 3
98 33 25 255 1 551 1 559 1 569 1 735 1 256 1 222 1 549 1 556 1 558 1 567 1 305 1 571 1 754 1 395 1 281 1 565 1 304 1 775 1 124 1 791 1 227 2 377 1 223 1 14 1
136 47 19 347 1 468 1 729 1 205 1 287 1 714 1 316 1 213 2 401 2 274 1 528 2 428 1 683 1 45 1 120 1 535 1 253 1 280 1 299 1
//IdTournes NbColis
14 6
//IdColis IdCommandeInColis NbProducts IdProd1 QtyProd1 IdProd2 QtyProd2 ...
13 4 22 95 1 316 1 213 2 324 1 346 1 301 2 226 1 206 1 39 1 44 1 233 1 349 1 315 1 278 1 677 1 535 2 352 1 328 1 747 1 83 1 746 1 756 1
64 22 20 195 1 196 1 369 1 247 1 36 1 213 2 324 1 234 1 262 1 326 1 233 1 659 1 488 1 25 1 44 1 711 1 30 1 315 1 540 1 6 1
127 44 21 798 1 520 1 36 1 70 1 258 1 422 1 626 1 153 1 799 1 405 1 707 1 315 1 509 1 409 1 506 1 517 1 522 1 118 1 218 1 395 1 771 1
139 48 20 70 1 325 1 392 1 233 1 248 1 422 2 543 1 51 1 515 1 315 1 352 1 253 1 280 1 761 2 408 1 602 1 476 1 360 2 251 1 23 2
45 14 32 48 2 227 1 293 1 208 1 220 1 706 1 318 1 457 1 334 1 240 1 259 1 379 1 57 1 391 1 555 1 209 1 320 1 504 1 378 1 90 1 627 1 167 1 15 1 6 1 4 1 117 1 13 2 61 1 65 1 166 1 23 2 60 3
142 49 30 715 1 359 1 241 1 302 1 275 1 537 1 662 1 305 1 544 1 118 1 647 1 592 1 41 1 293 1 269 1 259 1 88 1 264 1 673 1 123 1 378 1 303 1 90 1 333 1 64 1 93 1 142 1 137 1 628 1 23 2
//IdTournes NbColis
15 6
//IdColis IdCommandeInColis NbProducts IdProd1 QtyProd1 IdProd2 QtyProd2 ...
55 18 25 347 1 423 1 613 1 257 1 26 1 316 1 151 1 610 1 51 1 120 1 266 1 608 1 41 1 79 1 33 1 436 1 318 1 269 1 156 1 502 1 53 1 84 1 264 1 4 1 11 1
68 23 15 130 1 161 1 194 1 196 1 175 1 177 1 693 1 347 1 232 1 486 1 257 1 221 1 534 1 316 1 190 1
141 49 20 606 1 175 1 232 1 235 1 484 1 257 1 316 1 213 2 215 1 324 1 301 1 206 1 381 1 233 1 362 1 528 1 38 1 42 1 725 1 535 1
144 50 22 485 1 297 1 486 1 332 1 714 1 523 1 316 1 213 1 450 1 533 1 217 1 343 1 248 1 479 1 428 1 678 1 680 1 535 1 299 1 694 1 629 1 6 1
147 51 19 807 1 244 1 316 1 292 1 738 1 28 1 540 1 529 1 541 1 530 1 446 1 525 1 526 1 542 1 305 1 544 1 546 1 702 1 754 1
85 29 20 232 2 729 1 252 1 221 1 234 1 262 1 206 1 233 1 248 1 279 1 732 1 678 1 683 1 25 1 120 1 624 1 283 1 294 1 541 1 616 1
//IdTournes NbColis
16 6
//IdColis IdCommandeInColis NbProducts IdProd1 QtyProd1 IdProd2 QtyProd2 ...
159 57 29 282 1 321 1 396 1 418 1 390 1 533 1 206 1 601 1 653 1 408 1 646 1 544 1 545 1 238 1 593 1 436 1 224 1 338 1 402 1 637 1 483 1 614 1 7 1 6 1 652 2 22 1 23 2 60 3 406 1
14 4 19 299 1 665 1 716 1 508 1 317 1 745 1 646 1 305 2 544 1 565 2 647 1 277 1 554 1 749 1 238 1 251 1 590 1 48 2 296 1
50 16 26 172 1 329 1 252 1 390 1 450 1 301 1 612 1 405 1 421 1 80 1 116 1 149 1 72 1 222 1 537 1 623 1 609 1 227 1 436 1 106 1 319 1 338 2 237 2 298 1 6 1 23 1
66 22 22 238 1 251 3 452 1 293 1 536 2 225 1 319 1 269 2 173 1 358 1 268 1 363 2 655 1 661 1 620 1 27 2 35 1 115 1 46 3 90 1 627 1 62 1
72 24 24 78 1 535 1 538 1 427 1 508 1 302 1 760 1 118 1 754 2 126 1 355 1 616 1 360 1 532 1 670 1 49 1 124 1 442 1 319 2 250 1 583 1 267 1 358 1 6 1
137 47 30 665 1 731 1 734 1 708 2 420 1 710 1 322 1 527 1 545 1 740 1 318 1 211 1 267 1 276 2 620 1 723 1 300 1 7 1 62 1 6 1 4 1 741 1 162 1 13 2 14 3 61 2 65 1 66 3 23 2 60 3
//IdTournes NbColis
17 6
//IdColis IdCommandeInColis NbProducts IdProd1 QtyProd1 IdProd2 QtyProd2 ...
35 11 16 87 4 32 1 459 1 619 1 95 4 207 1 494 1 630 1 253 2 474 1 607 1 408 1 617 1 586 1 284 1 132 1
3 1 23 339 1 340 1 298 2 379 1 88 1 434 1 276 1 539 1 618 1 397 2 99 1 1 1 85 1 97 1 19 1 6 1 56 1 55 1 20 1 2 1 22 1 23 1 60 2
145 50 32 446 1 542 1 589 1 155 1 476 1 210 1 251 1 361 1 286 1 536 1 48 1 436 1 230 1 340 1 648 1 379 1 391 1 358 1 363 1 587 1 306 1 27 1 723 1 464 1 261 1 751 1 63 1 13 1 185 1 23 2 60 3 750 3
10 3 31 339 1 250 1 88 1 27 1 57 2 512 2 521 1 688 1 557 1 209 1 504 1 81 1 303 1 295 2 7 1 333 1 105 1 654 2 6 1 4 1 5 1 10 1 13 2 24 1 61 2 66 3 188 1 145 1 23 2 60 3 12 3
41 13 19 585 2 673 1 306 1 209 1 464 1 303 2 295 1 9 2 152 2 6 1 117 1 160 1 10 1 24 1 157 1 628 1 23 2 60 3 406 1
132 45 31 592 1 251 1 679 1 48 2 417 1 338 2 269 1 339 1 351 1 260 1 583 1 289 1 358 1 276 2 483 1 587 1 306 1 209 1 464 1 303 1 295 3 685 1 4 1 66 3 785 1 786 1 101 1 790 1 169 1 23 2 60 3
//IdTournes NbColis
18 6
//IdColis IdCommandeInColis NbProducts IdProd1 QtyProd1 IdProd2 QtyProd2 ...
140 48 8 531 1 211 1 259 1 298 2 539 1 209 1 333 1 60 3
161 58 32 449 1 489 1 42 1 633 1 405 1 640 1 649 1 352 1 641 1 634 1 517 1 617 1 642 1 644 1 546 1 126 1 249 1 511 1 211 1 464 1 654 1 62 1 56 1 113 1 66 2 18 1 55 1 20 1 2 1 23 2 60 2 651 1
163 59 28 329 1 247 1 368 1 415 1 279 1 528 1 405 1 50 1 83 1 575 1 218 1 475 1 645 1 286 1 638 1 211 1 340 1 648 1 276 1 585 1 614 1 109 3 300 1 596 1 63 1 22 1 23 2 60 3
4 2 11 68 1 212 1 282 1 87 6 486 1 414 1 396 1 244 2 252 1 95 1 346 1
77 26 20 212 1 287 1 32 1 221 1 534 1 213 2 290 1 412 1 448 1 424 1 428 1 28 1 38 1 601 1 153 1 535 1 253 2 720 1 256 1 563 1
112 38 14 792 1 805 1 804 1 212 1 232 1 423 1 229 1 287 1 714 1 26 1 37 1 221 1 534 1 432 1
//IdTournes NbColis
19 6
//IdColis IdCommandeInColis NbProducts IdProd1 QtyProd1 IdProd2 QtyProd2 ...
120 41 22 212 1 486 1 414 1 714 1 235 1 213 1 263 1 325 1 479 1 151 1 715 1 724 1 471 1 541 1 465 1 299 1 716 1 150 1 617 1 476 1 654 1 4 1
149 52 22 212 1 519 1 520 1 497 1 321 1 287 1 215 1 401 1 242 1 292 1 601 1 125 1 737 1 299 1 694 1 544 1 565 1 527 1 545 1 293 1 334 1 62 1
71 24 18 176 1 171 1 499 1 321 1 287 1 466 2 459 1 32 1 534 1 533 1 524 1 342 1 217 1 274 1 683 1 29 1 45 1 765 1
17 5 19 71 1 75 1 423 2 466 1 235 1 26 1 32 1 70 1 459 1 561 1 215 2 263 1 28 1 45 1 51 1 381 1 388 1 242 1 60 1
33 10 24 130 1 347 1 329 1 215 1 234 1 533 1 242 1 405 1 624 1 116 1 50 1 83 1 364 1 273 1 302 1 615 1 356 1 322 1 238 1 588 1 593 1 139 1 144 1 129 1
81 27 19 792 1 793 1 297 1 257 1 215 3 263 2 288 1 682 1 724 1 241 1 266 1 302 1 270 1 272 1 275 1 305 1 218 2 249 1 23 1
//IdTournes NbColis
20 6
//IdColis IdCommandeInColis NbProducts IdProd1 QtyProd1 IdProd2 QtyProd2 ...
5 2 21 95 1 368 1 534 1 262 2 226 1 38 1 381 1 388 1 448 1 479 1 292 1 678 1 683 2 30 1 535 2 665 1 299 1 674 1 544 1 284 1 14 1
165 60 23 161 1 291 1 292 1 478 1 653 1 116 1 50 1 266 1 302 1 305 1 118 1 126 2 322 1 354 1 621 1 361 1 590 1 339 1 298 1 62 1 117 1 23 2 60 2
21 6 17 110 1 73 1 76 1 486 2 329 1 619 1 221 1 234 1 28 1 42 1 78 1 248 1 448 2 553 1 292 1 581 1 344 1
28 7 12 435 1 587 1 570 1 21 1 90 1 140 1 13 1 61 2 65 1 60 2 23 2 406 1
151 53 21 500 1 235 1 32 1 70 1 234 1 533 1 362 1 292 1 422 1 682 1 151 1 280 1 283 1 302 1 222 1 408 1 525 1 566 1 305 1 542 1 149 1
43 14 21 450 1 342 1 44 1 153 1 154 1 386 1 233 1 349 1 412 1 479 1 416 1 610 1 25 1 707 1 278 1 695 1 463 1 552 1 283 1 116 1 461 1
//IdTournes NbColis
21 6
//IdColis IdCommandeInColis NbProducts IdProd1 QtyProd1 IdProd2 QtyProd2 ...
42 14 15 161 1 485 1 171 1 500 1 332 1 460 2 548 1 550 2 484 1 370 1 561 1 368 1 390 2 263 2 9 1
8 3 9 468 1 282 1 87 6 496 1 510 1 484 1 37 2 95 4 390 1
83 28 21 161 1 229 1 287 1 244 1 247 1 258 1 288 1 301 1 226 1 242 2 292 1 28 1 280 1 273 1 299 1 759 1 710 1 602 1 616 1 227 1 296 1
152 53 24 360 1 41 1 271 1 588 1 631 2 139 1 106 1 351 1 331 1 505 1 276 1 557 1 570 1 84 1 464 1 90 1 596 1 789 1 13 2 61 2 65 2 188 1 23 2 60 3
148 51 16 545 1 547 1 251 1 536 1 231 1 264 1 539 1 801 1 4 1 13 2 14 3 66 3 103 1 18 1 23 2 60 3
38 12 14 115 1 587 1 77 1 135 1 464 1 90 1 8 1 140 1 133 1 15 1 4 1 128 1 23 1 60 3
//IdTournes NbColis
22 6
//IdColis IdCommandeInColis NbProducts IdProd1 QtyProd1 IdProd2 QtyProd2 ...
49 15 19 109 1 1 1 333 1 97 1 162 1 63 1 117 1 13 2 113 1 66 3 103 1 137 1 595 1 20 1 165 1 17 1 23 2 60 3 406 1
61 20 18 276 1 585 1 587 1 570 1 27 1 690 1 303 1 333 1 261 1 4 1 13 2 61 1 65 1 66 3 100 1 17 1 23 2 60 3
73 24 16 303 1 333 1 105 1 64 1 4 1 764 1 605 1 189 1 13 2 61 1 66 3 20 1 89 1 186 2 23 2 60 3
150 52 17 588 1 79 1 240 1 264 1 358 1 268 1 480 1 555 1 585 1 40 1 173 1 77 1 46 1 85 1 97 1 23 2 60 2
58 19 17 631 1 339 1 298 1 618 1 46 2 303 1 180 1 97 1 10 1 169 1 179 1 188 1 157 1 17 2 182 1 23 2 60 2
12 4 10 347 1 345 1 87 6 520 1 366 1 484 1 70 1 95 5 146 1 23 1
//IdTournes NbColis
23 6
//IdColis IdCommandeInColis NbProducts IdProd1 QtyProd1 IdProd2 QtyProd2 ...
52 17 18 485 1 75 1 347 1 282 1 87 1 484 1 252 1 291 1 39 1 448 1 479 2 482 1 422 2 680 1 738 1 45 1 153 2 303 1
111 37 10 300 1 261 1 62 1 15 1 189 1 13 2 61 1 22 1 23 2 60 3
63 21 13 264 1 276 1 295 2 9 3 604 1 19 2 6 1 166 1 108 1 185 1 23 2 60 3 406 1
126 43 21 753 1 623 1 149 1 739 1 31 1 511 1 487 1 156 1 502 1 264 1 358 1 503 1 505 1 618 1 673 1 123 1 13 2 188 1 98 1 23 2 60 3
67 22 14 15 1 764 1 63 2 181 1 129 1 13 2 61 2 65 1 103 1 183 1 191 1 23 1 60 3 406 1
7 2 1 60 1
//IdTournes NbColis
24 2
//IdColis IdCommandeInColis NbProducts IdProd1 QtyProd1 IdProd2 QtyProd2 ...
16 4 1 60 2
143 49 1 60 3
