//NbTournees
14
//IdTournes NbColis
1 6
//IdColis IdCommandeInColis NbProducts IdProd1 QtyProd1 IdProd2 QtyProd2 ...
18 7 20 46 1 50 1 71 1 72 1 81 1 104 1 347 1 65 1 84 1 98 1 376 1 30 1 34 2 39 2 68 1 386 1 235 1 32 2 35 2 1 3
67 27 30 231 1 57 1 241 1 76 1 245 1 46 1 176 1 118 1 88 1 30 1 34 1 39 1 41 1 51 1 230 1 225 1 223 2 222 2 226 1 24 2 44 2 248 1 258 1 259 1 32 1 35 1 33 2 1 2 45 2 16 1
5 2 23 48 1 81 2 145 1 369 1 370 1 188 1 128 1 147 1 285 1 376 1 30 1 34 2 39 2 41 1 132 1 123 1 146 2 150 1 38 2 121 1 149 1 177 1 366 1
7 3 21 43 1 70 1 77 2 97 1 113 1 114 1 119 2 120 1 80 1 5 1 48 1 112 1 118 1 105 1 90 1 101 1 116 1 108 1 30 1 34 1 16 1
14 6 20 76 1 78 1 335 1 337 1 94 1 334 1 336 1 341 1 47 2 277 1 215 1 345 1 65 1 84 1 85 1 98 1 101 1 30 2 34 4 39 3
20 8 25 55 1 49 1 57 1 63 1 75 1 82 1 87 1 110 1 389 1 241 1 74 1 94 1 107 1 60 1 86 1 47 1 48 1 93 1 66 1 83 1 88 1 390 1 328 1 24 1 394 1
//IdTournes NbColis
2 6
//IdColis IdCommandeInColis NbProducts IdProd1 QtyProd1 IdProd2 QtyProd2 ...
22 9 22 61 1 73 1 58 1 63 1 69 1 70 1 77 1 109 1 106 1 190 1 243 1 120 1 78 1 80 1 17 1 79 1 48 1 50 1 71 1 72 1 12 1 380 1
24 10 21 61 1 89 1 58 1 63 1 69 1 70 1 77 1 102 1 106 1 243 1 120 1 355 1 95 1 388 1 17 1 48 1 50 1 71 1 72 1 37 1 314 1
26 11 21 404 1 187 1 124 1 122 1 58 1 63 1 69 1 70 1 77 1 106 1 243 1 120 1 195 1 355 1 135 1 151 1 191 1 80 1 17 1 48 1 50 1
30 12 21 80 1 17 1 48 1 50 1 71 1 72 1 371 1 347 1 101 1 30 1 37 2 39 2 41 1 51 1 239 1 281 1 318 1 375 1 313 1 1 3 45 3
33 13 19 156 1 17 1 48 1 50 1 71 1 72 1 104 1 347 1 105 1 84 1 98 1 116 1 148 1 372 1 37 2 381 1 134 1 32 2 35 2
36 14 30 80 1 95 1 338 1 353 1 48 1 71 1 72 1 104 1 66 1 138 1 153 1 349 1 30 1 37 2 39 2 41 1 421 1 121 1 137 1 152 1 193 1 24 2 44 3 289 1 32 2 358 1 357 1 360 1 45 1 16 1
//IdTournes NbColis
3 6
//IdColis IdCommandeInColis NbProducts IdProd1 QtyProd1 IdProd2 QtyProd2 ...
39 15 24 190 1 135 1 191 1 80 1 17 1 333 1 60 1 48 1 50 1 71 1 72 1 217 1 347 1 147 1 180 1 125 1 138 1 153 1 339 1 30 1 37 2 39 2 41 1 316 1
69 28 24 185 1 238 1 243 1 76 1 151 1 94 1 255 1 28 1 47 1 88 1 254 1 235 1 239 1 242 1 22 1 3 1 252 1 247 2 258 1 259 1 32 2 35 2 249 1 16 1
70 29 23 187 1 124 1 122 1 233 1 219 1 195 1 135 1 191 1 94 1 244 1 255 1 47 1 138 1 153 1 237 1 202 1 229 1 258 1 259 1 32 2 35 2 246 1 16 1
71 30 26 413 1 63 1 70 1 77 1 236 1 107 1 48 1 104 1 218 1 224 1 101 1 240 1 34 2 39 2 30 2 41 2 228 1 189 2 121 1 137 1 253 1 261 1 361 1 32 2 35 1 249 1
41 16 26 179 1 187 1 414 1 124 2 122 1 185 1 195 1 135 1 171 1 191 1 94 1 183 1 290 1 158 1 180 1 125 1 138 1 153 1 30 1 34 2 39 2 41 1 11 1 121 1 157 1 32 1
73 31 21 262 1 57 1 241 1 162 1 78 1 256 1 234 1 176 1 118 1 88 1 116 1 37 2 253 1 157 1 134 1 250 1 32 2 35 2 251 1 257 2 246 1
//IdTournes NbColis
4 6
//IdColis IdCommandeInColis NbProducts IdProd1 QtyProd1 IdProd2 QtyProd2 ...
2 1 22 80 1 182 1 107 1 50 1 71 1 72 1 81 1 184 1 234 1 104 1 340 1 342 1 347 1 180 1 138 2 153 1 98 1 34 2 39 2 41 1 11 1 121 1
27 11 24 71 1 72 1 144 1 104 1 347 1 138 1 153 1 30 1 34 2 39 2 41 1 121 1 136 1 137 1 139 1 239 1 316 1 315 1 32 2 35 2 317 1 1 3 45 3 249 1
40 15 15 11 1 121 2 137 2 351 1 411 1 247 1 32 2 408 1 317 1 319 1 314 1 410 1 18 1 1 3 45 3
44 17 21 174 1 153 1 34 2 39 2 41 1 68 1 121 1 164 1 137 1 103 1 193 1 159 1 160 1 42 1 247 1 32 2 35 2 6 1 260 3 397 2 45 3
46 18 24 187 1 414 1 124 1 122 1 172 1 175 1 190 1 195 1 135 1 191 1 94 1 290 1 158 1 188 1 138 1 88 1 153 1 37 2 167 1 189 1 121 1 137 1 177 1 9 1
49 19 12 37 2 39 1 41 1 121 1 137 1 24 2 44 3 32 2 35 2 260 3 45 3 21 1
//IdTournes NbColis
5 6
//IdColis IdCommandeInColis NbProducts IdProd1 QtyProd1 IdProd2 QtyProd2 ...
51 20 23 71 1 72 1 81 1 347 1 118 1 180 1 65 1 84 1 98 2 34 2 39 2 121 1 137 1 103 1 161 1 287 1 24 2 44 3 32 1 35 2 1 3 45 3 16 1
74 32 16 227 1 77 1 113 1 219 1 28 1 93 1 232 1 101 1 121 1 137 1 117 1 261 1 258 1 259 1 32 2 35 2
75 33 25 73 1 278 1 109 1 78 1 94 1 283 1 158 1 218 1 280 1 221 1 147 1 65 1 84 1 98 1 264 1 121 1 137 1 272 1 295 1 10 1 258 1 259 1 32 2 35 2 21 1
4 2 17 31 1 49 1 126 1 133 2 140 1 142 2 211 1 214 2 106 1 241 2 373 1 374 1 107 1 367 1 26 1 16 1 359 1
13 6 22 14 1 54 1 327 1 73 1 49 1 57 2 59 1 63 1 75 1 82 1 92 1 111 1 175 1 102 1 303 1 346 1 241 1 350 1 352 1 74 1 10 1 8 2
38 15 20 187 1 61 1 124 1 49 1 122 1 58 1 127 2 63 1 69 1 70 1 77 1 106 1 344 1 243 1 350 1 119 1 120 1 195 1 355 1 23 1
//IdTournes NbColis
6 6
//IdColis IdCommandeInColis NbProducts IdProd1 QtyProd1 IdProd2 QtyProd2 ...
50 20 22 73 1 58 1 63 1 69 1 77 1 111 1 106 1 243 1 119 1 120 1 355 1 78 1 165 1 80 1 181 1 256 1 392 1 50 1 158 1 30 1 32 1 401 1
54 21 26 50 1 71 1 205 2 81 1 104 1 371 1 138 1 153 1 34 2 400 1 197 1 213 1 115 1 242 1 10 1 3 1 402 1 247 1 258 1 32 2 35 2 313 1 317 1 319 1 329 1 399 1
56 22 19 55 1 73 1 58 1 63 1 69 1 70 1 77 1 106 1 109 1 364 1 243 1 119 1 120 2 355 1 78 1 80 2 17 1 50 1 32 1
1 1 20 187 2 124 1 122 1 58 1 126 1 69 1 70 1 77 1 170 1 106 1 190 1 243 1 119 1 120 1 195 1 355 1 135 1 191 1 17 1 30 1
35 14 23 413 1 187 1 124 1 122 1 58 1 63 1 131 1 69 1 70 1 77 1 97 1 106 1 243 1 120 1 195 1 355 1 356 1 135 1 155 1 191 1 347 1 8 1 359 1
43 17 22 187 2 124 1 122 1 126 1 63 1 166 1 169 1 195 1 355 1 162 1 135 1 78 1 191 1 163 1 80 1 186 1 194 1 176 1 218 1 118 1 138 1 30 1
//IdTournes NbColis
7 6
//IdColis IdCommandeInColis NbProducts IdProd1 QtyProd1 IdProd2 QtyProd2 ...
48 19 21 412 1 413 1 187 2 124 1 122 1 63 1 168 2 102 1 195 1 135 1 191 1 186 1 194 1 173 1 118 1 180 1 125 1 138 1 153 1 30 1 39 1
53 21 22 187 1 124 1 122 2 58 1 63 1 69 1 70 1 77 1 106 1 113 1 243 1 119 1 120 1 195 1 135 1 191 1 391 1 256 1 396 1 198 1 347 1 21 1
77 34 22 187 1 268 1 124 1 122 1 227 1 265 1 63 1 166 1 282 1 195 1 135 1 191 1 95 1 93 1 138 1 153 1 34 1 167 1 235 1 159 1 35 2 16 1
25 10 22 104 1 347 1 284 1 88 1 101 1 393 1 37 1 100 1 400 1 386 1 51 1 96 1 377 1 406 2 99 1 23 1 398 1 52 1 395 1 247 2 32 2 35 2
78 35 21 294 1 57 1 241 1 198 1 176 1 118 1 88 1 271 1 116 1 279 1 273 1 274 1 51 1 281 1 296 1 291 1 10 1 258 1 259 1 32 2 35 2
59 23 17 204 1 57 1 133 2 142 2 206 1 211 1 214 2 216 1 219 1 181 1 391 1 198 1 196 1 199 1 215 1 116 1 18 1
//IdTournes NbColis
8 6
//IdColis IdCommandeInColis NbProducts IdProd1 QtyProd1 IdProd2 QtyProd2 ...
79 36 22 73 1 111 1 78 1 266 1 94 1 95 1 290 1 158 1 277 1 65 1 84 1 98 1 279 1 39 2 137 1 178 1 237 1 287 1 35 2 1 3 286 1 16 1
81 37 26 73 1 109 1 76 1 78 1 270 1 80 1 94 1 290 1 158 1 71 1 275 1 176 1 284 1 285 1 65 1 84 1 98 1 293 1 276 1 177 1 23 1 258 1 259 1 32 2 35 2 292 1
83 38 28 73 1 267 1 269 1 109 2 78 1 94 1 409 1 158 1 180 1 65 1 84 2 98 1 279 1 30 1 34 2 39 2 41 1 136 1 235 1 291 1 411 1 263 1 24 2 44 3 289 2 32 1 246 1 21 1
85 39 22 420 1 300 1 208 1 109 1 303 1 191 1 298 1 94 1 183 1 409 1 301 1 158 1 71 1 173 1 218 1 307 1 88 1 312 1 30 1 34 2 316 1 16 1
87 40 17 94 1 302 1 310 1 194 1 290 1 158 1 309 1 37 2 235 1 9 1 322 1 287 1 315 1 32 2 35 2 314 1 286 1
88 41 19 78 1 299 1 94 1 290 1 158 2 196 1 275 1 284 1 88 1 41 1 297 1 321 1 40 1 320 1 23 1 258 1 259 1 32 2 35 2
//IdTournes NbColis
9 6
//IdColis IdCommandeInColis NbProducts IdProd1 QtyProd1 IdProd2 QtyProd2 ...
89 42 22 94 1 290 1 158 1 305 1 88 1 116 1 30 1 34 2 39 2 41 1 235 1 318 1 160 1 23 1 311 1 32 2 35 2 313 1 317 1 319 1 1 3 45 3
90 43 19 73 1 57 1 109 1 241 1 78 1 308 1 196 1 176 1 118 1 65 1 84 1 235 1 192 1 306 1 247 1 258 1 259 1 32 2 35 2
91 44 24 62 1 133 1 169 1 142 1 208 1 214 1 241 1 310 1 81 1 176 1 180 1 279 1 304 1 30 1 34 1 39 1 139 1 9 1 40 1 52 1 36 1 33 2 1 2 286 1
21 8 17 30 1 34 2 39 2 41 1 53 1 387 2 103 1 117 1 24 1 44 3 32 2 35 2 251 1 405 1 1 3 45 3 403 1
12 5 6 123 1 146 1 103 1 13 1 1 2 45 2
29 12 18 124 1 58 1 129 1 63 1 69 1 70 1 77 1 143 2 92 1 154 2 106 1 243 1 378 1 120 1 355 1 130 1 141 1 32 2
//IdTournes NbColis
10 6
//IdColis IdCommandeInColis NbProducts IdProd1 QtyProd1 IdProd2 QtyProd2 ...
62 24 22 217 1 118 1 30 1 37 1 39 1 41 1 123 1 209 1 220 1 200 1 178 1 318 1 9 1 40 1 13 1 331 1 311 1 417 1 422 1 33 2 1 2 45 2
57 22 19 71 1 72 1 81 1 104 1 347 1 385 1 180 1 125 1 65 1 84 1 98 1 37 2 39 2 235 1 117 1 377 1 203 1 32 1 260 3
93 45 24 187 1 57 1 241 1 28 1 176 1 118 1 125 1 88 1 101 1 328 1 30 1 34 2 39 2 41 1 177 1 117 1 324 1 289 1 32 2 35 2 4 1 1 3 45 3 16 1
17 7 21 73 1 56 1 58 1 62 1 63 1 69 1 70 1 77 1 109 1 106 1 113 1 114 1 243 1 119 1 120 1 384 1 74 1 78 1 80 1 17 1 382 1
9 4 22 73 1 227 1 63 1 109 1 343 1 78 1 17 1 28 1 332 1 95 1 181 1 348 1 93 1 277 1 221 1 65 1 84 1 98 1 30 1 37 2 39 2 41 1
61 24 18 419 1 57 1 62 1 133 2 142 1 208 1 214 2 219 1 119 1 212 1 409 2 28 1 81 1 93 1 176 1 138 1 407 1 359 1
//IdTournes NbColis
11 6
//IdColis IdCommandeInColis NbProducts IdProd1 QtyProd1 IdProd2 QtyProd2 ...
63 25 19 57 1 201 1 62 1 133 2 169 1 142 1 208 1 214 2 409 1 81 1 207 1 173 1 221 1 118 1 180 1 210 1 15 1 18 1 407 1
95 46 10 57 1 63 1 241 1 176 1 118 1 88 1 258 1 259 1 32 2 35 2
96 47 16 57 1 63 1 323 1 97 1 241 1 120 1 94 1 325 1 176 1 118 1 88 2 330 1 258 1 259 1 32 2 35 2
97 48 19 327 1 73 1 57 1 241 1 107 1 245 1 207 1 176 1 112 1 118 1 88 2 13 1 331 1 258 1 259 1 32 2 35 2 329 1 25 1
98 49 17 57 1 241 1 176 1 118 1 84 1 88 1 90 1 30 1 34 2 39 2 41 1 296 1 203 1 32 2 35 2 1 3 45 3
32 13 17 365 1 73 1 58 1 63 1 69 1 70 1 77 1 106 1 111 1 362 1 363 3 119 2 120 1 355 1 78 1 80 1 65 1
//IdTournes NbColis
12 6
//IdColis IdCommandeInColis NbProducts IdProd1 QtyProd1 IdProd2 QtyProd2 ...
42 16 9 164 1 137 1 178 1 103 1 192 1 32 1 35 2 1 3 45 3
86 39 11 39 2 41 1 164 1 281 1 422 1 203 1 32 2 35 2 1 1 260 2 45 3
65 26 15 133 2 142 2 211 1 214 2 106 1 216 1 219 1 181 1 60 1 81 3 215 1 218 1 372 1 30 1 415 1
23 9 14 104 1 347 1 65 1 84 1 91 1 98 2 64 1 37 2 235 1 321 1 13 1 383 1 32 2 35 2
60 23 16 30 1 37 2 39 2 41 1 146 1 96 1 318 2 9 2 20 1 40 1 261 1 22 1 202 1 33 3 1 3 45 3
11 5 18 14 1 133 2 142 2 206 1 211 1 214 2 185 1 219 1 107 1 181 1 326 1 81 1 30 1 34 2 39 2 41 1 18 1 33 2
//IdTournes NbColis
13 6
//IdColis IdCommandeInColis NbProducts IdProd1 QtyProd1 IdProd2 QtyProd2 ...
8 3 13 34 1 39 2 41 1 67 1 115 1 117 1 24 2 44 3 32 2 35 2 4 1 1 3 45 3
3 1 10 137 1 22 1 23 1 27 1 24 2 44 3 32 2 35 2 1 3 45 3
66 26 10 34 2 39 2 41 1 146 1 209 1 253 1 18 1 33 2 1 2 45 2
15 6 20 39 1 41 2 11 1 96 1 40 1 3 1 42 1 2 1 15 1 32 4 35 4 7 1 6 1 36 1 18 1 19 1 25 1 1 5 29 1 45 5
64 25 13 30 1 34 2 39 2 41 1 209 1 100 1 220 1 261 1 3 1 33 2 260 2 45 2 26 1
99 50 9 343 1 354 1 98 1 361 1 258 1 259 1 32 1 35 1 16 1
//IdTournes NbColis
14 6
//IdColis IdCommandeInColis NbProducts IdProd1 QtyProd1 IdProd2 QtyProd2 ...
10 4 7 235 1 12 1 32 2 35 2 1 3 45 3 21 1
6 2 9 368 1 379 1 9 1 20 1 40 1 18 1 33 2 1 2 45 2
47 18 9 193 1 23 1 289 1 315 2 32 2 35 2 257 1 418 1 416 1
37 14 2 1 3 45 2
84 38 5 32 1 35 2 288 1 1 3 45 3
72 30 3 35 1 260 3 45 3
