//NbTournees
23
//IdTournes NbColis
1 6
//IdColis IdCommandeInColis NbProducts IdProd1 QtyProd1 IdProd2 QtyProd2 ...
20 7 19 157 1 186 1 290 1 291 1 452 1 255 1 347 1 334 1 36 1 288 1 337 2 244 1 298 1 335 1 265 1 549 1 132 1 273 1 235 1
58 17 28 349 1 471 1 34 1 140 1 315 1 449 1 476 1 312 1 289 1 509 1 88 1 235 1 301 1 208 1 270 1 240 1 243 1 281 2 285 1 314 1 241 2 194 1 202 1 306 1 307 1 669 1 559 1 133 1
88 25 33 695 1 645 1 141 1 318 1 593 1 595 1 148 1 282 1 235 1 266 1 330 1 250 1 316 2 240 1 281 2 285 1 57 1 338 1 344 1 129 1 271 1 59 1 4 1 31 1 72 1 14 1 17 1 75 1 25 1 70 1 720 1 28 2 30 3
91 26 28 217 1 303 1 534 1 503 1 696 1 605 1 642 1 323 1 440 1 294 1 268 2 235 1 270 1 284 2 302 2 324 1 240 1 247 1 261 1 306 1 325 1 707 1 710 1 461 1 238 1 719 1 28 2 30 3
93 27 18 803 1 794 2 279 1 262 1 347 1 264 1 292 1 333 1 239 1 326 1 797 1 339 1 236 1 256 1 299 1 260 1 332 1 593 1
17 6 23 53 1 58 1 332 1 32 1 237 1 296 1 607 1 322 2 690 1 439 1 661 1 696 1 613 1 397 1 356 1 390 2 318 1 576 1 507 2 55 1 95 1 18 2 7 1
//IdTournes NbColis
2 6
//IdColis IdCommandeInColis NbProducts IdProd1 QtyProd1 IdProd2 QtyProd2 ...
30 10 22 237 1 308 1 287 1 137 1 321 1 690 1 373 1 146 1 60 1 368 1 455 1 663 1 691 1 695 1 475 1 617 1 277 1 397 2 406 1 354 1 88 1 10 1
47 14 20 452 1 553 1 121 4 300 1 48 1 196 1 257 1 263 1 331 1 654 1 237 1 734 1 145 1 308 1 322 1 729 1 35 1 321 1 24 1 212 1
63 19 19 735 1 134 1 237 2 379 1 385 1 137 1 223 1 159 2 317 1 547 1 343 1 455 1 617 1 618 1 661 1 511 2 757 1 269 1 28 1
71 21 20 735 1 721 1 58 1 237 1 537 1 346 1 287 1 692 1 402 1 142 1 219 1 364 1 384 1 604 1 616 1 618 1 147 2 391 2 605 1 229 1
87 25 22 272 1 276 1 259 1 283 1 713 1 46 1 756 1 237 1 346 1 782 1 296 1 607 1 348 1 765 1 774 1 137 1 554 1 317 1 320 1 343 1 31 1 8 1
96 28 21 383 1 450 1 291 1 750 1 337 1 610 2 711 1 248 1 445 1 375 1 363 1 259 1 329 1 464 1 454 1 756 1 151 1 237 1 361 1 752 1 18 2
//IdTournes NbColis
3 6
//IdColis IdCommandeInColis NbProducts IdProd1 QtyProd1 IdProd2 QtyProd2 ...
100 29 20 291 1 711 1 248 1 374 1 396 1 351 1 362 1 273 1 714 1 196 1 237 1 361 1 160 1 296 2 407 1 533 1 712 1 554 1 364 1 406 1
103 30 19 824 1 825 1 182 1 429 1 337 1 549 2 423 1 468 1 46 1 58 1 152 1 237 1 308 1 378 1 431 1 433 1 296 2 535 1 588 1
107 31 25 450 1 452 1 313 2 468 1 132 1 46 1 756 1 222 1 311 1 145 1 433 1 453 1 455 1 471 1 473 1 34 1 214 1 357 1 315 1 410 1 436 1 284 1 8 1 720 1 18 1
73 21 38 731 1 400 1 325 1 544 1 730 1 474 1 404 1 461 1 238 1 94 1 227 1 4 1 456 2 274 1 15 3 395 1 103 1 72 1 128 1 741 1 9 2 79 1 111 2 112 2 13 1 17 1 71 2 76 3 233 1 105 1 21 1 109 1 6 1 85 1 70 1 231 2 28 2 30 3
94 27 28 332 1 345 1 721 1 787 1 49 1 554 1 249 1 645 1 475 1 618 1 778 1 258 1 318 1 715 1 312 1 281 2 336 1 174 1 238 1 791 1 175 1 67 1 789 1 11 1 66 2 25 2 2 1 18 1
101 29 29 532 1 188 1 141 1 353 1 357 1 390 1 270 1 285 1 393 2 229 1 251 1 400 1 405 1 474 1 238 1 65 1 724 1 15 3 8 1 13 1 19 3 71 1 75 1 76 3 79 1 111 1 233 1 28 2 30 3
//IdTournes NbColis
4 6
//IdColis IdCommandeInColis NbProducts IdProd1 QtyProd1 IdProd2 QtyProd2 ...
111 32 24 406 1 646 1 390 2 318 1 764 1 476 1 593 1 771 1 733 1 507 1 458 1 772 1 417 1 281 2 773 1 783 1 460 3 400 1 628 1 470 1 673 1 133 1 238 1 426 1
114 33 35 513 1 413 1 354 1 449 2 593 1 512 1 148 1 268 1 458 1 370 1 284 2 316 1 253 1 393 2 376 1 730 1 470 1 669 1 83 1 254 1 238 1 785 2 369 1 467 1 171 1 10 1 52 1 38 1 75 1 111 1 92 1 700 2 115 1 28 2 30 3
117 34 36 303 1 475 1 136 1 142 1 146 2 440 1 476 1 665 1 434 1 16 1 427 1 393 1 672 1 424 1 400 1 469 1 238 1 59 1 467 1 96 1 456 1 103 1 104 1 8 1 52 1 73 1 11 3 13 2 71 1 75 1 6 1 173 1 817 1 170 2 28 2 30 3
120 35 31 56 1 63 1 390 2 309 1 665 1 476 1 441 1 250 1 302 2 427 1 285 1 293 1 460 1 723 1 702 1 432 1 405 1 704 1 669 1 133 1 404 1 461 1 238 1 462 1 467 2 456 1 399 1 8 1 44 1 28 2 30 2
123 36 26 613 1 605 1 390 1 589 1 733 1 191 1 509 1 138 1 55 1 61 2 477 2 498 1 301 1 250 1 316 1 240 1 393 1 556 1 336 1 310 2 98 1 403 1 338 1 469 1 238 1 246 1
127 37 27 509 1 579 1 477 1 250 1 253 1 393 1 556 1 336 1 310 2 488 1 400 1 469 1 557 2 667 3 33 1 133 1 50 1 815 1 461 1 481 1 73 1 75 2 79 1 813 1 28 2 30 3 501 1
//IdTournes NbColis
5 6
//IdColis IdCommandeInColis NbProducts IdProd1 QtyProd1 IdProd2 QtyProd2 ...
119 35 20 99 1 291 1 255 1 606 1 295 1 551 1 299 2 447 1 686 1 132 1 196 1 411 1 35 1 451 1 511 1 147 1 406 2 471 1 646 1 421 1
18 6 47 16 1 51 2 91 1 168 1 250 2 302 1 240 2 672 1 702 2 174 1 376 2 365 1 400 1 557 1 673 1 703 1 65 1 84 1 97 1 399 1 31 1 24 1 64 2 90 1 171 1 10 1 8 1 12 1 67 1 118 1 9 1 14 1 19 1 76 1 105 1 23 1 21 1 66 2 25 2 205 1 5 1 85 1 70 1 231 1 20 1 3 1 501 1
31 10 33 593 2 294 1 138 1 61 3 509 1 394 1 376 1 154 1 350 3 307 1 403 1 344 1 555 1 474 1 701 1 404 2 387 1 271 1 165 1 117 1 162 1 8 1 155 1 164 1 102 1 37 1 17 1 29 1 76 3 2 1 163 1 28 2 30 3
40 12 22 767 1 63 1 415 1 258 1 391 1 406 1 349 2 609 1 140 1 440 1 282 1 312 2 507 1 268 3 441 2 482 1 101 1 270 2 240 2 489 1 286 1 394 1
49 14 29 245 1 252 1 302 1 316 1 240 1 281 1 310 1 731 1 251 1 50 1 341 1 730 1 667 2 469 1 732 1 280 2 59 1 736 1 738 1 737 1 207 1 67 1 66 1 25 1 2 1 210 1 203 1 28 1 30 2
68 20 27 642 1 471 1 473 2 733 1 140 1 740 1 282 1 507 2 509 1 372 1 493 1 168 1 16 1 302 1 253 1 427 1 293 1 394 1 251 1 350 2 325 1 469 1 133 1 404 2 94 1 462 1 225 2
//IdTournes NbColis
6 6
//IdColis IdCommandeInColis NbProducts IdProd1 QtyProd1 IdProd2 QtyProd2 ...
80 23 17 166 1 633 1 279 2 550 1 446 1 620 1 622 1 380 1 624 1 634 1 239 1 295 1 626 1 366 1 337 2 339 1 18 1
98 28 31 191 1 392 1 268 2 289 1 608 1 630 1 138 1 270 2 393 2 556 1 600 1 310 1 640 1 350 1 400 1 557 1 615 1 669 1 701 1 461 2 271 1 752 1 73 1 13 1 17 1 71 1 75 1 70 1 28 1 30 3 18 4
108 31 22 324 1 285 1 336 1 350 3 466 1 470 1 474 1 701 1 50 1 465 2 448 1 467 2 456 1 73 1 13 2 180 1 220 1 20 2 816 1 30 3 203 2 18 4
130 38 28 278 1 439 1 503 1 511 2 513 1 146 1 413 1 323 1 512 1 593 1 39 1 579 1 412 1 324 1 240 1 243 1 251 1 403 1 701 1 725 1 274 1 31 1 72 1 8 1 75 1 28 2 30 2 501 1
156 48 28 347 1 358 1 626 1 337 1 244 1 335 1 463 2 375 1 567 1 632 1 249 1 650 1 663 1 511 1 318 1 269 1 678 1 250 1 417 1 281 1 672 1 376 1 350 1 652 1 669 1 67 1 25 2 2 1
10 4 25 54 1 537 1 433 1 518 1 545 1 348 1 532 1 503 1 451 1 475 1 277 1 406 1 356 1 318 2 546 1 665 1 614 1 514 1 482 1 243 1 489 1 526 1 57 1 33 1 668 1
//IdTournes NbColis
7 6
//IdColis IdCommandeInColis NbProducts IdProd1 QtyProd1 IdProd2 QtyProd2 ...
132 39 23 388 1 552 1 255 1 522 1 798 1 121 1 551 1 327 1 541 1 131 1 190 1 718 1 538 1 491 1 348 1 554 1 534 1 136 1 147 1 219 1 613 1 504 1 514 1
105 30 32 546 1 593 1 148 1 392 1 312 1 268 2 342 1 509 1 138 1 153 1 88 1 412 1 241 1 336 1 306 1 528 1 403 1 730 1 133 1 50 1 232 1 462 1 448 1 401 1 422 1 823 1 228 1 416 1 104 1 425 1 128 1 10 1
34 11 26 42 1 146 1 571 1 650 1 706 1 645 1 475 1 63 1 352 1 381 1 496 1 499 1 605 1 708 1 357 1 323 1 659 1 309 1 191 1 392 1 55 1 153 1 88 1 516 1 540 1 139 1
97 28 25 459 1 377 1 378 1 506 1 607 1 598 1 457 1 348 1 709 1 371 1 398 1 303 1 317 1 743 1 745 1 747 1 753 1 352 2 381 2 504 1 612 1 318 1 315 1 261 1 28 1
104 30 22 729 1 371 2 430 1 435 1 398 1 418 1 599 1 601 1 602 1 742 1 475 1 618 1 352 2 381 2 605 2 751 1 353 1 354 1 318 2 414 1 449 1 72 1
136 40 33 349 1 605 1 353 1 390 2 749 1 595 1 268 1 269 1 509 1 101 1 208 1 744 1 556 1 336 1 310 1 57 1 528 1 730 1 668 1 669 1 474 1 41 1 755 1 462 1 96 1 760 1 122 1 171 1 8 1 22 1 184 1 30 3 203 2
//IdTournes NbColis
8 6
//IdColis IdCommandeInColis NbProducts IdProd1 QtyProd1 IdProd2 QtyProd2 ...
67 20 20 480 1 633 1 452 1 262 1 355 1 295 1 143 1 478 1 259 1 132 1 58 1 322 1 303 1 141 1 500 1 695 1 136 1 147 1 504 1 357 1
138 41 22 125 1 802 1 355 1 248 1 486 1 478 1 520 1 40 1 535 1 529 1 527 1 554 1 368 1 547 1 511 2 475 1 258 1 397 1 751 1 268 1 18 2 201 1
35 11 26 417 1 521 1 172 1 243 1 489 1 285 1 515 2 174 2 615 1 404 1 462 2 456 2 119 1 171 1 719 1 10 1 175 2 73 1 11 3 13 2 29 1 179 1 139 1 720 1 28 2 30 3
59 17 14 133 1 254 1 246 1 462 2 59 1 456 2 274 1 117 1 242 1 8 1 176 1 111 1 28 2 30 3
140 42 26 550 1 553 1 327 1 543 1 464 1 130 1 143 1 58 1 32 1 459 1 819 1 525 1 504 1 349 1 751 1 354 1 531 1 342 1 509 1 772 1 519 1 301 1 540 1 412 1 194 1 18 2
14 5 32 35 1 42 1 60 1 249 1 613 1 705 1 708 1 471 1 39 1 715 1 61 1 458 1 88 1 266 1 427 1 57 1 98 1 400 1 530 1 652 1 669 1 474 1 560 1 467 1 456 2 116 1 10 1 8 1 52 1 177 1 13 2 29 1
//IdTournes NbColis
9 6
//IdColis IdCommandeInColis NbProducts IdProd1 QtyProd1 IdProd2 QtyProd2 ...
85 24 35 663 1 618 1 146 1 565 1 56 1 63 1 357 1 390 1 318 1 449 1 595 1 294 1 436 1 138 1 301 1 521 1 307 1 404 1 560 1 462 1 59 1 65 1 117 1 15 3 758 2 1 1 10 1 8 1 73 1 9 1 13 2 17 1 71 2 76 3 28 1
21 7 22 273 1 603 1 275 1 529 1 590 1 688 1 437 1 278 1 451 1 644 1 511 1 471 1 665 1 512 1 138 1 270 2 243 1 253 1 286 3 293 1 57 1 274 1
64 19 28 146 1 214 1 609 1 309 1 593 1 769 1 594 2 216 1 269 1 330 1 91 2 101 1 243 1 247 1 253 1 286 1 314 1 261 1 672 1 310 2 376 1 50 1 544 1 667 1 559 1 129 1 461 1 228 1
4 2 24 686 1 472 1 54 1 438 1 684 1 697 1 459 1 287 1 296 2 49 1 690 1 56 1 525 1 605 2 471 1 357 1 576 2 476 1 294 1 123 1 266 1 101 1 561 1 119 1
8 3 30 110 1 342 1 579 1 561 1 41 1 544 1 469 1 580 1 461 1 246 1 456 2 274 1 15 2 74 1 120 2 8 1 73 1 13 2 29 1 71 2 76 3 111 1 112 1 22 1 25 1 109 1 2 1 27 1 28 1 30 3
158 49 29 656 1 380 1 551 1 653 1 654 1 657 1 379 1 529 1 679 1 647 1 666 1 42 1 208 1 561 1 302 1 310 1 649 1 400 1 628 1 462 1 104 1 67 1 66 2 25 2 2 1 681 1 30 2 203 2 18 2
//IdTournes NbColis
10 6
//IdColis IdCommandeInColis NbProducts IdProd1 QtyProd1 IdProd2 QtyProd2 ...
43 13 17 213 1 637 1 78 1 197 1 562 1 450 1 255 1 45 1 288 1 244 1 486 1 374 2 143 1 58 1 492 1 714 1 420 1
29 10 19 355 1 276 1 380 1 624 1 694 1 366 1 339 1 389 1 169 3 130 1 134 1 46 1 58 1 150 1 151 1 152 2 689 1 472 1 72 1
122 36 21 197 1 552 1 355 1 486 1 463 1 313 1 443 1 472 1 713 1 311 1 479 1 407 1 297 1 137 1 739 1 161 1 437 1 505 1 60 1 502 1 31 1
142 43 17 552 2 355 1 248 1 551 2 549 1 363 1 260 1 273 1 714 1 746 1 296 1 529 1 348 2 695 1 696 1 511 2 572 1
2 1 30 384 1 34 1 63 1 356 1 420 1 390 1 593 1 595 1 596 1 594 1 61 1 268 1 101 1 393 1 336 1 50 1 466 1 404 1 96 1 401 2 1 1 10 1 114 1 13 2 71 2 2 1 115 1 20 2 28 2 30 3
27 9 25 185 1 182 1 248 1 360 1 486 1 273 1 313 1 443 1 340 1 660 1 670 1 161 1 655 1 554 1 56 1 572 1 664 1 356 1 269 1 658 1 579 1 168 1 489 1 393 1 174 1
//IdTournes NbColis
11 6
//IdColis IdCommandeInColis NbProducts IdProd1 QtyProd1 IdProd2 QtyProd2 ...
7 3 21 126 1 81 1 82 1 125 1 553 1 382 1 40 1 423 1 444 1 402 1 529 1 455 1 578 1 415 1 258 1 440 1 449 1 512 1 476 1 110 1 28 1
110 32 18 375 1 332 1 573 1 721 1 631 1 632 1 348 1 776 1 437 2 645 2 661 1 42 1 141 2 778 1 415 1 391 1 420 1 7 1
9 4 14 93 1 113 1 78 1 99 1 524 1 121 6 36 1 244 1 551 1 375 1 549 1 48 1 536 1 8 1
60 18 22 388 1 583 1 675 1 121 2 380 2 366 1 337 1 244 1 360 1 149 1 131 1 32 1 651 1 318 2 140 1 309 1 589 1 593 1 476 1 281 3 90 1 18 1
143 43 27 513 1 357 1 309 1 449 2 512 1 476 1 266 1 253 2 285 1 293 1 556 1 57 2 488 1 466 1 730 1 469 1 668 1 271 1 416 1 72 1 10 1 8 1 112 1 226 1 27 1 28 2 30 2
41 12 32 586 1 376 1 495 1 405 1 325 2 704 2 544 1 559 1 775 1 246 2 94 2 271 1 462 2 467 2 4 2 780 1 456 4 167 1 15 3 104 2 761 1 699 3 10 1 8 1 155 2 102 1 677 1 38 1 44 1 112 1 76 4 22 1
//IdTournes NbColis
12 6
//IdColis IdCommandeInColis NbProducts IdProd1 QtyProd1 IdProd2 QtyProd2 ...
45 13 34 138 1 268 1 436 1 509 1 458 1 417 1 270 1 393 2 460 3 672 1 202 1 98 1 400 1 246 1 94 1 456 1 167 1 274 1 72 1 116 1 719 1 8 1 52 2 204 1 176 1 73 1 112 1 22 1 205 1 85 1 700 1 28 2 30 3 7 3
3 2 18 127 1 124 1 272 1 574 1 366 1 248 1 298 1 46 1 47 1 77 1 563 1 570 1 332 2 577 1 327 1 536 1 687 1 74 1
23 8 18 181 1 183 1 272 1 524 1 656 1 291 1 446 1 276 1 568 1 295 1 248 1 360 2 298 1 575 1 445 1 551 1 375 1 136 1
57 17 20 127 1 328 1 192 1 295 1 36 1 248 1 267 1 195 1 319 1 340 1 687 1 149 1 722 1 690 1 451 1 695 1 513 1 617 1 56 1 277 1
72 21 20 605 1 309 1 39 1 282 1 312 3 507 3 594 1 88 1 372 1 101 1 168 1 370 1 247 1 253 2 281 4 393 2 230 1 310 2 369 1 74 1
75 22 16 224 1 637 1 81 1 99 1 524 2 574 1 452 1 639 1 248 1 549 1 563 1 332 2 541 1 592 1 713 1 128 1
//IdTournes NbColis
13 6
//IdColis IdCommandeInColis NbProducts IdProd1 QtyProd1 IdProd2 QtyProd2 ...
77 22 23 475 1 747 1 42 1 757 1 642 1 323 1 309 1 110 1 507 3 594 1 153 1 342 2 482 1 301 1 247 1 314 1 586 1 640 1 723 2 215 1 50 1 232 1 701 1
160 50 32 262 1 380 1 248 1 536 1 332 1 150 1 42 1 391 1 609 1 349 1 318 1 449 1 148 1 294 1 269 1 674 1 198 1 682 1 330 1 101 1 281 2 667 1 116 1 8 1 29 1 75 2 68 1 100 1 2 1 680 1 28 2 30 3
52 15 20 438 1 588 1 348 1 554 1 193 1 159 1 364 1 511 2 475 1 617 1 144 1 406 1 605 2 323 1 140 1 342 1 417 2 302 2 581 1 57 1
84 24 22 359 1 568 1 360 1 300 1 575 1 567 1 573 1 327 1 468 1 130 1 48 1 748 1 607 1 566 1 348 1 754 1 554 1 218 1 249 1 571 1 451 1 318 1
139 41 27 764 1 191 1 250 1 796 1 548 1 555 1 557 1 254 1 271 1 462 1 467 1 120 1 72 1 171 1 8 1 52 1 73 1 164 1 13 1 75 1 79 1 112 1 226 1 28 2 30 2 18 2 201 2
146 44 24 54 1 296 1 739 1 627 1 49 1 500 1 604 1 513 2 219 1 811 1 778 1 406 1 504 1 349 1 808 1 420 1 390 1 589 1 512 1 476 1 417 1 64 1 18 1 7 1
//IdTournes NbColis
14 6
//IdColis IdCommandeInColis NbProducts IdProd1 QtyProd1 IdProd2 QtyProd2 ...
149 45 21 388 1 337 1 339 1 256 1 551 1 563 1 483 1 257 1 520 1 327 1 541 1 468 1 735 2 40 1 46 1 53 1 348 1 765 1 776 1 373 1 390 1
150 45 29 644 1 642 1 471 1 589 1 507 1 269 1 421 1 301 1 270 1 521 1 293 1 251 1 400 1 405 1 325 1 41 1 462 1 228 1 8 1 13 2 17 1 19 3 71 1 76 3 112 1 2 1 92 1 28 2 30 3
25 8 33 39 1 148 1 440 1 342 2 252 1 521 2 302 2 556 1 261 1 310 2 50 1 685 1 404 1 158 1 271 1 448 1 4 1 456 1 171 1 178 1 8 1 102 1 177 1 17 1 19 3 71 2 75 1 76 3 79 1 13 1 115 1 28 2 30 3
152 46 23 786 1 36 1 339 1 396 1 332 1 132 1 517 1 297 1 348 1 554 1 534 1 616 1 188 1 613 1 318 2 449 1 191 1 312 1 268 1 614 1 252 1 120 1 800 1
5 2 37 253 1 376 1 83 1 307 1 338 1 585 1 548 1 667 3 669 1 254 1 461 1 94 1 87 1 448 1 456 3 274 1 64 2 72 1 122 1 10 1 67 1 102 1 9 1 107 1 13 2 17 1 26 1 38 1 71 2 76 3 105 1 68 1 2 1 85 2 70 1 28 2 30 3
16 6 14 99 1 279 1 409 1 62 6 359 1 358 1 698 1 276 1 339 1 360 1 298 1 335 1 386 1 365 1
//IdTournes NbColis
15 6
//IdColis IdCommandeInColis NbProducts IdProd1 QtyProd1 IdProd2 QtyProd2 ...
153 46 18 421 1 301 1 521 1 253 1 393 1 600 1 310 1 585 1 615 1 133 1 755 1 65 1 467 1 73 1 800 1 112 1 28 2 30 2
129 38 22 750 1 36 1 337 1 360 1 483 1 257 1 313 1 345 1 508 1 510 1 713 1 131 1 47 1 58 1 756 1 793 1 697 1 497 1 297 1 709 1 471 1 10 1
1 1 13 86 1 99 1 272 1 121 6 45 2 360 1 463 1 573 1 35 1 491 1 590 1 303 2 119 1
116 34 20 812 1 183 1 334 1 276 1 36 1 360 1 445 1 463 1 260 1 443 1 464 1 472 1 130 2 134 1 143 1 793 1 438 1 459 1 444 1 428 1
145 44 19 166 1 272 1 636 1 582 2 583 1 380 1 624 1 339 1 638 1 766 1 360 1 490 1 300 2 567 1 332 1 573 1 809 1 810 1 724 1
154 47 24 272 1 279 1 574 1 359 1 597 1 298 1 332 1 554 1 505 1 453 1 618 1 788 1 223 1 613 1 397 1 504 1 664 1 144 1 318 1 594 1 91 1 270 1 526 1 792 1
//IdTournes NbColis
16 6
//IdColis IdCommandeInColis NbProducts IdProd1 QtyProd1 IdProd2 QtyProd2 ...
12 5 12 80 1 125 1 633 1 272 1 255 2 446 1 121 6 568 2 339 1 396 1 300 1 43 1
62 19 19 388 1 272 1 279 1 452 1 255 1 334 1 606 1 380 1 611 1 339 1 610 1 408 2 222 1 257 2 367 1 283 1 603 1 468 1 10 1
81 23 23 610 1 638 2 490 1 300 1 335 2 635 1 408 1 53 1 492 1 468 1 484 1 619 1 32 1 722 1 296 1 385 1 491 1 709 2 373 1 554 1 645 1 258 1 18 2
109 32 18 637 1 388 1 279 1 290 1 450 1 255 1 446 1 334 1 620 1 624 1 634 1 288 1 766 1 445 1 551 2 265 1 375 1 724 1
44 13 23 132 1 135 1 32 1 459 1 296 1 564 1 385 1 590 1 690 1 373 1 527 1 142 1 727 1 728 1 617 1 613 1 471 1 39 1 546 1 512 1 282 1 61 1 7 1
126 37 23 768 1 35 1 627 1 371 1 487 1 398 1 373 1 485 1 618 1 804 1 188 1 494 1 496 2 499 2 605 1 349 1 642 1 473 1 34 1 144 1 392 1 630 1 509 1
//IdTournes NbColis
17 6
//IdColis IdCommandeInColis NbProducts IdProd1 QtyProd1 IdProd2 QtyProd2 ...
55 16 24 409 1 380 1 463 1 40 1 313 1 443 1 625 1 592 1 287 1 296 1 676 1 671 1 419 1 661 1 323 1 659 1 191 1 665 1 621 1 403 1 548 1 662 1 557 1 211 1
113 33 19 113 1 786 1 328 1 380 1 367 1 442 1 454 1 46 1 308 1 748 1 457 1 709 1 137 1 554 1 419 1 439 1 451 1 762 1 646 1
82 23 22 613 2 778 1 391 1 605 2 642 1 63 2 420 1 318 1 623 1 440 1 593 1 512 1 294 1 458 1 579 1 51 1 302 1 281 3 394 1 770 1 57 1 781 1
90 26 22 272 1 552 1 463 1 257 1 304 1 313 1 327 1 329 1 332 1 592 1 464 1 689 1 472 1 132 1 311 1 718 1 722 1 287 1 297 2 348 1 303 1 72 1
39 12 16 535 2 35 1 590 2 768 1 655 1 141 1 142 2 147 1 159 1 364 1 384 1 500 1 343 2 726 1 747 1 268 1
33 11 20 328 1 36 1 156 1 366 1 298 1 299 2 135 1 259 1 539 1 716 1 721 1 697 2 378 1 506 1 692 1 402 1 709 1 371 1 398 1 34 1
//IdTournes NbColis
18 6
//IdColis IdCommandeInColis NbProducts IdProd1 QtyProd1 IdProd2 QtyProd2 ...
135 40 19 759 1 125 1 552 2 550 1 295 1 339 1 542 1 260 1 327 1 332 1 517 1 523 1 407 1 533 1 137 1 278 1 511 1 757 1 406 1
61 18 13 393 1 648 1 673 1 97 1 73 1 67 1 677 1 118 1 105 1 23 1 66 2 25 2 2 1
37 12 15 166 1 272 1 450 1 550 1 636 1 656 1 262 1 446 3 347 1 380 1 750 1 298 1 335 1 575 2 65 1
83 23 17 376 1 668 1 724 1 119 1 72 1 73 1 67 1 13 1 23 1 66 2 25 2 2 1 700 1 231 2 501 1 18 2 7 1
133 39 36 471 1 546 1 558 1 458 1 16 1 795 1 316 1 286 1 310 1 174 1 376 1 544 1 474 1 559 1 33 1 404 1 59 1 97 1 801 1 104 1 128 1 8 1 107 1 44 1 68 1 6 1 109 1 2 1 799 1 700 1 115 1 720 1 28 1 30 1 790 1 18 1
48 14 22 627 1 690 1 188 1 42 1 60 1 305 1 343 1 187 1 144 1 642 1 473 1 34 1 140 1 309 1 189 1 55 1 198 1 268 1 269 2 342 1 608 1 200 1
//IdTournes NbColis
19 6
//IdColis IdCommandeInColis NbProducts IdProd1 QtyProd1 IdProd2 QtyProd2 ...
147 44 28 140 1 807 1 312 2 621 1 772 1 302 1 281 2 393 1 783 1 460 2 310 2 403 3 555 1 41 1 815 1 461 1 95 3 271 1 171 1 73 2 67 1 66 2 25 2 2 1 790 1 18 3 806 1 814 2
162 51 13 347 1 408 2 40 1 136 1 312 1 88 1 693 1 466 1 271 1 699 1 9 1 30 2 203 2
13 5 19 335 1 299 2 408 2 47 1 273 1 625 1 510 1 689 1 468 1 713 1 717 1 32 2 569 1 718 2 308 1 438 1 407 1 629 1 117 1
53 15 29 310 1 307 1 403 1 585 1 557 1 559 1 725 1 167 1 274 1 395 1 206 1 8 1 73 1 108 1 112 1 11 1 13 2 19 3 29 1 38 1 71 2 75 2 76 2 100 2 68 1 66 2 28 2 30 3 501 1
65 19 26 465 3 158 1 94 1 401 1 467 3 456 2 167 2 274 1 119 1 779 1 178 1 8 1 111 1 112 2 13 2 37 1 71 1 75 1 76 3 233 1 106 1 25 1 2 1 700 1 28 1 30 3
78 22 36 469 1 673 1 65 1 467 1 821 1 456 1 274 1 228 1 15 2 72 1 116 1 10 1 221 1 822 1 8 1 52 1 102 1 67 1 9 1 112 1 71 2 75 2 76 3 234 1 21 1 22 1 184 1 25 1 226 1 2 1 92 1 27 2 70 1 3 1 28 2 30 3
//IdTournes NbColis
20 6
//IdColis IdCommandeInColis NbProducts IdProd1 QtyProd1 IdProd2 QtyProd2 ...
76 22 21 716 1 132 1 134 1 46 1 756 1 54 1 459 1 287 1 607 1 587 1 629 1 643 1 818 1 217 1 275 1 297 2 820 1 278 1 644 1 616 1 63 1
70 21 13 86 1 81 2 279 1 290 1 552 2 382 1 386 1 143 2 53 1 313 2 443 1 332 2 677 1
141 42 15 281 3 556 1 460 1 530 1 544 1 474 1 667 1 465 3 467 1 164 1 205 1 180 1 28 2 30 3 18 4
24 8 22 131 1 134 1 48 1 53 1 472 1 160 1 459 1 287 1 692 1 688 1 671 1 627 1 142 1 683 1 661 1 691 1 144 1 504 1 664 1 473 1 646 1 10 1
51 15 19 197 1 591 1 182 1 574 1 295 1 396 1 40 1 190 1 195 1 584 1 573 1 625 1 713 1 131 1 721 1 152 1 308 1 199 1 10 1
125 37 20 224 1 82 1 552 1 347 1 300 1 463 1 332 1 625 1 714 1 40 1 58 1 793 1 308 1 641 1 459 1 407 1 506 2 535 1 529 1 805 1
//IdTournes NbColis
21 6
//IdColis IdCommandeInColis NbProducts IdProd1 QtyProd1 IdProd2 QtyProd2 ...
155 47 13 556 1 600 1 405 1 544 1 474 1 33 1 755 1 462 1 399 1 10 1 75 1 30 1 203 1
22 7 27 310 1 133 1 530 1 325 2 465 4 467 2 456 2 72 1 128 1 8 1 73 1 175 1 176 1 107 1 13 2 71 1 75 2 89 1 68 1 22 1 69 1 109 2 180 1 2 1 700 1 28 2 30 3
106 30 22 128 1 221 1 8 1 107 1 19 3 37 1 38 2 44 1 71 2 75 2 76 3 79 1 233 2 68 1 23 2 2 1 173 1 179 1 700 1 28 2 30 3 501 1
38 12 18 575 1 47 1 143 1 149 1 150 1 332 2 340 1 592 1 625 1 689 1 763 1 472 1 777 1 721 1 135 1 145 1 697 1 97 1
28 9 16 336 1 460 1 174 1 129 1 83 1 668 2 474 1 462 1 65 1 72 1 73 1 67 1 677 1 29 1 28 2 30 3
11 4 29 730 1 59 1 448 1 4 1 96 1 74 1 103 1 104 1 10 1 73 1 11 3 13 2 29 1 38 1 71 2 75 1 108 1 68 1 22 2 6 1 69 1 109 1 2 1 92 1 27 1 115 1 3 1 28 2 30 3
//IdTournes NbColis
22 6
//IdColis IdCommandeInColis NbProducts IdProd1 QtyProd1 IdProd2 QtyProd2 ...
56 16 10 669 1 33 1 165 1 104 1 21 1 209 1 27 1 203 2 30 2 201 2
124 36 17 158 1 31 1 103 1 120 2 10 1 8 1 204 1 176 1 677 1 14 1 17 1 112 2 105 1 205 1 210 1 28 2 30 3
15 5 13 37 1 44 2 71 2 75 2 76 3 79 1 89 1 100 1 21 1 106 1 3 2 28 2 30 3
86 24 8 233 1 2 1 220 1 115 1 70 1 231 1 28 1 30 3
112 32 9 736 1 31 1 72 1 67 1 66 2 25 2 2 1 784 1 3 1
42 12 10 106 1 184 1 25 1 173 1 5 1 27 2 70 1 170 1 28 2 30 3
//IdTournes NbColis
23 1
//IdColis IdCommandeInColis NbProducts IdProd1 QtyProd1 IdProd2 QtyProd2 ...
69 20 16 104 1 178 1 116 1 10 1 8 1 79 1 112 1 13 2 71 2 75 2 76 3 234 1 22 1 25 1 28 2 30 3
