//NbTournees
4
//IdTournes NbColis
1 6
//IdColis IdCommandeInColis NbProducts IdProd1 QtyProd1 IdProd2 QtyProd2 ...
4 1 18 3 1 23 1 4 1 35 2 203 2 137 1 189 1 198 1 24 2 194 2 6 3 10 2 87 2 51 1 8 3 11 1 1 1 247 1
11 2 19 61 1 23 2 35 2 122 1 203 2 137 2 141 1 198 1 24 1 166 1 10 2 87 2 11 3 20 1 21 2 91 1 75 1 171 1 173 1
18 3 20 84 1 178 1 23 2 122 1 185 1 141 1 198 1 24 1 194 1 10 1 87 3 8 1 11 4 21 3 116 1 170 1 264 2 71 3 260 1 173 1
5 1 21 11 1 20 2 21 2 57 2 105 2 151 1 197 2 199 2 161 2 2 2 13 1 14 2 18 2 71 3 72 3 102 2 100 1 143 1 12 1 52 1 15 1
25 4 23 8 2 11 2 21 2 75 1 116 1 151 1 152 2 161 2 71 2 72 3 223 1 102 2 64 1 65 1 138 1 140 1 143 1 155 1 217 2 221 1 47 1 295 1 280 1
24 4 22 66 1 124 1 70 1 213 2 7 1 31 2 32 1 50 2 61 2 84 2 113 1 23 1 49 2 73 1 35 1 46 1 137 1 141 1 108 2 8 1 71 1 282 2
//IdTournes NbColis
2 6
//IdColis IdCommandeInColis NbProducts IdProd1 QtyProd1 IdProd2 QtyProd2 ...
26 4 42 216 1 287 2 44 1 112 1 292 1 297 2 76 1 171 4 230 1 74 1 150 2 265 5 48 2 42 2 291 1 68 1 157 1 33 1 144 1 158 2 286 1 288 1 173 4 43 1 160 3 149 2 154 3 225 2 146 1 147 1 156 2 135 1 148 2 227 1 285 1 298 2 293 1 296 1 175 1 245 1 247 5 220 5
6 1 31 19 1 15 1 80 1 171 4 270 1 55 2 265 5 157 1 158 2 173 4 278 1 5 1 93 2 160 3 154 3 271 1 156 2 206 1 208 1 281 1 211 2 269 1 254 2 210 1 277 1 279 1 209 1 175 1 280 1 273 1 247 4
13 2 35 29 1 68 1 157 1 33 2 144 1 158 2 173 3 5 1 93 2 119 1 130 1 160 3 131 1 154 3 236 1 127 1 128 1 147 1 156 2 25 1 167 2 248 1 243 2 251 1 254 1 299 1 303 1 268 1 279 1 209 2 301 2 245 1 234 2 305 1 247 3
3 1 24 276 1 195 1 196 1 202 1 101 1 125 2 103 1 153 1 53 1 70 1 98 1 188 1 126 1 192 1 201 1 7 1 16 1 31 2 58 1 32 1 61 2 84 1 17 1 205 1
10 2 20 242 1 169 1 118 2 133 1 196 1 124 1 232 2 153 1 70 1 134 1 162 2 213 1 235 1 7 1 31 2 32 1 90 2 84 1 61 1 247 1
12 2 29 165 1 151 1 197 1 71 3 72 3 168 1 246 1 102 2 143 2 233 1 237 1 238 1 231 1 19 2 26 1 27 1 28 2 34 2 96 1 171 2 270 1 150 3 163 5 239 2 244 1 249 1 85 1 250 2 286 1
//IdTournes NbColis
3 6
//IdColis IdCommandeInColis NbProducts IdProd1 QtyProd1 IdProd2 QtyProd2 ...
17 3 19 41 1 78 1 118 1 179 1 196 1 259 1 124 1 125 2 183 1 81 1 70 2 126 1 184 1 7 1 37 1 16 2 31 3 32 1 61 2
2 1 19 272 2 172 2 174 1 9 1 56 1 59 1 60 1 63 1 99 1 107 1 186 1 187 1 190 1 200 1 204 2 54 1 191 1 58 1 205 1
16 3 20 193 1 120 1 258 1 172 2 174 1 9 1 63 1 82 1 88 1 114 1 181 1 256 1 228 1 79 1 117 2 255 1 215 2 240 1 142 1 173 1
19 3 39 72 3 102 3 123 1 180 1 182 1 257 1 262 1 121 1 176 1 80 1 112 1 171 4 83 1 239 2 163 1 265 4 85 1 38 1 157 1 86 1 158 2 173 2 36 1 119 1 160 3 154 3 263 1 156 2 40 1 135 1 243 1 251 1 254 2 207 1 253 1 268 1 175 1 266 1 247 5
22 4 11 89 2 115 4 69 2 111 1 172 2 174 3 45 2 63 2 67 1 110 1 282 1
15 3 11 261 1 267 1 177 1 39 2 30 2 89 1 62 1 77 1 97 3 115 3 54 1
//IdTournes NbColis
4 5
//IdColis IdCommandeInColis NbProducts IdProd1 QtyProd1 IdProd2 QtyProd2 ...
21 4 11 229 1 284 1 283 1 39 1 212 1 294 1 30 3 62 1 77 2 97 3 153 1
1 1 12 275 1 274 1 106 1 30 3 62 1 97 3 89 1 115 3 193 2 22 1 104 1 207 1
8 2 11 300 1 302 2 274 1 94 1 30 3 89 2 62 1 97 3 115 3 171 1 241 1
23 4 19 60 1 114 1 136 1 145 1 159 1 214 1 222 1 224 1 228 1 289 1 290 1 215 2 218 1 142 1 109 1 139 1 219 1 195 2 226 1
9 2 16 115 1 193 2 172 2 304 1 174 2 252 4 63 1 92 1 95 1 132 3 107 1 164 1 54 1 240 1 129 1 247 1
