//NbTournees
8
//IdTournes NbColis
1 6
//IdColis IdCommandeInColis NbProducts IdProd1 QtyProd1 IdProd2 QtyProd2 ...
39 10 13 220 1 157 1 69 2 200 1 170 2 171 1 19 1 54 1 156 3 26 1 42 2 71 2 163 1
29 7 13 225 1 28 1 157 1 271 3 180 1 170 1 18 1 19 1 54 2 156 2 55 1 42 1 76 1
1 1 8 75 1 78 1 85 1 77 1 43 2 56 1 164 4 74 1
24 6 7 229 1 230 1 233 1 228 1 254 1 43 1 181 3
33 8 22 140 1 141 1 142 1 71 2 189 1 94 1 84 2 112 2 98 1 99 2 188 1 163 2 236 1 45 1 190 1 235 1 8 1 79 1 58 1 4 3 48 1 61 1
26 6 21 217 2 71 1 215 2 179 1 182 1 84 2 112 1 98 1 99 2 33 1 232 1 100 1 76 1 80 1 81 1 83 1 125 2 253 1 45 3 17 2 90 1
//IdTournes NbColis
2 6
//IdColis IdCommandeInColis NbProducts IdProd1 QtyProd1 IdProd2 QtyProd2 ...
32 8 11 233 1 258 1 174 2 157 3 187 1 257 1 42 1 15 1 138 2 139 2 140 1
35 9 12 233 1 56 1 157 2 196 1 170 2 18 1 19 1 54 1 156 2 42 3 15 1 33 1
47 13 9 233 1 238 2 239 1 213 1 216 1 219 1 157 1 121 1 18 1
19 5 12 238 1 264 1 164 2 104 1 174 2 260 1 157 1 272 1 265 1 259 2 18 1 19 1
15 3 16 79 3 93 4 166 1 143 3 38 1 48 1 49 4 68 4 41 4 36 2 16 3 21 2 63 3 120 1 165 1 90 1
16 3 10 67 1 37 1 145 1 47 1 70 1 92 1 96 2 95 1 97 1 144 1
//IdTournes NbColis
3 6
//IdColis IdCommandeInColis NbProducts IdProd1 QtyProd1 IdProd2 QtyProd2 ...
9 2 19 102 1 113 1 147 2 76 2 106 1 81 2 107 1 108 1 83 2 86 1 125 2 126 2 130 2 149 2 22 1 17 3 45 3 152 1 154 1
14 3 17 94 1 84 2 98 2 99 2 112 2 33 4 34 2 101 1 127 1 82 2 100 2 87 2 136 2 146 1 137 1 65 2 79 1
3 1 20 134 1 20 2 11 1 50 1 84 2 112 2 163 2 88 1 127 2 76 2 80 1 81 2 82 1 83 2 86 1 87 1 125 2 126 2 128 1 14 1
21 5 25 99 1 127 1 80 1 81 2 83 1 87 1 125 2 76 1 45 3 17 3 262 1 152 1 154 1 133 2 124 1 248 1 177 1 247 1 4 1 23 1 49 2 48 1 273 1 169 1 172 1
5 1 23 49 1 53 3 118 1 1 1 5 1 2 3 6 3 9 1 10 2 12 2 16 4 21 1 117 1 120 3 132 1 47 1 73 1 7 1 119 2 161 1 70 2 160 1 122 1
10 2 27 114 1 115 1 3 1 58 2 110 1 4 1 23 1 13 1 57 1 48 1 49 1 59 2 53 1 32 2 61 1 1 4 25 1 31 2 16 1 30 2 60 1 29 1 111 1 73 1 109 2 148 1 105 1
//IdTournes NbColis
4 6
//IdColis IdCommandeInColis NbProducts IdProd1 QtyProd1 IdProd2 QtyProd2 ...
18 4 15 126 2 76 1 130 2 152 1 154 1 133 1 45 2 17 1 114 1 169 1 120 1 6 1 10 1 73 1 70 1
37 9 23 126 2 130 2 45 2 17 2 152 1 154 1 202 2 114 1 65 1 243 2 244 1 267 2 193 1 49 1 266 1 53 1 1 1 68 1 269 1 6 3 16 2 73 1 197 1
12 3 9 89 1 91 1 167 2 35 2 40 1 39 3 69 2 72 2 42 1
31 7 16 49 1 118 2 184 1 25 1 68 2 218 1 6 2 10 1 12 1 16 1 120 1 172 2 67 1 29 1 90 1 227 1
40 10 27 84 1 112 1 98 1 99 1 163 1 223 1 76 1 80 1 81 1 83 1 222 1 224 1 146 1 45 2 17 2 202 1 152 1 154 1 133 1 8 1 201 1 10 1 120 1 29 1 221 1 90 2 203 1
7 2 12 103 1 56 2 104 1 28 1 157 2 150 1 62 1 18 1 19 1 54 2 55 1 84 1
//IdTournes NbColis
5 6
//IdColis IdCommandeInColis NbProducts IdProd1 QtyProd1 IdProd2 QtyProd2 ...
36 9 21 268 1 151 1 194 2 198 1 199 1 205 1 215 2 195 2 94 1 84 1 112 1 98 1 99 1 245 1 33 1 127 1 76 2 80 1 81 2 83 2 125 2
43 11 18 99 1 80 1 81 1 83 1 125 1 126 2 130 3 76 1 45 1 17 1 152 1 154 1 133 1 114 2 65 3 204 3 120 1 29 1
46 12 18 222 1 76 1 45 2 17 1 152 1 154 1 133 1 116 1 59 1 208 1 10 1 120 1 29 1 132 1 250 1 207 1 249 1 237 1
49 13 28 112 1 33 1 76 1 80 1 81 1 83 1 125 2 45 2 17 2 152 1 154 1 133 1 242 1 114 1 256 1 65 1 79 1 4 1 193 1 49 1 241 1 1 1 214 2 218 1 41 2 16 1 120 1 30 2
4 1 22 128 1 130 2 17 3 45 3 133 2 152 1 154 1 162 2 124 1 114 1 129 2 8 1 116 1 158 1 159 3 79 1 3 1 44 1 51 1 4 2 13 1 48 1
42 11 15 252 1 157 1 170 1 171 1 19 1 54 1 156 3 15 1 46 3 205 3 94 1 84 1 112 1 98 1 101 1
//IdTournes NbColis
6 6
//IdColis IdCommandeInColis NbProducts IdProd1 QtyProd1 IdProd2 QtyProd2 ...
17 4 20 157 1 150 1 54 1 156 3 170 1 171 1 19 1 42 2 15 1 168 1 94 1 84 1 112 1 98 1 99 1 101 1 80 1 81 1 83 1 125 1
30 7 23 42 1 15 1 46 1 183 1 186 1 64 1 215 1 84 1 112 1 226 1 80 1 81 2 83 1 125 2 45 2 17 2 152 1 154 1 133 2 185 1 270 1 53 1 49 2
45 12 21 157 1 251 1 170 1 171 1 19 1 54 1 156 2 42 2 209 1 211 1 206 1 189 1 94 1 84 1 112 1 98 1 99 1 210 1 80 1 81 1 83 1
50 13 6 29 1 47 1 70 1 212 1 240 1 95 1
34 8 14 48 2 49 2 192 1 61 1 5 2 41 2 12 2 120 1 29 1 191 2 70 1 234 2 131 3 237 1
22 5 17 169 1 175 1 178 2 68 2 218 2 41 2 274 1 24 1 12 2 16 1 261 2 117 1 172 3 173 1 161 3 70 1 246 1
//IdTournes NbColis
7 6
//IdColis IdCommandeInColis NbProducts IdProd1 QtyProd1 IdProd2 QtyProd2 ...
27 6 18 17 1 202 2 152 1 154 1 133 2 231 1 116 3 3 1 118 5 68 1 41 1 10 1 12 1 16 1 120 1 172 3 29 1 47 1
8 2 14 55 2 153 2 156 1 26 2 42 3 15 1 71 2 155 2 27 2 151 1 84 1 112 2 127 1 24 1
20 5 14 55 3 54 2 156 3 42 4 15 1 135 1 176 1 268 1 263 1 134 1 84 1 112 1 98 1 99 1
48 13 13 121 1 19 1 54 1 156 2 55 2 26 5 42 2 71 1 211 1 205 3 20 1 84 1 30 1
6 1 2 123 1 131 1
13 3 11 72 1 42 2 138 2 139 2 140 2 141 2 142 1 71 4 135 4 64 1 66 1
//IdTournes NbColis
8 2
//IdColis IdCommandeInColis NbProducts IdProd1 QtyProd1 IdProd2 QtyProd2 ...
25 6 12 216 1 157 1 255 1 180 1 150 1 18 1 19 1 54 2 156 3 55 3 42 3 15 1
2 1 12 121 2 157 1 18 1 19 1 54 2 55 3 156 3 42 3 15 1 46 1 52 1 163 1
