//NbTournees
3
//IdTournes NbColis
1 6
//IdColis IdCommandeInColis NbProducts IdProd1 QtyProd1 IdProd2 QtyProd2 ...
4 1 35 117 1 149 1 154 1 1 1 2 1 26 1 32 1 231 1 153 1 234 1 249 1 11 1 81 1 113 1 119 1 120 1 212 1 242 1 257 1 158 1 232 1 214 1 6 2 30 2 34 1 48 2 58 2 63 2 88 1 134 1 36 1 255 1 175 1 180 1 137 2
6 2 21 182 1 12 2 118 1 129 1 4 3 25 3 8 1 3 1 45 1 122 1 46 1 80 2 95 1 164 1 44 1 104 1 183 1 2 1 162 1 193 1 137 1
2 1 22 252 2 75 1 169 1 105 1 4 2 7 2 16 1 28 1 74 1 8 1 83 1 86 1 87 1 109 1 128 1 150 1 165 1 208 1 218 1 121 1 3 1 142 1
9 3 18 33 1 12 2 118 1 47 1 245 1 4 3 25 3 51 1 67 1 8 1 83 1 170 1 213 1 152 1 107 2 3 1 161 1 221 1
12 4 15 110 1 197 1 84 2 73 1 12 2 118 1 47 1 204 1 4 3 25 3 52 2 29 1 8 1 83 1 180 1
16 5 16 41 1 13 1 15 1 40 1 230 1 12 2 118 1 210 1 4 3 25 3 14 1 16 1 20 1 21 1 28 1 38 1
//IdTournes NbColis
2 6
//IdColis IdCommandeInColis NbProducts IdProd1 QtyProd1 IdProd2 QtyProd2 ...
7 2 38 49 1 116 1 37 1 59 1 94 1 5 1 158 2 194 1 30 3 34 3 48 3 58 3 63 3 91 3 192 1 65 2 141 2 196 1 176 1 186 1 195 1 180 2 188 1 189 2 190 1 184 1 160 2 178 2 143 3 185 2 191 1 179 3 181 2 148 1 137 3 138 1 172 5 187 5
18 5 24 23 1 43 1 151 1 68 1 32 2 53 3 60 1 42 1 69 1 114 1 5 1 22 1 56 1 70 1 119 1 155 1 158 1 30 2 34 3 48 3 58 3 63 3 91 3 138 1
17 5 23 52 1 92 1 102 1 8 1 17 1 39 1 90 1 97 1 106 1 217 1 152 1 112 1 71 1 166 1 161 1 61 1 168 1 54 1 62 1 64 1 66 1 124 1 227 1
10 3 27 98 1 66 1 111 1 259 1 32 1 53 2 49 1 69 1 59 1 94 1 153 1 234 1 31 1 163 1 219 1 225 1 9 1 194 1 30 3 34 3 48 3 58 3 63 3 91 3 93 2 167 1 209 1
1 1 11 240 1 220 1 262 1 263 1 265 1 264 1 35 2 77 1 10 2 99 1 115 1
13 4 24 87 1 90 1 198 1 170 1 243 1 125 1 107 1 157 1 224 1 55 1 96 1 54 1 66 2 200 1 76 1 162 1 32 3 53 1 37 1 249 1 11 2 27 1 123 1 119 1
//IdTournes NbColis
3 5
//IdColis IdCommandeInColis NbProducts IdProd1 QtyProd1 IdProd2 QtyProd2 ...
3 1 21 85 1 24 1 72 1 100 1 103 1 127 1 156 1 157 1 215 1 78 1 18 1 19 1 79 1 82 1 89 1 126 1 206 1 211 1 95 2 50 1 137 2
14 4 43 199 1 203 1 207 1 108 1 34 3 48 3 58 3 63 2 91 3 192 1 246 2 222 1 65 3 101 5 141 1 186 1 253 1 180 1 188 1 189 2 190 1 250 1 251 1 260 1 174 1 248 1 146 1 205 1 160 1 143 3 185 2 201 1 223 1 202 1 256 1 179 3 181 2 238 1 159 1 137 3 172 5 187 5 261 1
11 3 29 57 1 65 1 209 1 101 2 195 1 254 1 133 1 180 2 188 1 189 2 190 1 226 1 250 1 251 1 174 1 145 1 160 3 178 3 143 3 185 2 139 1 233 1 191 1 179 3 181 2 137 4 138 1 172 5 187 5
19 5 25 93 1 192 2 167 2 57 1 131 1 134 1 101 1 147 1 236 1 254 1 180 2 188 1 189 2 190 1 136 2 132 1 146 2 160 1 178 3 143 3 185 2 144 1 159 1 172 5 187 5
5 1 32 235 1 180 1 188 1 189 2 190 1 130 1 132 1 237 2 145 3 146 2 177 2 216 1 239 1 244 1 247 1 171 2 140 1 135 1 266 1 258 1 173 1 142 1 143 3 185 2 241 1 229 1 179 2 137 1 138 2 172 5 228 1 187 5
