//NbTournees
4
//IdTournes NbColis
1 6
//IdColis IdCommandeInColis NbProducts IdProd1 QtyProd1 IdProd2 QtyProd2 ...
3 1 20 238 1 241 1 297 2 306 2 228 1 256 1 261 1 224 1 257 1 35 1 282 1 290 1 310 1 2 5 202 1 280 1 209 1 276 1 232 1 247 1
11 2 23 280 1 46 1 43 1 276 2 287 1 286 1 56 2 207 2 283 1 289 4 292 1 151 1 162 1 51 1 33 1 154 2 237 1 239 1 211 1 269 1 281 1 78 1 157 1
20 3 52 77 3 148 1 64 1 75 2 155 1 166 2 348 1 160 1 319 2 284 1 291 1 268 1 318 1 260 1 317 1 320 1 143 1 98 1 312 1 5 1 84 1 85 1 13 1 28 1 48 1 91 1 93 1 99 1 120 1 123 1 266 1 86 1 188 1 129 1 194 1 156 1 176 2 165 1 265 1 79 2 80 1 100 1 1 1 248 1 89 1 236 1 127 1 82 1 158 1 182 1 9 6 88 3
5 1 60 131 1 295 1 304 1 177 2 128 1 155 1 221 2 74 1 75 2 294 1 299 1 11 1 160 1 189 2 103 1 36 1 161 1 284 1 302 1 291 1 31 1 260 2 17 1 279 1 296 1 143 2 179 1 26 1 307 1 5 3 219 1 30 1 300 1 101 1 13 1 27 1 28 1 22 1 24 1 169 1 120 1 123 2 188 1 190 1 220 1 186 1 229 2 156 1 7 2 165 1 1 1 4 1 10 1 223 1 227 1 89 1 222 2 9 5 136 1 88 1
12 2 66 78 4 245 1 144 1 41 1 146 1 77 4 131 1 273 1 104 1 148 1 74 1 75 2 155 1 166 2 11 1 139 1 147 1 160 1 103 1 161 1 199 1 284 1 291 2 279 1 337 1 115 1 134 1 143 1 271 1 30 1 150 1 234 1 101 1 85 1 119 1 48 1 58 1 110 1 49 1 120 2 133 2 130 1 169 1 288 1 132 1 129 1 167 1 105 1 235 1 102 1 156 1 140 1 7 1 83 1 163 1 164 1 137 1 165 1 100 1 107 1 135 1 89 1 152 2 236 1 158 1 9 6
24 4 35 209 1 43 1 287 1 207 2 324 1 289 1 326 1 328 1 97 1 211 1 212 1 33 2 78 4 144 3 34 1 77 4 177 1 128 1 64 1 199 1 284 1 291 1 172 1 317 1 143 1 179 1 331 1 332 1 5 1 330 1 119 1 122 1 120 1 123 1 129 1
//IdTournes NbColis
2 6
//IdColis IdCommandeInColis NbProducts IdProd1 QtyProd1 IdProd2 QtyProd2 ...
17 3 21 61 1 263 1 346 1 38 1 72 2 224 2 251 2 313 1 350 1 60 1 66 1 68 1 69 1 70 1 35 1 90 1 96 1 254 1 341 1 311 1 83 2
10 2 22 47 1 50 1 53 1 54 1 57 2 108 1 340 1 206 1 272 1 274 1 275 1 277 1 282 1 290 1 310 1 338 1 2 5 202 1 45 1 109 1 278 1 83 1
18 3 21 206 1 274 2 277 1 315 1 282 2 290 1 310 1 171 5 202 1 342 1 95 1 280 1 46 1 87 1 287 2 63 1 25 1 56 1 207 1 289 2 193 1
19 3 28 289 2 292 1 73 1 151 1 59 1 67 1 32 1 33 1 97 1 192 1 239 1 211 2 212 1 323 1 249 2 314 1 344 1 78 5 157 2 144 3 41 1 65 2 34 1 316 1 77 1 148 1 74 1 89 1
23 4 24 200 1 203 2 121 1 325 1 92 2 204 1 125 1 215 1 329 1 327 1 170 1 66 1 69 1 96 1 206 1 44 1 282 1 290 1 310 1 171 3 2 2 202 1 45 1 99 1
4 1 25 25 1 207 2 289 1 29 1 32 1 33 1 218 2 211 1 262 1 305 1 298 1 249 2 78 5 247 2 144 2 20 1 34 1 8 2 21 1 77 4 19 1 131 2 76 1 9 1 231 1
//IdTournes NbColis
3 6
//IdColis IdCommandeInColis NbProducts IdProd1 QtyProd1 IdProd2 QtyProd2 ...
2 1 21 303 1 308 1 6 1 301 1 217 1 14 1 259 4 116 1 230 1 309 1 285 2 3 1 12 1 15 1 16 1 23 1 226 1 258 1 225 1 76 1 158 1
8 2 17 309 2 285 2 37 1 39 1 52 1 111 2 94 2 112 1 226 1 238 2 241 1 242 1 333 1 149 1 76 2 83 1 88 1
15 3 21 138 1 81 1 308 1 343 1 217 1 14 1 116 2 309 1 285 2 12 1 62 1 71 1 92 2 94 2 246 1 250 1 226 1 125 1 196 1 76 2 83 1
16 3 16 252 1 253 1 241 1 255 2 264 1 321 1 322 1 334 1 345 1 347 2 306 3 349 1 339 1 228 1 256 1 247 1
9 2 15 334 2 23 2 335 1 336 1 306 3 339 1 55 1 114 1 113 1 240 2 243 1 244 1 38 1 293 1 44 1
7 2 16 168 1 141 1 106 1 142 1 233 1 42 1 153 1 138 1 81 1 270 1 40 1 159 2 14 2 116 1 230 2 145 1
//IdTournes NbColis
4 5
//IdColis IdCommandeInColis NbProducts IdProd1 QtyProd1 IdProd2 QtyProd2 ...
1 1 14 173 1 168 1 191 1 197 1 141 1 142 1 180 1 185 1 175 2 153 1 138 1 187 1 18 1 206 1
22 4 14 173 1 181 1 197 1 141 1 174 1 184 1 180 1 42 1 175 3 153 2 116 1 200 1 78 1 127 1
25 4 28 124 1 130 1 22 1 205 1 126 1 210 1 213 1 198 1 201 1 216 1 156 1 176 1 7 1 117 1 183 2 83 2 165 1 118 1 178 1 100 1 89 1 214 1 158 1 182 1 9 6 208 1 136 1 88 1
13 2 2 208 2 136 2
14 3 10 267 2 173 1 181 1 141 1 195 1 233 1 185 1 153 3 187 1 228 1
