//NbTournees
4
//IdTournes NbColis
1 6
//IdColis IdCommandeInColis NbProducts IdProd1 QtyProd1 IdProd2 QtyProd2 ...
2 1 33 36 1 60 1 66 1 70 1 74 1 76 1 90 1 95 1 103 1 47 1 100 1 21 1 28 1 40 1 41 1 73 1 99 1 196 1 168 1 27 1 63 1 89 1 94 1 80 2 93 1 182 1 175 1 105 1 38 1 1 1 8 1 19 1 55 1
6 2 35 17 2 18 1 23 1 28 1 40 1 43 1 49 2 78 2 73 1 146 1 63 1 115 2 94 1 80 2 110 1 93 1 153 1 133 1 151 1 184 1 38 1 39 1 114 1 1 1 19 1 171 1 30 1 56 1 104 1 170 1 179 1 161 1 194 2 195 2 188 1
10 3 31 17 2 18 1 23 1 28 1 40 1 43 1 49 2 78 2 41 1 73 1 5 1 185 1 27 1 63 1 80 2 153 1 125 1 192 1 38 1 39 1 189 1 1 1 19 1 55 1 30 1 56 1 104 1 149 1 170 1 165 1 194 1
15 4 39 17 2 23 1 57 1 40 1 49 2 78 2 118 2 73 1 145 1 123 1 132 1 80 2 110 1 120 1 130 1 93 1 137 1 133 2 54 1 175 1 180 1 155 1 181 1 152 1 32 1 38 1 39 1 169 1 1 1 15 1 19 1 30 1 56 1 162 1 167 1 178 1 164 2 165 1 174 2
18 5 30 60 1 66 1 69 1 70 1 76 1 79 2 85 1 135 1 10 2 18 1 22 1 28 1 34 1 40 2 43 1 67 1 73 1 173 1 190 1 82 1 80 2 172 1 151 1 176 1 38 1 39 1 1 1 19 1 30 1 56 1
21 6 29 60 1 66 1 69 1 71 1 76 1 84 1 7 2 17 2 18 1 23 1 28 1 40 1 43 1 49 2 77 1 78 2 83 1 25 1 63 1 80 1 54 2 91 1 38 1 39 1 1 1 19 1 37 1 30 1 56 1
//IdTournes NbColis
2 6
//IdColis IdCommandeInColis NbProducts IdProd1 QtyProd1 IdProd2 QtyProd2 ...
9 3 23 61 1 45 1 2 1 3 1 4 1 9 1 29 1 31 1 33 1 36 1 51 1 53 1 59 1 42 1 60 1 66 1 76 1 79 1 112 1 69 1 70 1 138 1 7 1
1 1 13 20 1 44 1 68 1 96 1 92 1 101 1 46 1 102 1 6 1 9 1 31 1 35 1 186 1
5 2 21 14 1 24 1 29 2 31 1 36 1 42 1 60 1 53 1 79 1 66 1 69 1 70 1 116 1 76 1 150 1 85 1 159 1 135 3 154 1 7 2 41 1
8 3 12 44 1 111 1 157 1 127 1 129 2 121 1 16 2 50 2 58 1 61 1 7 1 183 1
14 4 23 42 1 62 1 75 1 76 1 66 1 69 1 140 1 143 1 113 2 117 1 141 1 119 1 124 1 131 1 134 1 147 2 148 1 64 1 100 1 144 2 7 2 11 1 126 1
4 2 11 13 1 44 1 26 2 16 2 58 1 61 2 45 1 50 2 9 1 14 1 161 1
//IdTournes NbColis
3 6
//IdColis IdCommandeInColis NbProducts IdProd1 QtyProd1 IdProd2 QtyProd2 ...
17 5 14 44 1 48 1 72 1 97 1 86 1 87 2 52 1 9 2 29 1 31 1 36 1 42 1 53 1 41 1
12 4 8 20 1 44 1 12 1 65 1 109 1 136 1 157 1 16 1
13 4 14 142 2 122 1 129 1 121 1 139 1 81 2 128 1 16 1 50 2 58 1 61 2 45 1 31 1 51 1
20 6 13 44 1 98 1 88 1 81 2 16 2 45 1 50 2 58 1 61 2 29 1 36 1 53 1 70 1
3 1 16 158 1 193 1 106 2 107 1 156 3 163 2 30 1 56 1 104 1 170 1 108 1 160 1 164 1 166 2 187 1 194 1
19 5 6 104 1 170 1 164 1 165 4 187 1 191 1
//IdTournes NbColis
4 1
//IdColis IdCommandeInColis NbProducts IdProd1 QtyProd1 IdProd2 QtyProd2 ...
16 4 2 177 1 188 1
