//NbTournees
25
//IdTournes NbColis
1 6
//IdColis IdCommandeInColis NbProducts IdProd1 QtyProd1 IdProd2 QtyProd2 ...
2 1 16 243 1 438 1 420 2 286 1 298 1 354 1 167 1 137 2 211 3 61 3 139 1 200 1 205 1 241 1 214 1 136 1
9 2 18 618 1 157 1 160 1 298 1 354 1 169 2 237 1 193 1 439 1 438 1 421 1 428 1 309 1 431 1 252 1 137 3 89 1 66 1
28 6 19 150 1 189 1 204 1 160 1 184 1 187 1 298 1 351 1 252 1 137 1 211 3 215 1 61 1 183 1 194 1 139 1 199 1 20 1 51 1
40 10 20 115 1 121 1 508 1 97 1 187 1 271 1 298 1 309 1 137 1 211 1 215 1 194 1 214 1 302 1 536 1 480 1 36 1 389 1 147 1 40 1
43 11 19 98 1 96 1 511 4 428 1 298 1 309 1 137 1 211 1 199 1 480 1 36 1 49 1 284 1 209 1 221 1 476 1 145 1 147 2 156 1
49 13 26 95 1 96 1 271 1 298 1 309 1 61 2 199 2 36 1 478 1 168 1 206 1 324 1 136 1 495 1 500 1 336 1 259 1 1 1 55 2 58 1 85 1 142 1 330 1 73 1 66 1 507 1
//IdTournes NbColis
2 6
//IdColis IdCommandeInColis NbProducts IdProd1 QtyProd1 IdProd2 QtyProd2 ...
59 16 22 42 1 127 1 382 1 207 1 172 1 177 1 180 1 186 1 197 1 309 1 569 1 470 1 137 1 165 1 205 1 405 1 138 1 144 1 478 1 162 1 171 1 588 1
62 17 19 122 1 133 1 288 1 298 1 309 1 351 1 354 1 137 2 211 1 215 1 273 1 214 1 301 1 472 1 49 1 175 1 397 1 292 1 66 1
67 19 21 150 1 189 1 402 1 208 1 135 1 152 1 154 1 172 1 177 1 180 1 186 1 197 1 218 1 438 1 421 1 199 2 212 1 639 1 61 1 206 1 25 1
71 20 19 197 1 438 1 417 1 421 1 426 1 431 1 470 1 490 1 137 1 335 1 211 3 215 1 188 1 139 1 327 1 272 1 199 1 61 1 1 1
77 21 20 252 2 137 1 362 2 188 1 241 1 301 1 302 1 61 2 427 1 89 1 478 1 240 1 244 1 140 1 255 1 168 1 352 1 304 1 518 1 178 1
122 32 19 365 1 381 1 180 1 376 1 354 1 187 1 426 1 428 1 367 1 137 1 211 2 215 3 293 1 183 2 635 1 558 1 648 1 573 1 523 1
//IdTournes NbColis
3 6
//IdColis IdCommandeInColis NbProducts IdProd1 QtyProd1 IdProd2 QtyProd2 ...
154 41 31 135 1 363 1 172 1 177 1 180 1 197 1 493 1 496 1 491 1 339 1 497 1 318 1 320 1 321 1 223 1 224 1 225 1 501 1 111 1 8 1 10 1 502 1 503 1 504 1 32 1 40 1 54 1 70 1 63 1 51 1 24 4
156 42 27 262 1 253 1 136 1 145 1 350 1 495 1 242 2 210 1 434 1 58 1 451 1 35 2 66 3 155 1 394 1 509 1 8 1 10 1 18 1 502 2 503 2 504 2 32 1 40 1 54 2 63 1 59 2
18 3 19 226 1 248 2 253 1 147 1 156 1 170 1 278 1 242 2 247 2 350 1 210 2 7 1 494 1 67 1 557 1 434 1 9 1 55 4 58 3
26 5 25 485 1 138 1 478 1 284 1 292 1 221 1 226 2 145 1 147 1 156 1 163 1 432 1 246 2 519 1 494 1 178 1 9 1 55 2 58 2 88 1 93 1 85 1 35 1 87 1 525 2
78 21 34 324 1 249 2 251 2 226 1 369 1 202 1 303 1 606 1 233 1 500 1 336 1 178 1 615 1 55 1 58 1 378 1 451 1 274 1 73 2 614 1 78 1 357 1 101 1 66 4 155 1 232 1 113 1 8 1 10 1 12 2 13 2 17 2 32 1 40 1
82 22 20 620 1 483 1 226 1 253 1 454 2 242 1 246 2 210 1 350 2 495 1 148 3 434 1 55 1 58 2 73 1 47 1 26 1 48 1 80 2 3 1
//IdTournes NbColis
4 6
//IdColis IdCommandeInColis NbProducts IdProd1 QtyProd1 IdProd2 QtyProd2 ...
87 23 18 292 1 296 1 249 3 352 1 251 1 452 1 483 1 383 1 226 1 181 2 454 2 156 1 163 1 266 1 190 1 311 1 62 1 25 2
91 24 17 564 1 42 1 96 1 120 1 453 1 333 1 157 1 237 1 238 2 243 1 329 1 261 1 265 1 172 1 269 1 177 1 226 1
158 43 20 689 1 511 2 298 1 468 1 405 1 485 1 144 1 140 1 275 1 292 1 518 1 226 1 248 1 145 2 156 2 163 1 432 2 55 1 46 1 51 1
3 1 18 214 2 212 1 405 1 299 1 450 1 430 1 468 1 605 2 472 1 138 1 144 1 179 1 203 1 285 1 146 1 49 1 140 1 28 1
17 3 16 211 3 183 2 194 1 199 1 442 2 585 1 590 1 138 1 144 1 517 1 239 1 275 1 221 1 443 1 458 1 85 1
29 6 20 302 1 485 1 442 1 138 1 285 1 209 1 452 1 481 1 324 1 425 1 251 1 604 1 145 2 147 2 156 1 163 1 391 1 202 1 315 1 359 1
//IdTournes NbColis
5 6
//IdColis IdCommandeInColis NbProducts IdProd1 QtyProd1 IdProd2 QtyProd2 ...
86 23 14 188 1 139 1 256 1 258 1 272 1 424 3 214 3 212 1 485 1 488 1 658 1 138 1 240 1 45 1
97 25 26 172 1 177 1 279 1 197 2 322 1 267 1 276 1 306 1 310 1 138 1 285 1 140 1 323 1 266 1 268 1 674 1 313 1 318 1 319 1 320 1 321 1 224 1 225 1 281 1 35 1 24 2
99 26 23 189 1 245 1 402 1 637 1 207 1 154 1 172 1 177 1 180 1 197 1 287 1 302 1 194 1 635 1 472 1 61 2 138 1 203 1 307 1 168 1 278 1 8 1 642 1
102 27 24 511 3 609 1 312 1 453 1 260 1 264 1 265 1 172 1 177 1 180 1 197 1 289 1 449 1 520 1 165 1 273 1 199 1 183 1 450 1 138 1 255 1 67 1 578 1 523 1
32 7 19 564 1 100 1 511 3 382 1 176 1 271 1 298 1 309 1 520 1 167 1 522 1 61 2 139 1 256 1 515 1 478 1 168 1 66 1 51 1
56 15 19 243 1 431 1 380 1 139 1 331 1 205 1 299 1 183 1 188 1 194 1 214 1 427 1 430 1 621 1 179 1 571 1 162 1 79 1 25 3
//IdTournes NbColis
6 6
//IdColis IdCommandeInColis NbProducts IdProd1 QtyProd1 IdProd2 QtyProd2 ...
81 22 19 250 1 139 1 205 1 212 1 301 1 472 1 341 1 478 2 249 1 251 1 339 1 343 1 209 1 292 1 346 1 353 1 314 1 518 1 46 1
106 28 19 286 1 298 1 308 1 309 1 282 1 139 1 293 1 299 1 301 1 302 1 214 1 250 2 472 1 485 1 168 1 284 1 296 1 249 1 51 1
108 28 25 451 1 85 2 73 1 35 2 47 1 81 1 48 1 87 1 66 5 5 1 83 1 540 1 254 1 151 1 6 1 8 1 125 1 11 2 13 2 21 2 29 1 54 2 63 1 45 1 68 1
110 29 21 167 1 475 1 139 1 337 1 241 1 423 1 488 1 285 1 478 1 140 1 168 1 284 1 342 1 425 1 251 1 460 1 316 1 323 1 486 1 202 1 684 1
113 30 19 665 1 312 1 453 1 286 1 298 1 309 1 139 1 256 1 258 1 199 1 205 1 302 2 349 1 556 1 558 1 639 1 347 1 1 1 663 1
161 44 31 264 1 271 1 298 1 309 1 351 1 529 1 273 1 277 1 139 1 296 1 533 1 55 2 58 1 88 1 528 1 48 2 80 2 66 4 111 1 6 1 8 1 11 2 13 2 21 2 29 1 32 1 54 2 63 1 59 1 62 1 506 1
//IdTournes NbColis
7 6
//IdColis IdCommandeInColis NbProducts IdProd1 QtyProd1 IdProd2 QtyProd2 ...
11 2 16 556 1 622 1 140 2 255 1 168 1 182 1 284 1 353 1 221 1 316 1 240 1 440 2 249 2 458 3 251 2 57 1
72 20 19 205 1 430 1 459 1 405 1 299 1 472 1 480 1 621 1 679 1 140 1 255 1 284 1 209 1 425 1 249 1 251 2 296 1 452 1 156 1
93 24 18 468 1 612 1 621 1 140 1 325 1 162 1 168 1 209 1 292 1 295 1 452 1 383 1 457 1 249 2 433 3 156 1 79 1 25 2
114 30 35 348 1 140 1 255 1 296 1 352 1 518 1 383 1 486 1 660 1 336 1 259 1 55 1 85 1 53 1 81 1 66 5 326 1 8 1 10 1 16 1 18 1 23 1 102 2 502 2 503 2 504 2 32 1 40 1 54 2 71 1 543 1 63 1 59 1 57 1 562 2
118 31 21 214 1 586 1 467 1 638 1 203 1 517 1 140 1 161 1 168 1 171 1 275 1 292 1 346 1 297 1 304 1 240 2 446 1 249 1 251 1 55 1 12 1
149 39 30 407 1 249 2 433 1 140 1 182 1 253 1 147 1 163 1 336 2 55 2 58 1 142 1 37 1 73 1 357 1 48 1 66 4 113 1 540 1 8 1 10 1 12 2 13 2 17 2 32 1 40 1 54 2 543 1 68 1 539 1
//IdTournes NbColis
8 6
//IdColis IdCommandeInColis NbProducts IdProd1 QtyProd1 IdProd2 QtyProd2 ...
41 10 34 144 1 255 1 385 1 352 1 221 1 535 1 486 1 324 1 156 1 163 1 432 1 247 1 210 1 494 1 55 2 58 1 85 1 330 1 531 1 53 1 76 1 66 5 113 1 538 1 22 2 8 1 10 1 102 2 107 1 54 2 11 2 13 2 21 1 506 1
123 32 21 384 1 646 1 370 1 517 1 255 1 182 2 375 1 314 1 316 1 589 1 476 1 383 1 253 1 263 1 170 1 340 1 147 1 156 2 163 1 318 1 25 1
126 33 15 150 3 185 2 189 1 685 1 511 2 355 1 312 1 441 1 462 2 157 1 298 1 309 1 236 2 215 1 506 1
33 7 29 314 1 221 1 316 1 518 1 486 1 163 1 432 1 494 1 512 1 85 1 280 1 555 1 81 1 50 1 101 2 66 3 8 1 10 1 12 2 13 2 17 2 32 1 40 1 54 2 70 1 45 2 59 2 524 1 523 1
133 34 26 225 1 320 2 666 1 580 1 356 1 378 1 35 1 81 1 600 1 8 1 10 1 547 1 102 1 502 2 503 2 504 2 32 1 40 1 54 2 661 1 63 1 69 1 114 1 574 1 24 4 507 1
22 4 25 277 1 212 1 556 1 144 1 325 1 385 1 346 1 295 1 296 1 533 1 588 1 396 1 291 1 455 1 411 1 86 1 334 1 395 1 318 1 320 1 321 1 223 2 224 1 87 1 596 1
//IdTournes NbColis
9 6
//IdColis IdCommandeInColis NbProducts IdProd1 QtyProd1 IdProd2 QtyProd2 ...
6 1 34 294 1 213 1 555 2 451 1 499 1 153 2 35 1 447 1 65 1 231 1 87 1 66 5 155 2 19 1 159 1 633 1 394 2 8 1 10 1 18 1 12 2 13 2 17 2 32 1 40 1 54 2 71 1 77 1 63 2 34 1 52 1 59 2 616 1 141 1
19 3 38 58 1 75 1 84 3 88 1 93 1 492 1 280 1 516 1 37 1 73 2 35 2 47 2 53 1 78 1 81 1 46 1 48 1 80 1 599 1 44 1 66 5 43 1 550 1 151 1 8 1 10 1 12 2 13 2 17 2 32 1 40 1 54 2 2 1 64 2 69 1 45 2 52 1 141 1
47 12 27 457 1 446 1 425 1 30 1 156 2 404 1 495 1 521 1 542 1 103 1 66 5 8 1 10 1 40 1 54 2 502 2 503 2 504 2 32 1 45 1 59 1 104 1 141 1 106 1 108 1 560 1 110 2
30 6 38 519 1 178 1 602 1 55 4 58 2 72 2 88 1 164 1 142 1 328 1 174 1 196 1 603 1 73 1 158 1 78 1 81 1 46 1 50 2 76 1 66 5 5 1 19 1 513 1 151 1 526 1 8 1 10 1 12 2 13 2 17 2 32 1 40 1 54 2 15 1 64 2 548 2 510 1
68 19 29 168 1 634 1 636 1 476 1 483 1 223 2 224 1 225 1 318 1 320 1 321 1 9 1 55 2 58 4 142 1 174 1 198 1 213 1 216 1 542 1 85 1 73 2 92 1 81 1 87 1 129 1 6 1 8 1 11 2
95 24 19 225 1 41 1 142 1 328 1 174 1 270 2 8 1 10 1 12 1 13 2 17 2 32 1 40 1 54 2 63 2 64 1 45 1 510 1 24 2
//IdTournes NbColis
10 6
//IdColis IdCommandeInColis NbProducts IdProd1 QtyProd1 IdProd2 QtyProd2 ...
120 31 29 477 1 55 1 37 1 47 2 65 1 48 2 364 1 66 3 155 1 5 1 19 1 358 1 394 1 8 1 10 1 13 2 17 2 32 1 40 1 54 2 643 1 651 1 45 1 117 1 560 1 104 1 106 1 108 1 110 2
136 35 17 48 1 66 3 358 1 8 1 10 1 623 1 18 1 12 1 13 1 17 1 32 1 40 1 54 1 70 2 63 1 68 1 624 1
159 43 34 359 1 336 1 55 2 58 2 84 2 88 1 73 1 94 1 35 1 447 1 92 1 78 2 530 1 81 1 48 1 50 1 4 1 44 1 66 5 22 1 358 1 526 1 105 1 8 1 10 1 23 1 11 2 13 2 21 2 32 1 40 1 54 2 45 1 59 1
130 33 41 411 1 210 1 259 1 148 1 387 1 437 1 217 1 466 1 477 2 55 3 58 1 88 2 668 1 47 1 366 1 78 1 386 1 66 4 155 1 232 1 5 1 435 1 677 1 678 1 8 1 10 1 3 1 502 2 503 2 504 2 32 1 40 1 54 2 114 2 652 1 117 1 505 2 104 1 106 1 108 1 110 2
5 1 21 202 1 300 1 311 1 246 1 350 2 495 1 444 1 178 1 143 1 148 1 230 1 191 2 217 2 557 1 434 2 482 1 55 3 58 2 85 2 234 2 219 1
139 36 43 615 1 143 1 557 1 222 1 67 2 55 4 58 2 281 1 283 1 398 1 399 1 400 1 607 1 274 1 35 1 50 1 66 5 159 2 232 1 5 1 19 1 22 1 43 2 550 1 105 1 6 1 8 1 3 2 11 2 13 2 21 2 32 1 40 1 54 2 69 1 45 1 52 1 59 1 104 1 106 1 108 1 110 2 506 3
//IdTournes NbColis
11 6
//IdColis IdCommandeInColis NbProducts IdProd1 QtyProd1 IdProd2 QtyProd2 ...
142 37 19 424 2 408 1 406 1 467 1 472 1 558 1 485 1 144 1 341 1 348 1 478 1 388 1 392 1 206 1 346 1 353 1 221 1 316 1 649 1
146 38 20 514 1 393 1 298 1 309 1 380 1 532 1 250 1 144 1 161 1 284 1 209 1 296 1 533 1 324 1 457 1 181 1 253 1 147 2 156 1 50 1
155 42 20 549 1 150 1 185 1 377 1 288 1 298 1 309 1 380 1 238 1 252 1 194 1 144 1 168 1 171 1 206 1 352 1 353 1 483 1 66 1 506 1
12 2 13 452 2 476 1 481 1 253 1 145 1 227 3 156 4 163 3 619 1 359 1 350 2 242 3 57 1
53 14 33 251 1 145 1 246 2 210 2 568 1 482 1 55 2 58 1 84 1 93 2 9 1 551 1 555 2 451 1 73 1 35 2 630 2 46 1 48 1 50 1 231 1 87 1 66 5 155 5 19 1 8 1 10 1 40 1 54 2 12 2 13 2 17 2 627 1
119 31 17 323 1 383 1 181 1 253 1 278 1 145 2 147 1 572 1 379 1 242 4 246 4 210 1 411 1 444 1 559 1 178 1 66 1
//IdTournes NbColis
12 6
//IdColis IdCommandeInColis NbProducts IdProd1 QtyProd1 IdProd2 QtyProd2 ...
129 33 17 458 3 535 1 497 1 481 1 483 1 181 1 253 2 145 1 147 1 156 1 163 2 473 2 667 1 379 2 350 1 410 1 66 1
134 35 20 121 1 691 1 312 1 618 1 286 1 617 1 360 1 205 1 212 1 406 1 408 1 467 1 36 1 389 1 168 1 343 1 209 1 346 1 145 1 51 2
173 51 10 75 1 234 1 37 2 73 5 694 4 53 2 66 6 692 8 8 2 54 4
63 17 34 304 1 352 1 324 1 147 1 156 2 163 1 210 2 495 1 500 1 148 2 191 1 217 2 222 1 55 1 58 2 219 1 73 1 46 1 66 4 159 1 28 1 119 1 8 1 10 1 54 2 11 2 13 2 21 2 32 1 40 1 45 1 524 1 562 1 51 1
103 27 24 292 1 249 2 433 1 497 1 263 1 303 1 315 1 147 1 156 1 192 1 290 1 291 1 242 2 546 1 608 1 318 1 319 2 320 1 321 1 224 1 225 1 545 1 111 1 25 1
135 35 27 304 1 221 1 452 1 518 1 481 1 483 1 323 1 383 1 486 1 324 1 49 1 147 1 163 1 572 1 411 1 336 1 259 1 631 1 58 1 88 1 687 2 85 2 274 1 688 1 629 1 66 1 525 1
//IdTournes NbColis
13 6
//IdColis IdCommandeInColis NbProducts IdProd1 QtyProd1 IdProd2 QtyProd2 ...
100 26 38 275 1 209 1 295 1 316 1 324 1 483 1 454 1 300 1 227 1 640 1 321 1 224 1 225 1 318 1 319 1 320 1 259 1 1 1 55 1 58 1 657 1 47 1 80 1 270 1 550 1 151 1 10 1 11 1 12 1 13 2 17 2 32 1 40 1 54 2 64 1 69 1 45 1 25 3
13 2 28 246 3 495 1 494 1 1 1 20 2 148 3 437 1 434 1 9 1 56 3 75 1 88 2 555 1 361 1 274 1 73 1 33 1 92 1 78 1 48 2 80 3 66 4 5 1 22 2 633 1 583 1 368 1 62 1
124 32 32 163 1 432 1 371 1 247 1 484 1 320 2 321 1 223 2 224 1 225 1 149 1 259 1 41 1 328 2 378 1 521 1 498 1 111 1 63 2 64 2 69 1 524 1 59 1 505 1 573 1 510 2 104 1 106 1 108 1 110 2 25 4 24 4
143 37 19 324 2 251 1 452 1 476 1 323 1 248 1 163 1 242 1 247 2 210 1 178 1 148 2 416 1 217 2 477 1 482 1 67 1 55 4 58 1
1 1 15 31 1 96 2 669 1 38 1 229 1 185 2 189 1 402 1 176 1 157 1 160 1 187 1 238 1 436 1 30 1
51 14 10 564 1 131 1 132 1 229 1 185 2 189 2 402 1 511 5 566 1 416 1
//IdTournes NbColis
14 6
//IdColis IdCommandeInColis NbProducts IdProd1 QtyProd1 IdProd2 QtyProd2 ...
85 23 18 197 1 288 1 438 1 417 1 428 1 286 1 345 1 461 1 309 1 351 1 218 1 431 2 277 1 282 1 228 2 188 2 662 1 664 1
92 24 16 271 1 288 1 344 1 197 1 403 1 345 1 298 1 449 1 309 1 490 1 228 1 188 2 214 2 250 2 468 1 12 1
116 31 17 650 1 656 1 229 3 185 2 189 1 402 1 382 1 333 1 363 1 309 1 351 1 237 1 243 1 36 1 66 1 57 1 523 1
117 31 14 417 1 431 1 211 3 199 1 373 1 228 1 188 1 194 1 408 1 250 3 424 2 406 1 654 1 12 1
127 33 12 238 3 184 1 243 1 520 1 228 2 188 2 212 1 302 1 194 1 241 2 214 2 36 1
60 16 27 221 1 295 1 589 1 535 1 170 1 195 1 201 1 202 1 220 1 315 1 591 1 592 1 192 2 290 1 350 1 318 1 319 1 320 1 321 1 224 1 225 1 149 1 55 1 166 1 174 1 153 1 19 1
//IdTournes NbColis
15 6
//IdColis IdCommandeInColis NbProducts IdProd1 QtyProd1 IdProd2 QtyProd2 ...
8 2 10 632 1 42 1 527 1 96 1 150 2 189 1 185 3 204 1 448 3 36 1
16 3 17 96 1 150 1 185 1 245 1 511 4 381 1 587 1 514 1 690 1 237 1 238 1 193 1 286 1 298 1 309 1 431 1 244 1
55 15 22 121 1 150 1 185 2 402 1 609 1 312 1 453 1 628 1 172 1 177 1 180 1 279 1 197 1 288 1 345 1 351 1 354 1 157 1 429 1 626 1 523 1 25 1
70 20 19 150 2 185 1 189 1 402 1 173 1 441 1 448 1 157 1 160 1 169 1 184 1 187 2 193 1 172 1 177 1 180 1 271 1 338 1 76 1
76 21 18 150 1 185 1 245 1 377 1 157 1 235 1 236 1 187 2 193 2 243 1 363 1 271 1 298 1 309 1 380 1 431 1 66 1 506 1
84 23 17 656 1 185 2 189 2 402 2 160 1 184 1 187 1 257 1 154 1 261 1 172 1 269 1 177 1 180 1 271 1 55 1 25 2
//IdTournes NbColis
16 6
//IdColis IdCommandeInColis NbProducts IdProd1 QtyProd1 IdProd2 QtyProd2 ...
148 39 20 150 1 402 1 537 1 412 1 238 1 184 1 193 1 421 1 393 1 264 1 298 1 309 1 380 1 367 1 183 1 194 1 331 1 425 1 66 1 506 1
46 12 20 564 1 74 1 120 1 90 1 402 1 553 1 377 1 363 1 351 1 258 1 302 1 534 1 61 2 341 1 478 1 209 1 297 1 316 1 51 1 523 1
61 16 21 47 1 48 1 129 1 130 1 600 1 151 1 8 1 10 1 54 2 502 2 503 2 504 2 32 1 40 1 70 1 124 1 114 1 59 1 126 1 25 5 24 4
132 34 22 42 1 172 1 177 1 180 1 197 2 286 1 374 1 288 1 298 1 309 1 659 1 360 1 372 1 349 1 384 1 383 1 266 1 318 1 321 1 223 2 224 1 547 1
144 37 28 281 1 451 1 499 1 361 1 153 1 73 1 35 1 50 1 66 5 5 1 8 1 10 1 641 1 503 1 12 2 13 2 17 1 32 1 40 1 54 2 34 1 45 1 59 2 647 1 104 1 106 1 108 1 110 2
162 45 36 172 1 177 1 180 1 271 1 197 1 449 1 380 1 175 1 297 1 202 1 300 1 484 1 318 1 319 1 320 1 321 1 224 1 225 1 1 1 55 2 58 2 528 1 521 1 361 1 8 1 10 1 12 2 13 2 17 2 32 1 40 1 69 1 59 1 62 1 25 5 24 4
//IdTournes NbColis
17 6
//IdColis IdCommandeInColis NbProducts IdProd1 QtyProd1 IdProd2 QtyProd2 ...
172 51 15 697 1 96 1 120 1 90 1 211 5 61 3 323 2 693 1 350 1 230 2 434 3 222 1 67 1 55 1 66 1
21 4 21 74 1 90 1 60 1 176 1 207 1 312 2 329 1 261 1 390 1 393 1 172 1 177 1 180 1 197 1 376 1 403 1 354 2 409 1 351 1 61 1 79 1
153 40 24 224 1 225 1 319 2 336 1 259 1 35 1 81 1 48 1 111 2 8 1 10 1 502 2 503 2 504 2 32 1 40 1 54 2 70 1 63 1 114 1 524 2 59 1 539 1 24 2
39 9 35 225 1 75 1 93 2 85 2 544 1 153 1 73 1 94 1 37 2 35 1 81 1 28 1 119 1 513 1 111 1 6 1 8 1 3 1 547 2 16 2 18 1 32 1 54 2 11 2 13 2 21 2 29 1 69 1 114 1 52 1 59 2 117 1 524 1 24 4 506 1
88 23 25 572 1 192 1 242 3 247 3 210 1 318 1 321 1 224 1 225 1 319 2 320 1 482 1 55 1 58 3 234 1 166 1 280 1 153 1 73 2 53 1 92 1 81 1 70 1 63 1 573 1
164 46 35 563 1 552 1 286 1 199 2 205 1 285 1 343 1 353 1 519 1 58 2 93 1 551 1 521 1 153 1 73 1 94 1 270 1 66 5 8 1 10 1 12 2 13 2 17 2 32 1 40 1 54 2 63 1 114 1 45 2 562 1 104 1 106 1 108 1 110 2 506 1
//IdTournes NbColis
18 6
//IdColis IdCommandeInColis NbProducts IdProd1 QtyProd1 IdProd2 QtyProd2 ...
74 20 37 321 1 224 1 225 1 67 1 598 1 55 3 56 4 75 1 37 1 73 2 332 1 35 1 47 1 676 1 79 2 44 1 66 1 155 1 600 2 6 1 8 1 3 1 547 1 11 2 13 2 21 2 54 2 14 1 63 1 69 1 524 1 45 1 25 3 653 1 24 4 506 1 507 1
83 22 19 80 1 87 1 66 5 155 1 83 1 113 1 8 1 10 1 12 2 13 2 17 2 32 1 40 1 54 2 63 2 69 1 59 2 117 1 62 1
147 38 25 163 2 432 2 242 1 246 1 230 1 434 1 67 1 55 2 58 1 73 1 48 1 66 5 155 1 22 1 8 1 10 1 503 2 504 2 13 2 32 1 40 1 54 2 69 1 45 1 52 1
4 1 17 161 1 175 1 182 1 206 1 209 1 284 1 346 1 383 1 324 1 457 1 323 2 181 3 190 1 156 3 163 1 1 1 3 1
27 5 19 330 1 521 1 47 2 4 1 66 5 83 1 22 1 82 1 8 1 10 1 11 2 13 2 32 1 40 1 54 2 21 2 63 2 45 1 59 2
36 8 24 239 1 339 1 209 1 346 1 314 1 452 1 248 1 445 1 253 1 156 1 163 1 350 1 336 1 230 1 55 1 561 1 112 1 492 1 283 1 521 1 447 1 101 1 80 3 4 1
//IdTournes NbColis
19 6
//IdColis IdCommandeInColis NbProducts IdProd1 QtyProd1 IdProd2 QtyProd2 ...
44 11 33 156 1 432 1 190 1 572 1 247 2 379 1 568 1 410 1 494 1 55 1 58 3 88 2 93 1 492 1 544 1 216 1 531 1 570 1 499 1 73 1 26 1 530 1 48 1 50 1 66 5 526 1 105 1 8 1 10 1 40 1 54 2 11 2 13 1
57 15 23 339 1 209 1 297 1 452 1 535 1 620 1 323 1 248 2 263 1 592 1 500 1 411 1 86 1 318 1 319 1 320 1 321 1 224 1 225 1 58 1 330 1 274 2 79 1
137 36 20 564 1 264 1 288 1 354 1 157 1 237 1 243 1 554 1 401 1 610 1 331 1 372 1 373 1 299 1 430 1 485 1 61 2 348 1 171 1 581 1
174 52 20 90 1 245 2 157 1 180 1 345 1 267 1 211 3 61 2 696 1 323 1 350 2 695 1 67 1 55 3 88 1 37 1 53 1 232 1 8 2 54 2
58 15 15 232 1 82 1 8 1 10 1 40 1 54 2 12 2 13 2 17 2 625 1 32 1 70 1 63 1 64 2 24 3
37 8 20 66 5 159 1 99 1 8 1 10 1 12 2 32 1 40 1 54 2 13 2 17 2 63 1 64 2 114 1 59 1 109 1 104 1 106 1 108 1 110 2
//IdTournes NbColis
20 6
//IdColis IdCommandeInColis NbProducts IdProd1 QtyProd1 IdProd2 QtyProd2 ...
138 36 19 397 1 346 1 221 1 240 1 443 1 324 2 391 1 163 1 432 1 473 1 303 1 572 1 404 1 233 2 242 2 247 2 350 2 411 1 559 1
94 24 21 262 1 181 1 253 2 681 1 242 1 210 2 192 2 290 1 455 1 456 1 671 1 494 1 86 1 318 1 319 2 320 1 321 1 224 1 67 1 25 2 24 1
73 20 21 471 1 481 1 181 1 163 2 263 1 195 1 340 1 192 1 290 2 242 1 246 1 210 1 350 1 455 1 484 1 489 1 675 1 318 1 319 2 320 1 25 2
166 47 40 393 1 298 1 309 1 351 1 199 1 407 1 497 1 55 2 58 3 84 3 544 1 499 1 37 1 73 1 94 1 47 1 530 1 48 1 66 5 111 3 8 1 10 1 18 2 11 2 13 2 21 2 32 1 40 1 54 2 70 1 2 1 582 1 576 1 45 1 59 1 57 2 539 1 523 1 525 1 506 1
35 8 18 185 1 402 1 514 1 237 1 238 1 243 1 438 1 309 1 167 1 183 1 424 1 442 1 299 1 407 1 556 1 558 1 49 1 178 1
109 29 18 122 1 60 2 208 1 265 1 172 1 269 1 177 2 180 2 186 1 197 2 237 2 184 1 298 2 309 2 351 1 487 1 8 1 51 1
//IdTournes NbColis
21 6
//IdColis IdCommandeInColis NbProducts IdProd1 QtyProd1 IdProd2 QtyProd2 ...
65 18 26 123 1 134 1 575 1 172 1 177 1 180 1 535 1 318 1 320 1 321 1 223 1 224 1 225 1 41 1 544 1 581 1 69 1 59 1 573 2 104 1 106 1 108 1 110 1 25 4 24 3 506 1
151 40 22 172 1 177 1 180 1 197 2 298 2 449 1 463 1 309 2 351 1 419 1 464 1 414 1 272 1 418 1 423 1 450 1 469 1 488 1 61 1 523 1 51 1 24 1
168 48 35 172 1 177 1 180 1 197 1 61 1 340 1 318 1 320 1 321 1 223 1 224 1 225 1 580 1 283 1 531 1 521 1 79 1 111 2 8 1 10 1 16 1 502 1 503 1 504 1 32 1 40 1 54 1 70 1 576 1 63 1 69 1 577 1 574 1 24 4 506 1
141 37 17 134 1 563 1 90 2 288 1 243 1 417 1 420 2 421 1 426 1 428 1 367 1 405 1 407 1 301 1 302 1 241 2 523 1
50 13 19 492 1 216 1 499 1 37 1 47 1 78 2 66 4 83 1 8 1 10 1 125 1 40 1 54 2 11 2 13 2 21 2 32 1 70 1 14 1
152 40 23 61 1 341 1 285 1 413 1 182 1 209 1 422 1 352 1 353 1 474 1 476 1 486 1 324 1 415 1 202 1 290 1 484 1 489 1 674 1 318 1 320 2 321 1 24 1
//IdTournes NbColis
22 6
//IdColis IdCommandeInColis NbProducts IdProd1 QtyProd1 IdProd2 QtyProd2 ...
38 9 22 98 1 121 1 116 1 60 1 177 1 279 1 197 2 298 1 309 1 496 1 61 1 476 1 457 1 300 1 192 1 118 1 318 1 320 2 321 1 223 2 224 1 24 1
111 29 34 474 1 673 1 311 1 465 1 479 1 672 1 334 1 318 1 321 1 224 1 225 1 319 2 320 2 580 1 680 1 198 1 283 2 686 1 94 1 35 1 81 1 682 1 683 1 10 1 502 2 503 2 504 2 32 1 40 1 54 2 70 1 114 1 24 5 507 1
104 27 37 434 1 55 3 56 2 58 2 75 2 84 2 88 1 93 1 283 1 274 1 73 2 94 1 35 2 78 1 81 2 613 1 80 1 270 1 5 1 83 1 6 1 8 1 3 2 16 1 102 2 11 2 13 2 21 2 27 1 29 1 54 2 2 1 611 1 63 2 45 1 25 4 24 4
169 49 33 579 1 565 1 298 1 308 1 309 1 569 1 480 1 61 1 346 1 316 1 535 1 379 1 350 1 317 1 55 2 66 5 28 1 583 1 8 1 10 1 502 2 503 2 504 2 32 1 40 1 54 2 63 2 69 1 34 1 45 2 52 1 57 1 506 2
52 14 20 428 1 298 1 351 1 252 1 194 1 430 1 556 1 571 1 478 1 249 2 275 1 567 1 316 1 518 1 481 1 483 1 383 1 486 1 118 1 87 1
10 2 13 211 2 215 3 188 1 199 2 373 1 293 1 302 1 194 1 214 1 250 2 349 1 468 2 244 1
//IdTournes NbColis
23 6
//IdColis IdCommandeInColis NbProducts IdProd1 QtyProd1 IdProd2 QtyProd2 ...
80 22 17 98 1 511 5 252 2 286 1 298 1 308 1 309 1 351 1 670 2 188 1 194 1 214 2 250 1 61 1 580 1 523 1 51 1
25 5 18 42 1 95 1 527 1 39 1 377 1 298 1 309 1 520 1 211 1 194 1 199 2 459 1 405 1 214 1 302 1 250 2 51 1 523 1
107 28 19 297 1 304 1 314 1 249 1 452 1 486 1 457 1 454 1 253 1 311 1 305 1 317 1 242 2 246 1 210 2 67 1 55 4 58 1 85 2
98 25 19 283 1 294 1 81 1 5 1 111 1 8 1 10 1 503 2 504 2 13 2 32 1 40 1 54 2 70 1 63 1 114 1 652 1 59 1 24 2
171 50 21 601 1 374 1 205 1 452 1 535 1 383 1 55 1 584 1 92 1 81 1 66 4 8 1 10 1 502 2 503 2 504 2 32 1 40 1 54 2 64 1 69 1
128 33 18 430 1 467 1 468 1 635 1 480 1 341 1 285 1 478 1 209 1 346 2 296 1 304 1 316 1 323 1 425 1 443 1 249 2 251 2
//IdTournes NbColis
24 6
//IdColis IdCommandeInColis NbProducts IdProd1 QtyProd1 IdProd2 QtyProd2 ...
23 4 33 225 1 41 1 55 3 58 2 93 1 598 1 499 2 73 1 94 1 26 1 65 1 80 1 91 1 4 1 538 1 6 1 8 1 593 1 597 1 11 2 13 2 27 1 29 1 54 2 21 2 595 1 63 2 64 2 45 1 59 1 594 1 25 5 24 4
54 14 10 32 1 70 1 71 1 45 1 59 2 524 2 104 1 106 1 108 1 110 2
89 23 10 63 1 64 2 573 1 104 1 106 1 108 1 110 2 25 1 24 4 525 1
101 26 7 652 1 59 1 655 1 25 1 653 1 24 3 525 1
79 21 8 54 2 70 1 2 1 14 1 114 2 45 2 117 1 506 1
14 2 22 8 2 10 2 16 2 18 1 23 1 11 2 13 2 21 2 32 2 40 2 54 2 70 1 14 1 71 1 64 1 69 1 34 1 59 2 68 1 117 2 62 2 616 1
//IdTournes NbColis
25 4
//IdColis IdCommandeInColis NbProducts IdProd1 QtyProd1 IdProd2 QtyProd2 ...
45 11 9 13 1 21 2 32 1 64 2 69 1 45 2 117 1 578 1 562 1
69 19 12 13 2 21 2 32 1 40 1 54 2 645 1 45 1 548 1 510 3 644 1 25 4 24 4
42 10 9 21 1 32 1 541 1 63 1 45 2 104 1 106 1 108 1 110 2
64 17 3 59 2 68 1 128 2
