//NbTournees
34
//IdTournes NbColis
1 6
//IdColis IdCommandeInColis NbProducts IdProd1 QtyProd1 IdProd2 QtyProd2 ...
1 1 10 139 1 103 1 41 1 105 1 1 2 19 1 42 1 37 1 40 1 28 1
5 2 10 196 1 46 1 1 2 42 1 19 2 61 1 37 3 32 1 547 1 4 1
10 3 18 713 1 1 1 546 1 396 3 522 1 56 1 69 1 330 1 78 1 556 1 45 1 48 1 66 1 25 1 578 1 55 1 13 1 317 1
11 3 30 16 1 17 2 51 2 52 1 344 1 345 1 364 1 543 1 564 1 488 1 44 2 68 1 79 1 372 1 354 1 386 1 548 1 50 1 119 1 207 1 332 1 362 1 2 1 57 1 70 1 73 1 265 2 235 1 562 1 375 1
14 4 17 60 1 1 2 546 1 40 1 485 1 467 1 522 1 710 1 547 1 28 1 78 2 23 1 709 1 24 1 59 1 16 1 5 1
18 5 11 26 1 27 1 380 1 1 2 19 2 42 1 517 2 40 1 485 1 547 1 576 1
//IdTournes NbColis
2 6
//IdColis IdCommandeInColis NbProducts IdProd1 QtyProd1 IdProd2 QtyProd2 ...
22 6 21 41 1 1 1 19 1 61 1 58 1 391 1 64 1 69 1 28 1 66 1 379 1 67 1 80 1 16 1 17 1 20 1 51 1 52 1 482 1 488 1 463 2
25 7 21 1 1 42 1 61 1 85 1 374 1 393 1 18 1 117 2 4 1 89 1 107 1 690 1 333 1 379 1 67 1 120 1 180 1 160 1 16 1 17 1 707 1
28 8 15 104 1 93 1 1 2 19 1 517 1 40 1 58 1 4 1 186 1 690 1 7 1 84 1 16 1 17 1 20 1
31 9 17 92 1 105 1 1 2 396 1 517 1 4 1 28 1 23 1 102 2 91 1 88 1 99 1 108 1 106 1 364 1 488 1 397 1
34 10 17 384 1 1 2 517 1 300 1 32 1 117 2 23 1 31 1 34 1 719 1 381 1 16 1 17 2 20 2 51 2 52 2 114 1
37 11 21 26 1 1 2 396 1 40 1 547 1 78 1 102 1 457 1 420 1 122 1 16 1 17 1 20 1 38 1 51 2 52 1 531 1 543 1 86 1 95 1 75 1
//IdTournes NbColis
3 6
//IdColis IdCommandeInColis NbProducts IdProd1 QtyProd1 IdProd2 QtyProd2 ...
40 12 10 92 1 103 1 104 1 46 1 1 1 378 2 391 1 330 1 107 1 454 1
43 13 17 103 1 26 1 380 1 1 1 19 1 58 1 143 1 522 1 262 1 28 1 650 1 16 1 17 1 20 1 51 1 52 1 459 1
46 14 16 125 1 695 1 137 1 1 1 19 1 40 1 374 2 136 1 34 1 133 1 67 1 580 1 84 1 16 1 17 1 205 1
49 15 20 139 1 1 1 42 1 485 1 708 1 107 1 148 2 635 1 146 1 88 1 135 1 153 1 7 1 16 1 17 1 20 1 51 2 52 1 149 1 573 1
52 16 20 138 1 384 1 360 1 1 1 401 1 37 1 417 1 421 1 88 1 67 1 161 1 157 1 682 1 381 1 16 1 17 1 20 1 51 2 52 1 298 1
55 17 20 164 1 41 1 140 1 1 1 37 1 143 1 374 1 417 1 131 1 160 1 84 1 16 1 17 1 20 1 130 1 51 1 52 1 156 1 459 1 390 1
//IdTournes NbColis
4 6
//IdColis IdCommandeInColis NbProducts IdProd1 QtyProd1 IdProd2 QtyProd2 ...
57 18 19 147 1 105 1 1 1 19 1 481 1 728 1 58 1 56 1 454 1 154 1 417 1 124 1 381 1 16 1 17 1 20 1 51 1 52 1 475 1
60 19 10 103 1 172 1 27 1 46 1 137 1 1 1 396 1 85 1 374 2 586 1
65 20 10 221 1 411 1 1 2 19 1 263 2 40 1 378 2 393 2 374 2 422 1
70 21 30 82 1 2 1 73 1 518 1 416 1 299 1 177 1 376 1 397 1 176 1 593 1 87 1 375 1 175 1 284 1 339 1 349 1 398 2 329 1 335 1 10 1 39 1 356 1 358 1 404 1 359 2 395 2 331 1 407 1 312 1
72 22 41 51 2 52 1 187 1 688 1 119 1 437 1 528 1 2 1 57 1 141 1 142 1 94 1 323 2 447 1 438 1 268 1 524 1 376 1 458 1 397 1 375 2 14 1 30 1 339 1 349 1 398 2 329 1 335 1 39 1 356 2 358 2 404 1 359 2 395 2 306 2 331 1 484 1 337 2 527 1 389 1 433 1
75 23 41 52 1 472 1 344 1 15 1 75 1 115 1 332 1 2 1 113 1 182 1 610 1 627 1 715 1 301 1 412 2 466 1 323 1 426 1 371 1 469 1 474 1 521 1 479 1 185 1 268 1 376 1 423 1 436 1 397 1 183 1 90 1 375 2 188 1 162 1 339 1 349 1 398 2 329 1 335 1 10 1 356 1
//IdTournes NbColis
5 6
//IdColis IdCommandeInColis NbProducts IdProd1 QtyProd1 IdProd2 QtyProd2 ...
78 24 32 157 1 684 1 7 1 16 1 17 1 20 1 167 1 51 2 52 1 573 1 459 1 632 1 3 1 44 2 680 1 75 1 437 1 2 1 142 1 71 1 129 1 252 1 446 1 451 1 373 1 302 1 309 1 516 1 394 2 557 1 473 1 385 1
81 25 34 2 1 182 1 524 1 81 1 192 1 199 1 232 1 290 1 376 1 206 1 726 1 397 1 414 1 370 1 432 1 375 2 284 1 339 1 349 1 398 2 329 1 335 1 462 1 356 2 358 2 404 1 359 1 395 2 324 1 331 1 559 1 407 1 341 1 430 1
164 53 17 189 1 380 1 308 1 360 1 1 1 396 1 401 1 85 1 143 1 391 1 576 1 91 1 66 2 381 1 16 1 17 1 376 1
174 57 30 93 1 1 1 263 1 120 1 106 1 16 1 17 1 20 1 51 1 52 1 311 1 21 1 142 1 70 1 71 1 113 1 73 1 583 1 259 1 323 1 513 1 72 1 77 1 385 1 377 1 376 1 327 1 436 1 397 1 589 1
178 59 24 172 1 1 1 58 1 300 1 214 1 569 1 228 1 180 1 16 1 17 1 20 1 51 1 52 1 156 1 464 1 582 1 75 1 79 1 50 1 437 1 445 2 71 1 588 1 359 1
184 62 29 105 1 85 1 36 1 457 1 62 1 618 1 614 1 381 1 7 1 16 1 17 1 20 1 51 2 52 1 464 1 75 1 119 1 332 1 2 1 142 1 70 1 607 1 542 1 371 1 474 1 387 1 521 1 322 1 193 1
//IdTournes NbColis
6 6
//IdColis IdCommandeInColis NbProducts IdProd1 QtyProd1 IdProd2 QtyProd2 ...
186 63 26 1 1 42 1 61 1 197 2 31 1 91 1 260 1 16 1 17 1 20 1 51 2 52 1 149 1 543 1 582 1 74 1 538 1 141 1 235 1 402 1 541 1 394 1 521 1 435 1 575 1 584 1
200 70 24 1 2 37 1 391 1 174 1 4 1 78 1 568 1 63 1 275 1 578 1 16 1 17 1 20 1 51 1 52 1 364 2 488 1 535 1 463 1 362 2 460 1 387 1 553 1 65 1
217 78 37 1 1 28 1 203 1 63 1 99 1 108 1 226 1 580 1 573 1 587 1 15 1 74 1 371 1 438 1 410 1 577 1 159 1 376 1 461 1 597 1 436 1 397 1 423 1 370 2 414 1 432 1 217 1 570 1 571 2 287 1 375 2 65 1 30 2 145 1 155 1 398 2 329 1
221 80 34 204 1 34 1 213 1 180 2 580 1 16 1 17 1 20 1 51 1 52 1 44 1 150 1 2 1 53 1 71 2 113 1 465 1 303 1 352 1 194 1 518 1 447 1 611 1 336 1 600 1 524 1 376 1 397 1 589 1 415 1 375 2 398 2 339 1 395 1
2 1 29 18 1 203 1 568 1 31 1 34 1 35 1 154 1 47 1 63 1 108 1 67 1 6 1 38 1 229 1 283 1 311 1 488 1 289 1 632 1 3 1 100 1 642 1 346 2 512 1 9 1 22 1 334 2 460 1 210 1
32 9 42 464 1 463 1 82 1 15 1 112 1 111 1 119 1 445 2 21 1 53 1 113 1 77 1 592 1 524 1 299 1 81 1 177 2 257 1 376 1 400 1 461 1 98 1 375 2 339 1 349 1 398 2 405 1 273 1 329 1 335 1 356 2 358 2 404 1 359 2 395 2 418 1 331 1 492 1 407 1 551 1 498 1 317 1
//IdTournes NbColis
7 6
//IdColis IdCommandeInColis NbProducts IdProd1 QtyProd1 IdProd2 QtyProd2 ...
56 17 36 464 1 15 1 323 1 390 1 394 1 438 1 81 1 159 1 376 1 458 1 423 1 397 1 375 2 152 1 155 1 163 1 339 1 349 1 398 2 329 1 335 1 10 1 110 1 356 2 358 2 404 1 359 2 395 2 298 1 331 1 407 1 348 1 441 1 439 1 388 1 427 2
82 26 22 103 1 42 1 517 1 69 1 203 1 197 1 47 1 63 2 108 1 106 1 209 1 16 1 17 1 20 1 51 1 52 1 325 1 464 1 463 1 3 1 68 1 74 1
209 74 39 191 1 302 1 460 1 387 1 268 1 377 1 81 1 257 1 361 1 376 1 615 1 597 1 514 1 397 1 612 1 375 2 605 1 581 1 398 2 339 1 349 1 329 1 335 1 356 2 358 2 395 2 359 2 559 1 561 1 407 1 470 1 305 1 331 1 399 1 619 1 551 1 320 2 623 1 431 2
6 2 23 69 1 204 1 181 1 662 1 4 1 36 1 136 1 102 3 35 1 59 1 685 2 25 1 274 1 108 1 683 1 608 1 682 1 7 1 13 1 16 1 17 2 20 1 335 1
53 16 38 114 1 721 1 722 1 424 1 289 1 463 1 44 1 134 1 150 1 74 1 440 1 332 1 5 1 126 1 132 1 144 1 70 1 253 1 661 1 235 1 673 1 412 1 323 1 451 1 419 1 394 1 435 1 549 1 438 1 268 1 720 1 376 1 696 2 158 1 415 1 397 1 414 1 321 1
77 24 16 104 1 225 1 221 1 19 1 61 1 374 1 4 1 36 1 24 1 34 1 618 1 417 1 685 1 555 1 108 1 359 1
//IdTournes NbColis
8 6
//IdColis IdCommandeInColis NbProducts IdProd1 QtyProd1 IdProd2 QtyProd2 ...
85 27 18 669 1 61 1 374 2 56 1 638 1 4 1 286 1 422 2 23 1 576 1 48 1 198 1 62 1 314 1 666 1 88 1 67 2 178 1
89 28 15 195 1 104 1 46 1 42 1 401 1 85 1 330 1 4 1 136 1 34 1 417 1 379 1 157 1 16 1 17 1
93 29 35 74 1 714 1 109 1 332 1 5 1 71 2 673 1 323 1 338 1 718 1 521 2 479 1 202 1 438 1 268 2 232 1 376 1 327 2 461 1 663 1 696 1 397 1 589 1 423 2 33 1 641 1 234 1 432 1 375 2 162 2 581 1 398 3 339 1 349 1 329 1
95 30 25 125 1 42 1 58 1 204 1 457 1 35 1 45 1 62 1 25 1 135 1 7 1 84 1 16 1 17 1 20 1 51 1 52 1 156 1 15 1 205 1 208 1 5 1 73 1 583 1 449 1
98 31 26 154 1 519 2 213 2 209 1 16 1 17 2 20 2 38 1 51 2 52 2 283 1 472 1 15 1 123 1 150 1 205 1 332 1 5 1 12 1 132 1 141 1 129 1 215 1 673 1 202 1 500 2
101 32 40 525 1 44 1 134 1 372 1 109 1 208 2 445 2 5 1 49 1 71 1 113 1 673 1 371 1 469 1 419 1 435 1 376 1 271 1 696 1 397 1 375 2 76 1 605 1 218 1 145 1 270 1 339 1 349 1 398 2 329 1 335 1 356 2 358 2 404 1 359 2 395 2 403 1 331 1 307 1 427 2
//IdTournes NbColis
9 6
//IdColis IdCommandeInColis NbProducts IdProd1 QtyProd1 IdProd2 QtyProd2 ...
104 33 47 230 1 50 1 332 1 5 1 21 1 53 1 71 1 373 1 460 1 390 1 413 1 202 1 500 1 268 1 377 1 128 1 177 1 376 1 461 1 397 1 370 1 375 2 188 1 326 1 227 1 339 1 349 1 398 2 231 1 329 1 335 1 39 2 356 2 358 2 487 1 404 1 359 2 452 1 395 2 418 1 331 1 407 1 723 1 321 2 441 1 288 1 388 1
170 55 29 411 1 64 1 491 1 4 1 35 1 62 1 417 1 213 1 108 1 228 1 161 1 84 1 16 1 17 1 20 1 51 1 52 1 311 1 617 1 95 1 44 1 68 1 604 1 79 1 332 1 5 1 132 1 144 1 376 1
190 65 24 380 1 19 1 42 1 263 1 547 1 18 1 69 1 4 1 379 1 124 1 88 1 108 1 608 1 13 1 621 1 531 1 272 1 15 1 44 1 134 2 150 1 74 1 372 1 407 1
61 19 27 330 1 262 1 34 1 59 1 454 1 421 1 379 1 168 1 122 1 7 1 13 1 16 1 17 1 20 1 51 2 52 1 149 1 266 1 311 1 636 1 150 3 74 1 75 1 208 1 437 1 362 1 132 1
71 22 21 171 1 380 1 19 1 85 1 365 1 491 2 179 1 186 1 31 2 35 1 690 1 88 1 178 1 608 1 106 1 7 1 16 1 17 1 20 1 167 1 210 1
86 27 24 226 1 184 1 200 1 6 1 84 1 13 2 16 1 17 2 38 2 51 2 52 1 156 1 283 1 151 1 582 1 488 2 459 2 169 1 667 1 82 1 44 1 630 2 50 2 332 1
//IdTournes NbColis
10 6
//IdColis IdCommandeInColis NbProducts IdProd1 QtyProd1 IdProd2 QtyProd2 ...
106 34 24 125 1 137 1 85 1 117 1 379 1 178 1 228 1 7 1 16 1 17 2 20 1 51 2 52 1 463 1 166 1 74 1 585 1 53 1 235 1 558 1 644 1 309 1 496 1 474 1
110 35 23 457 1 34 1 214 1 62 1 333 1 47 1 314 1 379 1 88 2 135 1 381 1 7 1 13 2 16 1 17 2 51 3 52 2 156 1 364 1 15 2 636 1 68 1 362 1
211 75 29 19 1 393 1 485 1 186 1 48 1 161 1 7 1 16 1 17 1 20 1 51 2 52 1 603 1 229 1 364 1 459 1 613 1 112 1 75 1 562 1 465 1 449 1 191 1 558 1 390 1 521 1 377 1 606 1 361 1
44 13 41 535 1 463 1 82 1 15 1 44 1 111 1 604 1 75 1 49 1 142 1 182 1 129 1 127 1 309 1 516 1 394 1 524 1 575 1 376 1 458 1 158 1 415 1 397 1 176 1 375 2 8 1 97 1 339 1 349 1 398 2 329 1 335 1 110 1 356 2 358 2 404 1 359 2 395 2 331 1 407 1 691 1
100 32 19 195 1 41 1 105 1 219 1 222 1 34 1 417 1 555 1 213 1 99 1 157 2 705 1 16 1 17 2 20 1 51 2 52 1 283 1 307 1
114 36 29 391 1 186 1 417 1 91 1 213 1 88 1 694 1 16 1 17 2 20 1 51 2 52 1 229 1 311 1 488 1 459 2 464 1 678 1 187 1 465 1 303 1 443 1 127 1 301 1 455 1 309 1 474 1 334 1 428 1
//IdTournes NbColis
11 6
//IdColis IdCommandeInColis NbProducts IdProd1 QtyProd1 IdProd2 QtyProd2 ...
117 37 14 139 1 241 1 360 1 396 1 517 2 40 2 330 1 107 1 31 1 63 1 213 1 108 1 16 1 17 1
167 54 17 139 1 41 1 411 1 380 2 401 1 58 1 457 1 62 1 213 1 108 1 16 1 17 1 20 1 51 1 52 1 344 1 268 1
188 64 27 125 1 546 1 547 1 491 1 453 1 635 1 213 1 25 1 16 1 17 1 20 1 51 1 52 1 156 1 488 1 464 1 536 1 100 1 501 1 332 1 141 1 70 1 73 1 465 1 352 1 301 1 302 1
198 69 23 26 1 19 1 396 1 374 1 556 1 48 1 59 1 47 1 124 1 88 2 108 2 226 1 184 1 628 1 364 1 543 1 488 1 464 1 82 1 15 1 68 1 449 1 352 1
225 82 37 61 1 262 1 78 1 197 1 626 1 635 1 99 1 55 1 167 1 266 1 151 1 82 1 74 1 630 1 280 1 362 1 455 1 376 1 397 1 375 2 14 1 339 1 349 1 398 2 329 1 10 2 356 2 358 2 359 2 382 1 395 2 298 1 331 1 383 1 441 2 590 1 486 1
16 4 33 271 2 201 1 397 1 707 1 255 1 287 1 375 2 11 1 65 3 8 1 14 1 398 3 339 1 349 1 462 1 329 1 654 1 356 2 358 2 382 1 395 3 359 3 483 1 492 1 407 2 298 1 331 2 468 1 633 1 439 1 529 1 315 1 711 1
//IdTournes NbColis
12 6
//IdColis IdCommandeInColis NbProducts IdProd1 QtyProd1 IdProd2 QtyProd2 ...
38 11 31 585 1 109 1 115 1 119 1 332 1 538 1 53 1 71 1 449 2 560 2 402 1 534 1 94 1 301 1 323 1 446 1 455 1 309 1 390 2 521 1 524 2 606 1 376 1 397 1 33 1 652 1 375 2 162 1 65 1 8 1 622 2
121 38 37 17 2 20 1 38 1 51 2 52 1 114 1 156 1 74 1 75 1 528 1 362 1 660 1 661 1 446 1 323 2 474 1 390 1 394 1 521 1 322 1 268 1 239 1 128 1 192 1 177 1 584 1 376 1 397 1 90 1 224 1 267 1 375 2 76 1 65 1 8 1 398 2 468 1
175 57 29 595 1 579 1 267 1 375 1 8 1 339 1 349 1 398 2 329 1 335 1 291 1 39 1 356 1 358 1 404 1 359 2 395 2 483 1 403 1 331 1 407 1 598 1 502 1 343 1 288 1 504 1 433 1 486 1 471 1
187 63 25 376 1 397 1 593 1 375 2 429 1 8 1 97 1 339 1 349 1 398 2 329 1 335 1 358 2 404 1 356 2 359 2 395 2 407 1 331 1 337 2 510 1 441 1 233 1 468 1 321 1
29 8 32 51 2 52 1 278 1 573 1 687 1 75 1 79 1 57 1 323 1 474 1 516 1 336 1 584 1 376 1 83 1 397 1 375 2 339 1 349 1 398 2 329 1 335 1 10 1 356 2 358 2 404 1 359 2 395 2 331 1 492 1 407 1 399 2
62 19 44 443 1 455 1 323 1 496 1 611 1 469 1 394 1 413 1 282 1 377 1 376 1 83 1 444 1 397 1 98 1 287 1 429 1 375 2 339 1 349 1 398 2 273 1 329 1 291 1 39 1 356 2 358 2 359 2 382 1 395 2 331 1 298 1 598 1 499 1 664 1 312 1 510 1 505 1 511 1 233 1 468 1 321 1 315 1 498 1
//IdTournes NbColis
13 6
//IdColis IdCommandeInColis NbProducts IdProd1 QtyProd1 IdProd2 QtyProd2 ...
80 25 22 196 1 137 1 19 1 37 1 32 1 547 1 28 1 62 1 108 1 725 1 580 1 84 1 16 1 17 1 51 2 52 1 15 1 74 1 354 1 207 1 208 1 359 1
124 39 30 34 1 670 1 168 1 99 1 120 1 381 1 84 1 16 1 17 1 20 1 51 1 52 1 573 1 488 2 15 1 123 1 44 1 134 1 79 1 50 2 109 1 362 2 73 1 443 1 449 1 402 1 534 1 94 1 446 1 394 1
125 39 45 455 1 373 1 428 1 447 1 450 1 282 1 385 1 268 1 299 1 29 1 643 1 376 1 83 1 436 1 397 1 236 1 217 1 375 2 640 1 248 1 116 1 284 1 339 1 349 1 398 2 273 1 329 1 335 1 462 1 356 2 358 2 404 1 359 2 452 1 395 2 418 1 331 1 407 1 434 1 442 1 312 1 448 1 315 1 430 1 433 1
128 40 35 156 1 266 1 687 1 525 1 488 1 613 1 386 1 642 1 346 1 528 1 49 1 73 2 71 1 449 1 402 1 127 1 191 1 252 1 323 1 373 1 460 1 435 1 202 2 72 1 281 2 282 1 268 1 361 1 376 1 327 2 83 1 461 1 366 1 444 1 484 1
132 41 28 52 1 243 1 364 1 712 1 75 1 437 1 57 1 249 1 355 1 194 1 373 1 387 1 390 2 394 1 615 1 83 1 493 2 397 1 255 1 162 1 494 2 717 1 452 1 295 1 495 1 407 1 348 1 550 1
134 42 35 323 1 455 1 394 1 438 1 299 1 257 1 629 1 327 1 376 1 83 1 397 1 652 1 432 1 244 1 375 2 251 1 65 1 581 1 339 1 349 1 398 2 329 1 335 1 356 2 358 2 404 1 359 2 395 2 295 1 331 1 407 1 456 1 442 1 210 1 439 1
//IdTournes NbColis
14 6
//IdColis IdCommandeInColis NbProducts IdProd1 QtyProd1 IdProd2 QtyProd2 ...
162 52 44 332 1 144 1 71 1 303 1 94 1 310 1 323 1 302 1 390 1 281 1 385 2 192 1 177 1 290 1 327 1 376 1 83 1 271 1 397 1 370 1 90 1 624 1 255 1 375 2 116 1 339 1 349 1 398 2 329 1 110 1 39 1 356 2 358 2 359 2 382 1 395 2 295 1 298 1 324 1 331 1 368 1 369 1 343 1 383 1
3 1 36 611 1 644 1 387 1 521 1 438 1 299 1 29 1 376 1 271 1 458 1 158 1 436 1 514 1 397 1 415 1 609 1 375 2 674 1 339 1 349 1 398 2 329 1 462 1 10 1 356 2 358 2 515 1 359 2 382 1 395 2 403 1 331 1 407 1 298 1 471 1 357 2
12 3 38 562 1 672 1 449 2 402 2 43 1 715 1 301 1 323 1 455 1 309 2 513 1 394 1 72 1 299 1 232 1 257 1 376 1 400 1 461 1 366 1 397 1 589 1 514 1 375 1 674 1 339 1 349 1 398 2 329 1 335 1 10 1 39 1 356 2 358 2 404 1 533 1 359 2 395 2
35 10 24 156 1 283 1 101 1 74 2 75 1 372 2 100 1 332 1 121 1 323 1 446 2 419 1 268 1 377 1 493 2 90 1 118 1 612 1 87 2 494 3 291 1 10 2 39 1 495 2
54 16 19 652 1 375 2 339 1 349 1 398 2 329 1 335 1 10 1 39 2 356 2 358 2 404 1 359 2 395 2 305 1 331 1 407 1 321 1 490 1
87 27 38 109 2 437 1 440 1 53 2 144 1 607 1 583 1 465 1 191 1 675 1 412 1 310 1 455 1 727 2 390 1 394 1 72 1 268 1 96 1 192 1 493 2 423 1 579 1 255 1 30 1 218 1 284 1 211 1 494 2 10 1 110 2 515 1 697 1 495 1 620 1 324 1 321 1 341 1
//IdTournes NbColis
15 6
//IdColis IdCommandeInColis NbProducts IdProd1 QtyProd1 IdProd2 QtyProd2 ...
99 31 17 268 2 415 1 493 2 267 1 287 1 674 1 162 1 494 3 10 2 382 1 495 2 369 2 389 1 316 1 503 1 348 1 430 1
107 34 40 342 1 718 1 390 1 202 1 77 1 410 1 232 1 376 1 271 1 397 1 234 1 87 1 217 2 429 2 375 2 116 1 339 1 349 1 398 2 405 1 329 1 10 1 39 2 654 1 356 2 358 2 533 1 359 2 382 1 395 2 489 1 298 1 331 1 407 1 337 1 389 1 233 1 321 1 341 1 490 1
122 38 26 339 1 349 1 329 1 335 1 10 2 39 1 110 1 356 2 358 2 382 1 395 2 359 2 407 1 298 1 418 1 331 1 456 2 645 1 340 1 590 1 307 1 471 1 427 1 353 1 357 1 433 1
129 40 50 397 1 414 2 242 1 176 1 625 1 375 2 188 1 605 1 247 1 248 1 152 2 227 2 693 1 339 1 349 1 398 2 405 2 231 1 335 1 462 1 329 1 10 1 110 2 356 2 358 2 404 1 533 1 359 2 382 1 395 2 489 1 331 1 407 1 295 2 298 1 620 1 527 1 434 2 340 2 510 2 348 2 511 1 321 1 490 1 529 1 351 1 353 2 599 1 430 1 357 1
137 43 17 163 1 339 1 349 1 398 2 405 1 231 1 329 1 335 1 10 1 356 2 358 2 404 1 359 2 395 2 331 1 407 1 456 1
168 54 38 632 1 44 1 68 1 74 1 73 1 446 1 338 1 469 1 390 2 299 1 629 1 376 1 158 1 397 1 87 1 244 1 429 1 375 2 116 1 155 1 339 1 349 1 398 2 329 1 335 1 10 1 356 2 358 2 404 1 359 2 395 2 331 1 407 1 337 2 477 1 478 1 233 1 486 2
//IdTournes NbColis
16 6
//IdColis IdCommandeInColis NbProducts IdProd1 QtyProd1 IdProd2 QtyProd2 ...
181 60 29 72 1 410 1 376 1 461 1 201 1 397 1 183 1 375 2 162 1 339 1 349 1 398 2 335 1 329 1 10 1 358 2 404 1 356 2 359 2 382 1 395 2 331 1 407 1 470 1 620 1 646 1 389 1 532 1 503 1
185 62 25 616 1 376 1 615 1 327 1 397 1 267 1 375 2 326 1 339 1 349 1 622 2 335 1 329 1 10 1 358 2 404 1 356 2 359 2 395 2 403 1 407 1 620 1 331 1 510 1 486 1
193 66 38 322 1 268 1 257 1 376 1 366 1 514 1 397 1 90 1 641 1 625 1 432 1 375 2 429 1 251 1 284 1 339 1 349 1 398 2 329 1 335 1 10 1 39 1 358 2 404 1 356 2 359 2 395 2 407 1 331 1 389 1 337 1 321 2 439 1 427 2 551 1 590 3 353 1 554 1
195 67 34 544 1 413 1 524 1 290 1 376 1 327 1 406 1 461 2 458 1 397 1 165 1 242 1 612 1 375 2 429 1 326 1 162 2 398 2 269 1 339 1 349 1 329 1 10 2 358 2 404 1 356 2 359 2 382 1 395 2 407 1 298 1 331 1 316 1 633 1
218 78 14 339 1 349 1 335 1 10 2 39 1 110 1 404 1 356 2 358 2 395 2 359 2 407 1 331 1 599 1
220 79 21 162 1 640 1 581 1 97 1 116 1 398 2 339 1 349 1 291 1 329 1 335 1 10 1 404 1 356 2 358 2 395 2 359 2 407 1 331 1 456 1 210 2
//IdTournes NbColis
17 6
//IdColis IdCommandeInColis NbProducts IdProd1 QtyProd1 IdProd2 QtyProd2 ...
23 6 44 54 1 74 1 75 1 445 2 12 1 49 1 71 1 402 1 323 1 373 1 334 1 460 1 387 1 473 1 77 1 327 1 376 1 461 1 480 1 444 1 397 1 414 1 429 1 375 2 76 1 339 1 349 1 398 2 329 1 335 1 462 1 356 2 358 2 487 1 359 2 382 1 395 2 489 1 331 1 492 1 407 1 389 1 321 1 490 1
26 7 43 20 1 51 2 52 1 95 1 111 1 689 1 706 1 386 1 50 1 501 1 12 1 446 1 394 1 479 1 299 1 96 1 376 1 514 1 397 1 429 1 375 2 14 1 116 1 339 1 349 1 398 2 329 1 335 1 462 1 356 2 358 2 404 1 697 1 359 2 395 2 646 1 331 1 407 1 233 1 657 1 507 1 353 1 433 2
115 36 43 390 2 521 1 72 1 322 1 377 1 584 1 643 1 376 1 400 1 458 2 397 1 414 2 370 1 609 1 224 1 429 1 375 2 188 2 162 1 11 1 640 2 476 1 339 1 349 1 398 2 270 1 405 1 279 1 329 1 335 1 462 1 110 1 356 2 358 2 404 1 359 2 395 2 331 1 407 1 337 2 321 1 471 2 357 1
127 40 21 46 1 411 1 32 1 24 1 650 1 685 2 670 1 254 1 420 1 25 1 99 1 161 2 55 1 13 1 16 1 17 2 20 1 51 2 52 1 250 2 229 1
133 42 26 171 1 61 1 37 1 143 1 491 1 78 1 246 1 254 1 170 1 13 1 16 1 17 1 20 1 167 1 38 1 51 1 52 1 245 1 15 1 74 1 256 1 536 1 142 1 144 1 253 1 402 1
138 44 19 138 1 196 1 19 1 40 1 365 1 32 1 453 1 31 1 417 1 91 1 66 1 260 1 99 1 178 1 226 1 184 1 80 1 209 1 13 1
//IdTournes NbColis
18 6
//IdColis IdCommandeInColis NbProducts IdProd1 QtyProd1 IdProd2 QtyProd2 ...
196 68 32 374 1 547 1 262 1 99 1 228 1 80 1 55 1 381 1 16 1 17 1 20 1 51 2 52 1 364 1 613 1 44 1 636 1 150 1 75 1 354 1 332 1 12 1 534 1 323 1 644 1 390 1 416 1 268 1 643 1 376 1 458 1 492 1
206 73 22 220 1 42 1 40 1 378 2 467 1 379 1 16 1 17 1 20 1 51 1 52 1 283 1 488 1 639 1 386 1 642 1 437 1 12 1 402 2 310 1 72 1 404 1
207 73 27 410 1 29 1 128 1 192 1 376 1 397 1 414 1 234 1 217 1 375 1 11 1 398 2 405 1 339 1 349 1 329 1 335 1 563 1 39 1 356 1 358 1 359 2 395 2 407 1 646 1 331 1 590 1
213 76 34 262 1 204 1 491 1 179 1 186 1 48 1 135 1 226 1 13 1 167 1 134 1 636 1 150 1 75 1 528 1 362 1 73 1 607 1 562 1 129 1 558 1 425 2 644 1 416 1 193 1 327 1 376 1 397 1 589 1 415 1 423 1 267 1 375 1 188 1
20 5 36 141 1 371 1 310 1 323 1 387 1 521 3 72 1 268 2 257 1 376 1 597 1 201 1 397 1 641 1 267 1 375 2 429 1 640 1 14 1 116 2 398 2 339 1 349 1 231 1 329 1 335 1 39 1 404 1 356 2 358 2 359 2 395 2 407 1 418 1 331 1 550 1
140 44 39 268 2 299 1 377 1 376 1 327 3 679 1 681 1 397 1 414 2 258 1 33 1 87 2 375 2 429 2 65 1 339 1 349 1 398 3 335 2 462 1 329 1 358 2 404 1 356 2 293 1 359 3 452 1 395 3 545 1 407 2 418 1 324 1 331 2 508 1 499 1 539 1 537 1 399 1 353 2
//IdTournes NbColis
19 6
//IdColis IdCommandeInColis NbProducts IdProd1 QtyProd1 IdProd2 QtyProd2 ...
227 83 30 225 1 422 1 34 1 135 1 180 1 184 1 16 1 17 1 20 1 51 2 52 1 15 1 112 1 109 1 73 1 583 1 94 1 323 1 268 1 159 1 361 1 376 1 493 2 647 1 258 1 188 1 247 1 494 2 495 1 321 2
15 4 27 17 2 51 3 52 2 531 1 564 2 488 1 15 2 111 1 591 2 354 1 53 1 70 1 182 1 449 1 534 1 672 1 446 1 455 1 310 1 521 1 701 1 72 2 500 1 577 2 232 1 376 1 615 1
41 12 30 454 1 677 1 80 1 16 1 17 1 20 1 51 2 52 1 151 1 15 1 678 1 437 2 445 2 113 1 73 2 392 1 408 1 352 1 94 1 371 1 446 1 334 1 387 1 390 2 72 1 416 1 322 2 268 1 299 1 329 1
66 20 21 704 1 64 1 117 2 422 1 417 1 421 1 228 2 226 1 184 1 702 1 16 1 17 2 51 2 52 2 15 2 166 1 101 1 692 1 74 2 115 2 445 1
79 24 29 377 1 577 1 376 1 681 1 444 1 397 1 415 2 658 1 370 1 165 1 686 1 375 2 326 1 65 1 398 2 339 1 349 1 329 1 335 1 358 2 404 1 356 2 359 1 395 2 407 1 331 1 456 1 691 1 550 1
90 28 39 38 1 51 2 52 1 283 1 700 1 665 1 15 1 639 1 74 1 437 1 703 1 144 1 71 1 412 1 466 1 323 1 451 1 699 1 376 1 595 1 397 1 118 1 87 1 287 1 375 2 339 1 349 1 398 2 329 1 335 1 39 1 356 2 358 2 359 2 452 1 395 2 331 1 388 1 367 1
//IdTournes NbColis
20 6
//IdColis IdCommandeInColis NbProducts IdProd1 QtyProd1 IdProd2 QtyProd2 ...
118 37 30 17 1 20 1 51 2 52 1 721 1 582 2 364 1 488 2 459 2 464 1 15 1 150 1 74 1 372 1 119 1 362 2 672 1 352 1 558 1 309 1 718 1 553 1 524 2 376 1 406 1 397 1 375 2 188 2 674 1 594 1
143 45 39 184 1 16 1 17 1 20 1 51 2 52 1 285 1 668 1 15 1 74 1 372 1 332 1 142 1 235 1 465 1 402 1 94 1 455 1 558 1 323 1 460 1 521 1 438 1 552 1 377 1 96 1 199 1 671 1 676 1 376 1 271 1 397 1 370 1 414 1 432 1 572 1 429 1 375 1 398 1
146 46 36 15 1 54 1 74 1 501 1 332 1 455 1 334 1 460 1 268 1 376 1 271 1 397 1 509 1 432 1 375 1 339 1 349 1 398 2 273 1 329 1 356 1 358 1 404 1 359 2 395 2 403 1 331 1 368 1 407 1 508 1 210 1 321 2 511 1 497 1 427 1 433 1
182 61 26 225 1 401 1 69 1 651 1 31 1 650 1 417 1 161 1 80 1 16 1 17 1 20 1 51 1 52 1 245 1 603 1 535 1 463 1 15 1 71 1 113 1 402 1 323 1 373 1 334 1 97 1
192 66 27 637 1 374 1 485 1 190 1 457 1 16 1 17 1 20 1 51 2 52 1 151 1 464 1 95 1 15 1 604 1 75 1 109 1 208 1 113 1 465 1 259 1 518 1 558 1 342 1 428 1 394 1 552 1
194 67 31 391 1 32 1 62 1 333 1 91 1 124 1 168 1 122 1 283 1 364 1 459 1 272 1 311 1 15 1 134 1 68 1 386 1 280 1 346 1 57 1 142 1 71 2 449 1 371 2 446 1 455 1 558 1 425 1 460 1 521 1 504 1
//IdTournes NbColis
21 6
//IdColis IdCommandeInColis NbProducts IdProd1 QtyProd1 IdProd2 QtyProd2 ...
92 29 19 189 1 171 1 85 1 40 1 190 1 330 1 78 1 45 1 417 1 160 1 200 1 16 1 17 2 20 2 51 2 52 2 156 1 464 1 74 1
135 43 16 172 1 125 1 240 1 384 1 263 1 85 1 547 1 457 1 66 1 420 1 168 1 180 1 160 1 16 1 17 1 445 1
147 47 14 104 1 26 1 60 1 401 2 85 1 485 1 262 1 63 2 25 2 168 1 226 1 16 1 17 2 397 1
172 56 20 189 1 19 1 655 1 517 1 85 1 37 1 143 1 522 1 330 1 179 1 31 1 454 1 580 1 16 1 17 1 20 1 51 1 52 1 325 1 506 1
180 60 26 380 1 396 1 85 1 638 1 330 1 286 1 186 1 24 1 154 1 379 1 16 1 17 1 20 1 51 2 52 1 603 1 278 1 632 1 463 1 75 1 591 1 144 1 113 1 302 1 473 1 177 1
208 74 23 46 1 396 1 85 1 422 2 48 1 16 1 17 1 20 1 51 2 52 1 602 1 364 1 488 1 459 1 464 1 372 1 386 1 445 2 449 2 560 2 402 1 191 1 404 1
//IdTournes NbColis
22 6
//IdColis IdCommandeInColis NbProducts IdProd1 QtyProd1 IdProd2 QtyProd2 ...
19 5 26 262 1 34 1 45 1 62 1 420 1 170 1 381 1 16 1 17 2 51 2 52 1 245 1 156 1 543 1 582 2 289 1 665 1 424 1 112 1 372 1 437 1 445 3 362 1 332 1 21 1 659 1
74 23 18 172 1 380 1 360 1 117 1 181 1 662 1 417 1 168 1 170 1 180 2 184 2 80 1 578 1 694 1 16 1 17 2 20 1 51 2
103 33 22 225 1 546 1 37 1 393 1 23 1 24 1 417 1 99 1 226 1 184 1 80 1 55 1 694 1 16 1 17 1 20 1 51 2 52 1 114 1 632 1 463 1 75 1
120 38 19 189 1 240 1 61 1 374 1 18 1 117 1 662 1 330 1 491 1 34 1 48 2 238 1 88 1 237 1 25 1 131 1 55 1 16 1 404 1
131 41 17 104 1 60 1 19 1 374 1 716 1 18 2 36 1 203 1 379 1 168 1 67 1 684 1 16 1 17 2 20 1 51 2 323 1
139 44 30 16 1 17 2 20 1 51 2 52 1 278 1 86 1 134 1 548 1 362 1 57 1 392 1 534 1 94 1 259 1 43 2 191 1 252 1 673 1 371 1 446 1 323 1 373 1 513 1 390 2 540 1 544 1 202 2 524 2 206 1
//IdTournes NbColis
23 6
//IdColis IdCommandeInColis NbProducts IdProd1 QtyProd1 IdProd2 QtyProd2 ...
145 46 17 103 1 104 1 380 1 360 1 37 1 143 1 190 1 136 1 228 1 16 1 17 1 20 1 51 1 52 1 264 1 272 1 464 1
150 48 19 225 1 261 1 60 1 384 1 365 1 222 1 135 1 108 1 16 1 17 1 20 1 167 1 51 1 52 1 149 1 156 1 266 1 346 1 206 1
152 49 26 42 1 61 1 481 1 204 1 179 1 286 1 197 1 457 1 34 1 91 1 66 1 16 1 17 1 20 1 51 1 52 1 245 1 114 1 285 1 289 1 459 1 112 1 230 1 256 1 402 1 239 1
154 50 16 172 1 93 1 713 1 19 1 365 1 391 1 350 1 107 1 63 1 106 1 16 1 17 1 20 1 51 2 52 1 250 1
158 51 34 89 1 286 1 63 1 379 1 131 1 16 1 17 1 20 1 51 2 52 1 266 1 488 1 272 1 68 1 354 1 437 1 501 1 465 1 672 1 194 1 301 1 310 1 460 1 387 1 336 1 524 1 268 2 377 1 376 1 400 1 327 1 406 1 397 1 475 1
161 52 24 37 1 374 2 378 1 393 1 300 1 36 1 48 1 62 1 275 1 108 1 180 1 131 1 52 1 266 1 16 1 17 1 20 1 167 1 51 2 311 1 325 1 74 1 280 1 458 1
//IdTournes NbColis
24 6
//IdColis IdCommandeInColis NbProducts IdProd1 QtyProd1 IdProd2 QtyProd2 ...
176 58 21 216 1 648 1 40 2 417 1 66 1 16 1 17 1 20 1 51 2 52 1 266 1 531 1 463 1 649 1 208 1 332 1 113 1 73 2 583 1 392 1 402 1
202 71 27 104 1 19 1 491 1 89 1 107 1 568 1 457 1 63 1 16 1 17 1 20 1 51 1 52 1 459 1 75 1 187 1 207 1 73 1 387 1 159 1 376 1 663 1 397 1 217 1 255 1 287 1 375 2
204 72 24 196 1 19 1 396 1 56 1 662 1 491 1 59 1 454 1 55 2 580 1 16 1 17 1 20 1 51 1 52 1 264 1 535 1 68 1 437 1 142 1 71 1 73 1 129 1 376 1
215 77 31 396 1 37 1 491 1 568 1 63 1 55 1 16 1 17 1 20 1 51 2 52 1 149 1 364 1 459 1 325 1 111 1 437 1 346 1 332 1 362 1 142 1 265 1 560 1 460 1 428 1 521 1 631 1 606 1 376 1 436 1 581 1
219 79 27 58 1 374 2 350 1 179 1 453 1 275 1 226 1 16 1 17 1 20 1 51 2 52 1 266 1 364 1 459 1 272 1 332 1 560 1 455 2 390 1 521 2 268 1 376 1 461 1 397 1 375 2 357 1
223 81 33 196 1 40 1 417 1 653 1 16 1 17 1 20 1 51 2 52 1 250 1 459 1 567 1 119 1 566 1 94 1 323 1 425 1 644 1 400 1 615 1 376 1 397 1 625 1 244 1 429 1 375 2 163 1 398 2 405 1 339 1 349 1 462 1 329 1
//IdTournes NbColis
25 6
//IdColis IdCommandeInColis NbProducts IdProd1 QtyProd1 IdProd2 QtyProd2 ...
47 14 35 17 1 51 2 52 1 151 1 464 2 272 1 632 1 79 1 372 1 437 1 501 1 126 1 49 1 660 1 253 1 121 1 558 1 323 1 469 2 701 1 72 1 282 1 322 1 128 1 376 1 461 1 458 1 397 1 589 1 415 2 90 1 87 1 375 2 145 1 398 1
50 15 39 712 1 531 1 668 1 123 1 54 1 68 1 346 1 437 2 126 1 141 1 610 1 43 1 323 1 387 1 268 1 128 1 376 1 589 1 415 1 436 1 397 1 267 1 375 2 339 1 349 1 398 2 329 1 335 1 356 2 358 2 359 2 395 2 331 1 484 1 312 1 340 1 210 1 321 1 523 1
97 31 9 216 1 225 1 125 1 196 1 384 2 40 1 18 1 78 2 208 1
123 39 16 172 1 46 1 137 1 396 1 401 1 143 1 300 1 18 1 262 1 69 1 556 1 453 1 568 1 197 1 31 1 371 1
148 47 33 20 1 51 2 52 1 459 2 123 1 74 1 187 1 386 1 437 1 332 2 661 1 412 1 387 1 390 2 394 2 521 1 701 1 72 1 268 1 524 1 299 1 327 1 376 1 429 1 375 2 175 1 163 1 339 1 349 1 398 2 329 1 356 2 358 1
69 21 18 172 1 41 1 19 2 37 1 32 1 174 1 350 1 78 1 454 1 91 1 133 1 168 1 108 1 178 1 151 1 488 1 169 1 50 1
//IdTournes NbColis
26 6
//IdColis IdCommandeInColis NbProducts IdProd1 QtyProd1 IdProd2 QtyProd2 ...
109 35 14 103 1 380 1 19 1 42 1 61 1 378 2 190 1 181 1 547 1 36 1 556 1 568 1 102 3 340 1
157 51 10 139 1 125 2 637 1 308 1 19 1 42 1 61 1 391 1 219 1 197 1
160 52 9 220 1 103 1 240 1 164 1 41 1 263 1 19 1 42 1 401 1
171 55 23 610 1 583 1 334 1 447 1 611 1 601 1 128 1 397 1 87 1 217 1 375 2 339 1 349 1 398 2 329 1 335 1 356 2 358 2 404 1 359 2 395 2 331 1 407 1
199 69 35 627 1 558 1 310 1 373 1 387 1 631 1 361 1 376 1 397 1 595 1 509 1 432 1 87 1 572 1 375 2 429 1 398 2 405 1 339 1 349 1 329 1 335 1 358 2 404 1 356 2 359 2 395 2 492 1 407 1 470 2 331 1 456 1 507 1 634 1 439 1
191 65 27 445 2 73 1 338 1 232 1 376 1 461 3 480 1 397 1 236 1 287 1 375 2 188 1 155 1 339 1 349 1 398 2 273 1 329 1 358 2 404 1 356 2 359 2 382 1 395 2 298 1 331 1 351 1
//IdTournes NbColis
27 6
//IdColis IdCommandeInColis NbProducts IdProd1 QtyProd1 IdProd2 QtyProd2 ...
136 43 35 20 1 51 2 52 1 74 1 75 1 79 1 445 2 362 2 49 1 71 1 73 2 660 1 562 1 323 1 425 1 302 1 309 1 334 1 428 1 460 1 413 1 322 2 438 1 299 1 410 1 376 1 461 1 444 1 397 1 609 1 429 1 375 2 76 1 65 1 210 1
165 53 41 20 1 51 1 52 1 574 1 591 1 386 1 585 1 50 1 362 1 352 1 191 2 373 1 394 1 592 1 406 1 201 1 397 1 571 1 375 2 76 1 339 1 349 1 398 2 405 1 329 1 335 1 356 2 358 2 404 1 293 1 359 2 395 2 403 1 331 1 368 1 407 1 337 1 383 1 565 1 399 1 388 1
7 2 32 167 1 51 2 52 1 573 1 543 1 613 1 688 1 689 1 50 2 332 1 49 1 141 1 144 1 71 2 73 2 534 1 446 1 373 1 390 2 394 1 521 1 549 1 72 1 77 1 410 1 128 2 192 1 177 1 159 1 616 1 376 1 423 1
142 45 11 104 1 125 1 93 1 196 1 60 1 137 1 37 1 491 1 197 1 59 1 47 1
111 35 36 74 1 79 1 372 2 141 1 144 1 71 2 661 1 127 1 371 1 447 1 544 1 72 2 377 1 577 2 257 1 376 1 458 2 397 1 375 2 326 1 188 1 162 1 284 1 339 1 349 1 398 3 405 3 291 1 329 1 462 1 356 2 358 2 404 1 359 3 382 1 395 2
8 2 28 397 1 370 1 33 2 242 1 579 1 375 2 674 2 162 1 30 1 116 1 155 1 211 1 339 1 349 1 398 2 279 1 329 1 39 1 358 2 404 1 356 2 359 2 395 2 403 1 492 1 407 1 331 1 478 1
//IdTournes NbColis
28 6
//IdColis IdCommandeInColis NbProducts IdProd1 QtyProd1 IdProd2 QtyProd2 ...
48 14 23 398 1 339 1 349 1 329 1 335 1 39 1 487 1 404 1 356 2 358 2 382 1 395 2 697 1 359 2 407 1 298 1 331 1 698 1 316 1 503 1 486 1 307 1 427 1
67 20 33 445 2 332 2 566 1 53 1 113 1 661 1 392 1 560 2 409 1 627 1 323 1 426 1 451 1 334 1 428 1 268 1 290 1 376 1 423 2 589 1 397 1 432 1 375 2 674 1 605 1 163 1 339 1 349 1 398 3 329 1 335 2 39 3 356 2
83 26 40 79 1 50 1 501 1 445 2 53 1 144 1 194 1 446 1 373 1 516 1 473 1 549 1 292 1 416 1 268 1 377 1 376 1 201 1 436 1 397 1 414 1 370 1 267 1 375 2 339 1 349 1 398 2 329 1 335 1 39 1 356 2 358 2 404 1 533 1 359 2 395 2 331 1 407 1 343 1 490 1
94 29 13 335 2 39 1 404 1 356 2 358 2 395 3 359 3 407 2 331 2 389 1 340 2 210 2 431 1
96 30 38 323 1 474 1 516 1 544 1 193 1 376 1 397 1 212 1 287 1 375 2 65 1 211 1 339 1 349 1 398 2 329 1 335 1 39 1 356 2 358 2 404 1 533 1 359 2 382 1 395 2 489 1 403 1 470 1 331 1 407 1 389 1 645 1 340 2 210 1 233 1 537 1 288 1 490 1
179 59 28 534 1 428 1 72 1 524 1 268 1 376 1 397 1 242 1 375 2 339 1 349 1 398 2 405 2 335 1 329 1 39 1 356 2 358 2 404 1 359 1 395 2 331 1 492 1 407 1 456 1 594 1 288 1 351 1
//IdTournes NbColis
29 6
//IdColis IdCommandeInColis NbProducts IdProd1 QtyProd1 IdProd2 QtyProd2 ...
189 64 33 309 1 394 1 377 1 577 1 376 1 514 1 397 1 589 1 118 1 625 1 375 2 429 2 339 1 398 2 349 1 291 1 329 1 335 1 39 1 110 1 358 2 404 1 356 2 359 2 395 2 483 1 407 1 331 1 442 1 210 1 507 1 348 1 288 1
197 68 30 397 1 612 1 212 1 432 1 267 1 375 2 429 1 581 1 398 2 339 1 349 1 279 1 329 1 335 1 39 1 358 2 404 1 356 2 359 2 382 1 395 2 407 1 298 1 331 1 456 1 645 1 313 1 594 1 486 1 599 1
216 77 26 397 1 370 1 224 1 287 1 429 1 375 2 398 2 405 1 339 1 349 1 329 1 335 1 39 1 515 1 404 1 356 2 358 2 395 2 359 2 559 1 492 1 407 1 331 1 399 1 321 1 341 1
113 36 10 216 1 220 1 147 1 221 1 263 1 40 1 485 2 467 1 223 1 113 1
155 50 39 114 1 278 1 283 1 347 1 364 1 272 1 187 1 372 1 585 1 100 1 362 1 661 1 392 1 259 1 518 1 342 1 387 1 394 1 292 1 322 1 336 1 327 2 376 1 400 1 663 1 366 1 397 1 579 1 375 2 339 1 349 1 398 2 329 1 335 1 356 2 358 2 404 1 359 2 395 2
42 12 27 606 1 257 1 376 1 615 1 366 1 397 1 267 1 429 1 375 2 674 1 97 1 284 1 339 1 349 1 398 2 335 1 110 1 356 2 358 2 404 1 359 2 395 2 331 1 407 1 321 1 351 1 357 1
//IdTournes NbColis
30 6
//IdColis IdCommandeInColis NbProducts IdProd1 QtyProd1 IdProd2 QtyProd2 ...
58 18 36 149 1 156 1 582 1 463 1 74 1 119 1 57 1 141 1 142 1 455 1 373 1 500 1 327 2 376 1 461 1 397 1 579 1 375 2 162 1 97 1 339 1 349 1 398 2 329 1 335 1 462 1 356 2 358 2 404 1 533 1 359 2 395 2 489 1 331 1 407 1 490 1
151 48 32 71 1 265 1 402 2 355 1 338 1 318 1 334 1 361 1 376 1 397 1 244 1 267 1 375 1 145 1 163 1 269 1 270 1 339 1 349 1 398 2 291 1 329 1 335 1 356 1 358 1 404 1 296 1 359 2 395 2 331 1 407 1 210 1
64 20 7 103 1 220 1 139 1 173 1 276 1 277 1 384 1
173 56 26 141 1 588 1 465 1 518 1 419 1 611 1 644 1 516 1 299 1 586 1 629 1 257 1 493 2 366 1 625 1 652 1 494 2 398 1 520 1 335 1 462 1 654 1 495 1 507 1 433 1 367 1
214 76 20 247 1 398 2 339 1 349 1 329 1 335 1 404 1 356 1 358 1 382 1 395 2 359 2 407 1 331 1 340 1 210 1 523 1 477 1 529 1 433 1
159 51 19 589 1 415 2 370 1 579 1 375 2 145 1 339 1 349 1 398 2 335 1 329 1 110 2 358 2 404 1 356 2 359 2 395 2 407 1 331 1
//IdTournes NbColis
31 6
//IdColis IdCommandeInColis NbProducts IdProd1 QtyProd1 IdProd2 QtyProd2 ...
39 11 17 339 1 349 1 273 1 329 1 335 1 110 2 356 2 358 2 404 1 724 1 359 1 395 2 331 1 407 1 434 1 363 1 599 1
201 70 31 473 1 72 1 586 1 376 1 271 1 458 1 597 1 480 1 397 1 572 1 375 2 581 1 398 2 339 1 349 1 291 1 329 1 335 1 358 2 404 1 356 2 293 1 359 2 452 1 395 2 407 1 596 1 331 1 348 1 590 2 498 1
212 75 20 376 1 397 1 609 1 375 2 116 1 398 2 339 1 349 1 329 1 335 1 404 1 356 2 358 2 395 2 359 2 407 1 418 1 331 1 321 1 431 2
144 45 28 375 1 398 1 339 1 349 1 273 1 279 1 462 1 329 1 335 1 487 1 404 1 356 2 358 2 382 1 395 2 359 2 407 1 298 1 331 1 389 1 565 1 337 1 312 1 340 1 210 1 388 1 550 1 357 1
153 49 32 302 1 309 1 342 1 281 1 282 1 327 2 376 1 397 1 287 1 375 2 163 1 284 1 339 1 349 1 398 2 405 2 279 1 329 1 335 1 462 1 356 2 358 2 404 1 359 2 395 2 470 1 331 1 407 1 468 1 321 2 475 1 399 1
177 58 29 446 1 323 1 530 1 309 1 268 1 376 1 366 1 397 1 658 1 375 2 339 1 349 1 398 2 273 1 279 1 329 1 335 1 356 2 358 2 404 1 656 1 359 2 395 2 403 1 331 1 407 1 523 1 619 1 353 1
//IdTournes NbColis
32 6
//IdColis IdCommandeInColis NbProducts IdProd1 QtyProd1 IdProd2 QtyProd2 ...
183 61 35 334 1 530 1 447 1 469 1 496 1 387 1 376 1 406 1 461 1 397 1 612 1 652 1 375 2 640 1 284 1 339 1 349 1 398 2 270 1 335 1 462 1 329 1 356 2 358 2 404 1 526 1 359 2 395 2 331 1 407 1 305 1 657 1 288 1 486 2 319 1
203 71 24 284 1 398 2 339 1 349 1 279 1 329 1 335 1 404 1 356 2 358 2 533 1 359 2 395 2 489 1 407 1 331 1 383 1 389 1 337 1 210 1 321 2 490 1 486 2 550 1
205 72 27 371 1 446 1 323 1 447 1 611 1 436 1 397 1 480 1 375 2 398 2 339 1 349 1 329 1 335 1 404 1 356 2 358 2 533 1 359 2 395 2 489 1 407 1 418 1 331 1 389 1 337 1 490 1
76 23 16 356 1 358 2 404 1 359 2 382 1 395 2 483 1 306 2 331 1 484 1 407 1 210 2 468 1 320 1 353 1 486 1
163 52 5 313 1 210 2 288 1 328 1 319 1
51 15 1 288 1
//IdTournes NbColis
33 6
//IdColis IdCommandeInColis NbProducts IdProd1 QtyProd1 IdProd2 QtyProd2 ...
141 44 3 550 1 590 2 431 2
224 81 14 335 1 404 1 356 2 358 2 395 2 359 2 407 1 331 1 389 1 337 1 468 1 619 1 321 1 590 2
112 35 11 395 1 452 1 298 1 306 1 331 2 407 2 383 2 315 1 294 1 307 1 367 1
13 3 14 489 1 297 1 305 1 331 1 492 1 407 1 337 1 389 1 456 1 312 1 316 1 490 1 304 1 353 1
149 47 20 358 1 515 1 359 2 382 1 395 2 403 1 298 1 331 1 407 1 337 1 456 2 565 1 313 1 468 1 321 1 478 1 388 1 433 1 551 1 486 1
68 20 13 358 2 404 1 359 3 395 3 305 2 331 2 407 2 337 1 427 3 353 2 431 1 433 1 486 2
//IdTournes NbColis
34 4
//IdColis IdCommandeInColis NbProducts IdProd1 QtyProd1 IdProd2 QtyProd2 ...
156 50 13 331 1 407 1 337 2 389 1 456 1 363 2 321 2 341 1 348 1 320 1 351 1 353 1 357 1
119 37 17 339 1 349 1 398 2 329 1 335 1 462 1 356 2 358 2 404 1 533 1 359 2 395 2 331 1 407 1 456 1 321 1 490 1
222 80 14 349 1 329 1 335 1 404 1 356 2 358 2 395 1 359 2 407 1 331 1 367 1 599 1 351 1 431 1
130 40 1 357 1
