//NbTournees
19
//IdTournes NbColis
1 6
//IdColis IdCommandeInColis NbProducts IdProd1 QtyProd1 IdProd2 QtyProd2 ...
3 1 28 410 1 248 2 402 1 431 3 148 2 103 1 245 1 175 1 72 1 369 1 1 1 12 1 30 1 55 1 64 2 74 3 65 1 408 1 194 1 428 1 105 1 17 1 73 1 423 1 188 1 201 1 426 1 337 3
7 2 39 128 1 234 1 648 1 78 1 311 1 454 1 154 1 51 1 431 1 233 1 568 1 175 2 358 1 5 1 372 1 1 1 12 1 15 1 31 1 64 1 55 2 74 1 7 1 336 3 428 1 199 1 52 1 66 1 437 1 383 1 185 1 376 1 332 1 329 1 371 1 370 1 330 1 630 1 651 1
10 3 23 59 1 61 2 633 1 232 1 153 1 172 1 401 1 307 1 230 1 141 1 145 1 341 1 522 2 133 2 2 1 314 1 411 2 90 1 146 1 38 1 130 1 167 1 200 2
11 3 28 200 1 640 1 246 2 84 1 387 2 309 1 448 1 324 1 21 3 78 1 321 1 410 1 454 2 364 4 178 1 231 1 318 1 626 2 431 1 349 2 5 1 192 2 1 1 4 1 12 2 29 1 64 1 55 1
15 4 34 154 1 16 1 626 1 380 2 137 1 148 1 1 2 4 1 12 1 27 2 29 1 30 1 64 1 55 1 179 1 194 1 421 1 82 1 143 1 181 1 647 1 17 2 525 1 434 1 197 2 70 4 267 1 370 1 355 1 188 1 325 2 430 1 337 3 339 1
28 7 39 418 1 154 1 489 1 115 1 417 2 103 1 455 1 459 1 442 1 12 1 28 1 64 1 336 2 404 1 438 1 441 1 440 2 457 1 490 1 303 2 443 1 182 1 257 1 260 1 383 1 376 1 329 1 266 1 267 1 427 1 453 2 261 1 370 1 393 1 325 1 189 1 337 1 339 1 202 3
//IdTournes NbColis
2 6
//IdColis IdCommandeInColis NbProducts IdProd1 QtyProd1 IdProd2 QtyProd2 ...
51 15 31 145 1 238 1 228 1 468 1 488 1 187 2 130 1 131 1 241 2 464 1 246 1 128 2 147 2 489 3 462 1 233 1 473 1 455 1 5 1 442 1 12 1 27 1 55 1 64 1 256 1 494 1 481 1 182 1 257 2 260 2 373 3
58 17 30 435 1 367 1 296 1 86 1 118 1 411 1 209 1 112 1 228 2 474 1 187 1 149 2 167 1 299 1 246 1 128 1 479 1 291 1 290 2 439 2 154 1 177 1 514 1 489 1 300 1 323 2 358 1 455 1 520 1 338 1
71 21 33 456 3 468 1 187 1 246 1 43 2 476 1 123 1 142 1 234 3 240 1 301 1 305 1 284 1 177 1 16 2 51 1 489 2 473 1 455 1 4 1 29 1 31 1 469 2 55 1 64 2 58 1 497 1 256 1 494 1 498 3 306 1 257 1 495 1
74 22 32 313 1 258 2 98 1 230 2 341 1 550 1 228 1 531 1 187 2 315 2 241 1 167 1 447 1 246 1 128 1 507 1 274 1 180 1 489 1 300 1 175 2 338 1 1 1 7 1 49 2 336 1 256 1 199 1 356 1 188 1 339 1 202 1
77 23 30 130 2 140 1 241 1 163 1 167 1 319 1 246 1 123 3 229 1 166 1 375 1 558 1 274 1 316 1 253 1 16 1 47 1 5 1 320 1 1 1 29 1 30 1 55 1 64 2 336 1 256 1 538 1 332 1 267 1 202 1
85 26 33 472 1 314 2 243 1 187 1 344 1 130 2 140 1 167 1 246 1 128 1 240 3 155 1 166 1 479 1 496 1 16 2 489 1 233 3 349 1 350 1 455 1 372 1 64 1 336 1 351 1 256 1 33 1 493 1 303 1 383 1 254 1 189 1 202 3
//IdTournes NbColis
3 6
//IdColis IdCommandeInColis NbProducts IdProd1 QtyProd1 IdProd2 QtyProd2 ...
91 28 32 94 1 551 1 178 1 231 1 16 1 148 1 353 1 358 1 536 1 1 1 12 1 31 1 55 1 64 1 500 1 336 1 256 1 532 1 502 1 66 1 303 1 171 1 254 1 268 1 261 1 355 1 325 1 259 2 189 1 339 1 202 1 357 1
96 30 24 321 1 489 1 368 1 115 1 363 1 5 1 520 1 1 2 4 1 12 1 27 1 470 1 55 1 64 2 58 1 179 1 382 1 256 1 249 1 383 1 247 2 377 1 543 1 202 1
99 32 19 510 1 174 1 173 2 80 1 135 1 287 1 165 1 8 1 9 1 24 1 25 2 62 1 76 1 232 1 367 1 379 1 317 1 228 1 455 1
100 32 31 187 1 315 1 162 1 163 1 246 1 237 1 154 1 16 1 489 1 288 2 137 3 175 1 186 1 358 1 463 1 369 1 372 1 378 1 1 1 4 1 12 1 55 1 64 1 502 1 490 1 513 1 373 1 371 2 370 1 259 1 357 1
102 33 27 262 1 387 1 123 1 78 1 364 2 489 1 248 1 233 1 137 1 175 1 455 1 506 2 55 1 64 1 500 1 508 1 336 1 362 1 181 1 52 1 525 1 322 1 257 1 267 3 70 1 250 1 189 2
104 34 19 154 1 489 1 137 1 459 1 1 1 4 1 30 1 55 1 64 1 256 1 260 1 365 1 263 1 267 1 70 1 261 1 259 1 201 1 202 1
//IdTournes NbColis
4 6
//IdColis IdCommandeInColis NbProducts IdProd1 QtyProd1 IdProd2 QtyProd2 ...
108 36 16 246 1 387 1 166 1 16 1 455 1 29 1 31 1 55 1 64 1 336 1 256 1 183 2 322 1 261 1 259 1 202 1
109 37 24 519 1 528 1 8 1 9 1 24 1 25 2 501 1 62 1 352 1 145 1 230 1 397 1 522 1 146 1 527 1 187 1 406 1 200 1 386 1 246 1 234 1 507 1 334 1 455 1
118 41 14 160 1 16 1 455 1 463 1 470 1 55 1 336 1 483 1 184 1 256 1 322 1 254 1 335 1 202 1
123 44 32 361 1 287 1 8 1 9 1 24 1 25 2 62 1 63 1 232 1 515 1 122 1 228 1 146 1 67 1 99 1 246 1 84 1 94 1 364 1 439 1 280 1 231 1 489 1 1 2 12 1 29 1 55 1 52 1 509 1 171 1 400 1 398 1
18 5 21 3 1 8 1 9 1 13 1 14 1 24 1 25 2 45 1 599 1 62 2 572 1 641 1 642 1 433 1 286 1 295 1 153 1 435 1 104 1 242 2 33 1
32 8 21 237 1 581 1 154 1 16 1 402 1 323 1 384 1 5 1 463 1 338 1 29 1 64 1 74 1 405 1 336 1 561 1 256 1 396 1 575 1 202 1 357 2
//IdTournes NbColis
5 6
//IdColis IdCommandeInColis NbProducts IdProd1 QtyProd1 IdProd2 QtyProd2 ...
55 16 30 229 3 155 4 234 1 102 1 226 1 124 1 345 1 160 1 147 1 237 1 224 1 248 1 244 4 203 2 5 1 72 1 469 1 470 1 55 1 64 1 74 1 533 1 179 1 52 1 540 1 196 1 554 1 555 1 195 1 553 2
68 20 36 133 1 176 1 542 1 126 1 34 1 468 1 486 1 517 2 549 1 187 1 130 1 285 1 167 1 246 1 155 1 302 1 547 1 94 1 226 1 445 1 16 1 245 2 5 1 459 1 469 1 55 1 64 1 523 1 256 1 530 1 541 1 525 2 304 2 495 1 268 2 261 1
88 27 34 149 1 131 1 140 1 241 1 156 1 162 1 246 1 128 1 166 1 507 1 290 1 160 1 580 1 16 1 568 1 5 1 536 1 192 2 27 1 55 1 64 2 58 1 336 1 256 1 249 1 565 1 356 1 359 1 254 2 267 1 575 1 261 1 355 1 357 1
14 4 27 63 1 54 2 59 2 590 1 87 1 139 1 153 1 435 1 100 1 193 1 436 2 127 1 92 1 112 1 67 1 187 1 149 1 140 1 84 1 164 1 628 1 6 1 21 1 78 1 160 1 154 1 171 1
1 1 19 77 1 173 1 227 1 135 2 346 1 56 1 8 1 9 1 24 1 26 2 35 1 37 1 53 1 59 2 76 1 348 1 153 1 172 1 118 1
5 2 16 106 1 394 1 289 1 119 1 649 3 8 2 9 1 22 3 23 1 24 2 26 2 37 1 44 1 59 1 60 1 50 1
//IdTournes NbColis
6 6
//IdColis IdCommandeInColis NbProducts IdProd1 QtyProd1 IdProd2 QtyProd2 ...
9 3 14 11 1 298 1 174 1 109 1 227 1 144 4 8 1 9 1 24 1 26 2 39 1 54 2 59 1 232 1
13 4 15 48 1 587 1 132 1 173 1 106 1 80 1 135 1 165 1 19 1 8 2 9 1 24 2 26 2 42 1 520 1
20 5 38 402 2 431 1 248 1 288 1 323 1 273 1 103 1 245 1 175 1 432 1 12 2 15 1 28 1 29 1 64 1 55 2 7 1 49 3 405 1 622 1 421 1 199 1 71 1 73 1 525 1 434 1 513 1 450 1 182 1 332 1 371 1 266 1 453 1 370 1 355 4 393 3 189 3 202 3
23 6 20 8 1 9 1 10 1 24 1 26 2 62 1 485 1 139 1 331 1 134 2 255 2 141 2 236 2 133 1 228 1 468 1 67 2 187 2 167 1 626 1
26 7 19 174 1 173 1 114 1 168 1 125 1 477 1 287 1 235 2 113 1 471 1 8 1 9 1 24 1 25 2 461 2 62 1 138 1 104 1 175 1
30 8 16 559 1 107 1 89 1 173 2 83 1 169 1 96 1 135 1 170 1 346 1 8 1 9 1 22 1 24 1 25 1 499 1
//IdTournes NbColis
7 6
//IdColis IdCommandeInColis NbProducts IdProd1 QtyProd1 IdProd2 QtyProd2 ...
33 9 14 560 1 518 1 174 1 151 1 173 1 144 1 8 1 9 1 24 1 26 2 37 1 566 1 62 2 576 1
38 11 16 81 2 394 1 120 2 80 1 109 1 119 1 8 2 9 1 24 2 25 2 535 1 62 2 589 1 93 1 108 1 51 1
41 12 21 239 1 174 2 81 1 173 1 83 1 96 1 8 1 9 1 24 1 25 1 537 1 62 1 232 2 215 1 230 1 112 1 243 1 187 1 140 1 163 1 264 1
50 15 15 20 1 206 1 227 1 8 1 9 1 458 1 24 1 26 2 62 1 478 1 153 3 220 1 258 3 216 1 226 1
57 17 14 11 1 518 1 292 1 173 1 210 1 227 1 135 1 144 3 165 1 8 1 9 1 24 1 26 2 62 1
60 18 17 275 1 419 1 173 2 83 1 144 2 80 1 8 1 9 1 10 1 24 1 26 2 563 1 45 1 62 2 572 1 574 1 172 1
//IdTournes NbColis
8 6
//IdColis IdCommandeInColis NbProducts IdProd1 QtyProd1 IdProd2 QtyProd2 ...
63 19 15 11 1 173 1 282 1 227 1 287 1 144 1 573 1 8 2 9 1 24 2 26 2 35 2 59 2 572 1 136 1
67 20 20 298 1 419 2 151 1 168 1 287 1 235 1 119 1 8 1 9 1 458 1 24 1 26 2 537 1 62 1 286 1 232 1 297 1 270 1 522 1 261 1
70 21 19 482 1 173 2 272 1 135 1 287 1 289 1 235 1 8 1 9 1 24 1 25 2 45 1 62 1 232 1 153 2 242 1 236 1 228 1 301 1
73 22 16 20 1 482 1 556 1 174 1 114 1 328 1 165 1 8 1 9 1 23 1 24 1 26 2 62 1 63 1 104 1 98 1
76 23 22 546 1 298 1 174 1 235 1 8 1 9 1 24 1 25 1 62 1 557 1 111 1 317 1 117 1 126 2 243 2 46 1 512 1 517 1 548 1 187 1 149 1 110 1
79 24 19 482 1 173 2 106 1 8 1 9 1 24 1 26 2 59 2 590 1 583 1 172 1 331 1 100 1 258 1 317 2 341 1 595 1 314 1 112 1
//IdTournes NbColis
9 6
//IdColis IdCommandeInColis NbProducts IdProd1 QtyProd1 IdProd2 QtyProd2 ...
82 25 22 293 1 8 1 9 1 24 1 26 2 39 1 54 1 62 2 478 1 172 1 331 1 145 2 236 1 341 1 314 1 146 1 517 1 549 1 241 2 162 2 163 1 33 1
84 26 19 20 1 343 1 170 1 8 1 9 1 24 1 26 1 467 1 62 1 480 1 153 2 313 1 242 1 352 1 367 1 258 1 111 1 296 1 15 1
87 27 17 559 1 174 3 282 1 8 1 9 1 458 1 24 1 26 1 62 1 258 1 354 1 145 1 564 1 243 1 486 1 579 2 187 1
90 28 24 510 1 174 1 132 1 173 1 225 1 545 1 8 1 9 1 24 1 25 1 534 1 62 1 79 1 133 1 46 1 187 1 140 1 130 1 131 1 246 1 544 1 166 1 160 1 179 1
92 29 17 560 1 174 1 135 2 287 1 621 1 8 1 9 1 24 1 25 2 563 1 62 1 627 1 286 1 232 1 366 1 159 2 333 1
95 30 21 360 1 173 1 114 1 168 1 8 1 9 1 24 1 26 2 535 3 62 1 139 1 232 1 98 1 269 1 118 1 159 1 228 1 187 1 246 1 375 2 336 1
//IdTournes NbColis
10 6
//IdColis IdCommandeInColis NbProducts IdProd1 QtyProd1 IdProd2 QtyProd2 ...
97 31 18 596 1 132 1 528 2 361 1 287 1 611 1 8 1 9 1 24 1 25 2 62 1 63 2 232 1 193 1 271 1 228 1 468 1 142 1
101 33 22 173 1 8 1 9 1 24 1 26 2 499 1 42 1 60 1 61 1 62 2 521 1 297 1 331 1 341 1 529 1 524 1 374 1 146 2 34 2 503 1 504 1 386 1
103 34 23 235 1 135 1 287 1 8 1 9 1 24 1 26 2 501 1 45 1 59 1 232 1 127 1 126 1 468 1 512 1 517 2 516 1 155 3 123 3 290 1 526 1 274 1 322 1
105 35 19 559 1 292 1 174 1 173 1 210 1 8 1 9 1 24 1 25 1 599 1 62 1 601 1 93 1 153 1 242 1 236 1 606 1 243 1 209 1
107 36 24 361 2 173 1 85 1 106 1 114 1 19 1 8 1 9 1 24 1 26 1 465 1 62 1 485 1 484 1 317 1 475 1 243 1 486 1 492 1 187 1 130 1 131 1 140 1 245 1
111 38 23 114 1 135 1 608 1 235 1 8 1 9 1 24 1 25 2 62 1 480 1 138 1 139 1 153 2 158 1 388 1 238 1 327 1 126 1 468 1 187 1 149 1 167 1 246 1
//IdTournes NbColis
11 6
//IdColis IdCommandeInColis NbProducts IdProd1 QtyProd1 IdProd2 QtyProd2 ...
113 39 22 77 1 343 1 89 1 217 1 168 1 227 1 144 1 8 1 9 1 24 1 26 1 61 1 62 1 589 1 139 1 176 1 314 2 127 1 187 2 140 1 246 1 256 1
115 40 20 614 1 298 1 174 1 419 1 173 1 394 1 8 1 9 1 24 1 26 1 59 1 153 1 242 1 314 1 243 1 531 1 187 1 406 1 140 1 12 1
117 41 23 487 1 360 1 298 1 151 1 8 1 9 1 24 1 26 1 62 1 414 1 193 1 228 1 243 1 460 1 466 1 474 1 492 1 187 1 140 1 315 1 246 1 166 1 78 1
119 42 27 298 1 173 1 109 1 287 1 144 1 8 1 9 1 24 1 26 1 62 1 87 1 141 1 317 1 211 1 176 1 187 2 140 1 246 1 609 1 390 1 166 1 580 1 237 1 413 1 610 1 16 1 17 1
121 43 29 239 1 132 1 173 1 8 1 9 1 24 1 25 1 62 1 603 1 255 1 602 1 126 1 187 1 516 1 99 1 285 1 140 1 591 1 446 1 246 1 166 1 612 1 94 1 178 1 180 1 605 1 445 1 16 1 349 1
125 45 22 560 1 587 1 239 1 173 1 210 1 109 1 287 1 8 1 9 1 24 1 25 1 62 1 539 1 549 1 123 1 248 1 402 1 582 1 55 1 179 1 184 1 190 1
//IdTournes NbColis
12 6
//IdColis IdCommandeInColis NbProducts IdProd1 QtyProd1 IdProd2 QtyProd2 ...
127 46 19 20 1 361 1 8 1 9 1 10 3 24 1 25 1 61 1 62 1 138 2 592 1 140 1 128 1 166 1 237 1 593 1 16 1 64 1 483 1
129 47 31 528 1 173 1 287 1 8 1 9 1 24 1 25 1 62 1 480 1 313 1 145 1 236 1 317 1 269 1 146 1 460 1 503 1 140 1 591 1 246 1 166 1 16 1 47 1 245 1 459 1 12 1 55 1 64 1 586 1 585 1 70 1
39 11 29 158 2 134 1 193 1 176 1 117 1 146 1 243 2 456 1 468 1 130 2 131 3 162 2 167 1 123 2 142 2 160 1 581 1 323 1 588 1 29 1 55 1 64 2 105 1 199 1 183 1 257 1 415 2 393 1 395 1
22 6 7 20 2 625 1 11 1 32 1 208 1 109 1 182 1
46 13 29 162 3 246 1 43 1 615 1 390 1 399 1 123 1 229 1 234 4 155 1 226 1 345 1 489 2 536 1 221 1 588 1 12 1 29 1 55 1 64 1 105 1 41 1 52 4 509 2 66 1 481 3 252 3 185 3 195 3
62 18 23 248 1 462 1 137 1 288 2 568 1 175 1 449 1 444 1 12 2 469 1 55 1 64 1 405 1 336 1 452 1 179 1 184 1 303 1 254 1 453 1 451 1 188 1 259 2
//IdTournes NbColis
13 6
//IdColis IdCommandeInColis NbProducts IdProd1 QtyProd1 IdProd2 QtyProd2 ...
65 19 32 160 1 280 1 224 1 244 2 175 1 294 1 369 1 12 1 55 1 64 1 405 2 184 1 421 1 404 1 33 1 322 1 303 1 396 1 196 1 383 3 304 1 420 1 267 1 261 1 355 1 250 1 188 1 189 3 201 4 337 1 339 1 202 3
80 24 35 146 1 38 1 149 1 140 1 163 2 155 1 324 1 448 1 78 1 334 1 381 1 274 1 340 1 231 1 154 1 244 1 584 1 312 1 175 1 536 1 338 1 12 1 30 1 55 2 64 2 265 1 376 1 267 1 330 1 335 1 337 1 339 1 426 1 202 1 357 1
83 25 30 167 1 123 1 155 1 78 1 321 1 94 2 311 1 147 1 180 1 326 1 154 1 489 1 248 2 323 1 175 1 12 1 15 1 27 1 55 1 64 1 336 1 41 1 333 1 594 1 332 1 355 2 325 1 188 3 259 1 339 1
110 37 23 274 4 489 1 137 1 72 1 192 1 12 1 15 1 55 1 64 2 336 1 408 1 404 1 256 2 505 1 490 1 303 1 182 1 393 1 395 1 189 1 201 1 202 2 357 2
120 42 23 417 2 607 1 369 1 12 1 55 1 64 2 336 1 416 1 256 1 530 1 532 1 303 1 356 1 513 1 376 1 415 1 267 1 427 1 70 1 370 1 201 1 430 1 357 1
122 43 15 175 1 463 1 192 1 600 1 12 2 31 1 55 1 64 1 336 1 184 1 256 1 199 1 52 1 322 1 395 1
//IdTournes NbColis
14 6
//IdColis IdCommandeInColis NbProducts IdProd1 QtyProd1 IdProd2 QtyProd2 ...
49 14 25 478 1 576 1 242 3 222 1 176 1 126 1 110 1 229 1 234 1 124 1 253 1 15 1 55 1 64 1 105 1 218 1 52 1 509 2 252 3 185 3 265 1 266 1 267 1 259 1 202 1
93 29 28 243 2 209 1 228 1 468 1 486 1 187 1 385 2 246 1 43 1 598 1 507 1 381 1 291 1 311 1 340 1 231 1 489 1 248 1 15 1 29 1 55 1 64 1 336 1 256 1 597 1 505 1 383 1 202 1
114 39 15 155 1 166 1 321 1 418 1 605 1 224 1 16 1 137 1 15 1 64 1 336 1 256 1 400 1 424 1 202 1
42 12 16 166 1 448 1 231 1 16 1 233 1 186 3 192 1 31 1 64 1 58 1 336 1 181 3 256 1 502 1 490 1 268 2
106 35 20 474 1 604 1 130 1 140 1 246 1 166 1 598 1 94 1 154 1 16 1 29 1 336 1 256 1 33 1 502 1 73 1 409 1 400 1 261 1 395 1
112 38 17 507 1 16 1 489 1 582 1 186 1 363 1 55 1 64 1 500 1 336 1 256 1 502 2 490 1 391 1 398 1 335 1 202 1
//IdTournes NbColis
15 6
//IdColis IdCommandeInColis NbProducts IdProd1 QtyProd1 IdProd2 QtyProd2 ...
116 40 25 241 1 246 1 123 1 240 1 164 1 274 3 16 1 368 1 148 1 30 1 55 1 64 1 49 1 336 1 194 1 256 1 249 1 585 1 538 1 620 1 383 1 268 1 325 1 426 1 339 1
17 5 12 20 1 634 1 638 1 18 1 174 2 293 1 283 1 394 1 150 1 109 1 119 1 439 1
36 10 12 623 1 20 1 85 1 121 1 150 1 116 2 157 2 80 1 145 1 176 1 618 1 539 1
24 6 40 200 1 629 1 246 1 43 1 544 1 624 1 262 2 240 1 628 1 147 1 237 1 626 1 489 2 248 1 115 1 244 1 245 1 175 1 27 1 30 1 55 1 64 1 58 1 336 2 622 1 191 1 256 1 41 1 249 1 513 1 631 1 251 3 254 1 420 1 266 1 268 1 261 2 370 3 355 2 630 1
98 31 19 67 1 246 1 547 1 316 1 311 1 380 1 353 1 384 1 459 1 520 1 27 1 55 1 64 1 58 1 336 2 256 1 597 1 376 2 268 2
131 48 21 623 1 482 1 298 1 173 1 116 1 157 1 644 1 145 1 341 1 522 1 176 1 539 1 516 1 140 1 288 1 358 1 29 1 64 1 555 2 195 1 70 2
//IdTournes NbColis
16 6
//IdColis IdCommandeInColis NbProducts IdProd1 QtyProd1 IdProd2 QtyProd2 ...
37 10 25 619 1 550 1 152 1 548 1 491 1 187 2 131 2 162 2 155 2 102 1 124 1 147 1 489 1 203 1 31 1 55 1 64 1 199 1 502 1 196 1 204 1 185 3 195 2 201 2 202 1
59 17 18 192 2 31 1 470 1 55 1 64 2 336 1 523 1 416 1 421 2 256 1 437 1 33 1 511 1 257 1 355 1 398 1 201 1 202 1
48 14 8 623 1 613 1 219 3 121 3 235 1 205 1 616 1 97 1
12 3 20 55 1 58 1 405 2 452 1 105 1 218 1 33 1 322 2 303 2 434 1 332 2 304 1 70 1 371 1 267 1 329 3 355 2 398 1 430 1 202 2
6 2 23 60 1 62 1 650 1 232 1 308 1 310 2 172 1 331 1 134 3 313 1 354 2 341 1 133 1 327 1 652 1 146 2 34 1 68 1 130 1 315 1 241 1 319 1 322 1
133 49 14 638 1 361 1 85 1 116 1 153 1 220 1 522 1 492 1 78 1 124 1 64 1 632 1 543 1 189 2
//IdTournes NbColis
17 6
//IdColis IdCommandeInColis NbProducts IdProd1 QtyProd1 IdProd2 QtyProd2 ...
2 1 29 401 1 242 1 258 1 98 1 341 1 57 1 411 1 422 1 112 1 146 1 243 2 68 1 75 1 187 1 315 1 163 1 167 3 390 1 342 1 123 2 229 1 234 2 240 1 164 1 36 1 78 1 429 1 51 1 412 1
19 5 31 352 1 639 1 98 1 145 1 472 1 159 1 271 1 146 1 40 1 46 1 69 1 75 1 491 1 406 1 276 1 131 1 162 1 163 1 167 1 200 1 447 1 262 1 387 1 635 1 78 1 375 1 392 1 274 4 94 1 147 1 47 1
31 8 28 62 1 570 1 91 1 313 1 79 1 101 1 111 2 136 1 472 1 133 1 118 2 122 1 159 1 243 2 504 1 187 1 110 1 131 1 140 1 163 1 167 1 516 1 571 1 123 1 166 1 562 1 507 1 392 1
64 19 26 572 1 172 1 401 1 136 1 141 2 145 2 341 1 269 1 127 1 146 1 75 2 277 1 278 1 130 1 131 1 246 1 43 3 84 1 123 1 78 1 425 1 410 1 94 1 226 2 160 2 281 1
45 13 12 133 2 176 5 539 1 617 1 112 4 126 4 146 3 46 1 187 5 131 4 241 2 58 1
61 18 22 578 1 93 2 232 2 279 1 331 1 341 1 133 1 436 1 146 1 466 1 503 1 68 1 492 2 110 1 262 2 229 1 324 5 567 1 569 1 78 1 154 1 177 2
//IdTournes NbColis
18 6
//IdColis IdCommandeInColis NbProducts IdProd1 QtyProd1 IdProd2 QtyProd2 ...
27 7 27 367 1 79 1 95 1 98 2 136 1 141 1 341 1 86 1 97 1 129 1 161 1 314 1 90 1 126 2 468 1 491 1 187 1 149 1 88 1 99 1 130 2 163 3 200 1 156 1 128 1 94 1 180 1
134 50 23 637 1 121 2 116 1 157 3 636 1 205 1 153 1 141 1 618 1 539 1 646 1 146 1 643 1 167 1 229 1 645 1 345 2 237 1 536 1 64 1 196 1 185 2 195 1
34 9 32 577 1 158 1 172 2 79 1 141 1 145 1 133 1 118 1 539 1 146 1 69 1 187 1 156 1 200 1 78 1 198 1 178 1 180 1 177 1 489 1 175 1 186 1 192 1 55 1 64 1 184 2 191 1 199 1 183 1 190 1 182 1 189 3
53 16 14 292 1 212 1 239 1 217 1 121 1 347 1 552 1 213 1 116 1 157 2 210 3 96 1 153 4 539 1
54 16 19 242 1 98 1 214 2 136 1 97 1 222 1 223 1 176 1 209 1 117 1 146 1 512 1 167 5 131 4 241 3 162 1 315 1 386 1 123 5
44 13 16 157 3 96 1 235 1 205 1 480 1 153 3 401 2 403 1 214 1 145 1 388 1 341 1 522 4 211 3 133 1 407 1
//IdTournes NbColis
19 6
//IdColis IdCommandeInColis NbProducts IdProd1 QtyProd1 IdProd2 QtyProd2 ...
69 20 1 543 1
43 13 9 623 1 77 1 389 1 207 1 225 1 121 5 394 1 213 2 157 2
52 15 4 247 1 254 2 263 1 259 1
25 6 4 335 1 250 1 189 1 357 3
72 21 1 261 1
86 26 1 357 1
