//NbTournees
5
//IdTournes NbColis
1 6
//IdColis IdCommandeInColis NbProducts IdProd1 QtyProd1 IdProd2 QtyProd2 ...
4 1 34 168 1 144 2 184 1 10 2 70 1 204 1 228 1 226 1 1 1 254 1 2 1 7 2 16 1 17 2 18 2 34 1 45 1 47 3 50 1 52 1 39 2 267 3 257 1 49 1 214 1 233 2 235 1 231 2 236 1 225 1 238 3 234 1 239 1 232 1
24 4 30 317 1 189 1 1 1 3 1 265 1 16 2 17 2 18 3 58 1 2 1 7 1 8 1 34 1 45 1 47 1 50 2 52 1 285 2 258 2 345 1 261 1 347 1 307 3 313 4 218 1 322 1 340 1 343 2 309 1 320 1
9 2 19 56 2 80 1 84 1 155 3 162 1 195 1 101 3 106 1 183 1 79 1 96 1 131 1 138 1 149 1 312 1 72 2 92 1 93 1 3 1
12 2 30 46 1 27 1 228 1 167 2 292 1 327 1 30 1 321 2 2 1 7 1 16 1 18 1 34 2 45 1 47 1 50 1 58 1 61 1 313 3 342 1 49 1 294 1 338 1 299 1 311 1 231 2 225 1 318 1 298 1 337 1
28 5 18 104 1 153 1 90 1 146 1 73 1 98 1 107 1 140 1 193 1 54 1 48 3 56 2 241 1 4 2 5 1 245 1 14 1 81 1
31 5 29 212 1 300 1 242 1 169 1 87 1 88 2 122 1 123 1 139 3 160 1 168 1 172 1 221 3 67 1 70 1 10 1 240 1 114 2 198 1 19 1 16 1 17 2 18 2 50 1 52 2 2 2 7 1 39 2 218 1
//IdTournes NbColis
2 6
//IdColis IdCommandeInColis NbProducts IdProd1 QtyProd1 IdProd2 QtyProd2 ...
1 1 16 280 1 201 1 104 1 142 1 146 1 38 1 73 1 107 2 129 1 140 2 4 2 5 1 9 1 13 1 14 1 81 1
6 2 5 279 1 12 2 21 1 51 1 4 1
8 2 19 105 1 124 1 142 1 296 1 129 1 161 2 163 1 193 1 115 1 150 1 25 1 4 1 5 1 14 2 15 2 31 1 33 1 48 1 85 1
15 3 18 171 1 193 1 121 1 75 1 4 2 5 1 6 1 11 2 14 2 15 2 29 1 43 1 56 2 272 1 278 1 162 1 106 1 32 1
21 4 16 43 1 4 2 5 1 6 1 248 2 249 1 31 1 260 1 48 1 56 2 277 4 291 1 155 1 101 1 183 2 266 1
17 3 33 152 3 143 1 180 1 186 1 202 1 32 1 130 1 151 2 141 1 164 1 256 1 71 1 139 1 160 1 181 1 205 2 303 1 8 2 18 2 50 1 52 1 264 1 267 1 345 3 224 1 223 1 23 2 42 1 62 1 220 2 275 1 297 1 271 1
//IdTournes NbColis
3 6
//IdColis IdCommandeInColis NbProducts IdProd1 QtyProd1 IdProd2 QtyProd2 ...
19 4 8 12 1 244 1 200 1 199 3 74 1 136 1 182 1 295 3
23 4 26 179 2 134 2 190 1 274 1 63 1 32 1 78 2 130 1 212 1 259 1 268 1 305 1 87 1 88 1 118 2 349 2 339 1 221 1 184 3 306 1 10 2 70 1 328 2 327 3 310 1 198 1
25 4 29 23 2 42 1 243 1 273 1 283 1 290 2 208 2 336 1 350 1 213 2 344 1 281 2 311 3 314 1 325 2 332 1 233 1 348 4 330 2 231 1 236 1 304 1 315 1 316 3 318 1 319 3 298 1 335 6 337 2
27 5 6 20 1 12 1 68 2 182 2 174 2 82 1
20 4 16 126 1 91 1 107 1 129 1 140 1 163 2 262 1 263 1 111 1 13 2 14 2 15 3 37 1 41 2 43 1 103 1
2 1 21 14 1 15 2 35 1 56 2 57 1 252 1 270 1 272 1 284 1 286 1 288 2 80 1 84 1 147 1 216 1 79 1 222 1 26 1 203 1 119 2 255 1
//IdTournes NbColis
4 6
//IdColis IdCommandeInColis NbProducts IdProd1 QtyProd1 IdProd2 QtyProd2 ...
29 5 23 14 1 15 2 246 1 80 1 84 1 154 1 159 1 216 1 99 1 100 2 173 1 215 1 188 1 93 1 97 1 102 1 110 1 157 1 175 1 185 1 196 1 137 2 78 1
3 1 21 132 3 197 2 36 1 44 1 282 1 287 2 289 1 217 4 179 1 135 1 143 2 230 1 186 1 22 1 269 2 145 3 170 2 256 1 237 3 206 1 117 1
16 3 27 216 1 302 2 138 1 149 1 176 1 166 1 120 1 55 1 125 1 178 1 127 1 128 1 132 1 197 1 24 2 59 1 60 2 64 1 251 1 44 1 287 1 289 1 217 1 346 1 76 1 134 1 135 2
14 3 11 253 1 158 2 28 2 74 1 104 1 296 1 107 1 129 1 140 2 171 3 208 1
22 4 23 183 1 266 2 302 1 96 1 138 1 329 1 103 2 110 2 324 2 137 1 207 1 250 1 55 1 192 1 308 1 112 2 132 1 177 2 65 1 247 2 219 1 346 1 232 1
30 5 26 194 1 207 1 210 1 250 2 229 1 77 1 83 1 165 2 197 1 40 1 44 1 219 3 94 1 95 1 134 1 135 1 143 1 190 1 148 4 152 1 78 1 130 1 141 2 151 1 212 1 66 1
//IdTournes NbColis
5 4
//IdColis IdCommandeInColis NbProducts IdProd1 QtyProd1 IdProd2 QtyProd2 ...
7 2 11 53 1 158 4 200 1 86 1 331 2 74 1 156 1 182 1 89 1 295 2 73 1
10 2 21 137 1 116 1 323 4 55 1 125 2 187 1 77 3 112 1 113 1 177 1 197 1 64 1 179 3 108 1 134 1 135 2 148 4 152 1 143 1 190 1 186 1
11 2 18 69 1 276 1 78 1 141 2 151 1 145 2 170 3 293 4 212 3 333 5 71 3 109 1 133 1 139 4 160 1 326 1 191 1 306 1
18 3 14 338 1 213 3 211 1 301 1 227 1 233 3 348 2 341 2 236 1 209 3 298 2 334 1 234 1 232 1
