//NbTournees
3
//IdTournes NbColis
1 6
//IdColis IdCommandeInColis NbProducts IdProd1 QtyProd1 IdProd2 QtyProd2 ...
1 1 13 171 5 130 1 134 1 2 1 17 1 11 1 12 2 10 1 147 1 3 1 8 1 19 1 131 1
5 2 28 70 2 31 1 15 2 191 1 18 1 33 1 192 2 196 1 108 1 194 2 22 1 83 2 84 2 81 1 82 1 32 2 195 3 26 2 112 1 27 1 106 1 29 2 86 1 166 3 189 2 190 2 193 1 113 2
15 5 16 82 1 83 2 84 2 79 1 112 1 106 1 182 1 86 1 131 1 73 1 80 1 85 5 156 1 94 3 113 6 128 1
14 5 21 74 1 197 1 72 1 76 1 77 1 87 2 24 1 107 1 28 1 30 1 78 1 191 1 35 2 75 1 33 1 9 1 108 1 41 2 198 1 199 1 81 1
8 3 16 187 1 185 4 107 1 5 1 60 2 64 3 70 1 37 2 42 1 44 1 35 3 69 2 40 3 48 1 96 1 160 1
17 6 28 41 1 164 1 81 1 82 1 83 2 84 2 200 1 32 1 195 2 112 1 150 2 86 1 95 1 14 1 63 1 145 1 85 2 203 1 110 1 94 3 116 2 117 3 118 2 136 2 138 3 139 2 140 3 113 6
//IdTournes NbColis
2 6
//IdColis IdCommandeInColis NbProducts IdProd1 QtyProd1 IdProd2 QtyProd2 ...
9 3 29 9 1 67 1 68 2 153 1 108 1 38 1 41 1 66 1 161 2 184 2 164 2 83 2 84 2 81 1 82 1 61 1 62 2 1 2 112 1 155 3 158 2 47 3 182 2 150 2 86 1 179 2 111 3 46 2 39 1
10 3 26 46 1 43 3 14 5 65 1 39 1 63 1 148 1 181 1 178 1 183 1 85 5 152 1 149 1 110 1 186 5 116 2 117 3 118 2 136 2 138 3 139 2 140 3 180 1 94 3 144 1 113 6
16 6 22 93 1 36 2 89 1 90 1 202 1 8 1 19 1 20 2 21 1 71 2 123 1 201 1 174 1 124 1 91 1 88 1 35 1 92 1 192 1 108 1 96 1 144 1
2 1 25 20 2 21 2 71 2 124 1 172 1 174 1 173 3 107 1 5 1 15 1 18 1 9 1 129 1 119 1 108 1 176 1 83 2 84 2 81 1 82 1 6 1 1 1 4 1 112 1 96 1
4 2 14 154 3 188 2 177 2 23 2 24 1 25 1 8 1 59 3 185 2 28 3 30 2 34 3 96 1 113 1
7 3 12 151 1 154 3 36 4 45 1 177 2 24 1 19 1 20 2 21 2 71 2 123 2 37 1
//IdTournes NbColis
3 6
//IdColis IdCommandeInColis NbProducts IdProd1 QtyProd1 IdProd2 QtyProd2 ...
18 7 24 99 1 24 1 100 1 101 1 109 1 105 2 107 1 28 1 103 2 33 1 97 1 108 1 104 3 81 1 82 1 83 2 84 2 102 2 106 1 86 1 98 1 85 5 96 1 94 2
12 4 26 163 1 33 1 55 1 56 1 159 1 108 1 41 1 157 1 161 2 164 2 83 2 81 1 84 2 82 1 167 1 51 3 106 1 158 1 86 1 166 1 49 3 58 3 156 1 94 3 160 1 113 6
11 4 17 52 1 147 1 25 1 8 2 53 2 54 3 59 1 123 1 162 1 107 1 127 3 57 3 50 1 165 1 163 1 96 1 160 1
3 1 32 141 1 168 2 7 3 16 2 175 1 86 1 95 3 137 1 14 1 13 1 145 1 85 5 142 1 143 1 169 1 135 1 133 1 146 1 110 1 116 2 117 3 118 2 136 2 138 3 139 2 140 2 94 3 132 1 170 2 144 1 113 6 128 1
20 8 34 12 1 115 1 126 1 8 1 19 1 20 2 21 1 71 2 123 1 124 1 121 1 127 1 119 1 108 1 81 1 82 1 83 2 84 2 112 2 120 1 86 1 111 2 14 1 122 1 39 3 114 1 110 1 96 1 116 2 117 3 118 2 94 3 113 6 125 1
6 2 3 193 1 94 3 113 3
