//NbTournees
13
//IdTournes NbColis
1 6
//IdColis IdCommandeInColis NbProducts IdProd1 QtyProd1 IdProd2 QtyProd2 ...
2 1 18 2 2 13 2 14 2 15 2 16 1 26 1 27 1 356 1 405 1 371 1 488 1 114 1 85 1 132 1 190 1 87 1 90 2 136 2
3 1 29 194 1 294 1 301 1 292 2 157 1 391 2 53 1 83 1 103 1 127 1 74 1 92 1 100 1 119 1 24 1 25 1 29 1 438 1 483 1 55 1 79 1 82 1 84 1 89 1 111 2 159 1 343 2 104 1 1 1
6 2 19 28 1 140 1 162 2 110 1 48 1 49 1 62 1 2 2 13 1 14 1 15 2 16 1 33 1 47 1 108 1 183 1 198 1 138 1 65 1
8 2 27 69 1 181 1 113 1 390 1 141 1 1 1 4 1 19 1 5 1 9 1 37 1 50 1 38 1 57 1 12 1 22 1 44 2 299 1 146 1 506 1 148 1 154 1 234 1 215 2 223 1 337 3 309 3
10 3 21 140 2 2 2 13 1 14 1 15 2 16 1 32 1 34 1 367 1 78 1 122 2 138 1 226 1 80 1 161 1 120 1 96 1 129 1 54 1 157 1 281 1
11 3 28 36 1 144 1 119 1 137 1 73 1 124 2 112 1 102 2 104 1 70 1 81 2 373 1 235 1 141 1 507 1 1 1 4 1 19 1 43 1 3 1 5 1 18 2 50 1 41 1 279 1 148 1 213 1 309 1
//IdTournes NbColis
2 6
//IdColis IdCommandeInColis NbProducts IdProd1 QtyProd1 IdProd2 QtyProd2 ...
13 4 14 20 1 88 1 91 1 72 1 109 2 2 2 13 1 14 1 15 2 16 1 47 1 147 1 108 2 141 1
14 4 31 114 1 122 1 138 1 136 1 161 1 105 1 93 1 60 1 98 1 119 1 39 2 68 1 84 1 116 1 130 1 159 1 70 1 94 1 143 1 141 1 1 1 4 1 64 1 160 2 5 4 7 2 18 2 37 1 46 1 50 1 10 1
16 5 26 97 1 149 1 2 1 13 1 14 1 15 1 16 1 183 1 209 1 166 2 169 1 187 2 216 1 98 1 170 1 172 1 137 1 152 1 176 1 111 1 130 1 135 1 59 1 134 1 206 1 222 1
18 6 14 21 1 139 1 117 1 71 1 76 2 107 2 109 2 110 1 77 1 58 1 62 1 2 2 13 1 124 1
21 7 17 385 1 88 1 140 1 86 1 71 1 101 1 107 2 109 2 133 2 2 1 13 1 14 1 15 2 16 1 405 1 407 1 106 1
24 8 17 366 1 140 1 149 1 107 2 128 1 2 2 13 2 14 2 15 2 16 1 122 1 132 2 126 1 118 1 120 1 153 1 352 1
//IdTournes NbColis
3 6
//IdColis IdCommandeInColis NbProducts IdProd1 QtyProd1 IdProd2 QtyProd2 ...
25 8 36 157 1 152 2 73 1 111 1 131 2 135 1 369 1 345 1 134 1 70 2 115 1 158 1 389 1 360 1 95 1 145 1 364 1 384 1 334 1 1 1 4 1 19 1 326 1 3 1 5 1 17 1 18 3 50 2 353 2 362 1 342 1 121 1 335 2 361 1 376 1 279 1
27 9 17 453 1 167 1 139 1 140 2 185 1 173 1 454 1 2 2 13 1 14 1 15 2 16 1 458 1 440 1 371 1 417 1 148 1
30 10 22 179 1 149 1 2 2 13 1 14 1 15 2 16 1 356 1 358 1 371 1 138 1 226 1 87 1 168 1 180 1 187 1 194 2 161 1 153 1 157 1 391 1 201 1
31 10 37 163 1 119 1 23 2 377 1 130 2 131 2 232 1 70 1 204 1 186 1 197 1 373 1 390 1 141 1 311 2 1 1 3 1 5 1 9 1 17 1 50 1 31 1 51 1 205 1 310 1 361 2 365 1 142 2 155 1 220 1 234 2 379 1 215 2 223 1 277 2 337 1 213 2
33 11 18 392 1 86 1 109 2 185 1 2 2 13 1 14 1 15 2 16 1 399 1 114 1 138 1 226 2 182 2 412 1 161 1 120 1 403 1
36 12 23 177 1 2 1 347 1 13 1 15 2 16 1 349 1 408 1 147 1 174 1 138 1 226 1 132 1 208 1 166 1 191 1 161 1 103 3 119 1 56 1 68 1 152 1 130 1
//IdTournes NbColis
4 6
//IdColis IdCommandeInColis NbProducts IdProd1 QtyProd1 IdProd2 QtyProd2 ...
38 13 20 245 1 411 1 366 1 400 1 109 1 71 1 2 1 347 1 13 1 15 2 16 1 34 2 371 1 108 1 168 1 103 1 163 1 99 1 100 1 29 1
40 14 16 42 1 242 1 72 1 269 1 133 1 2 2 13 1 14 1 15 2 16 1 399 1 367 1 467 1 122 2 138 1 154 1
43 15 18 385 1 253 2 266 1 109 1 110 2 380 1 2 1 13 1 14 1 15 2 16 1 357 1 367 1 368 1 378 1 108 1 238 1 236 1
44 15 34 268 1 187 1 118 1 382 1 340 1 120 1 301 1 98 2 92 1 99 1 119 1 39 1 152 1 89 1 176 1 131 1 135 1 257 1 343 1 240 1 106 1 330 1 11 2 69 1 145 1 318 1 237 1 383 1 1 1 19 1 160 1 5 1 350 1 234 1
46 16 20 245 2 266 1 252 2 239 1 248 1 2 1 429 1 13 1 14 1 15 1 16 1 34 1 405 1 448 1 108 1 226 1 118 1 103 1 92 1 281 1
48 17 17 444 1 430 1 255 1 185 1 2 1 13 1 14 1 15 1 16 1 399 1 371 1 209 1 53 1 83 1 137 1 66 1 11 1
//IdTournes NbColis
5 6
//IdColis IdCommandeInColis NbProducts IdProd1 QtyProd1 IdProd2 QtyProd2 ...
50 18 18 266 1 244 2 72 1 140 1 2 2 348 1 429 1 13 1 14 1 15 2 16 1 33 1 47 1 465 2 138 1 226 1 280 1 469 1
53 19 17 175 1 186 1 235 1 313 1 311 1 1 1 19 1 64 1 50 1 386 3 230 1 300 1 207 1 299 1 363 1 212 1 317 1
56 21 25 410 1 419 1 140 1 2 1 13 1 14 1 15 1 16 1 34 1 399 1 408 1 415 1 297 1 194 1 401 1 416 1 137 1 418 1 111 1 306 1 232 1 89 1 241 2 130 1 212 1
58 22 20 385 2 185 1 434 1 2 2 13 1 14 1 15 2 16 1 440 1 449 1 138 1 226 1 118 2 161 1 83 1 119 1 431 1 438 1 67 1 232 1
60 23 25 140 1 109 1 2 2 348 1 13 1 14 1 15 2 16 1 138 1 226 1 161 1 296 1 36 1 388 1 127 1 119 1 152 1 374 1 89 1 359 1 290 1 307 1 351 1 70 2 254 1
61 23 23 288 2 308 1 373 1 11 2 69 1 141 2 1 1 5 2 7 1 350 1 17 1 50 1 31 1 51 1 381 1 233 1 315 1 262 1 299 1 12 1 146 1 305 1 213 1
//IdTournes NbColis
6 6
//IdColis IdCommandeInColis NbProducts IdProd1 QtyProd1 IdProd2 QtyProd2 ...
62 24 18 443 1 149 1 133 1 2 2 347 1 13 2 14 1 15 2 16 1 433 1 446 1 147 1 78 1 122 1 436 1 157 1 119 1 5 1
64 25 18 411 1 140 2 149 2 319 1 2 1 13 1 14 1 15 2 16 1 33 1 441 2 122 1 174 1 340 1 418 2 99 1 39 1 152 1
66 26 19 366 1 255 1 266 1 140 1 107 1 2 2 13 1 14 1 15 2 16 1 226 2 138 1 208 1 85 1 191 2 161 1 170 1 119 1 339 1
67 26 26 70 1 175 1 184 1 235 1 192 1 141 1 1 1 3 1 5 1 350 1 18 1 50 1 31 1 335 1 22 2 142 2 272 2 154 1 227 1 305 2 332 1 234 1 379 1 277 2 278 1 309 2
68 27 34 2 1 13 1 14 1 15 1 16 1 417 1 425 1 375 1 119 1 137 1 152 1 421 1 111 1 387 1 134 1 219 1 422 1 254 1 11 1 181 1 4 1 326 1 5 1 17 1 362 1 230 1 207 1 40 1 329 1 215 3 258 1 213 1 314 1 309 2
70 28 29 394 1 107 1 109 1 110 1 2 1 13 1 14 1 15 2 16 1 393 1 108 1 209 1 382 1 96 1 413 1 99 1 423 1 152 1 222 1 403 1 69 1 4 1 326 1 230 1 207 1 146 1 426 1 213 1 281 1
//IdTournes NbColis
7 6
//IdColis IdCommandeInColis NbProducts IdProd1 QtyProd1 IdProd2 QtyProd2 ...
22 7 33 75 1 108 1 132 3 118 1 191 1 216 1 103 1 99 1 39 1 152 1 89 1 124 2 131 2 125 1 206 1 291 1 69 1 113 1 424 1 19 1 402 1 3 1 5 1 350 1 18 1 50 1 205 1 207 1 40 1 397 1 272 1 406 3 379 1
34 11 41 92 2 119 1 414 1 89 1 130 2 409 1 70 1 219 1 274 1 184 3 165 1 186 1 235 1 192 1 199 1 313 1 164 1 141 2 4 1 19 1 5 1 7 1 9 1 50 1 428 1 22 1 396 1 397 2 361 1 142 1 279 1 211 1 427 1 210 1 203 1 221 1 231 2 234 1 332 1 215 1 223 1
37 12 27 374 1 125 1 70 1 81 1 193 3 158 1 186 1 199 1 171 1 141 1 218 1 311 1 4 1 5 1 50 1 229 2 230 1 335 1 450 1 142 1 211 1 227 1 228 1 452 1 224 2 234 1 215 2
39 13 23 152 1 257 1 395 1 247 1 420 1 69 1 202 1 256 1 4 1 19 1 398 1 5 1 9 1 230 1 264 1 207 1 279 1 224 1 231 1 277 1 270 1 286 3 213 2
59 22 27 89 1 70 1 451 1 293 1 197 1 145 1 318 1 141 1 4 1 64 1 5 2 7 1 18 2 50 1 229 1 10 1 435 1 450 1 225 1 316 1 234 1 215 2 223 1 298 2 212 2 317 1 309 1
65 25 23 89 1 102 1 134 1 206 1 186 1 11 1 69 1 271 1 4 1 5 1 17 1 18 1 50 2 447 1 230 1 303 1 207 1 40 3 439 2 155 1 154 3 234 1 270 1
//IdTournes NbColis
8 6
//IdColis IdCommandeInColis NbProducts IdProd1 QtyProd1 IdProd2 QtyProd2 ...
72 29 22 253 1 244 1 140 1 347 1 13 1 15 2 16 1 349 1 472 1 464 1 471 1 119 1 39 1 152 1 130 3 360 1 69 1 141 1 4 1 346 1 272 4 278 1
74 30 30 394 1 88 1 473 1 107 1 110 1 347 1 13 1 15 1 16 1 349 1 108 1 472 1 194 1 382 1 461 1 459 1 83 1 63 1 395 1 474 1 123 1 199 1 4 1 50 1 447 1 361 1 142 1 260 1 475 1 259 1
76 31 32 255 1 312 1 149 1 110 1 380 1 347 1 429 1 13 1 15 1 16 1 349 1 108 2 226 1 470 1 257 1 104 1 247 1 69 1 145 1 4 1 9 1 40 1 148 1 228 1 263 1 322 1 475 1 283 1 477 1 234 1 215 1 213 1
78 32 27 485 1 140 2 482 1 347 1 13 1 15 1 16 1 349 1 122 1 132 1 493 1 137 1 111 1 134 1 222 1 494 1 503 1 11 1 390 1 4 1 19 1 17 1 50 1 207 1 427 2 452 1 504 2
52 19 23 109 1 347 1 13 1 15 2 16 1 349 1 354 2 355 1 367 1 370 1 108 1 375 1 187 2 136 1 289 1 99 1 39 1 63 2 152 1 249 1 387 1 45 1 51 1
54 20 18 478 1 411 1 312 1 492 1 110 1 109 1 347 1 13 1 15 1 16 1 349 1 393 1 108 1 209 1 226 2 464 1 83 1 304 1
//IdTournes NbColis
9 6
//IdColis IdCommandeInColis NbProducts IdProd1 QtyProd1 IdProd2 QtyProd2 ...
80 33 33 28 1 242 1 110 1 347 1 13 1 15 1 16 1 349 1 108 1 226 1 472 1 238 1 490 1 103 1 67 1 159 1 339 1 70 1 496 1 505 1 11 1 480 1 501 1 455 1 499 1 335 1 361 1 151 1 497 1 452 1 332 1 502 1 259 1
82 34 21 478 1 366 1 71 1 347 1 13 1 15 1 16 1 349 1 108 2 489 1 132 1 491 1 486 1 84 1 89 1 116 1 124 1 130 1 131 1 70 1 484 1
84 35 21 245 1 28 1 110 1 347 1 13 1 15 1 16 1 349 1 367 1 108 1 209 1 226 1 166 1 180 1 195 1 308 1 19 1 50 1 381 1 267 1 228 1
1 1 11 20 1 245 1 28 1 97 2 149 2 101 3 107 2 109 1 248 2 481 1 5 1
4 1 37 195 1 496 1 106 1 247 1 302 1 509 1 123 3 11 1 360 1 271 1 390 2 318 1 383 1 338 1 19 1 43 1 498 2 500 1 217 1 7 2 9 1 17 1 18 2 50 1 31 1 51 1 342 1 6 1 22 2 40 1 336 1 155 1 151 1 272 1 267 2 154 1 295 1
17 5 14 175 1 123 1 11 1 188 2 200 1 202 1 217 1 5 1 50 1 230 2 207 1 40 1 212 1 214 1
//IdTournes NbColis
10 6
//IdColis IdCommandeInColis NbProducts IdProd1 QtyProd1 IdProd2 QtyProd2 ...
20 6 22 141 1 338 1 19 1 326 1 5 1 7 1 17 1 51 2 333 1 310 2 22 1 40 1 321 1 323 1 272 1 148 2 267 1 154 3 322 1 283 1 270 1 309 4
28 9 35 75 1 138 1 226 1 476 1 168 1 118 1 161 1 98 1 119 1 176 1 130 1 102 1 104 1 178 1 70 1 81 1 193 1 373 1 141 1 462 1 463 1 5 2 18 2 50 1 31 1 38 1 362 1 51 1 230 1 233 2 205 1 30 2 211 1 225 1 212 2
41 14 27 226 1 85 1 132 1 161 1 251 1 119 1 137 1 457 1 460 1 249 2 84 1 102 1 274 1 123 1 188 1 141 1 217 1 5 2 7 2 18 3 37 1 50 1 466 1 265 1 273 1 283 1 278 1
47 16 26 92 2 137 1 66 1 152 1 241 1 243 1 111 1 246 1 125 1 134 1 45 1 254 1 261 1 437 1 11 1 181 2 5 1 18 1 230 1 233 1 207 1 6 1 40 1 148 1 267 3 154 1
49 17 30 152 1 111 1 124 3 131 1 134 1 250 1 81 1 271 1 284 1 181 1 141 1 19 1 432 1 276 1 5 2 18 1 50 1 230 1 207 1 30 1 146 1 156 1 272 1 282 1 287 1 260 1 210 1 263 1 275 1 281 1
51 18 25 90 1 161 1 119 1 152 1 468 1 195 1 222 1 456 1 70 1 193 1 288 1 141 1 455 1 5 1 9 2 17 1 18 1 50 1 272 3 154 1 234 1 215 1 223 1 285 1 278 3
//IdTournes NbColis
11 6
//IdColis IdCommandeInColis NbProducts IdProd1 QtyProd1 IdProd2 QtyProd2 ...
55 20 11 55 1 243 1 479 1 45 1 70 1 5 1 50 1 40 1 361 1 487 1 372 1
57 21 21 290 1 134 1 404 1 94 1 291 1 11 1 235 1 43 1 217 1 5 1 17 1 18 2 37 2 230 2 233 1 303 1 310 1 207 1 40 1 305 1 314 1
63 24 28 73 1 124 2 89 1 195 1 125 1 274 1 360 1 320 1 341 1 19 1 432 1 7 1 17 1 50 1 333 1 442 1 142 2 154 1 324 1 331 1 203 1 329 1 305 1 445 1 337 1 298 1 213 2 309 2
9 3 7 42 1 485 1 8 1 385 2 312 1 139 3 508 2
19 6 27 14 1 15 2 16 1 122 2 138 1 226 1 80 1 161 1 83 1 99 1 119 1 23 1 55 1 56 1 63 1 66 1 67 1 130 1 131 2 345 1 45 1 70 1 143 1 123 2 325 1 271 1 52 1
45 15 17 17 1 50 1 38 2 230 1 262 2 207 1 22 1 211 1 267 1 328 1 215 2 327 1 258 1 259 1 212 2 214 1 281 1
//IdTournes NbColis
12 6
//IdColis IdCommandeInColis NbProducts IdProd1 QtyProd1 IdProd2 QtyProd2 ...
15 4 2 30 1 142 1
7 2 29 138 1 226 2 85 2 190 1 169 1 191 1 161 1 96 1 53 1 99 1 119 1 137 1 67 1 84 1 176 1 124 2 339 2 35 1 102 1 195 1 125 1 206 1 61 1 70 1 510 1 189 1 143 1 196 1 258 1
26 8 18 146 3 336 2 346 1 151 1 155 1 372 1 156 1 282 1 154 2 331 1 344 1 283 1 234 1 223 3 277 1 337 1 150 1 309 1
5 1 16 495 1 203 2 224 1 305 2 332 1 234 2 215 2 277 1 502 2 504 1 285 2 212 2 214 2 298 1 309 7 281 3
23 7 2 215 1 213 1
29 9 1 213 1
//IdTournes NbColis
13 2
//IdColis IdCommandeInColis NbProducts IdProd1 QtyProd1 IdProd2 QtyProd2 ...
32 10 2 213 2 309 1
35 11 2 309 2 281 1
