//NbTournees
17
//IdTournes NbColis
1 6
//IdColis IdCommandeInColis NbProducts IdProd1 QtyProd1 IdProd2 QtyProd2 ...
3 1 20 286 1 297 1 1 1 2 2 3 1 61 1 460 1 274 1 380 1 213 1 368 1 442 3 445 2 312 1 417 2 318 3 458 1 441 3 459 1 381 1
5 2 32 207 1 187 1 245 2 249 1 75 1 223 1 177 2 266 1 218 1 154 1 174 1 46 1 72 1 76 1 268 1 224 1 184 1 205 1 259 1 164 1 182 1 269 1 231 1 77 1 33 1 1 1 3 1 57 1 61 1 6 1 213 1 70 1
9 3 35 396 1 276 1 185 1 36 1 301 2 386 1 434 2 403 1 263 2 1 1 26 1 52 1 68 1 13 1 24 1 57 2 61 1 78 1 274 1 380 1 397 1 398 1 273 3 366 2 368 2 312 2 417 2 433 3 374 4 371 1 372 1 422 1 430 2 358 1 381 1
12 4 35 232 2 184 1 196 1 251 1 259 1 71 1 128 1 315 1 41 1 54 2 269 1 284 1 77 2 322 2 323 1 1 1 4 1 26 1 317 1 23 1 25 1 57 1 61 2 309 1 213 1 271 2 47 1 305 1 314 1 320 1 319 1 321 1 318 1 214 1 324 2
18 5 35 208 2 188 1 192 2 291 1 428 2 139 1 181 2 284 2 306 1 105 1 161 1 339 1 247 1 612 1 1 1 13 1 14 1 23 1 24 1 25 2 61 1 57 1 6 1 535 1 376 1 620 1 44 1 47 1 507 1 622 1 618 1 619 1 621 1 457 1 381 1
24 6 32 192 1 17 1 139 1 294 2 197 1 399 1 134 1 199 3 38 1 404 1 262 2 286 1 129 1 1 1 406 1 14 1 25 1 61 1 57 2 476 1 309 1 400 1 429 1 32 1 51 1 483 1 117 1 383 1 307 2 405 1 417 3 374 1
//IdTournes NbColis
2 6
//IdColis IdCommandeInColis NbProducts IdProd1 QtyProd1 IdProd2 QtyProd2 ...
28 7 34 216 2 246 1 10 2 84 1 88 1 46 1 112 1 486 1 222 1 232 1 202 2 210 1 196 1 53 2 134 1 254 1 77 1 103 1 133 2 599 1 1 1 4 1 26 1 68 1 3 1 13 1 14 1 24 1 25 1 61 2 57 1 604 1 309 1 312 1
30 8 15 98 1 248 1 302 1 369 1 5 2 7 2 8 1 21 2 89 1 58 2 55 1 607 1 219 1 239 1 2 1
32 8 35 136 1 139 1 181 1 243 1 267 1 306 1 105 1 77 1 247 1 147 1 609 1 419 1 409 1 2 3 13 2 23 1 24 1 25 2 61 1 57 1 6 1 93 1 460 2 432 1 397 1 368 1 623 2 615 1 320 1 576 1 493 1 374 2 553 2 372 2 381 2
36 9 25 201 2 291 2 311 2 17 1 115 1 304 1 136 2 176 1 181 1 185 3 36 1 403 2 2 1 14 1 24 1 57 1 61 1 117 3 312 1 321 1 413 2 265 1 441 1 430 3 324 1
41 10 27 310 1 412 1 306 1 414 1 598 1 105 1 339 1 395 1 407 1 263 1 367 1 401 2 409 1 2 2 13 1 23 1 24 1 25 1 61 2 475 1 87 1 424 1 104 1 365 2 374 2 413 2 324 1
56 14 30 177 1 174 1 194 1 46 1 545 1 268 5 137 1 152 1 196 3 205 1 188 2 410 1 181 1 195 1 197 1 151 1 77 1 147 1 2 1 25 1 57 1 61 2 274 1 544 1 427 1 213 1 540 1 553 1 214 1 371 1
//IdTournes NbColis
3 6
//IdColis IdCommandeInColis NbProducts IdProd1 QtyProd1 IdProd2 QtyProd2 ...
65 17 17 464 1 238 1 235 1 255 2 5 1 7 1 8 1 21 2 58 2 258 1 272 1 183 1 264 1 277 1 82 1 212 1 2 1
66 17 38 253 1 154 1 246 1 257 1 43 2 112 1 64 1 275 1 259 2 467 1 128 1 188 1 17 1 378 1 136 1 276 1 267 1 252 2 262 1 270 1 1 1 68 1 406 1 409 1 24 1 475 1 57 1 78 1 274 1 271 1 260 3 466 1 470 1 273 1 113 1 265 1 381 1 324 1
69 18 27 259 1 315 2 192 1 311 1 316 1 378 1 528 2 303 1 230 1 325 1 308 1 310 1 77 1 1 1 505 1 3 1 24 1 57 1 61 1 274 1 213 1 470 1 507 1 481 2 314 1 307 2 312 1
71 19 31 180 1 174 1 246 1 62 1 72 1 485 1 232 1 202 1 251 1 205 3 95 1 473 1 178 2 410 1 17 2 284 1 197 1 185 1 306 1 301 3 404 1 33 1 133 1 263 1 1 1 475 3 57 1 61 1 492 1 47 1 318 1
80 22 34 287 1 193 1 212 3 174 1 502 1 46 1 313 1 236 1 356 1 522 1 259 1 500 1 347 1 77 1 513 1 1 1 23 1 24 1 475 2 57 1 61 1 274 1 348 1 213 1 357 1 497 1 498 1 507 1 509 1 352 1 355 1 484 1 353 1 358 1
86 24 29 207 1 268 1 184 1 259 1 473 2 291 1 208 1 17 1 510 1 4 1 375 2 2 1 3 1 24 1 57 1 78 1 93 1 100 1 274 1 370 1 380 1 213 1 511 1 366 1 387 1 374 1 318 1 214 1 389 1
//IdTournes NbColis
4 6
//IdColis IdCommandeInColis NbProducts IdProd1 QtyProd1 IdProd2 QtyProd2 ...
88 25 36 382 3 246 1 468 2 474 1 80 1 388 1 356 2 178 1 164 2 17 1 284 1 230 1 185 1 377 1 386 1 384 1 391 1 364 1 263 1 367 1 1 1 2 1 3 1 13 1 24 1 25 1 57 1 61 1 390 1 213 1 481 1 482 1 211 1 353 2 214 1 358 1
95 28 18 205 1 259 1 208 1 410 1 325 1 416 1 510 1 512 1 419 1 1 1 4 1 26 1 274 2 418 1 427 1 213 1 514 1 273 1
99 30 16 254 1 510 1 2 1 23 1 475 1 57 2 61 1 535 1 274 1 437 1 348 1 213 1 534 1 314 1 439 1 351 2
100 31 32 122 1 524 1 7 1 9 1 20 1 22 1 58 1 190 1 156 1 444 1 174 1 257 1 268 1 408 1 388 1 431 1 356 1 184 1 259 1 473 1 146 1 188 1 208 1 53 1 399 1 134 1 494 1 161 1 519 1 1 1 505 1 461 1
101 31 14 2 3 24 1 25 1 475 1 506 1 61 1 274 1 213 1 526 1 443 1 456 1 358 1 381 1 527 1
102 32 25 238 1 360 1 141 1 7 1 8 1 16 1 20 1 22 2 472 1 58 2 73 1 258 1 487 1 184 1 205 1 77 1 1 1 3 2 13 2 24 1 25 1 57 1 61 1 483 1 488 1
//IdTournes NbColis
5 6
//IdColis IdCommandeInColis NbProducts IdProd1 QtyProd1 IdProd2 QtyProd2 ...
104 33 29 5 1 7 1 8 1 463 1 21 2 58 1 66 2 489 1 180 1 10 1 486 1 118 1 152 1 465 1 490 1 185 1 404 1 339 1 491 1 1 1 26 1 13 1 23 1 24 1 25 1 57 1 61 1 480 1 273 1
106 34 21 298 1 220 1 7 1 9 1 20 1 22 2 58 1 174 1 189 1 46 1 275 1 202 1 208 1 1 1 24 1 61 1 476 1 477 1 397 1 484 1 493 1
107 35 27 516 1 344 1 191 1 7 1 9 1 20 1 22 1 42 1 508 1 58 1 520 1 501 1 108 1 257 1 118 1 184 1 251 1 259 1 208 1 340 1 185 1 510 1 491 1 1 1 13 1 107 1 525 1
109 36 27 7 1 8 1 20 1 22 2 532 1 58 1 239 1 421 1 59 1 246 1 30 1 275 1 196 1 539 1 462 1 267 1 4 1 2 1 13 1 23 1 24 1 25 1 61 1 550 1 549 1 552 1 318 1
38 10 9 603 1 12 1 567 1 605 1 600 1 83 1 568 1 56 1 4 1
44 11 20 21 2 58 2 120 1 193 1 96 1 487 1 257 1 179 1 95 1 178 1 102 1 114 1 3 1 23 1 25 1 57 1 61 1 44 1 117 1 430 1
//IdTournes NbColis
6 6
//IdColis IdCommandeInColis NbProducts IdProd1 QtyProd1 IdProd2 QtyProd2 ...
47 12 32 46 1 118 1 72 1 602 1 275 1 144 1 179 1 184 2 202 1 94 1 186 1 182 3 201 2 181 2 195 1 396 1 630 2 134 1 185 1 199 2 306 1 105 1 77 1 90 1 434 1 322 1 384 1 111 1 4 1 68 1 617 1 13 1
60 15 35 428 1 304 1 203 1 325 1 308 1 134 1 185 1 105 1 403 1 449 1 263 1 4 1 26 1 452 1 375 3 13 2 24 1 25 1 57 1 61 1 100 1 448 1 368 1 373 1 435 1 113 1 374 1 413 1 425 1 451 1 265 1 440 1 457 3 381 2 324 1
63 16 32 277 1 569 1 177 1 253 1 194 1 246 1 10 1 62 1 72 1 268 2 215 1 232 3 236 1 251 2 206 2 164 1 192 1 17 1 428 1 230 1 181 1 199 2 242 1 247 1 263 1 4 1 452 1 13 1 23 1 24 1 25 1 228 1
74 20 38 153 2 570 1 108 1 257 1 62 2 72 1 222 1 184 1 202 1 259 1 315 1 188 1 208 1 53 1 167 1 294 2 134 1 199 1 252 1 105 1 510 1 77 1 4 1 13 1 25 1 475 1 57 1 61 1 571 1 274 1 370 2 213 1 466 1 559 1 70 1 576 1 300 1 374 1
78 21 18 335 1 284 1 412 1 185 1 33 1 286 1 297 1 263 1 4 1 24 1 25 1 57 1 61 1 100 2 575 1 482 1 392 1 214 1
91 26 30 177 2 174 1 558 1 268 1 222 1 259 1 291 1 294 1 310 1 77 1 3 1 13 2 24 1 25 2 57 2 61 1 274 1 213 1 385 1 555 1 365 1 383 1 368 1 373 1 321 1 387 1 113 1 318 1 371 1 381 1
//IdTournes NbColis
7 6
//IdColis IdCommandeInColis NbProducts IdProd1 QtyProd1 IdProd2 QtyProd2 ...
110 37 30 261 1 191 1 529 1 7 1 9 1 20 1 22 1 58 1 541 1 543 1 217 1 548 1 257 1 62 1 547 1 232 1 179 1 184 1 210 1 259 1 178 1 192 1 208 1 17 1 176 1 494 1 531 1 90 1 38 1 533 1
112 38 19 255 1 7 1 8 1 20 1 530 2 58 2 239 1 148 1 162 1 43 1 199 1 252 1 3 2 24 1 25 1 57 1 61 1 552 1 413 1
113 39 26 288 1 7 1 8 1 20 1 22 2 58 2 541 1 546 1 415 1 121 1 149 1 96 1 205 2 311 1 284 1 323 1 452 1 3 1 57 1 61 1 78 1 544 1 352 1 551 3 433 1 374 1
15 5 16 344 1 369 1 173 2 241 2 191 1 157 1 209 1 5 2 7 2 8 1 11 1 19 1 21 2 35 2 60 1 130 1
21 6 13 233 3 237 2 288 2 302 2 126 1 131 1 150 1 160 1 191 2 209 2 15 1 5 1 263 1
43 11 13 86 1 12 1 627 1 200 1 261 1 233 2 15 2 542 1 5 1 7 1 8 1 19 1 399 1
//IdTournes NbColis
8 6
//IdColis IdCommandeInColis NbProducts IdProd1 QtyProd1 IdProd2 QtyProd2 ...
45 12 15 298 1 302 2 369 1 169 1 122 2 131 1 160 1 191 2 542 1 5 2 7 2 8 1 21 2 42 1 58 1
87 25 20 261 1 191 1 165 1 5 1 7 1 8 1 18 1 21 2 471 1 58 2 60 1 66 1 256 1 258 1 272 1 207 3 379 1 110 1 277 1 469 1
1 1 17 27 1 298 1 261 1 354 1 302 1 285 1 165 1 7 1 9 1 20 1 22 2 40 2 45 1 58 1 65 1 69 1 278 1
4 2 18 74 1 79 1 150 1 191 1 209 1 7 1 8 1 16 1 20 1 22 2 45 1 58 1 67 2 73 1 239 1 240 1 227 1 198 1
7 3 14 56 1 200 1 235 4 191 1 209 1 7 1 8 1 20 1 22 2 31 1 42 3 49 1 55 1 58 2
11 4 20 29 1 79 1 261 1 285 2 191 1 7 1 8 1 20 1 22 2 35 1 39 1 58 1 190 1 75 1 295 1 174 1 46 1 80 2 268 1 306 1
//IdTournes NbColis
9 6
//IdColis IdCommandeInColis NbProducts IdProd1 QtyProd1 IdProd2 QtyProd2 ...
22 6 21 7 1 8 1 18 1 21 2 58 2 564 1 543 1 190 2 148 1 272 1 258 1 121 2 149 1 153 1 245 2 180 1 611 1 163 1 171 1 155 1 491 1
26 7 12 85 1 74 2 298 1 261 1 142 1 235 4 594 1 7 1 9 1 16 1 20 1 247 1
34 9 12 116 1 626 1 302 1 283 1 99 1 81 1 625 1 7 1 9 1 20 1 22 2 263 1
39 10 17 229 1 261 1 237 2 220 1 131 2 235 1 241 1 81 1 7 1 8 1 20 1 22 2 58 2 610 1 91 1 258 1 82 1
51 13 17 157 1 209 1 7 2 8 1 20 2 22 2 580 1 58 2 67 1 296 1 240 1 166 1 148 1 227 1 256 2 130 1 145 2
55 14 18 74 1 123 2 160 1 157 2 7 1 9 1 20 1 22 2 536 1 58 1 190 1 204 1 130 1 153 1 277 1 212 2 171 1 211 1
//IdTournes NbColis
10 6
//IdColis IdCommandeInColis NbProducts IdProd1 QtyProd1 IdProd2 QtyProd2 ...
58 15 17 420 1 200 1 261 1 369 1 124 1 7 2 8 1 19 1 20 2 22 2 55 1 58 2 148 1 207 1 143 2 153 1 183 1
62 16 20 261 1 233 1 369 1 150 1 235 1 7 1 9 1 556 1 20 1 22 2 40 1 471 1 97 1 58 2 67 1 221 1 198 1 258 1 453 1 225 1
68 18 21 279 1 298 1 354 1 7 1 9 1 20 1 22 2 58 1 145 2 234 1 517 1 281 1 245 1 278 1 212 2 253 1 174 1 46 1 313 2 137 1 210 1
70 19 19 282 1 7 1 8 1 19 1 20 1 22 2 478 1 58 2 479 2 190 1 198 3 258 1 272 1 225 1 234 1 281 1 193 1 180 1 177 1
73 20 13 86 1 238 2 288 1 191 1 7 1 9 1 20 1 22 1 58 1 296 1 198 3 207 3 280 1
76 21 16 29 1 568 1 79 1 288 2 337 1 343 1 235 2 329 1 165 1 7 1 9 1 20 1 22 2 58 2 293 1 402 1
//IdTournes NbColis
11 6
//IdColis IdCommandeInColis NbProducts IdProd1 QtyProd1 IdProd2 QtyProd2 ...
79 22 15 504 1 499 1 298 1 285 1 191 1 255 1 7 1 9 1 496 1 20 1 22 2 58 1 190 1 148 1 234 3
82 23 17 572 1 261 1 354 1 302 2 330 1 15 1 7 1 8 1 20 1 22 2 532 1 560 1 508 1 58 1 564 2 293 1 77 1
85 24 17 495 1 220 1 363 1 160 1 7 1 8 1 20 1 22 1 508 1 58 1 69 2 518 1 190 2 219 1 198 1 521 1 257 1
90 26 17 567 1 566 1 261 1 302 1 209 1 7 1 8 1 20 1 22 2 58 1 562 1 565 1 190 2 198 1 180 2 342 1 378 1
92 27 18 581 1 200 1 191 1 165 1 7 1 9 1 18 1 20 1 22 1 89 1 579 1 58 1 190 2 198 1 207 1 212 2 342 1 274 1
94 28 21 515 1 302 1 241 2 7 1 9 1 496 1 20 1 22 1 58 1 219 1 190 1 198 1 207 2 523 1 421 1 257 1 101 1 503 1 393 1 356 1 184 1
//IdTournes NbColis
12 6
//IdColis IdCommandeInColis NbProducts IdProd1 QtyProd1 IdProd2 QtyProd2 ...
96 29 24 577 1 302 1 7 1 9 1 20 1 22 1 58 1 66 1 73 1 421 1 223 1 257 1 118 1 313 1 232 1 184 1 259 1 208 1 311 1 500 1 53 1 109 1 197 1 185 1
98 30 23 261 1 302 1 537 1 542 1 7 1 8 1 20 1 22 1 58 1 240 1 193 2 257 1 502 1 313 1 184 1 202 2 259 1 164 1 208 3 450 1 538 1 414 2 199 2
115 40 14 98 1 588 1 7 1 9 1 20 1 22 1 583 1 62 1 585 1 289 1 291 1 26 1 23 1 61 1
116 41 18 241 1 7 1 8 1 20 1 22 2 58 1 234 1 591 1 108 1 174 1 62 1 118 1 144 1 356 1 208 1 181 1 506 2 61 1
117 42 35 79 1 191 1 7 1 9 1 20 1 22 1 58 1 190 1 453 1 234 1 379 1 153 1 592 1 62 1 563 1 335 1 176 1 340 1 243 1 510 1 301 1 111 1 589 1 23 1 57 1 274 1 213 1 260 1 590 1 368 1 307 1 576 1 318 1 372 1 430 1
2 1 28 239 1 190 1 293 1 234 2 446 2 59 1 174 1 10 1 46 1 62 1 313 1 152 2 202 1 210 1 299 1 408 1 388 1 259 1 292 1 164 2 291 1 53 1 290 1 185 1 77 2 50 1 404 1 403 1
//IdTournes NbColis
13 6
//IdColis IdCommandeInColis NbProducts IdProd1 QtyProd1 IdProd2 QtyProd2 ...
17 5 25 249 1 570 1 245 1 127 1 158 1 163 2 336 1 212 1 361 1 132 1 168 1 246 2 10 1 30 1 43 1 289 3 152 1 205 2 210 1 184 3 202 2 251 1 182 1 208 1 133 1
64 16 14 25 1 57 1 61 2 454 1 554 1 507 3 373 3 455 1 417 3 433 2 389 1 214 2 440 1 265 1
20 6 7 12 1 516 2 595 1 29 1 360 1 420 2 261 2
53 13 35 205 1 184 1 202 1 251 1 182 1 208 1 192 1 291 1 311 1 586 1 136 1 139 2 176 1 181 2 284 3 199 2 252 1 105 1 339 1 247 1 403 1 133 1 582 1 13 1 24 1 25 1 57 1 61 1 376 1 466 1 578 1 365 2 307 1 587 1 318 1
8 3 26 66 1 258 1 272 1 234 2 415 2 143 1 277 1 342 1 394 1 246 1 257 2 63 1 222 1 232 1 179 1 196 1 202 1 164 2 188 1 17 1 34 1 139 1 181 2 340 2 310 2 211 1
40 10 23 272 1 225 2 226 1 234 1 250 1 110 1 143 2 245 2 596 1 277 1 216 3 172 1 246 1 112 1 486 1 215 1 210 1 202 1 128 3 164 1 201 1 17 2 428 1
//IdTournes NbColis
14 6
//IdColis IdCommandeInColis NbProducts IdProd1 QtyProd1 IdProd2 QtyProd2 ...
59 15 28 183 2 193 1 570 1 180 1 156 1 212 1 189 1 246 1 257 1 30 1 112 2 72 1 573 1 144 3 202 1 205 1 206 2 210 1 539 1 128 1 138 1 447 1 462 1 164 2 192 1 17 1 269 1 533 1
77 21 25 258 1 272 1 145 1 327 1 277 1 246 1 92 1 563 1 275 3 289 2 232 1 179 1 184 1 205 1 326 1 146 2 164 3 201 1 291 2 17 1 269 1 423 1 574 1 136 1 167 1
27 7 19 22 2 40 1 106 1 58 1 580 1 478 1 69 1 145 1 226 1 175 1 234 3 244 1 245 1 570 4 217 1 593 1 177 2 342 1 216 1
83 23 33 349 1 334 1 75 1 632 1 346 1 561 1 59 1 342 1 174 1 246 2 557 1 46 1 268 1 341 1 205 1 259 1 95 1 201 1 378 1 77 1 161 1 339 3 391 1 26 1 23 1 24 1 61 1 274 1 213 1 104 1 345 1 350 1 484 1
97 29 14 377 1 510 2 301 1 23 1 57 1 61 1 274 1 436 1 213 1 107 1 438 1 312 1 417 1 433 1
48 12 25 25 1 57 1 61 1 100 2 629 1 620 1 47 1 107 1 117 2 366 2 623 1 550 2 438 1 616 2 628 1 455 1 435 1 552 2 417 1 433 1 374 5 413 3 389 1 381 2 324 3
//IdTournes NbColis
15 6
//IdColis IdCommandeInColis NbProducts IdProd1 QtyProd1 IdProd2 QtyProd2 ...
93 27 29 411 1 426 2 257 1 268 1 184 1 259 1 326 1 164 1 208 1 410 1 584 1 303 1 414 1 252 1 510 1 391 1 26 1 409 1 25 1 61 1 432 1 213 1 559 1 477 1 365 1 417 1 318 1 425 1 214 1
14 5 14 28 1 362 1 238 1 135 1 332 1 200 1 123 1 359 1 141 1 125 1 170 1 331 1 337 1 165 1
46 12 20 58 1 120 1 541 2 607 3 198 1 272 3 187 1 212 1 614 1 108 1 119 3 608 1 411 1 382 1 154 1 162 1 172 2 246 1 30 1 167 1
23 6 24 155 1 172 1 174 1 37 1 48 1 62 2 64 1 485 1 80 1 268 2 289 2 179 2 205 4 184 3 393 1 408 1 431 1 356 1 292 3 146 1 178 1 208 1 192 1 32 1
35 9 25 97 1 58 2 272 1 145 1 225 1 287 1 140 1 249 2 570 1 277 1 632 1 180 1 624 1 591 1 631 1 253 1 155 1 174 1 246 1 92 1 43 1 289 1 202 1 128 4 213 1
52 13 26 175 1 234 1 207 1 121 1 140 1 143 1 159 1 153 2 338 1 193 1 245 1 249 1 127 1 336 1 212 3 96 1 569 1 361 1 174 1 154 1 246 1 502 1 152 2 232 1 236 1 205 1
//IdTournes NbColis
16 6
//IdColis IdCommandeInColis NbProducts IdProd1 QtyProd1 IdProd2 QtyProd2 ...
31 8 27 239 1 190 1 148 1 204 3 256 1 234 1 75 1 217 1 212 1 266 1 172 1 246 1 101 1 63 1 112 1 602 1 152 1 232 2 202 1 251 1 210 1 393 1 613 1 201 2 109 1 136 1 606 1
16 5 22 58 2 597 1 69 1 601 2 543 1 239 1 296 1 166 1 148 1 227 1 256 1 145 1 175 1 225 1 333 1 234 1 207 1 121 1 143 2 153 1 249 1 151 1
29 7 2 113 1 312 1
50 13 16 567 1 238 1 135 1 200 1 123 1 141 1 125 1 170 1 331 1 337 2 369 1 142 1 173 1 328 1 241 1 164 1
54 13 4 587 1 318 1 372 1 381 2
119 43 5 206 3 356 1 434 5 432 1 390 1
//IdTournes NbColis
17 3
//IdColis IdCommandeInColis NbProducts IdProd1 QtyProd1 IdProd2 QtyProd2 ...
72 19 2 368 1 381 2
75 20 2 214 1 441 1
84 23 7 417 1 318 2 351 1 430 1 358 3 381 3 324 3
