//NbTournees
5
//IdTournes NbColis
1 6
//IdColis IdCommandeInColis NbProducts IdProd1 QtyProd1 IdProd2 QtyProd2 ...
6 1 21 213 2 187 1 63 1 85 2 209 3 145 3 28 2 60 2 75 1 47 2 139 2 116 2 40 1 159 3 219 2 119 2 197 1 153 2 1 1 4 2 117 1
11 2 5 54 2 56 1 35 3 174 1 2 1
12 2 9 72 1 77 3 174 1 2 1 156 2 163 3 58 1 64 2 80 1
18 3 25 92 1 101 2 132 2 86 2 37 1 39 2 188 1 87 1 103 1 141 1 151 3 168 1 10 1 57 1 210 1 26 1 85 2 209 2 3 1 7 1 60 1 78 1 162 1 96 1 40 1
13 2 30 92 2 94 1 191 1 5 1 217 1 215 1 151 3 168 1 157 1 226 1 225 2 116 1 40 2 106 1 228 1 207 1 218 1 197 1 208 1 227 1 59 2 61 2 67 2 68 2 147 3 193 1 38 1 41 1 93 1 65 1
7 1 23 6 1 9 2 30 2 199 1 152 1 222 3 181 2 220 3 61 2 59 2 67 2 68 3 117 2 128 3 147 2 214 2 190 1 41 1 201 1 44 3 45 2 46 3 114 1
//IdTournes NbColis
2 6
//IdColis IdCommandeInColis NbProducts IdProd1 QtyProd1 IdProd2 QtyProd2 ...
14 2 6 8 1 62 1 69 1 137 1 224 1 223 1
24 4 27 151 2 168 1 229 2 36 1 85 2 89 1 209 2 90 1 144 1 225 1 20 1 76 1 98 2 111 3 40 1 106 1 142 2 207 1 49 1 15 2 11 3 38 1 41 1 99 1 114 1 122 2 171 1
1 1 6 12 2 13 1 17 2 23 1 174 1 113 1
10 2 8 12 1 16 1 22 1 23 1 13 1 25 1 174 1 51 1
15 3 5 12 1 17 1 54 2 35 2 24 1
21 4 6 12 1 16 1 22 2 35 2 73 1 156 1
//IdTournes NbColis
3 6
//IdColis IdCommandeInColis NbProducts IdProd1 QtyProd1 IdProd2 QtyProd2 ...
27 5 7 12 1 13 1 16 1 23 1 25 1 54 1 24 1
4 1 11 77 2 32 1 175 1 14 1 21 1 135 3 133 2 156 2 160 2 79 3 80 1
8 1 29 122 2 150 2 171 3 179 3 99 2 221 2 93 1 18 1 192 2 121 3 172 2 180 3 189 1 211 1 69 2 130 2 212 2 137 2 173 1 178 1 177 1 118 1 124 4 136 1 108 2 206 1 48 2 123 2 216 3
16 3 9 35 1 77 3 19 1 109 1 33 1 185 1 127 1 154 1 29 1
22 4 12 77 2 19 1 33 1 42 1 154 2 164 2 34 1 83 1 155 2 161 2 166 1 123 1
2 1 6 25 1 54 3 56 1 71 1 174 1 203 1
//IdTournes NbColis
4 6
//IdColis IdCommandeInColis NbProducts IdProd1 QtyProd1 IdProd2 QtyProd2 ...
30 5 26 50 1 58 1 88 1 81 1 82 1 64 1 186 1 191 1 195 1 92 3 55 1 103 1 115 1 151 3 167 2 168 1 183 2 52 1 36 1 149 1 125 1 143 1 146 1 148 1 138 1 40 1
23 4 20 166 1 43 3 97 3 165 1 169 1 133 1 135 1 156 1 160 1 163 1 27 1 81 1 84 1 64 2 101 2 132 2 37 1 39 2 86 2 207 1
28 5 6 54 1 56 1 35 3 72 1 170 1 53 1
25 4 18 171 2 44 3 45 2 46 2 179 2 93 4 91 3 31 1 202 1 110 3 131 1 182 1 124 1 126 1 140 1 123 2 129 1 134 1
3 1 6 71 3 72 1 77 2 203 1 175 1 119 1
19 3 27 104 1 158 1 207 4 119 2 74 1 204 1 181 1 176 1 41 1 99 2 114 1 122 2 171 3 179 3 44 3 45 2 46 3 93 3 192 1 69 3 102 2 120 1 100 1 182 1 105 1 118 1 48 3
//IdTournes NbColis
5 4
//IdColis IdCommandeInColis NbProducts IdProd1 QtyProd1 IdProd2 QtyProd2 ...
31 5 19 157 1 60 2 75 1 139 1 230 1 142 3 194 1 197 1 70 1 196 1 208 1 61 2 59 2 67 2 68 2 66 1 62 1 69 2 108 1
29 5 10 77 2 109 1 174 3 42 3 231 1 95 1 107 1 112 1 156 2 160 3
5 1 16 82 2 84 1 184 1 198 2 200 2 132 3 101 4 86 3 37 1 39 2 205 2 151 2 167 2 168 1 183 2 213 1
17 3 15 154 1 164 2 155 3 161 3 166 3 165 1 169 1 133 1 135 1 156 2 163 3 64 2 184 1 198 2 181 1
