//NbTournees
34
//IdTournes NbColis
1 6
//IdColis IdCommandeInColis NbProducts IdProd1 QtyProd1 IdProd2 QtyProd2 ...
1 1 10 411 1 1 1 2 1 3 1 4 1 5 1 6 1 7 1 8 1 249 1
4 2 7 10 1 134 1 52 1 405 1 1 2 3 1 314 1
5 2 6 3 2 12 3 4 1 36 2 6 1 185 1
13 3 10 1 1 2 1 4 1 5 1 6 1 13 1 7 1 3 1 8 1 340 1
18 4 10 418 1 1 1 2 1 4 1 14 1 6 1 7 1 8 1 3 1 23 1
23 5 13 3 1 47 1 268 1 284 1 419 1 146 1 277 1 204 1 253 1 283 1 179 2 143 2 354 1
//IdTournes NbColis
2 6
//IdColis IdCommandeInColis NbProducts IdProd1 QtyProd1 IdProd2 QtyProd2 ...
27 6 15 3 1 451 1 435 1 277 1 244 1 146 1 253 1 345 1 304 1 347 1 179 1 143 1 229 1 150 1 192 1
29 7 8 411 1 1 1 2 1 3 2 4 1 5 1 8 2 249 1
33 8 8 1 1 2 1 4 1 3 2 5 1 8 2 9 1 179 1
39 9 7 3 2 6 2 47 1 13 1 7 2 8 1 146 1
44 10 9 3 2 47 1 7 1 6 1 197 2 228 1 238 1 179 2 143 2
50 11 6 2 2 3 2 12 2 4 1 36 2 204 1
//IdTournes NbColis
3 6
//IdColis IdCommandeInColis NbProducts IdProd1 QtyProd1 IdProd2 QtyProd2 ...
58 12 17 3 1 435 1 172 1 244 1 253 1 179 1 143 1 362 1 304 1 347 1 166 1 173 1 242 1 164 1 249 1 243 1 252 1
61 13 6 10 1 52 1 124 1 21 1 3 3 15 1
62 13 6 22 1 12 3 4 1 5 2 1 2 238 1
69 14 6 10 1 52 1 107 1 1 2 2 1 3 2
70 14 6 12 2 6 2 13 2 7 2 4 1 204 1
77 15 6 3 2 5 2 6 2 7 2 8 1 185 1
//IdTournes NbColis
4 6
//IdColis IdCommandeInColis NbProducts IdProd1 QtyProd1 IdProd2 QtyProd2 ...
86 16 12 3 1 7 1 6 1 47 1 228 1 272 1 179 3 143 1 304 1 347 1 362 1 229 1
89 17 8 10 1 52 1 1 1 2 1 4 1 3 2 12 1 154 1
90 17 12 12 1 47 1 13 1 7 1 5 1 63 1 6 1 178 1 228 1 142 1 152 1 138 1
94 18 7 10 1 110 1 52 1 18 1 12 1 1 2 147 1
95 18 6 2 2 3 2 5 2 6 2 13 1 228 1
102 19 6 2 2 3 2 12 2 6 2 13 1 199 1
//IdTournes NbColis
5 6
//IdColis IdCommandeInColis NbProducts IdProd1 QtyProd1 IdProd2 QtyProd2 ...
110 20 6 445 1 1 2 2 2 3 2 12 2 214 1
118 21 9 10 1 78 1 9 1 1 1 2 1 4 1 5 1 3 1 195 1
119 21 11 3 1 7 1 8 2 6 1 47 1 193 1 268 1 284 1 469 1 165 1 27 1
124 22 6 10 1 52 1 1 2 2 2 3 2 154 1
125 22 6 12 2 47 1 5 2 6 2 13 2 228 1
131 23 10 1 1 2 1 4 1 14 1 6 1 7 1 8 1 3 1 451 1 253 1
//IdTournes NbColis
6 6
//IdColis IdCommandeInColis NbProducts IdProd1 QtyProd1 IdProd2 QtyProd2 ...
135 24 8 10 1 52 1 59 1 12 2 1 1 2 1 268 1 50 1
136 24 9 4 1 3 2 6 1 47 1 13 1 7 1 36 1 437 1 284 1
140 25 6 10 1 52 1 1 2 2 2 3 2 182 1
141 25 6 12 2 6 2 13 2 4 1 7 2 185 1
147 26 6 10 1 52 1 1 2 2 2 3 2 154 1
148 26 6 12 2 6 2 13 2 7 2 4 1 197 1
//IdTournes NbColis
7 6
//IdColis IdCommandeInColis NbProducts IdProd1 QtyProd1 IdProd2 QtyProd2 ...
155 27 11 5 1 8 1 3 1 9 1 7 1 6 1 47 1 145 1 374 1 284 1 228 1
159 28 10 9 1 1 1 2 1 4 1 5 1 6 1 7 1 8 1 3 1 293 1
163 29 7 35 2 1 1 4 1 36 2 37 2 38 1 146 1
164 29 7 38 1 66 1 47 1 13 2 39 2 61 2 146 1
170 30 8 39 2 38 2 6 1 47 1 13 1 7 1 115 1 228 1
178 31 7 10 1 52 1 124 1 1 2 4 1 38 1 185 1
//IdTournes NbColis
8 6
//IdColis IdCommandeInColis NbProducts IdProd1 QtyProd1 IdProd2 QtyProd2 ...
179 31 6 38 1 35 2 13 2 36 2 7 2 228 1
186 32 8 36 1 39 2 38 2 47 1 13 1 7 1 6 1 146 1
191 33 8 10 1 52 1 103 1 1 2 4 1 38 1 178 1 15 1
192 33 7 38 1 35 2 37 2 61 1 6 1 13 2 264 1
198 34 7 10 1 52 1 4 1 36 2 38 2 35 1 224 1
205 35 7 10 1 52 1 1 2 2 2 4 1 38 1 119 1
//IdTournes NbColis
9 6
//IdColis IdCommandeInColis NbProducts IdProd1 QtyProd1 IdProd2 QtyProd2 ...
206 35 6 38 1 6 2 13 2 7 2 39 2 232 1
214 36 6 2 2 38 2 6 2 7 2 39 1 272 1
220 37 7 10 1 78 1 52 1 21 1 12 2 1 1 50 1
230 38 6 472 1 38 3 35 2 4 1 36 2 147 1
2 1 19 9 1 47 1 165 1 232 1 362 1 304 1 347 1 179 1 143 1 420 1 294 1 250 1 339 1 262 1 171 1 421 1 30 1 23 1 24 1
19 4 13 9 1 435 1 268 1 284 1 455 1 244 1 204 1 142 1 143 2 152 2 304 1 345 1 269 1
//IdTournes NbColis
10 6
//IdColis IdCommandeInColis NbProducts IdProd1 QtyProd1 IdProd2 QtyProd2 ...
22 5 10 418 1 9 1 1 1 2 1 4 1 5 1 6 1 7 1 8 1 198 1
30 7 12 9 1 7 1 6 1 47 1 268 1 284 1 228 1 283 1 143 2 179 2 362 1 280 1
38 9 7 428 1 9 1 1 2 2 2 4 1 5 2 118 1
43 10 9 52 1 9 1 1 1 2 1 4 1 5 1 8 2 86 1 16 1
57 12 10 436 1 9 1 1 1 2 1 4 1 5 1 6 1 7 1 8 1 246 1
76 15 6 10 1 52 1 9 2 1 2 2 2 144 1
//IdTournes NbColis
11 6
//IdColis IdCommandeInColis NbProducts IdProd1 QtyProd1 IdProd2 QtyProd2 ...
85 16 9 10 1 78 1 9 1 1 1 2 1 4 1 5 1 8 1 144 1
199 34 6 35 1 66 2 13 2 39 2 37 2 146 1
26 6 9 18 1 418 1 1 1 2 1 4 1 14 1 6 1 7 1 8 1
49 11 6 10 1 110 1 52 1 124 1 1 2 20 1
101 19 6 10 1 52 2 127 1 1 2 193 1 139 1
154 27 8 10 1 52 1 75 1 405 1 1 1 2 1 4 1 276 1
//IdTournes NbColis
12 6
//IdColis IdCommandeInColis NbProducts IdProd1 QtyProd1 IdProd2 QtyProd2 ...
169 30 8 10 1 69 1 52 1 1 1 2 1 4 1 36 1 185 1
185 32 7 10 1 52 2 422 1 1 1 2 1 4 1 15 1
213 36 7 10 1 52 1 21 1 132 1 445 1 1 2 326 1
221 37 7 1 1 46 1 2 2 4 1 36 2 6 2 185 1
6 2 7 6 1 7 2 2 2 13 2 47 1 298 1 302 1
63 13 6 2 2 13 2 7 2 6 2 47 1 293 1
//IdTournes NbColis
13 6
//IdColis IdCommandeInColis NbProducts IdProd1 QtyProd1 IdProd2 QtyProd2 ...
78 15 10 8 1 4 1 47 1 115 1 298 1 302 2 193 1 259 1 303 2 211 1
96 18 10 13 1 7 2 8 1 4 1 47 1 338 1 142 1 143 2 152 2 109 1
103 19 7 13 1 4 1 7 2 36 2 47 1 205 2 204 2
111 20 6 6 2 13 2 7 2 4 1 36 2 204 1
126 22 9 7 2 4 1 312 1 165 2 172 1 283 1 142 1 143 2 152 3
215 36 10 39 1 4 1 36 2 47 1 13 2 461 1 146 1 277 1 348 1 97 1
//IdTournes NbColis
14 6
//IdColis IdCommandeInColis NbProducts IdProd1 QtyProd1 IdProd2 QtyProd2 ...
71 14 9 36 2 47 1 193 1 238 1 240 5 233 2 142 1 329 1 287 1
142 25 10 36 2 47 1 355 1 228 1 186 1 283 1 142 1 143 2 152 4 322 1
149 26 10 36 2 47 1 228 1 152 4 142 1 311 2 304 1 345 1 229 1 173 1
193 33 9 39 2 36 2 47 1 193 1 327 2 293 1 233 2 142 1 294 1
207 35 12 36 2 47 1 193 1 268 1 374 1 146 2 197 1 238 1 277 1 325 1 233 1 326 1
231 38 5 36 1 13 3 39 3 37 2 272 1
//IdTournes NbColis
15 6
//IdColis IdCommandeInColis NbProducts IdProd1 QtyProd1 IdProd2 QtyProd2 ...
34 8 12 7 1 6 1 47 1 302 1 298 1 178 1 181 1 303 1 259 1 284 1 179 1 143 2
51 11 7 6 2 13 2 7 2 47 1 193 1 334 1 238 2
180 31 7 39 2 6 2 47 1 466 1 142 1 152 4 311 2
200 34 12 61 2 47 1 193 1 327 1 146 1 185 1 277 1 384 1 233 2 142 1 240 2 44 1
232 38 10 61 2 66 2 47 1 437 1 268 1 284 1 338 1 466 1 238 1 396 1
14 3 15 47 1 284 1 268 1 165 1 172 1 142 1 143 2 152 2 304 1 345 1 166 1 173 1 169 1 164 1 106 1
//IdTournes NbColis
16 6
//IdColis IdCommandeInColis NbProducts IdProd1 QtyProd1 IdProd2 QtyProd2 ...
112 20 10 135 1 63 1 47 1 442 1 444 1 193 1 228 1 384 1 142 1 152 4
160 28 15 47 1 268 1 284 1 205 1 261 1 179 2 143 2 345 1 304 1 347 1 249 1 294 2 339 1 250 1 267 1
222 37 8 7 2 39 2 47 1 13 2 193 1 205 1 238 1 228 1
40 9 13 8 1 285 1 277 1 425 1 426 1 142 1 143 2 152 2 304 1 150 2 229 2 324 1 427 1
31 7 28 304 1 231 1 246 2 250 2 391 1 282 1 412 1 19 1 23 1 24 1 56 1 45 1 29 1 170 1 160 2 241 1 301 1 139 1 144 1 281 1 148 1 251 1 273 1 247 1 15 1 16 1 113 1 17 1
217 36 22 316 2 324 1 353 1 364 2 386 2 378 1 462 1 349 1 147 1 131 1 28 1 31 1 129 1 34 1 92 1 42 1 23 1 45 1 100 2 351 1 49 1 58 1
//IdTournes NbColis
17 6
//IdColis IdCommandeInColis NbProducts IdProd1 QtyProd1 IdProd2 QtyProd2 ...
109 20 7 10 1 136 1 52 1 124 1 446 1 18 1 202 1
229 38 7 10 1 52 1 124 1 422 1 475 1 472 1 481 1
9 2 20 337 1 294 3 323 1 339 2 192 1 147 1 175 1 177 2 307 2 341 1 371 1 388 2 133 1 31 1 28 1 11 1 34 2 100 2 92 2 119 1
65 13 17 326 2 364 1 386 3 294 3 339 2 337 3 147 1 282 1 341 1 31 1 28 1 439 1 11 1 34 1 23 2 24 2 56 1
73 14 24 323 1 395 1 337 3 339 2 206 1 147 1 31 1 28 1 11 1 92 1 42 1 23 1 45 1 34 1 100 2 49 1 27 1 33 1 53 1 266 1 226 1 227 1 301 2 321 2
174 30 28 40 1 67 1 175 1 168 1 177 1 371 1 307 2 198 1 167 2 31 1 28 1 71 1 34 1 100 1 80 1 92 1 42 1 23 1 45 1 49 1 315 2 68 1 70 1 215 1 33 1 162 1 344 1 266 1
//IdTournes NbColis
18 6
//IdColis IdCommandeInColis NbProducts IdProd1 QtyProd1 IdProd2 QtyProd2 ...
181 31 15 304 1 345 1 229 1 343 1 166 1 173 1 353 2 214 2 387 2 249 1 243 1 386 2 326 2 364 2 41 1
46 10 26 157 1 287 1 305 1 294 2 300 1 250 2 339 1 147 1 168 1 450 1 198 1 167 2 392 1 72 1 31 1 112 1 29 1 51 1 34 1 24 1 56 1 45 1 23 1 49 1 176 1 159 1
121 21 26 319 1 354 1 249 1 243 1 305 1 294 2 337 2 339 1 147 1 168 1 198 1 167 1 31 1 72 1 81 1 30 1 51 1 34 1 23 1 24 1 56 1 45 1 29 1 49 1 176 1 470 1
156 27 17 146 1 277 1 179 3 143 1 304 1 347 1 345 1 150 1 229 2 274 1 324 1 147 1 341 1 72 1 31 1 76 1 23 1
98 18 29 294 1 339 1 450 1 28 1 108 1 29 2 34 1 23 1 24 1 56 1 45 1 49 1 33 1 53 1 54 1 160 2 241 1 266 1 226 1 301 1 154 1 139 2 182 1 155 1 151 2 328 1 320 2 161 1 17 1
92 17 30 230 1 26 1 28 1 31 1 34 1 23 1 24 1 56 1 45 1 29 1 368 1 49 1 64 1 62 1 27 1 33 1 54 1 226 1 227 1 266 1 321 2 301 1 209 1 367 1 202 1 328 1 320 4 148 1 161 1 159 1
//IdTournes NbColis
19 6
//IdColis IdCommandeInColis NbProducts IdProd1 QtyProd1 IdProd2 QtyProd2 ...
115 20 29 34 1 92 1 42 1 23 1 45 1 100 2 49 1 315 2 62 1 27 1 128 1 33 1 54 1 99 1 162 1 226 1 227 1 266 1 321 2 301 2 443 1 137 2 209 1 224 1 194 1 195 1 281 1 310 1 367 1
11 2 21 239 1 155 1 292 1 320 1 278 1 290 1 159 3 247 1 138 1 380 1 407 1 102 1 406 1 48 1 15 1 55 3 97 1 408 1 16 1 17 2 43 2
129 22 28 33 1 53 1 54 1 162 1 227 1 266 1 321 2 226 1 301 1 139 1 213 1 144 1 281 2 309 1 151 1 365 2 161 1 290 1 159 2 247 1 138 1 48 1 50 1 15 1 55 1 16 1 17 2 43 1
218 36 31 70 1 245 1 424 1 33 1 99 1 423 1 266 1 226 1 209 1 137 1 154 1 256 1 155 1 151 2 320 4 292 1 161 1 278 1 138 1 460 1 141 1 225 1 130 1 48 1 96 1 15 1 55 1 122 1 16 1 17 2 43 1
41 9 25 286 1 157 1 287 2 404 1 282 1 431 1 65 1 23 1 24 1 56 1 45 1 29 2 429 1 266 1 430 1 224 1 182 1 281 1 154 1 320 3 161 1 15 1 16 1 17 2 43 1
10 2 23 42 2 23 2 45 1 49 2 315 2 245 1 27 2 257 1 53 1 54 1 162 1 227 1 226 1 266 1 321 2 301 2 139 1 144 2 209 2 281 1 310 1 401 2 256 2
//IdTournes NbColis
20 6
//IdColis IdCommandeInColis NbProducts IdProd1 QtyProd1 IdProd2 QtyProd2 ...
36 8 28 168 1 177 1 307 1 371 1 167 1 23 1 24 1 56 1 45 1 29 1 176 1 49 1 413 1 162 1 160 2 301 1 306 1 241 1 174 1 144 1 180 1 290 1 159 2 247 1 414 1 16 1 17 2 43 1
66 13 27 56 1 45 1 29 2 49 2 245 1 27 1 53 1 54 1 33 1 440 1 266 1 321 2 226 1 227 1 301 2 399 1 144 2 209 1 310 1 256 2 239 1 320 2 180 1 161 2 278 1 159 2 398 1
87 16 30 343 1 274 1 249 1 246 1 250 1 339 1 31 1 28 1 23 1 24 1 45 1 29 1 34 1 80 1 56 1 49 1 27 1 79 1 33 1 53 1 54 1 226 1 160 1 241 1 301 1 139 1 182 1 239 2 155 1 15 1
106 19 30 341 1 28 1 125 1 34 1 100 2 92 1 409 1 42 1 23 1 45 1 49 1 27 1 203 1 33 1 54 2 99 1 226 1 227 1 266 1 321 2 301 2 201 1 209 1 310 1 200 1 155 1 202 1 151 1 320 1 161 1
128 22 26 157 1 305 1 337 2 294 2 339 1 282 1 168 1 216 2 230 1 28 1 26 1 57 1 51 1 34 1 24 1 56 1 45 1 29 2 317 1 49 1 315 1 27 1 215 1 217 1 366 1 318 1
138 24 31 32 1 34 1 51 1 100 1 92 1 42 1 23 1 45 1 49 1 60 1 33 1 54 1 241 1 226 1 301 1 266 1 321 2 441 1 289 1 281 1 401 1 288 1 151 1 248 1 320 3 161 1 290 1 159 2 247 1 138 1 237 1
//IdTournes NbColis
21 6
//IdColis IdCommandeInColis NbProducts IdProd1 QtyProd1 IdProd2 QtyProd2 ...
144 25 31 339 1 402 1 404 1 357 1 147 1 28 1 34 1 100 2 92 1 42 1 23 1 45 1 361 1 49 1 27 1 33 1 99 1 266 1 356 1 321 2 226 1 227 1 301 1 154 1 144 1 151 1 359 1 320 1 183 1 161 1 336 1
151 26 28 323 1 339 1 337 2 147 1 168 1 167 2 31 1 34 1 100 2 92 1 42 1 23 1 45 1 315 1 49 1 27 1 33 1 53 1 54 1 162 1 266 1 321 2 226 1 227 1 301 1 151 1 320 1 44 1
182 31 25 287 1 378 1 342 1 305 1 337 2 294 2 391 1 339 1 168 1 388 2 28 1 123 1 465 1 34 1 100 2 92 1 45 1 42 1 23 1 49 1 315 1 70 1 99 1 423 1 121 1
188 32 20 229 3 324 1 353 1 149 1 140 1 354 1 352 1 326 2 335 2 364 1 31 1 28 1 34 1 100 1 92 1 42 1 23 1 45 1 49 1 70 1
195 33 26 294 1 391 1 337 3 339 2 171 1 392 1 101 1 31 1 42 1 23 1 92 1 45 1 34 1 100 2 368 1 49 1 70 1 265 1 33 1 99 1 266 1 226 1 227 1 301 2 321 1 55 1
202 34 24 326 2 364 2 386 2 323 1 192 1 206 1 147 1 26 1 93 2 31 1 42 1 92 1 94 1 45 1 34 1 100 2 275 1 49 1 70 1 252 1 382 1 33 1 99 1 226 1
//IdTournes NbColis
22 6
//IdColis IdCommandeInColis NbProducts IdProd1 QtyProd1 IdProd2 QtyProd2 ...
209 35 20 353 2 326 2 364 2 386 3 235 1 231 1 287 1 378 1 206 1 147 1 26 1 28 1 42 1 45 1 92 1 34 1 100 2 23 1 376 1 49 1
210 35 30 49 1 377 1 70 1 88 1 33 1 99 1 423 1 226 1 266 1 139 1 209 1 224 1 310 1 375 1 236 2 155 1 296 1 151 2 328 3 248 2 234 2 365 1 208 2 138 1 271 2 380 1 117 1 188 1 184 1 225 1
225 37 24 294 3 339 2 147 1 168 1 450 1 167 2 28 1 431 1 89 1 34 1 100 2 92 1 42 1 23 1 45 1 447 1 49 1 220 1 315 2 70 1 91 1 33 1 99 1 449 1
235 38 26 31 1 28 1 42 2 23 2 34 1 100 2 92 2 45 1 49 1 64 1 484 1 471 1 70 1 474 1 477 1 33 1 226 1 227 1 266 1 399 1 321 3 301 2 144 1 482 1 310 1 375 1
211 35 10 102 1 336 1 116 1 118 1 15 1 120 1 55 2 43 1 17 2 16 1
226 37 29 423 1 160 2 162 1 241 1 266 1 226 1 301 2 144 1 281 1 296 1 320 1 292 1 161 1 180 1 278 1 159 3 247 1 218 1 138 1 380 1 187 1 90 1 225 1 363 1 55 2 17 2 43 1 16 1 448 1
//IdTournes NbColis
23 6
//IdColis IdCommandeInColis NbProducts IdProd1 QtyProd1 IdProd2 QtyProd2 ...
59 12 27 250 1 404 1 339 1 167 1 23 1 24 1 56 1 45 1 29 1 245 1 241 1 162 1 160 1 301 1 248 1 400 1 148 2 247 1 251 1 434 1 433 1 403 1 15 1 16 1 17 1 43 1 432 1
157 27 25 24 1 56 1 45 1 29 1 275 1 27 1 53 1 54 1 226 1 77 1 137 1 375 1 155 1 151 1 320 2 138 1 271 1 73 1 74 1 15 1 55 1 16 1 17 1 43 1 463 1
114 20 16 326 2 364 2 386 3 287 1 305 1 337 3 294 3 339 2 280 1 282 1 168 1 230 1 167 2 28 1 26 1 125 1
161 28 23 250 1 415 1 341 1 125 1 23 1 24 1 56 1 45 1 29 1 416 1 160 2 241 1 301 1 144 1 281 1 290 1 159 2 247 1 237 1 15 1 16 1 17 1 43 1
189 32 20 424 1 88 1 33 1 423 1 266 1 226 1 137 1 139 2 144 3 151 1 148 1 290 1 138 1 271 1 141 1 55 1 87 1 16 1 17 2 43 1
82 15 32 23 2 190 1 176 1 315 1 27 1 33 1 54 1 162 1 191 1 160 2 241 1 266 1 226 1 301 2 194 1 310 1 296 1 320 1 148 1 278 1 290 1 159 3 247 1 138 1 271 2 187 1 188 1 184 1 225 1 44 1 50 1 15 1
//IdTournes NbColis
24 6
//IdColis IdCommandeInColis NbProducts IdProd1 QtyProd1 IdProd2 QtyProd2 ...
107 19 16 320 2 161 1 278 1 159 3 247 1 208 1 138 1 188 1 225 1 126 1 15 1 120 2 55 2 16 1 17 2 43 2
143 25 17 304 1 345 1 229 1 353 1 153 2 140 1 360 1 249 1 326 2 364 2 335 2 410 1 330 1 337 2 358 1 294 2 50 1
236 38 23 401 1 239 1 256 2 478 1 263 1 151 1 320 3 180 1 255 1 290 2 278 1 159 3 247 1 138 1 126 1 15 1 473 1 55 1 476 2 43 2 16 1 17 2 221 1
16 3 18 413 1 170 1 162 1 160 2 241 1 266 1 301 1 144 1 281 1 310 1 320 1 159 2 247 1 74 1 15 1 16 1 17 2 43 1
54 11 24 294 2 339 2 206 1 282 1 168 1 388 2 28 1 31 1 34 1 92 1 42 1 23 2 45 1 100 2 315 2 128 1 27 1 459 1 257 1 33 2 54 1 99 1 162 1 15 1
122 21 25 33 1 53 1 160 2 241 1 266 1 226 1 301 1 254 2 267 1 202 1 151 1 320 2 255 1 290 1 159 2 247 1 138 1 208 1 271 1 15 1 55 1 16 1 17 2 43 1 432 1
//IdTournes NbColis
25 6
//IdColis IdCommandeInColis NbProducts IdProd1 QtyProd1 IdProd2 QtyProd2 ...
203 34 29 266 1 281 2 310 1 239 1 256 2 155 1 320 4 385 1 279 1 161 1 278 1 381 1 331 1 138 1 271 1 380 1 184 2 188 1 225 2 95 1 336 1 44 1 96 1 15 1 55 2 97 1 43 1 16 1 17 2
24 5 23 304 1 347 1 150 2 229 2 324 1 287 1 192 1 189 1 23 1 24 1 56 1 45 1 29 1 376 1 267 1 291 1 292 1 271 1 417 1 15 1 16 1 17 1 43 1
116 20 19 151 1 328 1 248 2 320 3 148 2 161 1 278 1 159 3 247 1 138 1 389 1 118 1 120 1 15 1 55 1 122 1 43 1 17 2 16 1
47 10 33 82 1 27 1 84 1 245 1 54 1 160 2 162 1 241 1 226 1 301 1 195 1 182 1 281 1 309 1 468 1 151 1 308 1 161 1 159 1 247 1 138 3 237 1 271 1 106 1 460 1 15 1 83 1 85 1 105 1 55 1 17 2 196 1 43 1
3 1 15 56 1 45 1 29 1 241 1 301 1 160 1 137 1 139 1 183 1 247 1 273 1 15 1 16 1 17 1 43 1
20 4 28 249 1 270 1 294 2 339 1 337 2 189 1 192 1 24 1 56 1 45 1 29 1 456 1 457 1 458 1 266 1 191 1 160 2 241 1 301 1 267 1 200 1 159 2 247 1 187 1 15 1 16 1 17 1 113 1
//IdTournes NbColis
26 6
//IdColis IdCommandeInColis NbProducts IdProd1 QtyProd1 IdProd2 QtyProd2 ...
28 6 16 324 1 454 1 198 1 453 1 23 1 24 1 56 1 45 1 29 1 344 1 346 1 452 1 15 1 16 1 113 1 17 1
35 8 20 304 1 345 1 347 1 173 1 166 1 164 1 140 1 242 1 249 1 243 1 326 2 364 1 335 1 300 1 250 2 305 1 294 2 339 1 175 1 15 1
74 14 29 137 2 201 1 144 1 224 1 310 1 256 2 263 1 292 1 183 1 331 1 290 1 159 3 247 1 138 1 218 2 271 2 106 1 188 1 389 1 393 1 44 1 105 1 15 1 55 1 104 1 43 2 16 1 17 2 397 1
93 17 11 159 1 247 1 218 1 25 1 225 1 188 1 15 1 55 1 17 2 16 1 43 2
99 18 11 290 1 159 2 247 1 138 1 158 1 336 1 15 1 55 1 17 1 16 1 43 1
134 23 7 251 1 247 1 271 1 15 1 16 1 17 2 113 2
//IdTournes NbColis
27 6
//IdColis IdCommandeInColis NbProducts IdProd1 QtyProd1 IdProd2 QtyProd2 ...
139 24 9 380 1 271 1 188 1 369 2 15 1 55 1 17 2 43 1 16 1
145 25 11 159 2 247 1 138 1 184 1 369 1 403 1 15 1 55 1 16 1 17 2 43 1
152 26 13 385 1 400 1 161 1 159 2 247 1 138 1 15 1 105 1 55 1 221 1 16 1 17 2 43 1
167 29 21 144 1 194 1 310 1 236 1 239 1 155 1 320 2 296 1 161 1 278 1 290 1 237 1 218 1 187 1 188 1 184 1 318 1 15 1 16 1 17 1 43 1
175 30 31 321 2 226 2 301 2 227 1 139 3 144 2 224 1 155 1 202 1 223 1 320 2 161 1 278 1 159 2 247 1 218 1 138 1 237 1 271 1 380 1 188 1 225 1 369 1 95 1 373 1 438 1 15 1 120 1 55 1 16 1 17 1
183 31 29 162 1 266 1 321 2 226 1 227 1 301 1 154 1 139 2 144 2 209 2 151 1 320 2 161 1 159 2 247 1 138 1 208 1 271 1 369 1 467 1 44 1 15 1 55 1 122 1 16 1 17 1 196 1 299 1 43 1
//IdTournes NbColis
28 6
//IdColis IdCommandeInColis NbProducts IdProd1 QtyProd1 IdProd2 QtyProd2 ...
224 37 15 166 1 274 2 169 1 164 1 140 1 214 1 242 2 219 1 249 2 243 1 326 3 364 2 287 1 337 3 15 1
55 11 23 226 1 227 1 266 1 321 2 301 2 281 1 310 1 256 2 296 1 320 2 385 1 161 1 278 1 290 2 159 3 247 1 138 1 271 2 120 1 55 2 16 1 17 2 43 2
67 13 12 159 1 247 1 138 1 218 2 271 2 188 1 105 1 55 1 408 1 16 1 17 2 43 2
83 15 6 55 1 97 1 17 2 16 1 113 2 221 1
88 16 10 151 1 161 1 247 1 273 1 271 1 138 1 55 1 16 1 17 1 43 1
196 33 26 321 1 209 1 224 1 310 1 236 2 263 1 151 2 328 1 320 3 292 1 385 1 180 1 161 1 278 1 290 1 159 3 247 1 218 1 138 1 271 2 225 2 102 1 104 1 43 2 16 1 17 2
//IdTournes NbColis
29 6
//IdColis IdCommandeInColis NbProducts IdProd1 QtyProd1 IdProd2 QtyProd2 ...
81 15 22 339 1 337 3 189 1 192 1 147 2 175 1 168 1 177 2 307 2 371 1 230 1 167 2 112 1 31 1 28 1 114 1 111 1 24 1 56 1 45 1 29 2 34 1
201 34 11 240 3 311 3 345 1 229 3 316 2 324 1 383 1 353 2 314 1 326 1 98 1
97 18 17 152 2 304 1 345 1 229 1 274 1 153 1 140 1 156 1 249 1 335 2 326 2 364 2 157 1 287 1 337 2 294 1 27 1
166 29 17 229 1 316 2 324 1 212 1 326 3 364 2 386 3 464 1 100 2 92 1 42 1 23 2 45 1 266 1 137 1 154 2 236 1
176 30 2 17 1 43 1
15 3 22 140 1 242 1 249 1 243 1 326 2 364 1 335 2 305 1 337 2 294 2 300 1 339 1 171 1 168 1 341 1 167 1 23 1 24 1 56 1 45 1 29 1 163 1
//IdTournes NbColis
30 6
//IdColis IdCommandeInColis NbProducts IdProd1 QtyProd1 IdProd2 QtyProd2 ...
133 23 24 347 1 173 1 166 1 164 1 242 1 249 1 243 1 250 2 339 1 246 2 192 1 260 1 23 1 24 1 56 1 45 1 29 1 176 1 162 1 160 2 301 1 241 1 267 1 251 1
171 30 10 437 1 298 1 302 2 193 1 259 1 284 1 303 2 142 1 152 4 192 1
132 23 14 435 1 268 1 284 1 165 1 253 1 261 1 204 1 340 1 283 1 179 2 143 2 362 1 304 1 192 1
45 10 15 152 2 304 1 347 1 345 1 229 1 166 1 173 1 274 1 140 1 164 2 242 2 249 1 243 1 326 2 364 2
80 15 14 164 2 140 1 295 1 153 1 242 2 249 2 243 1 326 3 335 2 364 2 157 1 294 3 395 1 339 1
105 19 14 207 1 353 1 140 1 249 2 326 3 364 2 335 2 210 1 337 3 294 3 339 2 206 1 147 1 280 1
//IdTournes NbColis
31 6
//IdColis IdCommandeInColis NbProducts IdProd1 QtyProd1 IdProd2 QtyProd2 ...
127 22 16 152 1 304 1 229 1 173 1 166 1 274 1 140 1 214 2 242 2 319 1 249 1 212 1 243 1 364 2 335 2 326 2
150 26 16 166 1 353 2 140 1 214 2 222 1 242 2 249 1 243 1 326 2 364 2 335 1 287 1 322 2 305 1 294 2 209 1
173 30 15 242 1 249 2 243 1 326 3 364 2 386 2 335 1 210 1 287 1 372 1 294 3 337 3 339 2 147 1 299 1
91 17 16 152 3 345 1 311 2 304 1 229 1 353 1 149 1 153 1 249 1 287 1 322 1 337 2 294 2 339 1 192 1 341 1
8 2 15 304 1 345 1 173 1 166 1 353 1 214 2 387 2 249 2 243 1 326 3 364 2 386 1 313 1 337 2 258 1
52 11 11 333 1 244 1 233 2 142 1 311 3 240 5 345 1 229 1 173 1 207 1 155 1
//IdTournes NbColis
32 6
//IdColis IdCommandeInColis NbProducts IdProd1 QtyProd1 IdProd2 QtyProd2 ...
79 15 11 238 1 228 1 142 1 143 3 152 5 304 2 345 1 229 1 173 1 166 1 151 1
113 20 16 152 1 311 3 304 2 345 1 229 1 166 1 173 1 383 1 353 1 214 1 242 1 387 1 249 2 243 1 326 1 225 1
120 21 13 228 1 283 2 142 1 143 2 152 4 304 1 345 1 229 1 173 1 166 1 169 1 164 1 242 1
172 30 15 152 1 311 3 304 2 345 1 229 1 343 1 173 1 166 1 297 1 370 1 390 1 353 1 214 2 242 1 177 1
223 37 11 283 1 384 1 142 1 143 3 152 5 304 2 345 1 229 1 173 1 207 1 230 1
234 38 16 326 2 364 2 386 2 480 1 287 1 339 2 402 1 479 1 483 1 330 1 372 1 337 3 294 3 357 1 147 1 230 2
//IdTournes NbColis
33 6
//IdColis IdCommandeInColis NbProducts IdProd1 QtyProd1 IdProd2 QtyProd2 ...
64 13 12 193 1 284 1 233 2 142 1 152 2 240 2 311 3 345 1 316 1 353 1 249 2 147 1
165 29 11 193 1 238 1 277 1 325 2 233 2 142 1 240 3 311 3 345 1 229 1 314 1
208 35 9 233 1 142 1 240 5 379 3 345 1 229 3 316 2 324 1 392 1
233 38 10 340 1 348 1 283 1 345 1 233 2 142 1 240 5 311 3 249 2 326 1
7 2 9 302 1 259 1 193 1 312 1 303 2 142 1 152 5 311 3 304 1
104 19 10 211 1 228 1 238 1 350 1 142 1 152 5 311 3 304 2 345 1 229 1
//IdTournes NbColis
34 6
//IdColis IdCommandeInColis NbProducts IdProd1 QtyProd1 IdProd2 QtyProd2 ...
137 24 14 228 1 142 1 143 2 152 4 345 1 304 1 229 1 274 1 249 1 339 1 391 1 294 2 337 2 216 1
187 32 13 145 1 284 1 268 1 277 1 228 1 142 1 143 1 152 4 311 1 304 1 345 1 150 2 147 1
216 36 9 350 2 293 2 228 1 142 1 152 4 311 2 304 1 345 1 229 3
72 14 12 311 3 332 1 353 1 396 1 249 2 394 1 326 3 364 2 386 3 262 1 330 1 294 3
53 11 13 166 1 353 1 214 2 387 2 249 2 243 1 326 3 364 2 386 3 372 1 337 3 358 1 294 1
194 33 10 240 5 311 1 379 2 345 1 229 1 249 2 326 2 364 2 386 3 294 1
