//NbTournees
6
//IdTournes NbColis
1 6
//IdColis IdCommandeInColis NbProducts IdProd1 QtyProd1 IdProd2 QtyProd2 ...
3 1 15 182 1 186 1 371 1 344 1 415 2 17 1 164 2 167 1 200 1 222 1 180 4 1 2 9 1 11 1 65 1
15 2 16 180 4 4 1 44 1 1 1 18 2 40 1 41 3 84 1 102 2 106 1 107 1 58 1 322 1 337 1 193 1 161 1
21 3 22 144 1 4 1 1 2 14 1 27 1 28 1 51 1 67 1 41 1 93 1 99 1 102 1 58 1 111 1 310 1 322 1 212 1 241 2 176 1 202 1 33 1 282 1
26 4 16 76 1 268 1 273 1 385 1 211 1 116 1 415 1 165 1 180 3 1 3 5 1 11 1 12 1 18 1 35 1 294 1
31 5 19 331 1 180 1 1 2 18 1 37 1 41 2 42 2 55 1 58 2 111 1 309 1 322 1 149 1 178 1 224 1 133 1 150 1 171 1 341 1
36 6 13 53 1 100 1 304 2 19 1 23 1 57 2 197 1 189 1 166 1 209 1 232 1 359 1 1 1
//IdTournes NbColis
2 6
//IdColis IdCommandeInColis NbProducts IdProd1 QtyProd1 IdProd2 QtyProd2 ...
32 5 31 202 2 126 1 152 1 162 1 347 1 346 1 345 1 349 1 351 1 326 1 145 1 358 1 350 1 50 1 143 1 148 1 172 1 342 1 343 1 290 1 159 1 207 1 2 1 26 1 314 1 237 2 402 1 291 1 160 1 175 1 369 1
9 1 30 117 1 161 2 391 1 174 1 250 1 205 1 395 2 127 1 157 1 216 4 112 1 373 3 418 1 301 3 206 2 394 1 425 2 61 1 62 1 303 1 230 1 113 1 89 1 90 1 318 1 353 2 3 1 66 2 74 2 48 2
23 3 30 295 1 296 1 120 1 173 1 217 1 219 1 244 1 245 1 298 1 161 1 174 1 216 1 91 1 206 1 122 1 379 1 3 1 66 1 47 1 279 1 380 1 300 1 240 1 256 1 257 1 293 1 284 1 285 1 288 1 378 1
1 1 8 7 1 95 1 31 1 72 1 16 1 304 1 38 1 340 1
13 2 5 7 1 15 1 95 2 96 1 24 1
19 3 6 7 1 31 2 34 1 321 1 72 1 155 1
//IdTournes NbColis
3 6
//IdColis IdCommandeInColis NbProducts IdProd1 QtyProd1 IdProd2 QtyProd2 ...
25 4 8 31 2 34 1 6 1 98 1 53 1 138 1 225 1 155 1
35 6 7 34 2 320 1 6 1 72 1 73 1 305 1 165 1
37 6 22 8 1 18 1 41 1 102 1 58 1 111 1 135 1 149 1 171 1 181 4 202 3 236 1 261 1 125 1 203 1 358 1 372 1 188 1 92 1 327 1 121 1 409 1
7 1 26 192 1 201 1 389 2 92 1 104 2 327 1 339 1 269 1 151 1 234 1 103 1 123 1 148 2 169 2 184 1 172 3 332 3 213 1 290 1 10 1 20 1 29 1 87 2 105 1 130 1 354 1
4 1 16 12 1 18 2 21 1 25 2 37 2 67 1 70 1 41 1 42 2 82 1 102 3 107 1 58 2 111 1 307 1 162 1
16 2 25 149 1 181 2 190 1 261 1 381 2 185 1 43 1 45 1 92 1 234 2 121 1 143 1 148 3 156 1 169 1 172 1 374 1 377 1 140 2 131 1 237 3 272 1 229 1 250 1 13 1
//IdTournes NbColis
4 6
//IdColis IdCommandeInColis NbProducts IdProd1 QtyProd1 IdProd2 QtyProd2 ...
14 2 17 75 2 19 1 139 1 97 1 227 1 114 1 189 1 124 1 154 1 158 1 167 1 209 1 215 1 226 1 231 1 180 1 235 1
20 3 15 305 1 304 1 75 1 19 1 57 1 211 1 238 1 191 1 128 1 129 1 154 1 179 1 223 1 177 2 153 1
38 6 26 123 1 143 1 148 3 156 1 169 2 172 2 213 1 233 1 323 1 374 1 29 2 46 1 79 2 83 1 87 2 130 1 147 2 196 1 207 1 312 1 137 1 247 1 22 2 71 2 328 2 414 1
2 1 12 23 1 194 1 390 1 76 4 78 2 306 1 155 1 211 1 356 1 187 1 191 1 44 1
28 4 32 239 1 210 1 119 1 125 3 280 1 77 1 269 1 151 1 169 1 172 1 290 1 29 1 46 1 81 1 207 1 218 1 242 1 68 1 71 1 315 1 386 1 328 1 173 1 214 1 258 1 117 1 250 1 127 3 136 1 112 1 289 2 286 1
22 3 24 60 1 64 1 381 1 119 4 125 2 32 1 302 1 208 1 63 1 77 1 94 1 269 1 59 1 148 2 172 3 276 1 159 1 243 1 242 1 30 1 335 1 287 1 291 1 298 1
//IdTournes NbColis
5 6
//IdColis IdCommandeInColis NbProducts IdProd1 QtyProd1 IdProd2 QtyProd2 ...
39 6 40 330 1 173 1 204 1 229 1 117 1 174 1 205 2 416 1 419 1 157 3 112 1 373 1 421 1 301 1 198 1 425 1 429 1 230 1 409 1 246 2 113 1 318 1 362 1 361 1 36 1 48 3 69 1 255 1 420 1 248 4 274 1 340 1 263 1 292 1 384 1 299 1 108 1 257 1 271 2 367 1
27 4 19 37 2 41 2 84 1 102 1 58 1 110 1 111 2 322 1 324 1 224 1 85 1 109 1 220 1 133 1 163 1 170 1 171 1 181 3 411 1
30 5 14 52 1 53 1 38 1 57 1 118 1 139 1 268 1 273 1 155 2 129 1 344 1 132 1 331 1 142 1
17 2 26 301 1 373 1 39 1 198 1 86 1 122 1 277 1 115 1 275 1 375 2 270 1 383 1 251 1 259 1 283 1 316 1 252 1 255 1 47 1 263 1 299 2 384 1 101 1 376 1 382 1 266 1
29 4 14 206 1 297 1 254 1 113 1 260 1 66 1 262 1 267 1 265 1 292 2 108 1 264 1 286 1 382 1
33 5 27 117 1 216 1 418 1 49 1 206 1 348 1 56 1 410 1 403 1 417 1 353 1 134 1 399 1 248 2 54 1 355 1 401 1 376 1 405 1 284 1 398 1 400 1 365 1 366 1 285 2 412 1 378 1
//IdTournes NbColis
6 5
//IdColis IdCommandeInColis NbProducts IdProd1 QtyProd1 IdProd2 QtyProd2 ...
8 1 25 130 1 159 1 196 2 218 2 243 1 387 1 207 2 368 1 427 1 317 1 325 1 335 1 338 2 146 1 195 1 393 1 237 5 287 1 80 3 315 2 120 2 160 1 173 2 229 1 117 1
10 1 30 88 2 319 1 329 1 333 1 267 1 255 2 413 1 397 1 407 1 420 1 422 1 340 1 248 1 404 1 384 1 424 2 108 1 355 2 271 3 370 1 293 1 426 1 253 1 382 1 428 1 364 2 366 1 285 2 430 1 378 3
5 1 20 309 2 311 1 313 1 324 1 334 1 336 1 357 1 141 1 193 2 212 1 149 3 221 1 224 1 199 1 183 1 220 1 133 1 163 1 153 1 159 1
6 1 16 171 2 202 3 181 6 239 1 360 2 228 1 392 1 396 1 352 1 125 3 363 1 423 1 308 1 388 2 168 1 409 1
40 6 11 278 1 281 1 253 1 282 1 367 2 406 1 408 1 249 1 365 4 366 3 430 1
