//NbTournees
5
//IdTournes NbColis
1 6
//IdColis IdCommandeInColis NbProducts IdProd1 QtyProd1 IdProd2 QtyProd2 ...
8 1 41 343 1 347 1 11 1 328 3 270 1 282 1 284 6 351 5 326 1 279 1 350 2 200 1 312 1 261 2 138 1 349 3 294 1 298 1 249 2 302 1 2 3 269 1 20 1 1 1 283 1 341 1 17 1 300 1 305 2 308 2 320 1 293 1 301 1 316 1 325 2 346 1 322 2 335 1 258 1 311 1 265 2
14 2 25 30 1 162 1 40 1 185 1 223 1 348 1 281 1 351 6 326 3 280 1 274 3 2 3 269 1 283 1 248 1 318 1 296 2 295 1 297 1 315 1 317 1 330 1 299 1 340 1 265 2
17 3 20 137 1 146 1 149 1 165 1 128 1 194 1 52 2 91 1 131 2 108 1 151 1 171 2 176 1 177 1 218 1 3 1 12 1 79 1 119 1 132 1
22 4 17 255 1 35 1 4 1 6 2 13 1 49 1 55 2 87 1 65 1 124 1 128 1 52 1 88 1 115 1 3 2 12 1 263 1
27 5 19 98 1 66 1 129 1 130 1 133 1 143 1 147 2 111 1 153 1 198 1 199 1 168 1 170 1 203 1 128 1 120 1 151 1 3 1 248 1
1 1 18 336 1 337 1 35 1 206 1 6 3 9 1 18 1 29 2 41 1 70 1 82 1 83 1 49 1 51 1 95 1 97 1 324 1 257 1
//IdTournes NbColis
2 6
//IdColis IdCommandeInColis NbProducts IdProd1 QtyProd1 IdProd2 QtyProd2 ...
6 1 19 8 1 22 1 68 1 75 1 81 1 99 1 156 2 184 3 234 1 189 1 226 1 85 1 329 2 162 2 327 2 333 1 5 1 26 1 61 1
11 2 18 339 1 336 1 227 1 53 1 122 1 175 2 6 2 9 1 28 1 32 1 48 1 84 1 110 1 111 1 113 1 118 1 274 1 324 1
16 3 20 227 1 35 1 6 2 9 1 13 1 50 2 51 1 55 1 69 1 77 1 78 1 82 1 83 1 49 1 93 1 65 1 66 1 275 1 246 1 257 1
33 6 23 160 1 183 1 64 1 44 1 46 1 54 1 60 1 62 2 109 1 224 1 63 1 112 1 34 1 59 1 148 1 157 1 262 2 5 1 26 1 47 1 61 1 332 1 300 1
26 5 19 272 1 35 1 31 1 7 1 9 1 23 1 28 1 55 1 56 1 70 1 78 1 80 1 82 2 48 1 90 1 49 2 93 1 275 1 282 1
13 2 20 105 1 107 1 109 1 155 1 224 1 112 1 114 1 193 1 8 2 15 1 99 2 102 1 156 1 184 3 189 1 190 1 117 1 241 1 321 1 246 1
//IdTournes NbColis
3 6
//IdColis IdCommandeInColis NbProducts IdProd1 QtyProd1 IdProd2 QtyProd2 ...
24 4 31 63 1 73 1 59 2 193 1 8 1 184 2 85 1 241 1 42 1 47 1 103 1 127 1 209 1 185 1 216 1 231 1 235 1 11 1 270 1 250 1 261 1 280 1 274 1 251 1 264 1 19 1 252 1 21 1 277 1 273 1 242 1
18 3 16 121 2 104 1 141 1 158 1 163 2 180 1 210 1 183 1 215 1 230 1 342 1 275 2 169 2 10 1 39 1 274 1
28 5 20 36 1 57 1 104 1 140 1 163 1 212 1 275 1 253 1 38 1 44 2 196 1 10 1 37 1 39 1 43 1 100 1 101 1 62 1 109 1 45 1
20 3 30 154 1 63 1 34 2 59 1 148 1 193 1 228 2 99 1 102 1 166 1 222 1 42 1 58 1 173 1 223 1 263 1 11 2 86 2 282 3 250 1 279 1 261 1 274 1 269 2 271 1 243 1 21 2 254 2 245 1 276 1
3 1 20 240 1 187 1 287 1 289 1 181 1 205 1 88 1 52 1 135 1 151 1 171 1 12 1 24 2 94 1 104 1 121 1 106 1 139 1 310 1 246 1
12 2 20 66 1 165 1 174 1 128 1 187 1 52 1 108 1 12 1 57 1 106 1 119 1 121 1 161 1 186 1 191 1 38 1 142 1 16 2 27 1 351 1
//IdTournes NbColis
4 6
//IdColis IdCommandeInColis NbProducts IdProd1 QtyProd1 IdProd2 QtyProd2 ...
23 4 20 57 2 125 1 213 1 215 1 229 1 236 1 275 1 64 1 14 1 233 1 39 1 74 1 60 1 62 1 123 1 126 1 224 1 225 1 114 1 45 1
30 5 25 162 1 221 1 42 1 71 2 103 1 134 1 144 1 127 1 185 1 192 1 235 2 281 1 282 1 284 8 244 1 220 1 274 1 249 2 251 1 269 1 283 1 21 1 17 1 267 1 278 1
5 1 21 105 1 123 1 126 1 167 2 202 1 182 1 237 1 285 1 219 1 224 2 63 1 112 1 201 1 291 1 34 1 157 1 259 1 204 2 25 1 292 1 340 1
7 1 19 26 1 67 2 42 2 47 2 103 1 134 1 179 3 173 1 209 1 192 3 235 1 185 1 216 3 223 2 290 1 231 1 263 2 274 1 344 1
29 5 20 197 1 126 2 182 3 211 1 219 1 224 1 239 1 63 2 33 1 34 1 45 1 59 2 150 1 157 1 193 1 259 1 226 1 262 1 162 1 282 1
32 6 21 338 1 35 1 172 1 41 1 55 1 65 1 66 1 133 2 146 1 111 1 153 1 159 1 168 1 170 1 194 1 288 1 52 1 171 1 34 1 265 1 306 1
//IdTournes NbColis
5 6
//IdColis IdCommandeInColis NbProducts IdProd1 QtyProd1 IdProd2 QtyProd2 ...
4 1 18 195 1 125 1 161 1 208 1 191 1 342 2 275 1 253 1 38 2 92 1 64 1 136 1 238 1 43 1 72 1 46 1 89 3 318 1
19 3 20 54 1 74 1 76 1 96 1 101 1 60 1 62 1 109 1 145 1 152 1 126 1 167 1 182 2 214 1 217 1 219 2 225 1 232 1 262 1 265 1
2 1 18 98 1 116 1 118 2 66 1 133 1 110 1 146 1 149 1 153 2 178 1 159 1 124 1 165 1 168 1 170 1 203 1 207 1 323 1
34 6 13 144 1 164 1 127 1 188 1 192 1 286 1 223 2 309 1 318 1 313 1 319 1 331 1 307 1
21 3 6 258 1 260 1 266 1 247 1 256 1 268 2
9 1 10 303 1 311 1 344 1 345 1 330 1 334 1 299 1 314 1 278 1 304 1
