//NbTournees
75
//IdTournes NbColis
1 6
//IdColis IdCommandeInColis NbProducts IdProd1 QtyProd1 IdProd2 QtyProd2 ...
6 1 34 63 1 220 1 349 1 367 1 41 1 329 1 1 1 65 2 79 1 124 1 125 2 22 1 546 1 544 2 393 1 239 1 234 1 97 1 432 1 154 2 216 1 185 1 14 1 331 1 280 1 405 1 401 1 339 1 343 1 354 3 357 1 440 1 332 1 383 1
10 2 7 229 1 52 1 2 1 18 1 209 1 17 1 119 1
17 3 8 191 1 192 1 2 1 159 1 203 1 365 1 388 1 83 1
21 4 8 2 1 8 1 9 1 24 1 25 1 386 2 498 1 29 1
1 1 10 328 1 4 1 13 1 16 1 189 1 115 1 232 1 111 1 29 2 110 1
8 2 6 4 1 16 1 46 1 12 1 144 1 287 1
//IdTournes NbColis
2 6
//IdColis IdCommandeInColis NbProducts IdProd1 QtyProd1 IdProd2 QtyProd2 ...
15 3 6 12 1 13 1 16 1 46 1 3 1 287 1
24 5 6 5 1 16 1 46 1 12 1 3 1 584 1
25 5 7 13 1 52 1 89 1 149 1 3 1 592 1 119 1
31 6 6 7 1 10 1 21 1 105 1 3 1 113 1
36 7 6 10 1 21 1 46 1 89 1 3 1 287 1
37 7 7 105 1 149 1 164 1 192 1 3 1 359 1 84 1
//IdTournes NbColis
3 6
//IdColis IdCommandeInColis NbProducts IdProd1 QtyProd1 IdProd2 QtyProd2 ...
44 8 6 10 1 21 1 7 1 89 1 3 1 287 1
45 8 7 105 1 149 1 164 1 192 1 3 1 359 1 110 1
53 9 6 13 1 16 1 46 1 12 1 3 1 245 1
54 9 7 52 1 89 1 149 1 191 1 3 1 506 1 110 1
65 10 6 10 1 21 1 7 1 105 1 3 1 287 1
67 10 8 251 1 308 1 88 1 228 1 300 1 36 1 30 1 29 1
//IdTournes NbColis
4 6
//IdColis IdCommandeInColis NbProducts IdProd1 QtyProd1 IdProd2 QtyProd2 ...
70 11 7 7 1 10 1 21 1 105 1 3 1 295 1 111 1
76 12 6 10 1 21 1 7 1 105 1 3 1 104 1
77 12 6 89 1 149 1 164 1 192 1 3 1 103 1
82 13 7 10 1 21 1 7 1 105 1 3 1 42 1 232 1
83 13 7 89 1 149 1 164 1 192 1 3 1 185 1 111 1
88 14 6 10 1 12 1 16 1 46 1 3 1 287 1
//IdTournes NbColis
5 6
//IdColis IdCommandeInColis NbProducts IdProd1 QtyProd1 IdProd2 QtyProd2 ...
89 14 6 52 1 89 1 149 1 192 1 3 1 157 1
94 15 6 38 1 21 1 7 1 89 1 3 1 157 1
99 16 6 4 1 13 1 46 1 50 1 3 1 287 1
105 17 6 12 1 13 1 16 1 46 1 3 1 287 1
109 17 22 22 1 79 1 82 1 109 1 187 1 30 1 45 1 473 1 393 1 302 1 194 1 185 1 14 1 548 1 280 1 339 1 343 1 504 1 83 1 29 1 84 1 240 1
111 18 6 38 1 21 1 7 1 89 1 3 1 287 1
//IdTournes NbColis
6 6
//IdColis IdCommandeInColis NbProducts IdProd1 QtyProd1 IdProd2 QtyProd2 ...
117 19 6 10 1 12 1 16 1 46 1 3 1 287 1
118 19 6 52 1 89 1 149 1 192 1 3 1 87 1
123 20 6 16 1 46 1 12 1 13 1 3 1 113 1
124 20 6 52 1 89 1 149 1 176 1 3 1 196 1
130 21 6 10 1 12 1 16 1 46 1 3 1 193 1
135 22 6 10 1 21 1 7 1 89 1 3 1 113 1
//IdTournes NbColis
7 6
//IdColis IdCommandeInColis NbProducts IdProd1 QtyProd1 IdProd2 QtyProd2 ...
136 22 7 105 1 149 1 164 1 192 1 3 1 359 1 110 1
143 23 6 10 1 16 1 46 1 52 1 3 1 113 1
149 24 6 12 1 13 1 16 1 46 1 3 1 287 1
154 25 6 10 1 21 1 7 1 105 1 3 1 287 1
155 25 6 89 1 149 1 164 1 192 1 3 1 287 1
160 26 6 4 1 13 1 16 1 46 1 129 1 113 1
//IdTournes NbColis
8 6
//IdColis IdCommandeInColis NbProducts IdProd1 QtyProd1 IdProd2 QtyProd2 ...
164 26 18 109 1 82 1 467 1 567 1 568 1 30 1 393 1 234 1 364 1 424 1 459 1 343 1 354 1 357 1 339 2 29 1 110 1 233 1
166 27 6 4 1 44 1 131 1 50 1 132 1 113 1
173 28 6 4 1 46 1 52 1 50 1 129 1 287 1
178 29 6 4 1 46 1 50 1 52 1 129 1 287 1
183 30 6 4 1 12 1 13 1 16 1 88 1 162 1
188 31 6 4 1 12 1 13 1 16 1 88 1 287 1
//IdTournes NbColis
9 6
//IdColis IdCommandeInColis NbProducts IdProd1 QtyProd1 IdProd2 QtyProd2 ...
193 32 6 4 1 46 1 52 1 50 1 129 1 287 1
199 33 6 4 1 46 1 52 1 50 1 129 1 113 1
205 34 6 4 1 44 1 131 1 50 1 132 1 157 1
211 35 6 4 1 44 1 131 1 50 1 132 1 113 1
217 36 6 4 1 44 1 131 1 50 1 132 1 113 1
223 37 6 4 1 13 1 16 1 46 1 129 1 430 1
//IdTournes NbColis
10 6
//IdColis IdCommandeInColis NbProducts IdProd1 QtyProd1 IdProd2 QtyProd2 ...
230 38 6 4 1 44 1 131 1 50 1 132 1 113 1
236 39 6 4 1 44 1 52 1 50 1 129 1 287 1
242 40 6 4 1 13 1 16 1 46 1 88 1 430 1
248 41 7 4 1 13 1 16 1 46 1 88 1 359 1 110 1
256 42 6 4 1 46 1 13 1 50 1 129 1 87 1
261 43 6 4 1 44 1 131 1 50 1 132 1 216 1
//IdTournes NbColis
11 6
//IdColis IdCommandeInColis NbProducts IdProd1 QtyProd1 IdProd2 QtyProd2 ...
269 44 6 4 1 13 1 16 1 46 1 144 1 287 1
275 45 6 4 1 13 1 16 1 46 1 129 1 113 1
283 46 6 4 1 44 1 131 1 50 1 132 1 113 1
290 47 6 4 1 44 1 131 1 50 1 132 1 113 1
296 48 6 4 1 13 1 16 1 46 1 129 1 287 1
302 49 6 4 1 44 1 131 1 50 1 132 1 287 1
//IdTournes NbColis
12 6
//IdColis IdCommandeInColis NbProducts IdProd1 QtyProd1 IdProd2 QtyProd2 ...
307 50 6 4 1 46 1 52 1 50 1 129 1 287 1
316 51 24 341 1 223 2 396 2 64 1 362 2 186 1 367 1 510 1 22 1 79 1 109 1 187 2 82 1 521 1 66 1 363 3 400 1 393 1 194 1 419 1 610 1 185 1 14 1 565 1
318 52 7 67 1 44 1 131 1 50 1 69 1 42 1 119 1
323 53 6 67 1 44 1 131 1 50 1 69 1 113 1
329 54 6 67 1 44 1 131 1 50 1 69 1 113 1
336 55 6 67 1 44 1 131 1 50 1 69 1 113 1
//IdTournes NbColis
13 6
//IdColis IdCommandeInColis NbProducts IdProd1 QtyProd1 IdProd2 QtyProd2 ...
346 56 6 67 1 44 1 77 1 137 1 69 1 157 1
352 57 6 67 1 44 1 131 1 50 1 132 1 113 1
358 58 6 67 1 44 1 131 1 50 1 69 1 113 1
366 59 6 67 1 44 1 77 1 50 1 69 1 113 1
373 60 6 67 1 44 1 131 1 50 1 69 1 287 1
379 61 6 67 1 44 1 131 1 50 1 69 1 113 1
//IdTournes NbColis
14 6
//IdColis IdCommandeInColis NbProducts IdProd1 QtyProd1 IdProd2 QtyProd2 ...
385 62 6 67 1 44 1 131 1 50 1 69 1 287 1
391 63 6 67 1 44 1 131 1 50 1 69 1 154 1
508 83 10 235 1 387 1 398 1 67 1 144 1 335 1 111 1 29 1 110 1 240 1
253 41 14 449 3 72 1 433 1 375 3 372 1 523 1 224 1 356 1 358 1 380 2 56 1 32 2 219 2 345 1
396 64 7 5 1 38 1 21 1 92 1 11 1 42 1 83 1
509 83 7 44 1 156 2 143 1 177 1 391 1 49 1 79 1
//IdTournes NbColis
15 6
//IdColis IdCommandeInColis NbProducts IdProd1 QtyProd1 IdProd2 QtyProd2 ...
4 1 6 91 2 144 1 6 2 48 2 17 1 73 1
11 2 10 210 1 91 2 6 2 177 1 394 1 420 1 83 1 29 1 84 1 240 1
27 5 6 91 1 144 1 6 2 34 2 121 2 595 1
60 9 28 516 1 536 1 674 1 344 1 31 1 41 1 507 1 309 1 28 2 510 1 495 1 79 1 266 1 305 2 109 2 82 1 379 1 683 1 593 1 511 1 517 1 427 1 418 3 534 1 397 4 623 1 283 1 685 1
101 16 7 229 1 387 1 129 2 144 1 6 1 393 1 83 1
102 16 9 6 1 48 2 177 1 448 1 449 2 54 1 189 1 63 1 343 1
//IdTournes NbColis
16 6
//IdColis IdCommandeInColis NbProducts IdProd1 QtyProd1 IdProd2 QtyProd2 ...
125 20 6 191 1 192 1 91 3 6 1 393 1 232 1
126 20 6 144 1 203 1 6 1 34 3 121 2 530 1
162 26 7 191 1 229 1 144 1 6 2 48 1 163 1 14 1
185 30 9 191 1 229 1 91 1 6 1 48 1 177 1 23 1 553 1 240 1
190 31 9 191 1 229 1 91 1 144 1 6 1 48 1 275 1 339 1 111 1
201 33 11 398 1 191 1 129 1 144 1 6 1 48 1 20 1 590 1 232 1 111 1 29 1
//IdTournes NbColis
17 6
//IdColis IdCommandeInColis NbProducts IdProd1 QtyProd1 IdProd2 QtyProd2 ...
225 37 10 229 1 387 1 129 1 144 1 6 2 376 1 232 1 111 1 29 1 233 1
226 37 6 6 1 48 3 177 1 448 1 449 2 23 1
244 40 7 191 1 229 1 91 1 144 1 6 2 487 1 303 1
252 41 6 386 1 6 2 121 3 118 1 394 1 433 1
258 42 11 191 1 387 1 144 1 6 1 48 1 448 1 23 1 573 1 119 1 83 1 29 1
271 44 8 387 1 229 1 91 1 6 2 48 1 365 1 194 1 29 1
//IdTournes NbColis
18 6
//IdColis IdCommandeInColis NbProducts IdProd1 QtyProd1 IdProd2 QtyProd2 ...
278 45 9 99 1 150 1 25 1 386 2 6 2 48 1 232 1 111 1 233 1
298 48 9 387 1 229 1 62 1 6 1 48 1 177 1 23 1 73 1 29 1
314 51 6 191 1 192 1 91 2 228 1 6 1 608 1
315 51 9 6 1 34 2 118 1 121 2 394 1 184 1 163 1 63 1 29 1
404 65 6 38 1 10 1 21 1 92 1 11 1 287 1
410 66 7 38 1 10 1 21 1 92 1 11 1 631 1 119 1
//IdTournes NbColis
19 6
//IdColis IdCommandeInColis NbProducts IdProd1 QtyProd1 IdProd2 QtyProd2 ...
415 67 6 38 1 10 1 21 1 92 1 11 1 80 1
421 68 6 38 1 10 1 21 1 92 1 11 1 287 1
427 69 10 38 1 10 1 21 1 92 1 11 1 119 1 83 1 29 1 84 1 240 1
436 70 7 8 1 386 2 25 1 6 2 34 2 359 1 119 1
442 71 7 191 1 192 1 91 1 228 1 123 1 6 1 204 1
447 72 10 192 1 149 1 91 2 6 1 34 1 61 1 111 1 29 1 110 1 240 1
//IdTournes NbColis
20 6
//IdColis IdCommandeInColis NbProducts IdProd1 QtyProd1 IdProd2 QtyProd2 ...
452 73 5 191 1 192 1 91 3 6 1 351 1
453 73 9 6 1 34 2 121 2 118 1 394 1 352 1 336 1 392 1 690 1
458 74 10 191 1 192 1 91 2 6 2 197 1 232 1 111 1 29 1 110 1 233 1
465 75 7 25 1 386 2 6 1 34 2 121 1 118 1 218 1
121 19 30 374 1 421 1 63 1 64 1 639 1 349 1 186 1 550 1 384 2 389 1 555 2 41 1 330 1 377 1 43 2 646 1 85 1 22 1 90 1 231 1 79 1 305 1 109 1 640 1 82 1 400 1 508 1 371 1 643 1 240 1
170 27 18 281 2 336 3 376 1 338 1 346 3 63 1 64 2 362 4 195 1 65 2 79 1 215 1 125 2 397 3 340 1 45 1 393 1 343 1
//IdTournes NbColis
21 6
//IdColis IdCommandeInColis NbProducts IdProd1 QtyProd1 IdProd2 QtyProd2 ...
215 35 29 433 1 388 1 63 1 64 1 429 1 362 1 53 1 238 1 367 1 439 1 574 1 90 3 65 1 79 1 124 1 125 2 379 1 546 1 445 1 234 1 390 3 157 1 185 1 339 1 343 1 357 1 332 1 84 1 240 1
469 76 6 92 1 10 1 21 1 7 1 11 1 112 1
475 77 6 92 1 10 1 21 1 7 1 11 1 287 1
481 78 7 92 1 10 1 21 1 7 1 11 1 68 1 119 1
510 83 8 51 2 47 1 17 1 109 1 82 1 187 1 237 1 45 1
486 79 11 98 1 10 1 21 1 108 1 101 1 553 1 119 1 83 1 29 1 84 1 240 1
//IdTournes NbColis
22 6
//IdColis IdCommandeInColis NbProducts IdProd1 QtyProd1 IdProd2 QtyProd2 ...
49 8 16 532 1 394 1 23 1 163 1 396 2 375 2 63 2 64 2 632 1 634 1 349 1 356 1 358 1 380 1 32 2 65 1
59 9 23 392 2 375 1 20 1 372 1 378 1 523 1 501 1 515 1 220 1 356 1 512 1 380 2 349 2 358 1 429 1 32 1 138 2 181 1 182 1 513 1 367 2 439 2 502 1
203 33 25 362 3 32 2 195 1 585 2 22 1 65 1 79 1 215 1 125 2 39 1 411 1 415 4 393 1 234 1 390 1 369 1 42 1 185 1 14 1 339 1 343 3 441 1 412 2 110 1 233 1
383 61 24 259 1 260 1 267 1 64 1 362 1 32 2 268 1 195 1 174 1 22 1 65 1 79 1 266 1 215 1 125 2 471 1 139 2 393 1 432 2 185 1 347 1 450 3 343 1 357 1
449 72 9 86 1 79 1 305 1 109 1 82 1 306 1 303 1 390 2 432 1
490 79 16 396 1 63 1 32 1 206 1 366 1 205 1 311 1 79 1 109 1 187 1 82 1 653 1 654 1 194 1 422 1 460 1
//IdTournes NbColis
23 6
//IdColis IdCommandeInColis NbProducts IdProd1 QtyProd1 IdProd2 QtyProd2 ...
231 38 6 175 1 217 1 235 1 387 1 132 1 57 1
305 49 33 177 1 448 1 47 1 64 1 362 1 186 1 155 1 22 1 65 1 79 1 231 1 124 1 125 1 479 1 672 1 675 1 139 2 566 1 393 1 350 1 194 1 185 1 68 1 14 1 343 1 504 1 357 1 486 1 383 1 232 1 111 1 110 1 233 1
371 59 30 362 1 380 2 138 2 181 2 182 1 238 1 71 1 366 1 27 2 28 2 231 1 65 2 79 1 124 1 125 2 517 1 427 1 545 1 327 1 393 1 157 1 359 2 42 4 185 1 14 1 417 1 435 1 347 2 677 1 233 1
448 72 14 34 1 118 1 394 1 121 1 107 1 23 1 571 1 396 1 570 2 275 1 472 1 71 1 106 1 446 1
370 59 13 395 2 54 2 374 1 72 1 223 1 420 1 375 1 172 1 523 1 372 1 64 1 356 1 358 2
382 61 7 51 1 49 2 143 2 177 1 391 1 189 1 72 1
//IdTournes NbColis
24 6
//IdColis IdCommandeInColis NbProducts IdProd1 QtyProd1 IdProd2 QtyProd2 ...
389 62 22 54 1 374 1 72 1 362 1 186 1 367 1 22 1 65 1 79 1 215 1 125 2 544 1 393 1 194 1 42 2 185 1 573 1 565 1 339 1 343 1 342 1 240 1
397 64 8 7 1 10 1 149 1 164 1 88 1 554 1 119 1 240 1
405 65 6 7 1 96 1 164 1 227 1 95 1 157 1
411 66 9 7 1 149 1 164 1 192 1 88 1 83 1 29 1 84 1 240 1
416 67 7 7 1 96 1 164 1 192 1 88 1 331 1 83 1
422 68 6 7 1 149 1 164 1 192 1 88 1 154 1
//IdTournes NbColis
25 6
//IdColis IdCommandeInColis NbProducts IdProd1 QtyProd1 IdProd2 QtyProd2 ...
428 69 5 7 1 96 1 164 1 227 1 88 1
431 69 16 365 1 72 1 421 2 130 1 301 1 167 1 169 1 168 1 79 1 305 1 109 1 82 1 545 1 363 2 657 2 473 1
2 1 6 46 1 52 1 12 1 50 1 88 1 113 1
184 30 10 46 1 50 1 52 1 176 1 144 1 528 1 119 1 111 1 29 1 110 1
189 31 7 46 1 52 1 149 1 176 1 91 1 14 1 119 1
312 51 6 12 1 13 1 16 1 46 1 88 1 252 1
//IdTournes NbColis
26 6
//IdColis IdCommandeInColis NbProducts IdProd1 QtyProd1 IdProd2 QtyProd2 ...
433 70 6 12 1 13 1 16 1 46 1 144 1 113 1
440 71 10 12 1 13 1 16 1 46 1 88 1 119 1 83 1 29 1 84 1 240 1
445 72 6 12 1 13 1 16 1 46 1 88 1 112 1
450 73 6 12 1 13 1 16 1 46 1 88 1 113 1
456 74 6 12 1 13 1 16 1 46 1 88 1 112 1
462 75 6 12 1 13 1 16 1 46 1 144 1 113 1
//IdTournes NbColis
27 6
//IdColis IdCommandeInColis NbProducts IdProd1 QtyProd1 IdProd2 QtyProd2 ...
112 18 6 10 1 149 1 164 1 192 1 11 1 102 1
115 18 18 305 1 109 1 82 1 270 1 483 1 400 1 529 1 393 1 102 1 526 1 185 1 14 1 343 1 348 1 119 1 83 1 84 1 240 1
168 27 11 235 1 144 1 145 2 188 1 49 1 47 1 232 1 111 1 29 2 110 1 233 2
293 47 20 177 1 391 1 47 1 656 1 341 1 481 1 58 1 64 1 649 1 650 1 362 1 219 3 238 1 555 1 15 1 579 1 65 1 22 1 79 1 283 1
320 52 6 387 1 136 1 145 2 203 1 49 1 47 1
326 53 9 49 2 51 1 143 2 200 1 177 1 395 1 70 1 220 1 417 1
//IdTournes NbColis
28 6
//IdColis IdCommandeInColis NbProducts IdProd1 QtyProd1 IdProd2 QtyProd2 ...
356 57 25 47 1 54 1 362 1 344 2 367 1 550 1 288 1 65 1 79 1 215 1 125 2 74 1 467 1 418 1 400 1 139 2 566 1 393 1 185 1 14 1 269 1 339 1 343 1 354 2 357 1
367 59 6 137 1 235 1 387 1 398 1 136 1 102 1
516 85 21 136 1 47 1 275 1 172 1 515 1 63 1 362 1 219 1 555 1 476 1 22 1 534 1 560 1 393 1 557 1 113 1 185 1 14 1 339 1 343 1 357 1
5 1 9 48 1 177 1 394 1 449 3 421 3 396 1 73 1 142 1 233 2
28 5 16 394 1 118 1 365 2 374 1 475 1 396 2 519 1 20 1 204 1 501 1 73 2 586 1 349 1 151 1 214 1 206 1
80 12 16 396 1 388 1 73 1 81 1 169 1 647 1 253 1 507 1 79 1 305 2 124 1 641 1 546 1 42 2 342 1 240 1
//IdTournes NbColis
29 6
//IdColis IdCommandeInColis NbProducts IdProd1 QtyProd1 IdProd2 QtyProd2 ...
146 23 17 34 1 40 1 165 1 118 1 394 1 23 1 376 1 73 1 63 1 64 1 349 1 367 1 550 1 120 1 22 2 126 1 232 1
152 24 20 121 1 165 1 118 1 394 1 23 1 189 1 410 1 73 1 63 2 64 2 362 1 22 1 79 1 109 1 82 1 187 1 194 1 83 1 84 1 240 1
342 55 19 54 1 17 1 671 1 179 1 375 3 388 1 523 1 372 2 668 1 73 1 301 1 63 1 617 2 380 3 356 2 358 2 362 1 181 1 339 1
186 30 17 448 1 449 2 218 1 268 1 195 1 344 1 127 1 444 1 128 1 79 1 109 1 187 1 82 1 521 1 616 1 437 1 629 1
202 33 11 48 1 143 1 448 1 177 1 449 2 54 1 421 2 172 1 64 1 429 1 450 1
207 34 10 235 1 132 1 144 1 188 2 49 1 54 1 111 1 29 1 110 1 233 1
//IdTournes NbColis
30 6
//IdColis IdCommandeInColis NbProducts IdProd1 QtyProd1 IdProd2 QtyProd2 ...
214 35 8 48 1 51 2 143 2 448 1 177 1 54 1 341 1 388 1
220 36 8 48 1 51 2 143 2 177 1 448 1 54 1 425 1 531 1
227 37 13 449 1 107 1 54 2 443 1 425 1 376 2 114 1 140 1 403 1 426 3 428 2 367 3 366 1
232 38 8 398 1 144 1 188 2 150 1 49 1 54 1 483 1 119 1
233 38 8 49 1 51 2 143 2 177 1 391 1 54 1 189 1 63 1
239 39 9 51 1 48 2 143 2 448 1 177 1 54 1 421 1 64 1 518 1
//IdTournes NbColis
31 6
//IdColis IdCommandeInColis NbProducts IdProd1 QtyProd1 IdProd2 QtyProd2 ...
310 50 27 449 1 54 1 23 1 341 1 475 1 296 1 64 1 63 2 362 1 166 1 186 1 41 1 509 1 22 1 65 1 79 1 305 1 124 1 290 1 566 1 393 1 194 1 596 1 42 1 185 1 14 1 339 1
327 53 28 391 1 54 1 247 1 577 2 362 1 292 1 195 1 555 1 294 1 206 1 299 1 329 1 366 1 22 2 65 1 79 1 215 1 125 1 427 1 400 2 297 1 473 2 393 1 14 1 295 2 665 1 424 1 343 1
333 54 14 143 2 177 1 391 1 54 1 374 1 443 1 433 1 375 2 523 1 372 1 63 1 64 1 617 1 185 1
348 56 11 136 1 228 1 203 1 75 1 49 2 134 1 54 1 111 1 29 1 110 1 233 1
381 61 10 398 1 132 2 156 2 51 1 54 1 119 1 83 1 29 1 84 1 240 1
394 63 13 177 1 391 1 395 2 54 1 374 2 272 1 362 2 472 1 476 1 65 1 79 1 241 3 139 1
//IdTournes NbColis
32 6
//IdColis IdCommandeInColis NbProducts IdProd1 QtyProd1 IdProd2 QtyProd2 ...
493 80 11 236 1 522 2 107 1 54 1 374 1 420 1 421 2 425 3 29 1 110 1 233 1
497 81 11 132 1 136 2 156 2 99 1 54 1 498 1 232 1 111 1 29 1 110 1 233 1
12 2 10 449 2 48 2 19 1 163 1 374 1 425 1 396 2 285 1 490 1 167 1
163 26 16 48 1 448 1 449 2 177 1 163 1 341 1 63 1 167 1 362 1 169 1 238 1 22 1 79 1 305 2 424 1 111 1
176 28 20 48 1 143 1 177 1 448 1 23 1 396 1 289 1 64 1 81 1 349 1 367 1 423 1 22 1 79 1 305 1 109 1 82 1 521 1 558 1 185 1
180 29 11 217 1 261 1 48 1 143 1 448 1 449 1 177 1 83 1 29 1 84 1 240 1
//IdTournes NbColis
33 6
//IdColis IdCommandeInColis NbProducts IdProd1 QtyProd1 IdProd2 QtyProd2 ...
195 32 7 398 1 235 1 144 1 48 2 143 1 23 1 14 1
213 35 10 235 1 210 1 144 1 145 2 48 1 531 1 339 1 119 1 83 1 29 1
219 36 7 217 1 175 1 144 1 145 2 48 1 393 1 232 1
272 44 14 48 1 448 1 449 2 177 1 475 2 61 1 63 1 64 1 81 2 349 1 186 1 367 1 419 1 119 1
279 45 9 48 1 177 1 448 1 449 3 23 2 375 1 58 1 372 1 523 1
286 46 9 8 1 9 1 99 1 25 1 386 1 51 2 48 1 29 1 240 1
//IdTournes NbColis
34 6
//IdColis IdCommandeInColis NbProducts IdProd1 QtyProd1 IdProd2 QtyProd2 ...
304 49 7 398 1 145 2 48 1 51 2 143 1 63 1 29 1
309 50 12 387 1 398 1 48 1 143 1 177 1 448 1 449 1 232 1 111 1 29 1 110 1 233 1
430 69 6 94 1 161 2 165 2 532 2 93 1 163 1
505 82 17 497 1 393 1 390 2 364 2 113 1 104 1 80 1 157 1 359 3 185 1 14 1 345 1 347 2 339 1 343 1 357 1 447 1
169 27 7 49 1 51 3 143 2 177 1 391 1 281 1 274 1
208 34 11 49 1 51 2 143 2 391 1 177 1 578 1 296 1 142 1 271 1 389 1 480 1
//IdTournes NbColis
35 6
//IdColis IdCommandeInColis NbProducts IdProd1 QtyProd1 IdProd2 QtyProd2 ...
265 43 5 386 1 522 1 49 3 51 3 375 1
292 47 7 387 1 188 2 51 2 49 1 143 1 63 1 29 1
332 54 6 99 1 25 1 522 2 49 2 51 2 436 1
340 55 4 522 3 236 2 49 3 233 2
355 57 7 51 2 49 2 143 2 177 1 391 1 293 1 569 1
361 58 9 9 1 99 1 150 1 522 2 236 1 49 1 571 1 375 1 240 1
//IdTournes NbColis
36 6
//IdColis IdCommandeInColis NbProducts IdProd1 QtyProd1 IdProd2 QtyProd2 ...
362 58 10 49 1 134 2 177 1 391 1 395 2 571 1 375 1 523 1 301 1 359 1
369 59 9 522 1 236 1 49 2 134 2 177 1 391 1 375 1 29 2 110 1
375 60 7 235 1 136 1 203 1 49 2 51 2 63 1 29 1
388 62 8 51 2 49 2 143 2 177 1 391 1 63 1 367 1 383 1
393 63 7 235 1 136 1 203 1 49 2 134 2 271 1 111 1
399 64 8 146 1 9 1 8 1 148 1 24 1 248 1 25 1 375 1
//IdTournes NbColis
37 6
//IdColis IdCommandeInColis NbProducts IdProd1 QtyProd1 IdProd2 QtyProd2 ...
68 10 17 94 1 40 1 165 1 532 2 35 1 63 1 349 1 186 1 367 2 22 1 79 1 109 1 187 1 82 1 393 1 339 1 343 1
72 11 7 251 1 308 1 88 1 228 1 300 1 94 1 390 1
79 12 9 300 1 94 1 40 2 165 2 532 1 163 1 396 1 65 1 84 1
96 15 8 308 1 477 1 228 1 300 1 36 1 94 1 79 1 109 1
114 18 13 94 1 532 2 40 1 165 1 23 1 461 2 600 1 63 1 349 1 186 1 476 1 22 1 79 1
138 22 8 300 1 9 1 24 1 25 1 386 2 94 1 163 1 355 1
//IdTournes NbColis
38 6
//IdColis IdCommandeInColis NbProducts IdProd1 QtyProd1 IdProd2 QtyProd2 ...
151 24 8 192 1 308 1 159 1 203 1 34 2 115 1 393 1 29 1
266 43 14 143 2 177 1 391 1 375 2 58 1 372 1 523 1 115 2 63 1 224 2 617 1 356 2 358 1 265 1
400 64 9 314 1 386 1 36 1 94 1 40 1 165 1 532 1 26 1 625 1
406 65 10 477 1 308 1 228 1 300 1 36 1 94 1 20 1 435 1 119 1 83 1
412 66 7 308 1 477 1 228 1 300 1 36 1 94 1 638 1
418 67 9 9 1 24 1 25 1 386 1 36 1 94 1 161 1 165 1 194 1
//IdTournes NbColis
39 6
//IdColis IdCommandeInColis NbProducts IdProd1 QtyProd1 IdProd2 QtyProd2 ...
424 68 16 94 1 161 1 165 1 532 2 23 1 396 1 64 1 349 1 367 1 22 1 79 1 109 1 187 1 82 1 518 1 534 1
472 76 9 300 1 94 1 161 1 165 1 532 2 23 1 163 1 374 1 396 1
478 77 9 300 1 94 1 199 1 161 2 201 1 165 2 63 1 561 1 29 1
484 78 16 94 1 161 1 201 1 165 1 453 1 420 1 396 1 625 1 626 1 627 1 204 1 255 1 322 1 324 1 325 1 464 1
489 79 10 228 1 300 1 94 1 153 1 161 1 200 1 201 1 374 1 198 1 363 1
507 83 7 131 1 50 1 217 1 175 1 132 1 14 1 119 1
//IdTournes NbColis
40 6
//IdColis IdCommandeInColis NbProducts IdProd1 QtyProd1 IdProd2 QtyProd2 ...
50 8 36 147 2 219 2 169 1 186 1 431 1 367 1 630 1 585 1 28 2 79 1 305 2 124 1 168 1 109 1 379 1 442 1 427 1 363 3 160 1 237 1 370 1 393 1 350 2 194 1 422 1 359 1 42 1 185 1 14 1 417 1 408 1 590 1 413 1 402 1 406 1 412 1
504 82 23 382 1 372 1 523 1 63 1 230 2 356 1 358 2 362 1 380 2 147 1 138 2 181 2 195 1 214 1 366 1 27 2 28 2 476 3 22 1 270 1 538 2 385 1 337 1
287 46 17 143 1 177 1 448 1 341 2 263 1 375 2 141 1 523 1 262 1 63 1 356 1 358 1 362 1 380 2 181 1 238 1 339 1
387 62 9 398 1 156 1 136 3 203 1 140 1 232 1 111 1 29 1 110 1
55 9 10 192 1 308 1 37 1 11 1 95 1 9 1 232 1 111 1 29 1 240 1
417 67 10 308 1 477 1 95 1 228 1 300 1 8 1 119 1 29 1 84 1 240 1
//IdTournes NbColis
41 6
//IdColis IdCommandeInColis NbProducts IdProd1 QtyProd1 IdProd2 QtyProd2 ...
429 69 7 308 1 477 1 95 1 228 1 300 1 36 1 655 1
471 76 8 308 1 477 1 95 1 145 1 228 1 36 1 393 1 111 1
476 77 7 108 1 96 1 164 1 227 1 95 1 185 1 232 1
482 78 10 108 1 96 1 164 1 227 1 95 1 474 1 83 1 29 1 84 1 240 1
487 79 6 96 1 202 1 164 1 227 1 95 1 408 1
42 7 26 22 1 65 2 79 1 124 1 125 2 546 1 427 1 416 1 538 1 418 2 170 1 393 1 234 1 194 1 359 1 42 1 185 2 14 1 564 1 446 1 417 1 435 1 339 1 343 1 354 1 332 1
//IdTournes NbColis
42 6
//IdColis IdCommandeInColis NbProducts IdProd1 QtyProd1 IdProd2 QtyProd2 ...
161 26 7 50 1 52 1 176 1 387 1 129 1 185 1 232 1
224 37 7 52 1 50 1 176 1 191 1 129 1 369 1 110 1
270 44 6 50 1 52 1 176 1 191 1 91 1 157 1
276 45 7 52 1 50 1 176 1 191 1 129 1 359 1 110 1
280 45 26 64 1 380 2 349 1 356 1 358 1 195 1 525 1 367 3 614 2 556 1 180 1 79 1 305 2 124 1 109 2 492 1 623 1 483 2 418 2 385 1 400 3 213 1 170 1 615 1 393 1 499 1
297 48 7 50 1 52 1 176 1 191 1 144 1 185 1 119 1
//IdTournes NbColis
43 6
//IdColis IdCommandeInColis NbProducts IdProd1 QtyProd1 IdProd2 QtyProd2 ...
470 76 6 108 1 96 1 164 1 227 1 88 1 113 1
39 7 7 9 2 99 1 25 1 386 2 34 1 374 1 64 1
47 8 8 159 1 228 1 300 1 99 1 8 1 9 1 25 1 63 1
57 9 8 203 1 99 1 8 1 25 1 386 2 34 1 189 1 407 1
167 27 6 175 1 217 1 387 1 398 1 132 1 113 1
206 34 7 175 1 387 1 398 1 217 1 132 1 185 1 232 1
//IdTournes NbColis
44 6
//IdColis IdCommandeInColis NbProducts IdProd1 QtyProd1 IdProd2 QtyProd2 ...
212 35 6 175 1 387 1 398 1 217 1 132 1 575 1
251 41 7 9 1 99 1 8 1 25 2 386 2 189 1 462 1
262 43 7 175 1 217 1 387 1 235 1 132 1 359 1 110 1
263 43 8 398 1 132 1 144 1 188 3 60 1 232 1 111 1 29 1
264 43 9 8 1 9 2 99 1 25 2 386 1 189 1 514 1 29 1 233 2
330 54 6 137 1 175 1 387 1 235 1 132 1 157 1
//IdTournes NbColis
45 6
//IdColis IdCommandeInColis NbProducts IdProd1 QtyProd1 IdProd2 QtyProd2 ...
331 54 8 398 1 132 1 156 2 8 1 9 1 35 1 343 1 29 1
337 55 6 137 1 175 1 387 1 398 1 132 1 154 1
338 55 5 235 1 132 3 156 2 376 1 232 1
339 55 9 156 1 203 1 9 2 8 2 99 1 376 1 111 1 29 2 110 1
353 57 7 217 1 175 1 235 1 387 1 132 1 42 1 119 1
354 57 10 398 1 132 1 144 1 156 2 123 1 17 1 83 1 29 1 84 1 240 1
//IdTournes NbColis
46 6
//IdColis IdCommandeInColis NbProducts IdProd1 QtyProd1 IdProd2 QtyProd2 ...
368 59 10 136 1 203 1 9 2 99 1 8 1 522 1 135 1 232 1 111 1 233 1
380 61 6 137 1 175 1 235 1 387 1 132 1 173 1
435 70 7 149 1 176 1 91 1 9 2 99 1 375 1 29 1
464 75 8 191 1 192 1 228 1 9 1 99 1 8 1 375 1 29 1
473 76 33 318 1 63 1 349 1 166 1 692 1 367 1 550 1 106 1 321 1 43 1 109 1 22 1 90 1 231 1 79 1 305 2 124 1 537 1 427 1 418 1 397 2 353 2 390 1 419 1 162 1 185 1 417 1 368 1 343 1 232 1 29 1 110 1 233 1
492 80 8 132 2 156 2 99 1 8 1 9 1 417 1 232 1 111 1
//IdTournes NbColis
47 6
//IdColis IdCommandeInColis NbProducts IdProd1 QtyProd1 IdProd2 QtyProd2 ...
501 82 8 387 1 136 4 99 1 17 1 232 1 111 1 29 2 110 1
512 84 7 88 1 91 2 99 1 8 1 9 1 25 1 356 1
423 68 12 477 1 308 1 228 1 300 1 100 1 36 1 63 1 119 1 111 1 29 1 110 1 240 1
175 28 6 235 1 387 1 18 1 145 1 51 2 556 1
238 39 7 261 1 235 1 144 1 145 2 51 1 139 1 29 1
257 42 6 52 1 217 1 175 1 176 1 129 1 87 1
//IdTournes NbColis
48 6
//IdColis IdCommandeInColis NbProducts IdProd1 QtyProd1 IdProd2 QtyProd2 ...
341 55 5 51 3 143 3 177 1 391 1 392 1
9 2 6 13 1 149 1 176 1 191 1 88 1 284 1
16 3 7 89 1 52 1 149 1 176 1 88 1 185 1 119 1
26 5 10 176 1 191 1 192 1 88 1 91 1 365 1 83 1 29 1 84 1 240 1
33 6 8 251 1 308 1 88 1 159 1 228 1 40 1 393 1 119 1
38 7 10 251 1 308 1 88 1 159 1 300 1 8 1 119 1 83 1 29 1 240 1
//IdTournes NbColis
49 6
//IdColis IdCommandeInColis NbProducts IdProd1 QtyProd1 IdProd2 QtyProd2 ...
46 8 10 251 1 308 1 210 1 11 1 88 1 35 1 410 1 232 1 111 1 29 1
56 9 8 88 1 145 1 159 1 91 1 226 1 228 1 23 1 487 1
78 12 10 251 1 308 1 11 1 88 1 228 1 36 1 364 1 119 1 83 1 29 1
84 13 8 251 1 308 1 88 1 159 1 300 1 34 1 658 1 29 1
100 16 6 52 1 176 1 175 1 191 1 129 1 157 1
106 17 6 52 1 89 1 149 1 176 1 88 1 157 1
//IdTournes NbColis
50 6
//IdColis IdCommandeInColis NbProducts IdProd1 QtyProd1 IdProd2 QtyProd2 ...
113 18 8 251 1 308 1 88 1 228 1 300 1 36 1 508 1 29 1
131 21 9 52 1 89 1 149 1 192 1 88 1 533 1 119 1 83 1 29 1
137 22 10 251 1 308 1 11 1 88 1 228 1 8 1 232 1 111 1 29 1 233 1
144 23 7 89 1 149 1 164 1 192 1 88 1 506 1 110 1
150 24 7 52 1 89 1 149 1 191 1 88 1 185 1 119 1
156 25 7 251 1 308 1 11 1 88 1 159 1 34 1 608 1
//IdTournes NbColis
51 6
//IdColis IdCommandeInColis NbProducts IdProd1 QtyProd1 IdProd2 QtyProd2 ...
243 40 6 52 1 12 1 149 1 176 1 91 1 216 1
249 41 7 12 1 52 1 149 1 176 1 91 1 359 1 233 1
277 45 7 387 1 229 1 144 1 8 1 9 2 375 1 29 1
313 51 6 89 1 52 1 149 1 176 1 144 1 157 1
349 56 14 134 1 177 1 391 1 395 2 107 1 352 1 135 1 667 1 63 1 362 1 166 1 361 1 22 1 65 1
360 58 10 235 1 136 2 203 1 8 1 9 1 571 1 393 1 119 1 111 1 29 2
//IdTournes NbColis
52 6
//IdColis IdCommandeInColis NbProducts IdProd1 QtyProd1 IdProd2 QtyProd2 ...
434 70 6 89 1 52 1 191 1 192 1 91 1 162 1
441 71 5 52 1 89 1 149 1 176 1 144 1
446 72 7 52 1 89 1 176 1 191 1 144 1 42 1 119 1
451 73 7 52 1 89 1 149 1 176 1 144 1 185 1 119 1
457 74 6 52 1 89 1 149 1 176 1 144 1 113 1
463 75 7 52 1 89 1 149 1 176 1 91 1 547 1 84 1
//IdTournes NbColis
53 6
//IdColis IdCommandeInColis NbProducts IdProd1 QtyProd1 IdProd2 QtyProd2 ...
488 79 6 308 1 477 1 88 1 145 2 36 1 651 1
498 81 9 8 1 9 1 522 2 236 1 425 1 375 2 373 2 496 2 382 1
502 82 7 8 1 9 2 522 3 236 1 365 1 364 1 233 1
32 6 6 89 1 149 1 164 1 192 1 11 1 158 1
66 10 7 89 1 149 1 164 1 192 1 11 1 14 1 232 1
71 11 9 89 1 149 1 164 1 192 1 11 1 119 1 29 1 110 1 240 1
//IdTournes NbColis
54 6
//IdColis IdCommandeInColis NbProducts IdProd1 QtyProd1 IdProd2 QtyProd2 ...
321 52 23 143 1 177 1 391 1 395 1 336 1 60 1 378 1 362 1 367 1 476 1 79 1 305 1 124 1 109 1 286 1 385 1 445 1 652 1 353 1 207 1 390 2 97 1 348 1
58 9 8 121 2 165 2 118 1 394 1 163 2 352 1 61 1 375 1
73 11 13 40 1 165 1 118 1 532 2 23 1 421 1 396 1 135 1 281 1 33 1 247 1 601 1 43 1
91 14 10 40 2 165 2 118 1 394 1 163 1 571 1 461 1 285 1 33 1 116 1
139 22 6 40 2 165 2 118 1 532 2 61 2 336 2
377 60 22 125 1 593 1 326 1 400 1 529 2 297 1 393 1 194 1 436 1 80 1 185 1 76 2 14 2 269 1 424 2 590 1 339 2 357 1 232 1 111 1 110 1 233 1
//IdTournes NbColis
55 6
//IdColis IdCommandeInColis NbProducts IdProd1 QtyProd1 IdProd2 QtyProd2 ...
513 84 11 386 2 26 1 163 1 481 4 183 1 17 1 61 1 498 1 275 1 375 1 233 1
119 19 11 251 1 308 1 159 1 203 1 34 2 58 1 343 1 119 1 83 1 29 1 84 1
259 42 18 449 2 177 1 17 2 221 1 583 1 58 1 582 1 169 1 598 1 65 1 79 1 124 1 125 2 479 1 397 1 471 1 458 1 596 1
495 80 15 418 3 400 1 353 1 458 4 139 2 239 3 454 1 133 1 359 2 446 1 424 3 435 1 459 2 357 3 460 2
147 23 18 241 1 79 1 305 1 124 1 109 1 39 1 418 1 393 1 350 1 454 1 14 1 548 1 339 1 343 1 357 1 489 1 111 1 233 1
250 41 9 191 1 229 1 91 2 144 1 9 1 232 1 111 1 29 2 233 1
//IdTournes NbColis
56 6
//IdColis IdCommandeInColis NbProducts IdProd1 QtyProd1 IdProd2 QtyProd2 ...
413 66 15 40 1 165 1 532 2 186 1 569 1 344 1 79 1 109 1 187 1 82 1 78 1 363 1 633 2 97 1 194 1
18 3 13 34 2 121 1 165 1 118 1 394 1 396 1 336 1 392 1 63 1 64 1 349 1 186 1 339 1
40 7 7 34 1 40 2 165 2 118 1 374 3 341 1 372 1
85 13 10 34 1 40 2 165 2 118 1 394 1 163 1 63 1 362 1 219 1 666 1
90 14 8 251 1 308 1 159 1 203 1 34 2 316 1 357 1 119 1
95 15 7 10 1 149 1 164 1 192 1 11 1 506 1 84 1
//IdTournes NbColis
57 6
//IdColis IdCommandeInColis NbProducts IdProd1 QtyProd1 IdProd2 QtyProd2 ...
107 17 6 191 1 192 1 91 2 144 1 34 1 304 1
108 17 15 203 1 34 1 121 1 165 1 118 1 394 1 204 1 63 1 349 1 588 1 644 1 367 2 476 1 42 1 119 1
132 21 9 251 1 308 1 159 1 203 1 34 2 531 1 604 1 84 1 240 1
145 23 8 251 1 308 1 159 1 228 1 300 1 34 1 237 1 29 1
157 25 9 300 1 34 1 40 2 165 2 118 1 394 1 152 1 119 1 111 1
443 71 15 34 2 121 1 394 1 118 1 23 1 396 1 388 1 429 1 79 1 109 1 187 2 82 1 593 1 452 1 544 1
//IdTournes NbColis
58 6
//IdColis IdCommandeInColis NbProducts IdProd1 QtyProd1 IdProd2 QtyProd2 ...
459 74 11 34 2 121 2 118 1 394 1 163 1 374 1 275 1 638 1 63 1 362 1 524 1
228 37 25 65 1 79 1 124 1 125 2 521 1 59 2 400 2 414 1 451 1 552 1 97 1 419 1 434 1 436 1 438 1 404 3 424 1 553 1 339 2 407 1 354 1 447 2 441 1 437 2 406 2
294 47 18 215 1 125 1 59 3 139 2 540 1 393 2 499 1 500 1 560 1 234 1 185 1 14 1 339 2 343 1 348 1 111 1 110 1 233 1
191 31 18 394 1 449 2 177 1 35 1 23 1 443 1 571 1 122 1 63 1 362 1 169 1 186 1 15 1 22 1 79 1 339 1 29 1 110 1
196 32 13 143 1 177 1 448 1 449 2 55 1 491 1 63 1 362 1 494 1 186 1 367 3 384 1 43 1
466 75 25 394 1 55 1 23 1 396 1 523 1 372 1 346 1 487 1 63 1 64 1 349 1 356 1 358 1 380 1 238 1 367 1 22 1 90 1 79 1 305 2 109 1 82 1 363 2 119 1 83 1
//IdTournes NbColis
59 6
//IdColis IdCommandeInColis NbProducts IdProd1 QtyProd1 IdProd2 QtyProd2 ...
503 82 11 236 1 55 1 365 2 374 1 17 1 498 2 375 3 373 3 496 3 63 1 233 1
13 2 26 349 1 211 1 186 1 367 1 15 1 282 1 22 1 65 1 79 1 124 1 125 2 379 1 492 2 283 1 286 1 273 1 393 1 499 1 500 1 540 1 194 1 364 4 157 1 185 1 14 1 343 1
19 3 19 367 1 389 1 377 1 22 1 187 1 79 1 109 1 82 1 363 2 351 1 393 1 390 1 194 1 14 1 343 1 348 1 29 1 84 1 240 1
23 4 20 27 1 28 1 22 1 546 1 593 1 400 1 414 1 393 1 350 1 287 1 359 1 42 1 185 1 14 1 343 1 348 1 645 1 83 1 84 1 240 1
62 9 32 551 1 242 1 234 2 256 2 194 1 619 1 557 2 681 2 419 3 432 2 434 1 662 3 503 1 364 1 359 2 535 1 547 2 622 2 680 1 687 2 688 1 689 1 488 1 14 1 548 1 280 1 435 1 417 1 486 1 505 1 682 1 406 2
86 13 24 362 2 195 1 367 3 22 1 168 1 79 1 305 2 124 1 109 1 517 1 623 2 400 1 414 1 393 1 662 1 664 2 381 1 14 1 514 1 343 1 357 1 440 1 110 1 233 1
//IdTournes NbColis
60 6
//IdColis IdCommandeInColis NbProducts IdProd1 QtyProd1 IdProd2 QtyProd2 ...
92 14 28 267 1 117 1 63 1 349 1 186 1 367 3 366 1 476 1 495 1 22 1 79 1 311 1 109 1 187 2 82 1 326 1 418 1 353 1 591 1 560 1 393 1 194 1 185 1 14 1 111 1 29 1 110 1 240 1
103 16 22 684 2 197 1 63 3 362 1 186 1 367 1 258 1 22 1 65 1 79 1 124 1 125 2 194 1 506 1 42 1 185 1 14 1 357 1 119 1 29 1 84 1 240 1
128 20 23 305 2 109 1 546 2 465 1 654 1 400 1 234 1 256 1 196 1 185 1 14 2 605 1 590 1 339 1 343 1 354 1 357 1 440 1 332 1 111 1 29 1 110 1 233 1
141 22 10 350 1 381 1 359 1 185 1 14 1 333 1 399 1 360 1 357 1 332 1
181 29 21 425 1 461 1 63 1 64 1 247 2 349 1 186 1 367 2 79 1 109 1 187 1 82 1 397 1 471 1 473 1 393 1 390 1 194 1 14 1 450 1 343 1
234 38 28 189 1 362 1 238 1 463 1 476 1 22 1 190 2 65 1 79 1 124 1 125 2 270 1 497 1 414 1 485 1 415 1 393 1 194 1 422 1 264 1 14 1 269 1 343 1 357 1 83 1 29 1 84 1 240 1
//IdTournes NbColis
61 6
//IdColis IdCommandeInColis NbProducts IdProd1 QtyProd1 IdProd2 QtyProd2 ...
281 45 16 256 1 359 2 42 3 185 1 14 1 624 1 628 2 542 1 528 1 530 1 527 1 417 1 524 1 343 2 357 1 332 2
288 46 22 344 1 367 1 27 1 28 2 22 1 65 1 79 1 215 1 125 2 546 1 334 1 353 2 370 1 393 1 234 1 369 1 185 1 14 1 343 1 354 1 670 1 332 1
299 48 19 448 1 449 2 374 1 475 1 421 1 396 1 392 1 456 1 130 1 63 1 620 1 586 1 612 1 362 1 268 1 186 1 463 1 14 1 83 1
334 54 32 230 1 380 1 349 1 356 1 358 1 138 2 211 1 181 1 238 1 27 1 28 2 43 1 22 1 65 2 79 1 124 1 125 2 427 1 544 1 351 1 139 2 393 1 234 1 436 1 359 2 14 1 417 1 435 2 232 1 111 1 110 1 233 1
344 55 12 185 1 14 1 331 1 446 1 269 1 676 1 542 1 673 1 343 1 480 2 597 1 357 1
350 56 12 79 1 124 1 125 2 379 1 371 2 393 1 14 1 343 1 357 1 335 1 342 1 383 1
//IdTournes NbColis
62 6
//IdColis IdCommandeInColis NbProducts IdProd1 QtyProd1 IdProd2 QtyProd2 ...
363 58 28 372 1 63 1 362 1 380 2 356 1 358 1 138 2 181 1 238 1 439 1 151 3 174 1 206 3 28 1 22 1 79 1 305 2 124 1 109 2 234 1 369 1 622 3 663 1 42 1 185 1 14 1 624 1 240 1
408 65 15 82 1 511 1 517 1 479 1 363 3 466 1 393 1 390 1 194 1 42 1 185 1 14 1 343 1 348 1 240 1
425 68 14 471 1 611 1 244 1 393 1 194 1 434 1 381 1 488 1 243 2 185 1 14 1 607 3 343 1 348 1
438 70 32 181 2 182 1 238 1 294 1 27 2 28 2 476 1 495 1 22 1 79 1 305 2 109 2 82 1 517 1 492 1 326 1 580 1 359 2 185 1 14 1 269 1 514 1 504 1 357 1 447 2 339 1 343 1 332 1 83 1 29 1 84 1 240 2
467 75 9 393 1 97 1 359 2 14 1 604 1 343 1 357 1 460 1 240 1
479 77 27 163 1 396 1 64 1 612 1 349 1 169 1 367 1 389 1 444 1 22 1 79 1 109 1 187 1 82 1 465 2 397 1 623 2 363 2 194 1 419 1 14 1 604 1 343 1 413 1 357 1 110 1 233 1
//IdTournes NbColis
63 6
//IdColis IdCommandeInColis NbProducts IdProd1 QtyProd1 IdProd2 QtyProd2 ...
499 81 34 372 1 523 1 63 1 64 2 356 1 362 1 380 1 358 1 138 1 181 1 563 1 151 1 28 2 509 1 22 1 286 1 567 1 568 1 400 1 139 2 393 1 113 1 359 2 506 1 185 1 14 1 564 1 572 1 354 1 339 1 343 1 357 1 441 3 383 1
517 86 25 227 1 145 1 23 1 420 1 63 1 64 1 349 1 494 1 292 1 238 1 367 1 321 1 363 1 371 1 393 1 113 1 42 1 185 1 14 1 333 1 562 1 561 1 502 1 343 1 357 1
477 77 7 477 1 308 1 145 2 228 1 36 1 393 1 111 1
483 78 7 477 1 308 1 145 1 228 1 300 1 36 1 194 1
127 20 20 121 1 118 1 394 1 19 1 189 1 443 1 218 1 63 1 64 1 577 1 349 1 195 1 367 1 120 1 253 1 254 1 124 1 22 1 79 1 437 1
376 60 16 143 2 177 1 391 1 223 1 222 1 224 2 64 1 362 1 186 1 367 3 444 1 22 1 65 1 79 1 124 1 125 1
//IdTournes NbColis
64 6
//IdColis IdCommandeInColis NbProducts IdProd1 QtyProd1 IdProd2 QtyProd2 ...
194 32 6 217 1 175 1 261 1 387 1 129 1 157 1
200 33 6 217 1 175 1 176 1 387 1 129 1 157 1
218 36 6 261 1 235 1 387 1 398 1 129 1 157 1
237 39 7 217 1 175 1 387 1 398 1 129 1 42 1 232 1
273 44 21 120 1 366 1 22 1 599 1 79 1 305 2 124 1 109 1 537 1 606 2 207 1 393 1 422 2 42 1 185 1 446 1 543 1 502 1 83 1 84 1 240 1
174 28 6 217 1 175 1 261 1 398 1 144 1 291 1
//IdTournes NbColis
65 6
//IdColis IdCommandeInColis NbProducts IdProd1 QtyProd1 IdProd2 QtyProd2 ...
179 29 7 175 1 176 1 387 1 398 1 144 1 185 1 119 1
284 46 7 175 1 217 1 261 1 387 1 144 1 359 1 110 1
291 47 7 217 1 175 1 398 1 235 1 144 1 648 1 232 1
303 49 6 217 1 175 1 235 1 387 1 144 1 157 1
308 50 6 176 1 217 1 175 1 191 1 144 1 157 1
29 5 14 205 1 589 1 22 1 79 1 305 2 109 1 82 1 521 1 363 2 587 1 280 1 455 1 343 1 597 1
//IdTournes NbColis
66 6
//IdColis IdCommandeInColis NbProducts IdProd1 QtyProd1 IdProd2 QtyProd2 ...
35 6 13 367 1 22 1 79 1 305 1 109 1 82 1 524 1 357 1 489 1 609 1 29 1 84 1 240 1
41 7 19 420 2 316 1 375 3 523 1 63 1 356 1 358 2 362 1 380 2 171 1 186 1 367 4 384 1 41 2 377 1 28 2 423 1 444 1 422 1
158 25 29 163 1 374 1 396 2 63 1 224 1 635 1 362 1 211 1 186 1 367 1 423 1 22 2 79 1 109 1 187 2 82 1 286 1 637 1 393 1 194 1 196 1 42 4 185 1 636 3 343 1 348 1 29 1 110 1 240 1
197 32 28 384 3 478 2 389 4 614 1 444 1 495 1 22 1 90 1 65 1 79 1 124 1 640 1 125 2 326 1 400 2 393 1 194 1 488 1 42 2 185 1 343 1 480 1 357 1 119 1 83 1 29 1 84 1 240 1
209 34 15 389 1 576 1 579 2 22 1 79 1 109 1 187 2 82 1 363 2 529 1 185 1 542 1 530 1 504 1 581 1
285 46 8 235 1 398 1 210 1 145 2 189 1 372 1 232 1 111 1
//IdTournes NbColis
67 6
//IdColis IdCommandeInColis NbProducts IdProd1 QtyProd1 IdProd2 QtyProd2 ...
300 48 21 367 1 478 1 151 2 206 1 468 1 22 1 65 1 79 1 215 1 125 2 452 2 467 1 363 3 466 2 469 1 393 1 208 1 212 1 343 1 84 1 240 1
324 53 7 137 1 175 1 398 1 235 1 145 1 185 1 232 1
325 53 9 387 1 145 1 136 3 203 1 296 1 111 1 29 1 110 1 233 1
343 55 24 182 1 138 2 268 1 195 1 389 1 669 1 674 1 367 4 178 1 299 1 27 1 28 2 589 1 444 1 476 3 22 1 65 2 79 1 215 1 125 2 290 1 393 1 359 2 42 3
407 65 19 161 1 165 1 532 2 23 1 163 1 63 1 64 1 349 1 603 1 186 1 367 1 470 1 22 1 241 1 79 1 109 1 187 2 29 1 84 1
454 73 21 63 1 362 1 238 1 367 3 555 1 214 1 22 2 65 1 79 1 124 1 125 2 479 2 497 1 393 1 662 4 355 1 343 1 111 1 29 1 110 1 240 1
//IdTournes NbColis
68 6
//IdColis IdCommandeInColis NbProducts IdProd1 QtyProd1 IdProd2 QtyProd2 ...
460 74 23 238 1 151 1 276 1 476 1 124 1 125 2 22 1 65 1 79 1 641 1 283 1 400 1 351 1 393 1 390 1 659 1 185 1 278 1 339 1 343 1 406 1 678 1 486 1
22 4 26 26 1 23 1 433 1 375 1 496 1 373 1 382 1 523 1 501 1 372 1 63 1 64 1 356 1 358 1 494 1 380 1 138 1 181 1 182 1 186 1 550 1 598 1 431 1 367 2 604 1 119 1
34 6 13 300 1 165 1 394 1 532 2 118 1 23 1 249 1 63 1 362 1 238 1 367 1 444 1 83 1
133 21 20 40 1 165 1 394 1 118 1 23 1 421 1 81 1 367 1 389 1 589 1 79 1 109 1 187 1 82 1 537 1 482 1 602 1 194 1 605 1 347 1
245 40 8 121 2 394 1 449 3 118 1 23 1 189 1 588 1 320 1
221 36 26 218 1 63 1 64 1 349 1 186 1 367 1 313 2 174 1 79 1 109 1 187 2 82 1 363 3 194 1 436 1 42 1 185 1 446 1 459 2 339 1 343 1 348 2 111 1 29 1 110 1 233 1
//IdTournes NbColis
69 6
//IdColis IdCommandeInColis NbProducts IdProd1 QtyProd1 IdProd2 QtyProd2 ...
514 84 27 375 1 373 2 496 2 382 1 372 1 358 1 380 2 138 2 181 1 361 1 389 2 174 2 265 1 27 1 28 2 493 2 427 1 482 1 359 2 417 1 435 1 486 1 460 1 232 1 111 1 29 1 110 1
386 62 6 137 1 175 1 235 1 387 1 156 1 298 1
347 56 7 225 1 387 1 398 1 235 1 136 1 185 1 232 1
140 22 27 375 2 152 1 204 2 372 1 378 1 523 1 64 1 81 1 356 1 358 1 362 1 380 1 181 1 238 1 367 1 384 1 389 2 28 2 309 1 82 1 79 1 109 1 187 2 397 1 400 1 393 1 343 1
120 19 8 40 2 165 2 118 1 394 1 189 1 163 1 365 1 374 1
319 52 10 137 1 175 1 398 1 235 1 136 1 527 1 83 1 29 1 84 1 240 1
//IdTournes NbColis
70 6
//IdColis IdCommandeInColis NbProducts IdProd1 QtyProd1 IdProd2 QtyProd2 ...
359 58 7 137 1 175 1 387 1 398 1 136 1 359 1 110 1
374 60 6 137 1 175 1 387 1 398 1 136 1 80 1
392 63 8 137 1 175 1 387 1 398 1 136 1 446 1 232 1 233 1
3 1 6 229 1 176 1 191 1 91 2 443 1 409 1
48 8 7 386 2 40 2 165 2 118 1 532 1 279 1 233 1
97 15 15 40 1 165 1 532 2 475 1 420 1 396 1 187 2 82 1 546 1 363 1 506 1 119 1 83 1 29 1 240 1
//IdTournes NbColis
71 6
//IdColis IdCommandeInColis NbProducts IdProd1 QtyProd1 IdProd2 QtyProd2 ...
437 70 15 121 2 118 1 392 2 375 2 372 1 523 1 63 1 64 1 577 1 356 2 358 2 362 1 380 2 138 2 42 1
74 11 20 601 1 246 1 344 1 472 1 550 1 90 1 241 1 79 1 109 1 82 1 187 1 517 1 521 1 694 1 685 1 695 1 363 1 194 1 434 1 381 1
61 9 33 685 2 497 1 334 1 213 1 312 1 616 1 606 3 675 1 613 1 621 1 529 1 307 1 310 1 458 1 618 1 508 1 273 2 303 1 615 1 237 1 297 2 139 2 591 2 686 1 520 1 539 1 540 1 473 2 393 2 549 2 499 1 500 1 390 1
398 64 8 250 1 192 1 308 1 477 1 228 1 562 1 29 1 84 1
254 41 19 219 2 169 1 603 1 366 1 28 2 65 2 79 1 215 1 125 2 546 1 465 2 479 1 397 1 400 1 364 1 359 1 185 1 457 2 342 4
177 28 13 371 1 139 1 559 1 393 1 194 1 264 1 269 1 343 1 232 1 111 1 29 1 110 1 233 1
//IdTournes NbColis
72 6
//IdColis IdCommandeInColis NbProducts IdProd1 QtyProd1 IdProd2 QtyProd2 ...
401 64 29 365 1 453 1 626 1 627 1 372 1 523 1 255 1 257 1 322 1 324 1 325 1 315 1 317 1 319 1 323 1 679 1 356 1 358 1 380 1 384 1 79 1 109 1 187 1 82 1 479 1 623 1 685 1 551 1 194 1
419 67 20 532 2 396 1 375 1 372 1 523 1 81 1 356 1 358 1 380 1 138 1 181 1 309 1 28 1 79 1 82 1 109 1 187 1 363 1 350 1 691 1
494 80 24 433 1 392 1 498 1 375 2 373 2 496 2 382 1 372 1 523 1 356 1 358 1 380 2 138 1 181 1 238 1 426 1 361 1 180 1 28 2 517 1 427 1 538 1 541 1 460 1
246 40 22 476 1 65 1 79 1 305 2 124 1 416 3 414 1 469 1 566 1 390 2 194 1 157 1 369 1 484 1 489 1 440 1 412 1 119 1 111 1 29 1 110 1 240 1
317 51 9 343 1 348 1 412 2 486 2 460 1 119 1 83 1 84 1 240 1
395 63 9 305 1 124 1 125 1 277 1 139 1 370 1 455 3 29 1 110 1
//IdTournes NbColis
73 6
//IdColis IdCommandeInColis NbProducts IdProd1 QtyProd1 IdProd2 QtyProd2 ...
122 19 8 393 1 194 1 642 1 436 1 42 1 185 1 357 1 332 1
240 39 22 396 1 349 1 603 1 186 1 367 1 79 1 109 1 187 1 82 1 363 2 393 1 194 1 42 2 185 2 320 1 343 1 348 1 437 1 412 1 111 1 110 1 233 1
267 43 15 358 1 380 2 28 2 476 1 241 1 79 1 109 2 187 2 82 1 558 1 466 1 497 1 608 1 371 1 359 1
192 31 11 109 1 187 1 82 1 464 1 393 1 234 1 343 1 354 1 357 1 332 1 240 1
171 27 8 660 1 661 1 659 1 42 4 185 1 331 1 280 1 368 2
260 42 5 596 2 42 2 573 1 84 1 240 1
//IdTournes NbColis
74 6
//IdColis IdCommandeInColis NbProducts IdProd1 QtyProd1 IdProd2 QtyProd2 ...
485 78 6 257 1 470 1 79 1 109 1 187 1 82 1
153 24 8 306 1 693 1 326 1 320 1 514 1 343 1 413 1 357 1
444 71 3 363 1 594 1 591 1
69 10 3 111 1 110 1 233 1
311 50 3 343 1 357 1 332 1
322 52 4 610 1 454 1 364 1 335 1
//IdTournes NbColis
75 2
//IdColis IdCommandeInColis NbProducts IdProd1 QtyProd1 IdProd2 QtyProd2 ...
364 58 5 424 2 524 1 343 1 335 1 460 1
402 64 2 540 1 343 1
