//NbTournees
46
//IdTournes NbColis
1 6
//IdColis IdCommandeInColis NbProducts IdProd1 QtyProd1 IdProd2 QtyProd2 ...
15 4 21 395 2 413 1 424 1 426 1 208 1 197 1 221 1 354 1 452 1 479 2 224 1 149 1 467 1 472 1 216 1 257 2 17 1 31 1 173 1 50 1 23 1
44 12 16 197 1 403 1 255 2 580 1 224 1 149 1 380 1 230 4 411 2 549 2 101 1 416 2 305 1 79 1 28 1 106 1
58 17 16 192 1 201 2 231 2 371 2 510 1 397 1 424 2 616 1 375 1 607 1 419 2 495 1 224 1 149 1 561 1 33 1
71 20 21 149 1 170 1 198 1 218 1 366 1 377 1 399 1 512 1 493 1 609 1 595 1 274 2 156 1 157 2 165 1 363 1 323 1 473 1 19 1 36 1 24 1
126 36 18 111 1 640 1 357 1 151 2 159 1 178 1 227 1 335 2 409 2 385 2 450 1 280 1 148 1 155 1 168 1 49 1 7 1 103 1
132 37 16 201 1 236 1 393 1 231 2 371 2 397 2 422 1 424 2 412 1 262 1 160 2 149 1 158 1 198 2 71 1 23 1
//IdTournes NbColis
2 6
//IdColis IdCommandeInColis NbProducts IdProd1 QtyProd1 IdProd2 QtyProd2 ...
136 38 23 422 1 424 1 186 1 226 3 327 1 114 1 149 1 218 1 303 1 277 1 230 1 322 1 592 1 274 1 305 1 257 2 311 1 431 1 561 1 173 2 169 1 71 1 23 1
140 39 21 451 1 488 1 114 1 149 1 218 1 230 1 525 1 101 1 219 1 71 1 131 2 50 2 8 1 552 1 145 1 598 1 38 1 41 1 538 1 91 1 25 1
143 40 21 414 1 463 1 492 1 479 1 579 1 235 1 149 1 158 1 252 1 253 1 334 1 322 1 501 1 420 1 592 1 257 2 156 1 165 3 51 1 23 1 103 1
147 41 15 371 2 422 1 424 2 509 1 419 1 224 3 149 1 209 2 230 1 303 1 467 1 521 1 156 1 423 2 50 1
149 42 17 202 1 215 1 222 1 223 1 232 1 237 1 240 1 204 1 211 1 220 2 228 1 229 1 234 1 238 1 239 1 169 1 233 1
151 43 21 202 1 215 1 222 1 223 1 232 1 240 1 237 1 204 1 210 1 211 1 220 1 229 1 234 1 617 1 238 1 509 1 186 1 226 1 224 1 235 1 93 1
//IdTournes NbColis
3 6
//IdColis IdCommandeInColis NbProducts IdProd1 QtyProd1 IdProd2 QtyProd2 ...
1 1 15 43 1 52 1 57 1 58 1 67 1 47 1 150 1 153 1 159 1 163 1 181 1 182 1 240 1 168 1 50 1
11 3 16 43 1 52 1 57 1 58 1 69 1 150 1 153 1 163 1 222 1 223 1 232 1 240 1 280 1 56 1 205 1 177 1
17 5 15 43 1 52 1 57 1 58 1 67 1 46 1 150 1 153 1 159 1 163 1 181 1 182 1 240 1 450 1 169 1
23 7 17 43 1 52 1 57 1 58 1 67 1 61 1 150 1 153 1 163 1 222 1 223 1 232 1 240 1 90 1 204 1 63 1 25 1
26 8 16 43 1 52 1 57 1 58 1 67 1 150 1 153 2 159 1 163 1 181 1 182 1 240 1 528 1 104 1 50 1 23 1
29 9 12 109 1 43 1 57 1 58 1 52 1 67 1 111 1 47 1 98 1 61 1 150 1 442 1
//IdTournes NbColis
4 6
//IdColis IdCommandeInColis NbProducts IdProd1 QtyProd1 IdProd2 QtyProd2 ...
55 16 14 109 1 43 1 52 1 57 1 58 1 67 1 150 1 153 1 159 1 163 1 181 1 182 1 227 1 274 1
65 19 18 98 1 150 1 153 2 159 1 163 2 181 2 182 1 227 1 104 1 205 1 162 1 272 1 194 3 225 1 531 1 66 1 23 1 48 1
74 21 18 129 1 615 1 116 1 150 1 153 2 159 1 163 2 181 2 182 1 227 1 242 1 243 1 259 1 168 1 192 2 214 1 50 1 23 1
81 23 19 134 1 150 1 153 1 163 1 222 1 223 1 232 1 240 1 138 1 204 1 211 1 282 1 283 2 220 1 228 1 229 1 408 1 261 1 508 1
84 24 16 43 1 52 1 57 1 58 1 69 1 150 1 153 1 163 1 222 1 223 1 232 1 240 1 168 1 172 1 194 1 322 1
87 25 17 111 1 124 1 61 1 116 1 150 1 153 2 159 1 163 1 181 1 182 1 227 1 162 1 168 1 290 2 192 2 557 1 585 1
//IdTournes NbColis
5 6
//IdColis IdCommandeInColis NbProducts IdProd1 QtyProd1 IdProd2 QtyProd2 ...
91 26 16 141 1 635 1 61 1 150 1 153 2 159 1 163 2 181 2 182 2 227 1 302 1 168 1 194 3 114 1 50 1 23 1
102 29 15 52 1 43 1 57 1 58 1 143 1 161 2 61 1 150 1 153 1 159 1 163 1 181 1 182 1 227 1 169 1
113 32 15 52 1 57 1 67 1 43 1 58 1 126 1 150 1 153 1 163 1 222 1 223 1 232 1 240 1 56 1 252 1
135 38 17 150 1 153 1 159 1 163 1 181 1 182 1 240 1 259 2 168 1 172 1 194 2 214 1 225 1 391 1 231 1 401 1 395 2
139 39 17 110 1 61 1 116 1 150 1 153 2 163 1 181 1 182 1 223 1 240 1 205 1 217 3 225 1 231 1 236 1 395 2 23 2
153 44 21 597 1 61 1 150 1 153 1 163 1 181 1 182 1 223 1 240 1 205 1 172 1 194 1 225 1 258 1 261 1 231 1 395 1 451 1 426 1 186 1 599 1
//IdTournes NbColis
6 6
//IdColis IdCommandeInColis NbProducts IdProd1 QtyProd1 IdProd2 QtyProd2 ...
155 45 20 150 1 153 1 163 1 181 1 182 1 223 1 240 1 259 1 204 1 211 1 246 1 217 1 248 1 229 1 220 1 228 1 234 1 238 1 245 1 50 1
157 46 19 150 1 153 1 163 1 222 1 223 1 232 1 240 1 204 1 211 1 220 2 228 1 229 1 325 1 234 1 238 2 226 1 206 1 511 1 50 1
159 47 19 150 1 153 1 159 1 163 1 181 1 182 1 240 1 266 1 168 1 172 1 194 3 225 1 231 1 395 2 451 1 413 1 587 1 586 1 23 1
162 48 17 150 1 153 1 159 1 163 1 181 1 182 1 240 1 205 1 172 1 268 1 194 3 225 1 231 1 395 2 451 1 372 1 7 1
165 49 21 150 1 153 1 163 1 181 1 182 1 223 1 240 1 204 1 241 1 217 1 220 1 225 1 228 1 229 1 236 1 397 1 611 1 514 1 592 1 101 1 50 1
168 50 18 539 1 150 1 153 1 159 1 163 1 181 1 182 1 227 1 204 1 205 1 162 1 217 2 271 2 272 1 308 1 225 1 228 1 533 2
//IdTournes NbColis
7 6
//IdColis IdCommandeInColis NbProducts IdProd1 QtyProd1 IdProd2 QtyProd2 ...
171 51 19 150 1 153 1 163 1 182 1 222 1 223 1 240 1 155 1 204 1 241 1 217 1 220 2 228 1 229 1 225 1 379 1 429 1 284 1 23 1
174 52 18 116 1 150 1 153 2 159 1 163 1 181 1 182 1 227 1 280 1 168 1 172 2 192 3 201 1 294 1 225 1 327 1 23 1 103 1
177 53 20 663 1 57 1 161 1 150 1 153 2 159 1 163 1 181 1 182 1 240 1 204 1 162 1 211 1 246 1 228 2 229 1 220 1 50 1 536 1 23 1
180 54 15 116 1 150 1 153 2 163 2 182 1 222 2 223 1 240 1 204 2 210 2 211 1 220 2 228 1 229 1 23 1
183 55 20 61 1 150 1 153 1 159 1 163 1 181 1 182 1 227 1 204 1 241 1 210 1 217 1 228 3 229 1 220 1 225 1 391 1 261 1 50 1 18 1
186 56 18 539 1 655 1 320 1 150 1 153 1 163 1 181 1 182 1 223 1 240 1 295 1 204 1 205 1 217 3 294 1 225 1 231 1 585 1
//IdTournes NbColis
8 6
//IdColis IdCommandeInColis NbProducts IdProd1 QtyProd1 IdProd2 QtyProd2 ...
189 57 17 654 1 150 1 153 1 159 1 163 1 181 1 182 1 240 1 168 1 290 1 194 2 273 1 225 1 231 1 395 2 397 2 144 1
192 58 19 150 1 163 1 222 1 223 1 232 1 237 2 240 1 204 1 297 1 211 1 220 2 229 1 261 1 234 1 236 1 238 2 327 1 35 1 51 1
195 59 19 150 1 153 1 163 1 222 1 223 1 232 1 240 1 204 1 205 1 217 2 228 1 229 1 225 1 395 1 413 1 400 1 226 3 33 1 103 2
198 60 18 150 1 153 1 159 1 163 1 181 1 182 1 240 1 302 1 296 2 168 1 194 3 172 1 268 1 225 1 378 1 231 1 50 1 23 1
201 61 18 129 1 640 1 61 1 150 1 153 2 159 1 163 1 181 1 182 1 240 1 364 1 367 1 168 1 194 3 294 1 225 1 368 1 23 2
204 62 16 111 1 150 1 153 1 159 1 163 1 181 1 182 1 240 1 515 3 204 1 306 1 210 1 211 1 172 1 229 1 220 2
//IdTournes NbColis
9 6
//IdColis IdCommandeInColis NbProducts IdProd1 QtyProd1 IdProd2 QtyProd2 ...
207 63 20 61 1 150 1 153 1 163 1 222 1 223 1 232 1 240 1 204 1 210 1 211 1 172 1 308 1 220 2 228 2 229 1 234 1 422 1 25 1 23 1
209 64 18 615 1 61 1 150 1 163 1 222 1 223 1 232 1 237 1 240 1 204 1 210 1 211 1 220 1 228 3 229 1 234 1 547 1 238 1
211 65 20 150 1 153 1 159 1 163 1 181 1 182 1 240 1 204 1 241 1 217 2 220 1 228 1 229 1 234 1 398 1 572 1 197 1 285 1 114 1 23 1
213 66 19 577 1 45 1 150 1 153 1 159 1 163 1 181 1 182 1 240 1 204 1 205 1 217 2 309 1 225 1 228 1 229 1 395 1 488 1 23 1
215 67 18 47 1 150 1 163 1 222 1 223 1 232 1 237 1 240 1 204 1 241 1 217 2 308 1 220 2 225 1 229 1 226 1 321 1 25 1
217 68 19 47 1 150 1 153 1 163 1 222 1 223 1 232 1 240 1 204 1 241 1 312 1 217 2 314 1 220 1 228 1 229 1 225 1 322 1 23 1
//IdTournes NbColis
10 6
//IdColis IdCommandeInColis NbProducts IdProd1 QtyProd1 IdProd2 QtyProd2 ...
219 69 22 150 1 163 1 222 1 223 1 232 1 237 1 240 1 204 1 211 1 220 1 316 1 229 1 325 1 326 1 234 1 238 1 226 1 221 1 322 1 50 1 25 1 23 1
221 70 21 320 1 116 1 150 1 153 1 159 1 163 1 181 1 182 1 227 1 205 1 172 1 194 1 225 1 231 1 395 2 451 1 426 1 104 1 186 1 50 1 23 1
223 71 16 43 1 52 1 57 1 58 1 320 1 150 1 163 1 222 1 223 1 232 1 240 1 237 2 204 1 211 1 220 2 23 1
225 72 20 150 1 153 1 163 1 222 1 223 1 232 1 240 1 204 1 241 1 217 2 271 1 220 2 225 1 228 1 229 1 317 1 509 1 50 1 25 1 103 1
5 2 13 44 1 614 1 70 1 61 2 151 2 159 1 178 2 227 1 335 3 409 2 385 2 162 1 23 1
33 10 14 112 1 57 1 58 1 52 1 124 1 320 1 151 2 159 1 178 1 227 1 335 2 409 1 385 1 49 1
//IdTournes NbColis
11 6
//IdColis IdCommandeInColis NbProducts IdProd1 QtyProd1 IdProd2 QtyProd2 ...
38 11 15 43 1 52 1 57 1 58 1 69 1 110 1 151 1 159 1 178 1 227 1 335 1 409 1 385 1 450 1 343 1
46 13 19 123 1 151 1 159 1 178 1 227 1 335 1 409 1 385 1 168 1 328 1 192 2 225 1 201 1 231 1 371 2 397 1 424 1 23 1 118 1
49 14 17 43 1 52 1 57 1 58 1 70 1 151 1 159 1 178 1 227 1 335 1 409 1 385 1 168 1 172 1 180 1 192 1 169 1
57 17 14 124 1 161 1 151 2 159 1 178 2 182 2 227 1 335 3 385 2 168 1 191 1 192 2 624 1 23 1
68 20 12 129 1 161 1 357 1 320 3 151 2 159 1 178 2 227 1 335 3 409 2 385 2 315 1
78 22 16 135 1 133 1 151 1 159 1 178 1 227 1 335 1 409 1 385 1 168 1 350 1 290 2 192 2 201 2 225 1 50 1
//IdTournes NbColis
12 6
//IdColis IdCommandeInColis NbProducts IdProd1 QtyProd1 IdProd2 QtyProd2 ...
109 31 18 52 1 112 1 58 1 151 1 159 1 178 1 227 1 335 1 409 1 385 1 346 1 168 1 172 1 268 1 192 3 408 1 10 1 574 1
141 40 16 626 1 151 1 159 1 178 1 227 1 335 1 409 1 385 1 259 1 207 1 168 1 172 1 192 3 201 3 308 1 236 1
227 73 19 98 1 151 1 159 1 178 1 182 1 227 1 335 1 385 1 204 1 205 1 217 2 273 1 225 1 228 1 231 1 395 3 588 1 26 1 23 2
230 74 18 112 1 52 1 58 1 151 1 159 1 329 1 178 1 227 1 335 1 409 1 385 1 168 1 172 1 330 1 194 3 201 1 106 1 23 1
233 75 17 648 1 143 1 61 2 151 1 159 1 178 1 227 1 335 1 409 1 385 1 204 1 241 1 172 1 290 1 217 3 314 1 249 1
236 76 18 649 1 626 1 61 2 116 1 151 1 159 1 178 1 227 1 335 1 409 1 385 1 168 1 172 1 194 3 345 1 201 2 186 1 23 2
//IdTournes NbColis
13 6
//IdColis IdCommandeInColis NbProducts IdProd1 QtyProd1 IdProd2 QtyProd2 ...
239 77 17 109 1 151 1 159 1 178 1 182 1 227 1 335 2 385 1 162 1 168 1 338 1 192 3 342 1 225 1 231 1 660 1 23 1
242 78 19 112 1 52 1 58 1 151 1 159 1 178 1 182 1 227 1 335 1 385 1 302 1 205 1 172 1 290 1 217 3 314 1 49 1 96 1 23 1
245 79 15 151 2 159 1 178 1 227 1 335 2 409 1 385 2 302 2 336 1 168 1 337 1 194 3 344 1 273 1 23 1
248 80 14 129 1 126 1 151 2 159 1 178 1 227 1 335 2 409 1 385 2 515 1 168 1 192 2 201 2 225 1
252 81 16 110 1 151 2 159 1 178 1 182 1 227 1 335 2 385 2 259 2 152 1 168 1 172 2 272 1 192 2 50 1 23 1
256 82 17 151 1 159 1 178 1 227 1 335 2 409 1 385 1 168 1 180 1 271 1 194 3 314 1 225 1 258 1 455 1 429 1 18 1
//IdTournes NbColis
14 6
//IdColis IdCommandeInColis NbProducts IdProd1 QtyProd1 IdProd2 QtyProd2 ...
260 83 17 129 1 320 1 98 1 151 2 159 1 178 1 227 1 335 2 409 1 385 2 259 1 168 1 192 3 201 1 390 1 646 1 23 1
69 20 18 167 1 190 1 195 1 243 1 446 1 448 1 600 1 601 1 602 1 152 1 162 1 192 3 168 1 201 2 225 1 390 1 231 2 371 2
169 50 21 231 1 395 1 413 2 236 1 529 1 425 1 218 2 467 1 514 1 265 1 177 1 169 1 71 2 213 1 175 1 532 2 534 1 538 1 25 1 130 1 541 1
265 84 19 109 1 635 1 320 1 153 1 159 1 178 1 181 1 182 1 227 1 385 1 515 1 152 1 162 1 168 1 192 3 201 2 77 1 23 1 29 1
20 6 16 43 1 52 1 57 1 58 1 67 1 153 1 159 1 163 1 178 1 181 1 182 1 227 1 56 1 296 1 168 1 209 1
30 9 16 153 1 163 1 222 1 223 1 232 1 240 1 90 1 204 1 241 1 210 2 172 1 217 3 220 3 229 1 71 1 23 1
//IdTournes NbColis
15 6
//IdColis IdCommandeInColis NbProducts IdProd1 QtyProd1 IdProd2 QtyProd2 ...
42 12 15 43 1 52 1 57 1 58 1 67 1 116 1 153 2 159 1 178 1 181 1 182 1 227 1 385 1 97 1 50 1
98 28 16 129 1 636 1 161 1 153 2 159 1 178 1 181 2 182 1 227 1 385 2 162 1 168 1 272 1 194 2 308 1 83 1
106 30 19 60 1 153 1 159 1 178 1 181 1 182 1 227 1 385 1 356 1 207 1 168 1 194 2 225 1 358 1 231 1 371 1 395 1 236 1 574 1
116 33 13 146 3 627 1 153 2 159 1 178 1 181 2 182 1 227 1 385 2 204 2 241 1 210 2 23 1
268 85 18 153 2 159 1 163 1 178 1 181 1 182 1 227 1 168 1 330 1 194 2 225 1 261 1 231 1 395 1 326 1 570 1 502 1 74 1
270 86 21 61 1 153 1 159 1 163 1 178 1 181 1 182 1 227 1 205 1 194 2 258 1 353 1 225 1 231 1 395 1 451 1 426 1 239 1 35 1 94 1 23 1
//IdTournes NbColis
16 6
//IdColis IdCommandeInColis NbProducts IdProd1 QtyProd1 IdProd2 QtyProd2 ...
272 87 20 153 1 159 1 178 1 181 1 182 1 227 1 385 1 450 1 528 1 205 1 194 2 352 1 353 1 225 1 231 1 395 1 397 1 426 1 96 1 48 1
275 88 19 47 1 153 1 159 1 163 1 178 1 181 1 182 1 227 1 346 1 168 1 172 1 194 2 337 1 225 1 391 1 201 1 231 1 371 1 189 1
278 89 17 662 1 640 1 146 1 357 1 61 1 153 1 159 1 178 1 181 1 182 1 227 1 385 1 204 1 241 1 217 1 228 4 658 1
282 90 20 153 1 159 1 163 1 178 1 181 1 182 1 227 1 204 1 205 1 162 1 217 2 361 1 258 1 228 1 229 1 225 1 395 1 322 1 534 1 23 1
6 2 13 346 1 168 1 192 4 172 2 308 2 369 1 309 1 378 1 201 1 231 2 371 3 23 1 29 1
34 10 18 385 1 346 1 528 1 302 1 90 1 168 1 330 1 192 3 214 1 225 1 376 1 381 1 201 1 231 1 371 3 107 1 23 1 86 1
//IdTournes NbColis
17 6
//IdColis IdCommandeInColis NbProducts IdProd1 QtyProd1 IdProd2 QtyProd2 ...
47 13 19 239 1 492 1 479 2 495 1 160 2 198 1 331 1 230 1 322 1 411 1 484 2 154 2 496 2 19 1 83 1 169 1 28 1 36 1 333 1
59 17 33 170 1 340 1 277 1 437 1 472 1 121 1 154 1 177 1 368 2 423 2 173 1 28 1 68 1 71 1 174 1 1 1 30 1 171 1 50 2 14 1 183 1 552 1 22 1 66 1 623 3 15 1 16 1 120 1 535 1 538 1 91 1 25 1 130 1
76 21 31 389 1 160 1 235 1 198 1 277 1 549 1 37 2 154 1 305 1 286 1 323 1 79 1 169 1 481 1 140 2 233 2 421 1 30 1 63 1 171 1 50 1 625 1 33 1 85 1 623 2 2 1 16 1 38 1 139 2 25 1 137 1
100 28 23 449 1 434 1 437 1 154 1 206 1 19 1 28 1 233 1 35 2 115 2 634 2 171 1 50 3 53 2 8 1 78 5 552 1 244 1 633 1 18 1 25 1 23 1 118 2
133 37 18 198 1 218 5 253 1 230 1 483 1 411 2 554 1 514 1 154 1 278 1 156 1 157 1 318 1 289 1 323 1 423 1 115 1 33 1
286 91 18 239 1 193 1 197 2 315 1 343 1 478 1 370 1 252 3 449 1 501 1 411 2 420 1 437 1 467 1 620 1 154 1 49 1 103 2
//IdTournes NbColis
18 6
//IdColis IdCommandeInColis NbProducts IdProd1 QtyProd1 IdProd2 QtyProd2 ...
287 91 20 154 1 404 1 457 1 464 1 517 2 518 1 522 2 36 1 199 1 71 1 77 1 49 2 73 1 11 1 82 1 538 1 25 1 585 1 137 1 27 1
27 8 19 155 1 204 1 241 1 217 3 191 1 220 2 229 1 225 1 390 1 413 1 327 1 354 1 114 1 370 1 101 1 456 1 83 1 169 1 50 1
124 35 14 52 1 57 1 58 1 129 1 69 1 43 1 111 1 155 2 204 1 523 1 211 1 220 1 229 1 535 1
25 7 15 206 2 257 1 544 1 156 1 169 1 267 1 50 3 33 1 72 1 269 1 84 1 76 1 10 1 87 1 113 1
156 45 22 193 1 209 1 399 1 467 1 305 1 362 1 286 1 156 1 169 1 341 1 68 1 164 1 171 1 128 1 33 1 247 1 51 1 66 1 2 1 38 1 25 1 541 1
216 67 14 479 1 579 1 437 1 526 1 206 1 156 1 318 1 323 1 578 1 477 1 74 1 8 1 95 1 613 1
//IdTournes NbColis
19 6
//IdColis IdCommandeInColis NbProducts IdProd1 QtyProd1 IdProd2 QtyProd2 ...
244 78 14 467 2 608 1 101 1 257 3 156 1 169 1 28 1 196 1 293 1 339 1 50 1 8 1 96 1 25 1
276 88 23 371 1 236 1 401 1 424 1 186 1 396 1 462 1 262 1 414 1 443 1 355 1 209 1 303 1 279 1 399 1 595 1 257 1 92 2 156 1 318 1 289 1 96 1 23 1
291 92 15 321 1 569 1 487 3 463 1 582 1 479 1 315 3 160 1 322 1 467 1 362 1 156 1 318 1 311 3 94 1
7 2 18 236 1 510 1 397 1 424 2 508 1 186 1 488 2 412 1 607 1 262 1 452 1 603 1 605 1 611 1 160 1 158 2 209 2 49 1
22 6 19 230 1 417 1 257 1 157 2 323 2 169 1 28 1 427 1 71 1 63 1 50 1 8 1 53 2 9 1 32 1 41 1 10 1 25 1 23 1
66 19 26 231 1 395 2 451 1 236 1 524 1 466 1 426 1 160 1 158 1 322 1 525 1 526 1 531 1 436 1 423 1 169 1 62 1 383 1 439 1 212 1 131 1 50 2 25 1 536 2 530 1 20 1
//IdTournes NbColis
20 6
//IdColis IdCommandeInColis NbProducts IdProd1 QtyProd1 IdProd2 QtyProd2 ...
110 31 17 225 1 406 1 231 1 371 2 413 1 424 1 102 1 186 1 226 3 354 1 158 2 331 2 218 1 405 1 230 1 437 1 23 1
160 47 22 426 1 186 1 158 1 230 1 526 1 472 3 177 1 257 1 323 1 584 1 169 1 324 1 477 1 35 1 115 1 50 2 8 4 53 3 550 1 587 1 25 1 585 1
184 55 22 261 2 395 1 435 1 401 1 422 1 403 1 419 1 438 1 479 1 158 1 334 1 441 1 416 1 368 1 362 1 37 2 105 1 169 1 187 1 199 1 50 1 23 1
196 59 19 462 1 304 1 403 1 262 1 402 1 425 1 492 1 158 1 411 1 641 1 206 1 199 2 200 2 383 1 324 2 233 3 439 1 68 1 88 1
199 60 17 395 3 397 1 398 2 236 1 424 1 426 2 186 1 402 1 492 1 160 1 158 1 218 2 275 1 608 1 249 1 50 1 103 1
203 61 14 157 2 169 1 293 3 179 4 68 1 71 1 74 1 555 1 131 1 49 2 189 1 38 1 25 1 530 1
//IdTournes NbColis
21 6
//IdColis IdCommandeInColis NbProducts IdProd1 QtyProd1 IdProd2 QtyProd2 ...
222 70 17 579 1 158 1 472 1 257 1 37 1 19 1 169 1 481 1 187 1 63 2 50 2 175 1 33 1 313 1 269 1 532 2 25 1
231 74 20 225 1 231 1 371 2 397 2 236 1 424 1 186 1 226 1 332 1 284 1 425 1 479 1 661 1 315 1 343 1 158 1 198 1 206 1 305 1 557 1
262 83 26 160 1 224 1 158 1 198 1 230 1 252 1 322 1 467 2 416 1 206 1 249 1 404 1 305 1 362 1 286 1 121 1 504 1 573 1 19 1 267 1 647 1 89 1 28 2 588 1 566 2 128 1
294 93 23 224 1 235 1 158 1 275 1 230 1 322 1 437 1 467 1 514 1 206 1 305 1 157 1 363 1 323 1 423 1 477 1 291 1 339 1 50 1 244 1 51 1 66 1 25 1
297 94 19 371 2 326 1 424 1 239 1 90 1 186 1 226 3 412 1 262 1 480 1 470 2 322 1 249 1 362 1 286 1 257 1 157 1 349 1 454 1
304 97 4 201 5 158 1 198 1 423 1
//IdTournes NbColis
22 6
//IdColis IdCommandeInColis NbProducts IdProd1 QtyProd1 IdProd2 QtyProd2 ...
14 4 18 42 1 60 1 45 1 159 1 178 1 181 1 182 1 227 1 335 1 385 1 168 1 172 1 194 3 225 1 391 1 231 1 186 1 13 1
21 6 17 172 1 194 3 225 1 231 1 371 2 413 1 424 1 426 2 186 1 160 1 224 2 235 1 218 1 303 1 366 1 50 1 7 1
52 15 19 125 1 159 1 178 1 181 1 182 1 227 1 335 1 385 1 204 1 241 1 172 1 217 3 220 3 228 1 229 1 79 1 66 1 23 1 118 1
56 16 13 127 1 204 1 241 1 210 1 217 2 220 1 228 1 229 1 334 1 169 1 62 1 94 1 25 1
61 18 16 129 1 126 1 61 2 159 1 178 1 181 2 182 1 227 1 335 2 385 2 259 2 266 1 359 1 168 1 192 1 189 1
95 27 17 123 1 126 1 163 1 215 1 222 1 223 1 232 1 237 1 240 1 204 1 241 1 172 1 217 3 220 2 229 1 413 1 7 1
//IdTournes NbColis
23 6
//IdColis IdCommandeInColis NbProducts IdProd1 QtyProd1 IdProd2 QtyProd2 ...
103 29 17 302 1 204 1 205 1 266 1 162 1 217 3 172 1 268 1 290 1 330 1 225 1 379 1 228 1 229 1 395 2 186 1 23 1
117 33 14 172 3 217 3 220 3 225 1 391 1 258 1 228 1 229 1 400 1 428 1 226 1 387 1 160 1 50 1
120 34 16 52 1 67 1 43 1 57 1 58 1 61 1 159 1 178 1 181 1 182 1 227 1 335 1 385 1 259 1 266 1 339 1
131 37 15 45 1 499 1 159 1 178 1 181 2 182 1 227 1 335 2 385 2 162 1 168 1 192 3 225 1 201 1 62 1
146 41 18 159 1 178 1 181 1 182 1 227 1 335 2 385 1 168 1 214 1 192 1 194 2 201 3 225 1 391 1 231 1 584 1 7 1 23 1
152 43 7 493 1 609 1 206 1 203 1 10 1 96 2 25 1
//IdTournes NbColis
24 6
//IdColis IdCommandeInColis NbProducts IdProd1 QtyProd1 IdProd2 QtyProd2 ...
258 82 29 470 2 224 2 198 2 230 1 322 2 433 1 434 1 305 1 349 1 288 1 169 1 62 1 176 1 196 1 199 1 293 1 200 1 63 2 50 2 144 2 203 1 244 1 270 1 16 1 26 1 538 1 96 1 652 1 23 1
271 86 22 479 1 218 2 554 1 301 1 92 1 121 1 363 1 169 1 199 1 185 1 565 1 171 2 319 1 50 2 8 1 78 1 203 1 213 1 552 1 15 1 562 1 25 1
277 88 27 79 1 173 1 169 1 293 1 639 1 291 1 185 1 21 1 30 1 131 1 184 2 50 4 14 1 203 1 552 1 119 1 51 1 15 2 16 1 38 1 3 2 534 1 26 1 535 1 76 1 25 1 558 1
284 91 14 42 1 129 1 320 1 61 3 159 1 178 1 181 2 182 1 227 1 335 2 385 2 168 1 192 2 95 1
289 92 14 110 1 159 1 178 1 181 2 182 1 227 1 335 2 385 2 356 1 168 1 268 1 192 3 201 2 140 1
293 93 20 159 1 178 1 181 1 182 1 227 1 335 1 385 1 205 1 194 2 361 1 225 1 231 1 395 1 451 1 97 1 226 1 546 1 360 1 59 1 51 1
//IdTournes NbColis
25 6
//IdColis IdCommandeInColis NbProducts IdProd1 QtyProd1 IdProd2 QtyProd2 ...
296 94 18 109 1 124 1 159 1 178 1 181 1 182 1 227 1 335 1 385 1 515 1 168 1 172 1 194 3 201 1 225 1 231 1 140 1 7 1
299 95 19 61 1 159 1 178 1 181 1 182 1 227 1 335 1 385 1 205 1 172 1 194 3 369 1 225 1 393 1 231 1 395 2 83 1 33 1 23 1
302 96 25 61 1 204 1 241 1 210 1 217 1 220 1 225 1 378 1 229 1 90 1 226 1 434 1 514 1 101 1 206 1 527 1 64 1 542 1 50 1 95 1 535 1 120 1 537 1 147 1 23 1
18 5 18 205 1 281 1 172 1 194 3 225 1 231 1 395 2 451 1 413 1 186 1 354 1 414 1 479 1 218 2 257 1 64 1 10 1 23 1
3 1 25 355 1 218 2 334 2 230 1 206 1 216 2 305 2 257 1 286 2 173 1 169 1 28 1 62 1 1 1 39 1 63 1 50 1 8 1 33 1 12 1 51 1 3 1 40 1 25 1 23 1
114 32 20 168 1 194 1 250 1 225 1 231 1 395 1 451 1 426 2 260 1 255 1 262 1 590 1 441 1 206 1 249 1 423 2 169 1 199 1 200 1 23 1
//IdTournes NbColis
26 6
//IdColis IdCommandeInColis NbProducts IdProd1 QtyProd1 IdProd2 QtyProd2 ...
125 35 11 234 1 238 1 226 1 525 1 467 1 206 1 185 1 68 1 394 1 120 1 147 1
190 57 16 451 1 401 1 476 1 426 1 56 1 226 1 262 1 452 1 479 1 355 1 478 1 209 1 253 5 467 1 206 1 83 1
220 69 9 638 1 554 1 206 1 324 1 444 1 319 1 50 1 8 1 269 1
226 72 8 97 1 226 1 594 1 206 1 427 1 68 1 50 1 128 1
254 81 28 224 1 235 1 209 1 218 1 411 1 506 1 608 1 206 1 362 2 165 1 388 1 561 1 293 1 324 2 233 1 494 1 339 2 68 1 171 1 507 1 50 1 8 1 175 2 656 1 95 1 4 1 94 1 550 1
24 7 18 211 1 172 1 220 2 229 1 325 1 234 1 413 2 547 1 238 2 186 1 208 1 419 1 114 1 549 1 416 2 92 1 50 1 23 1
//IdTournes NbColis
27 6
//IdColis IdCommandeInColis NbProducts IdProd1 QtyProd1 IdProd2 QtyProd2 ...
92 26 19 225 1 378 1 201 1 231 1 371 2 413 1 424 1 617 2 90 1 226 1 327 1 208 1 197 1 262 1 414 1 479 2 114 1 50 1 536 1
104 29 25 395 1 422 1 568 1 546 1 208 1 197 1 218 2 483 1 420 1 257 1 311 1 373 1 293 2 39 2 184 1 50 2 188 1 269 2 94 1 51 1 66 3 12 1 55 1 25 1 103 1
234 75 21 229 1 220 2 225 1 413 1 104 1 56 1 186 1 208 1 392 1 443 1 209 1 218 1 467 1 278 2 257 1 531 1 311 1 431 1 436 1 169 1 122 1
40 11 23 371 1 397 1 422 1 424 1 572 1 466 1 617 1 519 1 99 1 186 1 452 1 253 1 416 2 105 1 249 1 257 1 311 1 169 1 267 1 256 1 505 1 50 1 103 1
79 22 21 231 1 371 2 397 2 413 1 401 1 424 1 495 1 478 1 209 1 351 2 253 1 230 1 514 1 37 1 165 1 557 1 561 1 267 1 71 1 94 1 23 1
8 2 18 209 1 170 2 340 1 218 2 277 1 252 1 377 1 322 1 501 1 411 3 484 1 472 1 37 2 274 2 165 1 19 1 59 1 189 1
//IdTournes NbColis
28 6
//IdColis IdCommandeInColis NbProducts IdProd1 QtyProd1 IdProd2 QtyProd2 ...
19 5 10 35 1 233 3 477 2 494 1 71 1 164 1 50 3 247 1 25 1 5 1
35 10 16 397 1 398 1 424 2 617 1 622 1 488 2 479 1 347 1 478 1 235 1 209 4 198 2 218 1 303 1 277 1 103 1
45 12 16 578 1 62 1 293 1 179 1 71 1 74 1 164 1 171 3 131 2 50 1 14 1 81 1 188 2 95 2 51 1 25 1
51 14 13 224 1 277 1 257 1 293 1 212 1 185 1 21 1 164 1 50 2 14 1 91 1 122 1 25 1
63 18 29 452 1 593 1 209 1 303 1 525 1 305 1 362 1 382 1 173 1 591 1 28 1 566 2 199 3 293 1 200 3 418 1 185 1 30 1 171 1 131 1 507 1 49 2 128 1 189 1 551 1 119 1 51 1 2 1 87 1
89 25 26 407 1 478 1 224 1 209 1 501 1 608 1 301 2 298 1 305 1 121 1 311 1 200 1 383 1 410 1 179 1 21 1 49 5 8 2 78 1 66 1 550 1 560 1 538 3 25 1 137 1 103 1
//IdTournes NbColis
29 6
//IdColis IdCommandeInColis NbProducts IdProd1 QtyProd1 IdProd2 QtyProd2 ...
107 30 22 424 1 426 2 571 1 224 1 209 1 303 1 434 2 472 3 169 1 62 1 115 1 196 1 333 1 68 2 555 1 444 1 49 2 8 1 81 3 107 1 175 1 94 1
115 32 11 71 1 164 1 50 2 8 3 33 1 247 1 51 1 65 1 532 1 535 1 25 1
193 58 13 354 1 480 1 224 2 209 3 218 1 303 3 322 2 467 4 608 2 657 1 305 1 96 1 23 1
202 61 15 201 1 231 1 371 3 372 1 236 1 424 1 285 1 414 2 495 2 370 1 209 2 230 1 467 1 368 1 323 1
212 65 15 354 1 569 1 479 1 209 1 230 1 101 1 169 1 142 1 199 1 324 1 477 1 50 2 107 1 33 1 25 1
224 71 17 229 1 261 1 234 1 628 1 238 3 327 1 224 1 209 1 305 1 8 1 128 1 65 1 93 1 631 1 96 1 25 1 558 1
//IdTournes NbColis
30 6
//IdColis IdCommandeInColis NbProducts IdProd1 QtyProd1 IdProd2 QtyProd2 ...
246 79 19 225 1 376 1 231 1 371 2 236 1 424 1 466 1 412 1 630 1 197 1 209 1 275 1 277 1 253 1 279 1 322 1 467 2 101 1 216 1
263 83 19 199 1 333 1 324 1 505 1 339 1 63 1 164 1 14 1 552 2 33 2 564 1 15 1 533 1 38 1 538 1 10 1 25 1 643 1 541 1
13 3 15 521 1 177 1 274 1 165 1 169 1 30 1 50 3 6 2 270 1 65 1 66 1 3 1 18 1 25 2 23 1
187 56 18 395 2 397 1 413 1 372 3 398 1 239 1 426 2 321 1 486 1 653 1 478 1 224 1 230 1 467 1 165 2 71 1 23 1 558 1
208 63 18 238 2 97 1 487 1 303 1 252 1 441 1 416 1 101 1 177 1 169 1 36 1 131 1 50 3 307 1 8 1 552 1 551 1 550 2
70 20 16 371 1 397 1 422 1 424 2 166 1 226 3 500 3 488 1 193 1 197 2 321 1 414 1 355 1 579 2 224 1 286 1
//IdTournes NbColis
31 6
//IdColis IdCommandeInColis NbProducts IdProd1 QtyProd1 IdProd2 QtyProd2 ...
39 11 17 302 1 97 2 100 1 104 1 168 1 172 1 194 3 201 3 369 1 225 1 342 1 261 1 231 1 371 1 628 1 23 1 29 1
43 12 17 102 1 168 1 180 1 191 1 192 3 201 1 225 1 391 1 261 1 231 2 371 2 372 1 424 2 412 1 12 1 23 1 29 1
121 34 18 168 1 172 1 194 3 201 1 225 1 406 1 231 1 371 2 397 1 413 1 424 1 426 1 186 1 412 1 193 1 315 1 177 1 23 1
16 4 13 169 1 410 1 63 1 50 1 8 1 213 1 4 1 22 1 11 1 55 1 34 1 25 1 27 1
28 8 16 62 2 115 1 199 1 324 1 540 1 8 1 53 1 95 2 244 1 94 1 51 1 11 2 38 1 93 2 82 1 25 1
31 9 29 294 1 225 1 393 1 413 1 432 1 445 1 186 1 443 2 416 2 257 1 169 1 199 1 324 1 410 1 212 1 179 1 185 1 71 2 131 1 50 2 8 1 144 1 107 1 108 1 95 1 244 2 94 1 51 1 96 1
//IdTournes NbColis
32 6
//IdColis IdCommandeInColis NbProducts IdProd1 QtyProd1 IdProd2 QtyProd2 ...
53 15 22 225 1 378 1 413 1 372 1 428 1 186 1 285 1 321 1 230 1 420 1 101 1 37 3 177 1 274 1 305 2 257 1 388 1 289 1 19 1 169 1 132 1 103 1
54 15 9 254 1 310 1 421 1 68 1 50 3 244 1 91 1 25 1 117 1
72 20 22 431 1 169 1 36 1 140 1 176 1 383 2 410 1 233 1 612 1 179 1 71 1 174 1 39 1 63 2 131 1 132 2 49 3 244 4 84 1 41 1 75 2 23 1
82 23 19 234 1 397 1 503 1 509 2 425 2 235 1 287 1 483 2 514 1 274 1 288 2 289 1 573 1 169 1 63 1 50 2 8 2 95 1 25 1
85 24 21 194 2 225 1 231 1 371 3 413 1 236 1 424 1 186 1 327 1 487 1 441 1 305 1 257 1 286 1 456 1 169 1 36 2 179 3 50 1 23 1 118 1
93 26 28 478 1 218 1 230 1 386 1 592 1 609 1 311 1 382 2 496 1 561 1 169 2 383 1 384 1 53 1 128 1 8 1 374 1 213 1 175 2 552 1 145 1 80 1 11 1 93 1 82 1 87 3 25 1 536 2
//IdTournes NbColis
33 6
//IdColis IdCommandeInColis NbProducts IdProd1 QtyProd1 IdProd2 QtyProd2 ...
96 27 26 225 1 422 1 519 1 186 1 365 1 545 2 487 1 257 1 286 1 543 1 169 2 498 1 64 1 199 1 293 1 384 1 494 1 35 1 68 1 50 2 8 1 81 2 4 1 25 1 23 1 103 1
111 31 24 506 1 493 1 514 1 595 1 257 1 318 1 323 1 629 1 557 1 83 2 173 1 169 2 199 2 383 1 68 3 49 2 14 1 552 1 55 1 18 2 87 1 25 1 536 1 23 1
122 34 22 315 1 235 2 230 2 411 1 514 1 472 1 257 1 311 1 423 2 169 1 28 1 439 1 185 1 30 1 555 1 50 3 175 1 244 2 38 1 93 1 560 1 25 1
134 37 16 383 1 179 1 185 1 68 1 71 1 171 1 184 2 50 2 14 1 189 1 244 1 51 1 2 1 532 1 147 1 130 1
144 40 17 311 2 288 1 289 1 474 1 496 1 561 1 169 1 196 1 293 1 310 2 383 3 185 1 68 1 50 2 8 1 55 1 25 1
148 41 18 19 1 173 1 169 1 62 1 310 1 383 1 477 1 212 1 565 1 131 1 50 5 8 1 552 1 95 1 51 2 25 1 130 1 643 2
//IdTournes NbColis
34 6
//IdColis IdCommandeInColis NbProducts IdProd1 QtyProd1 IdProd2 QtyProd2 ...
154 44 23 463 1 235 1 198 1 253 1 264 1 437 1 521 1 595 1 257 1 431 1 169 1 36 1 131 1 50 2 144 1 95 1 2 1 38 1 75 1 25 1 23 1 103 2 27 3
163 48 25 426 2 186 1 276 1 392 1 224 1 277 1 521 1 278 1 257 1 288 1 169 1 566 2 233 2 74 1 63 1 50 2 8 1 564 1 533 1 96 1 25 1 20 1 23 1 48 1 558 1
166 49 27 423 1 169 1 511 1 604 1 36 1 196 1 254 1 256 1 263 1 410 1 458 1 421 1 477 1 606 1 494 1 612 1 444 1 565 1 251 1 507 1 50 1 2 1 93 1 3 1 26 1 25 1 23 2
172 51 26 285 1 354 1 479 1 480 1 437 1 177 2 286 1 368 1 544 1 37 1 454 1 465 1 169 1 28 1 254 1 383 1 477 1 494 1 174 1 50 1 4 1 550 1 38 1 18 1 91 1 25 1
175 52 18 391 1 258 2 231 1 371 3 397 2 424 1 321 1 425 1 114 1 279 1 278 2 305 1 169 1 187 1 140 3 179 1 68 2 50 1
182 54 9 71 1 171 1 50 1 8 1 53 1 552 1 244 1 10 1 75 1
//IdTournes NbColis
35 6
//IdColis IdCommandeInColis NbProducts IdProd1 QtyProd1 IdProd2 QtyProd2 ...
185 55 12 383 1 291 1 1 1 8 1 189 1 244 1 22 1 66 1 91 1 25 1 659 2 103 1
188 56 15 169 1 384 1 324 1 185 1 50 4 78 1 33 1 4 1 550 1 587 1 15 1 535 1 25 1 130 1 27 1
200 60 16 257 1 169 1 300 1 62 1 196 1 71 1 394 1 642 1 552 1 33 1 66 2 93 1 3 1 76 1 25 1 130 2
206 62 15 230 1 411 1 433 1 434 1 437 1 301 1 423 1 169 1 196 1 71 3 50 1 8 1 244 1 25 1 23 1
210 64 13 238 1 621 1 221 1 526 1 311 1 169 1 310 2 179 1 71 2 81 1 213 1 25 1 541 1
214 66 17 395 1 425 1 554 1 467 1 257 1 169 1 199 1 200 1 477 1 494 1 179 1 567 1 576 1 50 2 270 1 25 1 103 1
//IdTournes NbColis
36 6
//IdColis IdCommandeInColis NbProducts IdProd1 QtyProd1 IdProd2 QtyProd2 ...
218 68 19 239 1 315 1 467 1 286 1 169 1 89 1 566 1 199 2 115 1 50 2 8 2 66 1 93 1 26 2 560 1 18 1 96 1 25 1 559 1
228 73 22 398 1 99 1 322 1 434 1 286 1 423 2 169 1 140 1 196 1 199 1 200 1 324 2 115 1 291 1 49 2 8 2 95 1 244 2 4 2 564 1 18 1 25 1
232 74 14 257 1 79 1 169 1 293 1 310 1 71 1 39 1 50 5 8 1 128 1 552 1 188 1 560 1 25 1
235 75 21 423 1 89 1 28 3 36 2 410 2 439 1 68 1 444 1 50 2 299 1 73 1 14 1 642 2 53 1 144 1 244 1 623 1 3 1 76 1 25 1 23 1
237 76 23 225 1 231 1 371 3 413 1 372 1 422 1 424 1 186 1 447 1 630 1 478 1 224 1 277 1 257 1 311 1 474 1 17 1 169 1 481 1 475 1 28 1 49 1 118 1
238 76 22 28 1 59 1 293 1 384 1 341 1 71 1 174 3 30 2 49 1 14 1 107 1 108 2 33 3 244 1 94 1 65 1 15 1 533 1 87 1 96 1 25 1 103 3
//IdTournes NbColis
37 6
//IdColis IdCommandeInColis NbProducts IdProd1 QtyProd1 IdProd2 QtyProd2 ...
247 79 15 177 1 404 1 362 1 311 1 318 1 423 1 565 1 50 5 14 1 81 2 632 1 244 2 564 2 106 1 25 1
267 84 20 454 1 288 1 465 1 169 1 293 1 333 2 310 1 233 1 50 2 73 1 53 1 84 1 637 1 596 1 2 1 76 1 631 1 13 1 25 1 130 3
269 85 20 424 1 426 2 412 2 224 1 305 1 173 1 169 1 185 1 68 1 50 1 53 1 552 2 244 2 65 1 15 1 96 1 575 1 25 1 536 2 23 1
273 87 23 451 1 432 1 90 1 396 1 488 2 197 1 354 1 479 1 581 1 355 1 177 1 169 1 481 1 35 1 565 1 507 1 78 1 213 1 175 1 95 1 38 1 25 1 583 1
280 89 19 490 1 355 1 235 1 279 1 264 1 514 1 298 1 474 1 169 1 481 1 497 1 30 1 50 2 552 1 84 1 88 1 532 2 25 1 23 1
283 90 14 467 1 553 1 169 1 556 1 36 2 179 1 71 1 1 1 555 1 50 3 8 1 128 1 25 1 136 1
//IdTournes NbColis
38 6
//IdColis IdCommandeInColis NbProducts IdProd1 QtyProd1 IdProd2 QtyProd2 ...
298 94 17 473 1 527 2 169 2 140 2 254 1 639 1 427 1 71 1 50 1 175 2 33 1 94 1 15 1 25 1 130 1 23 1 118 4
300 95 22 451 1 413 1 489 1 491 1 426 1 186 1 226 1 321 1 487 2 452 1 467 1 301 1 101 2 257 1 173 2 169 1 498 1 651 1 89 1 566 2 565 1 50 1
250 80 22 495 1 315 1 343 1 520 1 170 1 218 1 230 3 277 1 377 1 434 1 467 1 177 1 368 1 92 1 288 1 557 1 36 1 310 2 383 2 410 1 1 1 646 1
9 2 19 505 1 68 2 21 1 63 3 171 1 49 4 14 1 54 1 2 2 11 1 15 1 16 2 38 1 3 1 26 2 24 1 25 1 29 2 48 1
37 10 16 410 1 505 1 291 2 21 1 30 1 171 1 49 1 73 1 78 2 85 1 80 1 270 1 88 1 66 1 93 1 75 1
118 33 23 218 1 411 1 468 1 620 2 595 1 382 1 323 3 423 1 19 1 566 1 140 1 619 1 71 1 77 1 171 1 131 1 50 1 144 1 33 1 32 1 38 1 76 1 75 1
//IdTournes NbColis
39 6
//IdColis IdCommandeInColis NbProducts IdProd1 QtyProd1 IdProd2 QtyProd2 ...
129 36 19 254 1 310 3 383 1 263 1 410 1 233 1 421 1 606 1 71 1 444 1 171 1 251 1 507 1 8 1 552 1 4 1 120 2 25 1 136 1
251 80 19 30 1 171 1 50 2 8 1 348 1 656 3 94 1 623 1 66 2 2 1 532 1 26 2 535 1 75 1 583 1 117 1 530 1 20 1 118 1
2 1 13 172 1 194 3 369 1 225 1 391 2 261 1 231 1 395 3 451 1 236 1 426 2 186 1 479 2
12 3 17 172 1 217 2 273 1 225 1 231 1 395 2 451 1 435 1 491 1 426 1 478 1 275 1 279 1 467 3 514 1 36 1 20 1
253 81 15 192 1 214 1 225 1 390 2 201 2 231 1 371 2 397 1 503 1 424 2 508 2 509 1 186 1 262 1 224 1
36 10 19 279 1 380 3 482 1 483 2 437 1 554 2 609 1 274 1 278 1 305 1 431 1 83 2 173 1 89 3 36 3 196 1 293 1 383 1 77 1
//IdTournes NbColis
40 6
//IdColis IdCommandeInColis NbProducts IdProd1 QtyProd1 IdProd2 QtyProd2 ...
240 77 20 371 2 413 1 236 1 424 1 466 1 462 1 607 1 99 1 459 1 419 1 453 1 340 1 275 1 303 1 277 1 230 1 468 1 472 1 301 1 173 1
241 77 8 436 1 173 1 50 2 299 1 8 1 533 1 13 1 25 1
292 92 10 173 1 196 1 199 2 50 2 2 1 25 1 136 1 23 1 103 1 558 2
191 57 12 293 1 200 1 477 1 174 1 251 1 656 1 80 1 51 1 38 1 93 1 650 1 25 1
41 11 8 505 2 179 2 50 1 175 1 269 2 22 1 12 1 25 1
48 13 8 49 3 14 1 175 1 66 1 41 1 26 1 76 1 25 1
//IdTournes NbColis
41 6
//IdColis IdCommandeInColis NbProducts IdProd1 QtyProd1 IdProd2 QtyProd2 ...
137 38 23 187 2 28 2 176 1 196 1 199 1 494 1 179 1 1 1 30 3 132 1 50 4 14 1 175 2 95 1 12 1 596 1 11 1 15 3 41 1 120 1 76 1 25 1 29 1
176 52 9 71 3 50 2 175 2 552 1 189 2 84 1 538 1 25 1 644 1
62 18 14 192 2 201 1 225 1 231 1 371 3 397 3 432 1 424 2 547 1 529 1 186 1 226 1 589 1 177 1
197 59 11 439 1 639 1 565 2 552 3 269 1 22 1 51 2 66 1 93 1 24 1 25 1
86 24 9 185 1 39 1 50 6 8 1 552 2 51 2 66 2 18 1 25 1
266 84 19 201 2 225 1 358 1 231 1 371 2 413 1 424 1 617 1 186 1 403 1 414 2 463 1 437 1 467 1 216 1 305 1 257 1 132 1 103 1
//IdTournes NbColis
42 6
//IdColis IdCommandeInColis NbProducts IdProd1 QtyProd1 IdProd2 QtyProd2 ...
301 95 14 254 1 494 2 184 1 50 1 8 1 144 2 81 1 33 1 95 1 85 1 22 2 51 1 66 1 25 1
50 14 21 192 2 317 1 201 1 225 1 231 1 371 3 397 1 413 1 422 1 424 1 548 1 99 1 186 1 193 1 285 2 114 1 79 1 94 1 23 1 118 1 86 1
142 40 16 225 1 390 1 391 1 231 2 371 2 502 1 397 1 476 1 424 2 90 1 56 1 186 1 226 2 197 1 403 1 354 1
243 78 19 225 1 408 1 231 1 395 2 451 1 398 1 476 1 466 1 426 1 90 1 186 1 354 1 645 1 478 1 483 1 411 2 493 1 467 1 3 1
194 58 9 101 1 469 1 50 2 299 1 552 1 532 1 25 1 585 1 103 1
179 53 8 292 1 68 1 50 1 8 1 189 1 66 1 26 3 75 1
//IdTournes NbColis
43 6
//IdColis IdCommandeInColis NbProducts IdProd1 QtyProd1 IdProd2 QtyProd2 ...
88 25 18 192 1 225 1 201 1 261 1 231 1 371 2 415 1 236 1 422 1 424 1 104 1 375 1 412 1 414 3 569 1 495 1 115 1 23 1
127 36 14 192 3 201 4 408 1 236 1 401 1 231 2 371 2 510 1 397 1 413 2 476 2 96 1 106 1 20 1
285 91 16 192 1 201 3 225 1 376 1 378 1 261 1 231 2 415 1 401 1 371 2 397 1 424 2 519 1 617 1 89 1 23 1
205 62 12 228 1 408 1 234 1 236 1 422 1 239 2 238 2 193 1 321 3 479 2 224 3 218 2
249 80 15 258 1 236 3 401 1 231 2 371 2 397 1 398 1 422 1 424 2 447 1 630 2 193 2 285 1 479 1 23 1
290 92 15 225 1 261 1 231 2 371 2 460 2 461 1 397 1 413 1 502 1 422 1 424 2 226 1 193 1 276 1 277 1
//IdTournes NbColis
44 6
//IdColis IdCommandeInColis NbProducts IdProd1 QtyProd1 IdProd2 QtyProd2 ...
158 46 23 604 1 610 1 196 1 199 1 254 1 256 1 263 1 410 1 458 1 421 1 606 1 494 1 612 1 444 1 565 1 63 1 251 1 507 1 132 1 8 1 16 1 25 1 20 1
181 54 19 369 1 234 1 460 1 461 1 238 3 197 1 463 1 470 1 471 1 322 1 467 3 456 1 92 1 469 1 28 1 256 1 458 1 50 1 87 1
279 89 17 229 1 225 1 381 1 395 1 397 1 401 1 422 1 239 2 412 1 197 2 485 1 487 1 492 1 479 3 443 1 30 1 532 1
128 36 19 424 2 90 2 226 1 412 1 488 1 354 2 479 1 355 1 224 1 198 1 368 1 19 1 511 1 604 1 591 1 199 3 200 2 333 1 49 1
261 83 18 225 1 381 2 236 1 261 1 231 1 371 2 397 1 424 2 508 1 226 1 396 1 500 1 412 1 419 1 315 1 343 1 389 1 611 1
178 53 16 220 1 429 1 234 1 430 1 397 3 238 3 428 1 440 1 218 1 230 1 277 1 279 1 416 2 368 1 278 1 65 1
//IdTournes NbColis
45 6
//IdColis IdCommandeInColis NbProducts IdProd1 QtyProd1 IdProd2 QtyProd2 ...
99 28 17 225 1 231 1 395 2 451 2 413 1 397 1 508 1 426 2 412 1 630 1 479 1 389 1 230 2 322 1 449 2 142 1 12 1
257 82 16 261 1 231 1 236 2 395 2 397 1 451 1 398 1 426 5 412 1 462 1 513 1 516 1 443 1 389 1 343 1 115 1
75 21 16 225 1 391 1 201 2 393 1 231 1 371 2 397 1 398 2 424 2 617 1 618 1 509 1 412 1 392 1 440 1 36 1
64 18 11 38 1 122 1 25 1 530 1 7 1 23 1 29 1 48 2 103 3 118 1 27 1
108 30 8 552 1 119 1 94 3 538 3 10 1 25 1 7 1 23 1
80 22 6 563 1 50 4 8 1 41 2 25 1 536 1
//IdTournes NbColis
46 4
//IdColis IdCommandeInColis NbProducts IdProd1 QtyProd1 IdProd2 QtyProd2 ...
32 9 3 22 1 91 1 25 1
255 81 3 120 1 538 1 25 1
259 82 1 25 1
77 21 1 136 1
