//NbTournees
53
//IdTournes NbColis
1 6
//IdColis IdCommandeInColis NbProducts IdProd1 QtyProd1 IdProd2 QtyProd2 ...
1 1 9 55 1 64 1 8 1 1 1 2 1 3 1 4 1 359 1 230 1
6 2 10 2 1 3 1 4 1 7 1 9 1 6 1 34 1 53 1 5 1 268 1
2 1 12 5 1 6 1 7 1 9 1 53 1 34 1 429 1 356 1 238 1 226 1 360 2 24 1
11 3 7 10 1 11 2 12 1 13 2 9 2 23 1 366 1
17 4 6 55 1 64 1 8 2 9 1 2 2 218 1
18 4 9 14 1 7 1 13 1 6 1 34 1 53 1 15 2 5 1 356 1
//IdTournes NbColis
2 6
//IdColis IdCommandeInColis NbProducts IdProd1 QtyProd1 IdProd2 QtyProd2 ...
23 5 6 9 2 11 2 15 2 12 1 13 2 154 1
29 6 7 61 1 62 1 16 1 83 2 9 1 271 1 54 1
30 6 7 9 1 14 2 5 2 7 1 13 2 6 1 356 1
37 7 9 55 1 64 1 8 1 14 1 13 1 5 1 17 1 283 1 24 1
38 7 10 17 1 15 2 7 1 9 1 6 1 22 1 53 1 323 1 178 1 44 1
43 8 10 13 1 15 2 7 1 9 1 53 1 6 1 34 1 440 1 176 1 74 1
//IdTournes NbColis
3 6
//IdColis IdCommandeInColis NbProducts IdProd1 QtyProd1 IdProd2 QtyProd2 ...
48 9 7 8 1 11 2 5 2 7 1 13 2 9 1 24 1
49 9 7 9 1 17 2 6 2 22 2 21 1 15 1 163 1
53 10 7 61 1 72 1 105 1 16 1 83 1 9 1 271 1
54 10 8 2 2 14 1 5 1 15 2 7 1 13 1 53 1 356 1
60 11 8 55 1 64 1 8 1 84 1 488 1 9 1 283 1 54 1
61 11 8 2 2 14 1 5 1 15 2 7 1 13 1 53 1 359 1
//IdTournes NbColis
4 6
//IdColis IdCommandeInColis NbProducts IdProd1 QtyProd1 IdProd2 QtyProd2 ...
65 12 7 18 1 61 1 62 1 8 1 9 1 2 2 24 1
66 12 9 14 1 7 1 13 1 6 1 22 1 53 1 5 1 15 2 181 1
70 13 9 55 1 117 1 8 1 14 1 13 1 5 1 17 1 323 1 24 1
71 13 9 17 1 15 2 7 1 9 1 6 1 22 1 21 1 115 1 200 1
76 14 7 64 1 8 1 488 1 2 2 14 1 5 1 13 1
77 14 10 15 2 7 1 9 1 53 1 85 1 6 1 22 1 283 1 323 1 208 1
//IdTournes NbColis
5 6
//IdColis IdCommandeInColis NbProducts IdProd1 QtyProd1 IdProd2 QtyProd2 ...
81 15 6 8 1 475 1 11 2 19 2 12 1 13 2
82 15 6 9 2 6 2 23 2 22 2 39 1 228 1
86 16 7 61 1 72 1 73 1 113 1 62 1 9 1 186 1
88 16 10 17 1 15 2 7 1 13 1 22 1 53 1 6 1 241 1 158 1 417 1
93 17 10 9 1 14 1 5 1 17 1 6 1 21 1 15 1 7 1 13 1 359 1
96 18 10 471 1 9 1 14 1 5 1 17 1 6 1 21 1 15 1 7 1 470 1
//IdTournes NbColis
6 6
//IdColis IdCommandeInColis NbProducts IdProd1 QtyProd1 IdProd2 QtyProd2 ...
97 18 23 13 1 22 1 275 1 163 1 219 1 225 1 226 1 211 1 184 1 56 1 41 1 77 1 26 1 27 1 351 1 352 1 332 1 269 1 349 1 24 1 43 1 76 1 60 1
99 19 10 488 1 2 1 14 1 13 1 5 1 6 1 22 1 15 1 7 1 24 1
100 19 19 9 1 53 1 429 1 359 1 447 1 360 1 163 1 219 1 226 1 227 1 162 1 430 1 56 1 41 1 77 1 26 1 27 1 247 1 43 1
102 20 10 11 1 17 1 13 1 6 1 23 1 21 1 15 1 12 1 9 1 171 1
108 21 10 2 1 14 1 5 1 6 1 22 1 13 1 15 1 7 1 9 1 181 1
111 22 10 471 1 9 1 11 1 5 1 17 1 6 1 21 1 15 1 12 1 164 1
//IdTournes NbColis
7 6
//IdColis IdCommandeInColis NbProducts IdProd1 QtyProd1 IdProd2 QtyProd2 ...
112 22 13 13 1 22 1 283 1 275 1 282 1 222 1 429 1 225 2 226 1 163 1 219 2 397 1 279 1
115 23 8 84 1 9 1 14 1 5 1 17 2 15 2 7 1 24 1
116 23 12 13 1 21 1 6 1 22 1 283 2 323 1 222 1 429 1 163 1 219 2 225 1 43 1
119 24 8 9 1 2 2 14 1 5 1 15 2 7 1 13 1 435 1
123 25 8 20 1 2 2 14 1 13 1 5 1 15 2 7 1 463 1
124 25 12 9 1 53 1 6 1 22 1 283 1 323 1 397 1 219 2 225 2 226 1 163 1 211 1
//IdTournes NbColis
8 6
//IdColis IdCommandeInColis NbProducts IdProd1 QtyProd1 IdProd2 QtyProd2 ...
127 26 9 62 1 61 1 14 1 5 1 17 1 6 1 21 1 13 1 187 1
128 26 12 15 1 7 1 9 1 22 1 323 1 283 1 222 1 429 1 356 1 435 1 225 3 145 1
133 27 12 15 1 7 1 13 1 9 1 21 1 22 1 323 1 178 1 222 1 429 1 356 1 437 1
138 28 6 9 2 14 2 13 2 6 2 15 1 365 1
144 29 7 55 1 117 1 81 1 488 1 9 1 2 2 290 1
145 29 9 14 1 5 1 15 2 7 1 13 1 22 1 53 1 6 1 356 1
//IdTournes NbColis
9 6
//IdColis IdCommandeInColis NbProducts IdProd1 QtyProd1 IdProd2 QtyProd2 ...
149 30 6 55 1 117 1 8 2 9 2 14 1 270 1
150 30 6 14 1 13 2 6 2 5 2 15 2 320 1
156 31 5 55 1 8 2 14 2 13 2 9 1
157 31 7 9 1 6 2 15 2 5 2 7 1 17 1 154 1
165 32 9 15 1 7 1 13 1 9 1 6 1 22 1 21 1 17 2 154 1
173 33 6 11 2 12 1 13 2 9 2 23 2 154 1
//IdTournes NbColis
10 6
//IdColis IdCommandeInColis NbProducts IdProd1 QtyProd1 IdProd2 QtyProd2 ...
181 34 7 5 1 7 1 13 2 9 2 22 2 53 1 154 1
190 35 6 11 2 19 3 12 1 9 2 23 1 356 1
200 36 7 83 1 9 1 10 2 31 1 11 2 19 2 103 1
207 37 10 84 1 9 1 5 1 6 1 7 1 32 1 1 1 2 1 33 1 24 1
210 38 10 471 1 3 1 5 1 6 1 34 1 9 1 7 1 1 1 2 1 199 1
5 2 7 55 1 57 1 117 1 8 1 1 2 2 1 24 1
//IdTournes NbColis
11 6
//IdColis IdCommandeInColis NbProducts IdProd1 QtyProd1 IdProd2 QtyProd2 ...
42 8 7 55 1 117 1 8 1 2 2 3 1 5 1 444 1
211 38 15 33 1 53 1 383 1 178 1 154 1 158 1 200 1 268 1 181 1 365 1 282 1 228 1 428 1 435 1 150 1
10 3 7 61 1 62 1 66 1 83 2 10 1 365 1 204 1
189 35 7 61 1 105 1 83 1 66 1 508 1 10 2 56 1
208 37 16 3 1 53 1 34 1 429 1 359 1 397 1 163 1 219 1 225 1 226 1 227 1 162 1 430 1 56 1 41 1 77 1
215 39 6 105 1 61 1 83 2 10 2 35 1 293 1
//IdTournes NbColis
12 6
//IdColis IdCommandeInColis NbProducts IdProd1 QtyProd1 IdProd2 QtyProd2 ...
222 40 6 62 1 90 1 8 2 10 2 31 1 293 1
230 41 6 62 1 61 1 83 2 10 2 31 1 343 1
237 42 6 105 1 61 1 83 2 10 2 35 1 343 1
245 43 6 10 2 12 1 36 2 35 2 38 2 157 1
252 44 6 36 2 10 2 35 2 51 2 21 1 158 1
262 45 5 36 3 10 2 38 2 51 2 157 1
//IdTournes NbColis
13 6
//IdColis IdCommandeInColis NbProducts IdProd1 QtyProd1 IdProd2 QtyProd2 ...
270 46 5 36 1 10 2 35 3 40 3 157 1
279 47 6 83 1 35 1 31 2 36 3 10 2 24 1
290 48 12 39 1 21 1 12 1 10 1 23 1 51 1 224 1 228 1 429 1 356 1 163 1 219 1
293 49 8 62 1 117 1 8 1 11 1 19 2 10 1 316 1 24 1
300 50 9 38 1 39 2 10 1 21 1 12 1 31 1 51 1 23 1 200 1
308 51 8 11 1 19 2 38 1 39 2 21 1 12 1 10 1 365 1
//IdTournes NbColis
14 6
//IdColis IdCommandeInColis NbProducts IdProd1 QtyProd1 IdProd2 QtyProd2 ...
314 52 11 36 1 10 1 35 1 23 1 115 1 51 1 21 1 402 1 274 2 275 1 215 1
319 53 8 18 1 8 1 31 1 11 1 19 2 12 1 10 1 211 1
324 54 6 10 2 38 2 39 2 21 1 11 2 415 1
331 55 6 83 1 10 2 36 2 35 2 40 2 24 1
338 56 6 61 1 62 1 8 2 36 2 10 1 293 1
339 56 7 10 1 31 2 40 1 38 2 51 2 21 1 356 1
//IdTournes NbColis
15 6
//IdColis IdCommandeInColis NbProducts IdProd1 QtyProd1 IdProd2 QtyProd2 ...
346 57 6 36 2 10 2 35 2 31 2 40 1 268 1
355 58 6 12 1 10 2 31 2 23 2 51 2 200 1
216 39 7 35 1 31 2 12 1 36 2 38 2 23 1 268 1
223 40 7 31 1 11 2 12 1 38 2 51 2 39 1 356 1
231 41 7 31 1 37 2 12 1 36 2 23 2 51 1 222 1
238 42 7 35 1 31 2 12 1 36 2 23 2 40 1 274 1
//IdTournes NbColis
16 6
//IdColis IdCommandeInColis NbProducts IdProd1 QtyProd1 IdProd2 QtyProd2 ...
244 43 7 105 1 61 1 66 1 83 1 132 1 31 2 47 1
251 44 7 61 1 105 1 83 1 520 1 31 2 36 1 104 1
261 45 7 61 1 62 1 20 1 83 1 31 2 12 1 344 1
269 46 7 105 1 61 1 83 1 31 2 36 2 283 1 103 1
278 47 5 61 2 105 1 133 2 35 1 93 1
289 48 9 55 1 64 1 8 1 31 1 11 1 19 1 38 1 222 1 230 1
//IdTournes NbColis
17 6
//IdColis IdCommandeInColis NbProducts IdProd1 QtyProd1 IdProd2 QtyProd2 ...
294 49 9 38 1 21 1 12 1 31 1 51 1 39 2 111 1 23 1 429 1
307 51 6 61 1 113 1 62 1 83 2 31 1 319 1
313 52 8 83 1 84 1 31 1 40 2 38 1 12 1 36 1 271 1
323 54 6 61 1 62 1 8 2 31 2 12 1 293 1
332 55 7 38 2 51 2 31 2 21 1 12 1 23 1 157 1
362 59 7 83 1 31 2 49 1 50 2 12 1 35 2 24 1
//IdTournes NbColis
18 6
//IdColis IdCommandeInColis NbProducts IdProd1 QtyProd1 IdProd2 QtyProd2 ...
87 16 7 20 1 83 3 14 1 5 1 17 1 271 1 256 1
132 27 9 55 1 117 1 8 1 14 1 5 1 17 1 6 1 283 1 24 1
164 32 7 117 1 8 2 66 1 14 1 5 1 15 1 316 1
180 34 6 62 1 73 1 83 2 14 2 5 1 293 1
340 56 9 12 1 37 2 19 1 23 2 324 1 178 1 163 1 219 2 328 1
263 45 7 21 1 11 2 19 3 23 2 175 1 283 1 187 1
//IdTournes NbColis
19 6
//IdColis IdCommandeInColis NbProducts IdProd1 QtyProd1 IdProd2 QtyProd2 ...
299 50 7 61 1 62 1 83 1 66 1 11 1 19 2 343 1
354 58 7 61 1 62 1 8 1 11 2 19 2 271 1 24 1
12 3 8 23 1 22 2 39 2 21 1 19 2 181 1 222 1 199 1
174 33 7 39 1 21 1 15 1 19 2 6 2 22 2 268 1
224 40 8 39 1 21 1 19 2 23 2 440 1 444 2 176 1 443 1
232 41 10 51 1 21 1 19 2 38 2 308 1 178 1 228 1 429 1 183 1 226 1
//IdTournes NbColis
20 6
//IdColis IdCommandeInColis NbProducts IdProd1 QtyProd1 IdProd2 QtyProd2 ...
325 54 9 19 2 23 2 51 2 25 1 271 1 313 1 531 1 238 1 256 1
139 28 7 15 1 7 1 5 2 17 2 22 2 21 1 222 1
217 39 9 23 1 51 2 21 1 40 2 402 1 356 1 238 1 264 1 328 2
239 42 9 40 1 51 2 21 1 38 2 271 1 275 1 405 2 429 1 191 1
246 43 8 23 2 51 2 21 1 40 2 271 1 222 1 405 1 429 1
253 44 7 12 1 40 3 38 2 23 2 405 1 428 1 408 1
//IdTournes NbColis
21 6
//IdColis IdCommandeInColis NbProducts IdProd1 QtyProd1 IdProd2 QtyProd2 ...
280 47 6 51 2 21 1 12 1 40 3 38 2 171 1
347 57 7 40 1 38 2 51 2 21 1 12 1 23 2 433 1
363 59 6 23 2 51 2 63 2 40 2 38 1 356 1
24 5 6 23 2 22 2 21 1 17 2 6 2 282 1
31 6 8 6 1 22 2 21 1 15 2 17 2 433 1 163 1 299 1
151 30 9 7 1 17 2 21 1 122 1 22 2 319 1 321 1 178 1 228 1
//IdTournes NbColis
22 6
//IdColis IdCommandeInColis NbProducts IdProd1 QtyProd1 IdProd2 QtyProd2 ...
158 31 11 17 1 22 2 21 1 212 1 400 1 323 1 283 1 313 2 433 1 356 1 213 1
182 34 7 15 2 17 2 6 2 440 1 444 2 176 1 271 1
55 10 9 6 1 22 1 422 1 183 2 328 5 226 1 406 3 397 1 203 1
62 11 11 6 1 22 1 323 1 375 1 429 1 163 1 219 2 225 4 226 1 162 2 24 1
120 24 12 53 1 6 1 22 1 283 1 323 1 178 1 308 1 360 2 163 1 219 2 226 1 447 1
201 36 7 12 1 23 2 51 2 39 2 21 1 38 1 163 1
//IdTournes NbColis
23 6
//IdColis IdCommandeInColis NbProducts IdProd1 QtyProd1 IdProd2 QtyProd2 ...
202 36 10 38 1 85 1 494 1 444 2 440 1 176 1 443 2 219 2 328 2 217 1
271 46 6 38 3 21 1 12 1 23 2 51 2 222 1
320 53 10 23 1 51 1 39 2 21 1 38 1 225 2 226 1 163 1 219 2 195 1
356 58 7 39 2 21 1 38 2 222 2 429 1 356 1 328 4
364 59 9 38 1 271 1 316 1 238 1 183 2 328 5 226 1 406 3 397 1
191 35 6 23 1 51 2 39 3 21 1 22 2 157 1
//IdTournes NbColis
24 6
//IdColis IdCommandeInColis NbProducts IdProd1 QtyProd1 IdProd2 QtyProd2 ...
281 47 7 23 2 134 1 444 3 440 2 176 1 443 3 135 1
309 51 12 51 1 23 1 222 1 429 1 356 1 163 1 219 2 225 4 397 1 226 1 162 1 44 1
333 55 10 23 1 175 1 283 1 224 1 405 2 429 1 183 2 379 5 226 1 437 1
94 17 12 22 1 283 1 323 1 429 1 163 1 219 2 225 2 226 1 397 1 162 2 227 2 430 1
103 20 15 22 1 440 1 444 1 175 1 176 1 283 1 443 1 178 1 181 1 222 1 439 1 428 1 183 1 219 1 478 1
109 21 18 53 1 486 1 283 1 200 2 257 1 294 1 312 1 336 1 286 1 292 1 338 1 293 1 218 1 487 1 335 1 339 1 295 1 284 1
//IdTournes NbColis
25 6
//IdColis IdCommandeInColis NbProducts IdProd1 QtyProd1 IdProd2 QtyProd2 ...
83 15 13 39 1 21 1 178 1 328 2 183 1 397 1 226 1 406 2 312 1 299 1 318 1 343 2 344 2
50 9 16 15 1 219 2 225 2 226 1 397 1 374 1 211 1 348 1 373 1 184 2 396 1 450 2 206 2 199 1 417 1 56 1
185 34 23 285 1 396 2 450 3 169 1 170 2 392 2 393 1 284 1 54 1 88 1 56 1 41 1 129 1 59 1 77 2 461 1 26 1 27 1 98 1 261 2 44 1 220 1 30 1
146 29 21 25 1 283 1 225 2 227 1 223 1 257 1 294 1 286 1 292 1 293 1 190 1 285 1 373 1 289 1 295 1 284 1 54 1 88 1 56 1 41 1 454 1
361 59 6 61 1 72 1 105 1 133 1 16 1 83 1
137 28 5 55 1 57 1 64 1 511 1 8 2
//IdTournes NbColis
26 6
//IdColis IdCommandeInColis NbProducts IdProd1 QtyProd1 IdProd2 QtyProd2 ...
172 33 6 62 1 126 1 117 1 8 2 127 1 28 1
330 55 6 61 1 73 1 105 1 20 2 83 1 88 1
345 57 5 61 1 62 1 45 2 83 2 183 1
3 1 23 360 1 163 1 219 1 447 1 227 2 162 1 223 1 430 1 210 1 218 1 54 1 88 1 56 1 41 1 77 1 26 1 27 1 59 1 452 1 71 1 537 1 58 1 89 1
8 2 26 162 1 227 3 223 1 325 1 417 1 362 1 54 1 88 1 56 1 59 1 41 1 77 1 26 1 27 1 44 1 58 1 229 1 326 1 207 1 202 1 357 1 47 1 144 1 43 1 60 2 76 1
20 4 27 502 1 184 2 280 1 396 1 450 2 54 1 88 1 56 1 41 1 77 1 26 1 27 1 59 1 71 1 44 1 174 2 177 1 58 1 317 1 229 1 351 2 352 1 273 1 159 1 326 1 217 1 310 1
//IdTournes NbColis
27 6
//IdColis IdCommandeInColis NbProducts IdProd1 QtyProd1 IdProd2 QtyProd2 ...
39 7 14 356 1 163 1 219 2 225 4 226 1 397 1 227 1 223 1 211 1 184 2 396 1 487 2 450 1 54 1
45 8 24 336 1 209 1 292 1 286 1 211 1 293 1 172 1 218 1 184 2 285 1 396 1 450 2 417 1 169 1 295 1 170 1 393 1 392 1 54 1 88 1 82 1 56 1 41 1 26 1
73 13 29 184 2 450 2 396 1 289 1 54 1 88 1 518 1 56 1 41 1 26 1 27 1 59 1 77 1 519 1 71 1 44 1 177 1 58 1 332 1 333 1 458 1 229 1 351 2 352 1 273 1 459 1 329 1 207 1 70 1
78 14 14 356 1 360 4 163 1 219 2 226 1 227 1 223 1 336 1 211 1 184 2 450 2 396 1 289 1 54 1
135 27 27 343 1 418 2 370 1 417 1 54 1 88 1 56 1 41 1 77 1 26 1 27 1 98 1 44 1 177 1 89 1 118 1 229 1 208 1 193 1 189 2 188 1 357 1 161 1 47 1 43 1 76 1 60 2
141 28 24 279 3 191 1 430 1 427 1 343 1 344 1 408 1 370 1 362 1 54 1 69 1 56 2 41 1 77 1 26 1 27 1 59 1 71 1 44 1 46 1 118 1 89 1 229 1 24 1
//IdTournes NbColis
28 6
//IdColis IdCommandeInColis NbProducts IdProd1 QtyProd1 IdProd2 QtyProd2 ...
153 30 23 343 1 344 2 418 2 338 1 421 1 408 1 184 2 442 2 396 1 417 1 54 1 121 1 26 1 27 1 56 2 41 1 59 1 77 1 297 1 71 1 120 1 44 1 123 1
168 32 21 364 1 148 1 343 3 427 2 418 3 338 1 348 1 153 1 196 1 185 1 370 1 417 1 150 1 164 1 54 1 67 1 69 1 88 1 56 1 41 1 59 1
196 35 24 434 1 284 2 119 1 88 1 28 1 69 1 506 1 41 2 77 2 26 1 27 2 59 1 261 2 98 1 44 1 97 1 509 1 250 1 46 1 89 1 180 1 317 2 229 1 351 3
105 20 26 441 2 479 1 184 2 377 1 285 1 396 1 442 2 335 1 169 1 295 1 170 1 392 1 393 1 284 1 56 1 41 1 77 1 26 1 27 1 168 1 182 1 261 1 110 1 174 1 177 1 24 1
296 49 24 336 1 364 1 299 1 270 1 427 2 343 2 418 2 408 1 370 1 417 1 69 1 88 1 28 1 526 1 56 1 41 1 59 1 26 1 27 1 503 1 77 1 71 1 110 1 220 1
22 5 5 113 1 72 1 61 1 62 1 83 2
//IdTournes NbColis
29 6
//IdColis IdCommandeInColis NbProducts IdProd1 QtyProd1 IdProd2 QtyProd2 ...
204 36 24 370 1 373 1 280 1 396 1 442 2 285 1 169 1 295 1 493 1 170 2 393 1 392 2 284 2 99 1 495 1 56 2 41 1 77 1 26 1 27 1 297 1 452 1 160 1 261 1
342 56 25 418 2 408 1 218 1 184 2 370 1 285 1 396 1 442 2 295 1 284 1 88 1 28 1 99 1 26 1 41 1 27 1 59 1 461 1 95 2 29 1 77 1 261 1 44 1 102 1 24 1
343 56 25 46 1 89 1 469 1 180 1 317 1 229 1 351 2 352 1 193 1 327 1 267 1 207 2 189 4 230 1 269 1 349 2 357 1 101 1 525 1 454 1 100 1 47 1 43 1 65 2 76 2
113 22 22 279 1 162 2 430 1 281 1 173 1 280 1 431 1 56 1 41 1 77 1 26 1 27 1 472 1 473 1 97 1 474 1 454 1 74 1 24 1 43 1 76 2 65 2
79 14 34 69 1 88 1 56 1 59 1 77 1 41 1 26 1 27 1 71 1 44 1 58 1 332 1 229 1 351 2 352 1 187 1 326 1 217 1 269 1 349 2 188 1 357 1 86 1 161 1 376 1 517 1 87 1 24 1 516 1 47 1 507 1 43 1 60 2 76 1
276 46 15 416 2 236 1 123 1 423 1 468 1 24 1 142 1 74 1 47 1 138 1 144 1 76 2 60 2 43 1 143 1
//IdTournes NbColis
30 6
//IdColis IdCommandeInColis NbProducts IdProd1 QtyProd1 IdProd2 QtyProd2 ...
283 47 14 406 3 397 1 191 1 257 2 294 1 260 2 409 3 364 1 245 1 318 2 331 1 293 1 343 1 86 1
176 33 13 219 1 397 1 226 1 162 2 279 3 276 1 191 1 430 1 299 1 124 1 343 3 418 3 348 1
335 55 24 418 3 338 1 421 1 185 1 190 1 196 1 431 1 199 1 399 1 417 2 28 1 107 1 41 1 77 2 95 2 26 1 27 1 503 1 98 1 478 1 195 1 469 1 229 1 505 1
177 33 27 427 2 153 1 370 1 342 1 128 1 56 1 41 1 77 1 26 1 27 1 59 1 460 1 247 2 71 1 125 1 44 1 46 1 118 1 229 1 251 1 159 1 186 1 436 2 306 1 189 3 394 1 192 1
205 36 27 125 1 451 1 491 1 180 1 317 1 351 2 352 1 193 1 267 1 187 2 369 1 298 1 189 2 445 1 230 1 269 1 349 2 453 1 357 2 454 1 103 1 492 1 24 1 78 1 43 1 76 1 65 2
27 5 16 306 1 337 1 239 1 145 1 188 2 357 2 256 1 398 1 423 1 424 2 74 1 24 1 47 2 43 1 76 1 65 2
//IdTournes NbColis
31 6
//IdColis IdCommandeInColis NbProducts IdProd1 QtyProd1 IdProd2 QtyProd2 ...
242 42 31 89 1 469 1 229 1 273 1 156 1 267 2 186 1 436 1 306 2 230 1 197 1 239 1 188 2 416 1 357 1 505 1 256 1 376 1 423 1 424 1 463 1 74 2 87 1 24 1 78 1 47 1 130 1 131 1 43 1 65 2 76 1
267 45 21 189 2 202 1 287 1 445 2 231 1 234 2 217 3 230 1 269 1 345 3 357 1 74 1 106 1 24 1 78 1 142 1 47 1 91 1 43 1 65 2 76 2
322 53 8 237 1 74 1 24 1 78 1 43 1 76 1 60 2 353 1
272 46 13 241 1 178 1 92 1 222 1 320 1 433 1 429 1 356 1 238 1 243 1 183 2 328 4 207 1
282 47 12 178 1 316 1 92 1 254 1 268 1 365 1 228 1 435 1 183 2 379 5 226 1 98 1
14 3 23 191 1 430 1 364 1 299 1 270 1 343 2 344 2 418 2 28 1 52 1 56 2 77 1 26 1 27 1 59 1 41 1 98 1 44 1 250 1 46 1 118 1 229 1 193 1
//IdTournes NbColis
32 6
//IdColis IdCommandeInColis NbProducts IdProd1 QtyProd1 IdProd2 QtyProd2 ...
321 53 26 397 1 296 1 348 1 479 1 184 2 396 1 442 2 80 1 56 1 41 1 77 1 26 1 27 1 79 1 351 2 352 1 317 1 193 1 159 1 189 2 75 1 230 1 334 1 269 1 349 2 350 1
301 50 13 501 1 175 1 283 1 316 1 426 1 157 1 268 1 356 1 435 1 183 2 219 3 328 1 88 1
15 3 14 267 1 367 1 207 1 310 2 217 1 230 1 357 1 106 1 24 1 142 1 507 1 43 1 60 2 76 1
35 6 9 256 1 407 1 106 1 24 1 47 1 130 1 43 1 65 2 76 2
311 51 17 193 1 159 1 395 1 207 1 189 2 230 1 188 1 357 2 496 1 499 1 24 1 47 1 500 1 43 1 76 2 65 2 143 1
295 49 11 356 1 163 1 219 2 225 4 226 1 397 1 162 2 227 3 223 1 430 1 112 1
//IdTournes NbColis
33 6
//IdColis IdCommandeInColis NbProducts IdProd1 QtyProd1 IdProd2 QtyProd2 ...
26 5 25 344 1 418 3 408 1 285 1 417 1 295 1 150 1 284 2 56 2 41 1 77 2 26 1 27 1 59 1 261 1 44 1 46 1 89 1 118 1 180 1 229 1 267 1 186 1 207 1 272 1
161 31 27 442 2 399 1 417 1 28 1 29 1 56 2 41 1 77 1 26 1 27 1 59 1 538 1 214 1 71 1 425 1 116 1 44 1 220 2 195 1 46 1 89 1 118 1 317 2 229 1 352 1 351 2 208 1
219 39 27 295 1 284 2 28 1 41 1 26 1 27 1 59 1 95 2 77 1 98 1 261 2 44 1 46 1 89 1 469 1 180 1 229 1 186 2 187 1 267 1 395 1 265 1 262 1 207 1 306 1 189 3 217 2
227 40 31 41 1 77 1 26 1 27 1 59 1 461 1 71 1 261 1 44 1 177 1 46 1 89 1 118 1 180 1 317 1 229 1 351 2 352 1 273 1 193 1 159 1 208 2 187 1 207 1 189 2 230 1 403 1 310 1 269 1 349 2 239 1
234 41 28 344 1 418 2 421 1 408 1 280 1 342 1 309 1 28 1 95 2 26 1 27 1 59 1 77 1 146 1 302 1 452 1 98 1 44 1 250 1 46 1 89 1 469 1 311 1 229 1 528 1 193 2 252 1 188 1
249 43 26 98 1 521 1 44 1 466 1 46 1 89 1 469 2 229 1 267 1 208 2 186 1 187 1 156 1 189 3 445 1 230 1 197 1 310 1 188 2 378 1 357 1 24 1 78 1 43 1 65 2 76 2
//IdTournes NbColis
34 6
//IdColis IdCommandeInColis NbProducts IdProd1 QtyProd1 IdProd2 QtyProd2 ...
257 44 25 77 1 95 2 26 1 247 1 261 2 151 1 44 1 249 1 250 1 174 1 177 2 384 1 46 1 89 1 469 1 180 1 386 3 317 2 229 1 352 1 251 1 252 1 387 1 267 3 186 2
297 49 19 44 1 46 1 118 1 229 1 193 1 159 1 369 1 273 1 207 2 242 1 217 1 230 1 188 1 368 1 357 1 47 1 43 1 60 2 76 1
304 50 28 27 1 59 1 146 1 160 1 425 1 98 1 44 1 205 1 195 1 384 1 46 1 469 1 385 1 317 2 229 1 351 3 352 1 208 2 273 2 186 1 207 1 189 3 202 1 445 1 197 1 269 1 349 1 345 1
327 54 27 285 1 399 1 417 2 295 1 284 2 88 1 28 1 41 1 56 2 59 1 26 1 27 1 529 1 77 2 146 1 261 2 71 1 44 1 250 1 46 1 89 1 118 1 180 1 229 1 42 1 267 1 530 1
350 57 29 417 1 305 1 203 1 164 1 88 1 28 1 69 1 476 1 41 1 77 1 95 2 26 1 27 1 503 1 59 1 302 1 98 1 48 1 44 1 174 1 46 1 89 1 469 1 317 2 229 1 351 2 352 1 303 1 186 1
358 58 23 344 2 418 3 330 1 431 1 417 1 28 1 56 2 41 1 77 2 26 1 27 1 59 1 214 2 44 1 97 1 46 1 96 1 118 1 229 1 187 2 262 1 329 1 189 1
//IdTournes NbColis
35 6
//IdColis IdCommandeInColis NbProducts IdProd1 QtyProd1 IdProd2 QtyProd2 ...
366 59 27 442 2 431 1 417 1 88 1 28 1 467 1 77 2 95 2 26 1 27 1 41 1 59 1 98 1 44 1 97 1 174 1 46 1 469 1 317 2 229 1 351 2 352 1 267 1 186 1 395 1 207 1 315 1
40 7 24 450 1 289 1 88 1 56 1 41 1 59 1 77 1 26 1 27 1 250 1 58 1 332 1 229 1 351 2 352 1 207 1 269 1 349 2 188 1 357 1 47 1 43 1 65 1 76 1
46 8 28 27 1 59 1 77 1 71 1 261 1 44 1 177 1 58 1 180 1 332 1 229 2 351 2 352 1 208 1 326 1 207 1 403 1 269 1 349 2 188 1 357 1 363 1 161 1 24 1 47 1 43 1 65 2 76 1
68 12 25 162 2 227 3 223 1 430 1 209 1 417 1 56 1 41 1 77 1 26 1 27 1 59 1 71 1 466 1 58 1 229 1 159 1 208 1 326 1 189 1 456 1 357 1 78 1 47 1 507 1
147 29 27 26 1 27 1 59 1 77 1 452 1 71 1 261 1 44 1 177 1 291 1 451 1 58 1 118 1 229 1 288 1 207 1 287 1 217 1 188 1 357 1 490 1 24 1 47 1 138 1 43 1 60 2 76 1
154 30 27 58 1 89 1 317 1 229 1 351 2 352 1 193 1 267 1 322 1 187 2 189 3 221 1 287 1 230 1 310 1 269 1 345 2 188 1 357 1 416 1 513 1 424 1 463 1 24 1 47 1 60 2 76 1
//IdTournes NbColis
36 6
//IdColis IdCommandeInColis NbProducts IdProd1 QtyProd1 IdProd2 QtyProd2 ...
169 32 33 77 1 26 1 27 1 146 1 160 1 425 1 71 1 151 1 44 1 384 1 58 1 229 1 147 1 156 1 159 1 273 2 186 1 436 2 411 1 272 1 306 1 221 1 372 1 189 3 287 1 230 1 197 1 145 1 188 1 357 1 149 1 161 1 47 1
186 34 29 58 1 118 1 180 1 229 1 351 2 352 1 317 2 523 1 159 3 186 1 262 1 207 1 306 1 189 1 394 1 448 1 192 1 287 1 337 1 217 1 230 3 197 1 456 2 269 1 349 3 239 1 188 1 256 1 424 1
110 21 18 56 1 41 1 77 1 26 1 27 1 29 1 82 1 250 1 195 1 322 1 326 1 337 1 357 1 161 1 24 1 43 1 76 2 60 2
303 50 22 201 1 204 1 153 1 184 3 190 1 196 1 185 1 389 1 370 1 377 1 442 3 396 2 206 1 199 1 417 1 203 1 28 1 56 1 82 1 41 1 77 1 26 1
95 17 18 380 1 56 1 41 1 77 1 26 1 27 1 480 1 481 1 177 1 187 1 156 1 189 3 310 1 217 1 24 1 43 1 76 1 60 1
121 24 27 336 1 211 1 381 1 184 1 396 1 450 1 467 1 56 1 41 1 77 1 26 1 27 1 466 1 177 1 332 1 351 2 352 1 273 2 189 2 287 1 269 1 349 2 465 1 24 1 43 1 76 1 65 2
//IdTournes NbColis
37 6
//IdColis IdCommandeInColis NbProducts IdProd1 QtyProd1 IdProd2 QtyProd2 ...
212 38 21 163 1 219 1 225 1 226 1 397 1 223 1 312 1 336 2 364 1 437 1 211 1 331 1 278 1 482 1 348 1 408 1 218 1 184 1 280 1 450 1 24 1
125 25 23 396 1 377 1 184 2 450 2 462 1 56 1 41 1 77 1 26 1 27 1 464 1 351 2 352 1 317 1 395 1 326 1 269 1 349 2 103 2 24 1 43 1 76 1 60 2
248 43 19 279 1 191 1 430 1 343 3 344 2 418 3 377 2 373 1 417 1 522 1 88 1 28 1 41 1 59 1 77 1 95 2 26 1 27 1 103 1
317 52 24 317 2 351 2 352 1 156 1 186 1 187 2 235 1 367 1 436 1 277 1 207 1 448 1 345 3 239 1 416 1 263 1 114 1 401 1 103 1 24 1 532 1 43 1 76 2 65 2
328 54 17 186 1 411 1 207 2 412 1 230 1 197 1 188 1 216 1 416 1 407 1 103 1 24 1 78 1 47 1 43 1 60 2 76 2
187 34 8 357 1 414 1 24 1 47 1 91 1 43 1 65 2 76 2
//IdTournes NbColis
38 6
//IdColis IdCommandeInColis NbProducts IdProd1 QtyProd1 IdProd2 QtyProd2 ...
220 39 17 197 1 188 2 416 1 259 1 263 1 256 1 237 1 376 1 423 1 24 1 78 1 47 1 130 1 91 1 43 1 65 2 76 1
228 40 10 188 1 357 1 376 1 24 1 142 1 47 1 91 1 43 1 76 1 60 2
287 47 9 378 1 357 1 142 1 47 1 533 1 91 1 43 1 76 2 65 2
336 55 23 504 1 186 1 187 1 193 1 198 1 189 2 192 1 287 1 445 1 194 1 197 1 420 1 188 1 357 1 149 1 398 1 423 2 47 1 130 1 91 1 43 1 76 2 60 2
351 57 29 267 1 273 1 395 1 326 1 262 1 207 1 221 1 189 2 337 1 217 2 230 2 197 1 345 3 269 1 216 2 145 1 188 2 416 1 357 1 304 1 256 1 423 1 512 1 24 1 78 1 47 1 43 1 76 1 60 2
130 26 24 417 1 121 1 88 1 28 1 56 1 41 1 77 1 26 1 27 1 71 1 151 1 44 1 89 1 118 1 229 1 436 1 188 1 357 1 161 1 24 1 47 1 43 1 76 1 60 2
//IdTournes NbColis
39 6
//IdColis IdCommandeInColis NbProducts IdProd1 QtyProd1 IdProd2 QtyProd2 ...
178 33 12 192 1 445 1 230 1 197 1 188 2 357 1 70 1 24 1 47 1 43 1 65 2 76 1
4 1 12 118 1 361 1 159 1 207 1 189 1 287 1 188 1 357 2 47 1 43 1 76 1 60 2
21 4 10 269 1 349 2 145 1 188 1 357 1 24 1 47 1 43 1 76 1 60 2
58 10 10 188 1 357 3 423 1 424 2 24 1 78 1 47 1 43 1 76 1 60 2
63 11 25 227 3 299 1 418 2 370 1 289 1 342 1 88 1 56 1 77 1 26 1 27 1 41 1 71 1 220 1 44 1 229 1 514 1 395 1 189 1 287 1 161 1 47 1 43 1 76 1 60 2
74 13 11 189 1 217 1 334 1 269 1 349 2 188 1 357 1 47 1 43 1 60 2 76 1
//IdTournes NbColis
40 6
//IdColis IdCommandeInColis NbProducts IdProd1 QtyProd1 IdProd2 QtyProd2 ...
85 15 9 269 1 345 2 424 1 24 1 78 1 142 2 43 1 76 1 65 2
91 16 24 317 2 229 1 351 2 352 1 208 1 207 1 272 1 412 1 189 3 230 1 197 1 269 1 345 3 188 2 239 1 416 1 357 1 398 1 423 1 24 1 47 1 43 1 60 2 76 1
142 28 15 193 1 159 1 273 2 251 1 306 1 372 1 189 3 230 1 310 1 357 1 376 1 47 1 43 1 76 1 60 2
162 31 25 351 1 273 1 395 1 411 1 207 1 306 2 189 1 445 1 217 1 197 1 310 1 269 1 349 3 216 1 416 1 357 4 149 1 161 2 398 1 24 1 47 1 215 1 43 1 76 2 60 2
170 32 6 376 1 24 1 68 1 43 1 60 2 76 1
197 35 20 352 1 186 2 367 1 306 1 189 1 230 2 197 1 217 1 310 1 456 1 269 1 345 3 357 1 161 1 24 1 47 1 507 1 43 1 76 2 65 2
//IdTournes NbColis
41 6
//IdColis IdCommandeInColis NbProducts IdProd1 QtyProd1 IdProd2 QtyProd2 ...
235 41 19 208 1 432 1 306 1 189 4 287 1 310 1 217 1 230 1 453 1 357 1 454 1 424 1 24 1 109 1 78 2 47 1 43 1 65 2 76 1
258 44 25 187 1 198 2 382 1 326 1 411 1 189 4 306 1 287 1 231 1 230 1 197 1 403 1 269 1 345 3 188 1 357 1 236 1 161 1 256 1 24 1 78 1 43 1 65 2 446 1 76 2
292 48 14 229 1 159 1 221 1 207 1 188 1 357 1 149 1 108 1 24 1 109 1 47 1 43 1 76 1 60 1
305 50 9 345 1 188 2 357 1 161 2 24 1 47 1 43 1 76 1 65 2
359 58 17 189 2 217 1 197 1 188 1 357 2 256 1 423 1 535 1 424 1 78 1 142 1 47 1 533 1 536 1 43 1 76 1 60 2
367 59 22 315 1 272 1 221 1 189 3 306 1 287 1 217 1 269 1 345 3 188 2 239 1 145 1 357 2 304 1 256 1 376 1 423 1 513 1 47 1 43 1 76 1 60 2
//IdTournes NbColis
42 6
//IdColis IdCommandeInColis NbProducts IdProd1 QtyProd1 IdProd2 QtyProd2 ...
310 51 22 162 1 279 3 191 1 430 1 299 1 427 2 418 1 343 1 330 1 431 1 28 1 497 1 56 1 41 1 498 1 77 1 26 1 27 1 59 1 466 1 118 1 229 1
275 46 31 26 1 27 2 140 1 240 1 136 1 98 1 139 1 44 1 97 1 390 1 469 1 229 1 147 1 235 1 193 1 208 1 244 1 186 2 187 2 267 1 273 2 207 1 189 2 242 1 287 1 231 1 217 1 145 1 239 1 357 1 237 1
51 9 19 56 1 41 1 77 1 26 1 27 1 250 1 351 2 332 1 352 1 193 1 159 1 189 2 230 1 269 1 349 2 78 1 43 1 76 1 65 2
69 12 3 43 1 76 1 60 2
106 20 15 195 1 118 1 180 1 317 1 351 2 352 1 326 1 167 1 345 2 269 1 416 1 149 1 43 1 76 1 65 1
152 30 15 365 1 356 1 435 1 183 1 328 4 226 1 406 2 397 1 191 1 314 1 258 1 364 1 318 1 343 1 43 1
//IdTournes NbColis
43 6
//IdColis IdCommandeInColis NbProducts IdProd1 QtyProd1 IdProd2 QtyProd2 ...
209 37 9 26 1 27 1 189 1 161 1 376 1 43 1 76 1 65 1 60 1
213 38 30 396 1 484 1 483 1 56 1 41 1 26 1 485 1 250 1 413 1 351 1 352 1 317 1 156 1 436 1 411 1 207 1 306 1 412 1 337 1 445 1 217 1 310 1 269 1 349 1 368 1 414 1 138 1 43 1 76 1 60 1
192 35 12 440 2 444 2 175 1 176 1 371 1 283 1 443 2 178 1 268 1 181 1 365 1 68 1
33 6 17 344 1 418 3 479 1 184 3 370 1 442 3 396 2 417 1 203 1 342 2 69 1 88 1 56 2 77 2 26 1 27 1 129 1
57 10 27 246 1 56 1 41 1 77 1 26 1 27 1 59 1 71 1 413 1 317 2 229 1 351 2 352 1 267 1 208 2 186 1 273 2 436 1 189 1 306 1 445 3 337 2 194 1 197 1 269 1 345 3 188 1
84 15 25 418 2 184 2 396 1 442 2 213 1 342 1 80 1 476 1 56 2 41 1 77 1 26 1 27 1 477 1 311 1 317 1 352 1 351 2 273 2 251 1 193 1 303 1 267 1 436 1 230 1
//IdTournes NbColis
44 6
//IdColis IdCommandeInColis NbProducts IdProd1 QtyProd1 IdProd2 QtyProd2 ...
90 16 22 318 1 270 1 266 1 348 2 184 3 389 1 396 2 442 3 417 1 203 1 342 1 56 1 41 1 59 1 26 1 27 1 129 1 77 1 44 1 205 1 118 1 187 1
117 23 20 225 1 397 1 226 1 162 2 227 2 430 1 336 1 299 1 437 1 343 1 418 2 427 1 56 1 41 1 77 1 26 1 27 1 220 1 177 1 76 1
175 33 10 346 1 271 1 347 1 222 2 429 1 356 1 163 2 225 5 219 2 56 1
184 34 15 225 1 226 1 227 1 257 1 312 1 223 2 449 1 294 1 524 1 292 2 286 2 211 2 266 1 184 3 56 1
193 35 10 200 1 183 2 328 5 226 1 406 3 397 1 279 2 191 1 257 1 56 1
226 40 20 292 1 286 2 437 1 211 1 408 1 184 2 285 1 396 1 442 2 199 1 295 1 170 2 392 2 393 1 354 1 284 2 88 1 28 1 56 2 273 1
//IdTournes NbColis
45 6
//IdColis IdCommandeInColis NbProducts IdProd1 QtyProd1 IdProd2 QtyProd2 ...
266 45 22 28 1 56 1 77 2 95 1 26 1 27 2 129 1 59 1 41 2 233 2 98 1 44 1 205 2 195 1 89 1 469 1 317 2 229 1 351 3 352 1 273 3 189 2
285 47 20 170 3 393 1 392 3 246 1 284 3 88 1 28 1 534 1 77 2 95 2 41 2 26 1 27 2 59 1 261 2 94 1 44 1 478 1 177 1 180 1
291 48 21 225 3 226 1 397 1 227 2 162 1 223 1 430 1 88 1 28 1 467 1 56 1 41 1 77 1 26 1 27 1 79 1 71 1 44 1 220 1 89 1 118 1
34 6 28 59 1 41 1 452 1 71 1 174 1 118 1 317 2 229 1 351 2 352 1 273 2 156 1 267 1 186 1 436 1 411 1 272 1 306 1 189 2 230 1 197 1 269 1 349 3 188 1 239 1 216 1 357 3 304 1
233 41 12 406 2 328 4 397 1 162 2 279 3 191 1 430 1 364 1 307 1 343 1 344 1 41 1
241 42 23 279 1 276 1 430 1 343 2 344 1 455 3 431 1 417 1 246 1 69 1 28 1 88 1 41 1 26 1 27 1 95 2 77 1 146 1 98 1 97 1 44 1 250 1 195 1
//IdTournes NbColis
46 6
//IdColis IdCommandeInColis NbProducts IdProd1 QtyProd1 IdProd2 QtyProd2 ...
256 44 20 184 1 248 1 341 1 377 1 285 1 442 3 396 2 388 1 295 2 484 1 203 1 246 1 284 3 88 1 28 1 41 2 27 2 59 1 498 1 77 1
274 46 16 430 1 137 1 331 1 343 4 344 3 418 3 389 1 340 1 342 1 88 1 28 1 69 1 141 1 41 2 77 2 95 2
316 52 18 318 2 293 1 278 1 173 2 184 3 285 1 396 2 442 3 431 1 342 1 284 2 41 1 95 1 26 1 27 1 77 1 261 2 180 1
101 19 9 250 1 159 1 187 1 489 1 189 1 230 1 334 1 76 1 60 2
265 45 15 209 1 318 2 344 1 343 2 418 3 201 1 408 2 184 3 196 1 190 1 280 1 396 2 442 3 88 1 187 1
7 2 13 283 1 323 1 515 1 222 1 429 1 356 1 225 4 163 1 219 2 397 1 226 1 162 1 71 1
//IdTournes NbColis
47 6
//IdColis IdCommandeInColis NbProducts IdProd1 QtyProd1 IdProd2 QtyProd2 ...
357 58 11 328 1 183 2 226 1 406 3 397 1 162 2 279 3 430 1 299 1 343 3 98 1
118 23 8 208 1 395 1 382 1 326 1 189 1 217 1 60 2 457 1
218 39 15 279 1 257 1 191 1 294 1 210 1 258 1 260 2 409 2 527 1 343 3 344 2 418 3 266 1 408 1 417 1
67 12 13 323 1 383 1 283 1 178 1 222 1 356 1 429 1 225 4 163 1 219 2 397 1 226 1 510 1
302 50 13 328 4 226 1 397 1 279 1 191 1 155 1 209 1 299 1 211 2 343 2 344 2 418 3 149 1
286 47 24 386 3 317 2 229 2 352 1 156 1 208 2 267 1 186 1 187 1 395 1 411 1 207 1 189 5 287 1 231 1 230 1 197 1 217 2 310 1 269 1 345 3 216 1 188 1 376 1
//IdTournes NbColis
48 6
//IdColis IdCommandeInColis NbProducts IdProd1 QtyProd1 IdProd2 QtyProd2 ...
104 20 18 328 2 406 1 226 1 397 1 165 1 438 1 257 1 294 1 336 1 364 1 260 1 286 1 211 1 293 1 166 1 172 2 173 1 179 1
19 4 14 323 1 324 1 283 1 163 1 219 2 397 1 225 4 227 1 223 1 314 1 336 1 325 1 211 1 417 1
32 6 10 163 1 328 5 226 1 219 3 397 1 191 1 314 1 211 2 343 3 344 1
255 44 14 430 1 260 2 409 3 325 1 245 1 318 2 253 1 293 1 343 3 344 2 418 2 408 1 184 2 388 1
129 26 16 225 1 163 1 219 2 226 1 397 1 162 2 279 3 223 1 430 1 325 1 296 1 278 1 153 1 341 1 340 1 188 1
203 36 16 226 1 397 1 257 1 294 1 299 1 260 2 286 2 211 1 296 1 270 1 293 1 343 2 344 2 418 2 248 1 184 2
//IdTournes NbColis
49 6
//IdColis IdCommandeInColis NbProducts IdProd1 QtyProd1 IdProd2 QtyProd2 ...
195 35 17 344 1 418 3 201 1 408 1 184 3 190 1 196 1 185 1 396 2 442 3 358 1 169 2 295 1 170 1 393 1 392 2 246 1
160 31 15 209 1 299 1 364 1 211 2 343 3 344 2 418 3 201 1 218 1 184 3 185 1 190 1 370 1 396 2 442 1
194 35 16 257 1 294 1 410 1 155 1 209 1 210 1 299 1 260 2 409 2 325 2 318 2 270 1 293 1 343 3 344 1 170 1
225 40 13 443 1 178 1 163 1 225 4 219 2 226 1 397 1 279 1 191 2 257 1 294 1 292 1 169 1
284 47 15 343 2 455 2 255 1 408 3 421 1 184 3 185 1 341 1 285 1 396 2 442 3 417 1 169 2 295 2 256 1
25 5 16 241 1 356 1 328 2 279 1 191 1 257 1 312 1 294 1 260 2 299 1 409 1 286 1 270 1 293 1 343 3 344 1
//IdTournes NbColis
50 6
//IdColis IdCommandeInColis NbProducts IdProd1 QtyProd1 IdProd2 QtyProd2 ...
167 32 10 225 4 226 1 397 1 162 3 227 4 223 1 430 1 152 1 155 1 299 1
326 54 13 328 2 312 1 191 2 257 1 294 1 210 1 260 2 409 2 364 1 343 2 344 2 418 3 248 1
349 57 14 318 2 343 3 344 2 338 1 418 3 408 1 248 1 184 3 396 2 442 3 391 1 388 1 300 1 193 1
365 59 15 279 1 191 1 210 1 281 1 299 1 437 1 318 2 343 2 344 2 418 3 248 1 184 3 370 1 396 2 442 1
89 16 11 228 1 356 1 183 2 328 5 226 1 406 3 397 1 279 1 191 1 318 1 203 1
264 45 12 222 1 356 1 435 1 183 2 328 4 406 3 226 1 397 1 191 1 210 1 155 1 232 1
//IdTournes NbColis
51 6
//IdColis IdCommandeInColis NbProducts IdProd1 QtyProd1 IdProd2 QtyProd2 ...
56 10 12 191 3 355 1 318 2 270 1 343 2 344 2 418 3 184 3 442 3 396 2 417 1 256 1
72 13 14 283 1 178 1 356 1 435 1 163 1 219 2 397 1 225 4 226 1 227 1 211 1 270 1 338 1 218 1
348 57 12 271 1 301 1 356 1 183 1 328 5 226 1 406 3 279 1 191 1 299 1 364 1 256 1
159 31 12 183 1 163 1 219 3 328 5 226 1 397 1 162 1 279 1 191 1 336 1 210 1 155 1
254 44 10 183 2 379 5 406 3 226 1 162 1 279 1 191 1 257 2 294 1 155 1
166 32 12 323 1 324 1 283 1 157 1 158 1 359 2 429 1 356 1 435 1 163 2 219 3 225 1
//IdTournes NbColis
52 6
//IdColis IdCommandeInColis NbProducts IdProd1 QtyProd1 IdProd2 QtyProd2 ...
183 34 9 443 2 268 2 433 1 356 1 163 2 219 3 397 1 225 4 417 1
315 52 12 181 1 183 2 328 3 226 1 406 3 397 1 294 1 257 1 336 1 260 2 409 2 269 1
13 3 10 228 1 429 1 356 1 328 4 183 1 226 1 406 2 397 1 162 2 279 3
134 27 12 163 1 219 2 225 4 226 1 397 1 162 2 227 2 279 1 223 1 430 1 427 1 343 1
140 28 12 371 1 224 1 428 1 429 1 356 1 163 1 219 2 226 1 397 1 225 4 162 2 299 1
240 42 9 183 2 379 5 404 1 226 1 406 3 397 1 162 2 279 2 273 1
//IdTournes NbColis
53 5
//IdColis IdCommandeInColis NbProducts IdProd1 QtyProd1 IdProd2 QtyProd2 ...
247 43 10 428 1 183 2 379 2 226 1 406 3 328 3 397 1 162 2 279 2 423 1
273 46 8 328 2 226 2 406 4 397 1 162 3 279 4 191 1 342 1
334 55 8 406 3 397 1 162 3 279 4 191 2 430 1 343 3 344 2
44 8 13 323 1 283 1 443 1 356 1 163 1 219 2 225 4 226 1 397 1 227 1 257 1 223 1 294 1
341 56 15 328 2 225 1 226 1 397 1 279 1 191 1 257 1 294 1 419 1 299 1 260 2 286 2 211 1 343 2 344 2
