//NbTournees
49
//IdTournes NbColis
1 6
//IdColis IdCommandeInColis NbProducts IdProd1 QtyProd1 IdProd2 QtyProd2 ...
1 1 11 5 1 6 1 661 1 20 1 283 1 301 1 393 1 534 1 531 1 195 1 180 1
3 1 32 2 1 9 2 11 1 12 1 15 1 16 1 19 1 21 1 331 1 502 1 14 1 22 1 112 1 7 1 350 1 370 1 550 1 8 1 415 1 336 1 355 1 285 2 342 2 388 2 489 1 368 1 18 1 218 1 4 1 10 1 13 1 111 1
5 2 5 24 1 252 2 30 1 32 1 8 1
14 3 27 39 1 42 1 37 1 43 1 250 1 629 1 379 1 370 1 35 1 8 1 293 2 287 1 415 1 345 2 285 2 508 1 284 2 382 1 564 1 489 1 510 2 320 1 368 1 486 1 38 1 18 1 637 1
18 4 28 710 1 205 1 2 1 46 1 9 1 11 1 16 1 19 2 563 1 502 1 14 1 112 1 229 1 277 1 569 1 370 1 8 1 415 1 287 1 570 1 285 2 568 2 342 2 388 2 506 3 564 1 437 1 444 1
22 5 29 58 1 562 1 499 2 490 1 41 1 680 1 295 1 56 1 230 1 681 1 9 1 11 1 12 1 16 1 1 1 2 1 578 1 465 1 59 1 353 1 8 1 293 1 446 1 665 1 57 1 10 2 111 2 246 1 136 1
//IdTournes NbColis
2 6
//IdColis IdCommandeInColis NbProducts IdProd1 QtyProd1 IdProd2 QtyProd2 ...
26 6 27 681 1 2 1 9 1 11 1 16 1 33 1 19 2 238 1 664 1 185 2 331 2 578 1 39 1 42 1 26 1 177 1 339 1 353 1 454 1 516 1 370 1 8 1 480 2 415 1 345 1 367 2 285 2
31 7 37 1 1 2 1 326 1 563 1 26 1 677 1 307 1 277 1 370 1 8 1 152 1 325 1 313 1 367 1 285 1 390 1 342 2 391 1 279 1 281 1 504 1 564 1 300 1 510 2 377 1 673 1 202 1 675 1 672 1 368 1 68 1 72 1 674 1 676 1 245 1 255 1 620 1
36 8 26 34 1 1 2 2 1 243 1 578 1 39 1 42 1 74 1 239 1 184 1 155 1 425 1 420 1 242 1 370 1 8 1 124 1 325 2 555 3 560 3 524 1 355 2 285 2 446 2 288 1 245 1
41 9 31 257 1 2 1 9 1 11 1 16 1 44 1 1 2 331 1 563 1 80 1 26 1 523 1 370 1 8 1 293 1 555 1 318 2 424 1 342 2 506 1 388 1 281 1 504 1 564 1 510 2 368 1 196 1 31 2 13 2 111 1 595 1
47 10 24 11 2 15 2 16 1 87 1 19 2 21 1 331 1 37 1 74 1 184 2 339 1 420 1 353 1 523 1 88 1 84 1 370 1 104 1 695 1 349 2 293 3 360 3 297 2 286 1
52 11 29 700 2 1 2 2 1 46 1 11 1 89 1 16 1 213 1 563 1 80 1 26 1 74 1 90 1 91 1 84 1 350 1 370 1 336 2 293 1 285 1 396 2 386 1 284 2 510 2 368 1 18 1 10 2 13 1 395 1
//IdTournes NbColis
3 6
//IdColis IdCommandeInColis NbProducts IdProd1 QtyProd1 IdProd2 QtyProd2 ...
56 12 29 326 1 563 1 95 1 74 1 677 1 350 1 370 1 96 1 194 1 367 1 297 2 345 1 285 1 294 1 446 1 449 2 504 1 506 2 564 1 437 1 448 2 98 1 368 1 31 3 13 1 76 1 111 1 94 1 109 1
60 13 30 16 1 34 1 1 2 2 1 563 1 80 1 74 1 7 1 100 1 157 1 370 1 104 1 387 1 285 1 266 1 316 1 526 1 284 2 619 1 418 1 564 1 346 1 549 1 510 2 417 1 368 1 28 1 10 2 13 1 517 1
321 78 30 369 2 392 1 156 1 180 1 61 1 197 1 9 1 11 1 16 1 638 1 19 2 2 1 578 1 229 1 37 1 74 1 420 1 289 1 277 1 493 1 492 1 390 1 564 1 456 1 590 1 4 2 31 2 13 2 132 1 621 1
341 84 28 282 1 540 1 543 1 58 1 54 1 270 1 344 1 378 1 577 1 597 1 369 1 575 1 295 1 9 1 11 1 16 1 1 1 2 1 326 1 563 1 354 1 551 1 641 1 112 1 74 1 251 1 454 1 277 1
54 12 9 69 1 97 1 45 1 20 1 265 1 393 1 440 1 614 1 445 1
62 14 10 97 1 102 1 6 1 283 1 374 1 393 1 534 1 398 1 299 2 352 1
//IdTournes NbColis
4 6
//IdColis IdCommandeInColis NbProducts IdProd1 QtyProd1 IdProd2 QtyProd2 ...
66 15 8 97 1 32 1 51 1 20 1 55 1 283 1 101 1 299 1
70 16 5 32 2 51 2 97 1 283 1 96 1
76 17 7 97 1 117 1 241 1 73 1 103 1 283 1 393 1
80 18 9 97 1 147 1 6 1 40 1 265 1 393 1 276 2 445 2 448 1
83 19 7 97 2 102 1 45 1 60 1 283 1 509 1 118 1
88 20 9 97 1 62 1 128 1 210 1 283 1 455 1 435 1 393 1 490 1
//IdTournes NbColis
5 6
//IdColis IdCommandeInColis NbProducts IdProd1 QtyProd1 IdProd2 QtyProd2 ...
269 63 11 51 1 644 1 283 1 643 1 393 1 269 1 324 1 306 1 332 2 372 1 277 1
17 4 17 324 2 536 1 372 2 533 2 394 1 54 1 567 1 546 2 433 1 369 1 447 1 298 1 443 2 295 1 47 1 48 1 379 1
35 8 20 538 1 588 2 406 1 54 1 401 1 490 2 575 1 373 1 392 1 263 2 514 1 41 1 75 1 244 2 240 1 36 2 9 2 11 1 77 1 16 1
50 11 8 69 1 93 1 241 1 186 1 40 1 283 1 393 1 92 1
92 21 6 32 1 93 1 102 1 45 1 81 1 668 1
96 22 5 93 2 62 1 81 1 178 2 230 1
//IdTournes NbColis
6 6
//IdColis IdCommandeInColis NbProducts IdProd1 QtyProd1 IdProd2 QtyProd2 ...
100 23 9 93 1 102 1 128 1 135 1 283 1 203 1 528 1 572 1 338 1
105 24 10 93 1 639 1 60 1 40 1 144 1 283 1 659 1 301 1 290 1 132 1
110 25 15 305 1 299 1 276 1 453 2 445 2 479 2 683 1 533 1 394 1 312 1 54 1 567 1 546 1 562 1 556 1
115 26 15 445 2 398 1 299 2 453 1 479 1 588 2 450 1 451 1 54 1 433 1 562 1 653 1 499 2 452 1 148 1
120 27 22 445 1 479 1 535 1 541 1 431 1 464 1 394 1 282 1 540 1 543 1 54 1 270 1 378 1 369 1 597 2 291 1 9 1 11 1 15 1 16 1 1 1 275 1
125 28 19 512 1 513 1 394 2 308 1 282 2 359 1 54 1 182 1 567 2 546 1 679 1 17 1 357 1 366 2 369 1 340 1 362 1 447 1 593 1
//IdTournes NbColis
7 6
//IdColis IdCommandeInColis NbProducts IdProd1 QtyProd1 IdProd2 QtyProd2 ...
255 58 6 79 1 93 1 178 2 50 1 237 1 203 1
274 64 25 299 2 479 1 617 1 406 1 54 1 591 1 413 1 490 1 409 1 11 1 89 1 16 1 1 1 2 1 243 1 563 1 493 2 645 1 88 1 370 1 336 1 411 1 412 1 387 1 415 1
282 67 14 283 1 393 1 269 1 195 1 334 2 361 2 299 2 479 1 588 1 328 1 389 1 54 1 340 1 31 1
290 69 26 540 1 389 1 312 1 543 1 54 1 264 1 270 1 344 1 378 1 597 2 369 1 228 1 156 1 9 1 11 1 12 1 99 1 16 1 1 1 2 1 326 1 563 1 502 1 354 1 551 1 14 1
329 81 14 283 1 195 1 372 2 332 2 324 2 536 1 607 1 394 1 406 1 622 1 592 1 54 1 605 1 567 1
27 6 22 446 2 414 3 342 3 382 1 498 3 279 1 506 3 504 2 564 1 470 2 510 3 691 1 368 1 611 1 633 1 179 1 10 2 31 2 13 2 63 1 219 1 174 1
//IdTournes NbColis
8 6
//IdColis IdCommandeInColis NbProducts IdProd1 QtyProd1 IdProd2 QtyProd2 ...
32 7 14 70 1 678 1 18 1 4 2 196 1 71 1 663 1 63 1 65 1 31 1 132 1 111 1 53 1 110 1
86 19 26 326 1 578 1 42 1 91 1 127 1 319 1 7 1 370 1 124 1 297 2 415 1 345 2 355 2 285 2 342 3 564 1 510 3 368 1 255 1 363 1 579 2 126 1 10 3 13 2 63 1 111 2
131 29 25 612 2 307 1 157 1 88 1 370 1 521 1 550 1 325 2 349 1 293 3 415 1 285 2 351 1 342 2 281 3 602 1 564 1 300 2 510 2 368 1 611 1 161 1 613 1 63 1 13 2
135 30 28 277 1 493 1 165 1 370 1 550 1 35 1 162 1 325 1 287 1 387 1 349 1 356 1 560 2 285 1 286 1 508 1 559 2 615 1 342 2 418 1 564 1 510 2 163 1 105 1 10 2 13 1 63 1 189 1
139 31 27 307 1 277 1 493 1 379 1 370 1 152 1 695 1 313 1 399 1 345 2 367 1 285 1 386 1 342 2 564 1 510 2 368 1 363 1 434 1 218 1 63 1 10 2 13 1 111 1 94 1 109 1 110 1
144 32 20 360 2 356 1 285 2 526 1 284 2 568 2 279 1 281 2 564 1 510 3 377 1 368 1 434 1 363 1 456 1 65 1 63 1 13 1 111 2 529 1
//IdTournes NbColis
9 6
//IdColis IdCommandeInColis NbProducts IdProd1 QtyProd1 IdProd2 QtyProd2 ...
149 33 29 420 1 353 1 277 2 139 1 370 1 550 1 313 1 415 1 285 2 424 1 615 1 449 1 418 1 522 1 564 1 448 2 368 1 405 1 38 1 4 1 71 1 28 1 63 1 31 3 13 2 111 2 110 2 426 1 471 1
154 34 13 342 2 418 2 281 2 602 1 564 1 510 3 368 1 456 1 222 1 171 1 579 2 63 1 31 1
158 35 29 502 1 547 1 563 1 14 1 39 1 173 1 129 1 177 1 379 1 370 1 569 1 293 2 415 1 285 2 424 1 615 1 414 3 342 2 504 1 564 1 510 2 368 1 134 1 71 1 175 1 10 2 31 1 63 1 13 1
162 36 34 11 1 77 1 16 1 671 1 253 1 323 1 547 1 563 1 80 1 551 1 319 1 261 1 307 1 84 1 370 1 313 1 285 1 314 1 316 1 318 2 284 2 564 1 510 2 691 1 320 1 368 1 70 1 63 1 13 1 670 1 174 1 189 1 110 1 594 1
166 37 14 287 1 412 1 381 1 285 1 294 1 424 1 284 2 564 1 510 2 368 1 255 1 179 1 63 1 13 1
169 38 27 11 1 16 1 19 2 419 1 578 1 39 1 42 1 370 1 492 1 550 1 684 1 381 1 411 1 480 1 285 2 318 2 615 1 342 2 564 1 510 3 274 1 368 1 665 1 456 1 63 1 111 2 635 1
//IdTournes NbColis
10 6
//IdColis IdCommandeInColis NbProducts IdProd1 QtyProd1 IdProd2 QtyProd2 ...
258 58 20 155 1 441 3 261 2 26 1 289 1 277 2 152 1 151 1 96 1 415 1 294 2 508 2 564 1 65 1 10 2 31 3 63 1 109 1 426 1 594 1
298 71 31 277 1 88 1 165 1 370 1 381 1 313 1 467 1 411 1 345 2 367 1 524 1 285 1 288 1 314 1 284 2 281 2 552 2 564 1 510 2 489 1 368 1 105 1 348 1 275 1 518 1 161 1 71 1 10 1 31 1 63 1 616 1
327 80 33 11 1 77 1 16 1 1 1 2 1 563 1 14 1 22 1 339 1 523 1 350 1 370 1 492 1 500 1 336 1 367 1 285 1 318 1 304 1 284 1 619 1 382 1 388 1 522 1 564 1 539 1 510 1 608 1 368 1 649 1 130 1 63 1 647 1
13 3 23 299 1 479 2 533 1 394 1 406 1 567 1 546 1 295 2 180 1 244 1 2 1 36 1 9 1 11 1 15 1 16 1 44 1 19 2 243 1 238 1 502 1 578 1 454 1
30 7 23 332 1 324 1 372 2 533 1 308 1 282 1 278 1 591 1 499 1 344 1 603 1 537 1 369 1 597 1 366 1 67 1 156 1 36 1 66 1 9 1 11 1 16 1 86 1
46 10 20 709 1 462 3 708 1 592 2 182 1 511 1 603 1 519 1 447 1 373 1 263 1 83 1 85 1 658 1 700 2 47 1 220 1 2 2 36 1 9 2
//IdTournes NbColis
11 6
//IdColis IdCommandeInColis NbProducts IdProd1 QtyProd1 IdProd2 QtyProd2 ...
94 21 28 11 1 16 1 34 1 1 2 2 1 36 1 326 1 563 1 14 1 80 1 173 1 277 1 370 1 569 1 194 1 367 1 285 1 342 2 281 1 602 1 564 1 510 2 368 1 130 1 31 2 13 2 76 1 111 1
111 25 31 443 1 262 1 61 1 47 1 48 1 9 1 11 1 99 1 16 1 36 1 1 2 2 1 502 1 547 1 563 1 95 1 583 1 80 1 43 1 425 1 339 1 353 1 277 1 88 1 370 1 104 1 684 1 325 1 415 1 367 2 685 1
138 31 26 299 1 479 1 312 1 433 1 378 1 586 1 575 1 315 1 166 2 61 1 47 1 19 2 2 1 9 1 11 1 16 1 36 1 694 1 563 1 465 1 80 1 114 1 118 1 127 1 177 1 425 1
143 32 29 298 1 154 1 263 1 292 1 634 1 61 1 700 1 19 2 2 1 167 2 9 1 168 1 11 1 12 1 16 1 169 1 36 1 87 1 213 1 238 1 143 1 465 1 563 1 80 1 95 1 100 1 88 1 370 1 530 1
148 33 27 359 2 567 1 546 1 401 1 340 1 575 2 298 1 292 1 158 1 156 1 66 1 9 1 11 1 36 1 16 1 1 1 2 1 46 1 243 1 326 1 502 1 465 1 563 1 80 1 129 1 155 1 261 1
161 36 19 445 2 479 1 317 1 610 1 312 1 264 3 267 1 172 1 369 1 545 1 298 1 3 1 321 2 315 1 1 2 36 2 2 1 9 1 65 1
//IdTournes NbColis
12 6
//IdColis IdCommandeInColis NbProducts IdProd1 QtyProd1 IdProd2 QtyProd2 ...
172 39 19 372 1 631 1 451 2 460 2 312 1 469 1 600 1 172 1 514 1 295 2 310 3 83 1 2 1 9 1 11 1 36 1 16 1 19 2 331 1
297 71 28 540 1 543 1 58 1 591 1 270 1 344 1 378 1 369 1 597 1 468 1 409 1 337 1 212 1 201 1 238 1 9 1 11 1 12 1 16 1 36 1 181 1 1 1 2 1 326 1 502 1 563 1 551 1 353 1
306 73 11 281 3 602 1 564 1 510 2 654 1 518 2 111 1 10 3 192 1 219 1 150 1
337 83 21 445 2 479 1 317 1 540 1 460 1 543 1 432 1 270 2 499 1 378 1 344 1 369 2 597 1 495 1 240 1 650 1 9 1 11 1 16 1 36 1 1 1
39 9 8 30 1 51 1 79 1 81 1 216 1 237 1 393 1 635 1
43 10 6 81 2 216 1 235 1 20 3 283 1 339 1
//IdTournes NbColis
13 6
//IdColis IdCommandeInColis NbProducts IdProd1 QtyProd1 IdProd2 QtyProd2 ...
118 27 7 30 1 117 1 45 1 73 1 81 1 178 1 2 1
126 28 27 148 1 154 1 125 1 156 1 121 1 66 1 27 1 29 1 9 2 11 1 16 1 213 1 19 2 2 1 167 1 232 1 326 2 502 2 578 1 59 1 114 1 319 1 177 1 277 2 523 1 88 1 611 1
151 34 8 51 1 62 1 55 1 283 1 101 2 170 1 525 1 581 1
168 38 18 324 2 538 1 450 1 476 2 653 1 548 1 713 1 413 1 366 3 558 2 586 1 154 1 56 1 158 1 2 1 185 1 9 2 88 1
175 40 9 62 1 102 1 159 1 687 1 283 1 170 1 183 1 690 1 546 1
181 41 22 372 1 324 2 536 1 610 1 567 1 546 1 433 1 357 1 545 1 580 1 154 1 204 1 41 1 601 2 201 1 166 1 205 1 2 1 9 2 11 1 16 1 342 1
//IdTournes NbColis
14 6
//IdColis IdCommandeInColis NbProducts IdProd1 QtyProd1 IdProd2 QtyProd2 ...
186 42 22 546 1 548 1 366 2 545 1 556 1 442 2 154 2 240 1 2 2 27 1 9 2 11 2 12 1 16 1 87 1 19 2 243 1 185 2 547 1 22 1 129 1 109 1
189 43 7 252 1 207 1 62 1 60 2 283 1 209 1 154 1
194 44 8 73 1 81 2 210 1 101 1 187 1 283 1 398 1 389 1
199 45 7 81 2 187 1 60 3 283 1 554 1 574 1 592 1
204 46 10 146 1 81 1 210 1 60 1 283 1 183 1 421 1 393 1 531 1 305 1
209 47 9 117 1 62 1 81 1 50 1 283 1 20 1 374 1 332 1 593 1
//IdTournes NbColis
15 6
//IdColis IdCommandeInColis NbProducts IdProd1 QtyProd1 IdProd2 QtyProd2 ...
213 48 10 62 1 81 1 668 1 55 1 203 1 265 1 393 1 190 1 276 1 13 1
277 65 27 494 1 609 1 617 1 592 1 413 1 490 1 154 1 115 1 658 1 201 1 27 1 9 1 11 1 16 1 143 1 21 1 1 2 2 1 326 1 563 1 80 1 177 1 173 1 493 1 157 1 652 1 604 1
311 75 11 45 1 283 1 170 1 455 1 393 1 435 1 531 1 334 2 479 1 299 2 118 1
58 13 10 102 1 103 1 178 1 101 1 283 1 301 1 393 1 416 1 358 1 317 1
156 35 10 103 1 178 1 283 1 659 1 290 1 393 1 669 1 299 2 334 2 115 1
190 43 10 209 1 183 1 393 1 531 1 334 3 299 3 479 2 625 1 389 2 674 1
//IdTournes NbColis
16 6
//IdColis IdCommandeInColis NbProducts IdProd1 QtyProd1 IdProd2 QtyProd2 ...
289 69 11 241 1 103 1 265 1 393 1 445 2 276 2 333 1 479 1 335 1 282 1 111 1
25 6 14 332 3 324 2 372 3 607 1 182 1 497 1 17 1 375 3 580 1 373 1 514 1 692 1 61 1 595 1
196 44 23 617 2 389 1 380 1 359 1 567 1 546 1 401 1 397 1 404 1 537 1 310 2 61 1 156 1 260 2 700 1 220 1 9 2 11 1 16 1 33 1 2 1 19 1 325 1
216 49 9 215 1 45 1 216 1 661 1 265 1 393 1 269 1 531 1 276 1
220 50 5 24 2 215 1 252 1 234 1 10 1
227 51 23 334 2 372 2 433 1 490 1 577 1 597 2 166 1 217 1 9 1 11 1 15 1 16 1 2 1 185 1 1 2 563 1 319 1 493 1 100 1 370 1 569 1 193 1 342 1
//IdTournes NbColis
17 6
//IdColis IdCommandeInColis NbProducts IdProd1 QtyProd1 IdProd2 QtyProd2 ...
283 67 30 291 1 61 1 56 1 198 1 108 1 166 1 46 1 9 1 11 1 16 1 19 2 2 1 326 1 563 1 465 1 14 1 42 1 80 1 319 1 131 1 239 1 43 1 493 2 523 1 569 1 123 1 349 1 438 1 297 2 595 1
304 73 22 458 1 394 1 476 2 605 1 567 1 546 1 591 1 653 1 499 1 413 1 558 1 597 1 442 2 601 3 315 1 61 1 220 1 9 1 11 1 16 1 143 1 368 1
107 24 30 308 1 282 1 553 1 543 1 270 1 267 1 586 1 142 1 589 1 310 1 565 1 180 1 9 1 11 1 16 1 143 1 19 1 2 1 563 1 307 1 139 1 367 1 281 1 504 1 302 1 564 1 510 2 311 1 137 1 275 1
167 38 7 186 1 55 2 187 1 283 1 372 3 332 3 156 1
221 50 5 252 2 210 1 235 1 187 1 40 2
229 52 10 79 1 147 1 187 1 283 1 393 1 421 1 334 2 299 2 333 1 218 1
//IdTournes NbColis
18 6
//IdColis IdCommandeInColis NbProducts IdProd1 QtyProd1 IdProd2 QtyProd2 ...
266 62 11 241 1 661 1 283 1 187 1 374 1 528 1 393 1 581 1 334 2 299 1 375 1
177 40 28 142 2 83 1 198 1 244 1 2 1 197 1 27 1 9 2 11 1 16 1 33 1 19 2 689 1 419 1 326 1 578 1 199 1 319 1 250 1 523 1 151 1 684 1 411 1 560 1 336 2 415 1 345 2 590 1
2 1 16 332 2 333 1 324 2 372 2 394 1 567 2 546 1 433 1 17 1 404 1 344 1 447 1 580 1 468 2 3 1 1 1
130 29 25 488 2 359 1 82 1 567 1 546 1 432 1 433 1 597 1 3 1 428 1 156 1 158 1 2 1 27 2 9 1 11 1 16 1 19 2 502 1 578 1 80 1 42 1 155 1 26 1 612 1
20 5 7 51 2 102 1 6 1 55 1 60 1 283 1 499 1
29 7 9 32 1 69 1 62 1 64 1 283 1 258 1 361 1 332 1 389 1
//IdTournes NbColis
19 6
//IdColis IdCommandeInColis NbProducts IdProd1 QtyProd1 IdProd2 QtyProd2 ...
33 8 7 79 1 241 1 102 1 73 1 178 1 49 1 427 1
114 26 9 704 1 147 1 73 1 210 1 283 1 393 1 614 1 531 1 617 1
119 27 12 668 1 55 1 265 1 435 1 393 1 509 1 416 1 408 1 276 2 542 1 445 1 383 1
160 36 10 73 1 159 1 55 1 40 1 265 1 290 1 301 1 393 1 322 1 299 2
171 39 9 73 1 60 1 283 1 623 1 190 1 195 1 332 3 324 2 372 2
184 42 8 62 1 102 1 73 1 60 1 283 1 247 2 435 1 416 1
//IdTournes NbColis
20 6
//IdColis IdCommandeInColis NbProducts IdProd1 QtyProd1 IdProd2 QtyProd2 ...
233 53 11 210 1 687 1 40 1 64 1 283 1 393 1 623 1 584 1 509 1 299 2 378 1
238 54 10 45 1 147 1 60 1 55 1 20 1 283 1 659 1 435 1 393 1 13 1
242 55 10 51 1 73 1 283 1 496 1 440 1 435 1 305 1 332 2 324 2 469 1
246 56 9 45 1 102 1 73 1 60 1 144 1 283 1 393 1 534 1 308 1
293 70 25 479 1 598 1 533 1 282 1 540 1 460 1 357 1 413 1 344 1 378 1 597 2 369 1 556 1 9 1 11 1 16 1 662 1 1 1 2 1 326 1 502 1 599 1 354 1 551 1 388 1
165 37 28 533 1 406 1 182 1 357 1 452 1 156 1 180 1 158 1 693 1 1 2 2 1 9 1 11 1 16 1 181 1 465 1 563 1 80 1 583 1 37 1 90 1 177 1 184 1 319 1 289 1 307 1 370 1 466 2
//IdTournes NbColis
21 6
//IdColis IdCommandeInColis NbProducts IdProd1 QtyProd1 IdProd2 QtyProd2 ...
191 43 24 548 1 430 2 537 2 626 2 340 1 447 1 158 1 9 1 11 1 16 1 208 1 638 1 1 2 2 1 563 1 42 1 37 1 164 1 353 2 307 1 277 2 139 1 350 1 313 1
231 52 21 354 1 211 1 37 1 277 1 370 1 293 1 411 1 285 1 508 1 477 1 284 2 619 1 564 1 539 3 549 1 510 2 422 1 222 1 13 1 76 1 219 1
85 19 22 708 1 553 2 546 1 548 1 600 1 575 1 392 1 115 1 295 2 125 1 156 1 27 1 9 2 11 2 12 1 16 1 19 2 21 1 2 2 243 1 238 1 326 1
116 26 31 125 1 153 1 180 1 658 1 21 1 2 1 25 1 149 1 9 1 11 1 16 1 19 2 143 1 578 1 632 1 80 1 59 1 139 1 350 1 370 1 104 1 151 1 152 1 399 1 285 1 288 1 515 2 284 2 388 1 504 1 552 1
134 30 25 332 1 324 1 631 1 282 1 488 1 653 1 499 2 597 1 298 1 83 1 47 1 1 2 2 1 9 1 11 1 16 1 185 1 419 1 578 1 114 1 118 1 164 1 239 1 420 1 368 1
223 50 22 588 2 682 1 317 1 553 1 557 1 558 1 715 1 428 1 310 2 83 1 231 1 233 1 240 1 9 2 11 2 16 1 116 1 2 2 167 1 236 1 19 1 363 1
//IdTournes NbColis
22 6
//IdColis IdCommandeInColis NbProducts IdProd1 QtyProd1 IdProd2 QtyProd2 ...
263 61 26 479 1 308 1 282 1 278 1 17 1 344 1 378 2 369 2 514 1 295 1 75 1 125 1 217 1 48 1 9 1 11 1 16 1 143 1 1 1 2 1 326 1 563 1 354 1 551 1 353 1 663 1
308 74 25 536 1 282 1 553 2 389 1 540 1 543 1 270 1 499 1 378 1 369 1 148 1 142 1 231 1 83 1 217 1 220 1 46 1 238 1 664 1 9 1 11 1 12 1 77 1 16 1 208 1
9 2 30 33 1 34 2 16 1 181 1 19 2 2 1 326 2 331 1 563 1 39 2 26 1 239 1 112 1 261 1 289 1 523 1 636 1 530 1 194 2 325 1 415 1 316 1 615 1 271 1 304 1 564 1 311 1 23 1 202 1 635 1
82 18 16 120 1 96 1 124 1 485 1 439 1 564 1 448 1 489 1 377 1 23 1 675 1 486 1 13 1 111 2 688 1 487 1
153 34 27 369 1 490 1 597 1 580 1 158 1 693 1 259 1 1 2 2 1 9 2 11 1 16 1 44 1 238 1 578 1 42 1 26 1 173 1 277 2 370 1 521 1 530 1 96 1 415 1 555 2 573 1 285 2
157 35 22 479 2 317 1 394 1 610 1 567 1 546 1 17 1 452 1 378 1 338 1 537 1 597 2 263 1 158 1 658 1 1 2 2 1 9 1 11 1 77 1 16 1 238 1
//IdTournes NbColis
23 6
//IdColis IdCommandeInColis NbProducts IdProd1 QtyProd1 IdProd2 QtyProd2 ...
218 49 29 263 1 158 1 230 1 66 1 9 1 11 1 12 1 16 1 1 1 2 1 46 1 502 1 26 1 261 1 277 1 165 1 367 1 560 2 271 1 279 1 281 2 506 2 268 1 274 1 275 1 38 1 226 1 111 2 699 1
257 58 25 282 1 406 1 359 1 543 1 592 1 591 1 558 1 490 1 340 1 442 1 295 1 593 1 158 1 1 2 2 1 238 1 185 1 66 2 27 1 9 2 11 1 16 1 578 1 42 1 80 1
270 63 25 372 1 383 1 309 1 308 1 282 1 380 1 548 1 270 1 600 1 597 1 369 1 366 1 601 1 56 1 107 1 27 1 9 1 11 1 16 1 169 1 1 2 2 1 326 1 563 1 454 1
318 77 25 406 2 567 1 546 1 562 1 397 1 537 1 344 1 327 1 295 2 158 1 231 1 27 1 9 2 11 1 16 1 1 2 2 1 502 1 578 1 42 1 289 1 523 1 370 1 325 1 399 1
40 9 15 283 1 372 2 402 1 332 1 324 1 334 1 631 1 585 3 462 1 82 1 432 1 507 1 558 1 575 1 285 1
51 11 15 528 1 614 1 341 2 334 2 299 2 479 1 588 1 394 1 82 1 499 2 558 1 490 1 392 1 327 1 298 1
//IdTournes NbColis
24 6
//IdColis IdCommandeInColis NbProducts IdProd1 QtyProd1 IdProd2 QtyProd2 ...
93 21 18 283 1 324 1 372 2 332 2 494 1 371 1 308 1 282 1 82 1 182 1 366 1 369 1 338 1 344 1 597 1 373 1 9 1 611 1
211 47 23 19 2 2 1 238 1 253 1 578 1 211 1 131 1 59 1 239 1 277 2 339 1 88 1 370 1 285 2 342 3 564 1 510 3 368 1 245 1 456 1 31 2 13 1 616 1
217 49 18 256 1 276 1 280 1 445 2 479 1 273 1 394 1 282 2 540 1 543 1 82 1 640 1 264 1 272 1 278 1 267 1 270 1 266 1
234 53 17 299 1 324 2 334 3 494 1 527 1 82 1 58 1 557 1 366 1 558 2 556 1 327 1 263 1 295 2 681 1 48 1 224 1
247 56 20 334 2 306 1 299 2 335 1 479 1 282 1 553 1 543 1 82 1 270 1 384 1 344 1 378 1 369 1 565 1 231 1 230 1 16 1 232 1 544 1
312 75 27 317 1 657 1 82 1 17 1 597 1 244 1 180 1 257 1 185 1 9 1 11 1 16 1 143 1 19 2 2 1 578 1 339 1 370 1 466 1 297 2 285 1 342 2 568 2 564 1 510 2 608 1 463 1
//IdTournes NbColis
25 6
//IdColis IdCommandeInColis NbProducts IdProd1 QtyProd1 IdProd2 QtyProd2 ...
315 76 26 450 1 533 1 317 1 482 1 540 1 543 1 592 1 82 1 667 1 270 1 357 1 490 1 231 1 108 1 180 1 666 1 9 1 11 1 16 1 1 1 66 1 2 1 599 1 502 1 551 1 26 1
314 76 11 24 1 265 1 455 1 393 1 254 1 445 2 276 2 494 1 479 1 588 1 369 1
72 16 20 479 1 501 2 383 1 394 1 432 1 600 1 115 1 292 1 321 3 230 1 180 1 121 1 11 1 9 2 16 1 143 1 19 2 2 1 238 1 66 2
78 17 29 115 1 9 1 11 1 16 1 116 1 2 1 44 1 1 2 185 1 563 1 80 1 42 1 90 1 118 1 493 1 7 1 370 1 573 1 285 1 342 2 418 1 382 1 281 1 564 1 510 2 368 1 275 1 486 1 13 1
81 18 24 479 1 607 1 383 1 682 1 282 1 488 2 17 1 490 1 291 1 298 1 119 1 121 1 9 1 11 1 16 1 1 2 2 1 44 1 563 1 80 1 26 1 122 1 100 1 123 1
37 8 25 288 1 576 1 526 2 615 1 342 3 382 1 279 2 281 3 602 1 564 2 300 3 489 1 549 2 510 3 78 1 202 1 368 1 579 2 218 1 65 1 28 1 13 2 76 1 616 1 426 1
//IdTournes NbColis
26 6
//IdColis IdCommandeInColis NbProducts IdProd1 QtyProd1 IdProd2 QtyProd2 ...
198 44 12 518 1 407 1 65 1 13 1 192 1 219 1 111 1 701 1 109 1 395 1 517 1 699 1
236 53 23 297 2 415 1 345 1 285 1 342 3 568 3 382 2 481 3 506 2 564 2 510 3 489 1 656 1 675 1 320 1 368 1 224 1 245 1 486 1 223 2 179 1 65 1 10 2
98 22 26 457 1 562 1 499 1 344 1 490 2 327 1 514 2 9 1 11 1 12 1 77 1 16 1 2 1 638 1 19 1 185 1 578 1 502 2 131 1 319 1 184 1 96 1 104 1 356 1 415 1 345 2
309 74 32 143 1 1 1 2 1 326 1 563 1 354 1 131 1 277 1 493 1 370 1 151 1 399 1 412 1 367 1 285 1 424 1 396 2 288 1 526 1 351 1 284 2 568 1 473 1 281 1 552 1 549 1 510 2 463 2 368 1 651 1 57 1 86 1
103 23 21 583 1 339 1 157 1 343 1 370 1 569 1 336 1 345 2 285 1 342 2 279 1 564 1 510 2 368 1 698 1 566 1 134 1 579 2 10 2 31 2 132 1
287 68 25 326 1 563 1 502 2 403 2 379 1 370 1 193 1 293 2 297 3 415 1 500 1 285 2 351 1 342 2 619 2 504 1 564 1 437 1 510 2 113 1 368 1 566 1 407 1 4 1 616 1
//IdTournes NbColis
27 6
//IdColis IdCommandeInColis NbProducts IdProd1 QtyProd1 IdProd2 QtyProd2 ...
313 75 8 656 1 368 1 320 1 655 1 4 1 111 2 31 1 188 1
8 2 25 591 1 172 2 329 1 532 1 369 2 537 1 575 1 447 1 327 1 392 1 262 1 292 1 593 1 634 1 257 1 180 1 259 1 260 1 230 1 212 1 25 1 27 1 29 1 9 2 11 1
197 44 25 19 1 578 1 502 1 547 1 95 1 39 1 403 2 277 1 370 1 325 1 399 1 415 1 336 1 367 2 285 2 342 2 382 1 388 3 281 3 564 1 444 2 549 2 368 1 275 1 518 1
201 45 29 29 1 9 1 11 1 16 1 143 1 19 1 21 1 2 1 664 1 671 1 502 1 578 1 95 1 39 1 26 1 90 1 319 1 155 1 307 2 629 1 370 1 604 1 194 1 104 1 293 3 313 1 415 1 555 3 246 1
206 46 29 430 1 519 1 575 1 327 1 228 1 428 1 201 1 693 1 121 1 240 1 9 1 11 1 15 1 16 1 19 2 2 1 253 1 578 1 39 1 42 2 26 1 319 1 177 1 251 1 523 1 350 1 520 1 521 1 293 1
235 53 23 205 1 9 2 11 2 15 1 16 1 34 1 2 2 44 2 19 3 578 1 26 1 90 2 118 1 319 1 229 1 353 1 454 2 370 1 193 1 152 1 313 1 297 3 285 1
//IdTournes NbColis
28 6
//IdColis IdCommandeInColis NbProducts IdProd1 QtyProd1 IdProd2 QtyProd2 ...
240 54 27 11 1 16 1 19 2 2 1 238 1 95 1 319 1 239 1 523 1 7 1 370 1 92 1 360 1 285 1 515 1 342 1 281 1 504 1 510 2 549 1 368 1 68 1 486 1 111 1 94 1 174 1 484 1
301 72 31 77 1 16 1 25 1 213 1 1 2 2 1 66 1 563 1 80 2 114 1 425 1 370 1 492 1 120 1 367 1 285 1 390 1 314 1 271 1 342 2 281 1 564 1 510 2 311 1 163 1 368 1 10 2 13 1 219 1 111 1 471 1
330 81 23 546 2 278 1 490 2 597 2 601 2 67 1 212 1 9 2 11 1 15 1 16 1 19 2 2 1 238 1 547 1 502 2 578 1 95 1 39 1 225 1 43 1 165 1 606 1
210 47 18 332 2 324 2 372 3 494 1 657 1 401 1 600 1 212 1 85 2 244 1 180 1 220 1 66 1 9 1 11 1 77 1 16 1 246 1
280 66 31 299 1 324 1 380 1 340 1 292 1 67 1 212 1 107 1 180 1 9 1 168 1 11 1 77 1 16 1 143 1 1 1 2 1 42 1 319 1 353 1 277 1 436 1 325 1 287 1 390 1 437 1 268 1 31 1 13 1 426 1 150 1
102 23 23 588 2 371 1 488 1 344 1 369 2 490 1 340 1 575 1 298 1 292 1 337 1 565 1 85 1 27 2 9 1 11 1 16 1 19 2 2 1 213 1 253 1 563 1 80 1
//IdTournes NbColis
29 6
//IdColis IdCommandeInColis NbProducts IdProd1 QtyProd1 IdProd2 QtyProd2 ...
286 68 20 479 2 394 1 328 2 359 1 567 1 546 1 562 1 447 1 409 2 321 3 565 1 156 1 253 1 27 1 9 1 11 1 16 1 1 2 2 1 70 1
226 51 9 207 1 51 1 146 1 128 1 283 1 393 1 509 1 324 1 278 1
64 14 31 107 1 108 1 9 1 11 1 16 1 1 1 2 1 326 1 502 1 563 1 112 1 277 1 523 2 370 1 92 1 399 1 387 1 356 1 367 1 285 1 286 1 576 2 615 1 284 2 281 1 564 1 510 2 78 1 368 1 105 1 405 2
112 25 17 446 1 285 2 424 1 284 2 388 2 504 1 564 1 448 1 510 1 368 1 105 1 145 1 10 2 13 2 132 1 111 2 647 1
215 48 18 80 1 118 1 370 1 492 1 345 1 325 1 285 1 284 2 504 2 388 1 281 1 564 1 448 2 368 1 105 1 214 1 529 1 620 1
305 73 24 1 2 2 1 502 1 563 1 225 1 339 2 289 1 652 1 350 1 370 1 569 1 349 1 293 3 415 2 367 3 560 1 336 1 285 2 352 1 347 1 559 2 561 1 342 2 105 1
//IdTournes NbColis
30 6
//IdColis IdCommandeInColis NbProducts IdProd1 QtyProd1 IdProd2 QtyProd2 ...
338 83 30 2 1 326 1 503 1 547 1 563 1 354 1 199 1 277 2 493 1 370 1 550 1 191 1 467 1 367 1 336 1 285 1 318 1 304 1 449 2 271 1 281 1 564 1 448 2 549 1 368 1 105 1 275 1 38 1 651 1 407 1
192 43 18 521 1 370 1 351 1 342 2 388 2 564 1 145 1 456 1 434 1 70 1 171 1 214 1 126 2 28 1 10 1 31 1 76 1 141 1
202 45 14 285 2 342 1 481 2 279 1 388 3 281 3 564 1 346 2 444 2 539 3 608 4 368 1 145 1 111 2
176 40 16 509 1 332 2 324 2 372 2 494 1 383 1 472 1 317 1 430 1 384 2 474 1 366 1 603 1 148 1 514 1 377 1
63 14 20 334 2 479 1 536 1 588 1 365 1 282 1 540 1 406 1 543 1 58 1 270 1 378 1 369 1 558 1 344 1 597 1 575 2 589 1 106 1 559 1
230 52 24 479 1 588 2 58 1 667 1 270 1 338 1 404 1 490 1 714 1 468 1 295 1 565 1 220 1 9 1 11 1 16 1 1 2 2 1 46 1 221 1 502 1 563 1 80 2 368 1
//IdTournes NbColis
31 6
//IdColis IdCommandeInColis NbProducts IdProd1 QtyProd1 IdProd2 QtyProd2 ...
10 2 8 268 1 224 1 330 1 486 1 28 1 10 1 31 2 595 1
187 42 29 289 1 307 2 277 2 493 1 370 1 193 1 360 2 411 1 524 1 336 2 285 2 477 1 351 1 342 2 279 1 510 3 691 1 368 1 698 1 434 1 456 1 70 1 206 1 179 1 28 1 219 1 111 2 109 1 188 1
182 41 25 19 2 502 1 465 1 578 1 200 1 420 1 353 1 123 1 350 1 370 1 293 2 411 1 356 1 415 1 555 2 285 2 342 1 602 1 564 1 510 2 202 1 368 1 68 1 456 1 192 1
278 65 20 96 1 387 1 288 1 314 1 316 1 424 1 576 1 619 1 418 1 602 1 564 1 346 1 68 1 660 1 422 1 348 2 275 1 222 1 13 1 621 1
90 20 22 129 1 59 1 454 1 493 2 370 1 521 1 92 1 356 1 367 1 285 1 386 1 342 1 388 1 564 1 510 2 673 1 368 1 10 2 13 1 76 1 109 1 246 1
294 70 25 39 1 129 1 239 1 277 1 425 1 370 1 367 1 285 1 286 1 294 1 424 1 449 2 281 1 448 1 596 1 268 1 417 1 368 1 348 1 275 1 111 2 10 2 31 2 13 1 595 1
//IdTournes NbColis
32 6
//IdColis IdCommandeInColis NbProducts IdProd1 QtyProd1 IdProd2 QtyProd2 ...
300 72 15 283 1 475 1 393 1 423 2 334 2 299 2 479 1 527 1 282 1 545 1 327 1 298 1 29 1 9 1 11 1
12 3 10 30 1 45 1 40 1 283 1 455 1 393 1 509 1 334 2 299 1 41 1
292 70 10 30 1 50 1 265 1 60 1 247 1 393 1 509 1 445 2 276 2 564 1
129 29 9 159 1 160 1 283 1 475 2 393 1 332 2 324 2 372 2 394 1
146 33 8 32 1 69 1 51 1 159 1 661 1 265 1 60 1 449 1
59 13 15 299 2 333 3 334 2 479 1 494 1 278 1 369 1 575 2 298 1 263 1 321 2 589 1 9 1 11 1 99 1
//IdTournes NbColis
33 6
//IdColis IdCommandeInColis NbProducts IdProd1 QtyProd1 IdProd2 QtyProd2 ...
68 15 28 9 1 11 1 16 1 1 1 2 1 296 1 694 1 632 2 114 1 289 1 277 1 370 1 287 1 293 1 297 4 285 1 286 2 294 1 288 1 284 2 300 1 510 2 113 1 691 1 98 1 368 1 10 1 111 1
89 20 20 334 2 372 2 398 1 408 1 324 1 335 1 362 1 298 1 442 1 107 1 244 1 9 1 11 1 16 1 19 2 2 1 238 1 563 1 80 1 403 1
214 48 23 276 1 445 2 479 1 383 1 317 1 592 1 433 1 545 1 505 1 244 1 260 1 9 1 11 1 77 1 16 1 34 1 213 1 19 2 2 1 664 1 465 1 503 1 563 1
239 54 16 361 2 306 2 324 1 334 2 372 2 273 1 553 1 640 1 653 1 17 1 366 1 586 1 298 1 156 1 9 1 342 1
243 55 20 372 2 394 2 657 1 359 1 567 1 546 1 562 1 430 1 397 1 597 1 545 1 495 2 228 1 180 1 230 1 16 1 33 1 9 2 19 2 379 1
248 56 27 9 1 1 2 2 1 11 1 253 1 326 1 563 1 122 1 319 1 277 1 139 1 370 1 287 1 387 1 367 2 285 1 386 1 342 2 388 2 281 2 564 1 510 2 368 1 571 1 711 1 385 1 86 1
//IdTournes NbColis
34 6
//IdColis IdCommandeInColis NbProducts IdProd1 QtyProd1 IdProd2 QtyProd2 ...
267 62 25 299 1 494 1 479 1 538 1 308 1 282 1 622 1 278 1 376 1 378 1 537 1 597 1 369 1 107 1 9 1 11 1 16 1 34 1 21 1 1 1 2 1 326 1 563 1 277 1 486 1
326 80 18 283 1 60 1 393 1 501 1 299 1 333 1 334 1 479 1 458 1 431 1 622 1 373 1 409 1 648 1 295 1 601 1 310 1 9 1
334 82 28 546 1 452 1 658 1 16 1 9 2 11 1 33 1 638 1 19 2 21 1 2 1 502 1 563 1 80 1 22 1 353 1 370 1 459 1 193 1 415 1 285 2 390 1 284 2 564 1 510 2 368 1 132 1 13 1
117 26 9 564 1 437 1 510 2 675 1 268 1 368 1 13 2 150 1 529 1
244 55 30 2 1 11 1 689 1 502 1 578 1 199 1 225 1 177 1 227 1 184 1 229 1 370 1 92 1 162 1 325 1 415 1 285 2 342 2 391 1 388 2 564 1 510 2 608 2 202 1 368 1 226 1 10 1 111 2 140 1 595 1
48 10 21 297 1 415 2 286 1 285 2 526 1 342 3 382 2 506 5 444 4 311 1 675 1 368 2 571 2 31 1 13 2 248 1 86 1 174 1 53 1 246 1 189 1
//IdTournes NbColis
35 6
//IdColis IdCommandeInColis NbProducts IdProd1 QtyProd1 IdProd2 QtyProd2 ...
65 14 10 275 1 633 1 566 1 407 1 544 1 10 1 31 2 111 1 109 1 110 1
74 16 17 304 1 342 2 418 2 388 3 506 3 564 1 470 2 510 3 113 1 368 1 655 1 10 2 111 2 637 1 246 1 426 1 595 1
99 22 15 287 1 336 1 390 1 515 2 391 1 522 1 564 1 268 1 133 1 10 1 31 1 132 1 174 1 53 1 246 1
121 27 24 326 1 502 1 599 1 551 1 118 1 454 1 277 1 370 1 569 1 287 1 367 1 285 1 449 2 281 1 504 1 506 2 564 1 448 2 463 1 377 1 368 1 566 1 544 1 10 1
127 28 28 370 1 104 1 287 1 360 2 297 4 415 1 573 1 560 1 285 2 316 1 318 2 615 1 342 1 281 2 504 1 279 1 564 1 510 2 539 1 368 1 363 1 590 1 655 1 407 2 544 1 31 2 13 1 109 2
174 39 12 470 4 444 3 320 1 417 1 368 1 196 1 10 2 13 1 192 1 111 1 188 1 189 1
//IdTournes NbColis
36 6
//IdColis IdCommandeInColis NbProducts IdProd1 QtyProd1 IdProd2 QtyProd2 ...
178 40 21 288 3 318 1 576 1 418 1 473 1 602 1 564 1 311 1 320 1 686 1 678 1 10 2 31 3 13 1 111 2 176 1 109 1 246 1 688 1 136 1 595 1
224 50 26 19 1 253 1 331 1 578 1 200 2 199 1 225 2 22 1 227 1 250 1 251 1 177 1 88 1 249 2 350 1 193 1 104 1 415 3 382 1 504 1 564 1 434 2 10 1 31 2 110 1 471 1
237 53 4 10 1 31 2 13 1 111 2
265 61 2 10 1 31 1
268 62 18 350 1 379 1 370 1 193 1 92 1 325 1 367 1 285 1 347 1 284 2 281 1 504 1 564 1 510 2 377 1 368 1 111 2 10 1
271 63 19 354 1 370 1 381 1 297 2 367 1 560 1 285 1 342 2 382 1 281 1 522 1 564 1 510 2 368 1 566 1 590 1 10 2 176 1 111 2
//IdTournes NbColis
37 6
//IdColis IdCommandeInColis NbProducts IdProd1 QtyProd1 IdProd2 QtyProd2 ...
275 64 13 285 1 508 1 410 1 352 1 396 1 414 2 342 2 619 1 382 1 564 1 510 2 368 1 31 1
284 67 14 297 1 284 1 382 1 602 1 504 1 439 1 564 1 437 1 417 1 422 1 627 1 628 1 31 1 13 1
316 76 18 155 1 307 1 277 1 645 1 483 1 367 1 293 1 399 1 313 1 418 1 281 1 564 1 377 1 417 1 665 1 275 1 214 1 10 1
55 12 21 445 1 276 2 479 1 703 1 588 1 394 1 384 1 577 1 597 1 369 1 447 1 580 2 634 1 1 2 2 1 11 1 89 1 15 1 16 1 666 1 702 1
252 57 30 384 1 344 1 378 1 369 1 490 1 597 2 707 1 292 1 706 1 11 1 89 1 16 1 213 1 1 1 2 1 419 1 326 1 599 1 14 1 354 1 91 1 277 1 165 1 459 1 370 1 194 1 399 1 367 1 285 1 429 1
324 79 29 375 1 630 1 537 1 443 1 409 1 263 1 321 1 310 2 231 1 85 1 16 1 11 1 89 1 21 1 1 1 2 1 599 1 465 1 80 1 307 1 629 1 370 1 191 1 293 1 297 3 367 1 294 1 285 1 111 1
//IdTournes NbColis
38 6
//IdColis IdCommandeInColis NbProducts IdProd1 QtyProd1 IdProd2 QtyProd2 ...
200 45 16 306 2 332 2 324 2 372 2 478 1 394 1 282 1 553 1 546 1 567 1 537 1 327 1 298 1 295 1 75 1 342 1
108 24 7 566 1 590 1 86 1 136 1 140 1 141 1 138 1
16 4 9 51 1 241 1 49 1 50 1 283 1 301 1 398 1 332 2 600 1
109 25 10 51 1 62 1 146 1 265 1 301 1 393 1 534 1 528 1 475 1 394 1
24 6 10 32 1 62 1 687 1 20 1 283 1 435 1 374 1 531 1 398 1 394 1
123 28 8 32 2 45 1 40 1 283 1 258 1 247 1 572 1 342 1
//IdTournes NbColis
39 6
//IdColis IdCommandeInColis NbProducts IdProd1 QtyProd1 IdProd2 QtyProd2 ...
250 57 8 32 2 207 1 101 1 265 1 393 1 423 1 531 1 398 1
141 32 10 69 1 45 1 20 1 283 1 203 1 290 1 393 1 525 1 528 1 400 1
291 69 19 114 1 91 1 277 1 370 1 560 1 367 1 285 1 294 1 286 1 318 1 449 2 281 1 564 1 448 2 368 1 275 1 70 1 111 1 76 1
319 77 14 313 1 415 1 285 2 424 1 342 2 418 1 564 1 510 2 113 1 368 1 245 1 363 1 70 1 196 1
342 84 13 521 1 370 1 151 1 360 1 367 1 284 2 473 1 281 1 564 1 448 2 368 1 111 1 624 1
164 37 10 51 1 178 1 283 1 183 1 393 1 334 2 299 2 479 1 588 1 337 1
//IdTournes NbColis
40 6
//IdColis IdCommandeInColis NbProducts IdProd1 QtyProd1 IdProd2 QtyProd2 ...
333 82 11 51 1 283 1 393 1 669 1 479 2 398 1 299 2 334 2 394 1 359 1 567 1
73 16 23 563 1 42 1 319 1 441 4 353 1 289 1 454 1 139 1 100 1 343 1 370 1 467 2 480 1 325 1 415 2 345 2 336 2 555 1 560 1 285 2 446 3 304 1 342 1
19 4 11 444 1 52 1 320 1 368 1 275 1 566 1 571 2 179 1 13 1 111 1 53 1
159 35 3 13 1 176 1 174 1
228 51 11 35 1 285 1 508 1 712 1 342 1 388 1 506 2 564 1 510 2 368 1 13 1
253 57 18 286 2 477 1 284 2 388 1 281 1 504 1 564 1 346 2 448 2 539 2 268 1 417 1 368 1 633 1 628 1 705 1 13 1 141 1
//IdTournes NbColis
41 6
//IdColis IdCommandeInColis NbProducts IdProd1 QtyProd1 IdProd2 QtyProd2 ...
331 81 24 370 1 604 1 646 1 415 2 367 2 285 2 414 2 342 2 481 2 418 1 388 2 281 3 504 1 564 1 549 2 510 2 608 2 268 1 368 1 275 1 486 1 126 1 13 1 109 1
264 61 32 277 1 454 1 350 1 370 1 92 1 349 1 293 1 356 1 367 1 524 1 285 1 294 1 355 1 286 1 446 1 347 1 352 1 515 1 271 1 351 1 342 2 279 1 281 1 504 1 346 3 510 2 368 1 348 1 275 1 38 1 111 1 618 1
173 39 29 465 1 578 1 403 1 155 1 114 1 173 1 339 1 425 1 157 1 370 1 492 1 646 1 191 1 193 1 194 1 104 1 297 3 500 1 285 2 390 1 515 2 526 1 351 1 342 3 619 2 382 1 504 2 564 1 595 1
152 34 12 332 3 324 2 372 3 394 1 476 3 401 1 432 1 172 1 344 2 577 1 369 1 268 1
332 81 2 86 1 246 1
6 2 9 234 1 216 1 283 1 60 2 258 1 534 2 531 1 195 1 17 1
//IdTournes NbColis
42 6
//IdColis IdCommandeInColis NbProducts IdProd1 QtyProd1 IdProd2 QtyProd2 ...
251 57 16 276 2 453 1 478 1 445 2 479 1 607 1 282 1 389 2 540 1 312 1 359 1 543 1 640 1 591 1 17 1 270 1
207 46 18 293 2 415 1 367 2 342 1 382 1 388 2 504 1 522 1 506 2 564 1 300 2 377 1 202 1 675 1 429 1 330 1 590 1 126 1
323 79 13 62 1 45 1 265 1 393 1 528 1 305 1 276 1 445 1 479 1 540 1 622 1 499 1 92 1
285 68 9 79 1 102 1 283 1 642 1 393 1 475 1 402 1 299 2 334 2
137 31 10 45 1 241 1 60 1 283 1 393 1 531 1 334 2 408 1 299 1 394 1
256 58 12 283 1 60 1 440 1 374 1 393 1 528 1 398 1 299 2 479 2 334 2 394 1 437 1
//IdTournes NbColis
43 6
//IdColis IdCommandeInColis NbProducts IdProd1 QtyProd1 IdProd2 QtyProd2 ...
260 59 1 60 1
273 64 11 147 1 283 1 60 1 40 1 101 1 258 1 290 1 393 1 408 1 334 2 618 1
320 78 13 639 1 283 1 40 1 393 1 299 2 334 2 479 1 494 1 491 1 640 1 430 1 344 1 637 1
261 60 1 142 2
67 15 17 101 1 290 1 393 1 534 1 299 1 445 1 334 1 479 1 494 1 394 1 282 1 267 1 490 2 291 1 298 1 292 1 295 1
133 30 10 102 1 661 1 20 1 101 1 283 1 421 1 372 2 306 2 332 1 189 1
//IdTournes NbColis
44 6
//IdColis IdCommandeInColis NbProducts IdProd1 QtyProd1 IdProd2 QtyProd2 ...
279 66 11 668 1 160 1 283 1 101 1 247 1 290 1 393 1 269 1 334 2 372 1 328 1
303 73 12 283 1 101 1 183 1 393 1 475 1 195 1 402 1 299 2 324 1 334 2 479 1 431 1
336 83 12 178 1 265 1 101 1 393 1 525 1 528 1 475 1 254 1 305 1 306 1 276 2 282 1
71 16 11 203 1 393 1 582 1 623 1 534 1 531 1 299 3 334 3 536 1 479 1 312 1
180 41 11 203 1 20 2 283 1 440 1 393 1 581 1 531 1 322 1 334 2 372 1 394 1
340 84 11 186 1 265 1 203 1 642 1 393 1 305 1 276 2 445 2 479 1 309 1 285 1
//IdTournes NbColis
45 6
//IdColis IdCommandeInColis NbProducts IdProd1 QtyProd1 IdProd2 QtyProd2 ...
7 2 12 324 2 332 2 333 2 372 2 535 2 536 1 538 1 533 1 317 1 328 1 182 1 457 1
307 74 11 147 1 283 1 183 1 301 1 393 1 584 1 299 2 478 1 335 1 445 2 479 1
44 10 10 283 1 258 1 696 1 247 1 440 2 475 2 584 1 341 2 332 2 342 1
77 17 14 144 1 696 1 534 1 341 1 306 1 299 2 280 1 334 2 479 1 312 1 640 1 499 2 344 1 697 1
188 42 3 188 1 647 1 110 1
296 71 12 102 1 265 1 301 1 393 1 509 1 306 1 299 2 445 2 501 1 479 1 282 1 354 1
//IdTournes NbColis
46 6
//IdColis IdCommandeInColis NbProducts IdProd1 QtyProd1 IdProd2 QtyProd2 ...
185 42 11 669 1 584 1 195 1 416 1 402 1 332 3 324 2 372 3 280 1 541 1 427 1
205 46 14 195 1 190 1 322 1 324 2 332 2 372 2 383 1 458 1 365 1 431 1 317 1 394 1 312 1 359 1
222 50 7 283 2 455 1 195 1 332 4 324 2 372 4 363 1
262 61 11 45 1 283 1 455 1 301 1 393 1 269 1 190 1 299 2 478 1 334 2 533 1
317 77 10 147 1 283 1 20 1 301 1 393 1 574 1 332 2 324 2 372 2 394 1
147 33 11 144 1 393 1 582 1 554 1 276 2 445 2 479 2 280 2 494 1 394 2 320 1
//IdTournes NbColis
47 6
//IdColis IdCommandeInColis NbProducts IdProd1 QtyProd1 IdProd2 QtyProd2 ...
28 6 1 111 1
84 19 9 659 1 509 1 254 1 190 1 256 2 332 3 324 2 372 3 364 1
87 19 1 111 1
325 79 13 559 1 304 1 449 1 568 1 619 1 564 1 448 1 608 1 549 1 368 1 405 1 111 1 670 1
276 65 11 283 1 659 1 393 1 584 1 423 2 531 1 509 1 334 2 306 1 299 2 479 1
21 5 15 393 1 301 1 190 1 358 1 402 1 299 2 453 1 334 2 479 1 607 1 303 1 682 1 282 1 622 1 388 1
//IdTournes NbColis
48 6
//IdColis IdCommandeInColis NbProducts IdProd1 QtyProd1 IdProd2 QtyProd2 ...
97 22 12 283 1 393 1 190 1 256 1 334 2 299 2 453 2 479 2 458 1 282 1 406 1 499 1
142 32 12 531 1 299 3 334 3 479 2 494 1 527 1 282 2 312 1 430 1 344 2 373 1 222 1
101 23 13 393 1 669 1 581 1 341 1 334 2 335 1 299 2 501 1 609 1 479 1 538 1 585 2 308 1
45 10 10 332 2 324 2 372 4 494 1 450 1 461 2 394 1 309 3 709 1 618 1
195 44 13 361 2 400 1 402 1 324 2 332 2 372 2 607 1 631 1 538 1 450 1 317 1 394 1 316 1
124 28 11 574 1 358 1 305 1 361 2 306 2 332 2 324 2 372 2 458 1 365 1 364 1
//IdTournes NbColis
49 2
//IdColis IdCommandeInColis NbProducts IdProd1 QtyProd1 IdProd2 QtyProd2 ...
34 8 9 283 1 393 1 525 1 614 1 269 2 324 2 334 3 299 3 406 1
106 24 15 393 1 587 1 305 1 306 1 299 2 479 1 334 2 535 1 585 1 588 1 303 1 450 1 533 1 309 1 304 1
