//NbTournees
30
//IdTournes NbColis
1 6
//IdColis IdCommandeInColis NbProducts IdProd1 QtyProd1 IdProd2 QtyProd2 ...
137 29 13 485 1 549 1 450 1 12 1 265 1 183 2 22 1 116 2 98 1 299 1 57 1 86 1 90 1
193 43 12 387 1 369 1 370 1 321 1 209 2 22 1 100 1 207 1 195 1 140 1 312 1 86 1
73 17 13 391 1 390 1 395 1 155 1 7 1 150 1 21 1 157 1 250 1 397 1 101 1 388 1 308 1
26 6 12 399 1 505 1 519 1 400 1 552 1 74 1 37 1 266 1 183 1 321 1 69 1 57 1
158 34 7 404 1 400 2 54 4 238 1 349 3 22 1 31 1
187 41 18 399 1 400 1 398 1 109 1 143 1 116 1 308 1 20 1 40 1 206 1 112 1 119 1 42 1 62 1 233 1 121 1 126 1 401 1
//IdTournes NbColis
2 6
//IdColis IdCommandeInColis NbProducts IdProd1 QtyProd1 IdProd2 QtyProd2 ...
202 46 19 369 1 398 1 395 1 109 1 116 1 234 1 40 1 124 1 415 1 348 1 204 1 123 1 119 1 112 1 233 1 111 1 121 1 113 1 295 1
45 10 14 424 1 404 1 423 1 7 1 265 1 266 1 321 1 100 1 31 1 209 1 274 1 332 1 271 1 1 1
63 15 10 433 1 423 1 432 1 135 1 345 1 349 3 37 2 109 1 321 2 43 1
205 47 18 387 1 418 1 100 1 397 1 422 1 148 1 130 1 106 1 196 1 240 1 63 1 80 1 421 1 392 1 419 1 174 1 420 1 412 1
53 12 15 443 1 445 1 349 1 109 1 22 1 116 1 117 1 98 2 106 1 40 1 348 1 123 1 204 2 214 1 112 1
150 32 12 443 1 3 1 277 2 321 1 189 1 22 1 259 2 355 2 362 1 336 1 318 1 98 1
//IdTournes NbColis
3 6
//IdColis IdCommandeInColis NbProducts IdProd1 QtyProd1 IdProd2 QtyProd2 ...
200 45 22 156 1 145 2 77 1 307 1 458 1 453 1 448 1 449 1 392 1 113 1 451 1 457 1 452 1 455 1 447 1 454 2 439 1 218 1 264 2 293 1 29 1 158 1
43 9 31 8 1 272 3 462 1 85 1 201 3 122 1 14 1 17 1 32 1 273 1 248 1 172 1 125 1 211 1 255 1 326 1 251 1 339 1 269 1 4 1 170 1 15 1 247 1 463 1 19 1 460 1 141 1 267 1 295 1 328 1 294 1
94 20 30 252 1 122 2 97 1 10 1 14 1 72 1 17 1 151 1 125 1 50 1 225 2 174 1 114 1 255 1 264 1 13 1 251 1 269 1 243 1 4 1 249 1 340 2 15 1 236 1 44 1 463 1 302 1 328 1 294 3 254 1
47 10 25 378 1 381 1 428 1 427 1 118 3 110 1 430 2 78 2 8 1 272 3 431 1 201 3 310 1 426 1 122 1 10 1 14 1 17 1 248 1 172 1 125 1 55 1 326 1 264 1 255 1
98 21 24 279 1 65 2 134 1 90 1 214 1 77 1 270 1 268 1 224 1 119 1 62 1 233 1 335 1 359 1 476 1 162 1 153 1 126 2 113 1 1 1 118 2 331 1 478 1 430 2
99 21 23 430 1 480 1 8 1 78 4 272 5 166 1 483 1 197 1 30 2 291 1 252 1 122 1 482 1 10 1 96 1 72 1 17 1 60 3 146 1 203 1 151 1 351 1 35 1
//IdTournes NbColis
4 6
//IdColis IdCommandeInColis NbProducts IdProd1 QtyProd1 IdProd2 QtyProd2 ...
207 48 13 468 1 469 1 474 1 142 1 143 1 475 1 472 1 77 1 268 1 470 1 392 1 471 1 473 1
4 1 28 1 1 118 2 507 1 2 1 8 1 434 1 431 1 310 1 122 1 10 3 14 1 17 1 146 1 324 1 125 1 211 1 326 1 13 1 4 1 11 2 170 1 15 2 247 1 19 1 267 1 141 1 295 1 328 1
34 7 23 373 1 407 1 376 1 378 1 381 2 75 1 110 1 118 2 61 1 8 1 67 1 78 3 313 1 272 4 496 1 493 1 494 1 495 1 447 3 431 1 107 1 186 1 201 1
51 11 26 272 3 431 1 419 1 201 3 310 1 122 1 60 1 14 1 17 1 248 1 172 1 125 1 139 2 211 1 255 1 326 1 269 1 4 1 170 1 104 1 340 3 15 1 141 1 267 1 295 1 294 1
124 26 30 112 1 119 1 62 1 239 1 233 1 359 1 153 1 70 1 113 1 281 1 373 1 407 1 376 1 378 1 381 1 1 1 110 1 118 2 67 1 8 1 313 1 354 1 441 1 431 1 501 1 494 1 410 1 127 1 107 1 120 1
135 28 29 118 3 67 1 8 1 354 1 431 1 447 1 107 1 186 1 303 1 310 1 229 1 60 1 172 1 324 1 296 1 94 1 55 1 174 1 13 3 269 1 64 1 23 1 56 1 182 1 170 1 243 1 340 1 236 1 44 2
//IdTournes NbColis
5 6
//IdColis IdCommandeInColis NbProducts IdProd1 QtyProd1 IdProd2 QtyProd2 ...
144 30 27 118 3 372 1 8 1 431 1 497 1 85 1 127 2 426 1 122 1 248 1 172 1 60 2 139 1 125 1 339 1 64 1 4 1 170 1 340 1 15 1 247 1 267 1 437 1 438 2 499 1 295 1 294 2
147 31 22 152 1 112 1 119 1 62 1 233 3 385 1 126 1 311 1 373 1 407 1 376 1 378 1 381 2 1 1 118 2 331 1 550 1 461 1 559 1 78 3 272 3 431 1
165 35 22 208 1 126 1 373 1 407 1 376 1 378 1 381 1 75 1 118 1 110 1 489 1 491 1 78 3 272 4 431 1 201 4 291 1 14 1 89 3 97 1 203 2 488 1
55 12 15 32 3 205 1 248 2 125 1 38 1 13 1 99 1 23 3 91 1 285 1 202 1 283 1 444 1 328 1 329 1
96 21 12 484 1 404 1 223 1 222 1 128 1 164 1 265 1 37 1 321 1 59 1 212 1 332 2
178 38 31 378 1 381 1 75 1 110 1 118 1 8 1 354 1 410 1 10 1 17 1 151 2 125 1 255 1 264 1 211 1 326 1 269 1 64 1 104 1 15 1 236 1 19 1 267 1 141 1 379 1 508 1 509 1 374 1 371 1 382 1 328 1
//IdTournes NbColis
6 6
//IdColis IdCommandeInColis NbProducts IdProd1 QtyProd1 IdProd2 QtyProd2 ...
130 27 29 97 1 248 1 172 1 60 2 273 1 38 1 174 1 251 1 64 1 56 1 87 1 243 1 4 1 170 1 340 1 202 1 236 1 285 2 44 1 180 2 562 1 417 1 302 1 561 1 120 3 564 1 438 1 414 1 294 1
182 39 24 151 1 138 1 25 1 55 1 174 1 114 1 309 1 288 1 23 5 26 2 33 1 158 1 325 1 249 1 91 1 285 1 287 1 236 1 247 2 147 1 92 1 417 1 35 1 283 1
204 46 12 43 1 13 1 99 1 87 3 91 1 236 1 285 1 417 1 283 1 412 1 414 2 328 1
105 22 12 246 2 207 1 260 3 195 3 289 3 317 1 20 2 245 1 6 1 567 1 71 1 45 1
49 11 16 503 1 445 1 7 1 12 1 265 1 266 1 321 1 100 1 209 1 274 1 271 1 101 1 83 1 98 1 140 1 438 1
58 14 11 399 1 520 1 519 1 398 1 128 1 12 1 7 1 265 1 37 2 175 1 100 1
//IdTournes NbColis
7 6
//IdColis IdCommandeInColis NbProducts IdProd1 QtyProd1 IdProd2 QtyProd2 ...
115 24 13 445 1 7 1 12 1 265 1 266 3 321 1 100 1 271 1 209 1 274 1 332 1 101 1 304 1
208 49 15 512 1 391 1 433 1 445 1 176 1 98 2 458 1 392 1 513 1 454 1 439 1 252 1 514 1 379 1 401 1
10 3 10 570 1 519 1 450 1 54 2 349 1 37 1 16 1 3 2 241 1 213 1
76 18 10 522 1 399 1 523 1 391 1 404 1 74 1 37 1 3 1 277 1 236 1
70 16 13 524 1 369 1 398 1 142 1 266 1 22 1 143 1 209 1 101 1 140 2 57 1 312 1 409 1
113 23 26 75 1 110 1 118 2 8 1 357 3 511 1 85 1 122 1 167 2 14 1 17 1 248 1 172 1 125 1 211 1 326 1 4 1 64 1 170 1 15 1 247 1 9 1 141 1 267 1 414 1 329 1
//IdTournes NbColis
8 6
//IdColis IdCommandeInColis NbProducts IdProd1 QtyProd1 IdProd2 QtyProd2 ...
129 27 29 305 1 268 1 112 1 119 1 239 1 121 1 281 1 405 1 373 1 407 1 376 1 378 1 381 1 75 1 110 1 118 2 8 1 67 1 107 1 186 1 310 1 426 1 122 1 565 2 563 2 17 1 89 1 97 1 294 1
181 39 19 110 1 78 3 272 4 419 1 511 1 30 1 201 4 291 2 492 1 200 1 32 4 97 1 60 1 324 2 298 1 248 1 273 1 172 1 194 1
103 22 13 450 1 74 1 54 2 16 1 37 1 3 2 277 1 306 1 568 1 69 1 337 1 332 1 63 1
19 4 29 208 1 62 1 233 1 239 1 70 1 281 1 405 1 373 1 407 1 376 1 378 2 381 2 1 1 110 1 118 2 61 1 8 1 67 1 313 1 410 1 107 1 186 1 310 1 72 1 32 1 248 1 203 1 172 1 526 1
20 4 21 298 1 174 1 251 1 339 1 288 2 269 1 56 1 64 1 23 1 243 1 170 1 340 1 236 1 68 1 361 1 302 1 120 1 526 1 295 1 328 1 294 1
22 5 13 399 1 519 1 398 1 7 1 12 1 275 1 265 1 266 1 321 1 82 1 100 1 250 1 101 1
//IdTournes NbColis
9 6
//IdColis IdCommandeInColis NbProducts IdProd1 QtyProd1 IdProd2 QtyProd2 ...
37 8 16 399 1 398 1 223 1 22 1 95 1 101 1 98 1 57 1 237 1 312 2 40 1 341 1 193 1 90 1 112 1 119 1
41 9 15 399 1 398 1 7 1 12 1 265 1 266 1 321 1 100 1 209 1 274 1 101 1 333 1 213 1 83 1 294 1
56 13 19 399 1 398 1 349 1 109 1 116 1 117 1 40 1 124 1 348 1 123 1 458 1 112 1 119 1 111 1 121 1 42 1 113 1 88 1 373 1
83 19 11 391 1 505 1 432 1 528 1 74 1 37 1 277 2 266 1 183 1 321 2 69 1
110 23 11 525 1 399 1 398 1 7 1 12 1 286 1 265 1 16 1 266 2 82 1 294 1
120 25 23 165 1 148 1 317 1 98 1 106 1 40 1 63 1 124 2 358 1 145 1 156 1 268 1 257 1 233 2 392 1 491 1 290 1 495 1 534 1 454 1 439 1 146 1 151 1
//IdTournes NbColis
10 6
//IdColis IdCommandeInColis NbProducts IdProd1 QtyProd1 IdProd2 QtyProd2 ...
122 26 13 399 1 398 1 179 1 74 1 37 1 266 2 183 1 321 1 69 1 100 1 337 1 101 1 240 1
154 33 14 399 1 398 1 241 1 183 1 22 1 31 2 337 1 28 1 98 1 187 1 57 2 140 1 312 1 126 1
175 38 14 399 1 398 1 7 1 12 1 265 1 16 1 3 1 241 1 34 1 321 1 199 1 209 1 274 1 24 1
180 39 21 399 1 398 1 22 1 132 1 20 1 245 1 312 1 193 1 90 1 278 1 119 1 112 1 42 1 435 1 385 1 126 1 311 1 405 1 1 1 118 1 38 1
87 19 29 70 1 113 1 281 1 373 1 407 1 376 1 378 1 381 2 1 1 118 2 331 1 403 2 8 1 67 1 313 1 354 1 419 1 495 1 107 1 186 1 229 1 276 1 46 1 89 2 172 1 60 1 55 1 13 1 302 1
161 34 21 118 3 331 1 403 1 78 2 410 1 201 1 310 1 229 1 122 3 350 3 408 1 97 1 194 1 151 2 60 1 79 1 273 1 210 2 203 3 298 3 364 1
//IdTournes NbColis
11 6
//IdColis IdCommandeInColis NbProducts IdProd1 QtyProd1 IdProd2 QtyProd2 ...
17 4 14 505 1 432 1 74 1 37 1 261 2 266 1 183 1 321 1 59 1 66 1 69 1 100 1 337 1 60 1
90 20 9 464 1 404 1 223 2 222 1 128 1 12 1 164 1 7 4 405 1
184 40 16 399 1 432 1 128 1 349 1 109 1 117 1 116 1 98 1 334 1 40 1 206 1 204 1 123 2 112 1 119 1 42 1
190 42 16 399 1 432 1 349 1 109 1 31 1 116 1 117 1 130 1 98 1 40 1 63 1 124 1 206 1 204 1 123 1 268 2
1 1 14 505 1 450 1 7 1 12 1 21 1 265 1 3 1 16 1 277 1 266 1 183 1 321 1 212 1 209 1
127 27 12 554 1 560 1 450 1 74 1 286 1 183 1 321 1 69 1 100 1 337 1 332 1 193 1
//IdTournes NbColis
12 6
//IdColis IdCommandeInColis NbProducts IdProd1 QtyProd1 IdProd2 QtyProd2 ...
146 31 13 554 1 555 1 556 1 450 1 185 1 22 1 187 1 20 2 57 1 312 1 193 1 152 1 35 1
168 36 10 404 1 538 1 3 2 277 1 95 1 259 2 318 2 336 1 355 2 362 2
35 7 26 201 4 492 1 41 1 89 1 172 1 60 2 167 1 79 3 248 2 296 1 55 1 174 1 269 1 56 1 64 1 23 1 243 1 170 1 202 1 236 1 44 2 68 1 361 1 322 1 328 1 329 1
173 37 28 140 1 86 1 77 1 80 1 65 1 268 1 270 1 171 1 112 1 119 1 24 1 18 1 103 1 373 1 535 1 407 1 376 1 378 1 381 1 75 1 110 1 118 2 8 1 354 1 85 1 197 1 492 1 294 1
136 28 8 44 2 147 1 302 1 120 1 440 1 487 1 488 2 294 1
152 32 31 373 1 407 1 376 1 378 1 381 2 110 1 118 2 416 1 78 2 272 1 441 1 442 1 122 1 97 1 60 1 194 1 298 1 273 1 210 1 138 1 139 1 38 1 25 1 55 1 174 1 114 1 309 1 288 1 23 2 93 1 440 1
//IdTournes NbColis
13 6
//IdColis IdCommandeInColis NbProducts IdProd1 QtyProd1 IdProd2 QtyProd2 ...
153 32 16 33 1 170 1 249 1 91 1 287 1 247 1 285 1 147 1 92 1 35 1 283 1 440 1 374 1 295 1 328 1 329 1
54 12 23 119 1 42 1 62 1 18 1 233 1 121 1 88 1 113 1 75 1 110 1 118 3 108 1 78 2 67 1 272 3 446 1 447 1 107 1 30 1 284 1 201 3 76 1 46 1
91 20 13 265 1 37 3 465 1 321 1 250 2 212 1 59 1 332 1 274 1 337 1 165 1 320 1 20 1
32 7 17 450 1 74 1 37 1 266 1 321 1 69 1 100 1 337 1 227 1 228 1 304 1 116 1 57 1 312 1 193 1 63 1 58 1
119 25 13 512 1 450 1 178 1 155 1 21 1 150 1 175 1 266 1 321 1 176 1 177 1 250 1 531 1
132 28 11 485 1 450 1 74 1 37 1 306 1 183 1 321 2 22 4 69 1 230 1 329 1
//IdTournes NbColis
14 6
//IdColis IdCommandeInColis NbProducts IdProd1 QtyProd1 IdProd2 QtyProd2 ...
141 30 13 450 1 7 1 12 1 265 1 16 1 266 1 22 3 100 1 209 1 274 1 271 1 259 2 328 1
164 35 15 450 1 22 1 256 1 28 4 98 1 57 2 140 1 312 1 40 1 193 1 352 2 45 1 119 1 112 1 24 1
196 44 16 450 1 12 1 7 1 265 1 37 1 266 1 321 1 212 1 332 1 271 1 274 1 101 1 333 1 213 1 320 1 85 1
199 45 15 450 1 179 2 220 1 176 1 250 2 219 2 215 1 130 1 217 1 20 1 216 1 106 1 456 1 152 1 329 1
195 43 9 15 2 384 1 141 1 302 1 379 1 368 1 374 1 371 1 382 1
7 2 19 24 1 385 1 126 1 113 1 311 3 405 2 118 2 75 1 110 1 272 4 78 3 496 1 494 1 30 1 310 1 291 1 32 3 36 1 324 3
//IdTournes NbColis
15 6
//IdColis IdCommandeInColis NbProducts IdProd1 QtyProd1 IdProd2 QtyProd2 ...
13 3 24 317 1 140 2 6 1 40 1 352 1 124 1 206 1 204 1 123 1 356 1 45 1 270 1 330 1 224 1 282 1 342 1 42 1 242 1 385 1 126 1 405 1 373 1 407 1 139 1
78 18 12 344 3 353 1 304 1 195 2 244 1 246 3 260 2 207 1 289 2 317 1 20 1 405 1
121 25 9 174 1 154 1 293 1 202 2 147 1 532 1 394 1 530 1 533 1
138 29 27 193 1 90 2 112 1 119 1 405 1 373 1 407 1 376 1 378 1 381 2 1 1 110 1 118 2 550 1 513 1 78 1 291 1 551 1 60 1 17 2 97 1 210 1 298 1 248 2 172 1 296 1 295 1
143 30 23 234 1 98 2 140 1 6 1 206 1 45 1 65 1 77 1 270 1 112 1 119 1 24 1 103 1 311 1 405 2 373 1 407 1 376 1 378 1 381 2 498 1 1 1 110 1
160 34 21 196 1 6 1 312 1 193 2 352 1 191 1 45 1 330 1 112 1 119 1 316 1 385 1 405 4 373 1 407 1 376 1 378 2 381 2 411 1 1 1 38 1
//IdTournes NbColis
16 6
//IdColis IdCommandeInColis NbProducts IdProd1 QtyProd1 IdProd2 QtyProd2 ...
169 36 16 116 2 195 2 246 2 289 2 317 2 57 1 196 2 6 1 193 1 112 1 119 1 192 1 367 1 405 1 373 1 35 1
42 9 24 98 1 86 1 45 1 77 1 80 3 65 1 270 1 330 1 112 1 119 1 24 1 18 1 88 1 373 1 407 1 376 1 378 1 381 1 75 1 110 1 118 2 461 1 78 2 459 1
210 50 17 512 1 275 2 333 1 542 1 289 1 541 1 543 1 145 1 77 1 307 1 152 1 18 1 233 1 392 1 375 1 94 1 218 1
88 19 19 251 1 288 2 269 3 339 5 56 1 64 1 23 1 243 1 340 2 236 1 202 1 44 1 68 1 361 1 343 1 120 1 527 1 328 1 294 1
149 31 10 51 1 302 1 283 1 557 1 558 1 547 1 295 1 328 1 294 2 548 1
101 21 12 243 1 325 1 15 1 236 1 44 1 479 1 51 1 477 1 267 1 481 1 409 1 294 1
//IdTournes NbColis
17 6
//IdColis IdCommandeInColis NbProducts IdProd1 QtyProd1 IdProd2 QtyProd2 ...
14 3 32 376 1 378 1 381 1 1 1 118 2 331 1 108 1 290 1 354 1 441 1 107 3 303 1 284 1 47 1 52 1 122 1 41 1 46 1 76 1 79 1 203 1 194 1 351 1 298 1 125 1 38 1 43 1 25 1 50 1 114 1 314 1 294 1
46 10 24 429 1 101 1 83 1 98 1 140 1 352 1 366 1 45 1 77 1 65 1 270 1 330 1 214 1 119 1 112 1 102 1 24 2 425 1 103 1 88 1 373 1 407 1 376 1 295 1
67 15 25 272 4 363 3 354 1 434 1 436 2 186 1 439 1 129 1 46 1 72 1 205 2 280 1 203 1 194 1 151 1 125 1 94 1 50 1 38 2 255 1 293 2 264 1 326 1 29 1 251 2
117 24 27 331 1 434 2 419 1 107 1 310 1 173 1 172 1 10 1 14 1 17 1 248 2 125 1 516 1 38 1 211 1 326 1 4 1 170 1 64 1 340 1 15 1 267 1 141 1 295 1 328 1 329 1 294 1
197 44 25 320 1 20 1 214 1 65 1 77 1 270 1 330 1 112 1 119 1 18 1 425 2 373 1 407 1 376 1 378 1 381 2 1 1 331 1 118 1 8 1 310 1 172 1 17 1 60 3 324 1
66 15 22 62 1 335 1 435 1 126 2 113 1 281 1 311 1 373 1 407 2 376 1 378 2 381 3 1 2 118 2 331 2 61 1 78 1 8 1 108 1 313 1 272 2 437 1
//IdTournes NbColis
18 6
//IdColis IdCommandeInColis NbProducts IdProd1 QtyProd1 IdProd2 QtyProd2 ...
28 6 28 307 1 257 1 305 1 268 1 112 1 119 1 111 1 239 1 359 1 486 1 88 1 70 1 113 1 281 1 311 1 367 1 373 1 407 1 376 1 553 1 378 1 381 1 518 1 1 1 118 2 331 1 478 1 489 1
212 51 28 3 1 277 1 336 1 195 1 317 1 161 1 366 1 80 1 112 1 119 1 381 1 373 1 407 1 376 1 378 1 75 1 110 1 118 1 545 1 205 1 25 1 174 1 38 1 158 1 249 1 544 1 295 1 294 1
116 24 24 117 1 83 1 334 1 140 1 312 1 86 1 77 1 80 1 171 1 65 1 112 1 119 1 24 1 18 1 373 1 407 1 376 1 378 1 381 2 518 1 1 1 118 2 515 1 517 1
198 44 18 125 1 326 1 293 1 255 1 170 1 64 1 23 1 4 1 15 1 19 1 267 1 283 1 141 1 115 1 540 2 536 1 328 1 329 1
192 42 16 350 1 151 2 46 1 76 1 125 1 43 1 38 1 326 1 114 1 13 1 91 1 285 1 479 1 283 1 537 1 328 1
107 22 28 566 1 1 1 118 2 331 2 372 1 67 1 8 1 272 1 232 1 85 2 30 1 107 3 186 1 122 1 350 1 97 1 72 1 60 1 172 1 94 1 174 1 218 1 55 1 360 1 309 1 251 1 56 2 409 1
//IdTournes NbColis
19 6
//IdColis IdCommandeInColis NbProducts IdProd1 QtyProd1 IdProd2 QtyProd2 ...
194 43 32 90 1 270 1 112 1 119 1 208 1 24 1 385 1 373 1 376 1 378 1 381 1 383 1 118 1 75 1 110 1 372 1 377 1 357 1 386 1 107 1 291 1 375 1 194 1 210 1 17 1 97 1 167 1 138 1 211 1 326 1 292 1 380 1
3 1 21 260 1 195 2 289 1 320 1 317 1 20 2 140 1 6 1 352 1 124 1 506 1 77 1 270 1 112 1 119 1 18 1 373 1 407 1 376 1 378 1 381 1
24 5 29 18 1 103 1 486 1 373 1 407 1 376 1 378 1 381 1 75 1 110 1 118 2 78 2 8 1 85 1 276 1 122 2 76 1 60 2 79 2 14 1 84 1 248 1 172 1 125 1 255 1 326 1 269 1 4 1 294 1
50 11 25 86 1 77 1 80 1 65 1 330 1 112 1 119 1 24 1 18 1 121 1 103 1 88 1 373 1 407 1 376 1 504 2 378 1 381 2 75 1 110 1 118 2 78 2 8 1 290 1 105 1
60 14 26 206 1 214 1 77 1 270 1 112 1 119 1 24 1 18 1 103 1 126 1 373 1 407 1 376 1 378 1 381 1 75 1 110 1 118 1 8 1 131 1 78 2 272 3 419 1 105 1 127 2 64 1
71 16 31 86 1 63 1 124 1 81 1 65 1 270 1 112 1 119 1 359 1 373 1 407 1 376 1 378 1 381 1 110 1 118 1 144 1 137 1 290 1 291 1 129 1 17 1 97 1 210 1 138 1 139 1 94 1 326 1 211 1 292 1 294 1
//IdTournes NbColis
20 6
//IdColis IdCommandeInColis NbProducts IdProd1 QtyProd1 IdProd2 QtyProd2 ...
80 18 29 385 1 153 1 70 1 113 1 281 1 373 1 407 1 376 1 378 1 381 2 1 1 110 1 118 2 67 1 8 1 354 1 107 1 186 1 303 1 32 2 172 1 79 1 324 1 125 1 296 1 55 1 251 1 269 1 339 2
93 20 24 119 1 163 1 62 1 233 1 335 1 359 2 103 1 467 1 162 1 153 1 113 1 373 1 407 1 376 1 378 1 381 2 1 2 118 3 331 2 466 1 8 1 354 1 197 1 291 1
106 22 26 73 1 58 1 301 1 338 1 65 1 134 1 77 1 307 1 257 1 305 1 268 1 112 1 119 1 62 1 121 1 359 1 70 1 113 1 281 1 373 1 407 1 376 1 378 2 381 2 411 1 120 1
112 23 19 260 1 195 1 289 2 234 2 140 3 6 1 169 1 86 1 77 1 65 1 270 1 112 1 119 1 18 1 373 1 407 1 376 1 378 1 381 1
134 28 27 301 1 338 1 134 1 77 1 257 1 214 1 305 1 268 1 112 1 119 1 181 2 62 1 233 1 239 1 121 1 486 1 70 1 281 1 373 1 407 1 376 1 378 1 381 1 411 1 110 1 75 1 72 1
177 38 20 260 2 195 2 289 2 317 1 193 1 161 1 262 1 65 2 198 1 77 1 112 1 119 1 208 1 18 1 103 1 510 1 373 1 407 1 376 1 14 1
//IdTournes NbColis
21 6
//IdColis IdCommandeInColis NbProducts IdProd1 QtyProd1 IdProd2 QtyProd2 ...
185 40 26 62 1 233 1 121 1 126 1 373 1 407 1 376 1 378 1 381 1 1 1 331 1 118 2 78 2 272 3 201 3 107 1 284 1 200 1 203 1 46 1 205 1 125 1 38 1 114 1 13 2 283 1
191 42 26 305 1 112 1 119 1 18 1 62 1 121 1 126 1 113 1 373 1 407 1 376 1 378 1 381 1 1 1 331 1 416 1 118 1 78 2 272 3 462 1 201 3 107 1 310 1 284 1 350 1 296 1
74 17 27 308 1 148 1 149 1 106 1 396 1 145 1 77 1 152 1 156 1 268 1 257 1 392 1 153 1 129 1 146 1 151 1 32 1 94 1 154 1 158 1 15 1 147 1 393 1 389 1 283 2 394 1 115 1
61 14 26 85 1 310 1 201 3 426 1 129 1 47 1 122 1 10 1 172 1 60 1 248 1 125 1 174 4 255 1 211 1 326 1 29 1 133 1 4 1 170 1 15 1 44 2 267 1 141 1 521 1 294 2
38 8 20 88 1 367 1 535 1 75 1 110 1 118 1 78 3 272 3 30 1 201 4 291 1 47 1 32 3 96 1 97 1 248 3 203 1 60 1 194 1 210 1
162 34 23 25 1 94 1 55 2 309 1 114 1 13 1 288 1 339 3 23 1 93 1 249 1 325 2 91 1 287 1 247 1 285 1 147 1 406 1 92 1 35 1 283 1 409 1 365 3
//IdTournes NbColis
22 6
//IdColis IdCommandeInColis NbProducts IdProd1 QtyProd1 IdProd2 QtyProd2 ...
57 13 22 407 1 376 1 378 1 381 1 110 1 118 2 75 1 108 1 107 1 122 1 46 1 125 1 38 1 114 1 13 1 91 1 285 1 115 1 120 1 414 1 328 1 329 1
170 36 28 407 1 376 1 378 1 381 2 110 1 75 1 118 1 8 2 291 1 194 1 97 1 60 1 210 1 298 1 55 1 114 1 13 1 292 1 23 1 93 1 158 1 249 2 91 1 247 1 287 1 285 1 283 1 329 1
25 5 8 87 1 170 1 15 1 247 1 141 1 267 1 536 2 294 1
203 46 23 88 1 118 2 75 1 110 1 413 1 416 1 78 2 272 3 201 2 107 1 235 1 284 1 30 1 151 1 76 1 205 1 347 2 46 1 32 3 139 1 125 1 114 1 38 2
15 3 25 211 1 326 1 13 1 288 2 39 1 48 1 26 1 249 1 340 1 15 1 91 1 202 1 285 1 44 1 571 1 51 1 532 1 569 1 35 1 49 1 283 1 141 1 267 1 295 1 294 1
33 7 26 71 1 45 1 73 1 338 1 90 1 80 1 65 1 77 2 258 1 307 1 257 1 305 1 268 1 112 1 119 1 111 1 239 1 233 1 359 1 486 1 88 1 70 1 113 1 281 1 323 1 302 1
//IdTournes NbColis
23 6
//IdColis IdCommandeInColis NbProducts IdProd1 QtyProd1 IdProd2 QtyProd2 ...
86 19 24 98 1 57 1 193 1 160 1 71 1 356 2 58 1 301 1 338 1 214 1 77 1 307 1 257 1 305 1 268 1 224 1 119 1 62 1 239 1 233 1 121 1 486 1 529 1 153 1
29 6 21 8 1 67 1 78 3 313 1 272 4 354 1 447 1 201 5 107 1 186 1 310 1 60 1 89 1 172 2 151 1 248 1 296 1 55 1 43 2 25 1 414 1
166 35 31 151 3 60 1 138 1 38 1 25 1 94 1 174 1 114 1 309 1 13 1 288 1 23 1 33 1 93 1 158 3 249 1 91 1 247 1 236 1 287 1 285 1 147 1 92 1 35 1 267 1 283 2 488 1 414 1 490 1 295 1 294 1
186 40 6 202 1 91 1 285 1 414 1 328 1 329 1
30 6 16 25 1 174 1 251 1 339 1 56 1 64 1 23 1 243 1 170 1 236 1 44 1 68 1 361 1 302 1 487 1 329 1
68 15 18 288 2 269 1 23 1 33 1 158 1 39 2 243 2 15 2 44 1 68 1 35 1 346 1 438 2 409 2 295 1 328 2 329 1 294 4
//IdTournes NbColis
24 6
//IdColis IdCommandeInColis NbProducts IdProd1 QtyProd1 IdProd2 QtyProd2 ...
125 26 32 186 1 310 1 201 1 229 2 122 1 72 1 172 1 60 1 248 1 296 1 55 1 174 1 288 1 269 1 251 1 339 1 64 1 23 1 56 1 170 2 243 1 236 1 202 1 44 1 68 1 361 1 302 1 502 1 500 1 295 1 328 1 294 2
148 31 25 272 1 186 2 291 1 310 4 201 4 188 1 146 1 60 2 194 1 138 2 25 1 55 1 309 1 114 1 13 1 288 1 93 1 23 1 33 2 249 1 91 1 287 1 285 1 393 1 546 1
39 8 31 298 1 138 1 38 1 25 1 94 1 55 1 174 2 114 1 309 1 13 1 288 1 93 1 23 5 33 1 99 2 243 1 249 1 340 1 91 1 247 1 236 1 287 1 285 1 147 1 92 1 35 1 267 1 283 1 409 1 295 1 328 1
172 37 15 539 1 7 1 12 1 265 1 266 1 321 1 100 1 82 1 209 1 271 1 332 1 101 1 213 1 130 1 83 1
188 41 23 110 1 75 1 118 1 108 1 78 2 30 1 107 1 284 1 201 3 402 1 46 1 32 3 205 1 248 2 125 1 43 1 13 1 23 3 26 1 91 1 202 1 27 1 283 1
8 2 28 273 1 210 1 60 1 203 1 172 3 194 1 138 1 25 1 114 1 309 1 55 3 174 1 13 1 29 1 288 1 11 1 23 5 26 2 33 1 285 1 287 1 91 1 247 1 147 2 92 1 27 1 35 1 294 1
//IdTournes NbColis
25 6
//IdColis IdCommandeInColis NbProducts IdProd1 QtyProd1 IdProd2 QtyProd2 ...
79 18 21 319 1 245 1 6 1 63 3 71 1 45 1 73 1 338 1 65 1 134 3 77 1 257 1 305 1 112 1 119 1 62 1 239 1 233 1 335 1 359 1 159 1
100 21 19 351 5 324 4 138 1 125 1 50 1 55 3 174 1 225 1 114 1 255 1 264 2 251 1 269 1 64 1 23 6 26 3 4 1 249 1 302 1
11 3 11 109 2 277 2 306 2 53 1 185 1 230 1 209 1 271 1 259 3 315 1 20 1
108 22 12 56 1 133 1 39 1 170 1 243 1 325 3 340 2 236 2 247 1 19 1 361 1 294 1
81 18 8 56 1 23 1 243 1 44 1 19 1 302 1 120 1 294 2
2 1 13 274 1 271 1 101 1 259 2 336 2 315 2 333 1 355 1 344 2 213 1 5 1 246 2 9 1
//IdTournes NbColis
26 6
//IdColis IdCommandeInColis NbProducts IdProd1 QtyProd1 IdProd2 QtyProd2 ...
139 29 24 296 1 138 1 139 1 174 1 38 1 25 1 293 1 13 1 292 1 251 1 23 1 33 1 93 1 249 2 91 1 287 1 285 1 92 1 184 1 9 1 35 1 297 1 300 1 294 2
92 20 20 20 1 187 1 221 1 312 1 341 1 63 1 327 1 161 1 226 1 253 1 45 2 58 1 65 2 134 1 214 2 77 2 268 1 270 1 224 1 162 1
157 33 16 23 1 26 2 93 1 190 1 33 1 158 1 325 3 247 1 91 1 236 1 287 1 285 2 51 1 35 1 283 1 329 1
23 5 19 271 1 209 1 333 1 83 1 234 1 140 1 86 1 193 1 348 1 81 1 77 1 80 1 65 1 171 5 270 1 112 1 119 1 24 1 211 1
174 37 21 10 1 14 1 17 1 248 1 172 1 125 1 38 2 264 1 211 1 326 1 269 1 4 1 170 1 104 1 340 1 15 1 247 1 19 1 267 1 141 1 294 1
97 21 19 337 1 228 1 213 1 234 2 320 1 20 1 334 1 140 1 237 2 221 1 193 1 63 1 124 1 327 1 161 1 253 1 45 1 58 1 163 1
//IdTournes NbColis
27 6
//IdColis IdCommandeInColis NbProducts IdProd1 QtyProd1 IdProd2 QtyProd2 ...
6 2 16 34 2 22 1 31 1 271 1 28 1 320 1 20 3 237 1 193 1 278 2 268 1 270 2 90 1 119 1 112 1 32 1
156 33 21 272 2 30 1 201 4 291 1 32 4 97 1 194 1 60 1 248 3 210 2 298 1 138 1 38 1 25 1 55 1 174 1 114 1 309 1 13 1 288 1 23 4
18 4 21 337 1 332 2 101 1 227 1 228 1 57 1 193 1 63 1 71 1 73 1 58 1 338 1 301 1 65 1 257 1 214 1 258 1 268 1 112 1 119 1 55 1
27 6 21 100 1 250 1 332 1 337 1 101 1 227 1 228 1 304 1 193 1 63 1 71 1 45 1 73 1 58 1 301 1 338 1 80 1 65 1 77 1 258 1 122 1
65 15 20 234 1 20 1 40 1 63 1 124 1 136 1 204 1 123 1 45 2 58 1 279 3 134 2 90 1 77 1 278 1 152 1 268 1 270 1 224 1 282 1
123 26 21 227 1 228 1 304 1 28 1 234 1 20 1 57 1 140 1 193 1 63 1 71 1 45 2 73 1 65 1 134 1 214 1 77 1 268 1 307 1 257 1 305 1
//IdTournes NbColis
28 6
//IdColis IdCommandeInColis NbProducts IdProd1 QtyProd1 IdProd2 QtyProd2 ...
128 27 19 101 1 227 1 228 1 132 1 304 1 234 2 57 1 63 1 71 1 45 1 73 1 58 1 301 1 80 3 65 1 257 1 77 1 258 1 111 1
133 28 16 212 1 332 1 271 2 101 1 227 1 228 1 304 1 116 1 20 2 245 1 221 1 231 2 193 1 63 1 45 1 58 1
48 10 8 211 1 251 1 4 1 64 1 170 1 15 2 247 1 267 1
85 19 12 355 1 344 1 304 1 116 1 195 2 244 1 246 2 260 3 207 1 289 3 317 2 65 1
72 16 6 87 1 340 1 15 1 141 1 267 1 294 1
59 14 15 266 1 183 1 321 1 209 1 274 1 101 1 333 1 132 1 213 1 130 1 320 2 98 1 140 2 240 2 237 1
//IdTournes NbColis
29 6
//IdColis IdCommandeInColis NbProducts IdProd1 QtyProd1 IdProd2 QtyProd2 ...
111 23 14 100 1 209 1 271 1 263 2 336 2 318 2 333 1 355 1 362 1 213 1 168 1 83 1 246 2 19 1
142 30 13 336 2 318 1 362 2 333 1 83 1 28 2 246 2 207 1 260 2 195 1 244 1 289 2 19 1
151 32 18 148 1 168 1 83 1 260 2 195 2 289 2 234 1 320 1 317 1 98 1 6 1 312 1 40 1 90 1 112 1 119 1 311 1 1 1
176 38 14 263 1 259 1 336 2 318 2 333 1 355 1 362 2 213 1 168 1 83 1 244 1 246 2 207 1 6 1
155 33 17 193 1 124 4 327 1 152 2 90 2 278 1 268 1 112 1 119 1 311 1 75 1 110 1 118 2 67 3 78 3 272 2 328 1
64 15 13 321 1 95 1 31 1 59 1 230 2 189 1 209 2 337 1 228 2 117 1 28 1 234 2 206 1
//IdTournes NbColis
30 6
//IdColis IdCommandeInColis NbProducts IdProd1 QtyProd1 IdProd2 QtyProd2 ...
159 34 12 101 2 315 4 355 1 132 1 308 1 28 1 195 1 20 3 187 1 57 2 237 1 139 1
84 19 12 31 1 100 1 332 1 337 1 101 1 227 1 228 1 259 3 336 3 318 2 355 1 6 1
12 3 13 315 2 353 2 355 1 344 1 116 1 117 1 195 2 5 1 246 1 260 3 234 1 289 2 328 1
104 22 11 101 1 228 1 259 3 315 3 353 1 355 2 344 3 304 1 308 1 5 1 294 1
77 18 11 277 1 306 1 183 1 321 1 212 2 337 2 332 1 227 1 259 3 315 3 328 1
9 2 2 283 1 294 1
