//NbTournees
3
//IdTournes NbColis
1 6
//IdColis IdCommandeInColis NbProducts IdProd1 QtyProd1 IdProd2 QtyProd2 ...
2 1 9 84 1 125 3 1 4 14 1 26 4 22 3 82 2 32 1 5 1
6 2 11 106 1 127 1 20 2 21 1 24 2 114 4 108 1 118 1 119 1 1 2 26 2
10 3 25 33 1 40 1 22 2 32 2 89 1 53 1 96 1 58 3 94 1 65 1 15 1 120 1 62 1 54 1 67 2 4 1 63 1 64 1 2 1 8 4 52 1 45 1 61 1 66 1 43 1
3 1 16 53 1 3 1 29 2 30 1 31 1 34 1 39 1 98 1 25 4 96 1 41 1 91 2 123 1 35 1 37 1 10 1
13 4 21 26 1 56 3 75 1 22 1 89 3 38 1 98 1 28 1 55 1 65 1 44 1 62 2 67 1 48 1 4 1 57 1 12 1 10 1 69 1 17 4 60 1
16 5 16 22 1 27 2 32 1 77 1 90 1 87 1 122 1 96 2 5 2 37 1 95 1 92 1 86 3 124 1 111 2 112 1
//IdTournes NbColis
2 6
//IdColis IdCommandeInColis NbProducts IdProd1 QtyProd1 IdProd2 QtyProd2 ...
18 6 10 71 3 20 3 21 1 108 1 114 7 76 1 78 1 93 1 26 2 73 1
7 2 10 6 4 22 2 32 3 89 1 131 1 25 2 96 1 91 1 126 1 92 1
1 1 13 106 1 7 1 20 4 21 2 114 1 16 1 18 1 19 1 23 1 36 1 79 1 84 1 41 1
15 5 15 7 1 20 1 21 2 114 2 100 1 16 1 19 1 74 1 81 1 83 1 125 2 26 4 22 1 111 1 103 2
4 1 23 85 1 46 1 58 3 86 3 94 2 55 4 65 2 137 2 9 1 44 3 135 1 62 2 138 1 49 1 54 3 67 1 63 1 17 2 8 5 130 3 42 1 59 1 134 1
19 6 17 26 1 22 2 89 3 97 1 25 1 96 1 101 1 99 1 115 1 104 1 102 1 121 1 9 1 62 1 110 1 109 1 8 2
//IdTournes NbColis
3 4
//IdColis IdCommandeInColis NbProducts IdProd1 QtyProd1 IdProd2 QtyProd2 ...
17 5 17 65 3 116 1 120 1 72 1 44 1 62 1 49 1 67 1 63 1 129 1 11 1 105 2 17 1 42 1 61 1 113 1 59 1
8 2 14 92 1 102 1 86 4 94 1 133 1 65 1 13 2 62 1 128 1 49 2 136 1 105 1 17 2 107 2
12 4 9 139 1 68 1 20 2 24 2 80 1 114 7 50 1 88 1 26 2
9 3 8 106 1 132 1 47 1 51 1 70 1 117 1 114 6 26 1
