//NbTournees
5
//IdTournes NbColis
1 6
//IdColis IdCommandeInColis NbProducts IdProd1 QtyProd1 IdProd2 QtyProd2 ...
2 1 19 82 1 79 2 85 2 107 1 87 1 93 1 108 1 185 1 113 1 203 1 130 2 131 1 208 1 209 1 211 1 223 1 205 2 10 1 23 1
6 2 13 5 6 263 2 250 1 232 2 235 2 1 1 17 1 22 2 25 1 26 1 78 1 79 2 82 1
13 3 17 79 2 103 3 85 2 87 1 113 1 130 2 131 1 117 1 93 1 108 1 134 1 136 1 208 1 209 1 223 1 44 1 105 1
18 4 17 79 2 82 4 98 1 85 2 87 1 110 1 113 1 117 1 108 2 122 1 123 1 124 1 208 1 209 1 94 1 31 1 23 1
25 6 26 63 1 157 1 144 1 56 1 138 1 143 1 122 1 124 1 110 1 113 1 158 1 159 1 149 1 142 1 152 1 153 1 137 1 154 1 155 1 141 1 71 1 145 1 156 1 41 1 150 1 148 1
27 7 24 264 1 144 1 143 1 167 1 168 1 124 1 134 1 110 1 174 1 113 1 175 1 265 1 166 1 173 1 164 1 160 1 67 1 172 1 71 1 170 1 165 1 70 1 162 1 47 2
//IdTournes NbColis
2 6
//IdColis IdCommandeInColis NbProducts IdProd1 QtyProd1 IdProd2 QtyProd2 ...
29 8 25 176 1 184 1 63 2 144 1 178 1 179 1 183 1 185 1 122 1 113 1 187 1 56 1 166 1 69 1 173 1 189 1 177 1 186 1 67 1 172 1 181 1 71 1 70 1 47 1 62 1
10 2 39 91 1 10 5 12 3 21 1 36 1 89 3 86 1 90 1 80 2 84 3 92 2 111 2 116 2 125 2 15 1 29 2 11 2 34 1 237 1 241 1 252 2 20 2 7 2 14 1 4 5 13 3 233 2 27 3 243 1 251 2 32 1 238 3 240 3 242 3 259 2 30 1 253 3 239 2 6 5
14 3 22 44 3 133 1 77 1 81 1 97 1 95 1 132 2 135 1 112 1 115 1 212 2 215 1 217 1 104 1 94 1 128 1 129 1 121 2 126 1 127 1 114 1 13 1
23 5 22 63 1 56 1 68 1 18 1 25 1 138 2 143 1 195 1 124 1 134 1 196 1 110 1 113 1 198 1 117 1 69 1 173 1 197 1 189 1 57 1 71 1 194 1
3 1 24 206 1 77 1 81 1 97 1 106 1 109 1 95 1 204 1 207 1 132 1 249 1 112 1 115 1 212 1 215 1 217 1 137 1 94 1 121 2 126 1 128 1 129 1 248 1 28 1
7 2 18 82 2 85 2 87 1 93 1 199 1 185 1 108 2 134 1 113 1 203 1 209 1 130 2 131 1 223 1 208 1 38 2 94 1 31 2
//IdTournes NbColis
3 6
//IdColis IdCommandeInColis NbProducts IdProd1 QtyProd1 IdProd2 QtyProd2 ...
8 2 17 38 1 83 1 197 2 33 1 77 2 81 1 95 2 132 2 135 1 112 1 115 2 212 2 215 2 217 1 261 1 94 1 121 1
19 4 15 224 1 130 2 131 1 223 2 118 1 77 2 81 1 97 1 95 2 132 2 112 1 115 2 212 2 215 2 10 1
20 4 27 217 1 55 1 225 1 227 2 229 1 54 1 94 1 119 1 121 2 126 2 220 1 222 1 226 1 120 1 114 2 219 3 213 2 236 1 256 1 255 1 96 1 228 1 10 4 52 2 74 1 51 1 31 1
15 3 40 120 1 231 1 213 2 219 2 45 1 236 4 40 1 41 3 10 5 268 1 102 1 12 3 21 3 43 2 101 3 47 3 48 2 89 2 86 1 90 1 80 2 84 1 92 2 111 1 116 1 15 1 29 2 244 1 271 1 11 2 230 3 252 2 237 1 241 1 16 1 20 2 8 1 7 2 42 1 4 1
1 1 15 5 6 245 1 250 1 232 2 235 2 1 1 17 1 18 1 19 1 22 2 25 1 26 1 78 1 82 2 23 1
4 1 49 114 1 246 1 213 2 219 1 10 4 12 3 21 4 210 1 89 2 86 1 90 1 80 2 84 2 92 2 111 1 116 1 125 1 28 1 247 1 15 1 29 2 244 1 11 2 237 1 241 1 252 2 16 1 20 2 7 2 8 1 14 1 24 1 234 2 9 1 4 5 2 1 13 3 233 2 27 3 243 2 251 2 238 4 240 4 242 2 3 1 239 2 253 3 6 5 23 2
//IdTournes NbColis
4 6
//IdColis IdCommandeInColis NbProducts IdProd1 QtyProd1 IdProd2 QtyProd2 ...
12 3 13 270 1 5 6 250 1 232 2 235 2 1 1 17 1 22 2 25 1 26 1 78 1 82 3 125 1
17 4 13 99 2 5 6 250 1 232 1 235 2 1 2 17 1 18 1 22 2 25 2 26 1 78 1 86 1
21 4 43 254 1 12 3 21 3 100 2 89 3 90 1 80 2 84 2 111 2 116 2 92 2 51 2 53 1 125 2 15 1 29 2 244 1 11 2 237 1 241 1 252 2 20 2 7 2 14 1 61 1 234 2 4 5 2 1 13 3 233 2 50 2 27 3 243 2 251 2 257 1 238 3 240 3 242 3 30 1 239 2 253 3 6 5 23 3
24 5 22 193 1 155 1 67 1 190 1 191 1 192 1 70 1 66 1 96 1 47 3 48 2 58 1 59 1 60 2 62 2 64 1 161 1 140 1 61 1 146 1 65 3 147 3
9 2 22 121 1 126 2 220 1 222 1 200 1 202 1 221 1 37 1 120 1 114 2 213 2 219 3 201 2 214 2 216 1 218 2 262 2 39 1 260 4 35 1 88 1 258 1
26 6 19 151 1 88 1 74 1 72 1 47 3 48 2 58 1 59 1 60 2 62 2 51 1 139 1 140 1 75 1 73 1 76 1 146 1 65 3 147 3
//IdTournes NbColis
5 3
//IdColis IdCommandeInColis NbProducts IdProd1 QtyProd1 IdProd2 QtyProd2 ...
28 7 15 151 1 47 1 48 2 58 1 62 2 59 1 60 2 169 1 171 1 51 1 163 1 161 1 140 1 147 3 65 3
30 8 18 47 1 48 2 58 1 60 2 62 1 59 1 51 1 140 1 188 1 180 1 267 1 16 1 4 1 266 1 146 1 182 1 147 3 65 2
16 3 20 14 1 272 1 61 1 234 2 269 1 4 4 2 1 49 1 13 2 233 2 46 3 27 3 251 2 243 2 238 3 240 3 242 3 253 3 239 2 6 5
