//NbTournees
4
//IdTournes NbColis
1 6
//IdColis IdCommandeInColis NbProducts IdProd1 QtyProd1 IdProd2 QtyProd2 ...
1 1 23 215 1 20 1 14 1 2 1 4 1 5 1 8 1 16 1 25 1 208 1 139 1 141 1 154 1 13 1 210 1 1 1 9 1 7 1 19 1 221 1 149 1 224 1 207 1
4 2 19 231 1 32 1 229 1 238 1 160 1 232 1 5 1 28 2 30 1 33 1 34 1 37 1 38 1 39 1 40 1 41 1 43 1 4 1 62 1
9 3 23 253 1 255 1 49 1 53 1 203 1 45 1 46 1 47 1 28 1 30 1 34 1 48 1 33 1 37 1 52 1 39 1 57 1 43 1 124 1 126 1 2 1 258 1 205 1
14 4 21 59 1 62 1 63 1 66 1 28 1 34 1 37 1 33 1 67 1 68 1 70 1 43 1 139 1 141 1 142 1 116 1 118 1 128 1 144 1 27 1 102 1
19 5 30 251 1 13 1 152 1 157 1 162 1 58 1 71 1 74 1 151 1 9 1 7 1 35 1 149 2 21 1 55 1 23 1 79 1 24 1 161 1 11 2 12 5 158 1 159 1 188 1 18 3 76 1 77 1 10 2 153 1 269 2
22 6 27 195 1 166 1 7 1 83 1 149 2 6 1 82 1 21 1 85 1 189 1 23 1 24 1 11 2 12 4 188 1 159 1 18 3 10 2 72 1 50 1 56 1 140 5 84 1 193 1 192 1 187 1 191 1
//IdTournes NbColis
2 6
//IdColis IdCommandeInColis NbProducts IdProd1 QtyProd1 IdProd2 QtyProd2 ...
2 1 29 6 1 21 1 222 1 189 1 220 3 23 1 24 1 11 2 12 5 18 2 22 1 10 1 3 1 15 1 17 3 140 5 213 1 218 2 209 1 26 1 153 4 216 1 187 3 211 3 212 2 214 2 219 1 223 1 217 1
25 7 22 7 1 19 1 35 3 165 3 167 1 89 2 149 1 21 1 55 1 173 1 23 1 24 1 11 2 93 1 12 5 170 1 18 2 10 1 56 1 140 5 169 1 88 5
21 6 21 194 1 81 1 190 3 160 1 4 1 8 1 30 1 48 1 68 1 139 1 141 1 154 1 172 1 186 1 80 1 196 1 9 1 86 1 185 1 12 1 192 1
6 2 23 106 1 61 1 151 1 138 1 168 2 184 1 125 1 237 2 19 1 117 1 182 1 123 1 176 1 27 1 55 1 177 1 226 2 113 1 60 1 227 1 228 1 236 1 178 1
12 3 31 27 1 189 1 60 1 197 1 54 1 188 1 159 1 245 1 22 1 50 2 180 1 258 1 254 1 257 1 44 1 51 1 97 3 98 3 56 1 140 5 133 1 109 1 111 1 132 1 65 3 110 2 102 1 99 2 100 2 252 1 206 1
28 8 23 95 1 104 1 27 1 244 2 189 1 103 1 245 1 107 3 44 1 97 2 98 2 140 4 109 1 111 1 65 3 110 2 112 1 102 1 99 2 100 2 101 1 239 1 246 6
//IdTournes NbColis
3 6
//IdColis IdCommandeInColis NbProducts IdProd1 QtyProd1 IdProd2 QtyProd2 ...
27 8 21 94 1 43 1 4 1 62 1 30 1 34 1 241 2 242 1 141 1 154 1 172 1 96 2 108 1 58 1 243 2 105 1 106 1 240 1 55 1 224 1 140 1
7 2 29 236 1 173 1 54 1 188 1 159 1 22 1 120 3 36 3 180 1 44 1 97 3 98 3 140 4 109 1 111 1 29 1 114 2 65 3 110 2 181 1 102 1 99 2 234 1 100 2 101 1 225 1 233 1 235 3 230 1
5 2 19 115 1 116 1 118 2 119 1 121 1 175 1 150 1 183 1 141 1 154 1 172 1 156 1 179 1 122 1 42 2 31 1 106 1 35 1 140 1
18 5 16 215 1 75 1 160 2 4 1 73 2 66 1 30 1 67 1 150 1 139 1 141 2 154 2 156 1 8 1 163 1 55 1
24 7 19 75 1 90 1 92 1 87 1 91 1 4 1 30 1 8 1 139 1 141 1 172 1 174 1 64 1 9 1 166 1 168 1 171 1 146 3 164 3
20 5 13 267 1 72 1 264 1 56 1 140 5 268 2 78 1 153 1 265 1 178 1 266 1 155 1 230 2
//IdTournes NbColis
4 4
//IdColis IdCommandeInColis NbProducts IdProd1 QtyProd1 IdProd2 QtyProd2 ...
15 4 20 145 1 130 1 131 1 172 1 156 1 241 1 242 1 261 1 251 1 154 1 157 2 147 1 143 1 69 1 174 1 61 1 64 1 137 1 138 1 98 1
16 4 22 146 1 260 1 148 1 262 1 55 1 60 1 54 1 245 1 22 1 44 1 97 3 98 2 140 5 109 1 111 1 65 3 110 2 99 2 263 2 259 1 100 2 101 1
11 3 21 251 1 256 1 154 1 172 1 96 1 204 1 186 1 179 1 147 1 143 1 58 1 74 1 185 1 200 1 166 1 125 1 148 1 201 2 202 1 135 1 55 1
10 3 20 127 1 4 1 73 1 118 1 128 1 129 1 130 1 131 1 66 1 134 1 136 1 198 1 199 1 141 1 247 1 156 1 248 1 249 1 250 1 101 1
