//NbTournees
48
//IdTournes NbColis
1 6
//IdColis IdCommandeInColis NbProducts IdProd1 QtyProd1 IdProd2 QtyProd2 ...
21 5 17 486 2 145 1 295 2 97 1 108 1 126 1 151 2 244 1 221 3 206 1 234 1 333 1 338 1 305 1 347 1 24 1 32 1
93 25 12 178 1 163 2 558 3 97 1 109 1 119 1 126 1 144 2 151 3 203 3 321 1 620 1
101 26 13 158 1 98 1 156 1 512 1 152 1 332 1 590 1 538 1 122 1 142 1 495 1 35 1 12 1
104 27 21 127 1 326 1 336 1 98 1 254 1 301 1 407 1 586 1 27 1 110 1 132 1 460 1 285 2 136 1 360 1 138 1 147 1 217 1 318 2 363 2 66 1
108 28 16 226 1 338 1 347 2 348 2 436 1 611 1 435 1 98 1 121 2 128 1 131 1 154 1 160 2 156 2 245 1 530 1
112 29 21 227 1 231 1 379 1 338 1 386 1 347 1 348 1 40 1 111 1 148 1 218 1 473 1 98 1 154 1 355 1 380 1 384 1 385 1 219 2 230 1 24 1
//IdTournes NbColis
2 6
//IdColis IdCommandeInColis NbProducts IdProd1 QtyProd1 IdProd2 QtyProd2 ...
1 1 12 45 1 51 1 54 1 59 1 64 1 65 1 99 1 101 2 102 1 103 1 105 1 163 2
6 2 19 383 1 286 1 99 1 100 1 102 1 166 1 104 1 223 1 275 1 126 1 134 1 144 1 181 1 150 2 279 2 330 1 284 1 25 1 50 1
7 2 19 206 1 234 1 338 1 347 1 348 1 187 1 182 2 351 1 368 1 324 1 468 1 456 1 336 1 164 1 131 3 186 1 49 1 3 1 24 1
10 3 14 51 1 54 1 59 1 64 1 65 1 484 1 393 3 99 1 101 2 103 1 105 1 112 1 490 1 520 1
13 3 15 336 3 435 1 164 2 131 3 200 1 201 2 350 1 154 1 220 1 353 1 483 1 222 1 174 3 215 1 138 1
20 5 13 48 1 54 1 59 1 64 1 65 1 67 1 99 1 101 2 102 1 103 1 105 1 163 2 584 1
//IdTournes NbColis
3 6
//IdColis IdCommandeInColis NbProducts IdProd1 QtyProd1 IdProd2 QtyProd2 ...
25 6 19 383 2 56 1 286 1 99 1 100 1 102 1 104 1 105 1 275 1 486 2 558 1 119 1 260 1 126 1 250 1 180 2 183 1 107 1 24 1
29 7 14 51 1 54 1 59 1 64 1 65 1 78 1 56 1 99 1 100 1 102 1 166 1 104 1 223 2 38 1
33 8 15 45 1 99 1 101 1 102 1 104 1 105 1 163 1 486 2 113 1 126 1 180 1 183 3 244 1 157 3 49 1
36 9 17 51 1 54 1 59 1 64 1 99 1 101 1 102 1 103 1 105 1 163 1 486 1 558 1 112 1 126 1 151 2 221 1 36 1
37 9 20 221 1 226 1 227 1 430 1 338 1 423 1 305 1 347 1 348 1 111 1 218 1 473 1 433 1 164 1 200 1 424 3 467 1 39 1 171 1 31 1
39 10 15 76 1 51 1 54 1 59 1 64 1 65 1 117 1 99 1 101 1 102 1 103 1 105 1 163 1 147 1 24 1
//IdTournes NbColis
4 6
//IdColis IdCommandeInColis NbProducts IdProd1 QtyProd1 IdProd2 QtyProd2 ...
44 11 17 99 1 100 1 102 1 104 1 105 1 163 1 486 1 34 1 112 1 113 1 126 1 135 1 180 1 150 3 291 1 279 2 49 1
45 11 27 159 1 273 1 346 1 111 1 406 1 473 2 485 1 488 1 164 1 131 1 200 2 453 1 171 1 502 1 123 1 38 1 85 2 81 1 152 1 337 1 63 1 49 1 4 1 11 1 36 2 179 1 499 1
47 12 15 51 1 54 1 64 1 84 1 77 1 83 1 99 1 100 2 102 1 166 1 104 1 275 2 486 2 43 1 520 1
52 13 19 575 1 91 1 93 1 261 1 58 1 99 1 101 1 102 1 104 1 105 1 163 1 486 1 40 1 112 1 118 1 119 3 207 1 22 1 520 1
57 14 17 51 1 54 1 59 1 64 1 65 1 99 1 101 1 102 1 104 1 105 1 163 1 486 1 112 1 113 1 119 1 39 1 24 1
60 15 20 89 1 77 1 58 1 99 1 100 1 102 1 104 1 105 1 163 1 486 1 112 1 118 1 153 2 161 1 157 2 159 1 273 1 49 1 24 1 498 1
//IdTournes NbColis
5 6
//IdColis IdCommandeInColis NbProducts IdProd1 QtyProd1 IdProd2 QtyProd2 ...
61 15 21 234 1 346 2 111 1 202 1 115 2 435 1 164 2 156 3 365 1 188 1 205 1 489 1 136 1 508 1 43 2 62 2 49 5 5 2 179 1 510 2 504 1
63 16 16 51 1 54 1 59 1 64 1 65 1 90 1 99 1 100 1 102 1 104 1 105 1 163 1 486 1 112 1 118 1 24 1
66 17 15 64 1 65 1 51 1 54 1 59 1 91 1 56 1 99 1 100 1 102 1 166 1 104 1 223 2 63 1 24 1
69 18 17 64 1 51 1 54 1 59 1 92 1 99 1 101 1 102 1 103 1 105 1 163 1 486 1 112 1 126 1 150 2 520 1 96 1
73 19 18 48 1 64 1 65 1 54 1 59 1 393 1 99 1 100 1 102 1 166 1 104 1 223 1 275 1 112 1 190 1 62 1 24 1 32 1
74 19 17 126 1 192 1 180 1 183 1 159 1 204 1 279 1 273 1 346 2 518 1 428 1 111 1 340 1 197 2 336 2 164 1 131 1
//IdTournes NbColis
6 6
//IdColis IdCommandeInColis NbProducts IdProd1 QtyProd1 IdProd2 QtyProd2 ...
76 20 15 48 1 54 1 64 1 65 1 59 1 83 1 99 1 101 1 102 1 103 1 105 1 163 1 486 2 126 1 49 1
79 21 15 628 1 83 1 99 1 101 2 103 1 105 1 178 2 163 2 167 2 126 1 151 2 291 1 221 2 25 1 3 1
83 22 16 64 1 65 1 51 1 54 1 59 1 99 1 101 1 102 1 103 1 105 1 163 1 486 1 112 1 126 1 135 1 265 1
86 23 16 51 1 64 1 65 1 54 1 59 1 99 1 100 1 102 1 104 1 105 1 275 1 486 1 112 1 118 1 153 1 282 1
89 24 15 51 1 54 1 59 1 64 1 65 1 99 1 101 1 102 1 104 1 105 1 163 1 486 1 119 1 207 2 131 1
92 25 11 76 1 77 1 383 3 117 1 286 3 99 2 101 2 103 2 105 1 178 2 418 1
//IdTournes NbColis
7 6
//IdColis IdCommandeInColis NbProducts IdProd1 QtyProd1 IdProd2 QtyProd2 ...
100 26 18 594 1 99 1 101 1 102 1 104 1 105 1 163 1 486 1 118 1 141 1 153 1 155 1 157 2 159 1 161 1 162 1 465 1 336 1
102 27 18 664 1 575 1 383 2 286 2 99 1 101 1 102 1 104 1 105 1 163 1 486 2 466 1 126 1 129 1 134 1 143 1 340 1 24 1
107 28 14 393 1 99 1 101 2 102 1 103 1 105 1 163 2 486 2 126 1 151 3 221 3 226 1 336 1 520 1
111 29 15 91 1 99 1 100 1 102 1 104 1 105 1 275 1 486 1 112 1 113 2 126 1 135 1 150 3 279 2 206 1
115 30 17 99 1 101 1 102 1 104 1 105 1 163 1 486 1 185 1 112 2 126 1 135 1 180 1 183 2 159 1 279 2 273 1 81 1
116 30 24 515 1 346 1 111 1 182 1 184 1 164 2 364 1 171 1 39 1 533 1 281 1 455 1 272 1 49 4 70 1 173 1 36 1 528 1 499 1 33 1 536 1 35 1 520 1 3 1
//IdTournes NbColis
8 6
//IdColis IdCommandeInColis NbProducts IdProd1 QtyProd1 IdProd2 QtyProd2 ...
118 31 13 83 1 99 2 101 3 103 2 105 1 178 3 163 3 126 1 144 1 135 1 151 2 205 1 520 1
120 31 20 228 1 431 2 462 1 342 1 475 1 646 1 148 1 218 1 158 1 378 1 368 1 655 1 470 1 336 2 164 1 121 2 128 1 131 1 200 1 499 1
124 32 13 76 1 51 1 54 1 59 1 64 1 393 1 99 1 101 2 102 1 103 2 105 1 163 1 170 1
127 32 22 320 2 433 1 115 1 164 1 128 1 131 2 201 1 156 1 245 2 407 1 27 1 174 1 132 1 205 1 409 1 607 1 608 1 609 1 217 2 49 1 24 1 532 2
130 33 17 76 2 383 2 117 1 83 1 286 1 99 1 101 1 102 1 103 1 105 1 178 1 163 1 486 1 177 1 466 1 165 1 36 1
133 33 13 115 2 336 4 164 2 121 1 131 1 254 2 201 1 160 2 220 1 156 3 387 1 285 1 520 1
//IdTournes NbColis
9 6
//IdColis IdCommandeInColis NbProducts IdProd1 QtyProd1 IdProd2 QtyProd2 ...
136 34 17 99 1 100 1 102 1 166 1 104 1 223 2 275 1 189 2 118 1 153 1 183 1 244 1 157 3 159 1 161 1 588 1 520 1
137 34 20 273 1 234 1 346 1 445 1 340 1 198 1 336 1 164 1 128 1 131 1 200 1 201 2 220 2 156 1 610 1 288 1 409 1 412 1 411 1 530 1
139 35 14 99 1 101 2 102 1 103 1 105 1 163 2 486 2 126 1 192 1 150 3 204 2 206 1 221 1 5 1
140 35 16 221 2 354 1 338 1 274 1 408 1 234 1 347 1 348 2 30 1 106 2 198 1 164 1 400 1 586 1 27 2 175 1
142 36 21 652 1 383 1 117 1 393 1 286 1 99 1 101 1 102 1 104 1 105 1 191 1 163 1 486 1 112 1 113 1 118 1 135 1 153 2 203 1 316 1 24 2
143 36 19 203 1 161 1 157 3 159 1 273 1 346 1 111 1 418 1 158 1 164 1 220 1 156 1 424 1 452 1 196 2 222 1 27 1 171 1 648 1
//IdTournes NbColis
10 6
//IdColis IdCommandeInColis NbProducts IdProd1 QtyProd1 IdProd2 QtyProd2 ...
146 37 18 279 3 159 1 203 1 333 1 273 1 305 1 464 1 425 1 348 2 228 1 475 1 168 1 197 1 184 1 436 1 164 1 230 1 529 1
150 38 17 159 1 161 1 234 1 162 1 437 1 228 1 311 1 164 1 131 1 200 1 222 1 120 1 225 1 569 1 85 1 50 1 35 1
151 39 18 99 1 100 1 102 1 166 1 104 1 223 1 275 1 295 1 109 2 112 1 113 1 118 1 214 3 153 2 157 1 49 1 24 1 32 1
154 40 17 99 1 100 1 102 1 166 1 104 1 223 2 275 1 126 1 150 2 244 1 231 1 206 1 247 1 279 3 338 1 49 1 24 1
157 41 15 653 1 99 1 101 2 102 1 104 1 105 1 163 2 486 2 126 1 150 3 206 1 279 3 17 1 496 1 520 1
160 42 19 54 1 99 1 100 1 102 1 104 1 105 1 275 1 486 1 185 1 112 1 118 1 135 1 236 1 153 3 155 1 377 1 157 1 49 1 24 1
//IdTournes NbColis
11 6
//IdColis IdCommandeInColis NbProducts IdProd1 QtyProd1 IdProd2 QtyProd2 ...
164 43 17 656 1 658 1 657 1 416 1 83 1 99 1 101 1 103 1 105 1 178 2 163 1 126 1 236 1 237 1 150 3 244 1 4 1
168 44 18 56 2 99 1 101 1 102 1 104 1 105 1 163 1 486 1 112 1 126 1 208 1 209 1 135 1 180 1 150 2 279 3 179 1 24 1
172 45 18 117 1 99 1 101 1 102 1 103 1 105 1 163 1 486 2 145 1 266 2 295 1 112 1 126 1 135 1 150 3 244 1 279 1 66 1
176 46 18 99 1 101 1 102 1 104 1 105 1 163 1 486 2 118 1 250 1 153 2 255 1 161 1 244 1 157 3 159 1 55 1 24 1 532 2
180 47 13 84 1 99 1 101 2 103 1 105 1 178 2 163 2 295 1 207 2 126 1 192 2 151 3 72 1
184 48 14 48 1 54 1 59 1 64 1 65 1 628 2 99 1 100 1 102 1 104 1 105 1 275 1 35 1 24 1
//IdTournes NbColis
12 6
//IdColis IdCommandeInColis NbProducts IdProd1 QtyProd1 IdProd2 QtyProd2 ...
188 49 17 117 1 99 1 100 2 102 1 166 1 104 1 223 2 275 2 189 1 113 1 126 1 150 1 151 1 221 3 215 1 1 1 3 2
192 50 13 575 1 383 2 286 2 99 2 101 2 102 1 104 2 105 1 163 2 486 3 249 1 126 1 49 1
196 51 17 45 1 393 2 99 1 101 2 102 1 103 1 105 1 178 2 163 2 266 2 113 1 126 1 134 1 237 1 150 1 310 1 572 1
200 52 14 51 1 54 1 59 1 64 1 65 1 56 1 99 1 101 2 102 1 103 1 105 1 163 2 486 1 494 1
204 53 17 51 1 54 1 59 1 99 1 101 1 102 1 103 1 105 1 163 1 486 2 112 2 113 1 126 1 135 2 181 1 71 1 520 1
208 54 14 99 1 100 1 102 1 104 1 105 1 275 1 486 1 112 1 113 1 126 1 144 2 150 3 221 3 227 1
//IdTournes NbColis
13 6
//IdColis IdCommandeInColis NbProducts IdProd1 QtyProd1 IdProd2 QtyProd2 ...
212 55 18 99 1 101 1 102 1 103 1 105 1 163 1 486 2 145 1 165 1 259 1 126 1 135 1 192 1 237 1 214 1 150 2 244 1 340 1
216 56 17 90 1 56 1 58 1 99 1 101 2 102 1 104 1 105 1 163 2 486 2 260 1 126 1 262 1 181 1 150 2 291 1 35 1
220 57 18 383 2 83 1 286 1 99 1 101 1 102 1 104 1 105 1 163 1 486 2 113 1 267 1 167 1 126 1 135 1 250 1 150 2 234 1
225 58 16 99 1 101 2 102 1 104 1 105 1 163 2 486 2 126 1 144 1 150 2 221 2 279 1 321 1 206 1 205 1 662 1
230 59 19 56 1 99 1 100 1 102 1 104 1 105 1 275 1 486 1 118 1 135 1 153 2 157 2 159 1 161 1 273 1 234 1 639 1 228 1 615 1
232 60 19 99 1 100 1 102 1 104 1 105 1 275 1 486 1 118 1 180 1 183 1 157 2 159 1 203 1 273 1 274 1 346 2 34 1 49 1 24 1
//IdTournes NbColis
14 6
//IdColis IdCommandeInColis NbProducts IdProd1 QtyProd1 IdProd2 QtyProd2 ...
234 61 18 99 1 100 1 102 1 104 1 105 1 275 1 486 1 118 1 167 1 213 2 153 1 159 1 161 1 162 1 271 1 276 1 333 1 346 1
236 62 16 48 1 54 1 59 1 64 1 65 1 99 1 100 1 102 1 166 1 104 1 223 1 275 1 112 1 113 1 118 1 385 1
238 63 18 383 1 286 1 99 1 100 1 102 1 104 1 105 1 275 1 486 1 126 1 150 3 279 3 280 1 206 1 338 1 176 1 507 1 24 1
240 64 20 383 1 286 1 99 1 101 1 102 1 104 1 105 1 163 1 486 1 112 1 118 1 135 1 277 1 180 1 183 3 159 1 284 1 346 1 501 1 490 1
242 65 18 383 2 286 1 99 1 101 1 102 1 103 1 105 1 163 1 486 1 112 1 126 1 151 2 221 3 206 1 338 1 347 1 23 1 24 1
244 66 19 562 1 99 1 101 1 102 1 104 1 105 1 163 1 486 1 278 1 118 1 153 1 159 1 161 1 157 2 273 1 346 1 445 1 473 1 61 1
//IdTournes NbColis
15 6
//IdColis IdCommandeInColis NbProducts IdProd1 QtyProd1 IdProd2 QtyProd2 ...
247 67 20 575 1 90 1 56 1 99 1 101 1 102 1 103 1 105 1 163 1 486 1 266 1 118 1 146 1 153 1 157 2 227 1 159 1 161 1 171 1 53 1
250 68 17 90 1 99 1 101 1 102 1 104 1 105 1 163 1 486 2 126 1 135 1 150 3 244 1 206 1 279 3 66 1 33 1 24 1
253 69 20 99 1 100 1 102 1 104 1 105 1 275 1 486 1 112 1 118 1 129 1 135 2 213 2 214 1 153 1 255 1 161 1 159 1 502 1 492 1 24 1
256 70 15 48 1 550 1 59 1 64 1 65 1 56 3 99 1 100 1 102 1 166 1 104 1 223 1 275 1 35 1 1 1
259 71 16 48 1 54 1 59 1 64 1 65 1 99 1 101 1 102 1 104 1 105 1 163 1 486 2 118 1 135 1 289 1 24 1
262 72 17 99 1 100 2 102 1 104 1 105 1 163 2 486 2 108 1 112 1 118 1 119 1 135 1 213 3 153 1 57 1 130 1 24 1
//IdTournes NbColis
16 6
//IdColis IdCommandeInColis NbProducts IdProd1 QtyProd1 IdProd2 QtyProd2 ...
265 73 19 581 1 58 1 99 1 101 1 102 1 104 1 105 1 163 1 486 1 112 2 126 1 181 1 150 1 291 1 279 2 231 1 206 1 72 1 520 1
268 74 15 99 1 101 2 102 1 104 1 105 1 163 2 486 2 126 1 181 1 150 2 279 3 203 1 204 1 569 1 24 1
271 75 20 393 1 99 1 100 1 102 1 166 1 104 1 223 1 275 1 295 1 296 1 112 1 113 2 118 1 144 1 183 3 157 1 111 1 31 1 24 1 532 1
16 4 21 383 1 261 1 58 1 286 1 100 1 166 1 104 1 233 1 223 1 229 1 275 1 459 1 118 1 169 1 298 2 153 1 204 1 161 1 302 1 110 1 22 1
145 37 18 633 1 83 2 100 1 102 1 166 1 104 1 233 1 223 1 275 1 112 1 126 1 209 1 134 1 192 1 180 1 150 3 111 1 24 1
149 38 15 51 1 54 1 59 1 64 1 578 1 100 1 166 1 104 1 223 1 229 1 233 1 275 1 118 1 213 1 153 2
//IdTournes NbColis
17 6
//IdColis IdCommandeInColis NbProducts IdProd1 QtyProd1 IdProd2 QtyProd2 ...
274 76 19 653 1 90 1 383 1 286 1 100 1 102 1 166 1 104 1 233 1 223 1 275 1 108 1 112 1 118 1 135 1 214 1 183 2 161 1 157 1
277 77 16 100 2 102 1 166 1 104 1 233 1 223 2 275 2 296 1 113 1 118 1 208 1 134 1 192 1 180 2 183 1 24 1
281 78 16 48 1 550 1 59 1 670 1 64 1 299 1 100 1 166 1 104 1 233 1 223 1 229 1 275 1 415 1 113 1 43 1
285 79 18 594 1 383 1 591 1 286 1 100 1 166 1 104 1 233 1 223 1 229 1 275 1 112 1 118 1 207 1 298 2 153 2 159 1 346 1
289 80 16 59 1 575 1 91 1 77 1 383 2 56 1 286 1 100 1 102 1 166 1 104 1 233 1 223 2 275 1 295 1 388 1
294 81 16 100 1 166 1 104 1 229 1 233 1 275 1 118 1 298 3 153 2 159 1 161 1 162 1 304 1 305 1 306 1 128 1
//IdTournes NbColis
18 6
//IdColis IdCommandeInColis NbProducts IdProd1 QtyProd1 IdProd2 QtyProd2 ...
296 82 18 76 1 100 1 166 1 104 1 223 1 229 1 233 1 275 1 295 1 118 1 209 1 141 1 213 2 181 1 153 1 280 1 159 1 161 1
298 83 17 100 1 102 1 166 1 104 1 223 1 233 1 275 1 126 1 180 1 183 3 279 2 227 1 294 1 159 1 430 1 273 1 25 1
300 84 19 76 1 59 1 65 1 591 1 100 1 102 1 166 1 104 1 223 1 233 1 275 1 118 1 153 1 157 1 280 1 159 1 161 1 303 1 49 1
302 85 18 100 1 102 1 166 1 104 1 223 1 233 1 275 1 295 1 109 1 126 1 180 1 183 2 279 2 300 1 159 1 273 1 343 1 133 1
304 86 20 91 1 594 1 100 1 166 1 104 1 223 1 229 1 233 1 275 1 118 1 237 1 213 2 153 1 159 1 161 1 162 1 346 1 502 1 43 1 520 1
306 87 16 51 1 54 1 59 1 64 1 65 1 90 1 100 1 166 1 104 1 223 1 229 1 233 1 275 1 118 1 135 1 1 1
//IdTournes NbColis
19 6
//IdColis IdCommandeInColis NbProducts IdProd1 QtyProd1 IdProd2 QtyProd2 ...
308 88 14 76 1 51 1 54 1 59 1 64 1 65 1 100 1 166 1 104 1 223 1 229 1 233 1 275 1 219 1
311 89 17 100 1 102 1 166 1 104 1 223 1 233 1 275 1 118 1 236 1 181 3 153 2 157 2 227 1 159 1 161 1 179 1 24 1
314 90 19 484 1 100 1 102 1 166 1 104 1 233 1 223 1 275 1 295 1 112 1 118 1 298 3 153 2 159 1 203 1 161 1 133 1 35 1 24 1
317 91 20 100 1 102 1 166 1 104 1 233 1 223 1 275 1 112 1 113 1 126 1 135 1 277 1 150 2 316 1 206 1 279 3 49 1 24 1 32 1 532 1
320 92 19 383 1 393 1 56 2 286 1 100 1 166 1 104 1 223 1 229 1 233 1 275 1 112 1 126 1 135 1 180 1 183 2 157 3 5 1 24 1
323 93 16 48 1 550 1 59 1 64 1 604 1 117 1 56 1 100 1 102 1 166 1 104 1 223 1 233 1 275 1 118 1 313 1
//IdTournes NbColis
20 6
//IdColis IdCommandeInColis NbProducts IdProd1 QtyProd1 IdProd2 QtyProd2 ...
326 94 18 90 1 100 1 102 1 166 1 104 1 223 2 233 1 275 1 113 1 118 1 135 1 153 3 159 1 204 1 161 1 157 1 535 1 24 1
329 95 20 56 1 100 1 102 1 166 1 104 1 233 1 223 1 275 1 415 1 112 1 126 1 135 1 312 1 180 1 183 2 244 1 429 1 279 2 49 1 24 1
332 96 16 383 2 299 1 286 2 100 2 102 1 166 1 104 1 233 1 223 2 275 2 295 1 118 1 209 1 213 3 49 1 24 1
125 32 16 163 1 486 2 266 1 295 1 165 1 126 1 169 1 181 1 192 1 151 2 221 3 294 1 226 2 271 1 68 1 50 1
22 5 19 445 1 228 1 106 1 148 1 218 2 368 1 324 2 406 1 447 1 326 1 131 2 200 1 369 1 39 2 107 1 120 1 125 1 49 1 60 1
80 21 16 221 1 226 2 234 1 338 1 373 2 437 1 347 2 348 2 445 2 386 1 106 1 148 1 243 1 323 1 120 1 96 1
//IdTournes NbColis
21 6
//IdColis IdCommandeInColis NbProducts IdProd1 QtyProd1 IdProd2 QtyProd2 ...
95 25 16 347 2 348 1 445 2 34 1 106 1 148 1 218 2 184 1 323 1 406 1 436 1 468 1 447 1 473 1 115 2 529 1
126 32 18 338 1 605 1 373 2 437 1 347 2 348 1 445 1 386 1 47 1 228 2 431 1 462 1 106 1 168 1 322 1 184 2 528 1 1 2
198 51 34 488 1 640 1 156 1 188 1 215 1 588 1 403 2 404 1 57 1 85 1 199 1 392 1 410 1 349 1 590 1 81 1 140 2 21 1 82 1 62 1 49 4 4 2 644 1 579 1 648 1 530 4 526 1 41 1 79 1 10 1 536 1 35 1 12 1 53 1
205 53 13 192 2 151 2 244 1 221 3 226 2 338 1 305 1 347 2 348 1 228 2 340 1 106 1 107 1
227 58 20 463 1 451 2 468 1 473 2 482 1 336 1 384 1 196 1 188 2 132 3 114 1 248 1 593 2 398 1 481 1 217 1 287 1 590 1 499 1 520 1
278 77 16 183 2 157 2 159 2 231 1 247 1 273 1 464 1 346 2 612 1 386 1 315 1 168 1 327 1 218 2 188 1 33 1
//IdTournes NbColis
22 6
//IdColis IdCommandeInColis NbProducts IdProd1 QtyProd1 IdProd2 QtyProd2 ...
286 79 20 203 1 161 1 162 1 111 2 228 1 342 1 182 2 218 1 368 1 406 1 473 2 198 1 121 1 156 1 222 1 188 1 205 1 230 1 14 1 49 1
78 20 16 329 1 364 2 452 1 107 1 120 1 171 1 205 1 57 1 5 1 549 1 544 1 35 1 490 1 520 1 3 1 547 1
174 45 26 27 1 107 1 120 1 171 1 132 1 251 1 215 1 219 1 39 1 256 1 136 1 253 1 57 1 152 1 349 1 133 1 49 2 4 1 529 1 536 1 16 1 35 1 503 1 491 1 24 1 32 1
210 54 23 131 1 265 1 200 1 154 1 220 1 384 1 597 3 452 1 454 1 107 1 230 1 409 1 413 1 147 1 258 1 140 1 124 2 4 2 179 2 602 1 526 1 601 1 503 1
237 62 19 180 1 183 1 157 1 159 1 273 1 445 1 111 1 148 1 473 1 107 1 230 1 241 1 195 1 179 1 212 1 60 1 44 1 35 1 532 2
290 80 17 109 1 112 1 118 1 135 1 153 2 255 1 155 1 244 1 157 3 300 1 159 1 161 1 162 1 333 1 234 1 346 1 86 1
//IdTournes NbColis
23 6
//IdColis IdCommandeInColis NbProducts IdProd1 QtyProd1 IdProd2 QtyProd2 ...
27 6 23 148 1 336 3 131 1 200 1 154 1 369 1 424 1 452 1 222 1 110 1 288 1 317 1 409 1 412 1 285 1 366 1 62 1 49 4 5 1 210 1 36 3 20 1 35 1
241 64 16 157 3 273 1 111 1 243 1 222 1 110 1 171 1 390 1 285 1 68 1 337 1 513 2 137 2 122 1 35 1 24 1
303 85 19 346 3 445 1 121 1 245 1 380 1 477 1 110 1 219 1 288 1 460 1 49 1 116 1 527 1 522 1 526 1 529 1 23 1 35 1 537 1
2 1 16 486 2 30 2 34 1 40 1 47 1 113 1 207 1 126 1 151 2 247 1 255 1 221 2 226 1 338 1 228 1 15 1
40 10 15 486 2 558 1 145 1 113 2 126 1 150 2 206 1 244 1 279 3 204 2 234 1 338 1 373 1 49 1 603 1
54 13 20 382 2 464 1 346 3 386 2 111 1 263 1 340 1 323 1 629 1 131 1 385 1 196 1 222 1 171 1 588 1 25 3 88 1 38 1 57 1 142 1
//IdTournes NbColis
24 6
//IdColis IdCommandeInColis NbProducts IdProd1 QtyProd1 IdProd2 QtyProd2 ...
59 14 19 348 1 111 1 368 1 463 1 511 1 422 1 38 1 72 1 140 1 63 1 66 3 49 4 5 1 139 1 36 1 504 1 500 1 33 1 35 1
64 16 18 180 1 183 2 157 1 159 1 231 1 273 1 374 1 346 1 445 1 428 1 111 1 340 1 441 1 567 1 220 2 421 2 25 1 23 1
70 18 15 221 3 206 1 338 1 234 1 347 1 348 3 612 1 428 1 111 1 340 1 168 1 148 2 243 1 218 1 473 1
84 22 20 150 2 279 2 206 1 273 1 347 1 348 1 111 1 323 1 324 1 447 1 369 1 171 1 293 2 248 1 390 1 57 2 85 1 140 1 49 2 529 1
87 23 20 153 1 157 3 300 1 159 1 161 1 273 1 305 1 111 1 218 1 552 1 473 1 27 1 297 1 230 2 460 1 199 1 289 2 66 1 561 1 24 1
119 31 16 151 1 291 1 244 3 221 3 226 1 333 1 338 1 437 1 347 1 445 1 386 2 348 1 30 1 111 1 228 1 33 1
//IdTournes NbColis
25 6
//IdColis IdCommandeInColis NbProducts IdProd1 QtyProd1 IdProd2 QtyProd2 ...
132 33 19 226 2 338 1 343 1 305 1 464 1 465 1 347 2 348 1 445 1 111 1 228 1 340 1 149 1 158 1 368 1 438 1 473 1 132 1 50 1
161 42 18 157 2 159 1 331 1 161 1 162 1 271 1 382 1 346 1 111 1 197 1 148 1 242 1 243 2 376 1 378 1 634 1 572 1 19 1
169 44 16 330 1 159 1 331 1 273 1 343 1 346 4 111 1 334 1 646 1 168 1 197 1 148 2 341 1 611 1 127 1 220 1
173 45 22 279 2 206 1 338 1 234 1 347 1 348 1 445 1 30 1 111 1 334 1 340 1 342 1 339 1 655 1 55 1 115 1 336 1 201 1 477 1 196 1 502 1 31 1
185 48 18 486 1 112 1 118 1 129 1 135 1 250 1 180 1 183 2 159 1 157 2 227 1 273 1 305 1 346 1 445 1 428 1 111 1 49 1
201 52 16 486 1 295 1 112 1 126 1 135 1 250 1 237 1 180 2 181 1 183 3 279 3 316 1 159 1 273 1 49 1 24 1
//IdTournes NbColis
26 6
//IdColis IdCommandeInColis NbProducts IdProd1 QtyProd1 IdProd2 QtyProd2 ...
209 54 22 227 1 294 1 206 1 247 1 234 1 345 1 338 1 437 1 347 1 348 1 445 1 386 1 111 1 340 1 168 1 148 1 368 1 115 1 128 1 131 1 502 1 592 1
217 56 16 279 3 300 1 203 1 206 1 373 1 374 1 338 1 347 2 348 1 111 3 148 1 368 1 473 2 131 1 24 1 32 2
243 65 17 348 1 445 1 111 2 462 1 469 1 220 1 282 2 171 1 248 1 285 1 471 1 349 1 49 2 4 1 16 2 35 1 532 1
254 69 27 204 1 162 1 382 1 346 3 111 1 472 1 158 1 156 1 381 1 230 1 257 1 487 1 71 1 73 1 57 1 241 1 356 1 21 1 505 1 49 2 4 1 52 1 210 1 492 1 499 1 33 1 35 1
257 70 17 112 1 113 1 126 1 135 1 180 1 150 2 279 3 159 1 273 1 437 1 346 2 445 1 111 1 200 1 201 1 230 1 24 1
266 73 32 338 1 448 1 347 1 348 2 428 1 111 1 473 1 55 1 269 1 369 1 196 2 171 1 570 1 14 1 57 2 325 1 72 1 43 1 82 1 133 1 4 1 579 1 576 1 36 1 179 1 497 1 574 1 7 1 561 1 577 1 35 1 31 1
//IdTournes NbColis
27 6
//IdColis IdCommandeInColis NbProducts IdProd1 QtyProd1 IdProd2 QtyProd2 ...
269 74 18 206 1 273 1 347 2 348 2 111 1 342 1 148 2 327 1 115 1 121 2 131 1 200 1 156 1 586 1 120 1 288 1 642 1 569 1
275 76 18 157 2 159 1 273 1 437 1 443 1 445 2 111 1 342 1 311 1 441 1 121 2 240 1 156 2 288 1 230 1 285 1 199 1 24 1
299 83 24 346 1 111 1 228 1 342 1 475 1 283 1 57 1 199 1 241 1 72 1 538 1 534 1 49 1 5 1 36 1 122 1 494 1 7 1 526 1 41 2 6 1 79 1 35 1 12 1
318 91 28 273 1 347 1 348 1 518 1 306 1 111 1 436 1 201 1 314 1 230 1 516 1 517 1 14 1 281 1 366 1 332 1 455 1 124 1 133 1 49 1 139 1 122 1 130 1 50 1 41 2 28 2 35 1 537 2
330 95 19 279 1 159 1 273 1 346 2 446 1 111 1 434 1 438 1 115 3 435 1 121 1 156 1 288 1 230 1 533 1 667 1 363 2 140 1 179 1
3 1 18 347 2 445 2 242 1 368 1 341 1 473 1 447 3 456 1 336 1 435 1 154 1 353 1 369 2 380 1 257 1 1 1 24 1 32 1
//IdTournes NbColis
28 6
//IdColis IdCommandeInColis NbProducts IdProd1 QtyProd1 IdProd2 QtyProd2 ...
248 67 24 247 1 273 1 408 2 346 1 480 1 451 1 473 1 156 1 257 1 125 1 123 1 363 1 325 1 66 3 49 2 52 1 36 1 194 1 79 1 35 1 503 1 94 1 3 1 24 1
321 92 19 159 1 333 1 273 1 346 2 595 1 368 1 324 1 154 1 539 1 586 1 317 1 512 1 257 1 285 1 349 1 140 1 35 1 542 1 24 1
4 1 23 452 2 114 1 409 1 516 1 38 1 46 1 57 3 217 1 318 2 289 1 372 3 258 2 140 2 63 1 172 1 2 2 21 1 124 2 49 2 4 3 173 1 36 3 122 1
42 10 21 220 1 156 1 364 1 27 1 222 1 132 1 219 1 114 1 199 1 152 1 325 1 410 1 599 1 538 1 133 1 62 1 5 1 137 1 36 1 194 1 35 1
113 29 28 512 1 114 1 270 1 123 1 38 1 281 1 366 1 81 1 66 1 133 1 49 5 4 2 52 1 116 1 139 2 36 1 529 1 13 1 20 1 42 1 615 1 33 3 507 1 35 1 654 1 542 1 532 2 547 2
190 49 23 114 1 328 1 319 2 409 1 625 1 147 1 199 1 318 2 287 1 362 1 410 1 140 1 66 4 613 1 133 1 49 2 179 1 130 2 26 1 60 1 627 1 13 1 35 1
//IdTournes NbColis
29 6
//IdColis IdCommandeInColis NbProducts IdProd1 QtyProd1 IdProd2 QtyProd2 ...
202 52 20 346 1 34 1 340 1 475 1 197 1 326 1 336 1 220 1 449 1 454 1 114 1 248 1 270 1 136 1 57 1 241 5 363 1 289 1 370 1 410 1
231 59 12 245 1 120 1 114 1 642 1 593 1 524 1 643 1 618 1 645 1 494 1 35 1 647 1
270 74 9 114 1 328 1 136 1 72 2 238 1 49 2 137 1 194 1 35 1
96 25 17 115 2 435 1 131 2 160 1 314 1 220 1 156 1 387 1 353 2 355 1 369 2 381 1 483 2 452 1 586 1 642 1 529 1
177 46 17 162 1 234 1 445 1 612 1 228 1 340 1 323 1 368 1 198 1 358 1 115 3 336 3 121 1 254 1 220 1 407 1 68 1
206 53 29 148 1 324 1 326 1 115 1 336 1 156 1 171 2 132 1 215 1 420 1 147 1 325 2 524 1 62 1 49 4 4 2 139 1 210 1 36 1 195 2 509 1 122 1 497 1 50 1 602 1 42 1 35 1 600 1 542 1
//IdTournes NbColis
30 6
//IdColis IdCommandeInColis NbProducts IdProd1 QtyProd1 IdProd2 QtyProd2 ...
251 68 29 338 1 347 1 348 1 228 1 340 1 540 1 115 1 336 1 154 1 220 1 196 1 132 1 136 1 217 1 287 2 289 1 534 1 49 2 4 1 195 1 541 1 529 1 546 2 13 2 35 1 543 1 542 1 548 1 547 1
67 17 22 275 1 118 1 207 1 153 2 244 1 157 1 159 1 204 1 161 1 162 1 430 1 346 1 518 1 334 1 583 1 340 1 469 1 336 1 288 1 588 1 49 1 532 2
121 31 23 154 1 220 1 156 2 301 1 407 1 449 1 452 1 120 1 174 1 132 1 219 1 559 1 136 2 283 1 508 1 57 1 85 1 199 3 318 1 362 1 281 2 72 1 179 1
282 78 18 118 1 119 1 207 1 135 1 153 3 255 1 157 2 159 1 161 1 273 1 425 1 426 1 428 1 315 1 334 1 168 1 508 1 24 1
309 88 27 307 1 118 1 153 1 291 1 255 1 157 1 159 1 204 1 161 1 162 1 276 1 346 1 148 1 473 1 156 1 452 1 607 1 73 1 82 1 49 2 5 1 509 1 122 1 35 1 22 1 24 1 532 2
17 4 22 159 1 162 1 397 1 382 1 346 1 389 1 340 1 371 1 462 1 469 1 472 1 351 1 368 1 450 1 433 1 336 1 121 1 201 1 186 1 245 1 29 1 35 1
//IdTournes NbColis
31 6
//IdColis IdCommandeInColis NbProducts IdProd1 QtyProd1 IdProd2 QtyProd2 ...
31 7 26 242 1 439 1 121 1 290 1 245 1 196 1 288 1 335 1 440 1 442 1 444 1 68 1 80 1 57 2 72 3 176 1 49 3 5 1 11 2 70 1 36 1 61 1 69 1 35 1 87 1 24 1
50 12 15 121 1 131 1 154 1 156 1 586 2 27 1 219 1 289 1 538 1 133 2 49 1 5 1 137 1 36 2 587 1
71 18 18 473 2 121 2 201 1 154 1 156 2 301 1 424 1 171 1 293 1 409 1 123 2 199 1 287 1 362 1 366 2 349 1 95 2 133 2
81 21 21 473 1 264 1 358 1 121 1 265 2 245 1 355 1 598 2 132 2 440 1 427 1 318 1 289 2 140 1 239 1 66 4 62 1 564 1 49 2 491 1 532 1
186 48 21 315 1 340 1 197 1 436 1 447 3 121 1 220 1 387 1 424 1 586 1 230 1 125 1 390 1 370 1 176 1 66 2 62 1 49 3 4 1 70 1 549 1
189 49 19 309 1 206 1 338 1 347 2 445 2 34 1 218 1 336 3 121 2 200 1 424 1 384 1 385 1 215 1 219 1 560 1 49 1 24 1 96 1
//IdTournes NbColis
32 6
//IdColis IdCommandeInColis NbProducts IdProd1 QtyProd1 IdProd2 QtyProd2 ...
272 75 19 157 2 227 1 316 1 159 1 161 1 273 1 346 1 184 1 326 1 121 1 220 1 156 1 387 1 381 1 27 1 251 1 205 1 230 2 390 1
291 80 18 30 1 340 1 475 1 268 1 158 1 436 1 451 1 388 1 336 1 121 1 128 2 131 1 154 1 220 3 156 1 381 1 222 1 288 1
305 86 24 311 1 121 1 598 1 125 1 427 1 80 1 199 1 590 1 631 1 63 1 49 2 4 4 11 1 52 1 579 1 139 1 122 1 510 1 130 2 528 1 13 2 33 1 632 1 35 1
11 3 15 178 2 163 2 167 1 126 1 144 1 151 3 221 3 203 1 321 1 226 1 430 1 234 1 419 1 55 1 49 1
222 57 17 418 1 340 1 168 1 148 1 308 1 336 1 200 1 254 2 201 1 220 2 245 2 369 2 421 1 424 2 222 1 132 1 50 1
8 2 34 200 1 154 1 314 1 220 3 269 1 452 1 476 1 27 1 328 1 442 1 566 1 285 1 25 1 176 1 172 1 62 1 564 1 49 1 52 1 179 2 122 3 130 2 60 1 61 1 41 1 44 1 18 1 28 1 20 1 568 1 16 1 35 1 31 1 19 1
//IdTournes NbColis
33 6
//IdColis IdCommandeInColis NbProducts IdProd1 QtyProd1 IdProd2 QtyProd2 ...
68 17 15 559 1 136 1 585 1 49 1 5 1 36 1 122 1 26 1 592 2 506 1 44 1 10 1 499 1 35 1 542 1
82 21 9 49 2 4 1 11 1 137 1 122 2 626 1 61 1 9 1 491 1
85 22 16 49 1 4 4 210 2 36 1 195 1 179 1 122 1 528 3 529 1 521 2 33 1 35 1 22 1 491 2 520 1 532 1
109 28 23 402 1 407 1 598 1 27 3 293 1 403 1 344 3 517 1 427 1 217 1 318 2 337 1 619 1 124 1 133 1 70 1 122 1 617 1 130 3 74 1 622 2 35 1 542 1
122 31 21 410 2 471 1 349 2 66 1 505 1 133 1 49 4 139 2 36 1 509 1 122 1 663 1 130 1 41 1 627 1 13 2 74 1 10 1 536 1 9 1 12 1
128 32 26 318 3 287 3 366 1 289 1 432 2 337 1 372 1 554 1 455 1 519 1 175 1 613 1 82 1 292 1 564 1 49 1 52 1 139 1 122 2 587 1 28 1 13 2 16 1 9 1 542 1 532 1
//IdTournes NbColis
34 6
//IdColis IdCommandeInColis NbProducts IdProd1 QtyProd1 IdProd2 QtyProd2 ...
134 33 29 355 1 461 1 449 1 477 1 344 1 559 1 71 1 57 1 281 3 356 1 471 1 81 1 176 1 643 1 43 1 49 2 5 1 579 1 36 1 509 1 122 3 50 1 60 1 61 2 500 1 13 1 536 1 507 1 35 1
138 34 13 25 1 57 1 85 1 152 2 133 1 49 2 193 1 36 1 122 1 130 1 587 1 626 1 35 1
144 36 11 285 1 57 1 281 1 49 2 4 1 52 1 122 1 194 1 626 1 41 1 35 1
147 37 20 131 1 186 1 329 1 232 1 335 1 517 1 241 2 152 1 325 1 43 1 82 1 124 1 49 2 5 3 11 1 36 1 122 1 510 1 497 1 35 1
166 43 27 219 1 533 1 403 1 411 1 427 1 46 1 85 1 318 1 287 2 410 1 176 1 140 1 524 1 133 1 49 2 579 1 36 1 122 1 142 2 530 1 50 1 620 1 35 1 542 1 19 2 32 1 532 1
178 46 26 624 1 452 1 288 1 533 1 125 1 412 1 642 1 38 2 73 1 46 1 372 1 63 1 66 1 643 1 124 1 62 2 49 3 137 3 509 1 122 1 592 2 506 1 500 1 44 1 35 1 542 1
//IdTournes NbColis
35 6
//IdColis IdCommandeInColis NbProducts IdProd1 QtyProd1 IdProd2 QtyProd2 ...
182 47 26 324 1 655 1 198 1 156 1 252 1 219 1 125 1 366 1 332 1 63 1 49 5 4 1 52 1 137 4 179 3 648 1 122 1 510 1 497 1 526 1 44 2 13 1 35 1 31 1 520 1 32 1
194 50 30 381 2 588 1 125 1 232 1 474 1 285 2 68 1 502 1 71 3 38 2 73 1 57 1 199 1 318 1 49 2 4 1 52 1 173 2 122 2 50 3 61 1 529 1 603 1 9 1 636 1 520 1 96 1 32 1 532 1 547 1
214 55 22 606 1 424 1 610 1 614 1 132 2 205 1 125 1 420 1 411 1 565 1 318 1 332 3 356 1 133 1 122 1 130 1 495 3 615 1 616 1 542 1 8 1 520 1
228 58 33 287 1 289 1 332 1 395 1 432 1 349 1 557 2 72 1 81 1 66 1 272 1 43 3 124 3 49 7 4 2 139 1 70 1 36 1 86 1 122 1 41 1 6 1 529 1 546 1 35 1 665 1 666 2 503 2 520 1 3 1 32 2 532 1 498 1
235 61 14 465 1 197 1 436 1 463 1 198 1 269 1 598 1 427 1 68 1 43 1 193 1 122 1 35 1 491 1
279 77 21 131 2 254 1 220 1 241 1 287 1 357 1 410 1 599 1 63 1 538 1 49 2 618 1 623 1 195 2 122 2 571 1 194 1 530 1 37 1 35 1 31 1
//IdTournes NbColis
36 6
//IdColis IdCommandeInColis NbProducts IdProd1 QtyProd1 IdProd2 QtyProd2 ...
315 90 19 162 1 408 1 475 1 148 2 308 1 131 2 314 1 219 1 288 1 230 1 512 1 363 1 366 1 325 1 356 1 513 1 122 1 506 3 42 1
327 94 25 157 2 273 1 131 1 381 1 523 1 404 1 123 1 199 1 241 1 363 1 281 1 289 1 337 1 349 3 519 1 524 1 401 1 534 1 133 1 394 1 535 4 529 1 521 1 35 1 525 1
23 5 22 248 1 412 1 136 3 147 1 332 3 582 1 590 1 140 3 2 1 124 2 49 1 4 4 11 3 52 1 589 1 137 1 130 1 587 1 7 1 35 1 12 2 503 1
170 44 20 245 1 171 1 215 1 344 2 566 1 85 1 337 1 72 1 66 3 82 1 124 1 62 1 49 2 5 1 36 3 645 1 50 1 602 1 44 1 35 1
245 66 24 187 1 473 1 55 1 131 1 364 1 551 1 248 2 136 2 283 1 199 1 241 1 152 1 224 1 66 1 524 1 172 1 124 1 238 2 49 4 526 1 74 1 35 1 491 1 24 1
292 80 27 222 1 27 1 230 1 512 1 344 1 285 1 392 1 356 1 372 1 455 1 349 1 2 2 124 1 238 1 49 2 4 1 193 1 173 1 130 1 142 1 641 1 50 1 602 1 44 1 35 1 491 2 24 2
//IdTournes NbColis
37 6
//IdColis IdCommandeInColis NbProducts IdProd1 QtyProd1 IdProd2 QtyProd2 ...
307 87 18 213 1 153 3 244 1 159 1 309 1 204 1 161 1 157 1 162 1 365 2 125 1 136 1 85 1 124 1 50 1 35 1 503 1 31 1
30 7 17 275 1 295 1 126 1 180 1 181 1 150 2 255 1 244 1 206 1 279 3 316 1 273 1 373 1 437 1 425 1 340 1 128 1
48 12 12 266 1 415 2 47 2 126 1 135 2 250 1 151 2 203 3 221 3 226 2 488 1 35 1
58 14 14 126 1 208 1 150 3 221 3 246 1 206 1 338 1 274 1 408 1 234 2 305 1 347 1 348 2 32 1
75 19 12 364 1 353 2 230 1 125 1 14 1 199 1 49 2 15 1 530 1 531 1 44 1 35 1
90 24 16 126 1 208 1 211 1 180 1 150 2 159 1 279 2 273 1 305 1 346 3 348 1 30 1 216 1 539 1 385 1 532 1
//IdTournes NbColis
38 6
//IdColis IdCommandeInColis NbProducts IdProd1 QtyProd1 IdProd2 QtyProd2 ...
131 33 11 126 1 129 1 135 2 192 1 250 2 151 3 255 1 244 3 247 1 221 3 377 1
34 8 27 159 1 273 1 234 1 346 1 386 1 340 1 218 1 336 1 128 1 131 1 254 1 553 1 29 1 39 1 132 1 457 1 46 1 372 2 410 1 554 1 401 1 292 1 394 1 49 1 5 1 50 1 24 1
155 40 20 347 2 348 2 445 1 30 1 170 1 340 1 342 2 451 1 336 1 454 1 288 1 512 2 248 1 232 1 403 1 409 1 136 1 199 1 524 1 32 1
193 50 16 180 2 183 2 157 3 159 1 204 2 273 1 445 1 34 1 218 1 473 1 128 1 200 1 201 1 156 1 592 1 620 1
263 72 19 153 2 161 1 159 1 162 1 514 1 373 2 437 1 425 1 428 1 228 1 473 1 336 1 128 1 245 3 325 1 2 1 82 1 35 1 24 1
324 93 22 153 2 157 1 159 1 161 1 162 1 408 1 346 2 170 1 334 1 148 1 436 1 473 1 470 1 128 1 131 1 154 1 369 1 564 1 137 1 509 1 603 1 33 1
//IdTournes NbColis
39 6
//IdColis IdCommandeInColis NbProducts IdProd1 QtyProd1 IdProd2 QtyProd2 ...
165 43 20 206 1 279 3 338 1 234 1 347 1 348 2 315 1 340 2 235 1 422 1 336 1 131 1 417 1 610 1 132 1 215 1 219 1 73 1 576 1 520 1
5 1 12 26 2 130 2 194 1 50 1 61 1 6 1 23 1 13 1 10 1 35 1 8 1 32 1
55 13 16 57 1 72 3 199 1 140 1 63 2 2 1 534 1 49 3 52 1 4 2 210 1 130 2 50 1 61 1 35 1 8 1
62 15 11 497 1 130 3 50 3 506 1 494 1 7 1 496 1 35 1 31 2 491 1 19 2
141 35 15 132 1 219 1 413 1 287 1 362 1 401 1 43 1 5 2 11 1 179 1 130 1 494 1 41 1 35 1 19 1
273 75 11 241 2 176 1 172 1 49 5 36 1 130 1 592 1 526 1 529 1 35 1 630 1
//IdTournes NbColis
40 6
//IdColis IdCommandeInColis NbProducts IdProd1 QtyProd1 IdProd2 QtyProd2 ...
41 10 17 443 1 347 1 348 2 342 1 340 1 475 2 182 1 324 2 406 1 473 1 447 1 456 1 320 2 336 1 131 2 43 1 49 1
77 20 16 180 2 181 1 183 2 244 1 294 1 159 1 204 1 279 3 273 1 346 2 340 1 336 1 131 1 329 1 508 1 49 1
152 39 20 157 1 159 1 161 1 321 1 273 1 305 1 346 1 612 1 340 1 371 1 197 1 324 1 611 1 131 1 186 1 220 2 156 1 385 1 136 1 43 1
213 55 17 221 3 206 1 271 1 333 1 338 1 347 1 348 1 158 1 324 1 451 1 336 1 435 1 131 2 220 1 359 1 407 1 620 1
218 56 22 131 1 200 1 364 1 365 1 369 1 624 1 453 1 27 3 420 1 367 1 136 1 287 1 281 1 366 1 372 1 349 1 505 1 133 1 36 2 494 1 41 1 498 1
301 84 22 162 1 346 1 30 1 197 1 406 1 131 1 301 1 219 3 73 1 62 1 596 1 49 1 4 1 11 1 137 1 16 1 561 1 35 1 503 1 491 1 24 1 532 3
//IdTournes NbColis
41 6
//IdColis IdCommandeInColis NbProducts IdProd1 QtyProd1 IdProd2 QtyProd2 ...
12 3 15 338 1 305 1 347 2 348 2 445 1 340 2 475 1 218 2 184 2 268 1 473 1 352 2 336 1 132 1 33 1
98 25 20 287 2 366 2 362 3 289 1 356 1 349 2 258 1 82 1 133 1 4 4 52 1 579 1 659 1 495 1 7 3 13 1 74 1 10 2 544 1 35 1
14 3 25 293 1 287 1 362 2 281 1 410 1 471 1 66 2 401 1 272 1 43 1 538 1 133 1 49 3 4 4 11 2 52 1 179 1 41 1 494 1 495 1 6 1 37 1 621 1 9 1 53 2
49 12 16 316 1 419 1 338 1 423 1 428 1 305 1 347 2 348 3 445 3 451 1 473 2 352 1 336 1 133 1 49 1 520 1
65 16 19 215 1 219 1 230 1 225 1 474 1 479 1 565 1 281 1 66 1 49 2 4 1 210 1 137 1 571 1 573 3 499 1 16 1 35 1 94 1
72 18 10 49 2 4 1 210 1 137 2 36 1 179 1 509 1 546 1 42 2 35 1
//IdTournes NbColis
42 6
//IdColis IdCommandeInColis NbProducts IdProd1 QtyProd1 IdProd2 QtyProd2 ...
91 24 13 454 1 27 3 136 1 217 1 392 1 133 1 62 1 49 2 510 1 212 1 26 1 35 1 545 1
159 41 19 453 1 27 1 174 2 457 1 217 1 337 2 72 1 133 3 49 4 4 1 36 1 574 1 42 3 536 1 622 1 35 1 12 1 542 1 660 1
203 52 13 95 2 49 1 4 1 210 1 36 1 212 1 526 1 41 1 601 1 20 1 35 1 503 1 19 1
223 57 26 248 1 293 1 285 1 502 1 152 1 325 1 524 1 62 1 49 2 589 1 4 1 576 1 210 1 137 1 179 1 15 2 530 1 500 1 23 1 568 1 637 1 603 1 33 1 536 1 35 1 547 1
276 76 13 325 2 66 3 133 1 49 2 193 3 651 1 641 2 60 1 61 1 616 1 622 1 35 1 491 1
283 78 23 242 1 216 1 414 1 488 1 421 1 381 1 453 1 251 1 248 1 420 1 344 1 517 1 325 1 133 1 49 2 589 1 11 2 579 3 36 1 668 1 41 1 669 1 35 1
//IdTournes NbColis
43 6
//IdColis IdCommandeInColis NbProducts IdProd1 QtyProd1 IdProd2 QtyProd2 ...
287 79 28 285 1 57 1 410 1 349 1 650 1 63 1 133 1 238 1 513 1 5 1 173 1 36 3 509 1 212 1 15 1 527 1 528 1 50 3 602 1 41 2 6 1 23 1 521 3 10 2 632 1 35 1 600 1 24 2
297 82 14 162 1 346 1 580 1 218 1 473 1 55 1 512 1 66 4 210 1 212 1 492 1 79 1 572 1 35 1
312 89 25 273 1 408 1 346 2 310 1 336 1 417 1 424 1 555 1 452 1 288 1 560 1 344 1 559 1 57 1 410 1 82 2 133 2 49 3 5 1 52 1 500 1 35 1 542 1 491 1 32 1
334 96 8 349 2 455 1 133 1 62 1 36 1 35 1 649 1 638 1
53 13 12 181 3 135 2 250 1 153 3 157 3 159 1 161 1 162 1 276 1 234 1 382 1 305 1
97 25 15 319 4 270 2 403 2 420 1 440 1 409 2 566 2 285 3 559 1 136 1 487 1 73 1 57 1 318 2 618 1
//IdTournes NbColis
44 6
//IdColis IdCommandeInColis NbProducts IdProd1 QtyProd1 IdProd2 QtyProd2 ...
156 40 13 241 1 332 2 325 1 410 2 455 1 176 1 172 2 238 3 49 1 4 1 36 1 509 1 35 1
239 63 13 347 1 348 2 420 1 285 1 281 1 455 1 66 2 172 1 43 1 49 2 5 1 35 1 532 1
153 39 13 361 1 147 1 152 2 325 1 175 1 140 2 49 1 5 1 36 1 587 1 529 1 35 1 638 1
18 4 24 399 1 467 1 453 1 476 1 251 1 215 1 230 1 232 1 225 1 390 1 391 1 474 1 479 2 412 2 285 1 14 1 17 1 38 1 392 1 63 1 43 1 394 1 49 1 24 2
88 23 10 370 3 556 1 140 2 534 1 62 1 49 5 497 2 15 2 563 1 35 1
105 27 20 281 1 458 1 356 2 455 1 349 1 140 2 313 1 534 1 49 1 4 1 504 1 142 1 530 1 529 2 521 1 601 1 28 1 42 1 16 1 35 1
//IdTournes NbColis
45 6
//IdColis IdCommandeInColis NbProducts IdProd1 QtyProd1 IdProd2 QtyProd2 ...
162 42 16 635 1 55 1 200 1 245 1 282 1 353 1 539 1 624 1 230 1 68 1 410 2 239 1 49 1 4 1 579 1 35 1
181 47 16 221 3 226 1 284 1 338 1 375 1 347 2 348 2 445 2 315 1 228 1 469 1 540 1 184 1 323 1 251 1 49 1
331 95 6 140 2 66 3 49 3 50 1 44 1 35 1
38 9 19 225 2 71 2 73 2 75 1 199 1 224 1 337 1 557 1 455 1 66 3 82 1 86 1 194 1 20 1 74 1 42 1 79 1 9 1 503 1
46 11 18 36 1 195 1 509 1 510 1 493 1 50 2 495 1 20 1 42 1 499 2 507 1 35 1 503 1 8 1 491 1 1 1 3 1 24 1
258 70 7 390 1 409 1 49 6 36 1 179 2 50 3 61 1
//IdTournes NbColis
46 6
//IdColis IdCommandeInColis NbProducts IdProd1 QtyProd1 IdProd2 QtyProd2 ...
158 41 14 273 1 347 2 348 5 428 1 240 1 200 1 245 1 160 1 364 3 282 1 452 1 453 1 196 1 33 1
103 27 18 146 1 151 2 221 3 280 1 226 1 338 1 305 1 425 1 347 1 445 1 480 1 348 1 34 1 340 1 149 1 55 1 49 1 498 1
226 58 16 396 1 338 1 373 1 305 1 347 2 445 1 386 1 348 2 30 2 148 1 216 1 184 1 378 2 311 1 478 1 50 1
197 51 16 150 2 244 1 279 3 316 1 206 1 338 1 234 1 347 1 348 3 646 1 405 1 198 1 326 1 470 1 488 1 24 1
221 57 14 150 1 291 3 244 2 203 2 354 1 206 1 279 3 338 1 448 1 234 1 428 1 347 1 348 1 24 2
260 71 18 153 2 244 1 157 3 159 1 161 1 162 1 437 1 464 2 340 1 336 1 288 1 205 1 560 1 335 1 593 1 289 1 370 2 49 1
//IdTournes NbColis
47 6
//IdColis IdCommandeInColis NbProducts IdProd1 QtyProd1 IdProd2 QtyProd2 ...
333 96 18 153 2 159 1 161 2 162 1 276 1 443 1 315 1 368 2 450 1 456 1 629 1 488 1 449 1 285 2 14 1 398 1 457 1 49 1
26 6 13 183 2 244 1 279 3 159 2 203 1 284 1 204 3 273 1 346 3 386 1 340 1 66 1 491 1
94 25 14 231 1 244 2 221 4 226 2 430 1 234 2 423 2 338 1 437 1 428 2 425 1 55 1 661 1 520 1
233 60 12 268 1 470 1 476 1 219 1 270 1 502 1 272 1 49 1 589 1 4 2 576 1 35 1
261 71 10 410 1 62 1 49 2 4 1 60 1 521 2 28 2 74 1 536 1 35 1
19 4 3 49 1 4 1 42 1
//IdTournes NbColis
48 2
//IdColis IdCommandeInColis NbProducts IdProd1 QtyProd1 IdProd2 QtyProd2 ...
35 8 5 6 1 42 2 20 1 35 1 8 2
325 93 5 36 1 44 1 536 1 35 1 503 1
