//NbTournees
22
//IdTournes NbColis
1 6
//IdColis IdCommandeInColis NbProducts IdProd1 QtyProd1 IdProd2 QtyProd2 ...
2 1 29 145 1 15 1 20 1 131 1 153 1 177 1 182 1 149 1 6 1 30 1 38 1 13 1 161 1 166 1 183 1 184 1 202 1 189 1 1 1 24 1 36 1 170 1 188 1 191 1 181 1 194 1 169 1 179 1 200 1
4 2 32 27 1 28 1 43 1 236 1 250 1 226 1 15 1 20 1 211 1 153 1 235 1 239 1 178 1 180 1 231 1 256 1 157 1 149 1 6 1 11 1 12 1 30 1 38 1 260 1 166 1 261 1 174 1 202 1 189 1 1 1 36 1 191 1
7 3 29 29 1 31 1 43 1 66 1 145 1 15 1 20 1 153 1 481 1 177 1 182 1 68 1 479 1 149 1 6 1 21 1 30 1 37 1 13 1 166 1 26 1 183 1 273 1 202 1 189 1 1 1 36 1 170 1 191 1
11 4 36 66 1 330 1 250 1 145 1 15 1 20 1 153 1 16 1 178 1 291 1 304 1 305 1 118 1 68 1 149 1 150 1 308 1 6 1 30 1 38 1 295 1 299 1 307 1 64 1 166 1 333 1 306 1 48 1 10 1 202 1 189 1 338 1 1 1 63 1 337 1 340 1
15 5 13 204 1 264 1 166 1 65 1 48 1 184 1 202 2 189 1 1 1 23 1 36 1 175 1 176 1
18 6 15 38 1 215 1 241 2 3 1 264 1 166 1 174 1 202 1 189 1 1 2 36 1 483 1 255 1 193 1 201 1
//IdTournes NbColis
2 6
//IdColis IdCommandeInColis NbProducts IdProd1 QtyProd1 IdProd2 QtyProd2 ...
20 7 34 145 1 15 1 20 1 153 1 178 1 180 1 134 1 68 1 157 1 195 1 133 1 149 1 150 2 6 1 55 1 21 1 30 1 38 1 166 1 65 1 48 1 190 1 207 1 183 1 174 2 202 1 203 1 189 1 1 1 36 1 63 1 186 1 192 1 193 1
23 8 38 47 1 45 1 115 1 135 1 331 1 145 1 15 1 17 1 423 1 153 1 177 1 182 1 39 1 149 1 6 1 30 1 38 1 491 1 64 1 260 1 166 1 333 1 48 1 183 1 184 1 189 1 1 1 36 1 170 1 248 1 255 1 191 1 245 2 194 1 169 1 179 1 492 2 494 1
27 9 15 174 1 202 1 189 1 1 1 36 1 71 3 240 1 251 1 191 1 267 1 354 1 244 2 181 1 193 1 259 1
29 10 37 27 1 28 1 43 1 247 1 158 1 236 1 226 1 15 1 20 1 153 1 235 1 178 1 180 1 130 1 149 1 265 1 6 1 38 1 266 1 52 2 13 1 264 1 166 1 174 1 262 1 202 1 189 1 1 1 36 1 271 1 248 1 186 1 255 1 245 1 194 1 193 1 253 1
33 11 13 183 1 206 1 184 1 202 1 171 1 189 1 1 1 36 1 198 1 173 1 193 1 208 1 201 1
36 12 16 13 1 264 1 166 1 48 1 207 1 174 1 202 1 402 1 189 1 1 1 36 1 313 1 485 1 270 1 271 1 188 1
//IdTournes NbColis
3 6
//IdColis IdCommandeInColis NbProducts IdProd1 QtyProd1 IdProd2 QtyProd2 ...
39 13 26 226 1 15 1 153 1 230 1 235 1 486 1 133 1 149 1 6 1 30 1 38 1 219 1 212 1 264 1 210 1 166 1 48 1 252 1 206 1 174 1 202 1 189 1 1 1 36 1 258 1 403 1
43 14 16 38 1 13 1 264 1 81 1 470 1 166 1 144 1 73 1 463 1 202 1 189 1 1 1 76 1 36 1 259 1 200 1
47 15 12 38 1 30 1 299 1 307 1 166 1 306 1 48 1 102 1 174 1 1 1 24 1 63 1
50 16 27 124 1 157 1 39 1 119 1 149 1 6 1 57 1 38 1 269 1 75 1 13 1 260 1 264 1 166 1 48 1 223 1 242 1 249 1 117 1 202 1 189 1 1 1 80 1 36 1 246 1 270 1 193 1
56 17 13 318 1 161 1 166 1 306 1 48 1 174 1 189 1 1 1 63 1 258 1 493 1 86 1 495 1
61 18 12 307 2 166 1 306 1 48 1 102 1 112 1 174 1 111 1 189 1 1 1 63 1 399 1
//IdTournes NbColis
4 6
//IdColis IdCommandeInColis NbProducts IdProd1 QtyProd1 IdProd2 QtyProd2 ...
68 19 15 306 1 167 1 333 1 482 1 65 1 48 1 207 1 252 1 189 1 1 1 88 1 63 1 337 1 255 1 201 1
73 20 31 145 1 297 1 15 1 20 1 288 1 153 2 235 1 301 1 120 1 305 1 304 1 157 1 68 1 274 1 149 1 150 1 308 1 303 1 6 1 30 1 38 1 299 1 307 1 166 1 306 1 48 1 102 1 402 1 189 1 1 1 63 1
76 21 27 165 1 2 1 5 1 9 1 27 1 28 1 43 1 45 1 47 1 135 1 145 1 15 1 17 1 153 1 350 1 39 1 149 2 6 1 30 1 38 1 161 1 166 1 351 1 48 1 189 1 1 1 36 1
82 22 19 190 1 261 1 273 1 393 1 249 1 174 1 202 1 189 1 1 1 95 1 36 1 63 1 397 1 248 1 191 1 181 1 193 1 200 1 201 1
87 23 14 149 1 6 1 21 1 30 1 37 1 166 1 48 1 183 1 174 1 202 1 1 1 36 1 170 1 191 1
93 24 10 166 1 161 1 306 1 333 1 48 1 223 1 100 1 189 1 1 1 93 1
//IdTournes NbColis
5 6
//IdColis IdCommandeInColis NbProducts IdProd1 QtyProd1 IdProd2 QtyProd2 ...
96 25 30 66 1 163 1 136 1 145 1 15 1 20 1 153 1 182 1 160 1 68 1 149 1 6 1 21 1 30 1 38 1 126 1 13 1 166 1 205 1 183 1 185 1 184 1 202 1 203 1 189 1 1 1 36 1 170 1 191 2 181 1
105 28 31 45 1 135 1 140 1 145 1 153 1 15 1 20 1 182 1 156 1 197 1 149 1 6 1 30 1 38 1 13 1 420 1 166 1 167 1 144 1 429 1 148 1 183 1 184 1 202 1 189 1 1 1 36 1 187 1 199 1 170 1 191 1
108 29 37 15 1 17 1 180 1 68 1 213 1 149 1 312 1 315 1 39 1 21 1 57 1 38 1 13 1 166 1 316 1 48 1 427 1 428 1 174 1 311 1 202 1 310 1 292 3 294 3 309 1 314 1 189 1 421 4 1 1 36 1 63 1 414 1 258 1 170 1 191 1 430 1 169 1
111 30 28 331 1 297 1 145 1 323 1 153 1 15 1 20 1 177 1 182 1 149 1 257 1 39 1 6 1 30 1 38 1 322 1 13 1 166 1 183 1 184 1 336 1 202 1 189 1 1 1 405 1 36 1 170 1 191 1
114 31 25 416 1 218 1 145 1 153 1 20 1 178 1 180 1 149 1 150 1 6 1 30 1 38 1 260 1 166 1 183 1 174 1 202 1 189 1 335 1 1 1 410 1 36 1 170 1 341 1 191 1
116 32 24 15 1 20 1 180 1 92 1 130 1 149 1 39 1 6 1 30 1 38 1 166 1 65 1 48 1 347 1 183 1 184 1 202 1 189 1 1 1 36 2 170 1 175 1 191 2 179 1
//IdTournes NbColis
6 6
//IdColis IdCommandeInColis NbProducts IdProd1 QtyProd1 IdProd2 QtyProd2 ...
118 33 24 153 1 15 1 20 1 177 1 182 1 130 1 149 1 39 1 6 1 30 1 38 1 13 1 166 1 351 1 48 1 183 1 184 1 439 1 202 1 189 1 1 1 36 1 170 1 191 1
120 34 22 221 1 177 1 180 1 68 1 149 1 6 1 21 1 30 1 38 1 342 1 13 1 166 1 183 1 184 1 202 1 189 1 1 1 36 1 63 1 170 1 191 1 86 1
122 35 28 153 1 15 1 20 1 415 1 178 1 180 1 350 1 411 1 68 1 149 1 349 1 6 1 21 1 30 1 38 1 355 1 166 1 183 1 184 1 202 1 189 1 1 1 36 1 246 1 170 1 191 1 354 1 352 1
124 36 28 145 1 153 1 334 1 15 2 17 1 180 1 369 1 149 1 57 1 38 1 13 1 264 1 166 2 65 1 223 1 242 1 418 1 174 1 202 1 406 1 189 1 1 1 36 1 370 1 170 1 191 1 245 1 181 1
127 37 21 182 1 157 1 441 1 149 1 39 1 6 1 30 1 38 1 264 1 166 1 442 1 184 1 100 1 202 1 371 1 373 1 189 1 1 1 36 1 341 1 193 1
129 38 30 15 1 17 1 367 2 178 1 180 1 68 1 149 1 229 1 39 1 213 1 21 1 57 1 38 1 13 1 166 1 65 1 48 1 362 1 372 1 417 1 174 1 202 1 309 1 189 1 1 1 36 1 414 1 187 1 175 1 191 1
//IdTournes NbColis
7 6
//IdColis IdCommandeInColis NbProducts IdProd1 QtyProd1 IdProd2 QtyProd2 ...
132 39 19 180 1 68 1 149 1 363 1 39 1 21 1 57 1 38 1 166 1 48 1 183 1 184 1 202 1 189 1 1 1 419 1 36 1 170 1 191 1
134 40 20 39 1 6 1 21 1 30 1 437 1 38 1 13 1 166 1 48 1 190 1 183 1 184 1 433 1 202 1 189 1 1 1 435 1 36 1 170 1 191 1
136 41 21 180 1 68 1 149 1 39 1 6 1 21 1 30 1 38 1 166 1 390 1 174 1 202 1 189 1 1 1 36 1 63 1 438 1 170 1 248 1 255 1 191 1
138 42 19 68 1 149 1 39 1 389 1 6 1 21 1 38 1 166 1 183 1 387 1 184 1 202 1 189 1 1 1 36 1 246 1 170 1 341 1 191 1
140 43 21 145 1 153 1 20 1 177 1 182 1 149 1 6 1 30 1 38 1 166 1 48 1 432 1 183 1 184 1 202 1 189 1 1 1 36 1 170 1 191 1 391 1
142 44 15 39 1 149 1 6 1 30 1 38 1 166 1 183 1 184 1 202 1 189 1 401 1 1 1 36 1 170 1 191 1
//IdTournes NbColis
8 6
//IdColis IdCommandeInColis NbProducts IdProd1 QtyProd1 IdProd2 QtyProd2 ...
143 45 30 84 1 141 1 152 1 125 1 165 1 14 1 164 1 135 1 145 1 20 1 423 1 153 1 182 1 149 1 154 1 257 1 6 1 30 1 38 1 276 1 166 1 48 1 183 1 184 1 371 1 189 1 1 1 36 1 170 1 179 1
14 5 26 2 1 5 1 7 1 9 1 27 1 28 1 43 1 45 1 475 1 478 1 158 1 164 2 135 1 145 1 15 1 17 1 153 1 177 1 182 1 129 1 149 1 154 1 6 1 30 1 38 1 193 1
16 6 15 34 1 8 1 473 1 141 1 151 1 127 1 209 1 146 1 222 1 165 1 2 1 4 1 9 1 28 1 474 1
25 9 15 56 1 489 1 54 2 224 1 254 1 151 1 227 1 209 1 146 1 237 1 165 1 14 1 2 1 4 1 243 1
28 10 16 8 1 62 1 54 1 141 1 151 1 232 1 209 1 146 1 42 2 165 1 14 1 2 1 5 1 9 1 53 1 157 1
34 12 15 34 1 8 1 33 1 141 1 151 2 293 1 209 1 146 1 159 1 165 1 14 1 2 1 5 1 9 1 193 1
//IdTournes NbColis
9 6
//IdColis IdCommandeInColis NbProducts IdProd1 QtyProd1 IdProd2 QtyProd2 ...
38 13 19 224 1 214 1 496 1 143 1 151 1 209 1 146 1 42 1 234 1 165 1 217 1 14 1 2 1 5 2 9 1 32 1 43 1 45 1 180 1
42 14 25 165 1 14 1 2 1 5 1 9 1 27 1 28 1 83 1 40 1 45 1 115 1 47 2 469 1 472 1 145 1 15 1 17 1 153 1 235 1 177 1 182 1 149 1 6 1 30 1 193 1
49 16 24 146 1 238 1 165 1 2 1 5 1 9 1 74 1 27 1 28 1 40 1 45 1 47 2 218 1 263 1 226 1 15 1 17 1 131 1 153 1 221 1 178 1 180 1 233 1 174 1
65 19 16 298 1 217 2 300 1 326 1 14 1 2 3 4 1 18 1 40 1 45 1 164 1 225 4 236 1 272 1 296 1 136 2
80 22 20 224 1 290 1 151 1 227 1 209 1 146 1 392 1 283 1 165 1 113 1 2 1 4 1 50 1 9 1 28 1 40 1 45 1 465 1 164 2 403 1
117 33 16 61 1 34 1 141 1 152 1 125 1 165 1 42 2 14 1 2 1 5 1 43 1 45 1 135 1 136 1 145 1 323 1
//IdTournes NbColis
10 6
//IdColis IdCommandeInColis NbProducts IdProd1 QtyProd1 IdProd2 QtyProd2 ...
107 29 20 33 1 224 1 151 1 293 1 232 1 209 1 146 1 238 1 286 1 165 1 217 1 14 1 4 1 9 1 18 1 40 1 45 1 226 1 153 1 178 1
1 1 17 8 1 33 1 46 1 141 1 152 1 125 1 146 1 42 2 165 1 14 1 5 1 9 1 27 1 28 1 43 1 45 1 48 1
3 2 15 8 1 224 2 25 1 49 1 44 1 151 1 209 1 146 1 42 2 165 1 172 1 14 1 5 1 9 1 18 1
6 3 13 34 1 61 1 22 1 35 1 141 1 142 1 152 1 125 1 165 1 5 1 9 1 27 2 184 1
10 4 12 107 1 85 1 320 1 325 1 146 1 165 1 217 1 300 1 14 1 5 1 43 1 236 1
17 6 26 32 1 40 1 47 2 45 1 465 1 225 1 474 1 228 2 226 1 15 1 17 1 153 1 235 1 216 1 180 1 178 1 156 1 484 1 157 1 39 1 149 1 150 1 229 1 257 1 6 1 30 1
//IdTournes NbColis
11 6
//IdColis IdCommandeInColis NbProducts IdProd1 QtyProd1 IdProd2 QtyProd2 ...
19 7 16 58 1 35 1 141 1 69 1 151 1 125 1 146 1 162 1 165 1 14 1 5 1 9 1 43 1 66 1 67 1 136 2
22 8 17 8 1 35 1 141 1 152 1 125 1 424 2 165 1 14 1 5 1 9 1 18 1 27 1 28 1 60 1 31 1 40 1 47 1
32 11 27 155 1 162 1 165 1 132 1 5 1 9 1 27 1 28 1 43 1 45 1 135 1 128 1 196 1 145 1 15 1 20 1 153 1 180 1 130 1 149 1 150 1 6 1 30 1 38 1 13 1 166 1 65 1
35 12 26 18 1 27 1 28 1 43 1 45 1 47 2 136 1 302 2 490 1 226 1 15 1 17 1 289 1 153 1 235 1 178 1 180 1 59 1 39 1 149 1 257 1 6 1 30 1 38 1 266 1 295 1
46 15 28 5 1 27 1 43 1 66 1 247 1 225 1 272 1 296 1 228 1 145 1 15 1 20 1 153 2 235 1 120 1 178 1 291 1 304 1 305 1 157 1 116 1 274 1 277 1 149 1 303 1 308 1 6 1 189 1
54 17 16 488 1 8 1 105 1 152 1 147 1 280 1 283 1 298 1 165 1 300 1 14 1 5 1 27 1 43 1 66 1 304 1
//IdTournes NbColis
12 6
//IdColis IdCommandeInColis NbProducts IdProd1 QtyProd1 IdProd2 QtyProd2 ...
55 17 28 115 1 247 1 228 1 330 1 145 2 15 1 20 1 220 1 153 1 334 1 79 1 178 1 305 1 68 1 319 1 114 1 116 1 149 1 150 1 303 1 308 2 257 1 6 1 37 1 30 1 295 1 307 2 210 1
59 18 19 8 1 285 1 152 1 147 1 278 1 280 1 283 1 298 1 165 1 468 1 217 1 300 1 132 1 14 1 466 1 5 1 27 1 43 1 66 1
60 18 28 115 1 247 1 135 1 272 1 228 1 145 1 15 1 20 1 220 1 288 1 153 2 334 1 178 1 180 1 304 1 305 1 157 1 68 1 39 1 149 1 150 1 308 2 116 1 303 1 6 1 30 1 38 1 295 1
67 19 30 129 1 327 1 291 2 160 1 304 2 305 1 68 1 319 1 39 1 274 2 277 1 360 1 149 1 150 1 375 1 308 2 394 1 109 1 6 1 30 1 38 1 295 1 299 1 307 2 110 1 377 1 384 1 317 1 318 1 166 1
72 20 21 84 1 281 1 151 1 279 1 146 1 278 1 283 1 286 1 165 1 89 1 5 1 43 1 45 1 67 1 247 1 90 1 225 1 272 1 296 1 228 1 178 1
81 22 32 163 1 284 1 282 1 331 1 226 1 15 1 17 1 153 1 235 1 395 1 400 1 221 1 178 1 180 1 256 1 94 1 68 1 39 1 213 1 149 1 154 1 6 1 21 1 96 1 30 1 38 1 275 1 295 1 13 1 276 1 166 1 396 1
//IdTournes NbColis
13 6
//IdColis IdCommandeInColis NbProducts IdProd1 QtyProd1 IdProd2 QtyProd2 ...
86 23 26 125 1 165 1 5 1 9 1 27 1 28 1 43 1 45 1 140 1 452 1 346 1 344 1 145 1 15 1 20 1 131 1 153 1 230 1 334 1 455 1 178 1 180 1 92 1 68 1 195 1 39 1
91 24 22 326 1 5 1 91 1 43 1 464 1 66 1 115 1 247 1 158 1 225 2 236 1 272 1 332 1 228 2 226 2 15 1 20 1 220 1 288 1 301 1 153 1 364 1
92 24 31 334 1 395 1 139 1 79 1 178 1 291 1 304 1 305 1 108 1 68 1 319 1 274 1 133 2 149 1 150 1 361 1 154 1 229 1 303 1 394 1 308 2 312 1 116 1 6 1 30 1 38 1 204 1 295 1 299 1 307 2 318 1
95 25 18 8 1 35 1 141 1 142 1 152 1 127 1 125 1 146 1 165 1 132 1 14 1 5 1 9 1 27 1 29 1 31 1 43 1 177 1
100 26 25 320 1 146 1 125 1 97 1 165 1 14 1 5 1 9 1 98 1 27 1 28 1 43 1 32 1 45 1 145 1 15 1 17 1 153 1 348 1 178 1 180 1 345 1 256 1 99 1 170 1
101 26 17 68 1 39 1 149 1 6 1 21 1 30 1 38 1 52 1 13 1 166 1 48 1 174 1 202 1 191 1 356 1 357 1 208 1
//IdTournes NbColis
14 6
//IdColis IdCommandeInColis NbProducts IdProd1 QtyProd1 IdProd2 QtyProd2 ...
104 28 14 61 1 34 1 141 1 143 2 152 1 125 1 165 1 168 1 42 2 172 1 14 1 5 1 43 1 177 1
110 30 17 22 1 35 1 141 1 152 1 127 1 125 1 165 1 408 1 413 2 132 1 5 1 9 1 27 1 29 1 43 1 66 1 135 1
115 32 17 35 2 407 1 141 1 152 1 125 1 165 1 408 1 42 2 132 1 14 1 5 1 9 1 43 1 45 1 145 1 153 1 177 1
119 34 20 412 1 141 1 320 1 146 1 125 1 329 1 165 1 14 1 5 1 9 1 436 1 31 1 43 1 45 1 145 1 323 1 153 1 15 1 20 1 431 1
121 35 19 22 1 35 1 141 1 353 1 152 1 283 1 165 1 14 1 5 1 9 1 27 1 29 1 31 1 43 1 66 1 135 1 196 1 145 1 249 1
123 36 16 8 1 84 1 141 1 320 1 146 1 125 1 165 1 5 1 9 1 27 1 28 1 43 2 45 1 296 2 136 2 178 1
//IdTournes NbColis
15 6
//IdColis IdCommandeInColis NbProducts IdProd1 QtyProd1 IdProd2 QtyProd2 ...
126 37 20 35 1 141 1 152 1 324 1 125 1 165 1 42 2 132 1 14 1 5 1 9 1 31 1 43 1 45 1 115 1 145 1 153 1 15 1 20 1 177 1
128 38 19 8 1 33 1 224 1 151 1 232 1 146 1 368 1 209 1 165 1 5 1 9 1 27 1 28 1 40 1 45 1 366 1 226 1 153 1 170 1
131 39 20 8 1 84 1 151 1 146 1 125 1 165 1 425 1 5 1 9 1 27 1 29 1 31 1 43 1 45 1 136 1 145 1 153 1 15 1 20 1 177 1
133 40 23 379 1 141 1 320 1 146 1 125 1 165 1 14 1 5 1 434 1 31 1 43 1 66 1 388 1 145 2 153 1 15 1 20 1 177 1 180 1 381 1 68 1 149 1 201 1
135 41 19 412 1 84 1 141 1 151 1 146 1 125 1 165 1 14 1 5 1 9 1 31 1 43 1 136 1 145 1 153 1 378 1 15 1 20 1 178 1
137 42 23 141 1 422 1 152 1 125 1 424 1 146 1 165 1 14 1 5 1 31 1 43 1 66 1 72 1 135 1 145 1 153 1 15 1 20 1 177 1 182 1 231 1 233 1 13 1
//IdTournes NbColis
16 6
//IdColis IdCommandeInColis NbProducts IdProd1 QtyProd1 IdProd2 QtyProd2 ...
141 44 22 141 1 227 1 152 1 125 1 42 2 165 1 14 1 5 1 43 1 45 1 225 1 426 1 136 1 145 1 153 1 15 1 20 1 423 1 367 1 177 1 182 1 229 1
145 46 24 412 1 84 1 449 1 97 1 132 1 451 1 454 1 135 1 346 1 136 2 459 1 448 1 345 1 39 1 274 1 443 1 96 1 450 1 183 1 311 1 314 1 401 1 446 1 170 1
147 47 17 22 1 456 1 146 1 461 1 164 1 288 1 124 1 39 1 130 1 126 1 457 1 183 1 444 1 460 1 170 1 397 1 191 1
41 14 12 34 1 412 1 8 1 84 1 141 1 320 2 471 1 143 1 147 1 125 1 146 1 184 1
44 15 5 85 1 41 1 104 1 8 1 122 1
48 16 12 77 1 8 1 84 1 33 1 122 1 78 1 141 1 25 1 44 1 121 1 151 1 209 1
//IdTournes NbColis
17 6
//IdColis IdCommandeInColis NbProducts IdProd1 QtyProd1 IdProd2 QtyProd2 ...
75 21 11 34 1 61 1 8 1 35 2 343 1 141 1 152 1 480 1 125 1 456 1 180 1
79 22 5 106 1 85 1 103 1 8 1 33 1
84 23 4 41 1 104 2 8 1 35 1
98 26 5 41 1 104 2 8 1 141 1 189 1
26 9 27 50 1 51 1 40 1 70 1 47 2 72 1 464 1 45 1 226 1 15 1 17 1 220 2 153 1 268 1 221 1 178 1 180 1 213 1 149 1 229 1 57 1 38 1 13 1 64 1 264 1 166 1 170 1
148 48 20 412 1 34 1 35 1 445 1 46 1 413 1 132 1 31 1 66 1 135 1 263 1 94 1 39 1 453 1 65 1 347 1 183 1 170 1 191 2 192 1
//IdTournes NbColis
18 6
//IdColis IdCommandeInColis NbProducts IdProd1 QtyProd1 IdProd2 QtyProd2 ...
113 31 14 412 1 34 1 84 1 122 1 141 1 320 1 151 1 146 1 125 1 165 1 42 1 14 1 409 1 31 1
139 43 16 61 1 34 1 141 1 353 1 152 1 125 1 146 1 162 1 42 1 165 1 14 1 440 1 386 1 164 1 366 1 426 1
66 19 25 332 1 228 1 398 1 250 1 226 2 15 1 17 1 220 1 328 1 288 1 358 1 301 1 153 2 235 1 382 1 239 1 404 1 221 1 139 1 216 1 376 1 178 1 180 3 359 1 186 1
9 4 5 41 1 103 1 106 1 19 1 339 1
37 13 7 488 1 487 1 34 1 82 2 489 1 33 1 178 1
13 5 13 34 1 61 1 22 1 35 1 141 1 138 1 152 1 125 1 137 1 147 1 159 1 165 1 139 1
//IdTournes NbColis
19 6
//IdColis IdCommandeInColis NbProducts IdProd1 QtyProd1 IdProd2 QtyProd2 ...
31 11 10 123 1 61 1 34 1 22 1 35 1 141 1 143 1 152 1 125 1 177 1
64 19 16 105 1 285 1 142 1 151 1 325 1 146 1 380 1 278 2 280 2 385 2 283 1 286 2 165 1 374 1 162 1 92 1
52 17 4 85 1 41 1 107 1 101 1
53 17 4 107 1 103 1 106 1 101 1
57 18 4 87 1 41 1 104 1 101 1
62 19 5 41 1 103 1 106 1 101 1 200 1
//IdTournes NbColis
20 6
//IdColis IdCommandeInColis NbProducts IdProd1 QtyProd1 IdProd2 QtyProd2 ...
70 20 4 87 1 41 1 104 1 101 1
88 24 4 87 1 41 1 104 1 101 1
150 49 13 84 1 152 1 132 1 31 1 32 1 136 2 183 1 462 1 294 1 170 1 191 1 458 1 391 1
45 15 8 104 1 106 1 103 1 278 1 283 1 165 1 132 1 68 1
58 18 5 104 1 85 1 103 1 412 1 105 1
71 20 5 104 1 85 1 103 1 412 1 105 1
//IdTournes NbColis
21 6
//IdColis IdCommandeInColis NbProducts IdProd1 QtyProd1 IdProd2 QtyProd2 ...
85 23 7 85 1 87 1 103 1 343 1 141 1 152 1 189 1
89 24 6 104 1 85 1 103 1 35 1 138 1 105 1
99 26 6 85 1 87 1 103 1 447 1 141 1 36 1
103 27 2 103 1 104 1
78 22 4 41 1 104 2 412 1 287 1
151 50 26 35 1 254 1 137 1 146 1 147 1 42 2 374 1 159 1 237 1 477 1 233 1 39 1 266 1 204 1 299 1 190 1 183 1 414 1 485 1 170 2 341 1 270 2 191 1 356 1 208 1 458 1
//IdTournes NbColis
22 3
//IdColis IdCommandeInColis NbProducts IdProd1 QtyProd1 IdProd2 QtyProd2 ...
63 19 6 107 2 85 1 321 1 138 1 383 1 476 1
102 27 6 85 1 87 1 41 1 135 1 377 1 169 1
90 24 19 281 1 151 1 324 1 325 1 329 1 146 1 365 1 368 1 278 1 280 1 385 2 286 1 298 1 237 1 165 1 217 1 300 1 326 1 467 1
