//NbTournees
40
//IdTournes NbColis
1 6
//IdColis IdCommandeInColis NbProducts IdProd1 QtyProd1 IdProd2 QtyProd2 ...
2 1 7 4 1 5 2 6 2 89 1 90 2 91 1 254 1
15 2 13 8 1 9 1 11 1 5 1 6 1 376 1 413 1 317 1 202 1 380 1 245 1 288 1 16 1
18 3 9 22 1 6 1 9 2 11 1 5 1 412 2 413 1 292 1 217 1
20 4 13 28 1 6 1 27 1 5 1 331 1 326 1 190 1 269 1 390 1 428 1 504 1 285 1 288 1
23 5 8 36 1 39 1 6 1 9 1 5 1 38 1 376 4 197 1
26 6 10 45 1 47 1 46 1 44 1 5 1 311 1 357 1 233 1 390 1 315 1
//IdTournes NbColis
2 6
//IdColis IdCommandeInColis NbProducts IdProd1 QtyProd1 IdProd2 QtyProd2 ...
29 7 10 47 1 57 1 28 1 5 1 6 1 353 1 455 1 282 1 404 1 285 1
33 8 10 57 1 64 1 120 1 62 1 5 1 9 1 6 1 272 1 455 1 66 1
37 9 6 68 1 67 1 28 2 72 1 27 1 5 1
44 10 9 57 1 75 1 599 1 6 1 62 1 9 1 5 1 27 1 413 1
53 11 10 80 1 164 1 158 1 6 1 5 1 11 1 118 1 162 1 353 1 202 1
59 12 12 5 1 353 1 455 1 351 1 254 1 233 1 404 1 179 4 244 1 286 1 478 1 361 2
//IdTournes NbColis
3 6
//IdColis IdCommandeInColis NbProducts IdProd1 QtyProd1 IdProd2 QtyProd2 ...
63 13 7 47 2 36 1 39 1 62 1 5 1 6 1 226 1
68 14 7 22 1 643 1 28 2 5 1 27 1 6 1 246 1
72 15 9 67 1 28 1 85 1 72 1 5 1 6 1 272 1 455 1 353 1
180 44 14 57 1 5 1 6 1 233 1 225 1 346 2 390 1 321 1 441 1 202 1 271 1 245 1 200 1 20 1
192 48 12 39 1 565 1 6 1 5 1 353 1 493 1 311 1 233 1 390 1 269 1 321 1 181 1
204 53 12 9 1 5 1 141 1 11 1 6 1 311 2 233 1 225 1 390 1 321 1 426 1 234 1
//IdTournes NbColis
4 6
//IdColis IdCommandeInColis NbProducts IdProd1 QtyProd1 IdProd2 QtyProd2 ...
216 57 15 6 1 9 1 11 1 5 1 381 1 376 1 413 1 269 1 384 1 216 1 340 1 380 1 288 1 246 1 375 1
223 60 12 6 1 9 1 11 1 5 1 413 1 269 1 317 2 361 2 380 1 370 1 288 2 246 1
229 62 11 539 1 62 1 9 1 11 1 5 1 6 1 311 1 390 1 233 1 408 1 216 1
232 63 15 9 1 11 1 5 1 6 1 410 1 233 1 390 1 361 2 202 1 332 1 245 1 218 1 389 1 375 1 409 1
241 66 10 67 1 6 1 9 1 11 2 5 1 546 1 413 1 357 1 428 1 317 1
247 68 12 555 1 158 1 6 1 9 1 11 1 5 1 413 1 317 1 286 1 441 1 202 1 439 1
//IdTournes NbColis
5 6
//IdColis IdCommandeInColis NbProducts IdProd1 QtyProd1 IdProd2 QtyProd2 ...
249 69 11 36 1 39 1 62 1 5 1 6 1 413 1 317 2 445 1 332 1 380 1 227 1
255 72 14 3 1 36 1 5 1 6 1 381 1 219 1 413 1 317 1 340 1 380 1 288 1 367 1 20 1 414 1
257 73 13 36 1 9 1 11 1 5 1 6 1 413 1 317 1 476 1 286 1 246 1 367 2 391 1 207 1
259 74 17 39 1 555 1 5 1 6 1 413 1 317 1 340 1 201 1 181 1 20 1 571 1 13 1 378 1 224 1 15 1 547 1 552 1
261 75 12 36 1 6 1 9 1 11 1 5 1 353 1 93 1 413 1 317 1 277 1 380 1 288 1
263 76 17 6 1 9 1 11 1 5 1 413 1 317 1 380 1 200 1 558 1 288 1 389 1 375 2 181 1 65 1 109 1 556 1 197 1
//IdTournes NbColis
6 6
//IdColis IdCommandeInColis NbProducts IdProd1 QtyProd1 IdProd2 QtyProd2 ...
267 78 14 9 1 11 1 5 1 6 1 376 1 413 2 499 1 476 1 216 1 340 1 380 1 367 1 181 1 51 1
269 79 19 6 1 9 1 11 1 5 1 317 1 503 1 417 1 200 1 201 1 367 1 181 1 20 1 13 1 568 1 224 1 378 1 23 1 81 1 15 1
271 80 17 9 1 11 1 5 1 6 1 259 1 413 1 317 1 324 1 512 1 380 1 181 1 129 1 20 1 19 1 224 1 378 1 563 1
273 81 12 6 1 44 1 9 1 11 1 5 1 376 1 413 1 277 1 426 1 244 2 445 1 380 1
275 82 17 9 1 5 1 11 1 6 1 381 1 413 1 317 1 324 1 476 1 202 1 181 1 20 1 19 1 378 1 15 1 525 1 240 1
277 83 19 9 1 11 1 5 1 6 1 336 1 334 1 30 1 31 1 33 1 34 1 35 1 13 1 538 1 378 1 15 1 325 1 197 1 385 1 180 1
//IdTournes NbColis
7 6
//IdColis IdCommandeInColis NbProducts IdProd1 QtyProd1 IdProd2 QtyProd2 ...
38 9 14 6 1 162 1 272 1 353 1 455 1 189 1 351 1 404 1 390 1 426 1 408 1 286 1 478 1 361 2
58 12 8 68 1 67 1 57 1 64 1 28 1 6 1 453 1 229 1
76 16 7 77 1 36 1 39 2 9 1 88 1 6 1 311 1
213 56 18 6 1 233 1 390 1 321 1 216 1 202 1 227 2 200 3 201 1 247 1 359 1 342 1 389 1 375 1 315 1 234 1 237 1 238 1
221 59 12 572 1 57 1 6 1 413 1 317 1 393 1 361 2 362 2 216 2 215 1 202 1 383 1
3 1 10 92 2 94 2 447 1 438 1 175 1 432 1 477 1 495 2 452 1 656 1
//IdTournes NbColis
8 6
//IdColis IdCommandeInColis NbProducts IdProd1 QtyProd1 IdProd2 QtyProd2 ...
79 17 15 57 1 94 1 272 1 353 1 455 1 404 1 390 1 321 1 179 1 318 1 286 1 478 1 340 1 283 1 310 1
83 18 8 101 1 22 1 28 1 120 1 94 1 91 1 27 1 180 1
88 19 11 8 1 57 1 9 1 91 1 1 1 353 1 455 1 351 1 404 1 390 1 300 1
155 37 12 46 1 92 1 233 1 292 3 390 1 426 1 203 1 216 3 202 1 283 1 245 1 115 1
1 1 6 101 1 110 1 3 1 39 1 1 1 2 2
84 18 14 1 1 162 1 353 1 477 1 455 1 364 1 254 1 269 1 476 1 286 1 478 1 202 1 283 3 278 1
//IdTournes NbColis
9 6
//IdColis IdCommandeInColis NbProducts IdProd1 QtyProd1 IdProd2 QtyProd2 ...
92 20 7 45 1 110 1 22 1 36 1 57 1 141 1 272 1
197 50 12 22 1 9 1 11 1 578 1 225 1 233 1 390 1 361 2 362 2 245 1 200 1 201 1
253 71 13 39 1 36 1 120 1 62 1 272 1 311 1 233 1 321 1 201 1 246 1 234 1 460 1 315 1
52 11 7 77 1 159 1 539 1 67 1 28 1 78 1 20 1
99 21 10 76 1 57 1 3 1 27 1 233 1 269 1 193 1 203 1 244 1 408 2
77 16 25 666 1 413 1 317 2 426 1 216 1 380 1 288 1 329 1 367 1 375 1 166 1 548 1 608 1 378 1 81 1 612 1 87 1 197 1 385 1 260 1 240 1 467 1 665 1 664 1 630 1
//IdTournes NbColis
10 6
//IdColis IdCommandeInColis NbProducts IdProd1 QtyProd1 IdProd2 QtyProd2 ...
256 72 19 561 1 560 1 17 1 224 1 378 1 15 1 235 1 87 1 552 1 454 1 442 1 383 1 385 1 466 1 191 1 240 1 180 1 209 1 70 1
95 20 25 460 1 300 1 291 1 178 1 73 1 146 1 309 3 143 1 151 1 115 1 626 1 669 1 109 1 111 1 142 1 144 1 59 1 145 2 114 1 149 2 121 1 50 1 52 1 152 1 99 2
143 33 17 9 1 27 1 233 1 269 1 390 1 193 1 426 1 361 2 202 1 245 1 200 1 201 1 581 1 247 1 218 1 389 1 234 1
61 12 25 166 1 638 1 20 1 629 1 641 1 279 1 81 1 456 1 458 1 131 1 303 1 169 1 454 1 383 1 411 1 296 1 180 1 182 4 284 1 260 3 187 1 209 1 365 1 486 1 640 1
96 20 26 99 2 279 1 224 3 368 1 505 1 397 2 421 1 451 1 81 1 137 1 106 1 53 1 668 1 537 1 660 1 168 1 235 2 458 1 147 4 148 1 150 1 549 1 169 1 195 1 196 1 229 1
103 22 14 67 1 120 1 118 1 455 1 404 1 390 1 318 1 286 1 504 1 478 1 403 1 503 1 361 1 290 1
//IdTournes NbColis
11 6
//IdColis IdCommandeInColis NbProducts IdProd1 QtyProd1 IdProd2 QtyProd2 ...
107 23 9 125 1 67 1 28 1 118 1 453 1 455 2 364 1 326 1 413 1
109 23 29 95 1 103 1 659 1 538 1 373 1 368 1 81 2 7 1 106 1 128 2 107 1 586 1 660 1 612 1 325 1 235 1 402 1 252 2 58 1 658 1 169 1 327 1 183 1 395 1 442 1 267 1 194 3 236 1 177 1
137 31 14 57 1 67 1 11 1 364 1 233 1 254 1 193 1 202 1 245 1 247 1 483 2 226 1 264 1 492 1
217 57 24 360 1 290 1 309 1 20 1 13 1 19 1 382 1 378 1 224 1 81 1 15 1 14 1 383 2 210 1 197 1 385 1 240 1 180 1 379 1 209 1 126 1 544 1 43 1 545 1
226 61 11 67 1 585 1 118 1 331 1 326 1 317 1 401 1 390 1 428 1 528 3 361 1
233 63 32 214 1 409 1 178 1 188 1 51 1 207 1 26 1 534 1 19 1 468 1 81 1 7 1 15 1 235 1 14 1 213 1 239 1 183 1 198 1 442 1 177 1 221 2 236 1 242 1 211 1 223 1 467 1 206 1 399 1 514 1 444 1 108 2
//IdTournes NbColis
12 6
//IdColis IdCommandeInColis NbProducts IdProd1 QtyProd1 IdProd2 QtyProd2 ...
268 78 18 550 1 20 1 13 1 19 1 378 1 81 1 15 1 411 1 306 1 341 1 424 3 240 1 260 3 467 1 180 1 379 1 551 1 536 1
43 10 5 74 1 76 1 64 3 28 1 244 1
85 18 21 283 1 386 1 201 4 246 1 181 1 214 1 323 1 460 1 391 3 305 1 291 1 405 1 100 1 20 1 642 1 50 1 52 1 55 1 538 1 279 1 387 1
112 24 10 74 1 39 1 75 1 72 1 311 1 233 2 390 1 321 1 216 1 237 1
144 33 28 214 1 237 1 178 1 51 1 217 2 422 2 100 1 538 1 468 1 235 1 213 1 270 1 210 1 198 2 442 1 411 1 239 1 194 1 236 1 243 1 191 1 419 1 242 1 211 1 467 1 268 1 212 1 536 1
90 19 30 214 1 290 1 360 1 405 1 278 1 51 1 166 1 422 1 102 1 115 1 103 1 121 1 279 1 368 1 23 2 7 1 105 1 106 1 107 1 586 1 124 1 258 1 464 1 458 1 104 1 196 1 411 1 383 1 251 2 70 1
//IdTournes NbColis
13 6
//IdColis IdCommandeInColis NbProducts IdProd1 QtyProd1 IdProd2 QtyProd2 ...
104 22 20 361 2 215 1 202 1 283 1 380 1 61 1 33 2 34 2 122 1 591 1 246 1 350 2 457 1 291 1 405 1 276 1 102 1 119 1 113 1 209 1
108 23 20 324 1 190 1 269 1 481 1 428 1 244 1 202 1 332 1 200 1 329 1 407 2 323 2 391 1 375 1 241 1 409 1 205 1 207 1 102 1 119 1
134 30 17 57 1 88 1 233 1 254 1 193 2 249 1 202 1 591 1 247 1 214 1 178 1 188 1 119 1 102 1 115 2 19 1 145 1
141 32 27 247 1 218 1 264 1 188 1 237 1 51 1 220 1 102 1 587 1 116 1 65 1 142 1 157 2 556 2 17 1 50 1 569 1 52 1 99 1 568 1 397 2 371 1 507 1 29 1 107 1 53 1 54 1
173 42 25 290 1 350 1 457 1 391 1 460 5 287 1 300 1 291 1 405 1 51 1 217 1 461 1 119 1 102 1 335 1 279 1 106 1 107 1 586 1 124 1 464 1 458 1 303 1 196 1 383 1
115 25 12 101 1 46 1 36 1 374 1 233 1 269 1 390 1 321 1 216 1 245 1 200 1 95 1
//IdTournes NbColis
14 6
//IdColis IdCommandeInColis NbProducts IdProd1 QtyProd1 IdProd2 QtyProd2 ...
119 26 12 39 1 36 1 140 1 175 1 259 1 219 1 189 1 225 1 233 1 269 1 390 1 357 1
123 27 11 57 1 36 1 199 1 455 1 189 3 190 1 324 1 390 1 533 1 193 1 361 1
165 40 15 39 1 36 1 272 1 311 1 189 1 282 1 233 1 314 1 504 1 271 1 31 1 596 1 33 1 34 1 239 1
210 55 15 46 1 36 1 599 1 311 1 233 1 390 1 216 1 340 1 245 1 200 1 201 1 247 1 370 1 342 1 234 1
279 84 21 46 1 36 1 592 1 317 1 340 1 380 1 201 1 375 1 181 1 367 1 96 1 548 1 13 1 378 1 423 1 339 1 197 1 385 1 240 1 180 1 302 1
281 85 19 539 1 46 1 36 1 317 1 200 1 288 1 489 1 13 1 378 1 224 1 573 1 341 1 232 1 197 1 385 1 180 1 260 1 593 1 32 1
//IdTournes NbColis
15 6
//IdColis IdCommandeInColis NbProducts IdProd1 QtyProd1 IdProd2 QtyProd2 ...
283 86 19 39 1 36 1 311 1 93 1 233 1 321 1 37 1 246 1 290 1 234 1 178 1 129 1 65 1 13 1 279 1 594 1 235 1 196 1 304 1
285 87 3 39 1 36 1 200 1
105 22 32 629 3 121 1 123 1 538 1 279 1 105 1 106 1 107 1 124 1 586 1 472 1 464 1 458 1 183 1 196 1 411 1 383 1 485 1 180 1 182 1 295 1 284 1 322 1 400 1 206 1 230 2 229 1 176 1 486 1 365 1 117 1 66 1
219 58 28 290 1 234 1 178 1 358 1 51 1 116 1 144 1 50 1 52 1 55 1 99 1 137 1 29 1 53 1 392 2 235 1 603 1 239 1 210 1 198 1 343 1 192 1 242 1 211 1 467 1 601 1 117 2 602 1
228 61 20 402 2 396 1 147 2 583 1 196 1 442 1 383 1 398 1 177 1 243 1 191 1 424 1 240 1 400 1 322 1 487 1 399 1 582 1 117 1 108 1
74 15 28 290 1 350 1 457 1 300 1 291 1 405 1 278 1 166 1 16 1 20 1 83 1 279 1 84 1 464 1 458 1 86 1 196 1 383 1 411 1 239 1 304 3 284 1 312 1 260 3 209 1 319 1 229 1 365 1
//IdTournes NbColis
16 6
//IdColis IdCommandeInColis NbProducts IdProd1 QtyProd1 IdProd2 QtyProd2 ...
193 48 23 216 1 340 1 227 2 245 1 200 2 247 2 315 1 234 1 178 1 358 1 237 1 20 1 26 1 83 1 19 1 538 1 23 1 15 1 547 1 235 2 341 1 198 1 239 1
125 27 28 99 1 368 1 468 1 53 1 135 1 168 1 472 1 195 1 196 1 198 1 194 4 177 1 197 1 473 1 423 1 191 1 192 1 260 1 240 1 322 1 379 1 471 1 400 2 597 1 399 1 70 1 40 3 545 1
156 37 22 245 1 200 2 359 1 247 1 226 1 407 2 234 1 214 1 460 1 188 1 51 1 560 3 50 1 52 1 224 1 368 3 468 1 23 1 576 1 29 1 53 1 54 1
208 54 30 188 1 95 1 115 1 116 1 604 1 50 1 52 1 55 1 560 1 99 1 250 1 23 2 29 1 53 1 235 2 472 1 213 1 238 1 239 1 210 1 198 1 424 1 242 1 211 1 223 1 467 1 206 1 212 1 414 1 273 1
35 8 24 288 1 246 1 181 2 214 2 290 1 460 1 350 1 457 1 287 1 300 1 291 1 405 1 63 2 65 1 344 2 279 1 29 2 54 1 106 1 464 1 458 1 183 1 196 1 180 1
238 65 13 39 1 78 1 158 1 38 1 353 1 233 1 390 1 321 1 347 1 202 1 227 1 245 1 200 1
//IdTournes NbColis
17 6
//IdColis IdCommandeInColis NbProducts IdProd1 QtyProd1 IdProd2 QtyProd2 ...
162 39 26 200 1 37 1 246 1 218 2 181 1 290 1 350 1 360 1 492 1 323 1 300 1 405 1 205 1 51 1 527 1 116 1 130 1 145 2 50 1 52 1 55 1 152 1 608 1 99 1 279 1 229 1
9 1 22 153 1 166 1 510 1 51 2 654 1 276 3 172 2 21 1 587 1 154 1 142 2 155 1 144 2 13 1 157 2 133 2 121 1 569 1 134 1 653 1 279 1 446 1
116 25 26 200 1 201 2 427 1 247 1 342 1 234 1 214 1 178 1 237 1 358 1 136 1 207 1 220 1 115 2 13 1 133 1 50 1 134 1 52 1 55 1 99 1 663 1 373 1 250 1 132 1 29 1
135 30 30 133 1 250 1 507 1 576 1 7 1 106 1 107 1 586 1 124 1 235 1 252 2 396 2 248 1 588 1 239 1 183 1 198 1 232 1 411 2 251 1 243 1 242 1 180 2 211 1 255 1 467 1 206 1 589 1 253 1 590 1
177 43 27 288 1 186 1 359 1 342 1 290 1 515 1 460 1 300 1 291 1 405 1 166 1 129 1 51 1 217 1 116 1 579 1 133 1 50 2 52 1 568 1 310 1 29 1 53 2 54 1 301 1 464 1 424 1
24 5 15 413 2 277 1 317 1 426 2 215 1 37 3 288 1 218 1 375 3 181 2 527 1 309 1 20 1 377 1 378 1
//IdTournes NbColis
18 6
//IdColis IdCommandeInColis NbProducts IdProd1 QtyProd1 IdProd2 QtyProd2 ...
94 20 18 506 1 361 3 216 1 215 1 283 1 332 2 380 1 245 1 37 1 522 1 246 1 407 1 181 3 208 1 290 1 350 1 457 1 456 1
185 45 12 194 1 236 1 255 1 263 1 467 1 240 2 242 1 502 4 206 1 610 1 611 1 564 1
101 21 30 261 1 237 1 51 1 166 2 112 1 207 1 113 1 115 1 116 1 114 2 50 1 52 1 55 1 368 1 29 1 53 1 235 1 213 1 195 1 210 1 198 1 262 1 239 1 236 1 243 1 211 1 209 1 206 1 204 1 212 1
170 41 14 239 1 304 3 474 1 236 1 429 1 211 1 223 1 295 1 467 1 242 1 268 1 206 1 212 1 564 1
194 48 12 442 1 262 1 243 1 419 2 180 1 260 1 242 1 206 1 553 1 566 1 212 1 564 1
31 7 27 200 1 288 1 246 1 186 1 290 1 350 1 360 1 287 1 291 1 20 1 59 2 543 1 279 1 472 1 58 1 213 2 464 1 458 1 238 2 284 1 260 2 180 1 209 1 56 1 365 1 25 1 60 1
//IdTournes NbColis
19 6
//IdColis IdCommandeInColis NbProducts IdProd1 QtyProd1 IdProd2 QtyProd2 ...
64 13 12 38 1 219 1 376 3 499 3 413 1 225 1 233 1 269 1 390 1 193 1 228 1 229 1
176 43 15 57 1 38 1 272 1 455 1 353 1 390 1 404 1 286 1 478 1 445 1 340 1 283 2 215 1 200 1 229 1
189 47 9 57 1 140 1 353 3 354 2 413 1 274 2 233 1 390 1 321 1
265 77 16 46 1 140 1 331 1 413 1 317 3 288 1 375 1 489 1 95 1 96 1 116 1 50 1 52 1 55 1 99 1 397 2
16 2 21 181 2 375 2 20 2 21 1 13 1 17 1 19 1 378 1 420 1 7 1 12 1 15 1 14 1 10 1 383 1 177 1 197 1 419 1 180 2 240 1 18 1
70 14 26 290 1 460 1 391 1 323 1 350 1 457 1 305 1 409 3 20 1 279 1 224 1 7 1 107 1 14 1 456 1 458 1 169 1 352 3 383 1 411 1 284 1 180 1 182 1 295 1 260 3 173 1
//IdTournes NbColis
20 6
//IdColis IdCommandeInColis NbProducts IdProd1 QtyProd1 IdProd2 QtyProd2 ...
81 17 23 7 1 53 1 54 1 464 1 458 1 196 1 341 1 411 1 485 1 180 1 182 2 295 1 284 1 209 2 98 1 176 1 229 1 399 1 484 1 469 1 365 1 486 1 97 2
181 44 26 201 4 247 1 389 1 234 1 237 1 178 1 51 1 534 1 13 1 15 1 537 1 124 1 235 1 14 1 210 1 198 1 238 2 239 1 236 1 192 1 242 1 211 1 312 2 212 1 535 1 536 1
258 73 21 181 1 20 1 19 1 224 1 368 1 378 1 7 1 15 1 392 1 552 1 475 1 341 1 474 1 197 1 424 2 260 1 312 1 240 1 180 1 554 1 553 1
127 28 10 46 1 578 1 219 3 376 1 190 3 233 1 390 1 193 1 244 1 361 1
158 38 13 46 1 164 1 618 1 175 1 298 1 364 1 546 1 254 1 269 1 233 1 244 1 216 1 202 1
218 58 17 46 1 9 1 11 1 353 1 390 1 233 1 216 1 202 1 245 1 201 1 388 1 247 1 389 1 391 1 181 1 290 1 212 1
//IdTournes NbColis
21 6
//IdColis IdCommandeInColis NbProducts IdProd1 QtyProd1 IdProd2 QtyProd2 ...
168 41 13 39 1 311 1 219 1 499 1 233 1 225 1 320 1 390 1 357 1 321 1 426 3 216 1 245 1
235 64 9 47 1 39 2 624 1 353 1 413 1 274 1 317 1 362 2 288 1
244 67 12 85 1 57 1 72 1 259 1 364 1 455 1 622 1 254 1 317 1 233 1 269 1 201 1
39 9 22 361 1 283 1 215 1 380 1 200 2 288 1 186 1 290 1 350 1 457 1 460 1 305 1 291 1 405 1 278 1 261 2 73 1 166 1 634 1 527 2 587 2 69 1
41 9 13 424 1 284 1 180 1 182 1 240 1 242 1 209 1 633 1 229 3 365 1 486 1 69 2 70 2
56 11 16 195 3 196 1 383 1 485 1 424 4 284 1 209 1 379 1 348 1 32 1 204 1 365 1 69 1 161 1 542 1 163 1
//IdTournes NbColis
22 6
//IdColis IdCommandeInColis NbProducts IdProd1 QtyProd1 IdProd2 QtyProd2 ...
214 56 28 358 1 51 1 207 1 96 1 116 1 575 1 574 1 50 1 52 1 99 1 538 1 468 1 29 1 573 1 53 1 54 2 235 1 198 1 442 3 239 1 243 1 236 1 242 1 223 1 209 1 487 1 212 1 69 2
274 81 19 332 1 513 1 247 1 407 1 409 1 13 1 19 1 378 1 15 1 53 1 396 1 383 1 177 1 260 1 180 1 379 1 514 1 69 2 545 1
131 29 11 64 1 28 1 57 1 9 1 546 1 233 1 390 1 193 1 244 1 216 1 245 2
146 34 13 57 1 272 1 233 1 274 2 390 1 193 1 426 2 271 1 202 1 200 2 201 2 247 1 214 1
149 35 18 57 1 233 1 277 1 390 1 193 1 476 1 361 2 216 1 202 1 245 1 200 1 247 1 218 1 407 1 234 1 375 1 188 1 236 1
152 36 15 47 1 57 1 493 1 233 1 254 1 269 1 193 1 361 1 216 1 202 1 247 1 359 1 226 1 218 1 407 1
//IdTournes NbColis
23 6
//IdColis IdCommandeInColis NbProducts IdProd1 QtyProd1 IdProd2 QtyProd2 ...
161 39 12 57 1 272 1 259 1 353 1 455 1 404 1 390 2 478 1 283 1 215 1 380 1 245 4
171 42 14 57 1 353 1 455 1 404 2 269 1 390 1 533 1 179 1 286 1 478 1 445 1 463 1 506 2 339 1
183 45 12 57 1 118 1 364 1 453 1 189 1 233 1 269 1 523 1 481 1 480 1 216 4 264 1
186 46 13 57 1 272 1 455 1 353 1 190 2 254 1 233 2 404 1 366 1 286 1 478 1 202 1 283 1
200 51 17 57 1 363 1 364 1 225 1 233 1 390 1 366 1 478 1 202 1 245 1 200 1 201 1 247 1 218 1 214 1 367 2 235 1
239 65 32 247 1 218 1 315 1 234 1 178 1 358 1 51 1 422 1 96 1 606 1 50 1 52 1 99 1 568 1 421 1 53 1 54 1 235 1 607 1 210 1 198 1 239 1 442 1 236 1 243 1 211 1 223 1 260 1 242 1 467 1 268 1 212 1
//IdTournes NbColis
24 6
//IdColis IdCommandeInColis NbProducts IdProd1 QtyProd1 IdProd2 QtyProd2 ...
4 1 9 453 1 353 1 455 1 412 2 170 1 189 1 93 2 351 5 431 1
93 20 15 455 2 93 1 282 1 320 1 401 1 190 1 269 1 390 1 179 1 476 1 244 1 286 1 478 1 506 2 309 1
140 32 14 9 1 11 1 233 1 225 1 390 1 193 1 361 2 506 2 216 1 202 1 245 1 200 2 201 2 265 1
195 49 19 9 1 11 1 272 1 311 1 357 1 233 1 314 1 340 1 283 1 200 1 246 1 315 1 290 1 234 1 358 1 217 1 310 1 250 1 316 1
202 52 16 9 1 11 1 311 1 225 1 233 1 390 1 321 1 503 1 245 1 201 2 247 1 342 1 218 2 315 1 234 1 358 1
207 54 18 9 1 11 1 233 1 225 1 605 1 390 1 321 1 441 1 216 1 202 1 247 1 246 1 359 1 342 1 234 1 214 1 261 1 237 1
//IdTournes NbColis
25 6
//IdColis IdCommandeInColis NbProducts IdProd1 QtyProd1 IdProd2 QtyProd2 ...
286 88 23 11 1 9 1 272 1 311 1 233 1 321 1 340 1 315 1 290 1 234 1 178 1 207 1 310 1 316 1 235 1 196 1 239 1 304 1 251 1 236 1 312 1 242 1 138 1
117 25 23 53 1 54 1 135 1 235 1 369 1 396 1 213 1 10 2 607 1 262 1 198 1 232 1 239 1 442 3 192 1 211 1 242 1 467 1 400 1 206 1 553 1 212 1 70 1
142 32 15 235 1 266 2 213 1 10 1 183 1 198 1 267 1 236 1 255 1 180 1 211 1 467 1 242 1 542 1 536 1
242 66 25 380 1 427 1 288 1 208 1 367 1 375 1 430 1 20 1 378 1 224 2 132 1 15 1 547 1 14 1 10 1 383 1 429 1 197 1 177 1 419 1 240 1 242 1 180 1 379 1 545 1
54 11 13 455 1 79 1 346 1 390 4 292 1 404 1 269 1 347 1 286 2 478 1 283 1 215 1 181 1
55 11 21 345 1 160 1 288 1 290 2 391 1 350 1 234 1 360 1 430 2 645 1 19 1 538 1 224 1 344 2 279 1 397 2 368 3 644 1 213 3 464 1 458 1
//IdTournes NbColis
26 6
//IdColis IdCommandeInColis NbProducts IdProd1 QtyProd1 IdProd2 QtyProd2 ...
147 34 29 247 1 188 1 51 1 627 1 587 1 629 1 96 1 116 1 628 1 130 2 568 1 50 1 134 1 52 1 99 1 368 2 507 1 250 1 29 1 573 1 53 1 54 1 235 1 183 2 198 1 442 1 238 1 239 1 212 1
266 77 15 378 1 29 2 15 1 53 1 58 1 257 2 238 2 183 2 251 1 177 1 240 2 180 2 379 1 611 1 490 1
91 19 16 500 1 485 1 284 1 180 1 182 1 223 2 209 1 471 1 593 1 204 1 176 1 365 1 486 1 70 1 108 1 349 1
196 49 14 15 1 537 1 356 1 567 1 239 1 196 1 442 1 411 1 251 1 312 1 242 1 182 1 355 1 70 1
19 3 15 202 1 380 1 20 1 26 1 19 1 378 1 224 1 23 3 15 1 14 1 411 1 180 1 414 1 25 1 24 1
40 9 21 587 3 95 3 20 1 635 1 608 3 538 1 279 1 396 6 456 1 458 1 637 1 303 1 306 1 383 1 411 3 304 1 398 1 485 1 636 1 307 1 71 1
//IdTournes NbColis
27 6
//IdColis IdCommandeInColis NbProducts IdProd1 QtyProd1 IdProd2 QtyProd2 ...
159 38 27 245 1 200 2 246 1 247 1 226 1 264 1 214 1 188 1 205 1 178 1 237 1 51 1 619 1 95 1 115 1 617 1 50 1 52 1 55 1 99 1 224 1 368 1 23 1 29 1 53 1 620 1 258 1
236 64 29 361 2 202 1 417 1 288 1 415 1 51 1 623 1 143 1 95 1 96 1 65 1 50 1 52 1 224 1 378 1 29 1 53 1 383 1 395 1 280 1 416 1 177 1 197 1 418 1 180 1 379 1 563 1 536 2 97 1
250 69 22 388 1 367 1 181 1 20 1 548 2 59 1 378 1 15 1 547 1 549 1 442 3 383 1 238 1 251 2 194 1 197 1 240 1 180 1 209 1 444 1 545 1 443 1
187 46 24 215 1 200 1 201 1 288 1 181 2 290 1 375 1 391 1 350 1 457 1 291 1 405 1 489 1 166 1 51 1 95 1 116 1 561 2 50 1 52 1 55 1 99 1 224 2 279 1
110 23 21 308 1 197 1 328 1 243 4 418 1 473 1 191 1 192 1 180 2 260 1 322 1 379 1 268 1 471 1 400 1 206 1 126 2 127 1 82 1 661 1 590 1
47 10 23 389 1 407 1 415 1 214 3 290 1 264 1 375 1 241 1 261 1 436 1 237 1 178 1 220 1 459 1 207 1 527 3 20 1 648 1 538 1 378 1 279 1 425 2 224 1
//IdTournes NbColis
28 6
//IdColis IdCommandeInColis NbProducts IdProd1 QtyProd1 IdProd2 QtyProd2 ...
50 10 12 333 1 631 3 230 1 319 2 601 1 647 1 535 1 97 2 24 3 646 1 163 1 66 1
157 37 21 235 1 198 1 239 1 238 1 442 1 262 1 474 1 294 1 221 1 243 1 192 2 296 1 419 1 182 1 293 1 295 1 242 1 206 1 469 1 535 1 108 1
222 59 18 380 1 245 1 201 1 394 1 288 1 375 1 367 2 65 1 378 1 371 1 224 1 573 1 177 1 197 1 240 1 180 1 379 1 414 1
22 4 19 20 1 224 1 335 1 12 1 29 1 325 1 402 1 169 1 183 1 383 2 411 1 267 1 243 1 191 1 240 1 322 1 400 1 333 1 32 1
188 46 18 507 1 12 1 29 1 53 1 456 1 458 1 238 1 411 1 251 1 284 1 209 1 230 2 176 1 365 1 486 1 18 1 536 1 40 1
12 1 29 307 1 180 1 182 1 211 1 434 1 284 1 312 1 521 1 467 4 187 3 497 1 173 1 400 3 185 1 519 2 531 2 176 1 229 1 399 1 469 1 514 1 486 1 156 1 646 1 40 1 541 1 652 2 655 1 657 2
//IdTournes NbColis
29 6
//IdColis IdCommandeInColis NbProducts IdProd1 QtyProd1 IdProd2 QtyProd2 ...
25 5 13 224 1 15 1 252 1 458 2 383 1 240 1 180 1 322 1 204 1 43 3 40 2 41 1 42 2
163 39 28 576 2 29 1 53 1 168 2 301 1 14 2 567 1 464 1 458 1 196 1 454 1 383 1 411 1 251 1 398 1 191 1 296 2 284 1 180 1 260 1 209 1 206 1 302 2 399 1 365 1 491 1 40 1 299 2
230 62 32 283 1 200 1 247 1 407 1 315 1 234 1 358 1 237 1 217 1 20 1 26 1 19 1 15 1 235 1 14 1 213 1 238 1 239 1 210 1 198 1 442 1 540 1 243 1 242 1 211 1 223 1 467 1 206 1 212 1 406 1 18 1 541 1
132 29 25 245 2 200 1 201 2 522 1 246 1 234 1 241 1 188 1 237 2 178 1 51 1 207 1 95 1 116 1 13 1 50 1 52 1 19 1 576 1 29 1 53 1 235 1 238 1 239 1 198 1
169 41 30 200 1 201 1 359 1 247 1 234 1 315 1 231 1 358 1 237 1 51 1 207 1 527 1 116 1 13 1 50 1 52 1 99 1 568 1 468 1 29 1 53 1 128 1 612 1 235 1 464 1 210 1 198 1 442 1 262 1 138 1
190 47 24 408 1 441 2 503 1 216 1 245 1 522 2 329 1 234 1 315 1 178 1 358 1 51 1 96 1 13 1 50 1 52 1 99 1 568 1 368 1 53 1 235 1 213 1 148 1 210 1
//IdTournes NbColis
30 6
//IdColis IdCommandeInColis NbProducts IdProd1 QtyProd1 IdProd2 QtyProd2 ...
48 10 20 224 1 368 1 137 3 107 3 392 3 266 1 235 1 168 1 396 1 265 1 549 3 195 1 238 1 239 1 303 1 169 2 383 4 251 2 423 1 308 3
71 14 5 82 3 176 1 229 4 365 1 486 1
86 18 24 29 1 53 1 54 1 472 1 456 1 458 1 169 1 383 1 411 1 182 1 295 1 284 1 173 1 268 1 82 2 230 2 176 1 365 1 253 1 60 1 536 1 108 1 545 1 541 2
121 26 22 99 1 421 1 468 1 137 1 53 1 235 1 257 1 210 1 198 2 442 1 262 1 239 1 177 2 236 1 211 1 467 1 242 1 206 1 138 1 212 1 469 1 365 1
138 31 27 261 2 205 2 178 1 188 1 207 1 115 1 114 2 50 1 52 1 55 1 99 1 53 1 54 1 235 3 258 1 213 1 262 1 183 1 198 1 239 1 260 2 242 1 263 1 206 1 82 1 212 1 66 1
150 35 29 278 1 51 1 276 1 217 1 459 1 422 2 115 1 116 1 626 1 50 1 134 1 52 1 55 1 279 1 507 1 250 1 132 2 29 1 53 1 54 1 235 1 396 1 275 1 213 1 625 2 262 1 183 1 198 1 239 1
//IdTournes NbColis
31 6
//IdColis IdCommandeInColis NbProducts IdProd1 QtyProd1 IdProd2 QtyProd2 ...
27 6 28 321 1 216 1 340 1 245 1 200 1 359 1 247 1 234 1 237 1 178 1 358 1 51 1 116 1 115 1 48 1 50 1 52 1 55 1 99 1 310 1 421 1 29 1 49 1 53 1 54 1 235 1 213 1 212 1
113 24 27 215 1 340 1 245 1 342 1 218 1 407 1 234 1 358 1 129 1 51 1 207 1 95 1 96 1 116 1 130 1 50 1 52 1 568 1 371 1 344 1 382 1 316 1 29 1 53 1 54 3 235 1 243 1
129 28 32 20 1 116 1 568 1 50 1 52 1 29 1 53 1 54 1 235 1 356 1 392 1 616 1 183 1 198 1 262 1 239 1 442 3 221 1 236 1 398 1 243 1 424 2 211 1 223 1 242 1 467 1 206 1 615 1 212 1 41 1 108 1 541 1
153 36 28 264 1 214 1 188 1 178 2 51 1 115 1 116 1 50 1 52 1 55 1 99 1 368 1 250 1 29 1 53 1 235 1 262 2 280 2 183 1 198 1 243 1 192 2 242 1 211 1 255 1 281 1 212 1 399 1
184 45 27 202 1 439 1 200 2 201 2 522 1 290 1 460 1 178 1 51 1 115 1 116 1 574 1 50 1 52 1 55 1 99 1 224 1 29 1 53 1 54 1 235 1 213 1 183 1 198 1 239 1 262 1 212 1
198 50 29 247 1 226 1 360 2 234 1 237 1 178 1 188 1 51 1 95 1 96 1 580 1 571 1 579 1 574 1 50 1 52 1 99 1 568 1 29 1 53 1 235 1 262 1 239 1 198 1 242 1 211 1 212 1 302 1 541 2
//IdTournes NbColis
32 6
//IdColis IdCommandeInColis NbProducts IdProd1 QtyProd1 IdProd2 QtyProd2 ...
201 51 19 234 1 237 1 51 1 116 1 139 1 50 1 52 1 224 1 468 1 29 1 53 1 239 1 198 1 192 1 242 1 211 1 467 1 559 1 365 1
211 55 32 181 1 315 1 598 1 237 1 527 1 95 1 116 1 50 1 52 1 55 1 99 1 279 1 29 1 53 1 235 1 266 1 262 1 239 1 210 1 198 1 236 1 191 1 419 2 242 1 211 1 467 1 355 2 212 1 253 2 600 1 66 1 545 1
245 67 28 249 1 202 1 226 1 214 1 264 1 436 1 237 1 621 1 51 1 95 1 115 1 116 1 134 1 52 1 99 1 435 1 29 1 53 1 586 1 235 1 517 1 198 1 183 1 239 1 263 1 260 2 242 1 212 1
270 79 9 14 1 567 1 383 1 419 1 240 1 180 1 379 1 268 1 163 1
7 1 20 215 1 202 1 283 2 167 1 498 2 380 1 530 1 227 1 200 1 201 2 639 1 433 1 522 1 186 1 508 1 171 1 226 1 222 1 181 1 60 1
166 40 21 35 1 245 1 201 1 218 1 415 1 234 1 313 1 315 1 290 1 261 1 207 1 310 1 316 1 235 1 411 1 304 1 312 1 242 1 206 1 595 1 204 1
//IdTournes NbColis
33 6
//IdColis IdCommandeInColis NbProducts IdProd1 QtyProd1 IdProd2 QtyProd2 ...
124 27 18 193 2 361 2 362 3 470 1 202 1 271 1 200 2 201 1 522 1 415 1 391 1 188 1 146 1 115 1 116 1 50 1 52 1 152 1
30 7 17 390 1 533 1 512 1 179 1 286 1 478 1 289 2 202 1 283 1 215 1 61 1 30 1 34 2 33 2 122 1 35 1 662 1
34 8 16 353 1 351 1 269 1 390 1 404 1 286 1 478 1 504 1 215 1 202 1 283 1 61 1 34 2 33 2 122 1 200 2
21 4 15 334 1 336 1 337 1 338 1 361 3 202 1 332 1 30 2 31 1 33 2 34 2 35 1 200 2 460 1 330 1
172 42 15 506 1 215 3 283 3 202 1 380 1 30 1 31 1 33 1 34 2 35 1 200 1 201 3 288 1 186 1 121 1
66 13 23 14 1 210 1 198 1 232 1 262 1 238 1 239 1 383 1 177 1 236 1 398 1 243 2 182 1 211 1 242 1 467 1 187 1 355 2 206 4 230 1 212 1 494 1 632 1
//IdTournes NbColis
34 6
//IdColis IdCommandeInColis NbProducts IdProd1 QtyProd1 IdProd2 QtyProd2 ...
224 60 23 375 1 181 1 178 1 26 1 543 1 378 1 224 1 397 2 507 1 15 1 396 1 14 1 395 1 383 2 194 1 343 1 197 1 177 1 419 1 180 1 322 1 379 1 542 1
262 75 11 178 1 19 1 378 1 15 1 472 1 14 1 488 1 177 1 197 1 240 1 180 1
272 80 9 15 1 14 1 238 1 383 1 304 1 423 2 177 1 419 2 180 1
276 82 12 14 1 383 1 526 1 524 1 177 2 197 1 180 1 209 1 399 3 414 1 562 1 545 1
120 26 22 193 1 216 1 202 1 332 2 380 1 245 1 201 1 247 1 370 1 226 1 214 3 234 1 178 1 188 1 51 1 256 1 207 1 48 1 139 1 50 1 52 1 258 1
151 35 9 194 1 242 1 211 1 223 1 467 1 187 1 206 1 212 1 542 1
//IdTournes NbColis
35 6
//IdColis IdCommandeInColis NbProducts IdProd1 QtyProd1 IdProd2 QtyProd2 ...
65 13 24 228 1 441 1 528 2 470 1 202 1 215 1 439 1 227 1 231 1 214 1 234 1 405 1 188 1 237 1 51 1 459 1 20 1 26 1 538 1 224 1 368 1 468 1 15 1 235 1
205 53 25 216 1 340 1 200 1 201 2 247 1 342 1 218 1 315 1 261 2 278 1 358 1 237 1 207 1 20 1 569 1 19 1 421 2 15 1 570 1 547 1 369 1 235 1 210 1 198 1 442 1
264 76 16 378 1 15 2 235 2 266 1 395 1 341 1 385 1 240 1 260 1 180 1 379 1 557 1 559 1 66 1 42 1 545 1
178 43 20 458 1 583 2 341 1 196 1 411 1 343 1 339 1 294 2 485 3 180 1 182 1 240 2 284 1 260 1 209 1 399 1 365 1 486 1 253 1 609 1
227 61 20 361 2 202 1 283 1 332 1 245 2 200 1 201 4 51 1 95 1 96 1 116 1 50 1 52 1 99 1 568 1 368 2 107 1 53 1 54 1 584 1
60 12 20 361 1 506 3 215 1 283 1 245 1 200 1 639 1 288 1 186 1 290 1 350 1 457 1 391 1 460 1 305 1 291 1 405 1 205 3 261 1 20 1
//IdTournes NbColis
36 6
//IdColis IdCommandeInColis NbProducts IdProd1 QtyProd1 IdProd2 QtyProd2 ...
10 1 22 368 2 505 2 529 1 440 1 420 1 250 2 573 1 124 1 168 1 235 1 402 3 472 1 392 1 396 3 252 4 275 1 509 2 511 2 517 1 458 1 456 1 165 1
128 28 18 361 1 528 2 202 1 380 1 245 1 200 2 359 1 218 1 222 1 234 1 241 1 188 1 51 1 217 3 207 4 220 1 614 1 95 1
133 29 10 236 1 243 1 191 1 240 1 242 1 631 1 611 1 212 1 536 1 108 1
160 38 18 235 1 213 1 297 1 183 1 198 2 239 1 442 1 243 1 236 1 263 1 255 1 260 2 242 1 467 1 206 1 536 1 108 1 299 1
80 17 22 215 1 332 1 380 1 201 1 288 1 246 1 186 1 483 3 407 1 290 1 350 1 360 1 51 1 166 1 217 1 95 1 96 1 50 1 52 1 55 1 99 1 371 3
36 8 11 196 1 232 2 383 1 284 1 260 2 209 1 322 1 176 1 650 1 24 2 651 2
//IdTournes NbColis
37 6
//IdColis IdCommandeInColis NbProducts IdProd1 QtyProd1 IdProd2 QtyProd2 ...
248 68 20 380 1 200 1 288 1 367 1 208 1 181 1 20 1 19 1 224 1 440 1 378 1 547 1 383 1 238 2 442 1 197 1 177 1 240 1 180 1 302 1
28 6 12 603 1 262 1 239 1 210 1 198 1 442 1 236 1 242 1 211 2 260 1 467 1 97 2
114 24 19 667 1 392 2 644 1 131 1 213 1 262 1 280 1 210 1 198 1 238 2 239 1 242 1 211 1 223 1 467 1 206 1 212 1 545 1 372 1
206 53 9 239 1 236 1 243 1 211 1 467 1 242 1 268 2 212 1 545 1
260 74 8 238 3 383 1 411 1 177 1 180 1 487 1 253 1 24 1
148 34 11 177 1 398 1 243 1 192 1 419 1 255 1 467 2 242 1 355 1 273 1 630 1
//IdTournes NbColis
38 6
//IdColis IdCommandeInColis NbProducts IdProd1 QtyProd1 IdProd2 QtyProd2 ...
254 71 12 290 1 178 1 459 1 217 1 548 1 310 1 235 1 239 1 411 1 577 1 242 1 206 1
97 20 29 238 2 395 4 442 1 383 1 304 1 267 1 194 1 251 2 308 1 197 1 294 1 236 1 398 1 243 1 473 1 191 1 180 1 295 1 284 1 312 1 209 1 322 2 471 1 400 1 333 1 302 1 399 1 365 2 486 1
5 1 12 410 1 233 2 401 1 404 1 320 1 179 1 347 3 318 1 449 1 203 2 476 2 184 1
191 47 16 198 1 352 1 442 2 239 1 613 1 236 1 221 1 243 2 211 1 223 1 467 1 240 1 242 1 322 1 206 1 212 1
69 14 14 272 1 353 1 493 1 455 1 189 1 254 2 404 1 286 1 478 1 361 3 202 1 283 1 215 1 186 1
11 1 19 532 1 169 1 183 4 195 2 232 3 198 1 297 1 280 1 238 4 442 2 383 1 411 1 174 1 177 3 236 1 243 3 500 1 485 1 423 3
//IdTournes NbColis
39 6
//IdColis IdCommandeInColis NbProducts IdProd1 QtyProd1 IdProd2 QtyProd2 ...
203 52 17 207 1 368 1 316 1 468 1 235 1 262 1 198 2 239 1 442 1 236 1 308 1 221 1 192 1 242 1 223 1 240 1 206 1
49 10 17 197 1 236 2 398 1 243 1 424 4 191 1 419 2 182 6 260 1 242 1 649 1 180 4 400 1 379 2 268 3 502 3 173 2
100 21 18 362 1 361 2 216 1 470 1 215 1 202 1 245 1 200 2 201 2 247 1 389 1 208 2 214 1 234 1 375 1 188 2 205 1 261 1
174 42 17 411 1 418 1 485 1 180 1 295 1 284 1 467 3 209 1 176 1 281 1 229 1 365 1 514 1 486 1 469 1 465 1 462 1
8 1 19 214 1 290 1 264 1 450 2 350 1 457 1 375 3 241 1 391 3 460 1 313 1 598 1 496 1 305 1 291 1 405 1 178 1 261 1 237 3
45 10 16 438 1 354 1 364 1 376 1 277 1 437 1 190 1 233 1 324 1 481 1 317 1 269 1 426 1 479 1 480 1 386 1
//IdTournes NbColis
40 5
//IdColis IdCommandeInColis NbProducts IdProd1 QtyProd1 IdProd2 QtyProd2 ...
46 10 10 480 3 501 1 216 3 439 2 332 1 380 2 386 6 288 1 389 1 188 1
89 19 15 426 1 286 1 478 1 361 3 362 3 202 1 283 1 215 1 380 1 245 2 200 2 329 1 218 1 350 1 291 1
73 15 16 317 2 404 1 390 1 318 1 286 1 478 1 441 1 361 3 202 1 283 1 215 1 380 1 498 1 201 1 246 1 186 1
252 70 6 259 1 452 1 381 1 361 1 245 1 200 1
6 1 11 476 1 366 1 244 3 478 1 518 1 448 1 482 1 516 1 506 3 520 1 470 5
