//NbTournees
67
//IdTournes NbColis
1 6
//IdColis IdCommandeInColis NbProducts IdProd1 QtyProd1 IdProd2 QtyProd2 ...
12 3 20 113 1 178 1 142 1 137 3 329 1 333 1 814 1 937 1 938 1 961 1 962 1 451 1 417 1 642 1 604 1 884 1 340 1 444 1 530 1 125 1
24 5 16 98 1 315 1 91 1 996 1 117 1 133 1 150 1 136 1 137 1 329 1 333 2 353 1 381 1 382 3 411 1 469 1
99 15 15 315 1 94 1 97 1 160 1 268 1 150 1 879 1 137 1 250 1 329 2 333 2 440 1 443 3 382 1 490 1
106 16 21 252 1 690 2 137 1 224 1 329 2 333 1 379 1 382 2 685 1 667 1 502 1 834 1 571 2 765 1 814 1 938 1 336 1 419 1 497 1 796 1 166 1
117 18 15 92 1 284 1 93 1 142 1 305 1 97 1 136 1 137 2 250 1 662 1 329 2 443 1 447 1 576 1 61 1
126 19 19 95 1 91 1 137 1 250 1 638 2 492 1 329 1 437 1 440 1 479 1 450 2 722 1 634 1 832 1 621 1 834 1 936 1 676 1 225 1
//IdTournes NbColis
2 6
//IdColis IdCommandeInColis NbProducts IdProd1 QtyProd1 IdProd2 QtyProd2 ...
136 21 16 92 1 113 1 278 1 160 1 282 1 526 2 137 2 638 1 329 2 333 1 437 1 411 1 537 1 691 1 475 1 617 1
142 22 19 98 1 290 1 91 1 268 1 615 1 136 1 137 1 250 1 224 1 329 1 333 2 353 1 443 1 377 1 382 1 418 1 686 1 634 1 571 1
148 23 16 113 1 284 1 1021 1 267 1 268 1 218 1 136 1 329 1 382 2 475 2 938 3 891 1 494 1 497 1 649 1 346 1
155 24 22 113 1 136 3 638 1 329 1 333 1 478 1 597 1 475 1 571 2 937 1 938 1 497 1 724 1 606 1 742 1 806 1 372 1 523 1 817 1 847 1 939 1 569 1
169 26 21 98 1 113 1 142 1 129 1 224 1 329 1 333 2 353 1 440 1 718 1 731 1 899 1 823 1 975 1 494 1 630 1 670 1 426 1 845 1 376 1 154 1
174 27 15 368 1 303 1 93 1 305 1 290 1 137 1 220 1 224 1 465 1 638 1 329 2 333 3 537 1 652 1 130 1
//IdTournes NbColis
3 6
//IdColis IdCommandeInColis NbProducts IdProd1 QtyProd1 IdProd2 QtyProd2 ...
186 30 16 295 1 297 1 212 1 129 2 136 2 329 1 333 1 382 1 571 3 899 1 906 2 944 1 304 1 414 1 531 1 469 1
191 31 23 108 1 329 1 727 1 511 1 451 1 497 1 676 1 606 1 929 2 694 1 639 1 647 1 518 1 671 1 372 2 728 1 847 1 733 1 723 2 870 1 62 1 2 1 50 1
218 37 20 113 1 212 1 108 1 268 1 60 1 662 1 492 1 329 1 333 1 382 2 478 1 502 1 823 1 872 1 891 1 451 1 497 2 826 1 376 1 50 1
228 39 20 137 1 224 1 321 5 329 1 333 1 382 1 571 2 927 1 724 1 649 1 803 1 566 2 63 1 629 2 980 1 366 1 608 2 558 1 689 1 134 1
266 48 21 326 1 91 1 267 1 268 1 129 2 250 1 224 1 329 1 333 1 377 1 517 1 571 1 927 1 992 1 494 1 514 1 642 1 503 1 742 1 304 1 452 1
289 53 19 230 1 278 1 324 1 91 1 129 1 250 1 465 1 329 1 382 2 761 1 571 1 937 1 873 1 891 1 426 1 675 1 848 1 446 2 343 1
//IdTournes NbColis
4 6
//IdColis IdCommandeInColis NbProducts IdProd1 QtyProd1 IdProd2 QtyProd2 ...
296 55 19 368 1 95 1 160 1 179 1 342 1 250 1 329 1 333 1 353 1 377 1 686 1 475 1 814 2 946 1 826 1 907 1 930 1 390 1 566 1
301 56 25 129 2 224 1 329 1 333 1 386 1 418 1 430 1 419 1 724 1 417 1 426 1 425 1 427 1 939 2 911 1 870 1 566 2 431 1 432 1 393 1 314 1 429 1 774 1 2 1 154 1
304 57 24 117 1 133 1 465 1 329 1 382 1 459 1 468 1 472 1 475 1 645 1 571 1 453 1 470 1 775 2 789 1 565 1 27 1 887 1 564 1 805 3 441 1 376 1 107 1 50 1
307 58 23 136 1 137 1 465 1 329 1 333 1 440 1 457 1 475 1 820 1 571 1 823 1 906 1 910 1 924 1 444 1 425 1 817 2 788 1 469 2 781 1 566 1 467 1 29 1
311 59 23 1004 1 129 1 136 1 250 1 329 1 333 1 437 1 450 1 454 1 475 1 472 1 571 1 927 3 451 1 419 1 649 1 694 1 930 1 848 1 427 2 775 1 788 1 474 1
315 60 18 178 1 284 1 142 1 477 1 54 1 129 1 136 1 329 2 333 1 382 3 478 1 430 1 475 1 602 1 852 1 621 1 251 1 2 1
//IdTournes NbColis
5 6
//IdColis IdCommandeInColis NbProducts IdProd1 QtyProd1 IdProd2 QtyProd2 ...
319 61 20 1011 1 91 1 1004 1 492 1 329 1 333 1 472 1 811 1 779 1 571 2 950 1 959 1 426 1 640 1 818 1 930 1 482 1 446 1 302 1 8 1
323 62 21 113 1 91 1 137 2 224 1 465 1 329 1 333 2 494 1 604 1 488 1 469 1 496 1 552 1 781 1 566 1 380 1 772 1 784 1 431 4 432 1 170 1
327 63 22 212 1 160 1 54 1 615 1 136 1 137 1 505 1 329 2 333 1 382 1 475 1 571 1 962 1 497 1 904 1 372 1 809 1 817 1 847 3 489 1 496 1 154 3
331 64 24 996 1 137 2 224 1 329 1 333 1 479 1 502 1 475 1 765 1 938 1 476 1 494 1 419 1 497 1 606 1 929 1 372 1 939 2 789 1 469 3 412 1 650 1 2 1 154 1
335 65 22 113 1 250 1 329 1 333 2 457 1 779 1 571 1 938 2 606 1 649 1 490 1 647 1 627 1 372 2 495 1 793 1 918 1 847 1 984 1 552 1 380 1 102 1
339 66 22 136 1 137 2 329 1 333 2 524 1 475 1 621 1 834 1 899 1 822 1 927 1 451 2 606 2 826 2 737 1 671 1 523 1 728 1 817 1 776 1 125 1 154 1
//IdTournes NbColis
6 6
//IdColis IdCommandeInColis NbProducts IdProd1 QtyProd1 IdProd2 QtyProd2 ...
344 67 21 561 1 60 1 224 1 638 1 329 1 333 2 377 1 382 2 450 1 628 1 559 1 645 1 718 1 571 1 946 1 938 2 944 1 826 1 924 1 914 1 522 1
349 68 21 54 2 137 1 638 1 329 1 333 1 353 1 382 3 450 1 468 1 724 1 490 1 503 1 488 1 470 1 717 1 817 1 775 1 919 1 789 1 939 2 452 1
354 69 23 212 1 268 1 60 1 329 1 333 2 450 1 411 1 551 1 718 1 571 1 927 2 497 2 649 1 826 1 806 1 914 1 446 1 817 1 847 1 789 1 939 1 249 1 102 2
359 70 19 315 1 324 1 1016 1 864 1 329 2 537 1 418 1 475 2 811 1 571 2 765 1 927 1 419 1 724 1 907 1 531 1 427 1 721 1 119 1
21 4 45 463 1 61 1 345 1 330 1 332 3 338 2 341 1 364 1 365 2 409 2 641 1 603 1 804 1 732 2 783 1 516 2 70 1 74 1 159 2 869 2 347 1 31 1 346 1 122 2 148 1 16 1 17 1 34 1 85 1 128 1 134 2 146 1 168 1 147 1 480 1 165 1 344 1 395 1 399 1 407 1 485 2 481 1 348 1 515 1 107 1
28 5 32 422 1 557 1 428 1 622 1 856 1 825 1 905 1 792 1 812 1 837 1 519 1 508 1 161 1 388 2 562 2 569 1 827 1 452 1 463 2 112 1 61 2 78 1 330 1 341 3 365 2 409 1 473 1 603 1 619 1 804 3 55 1 2 1
//IdTournes NbColis
7 6
//IdColis IdCommandeInColis NbProducts IdProd1 QtyProd1 IdProd2 QtyProd2 ...
49 8 32 856 1 825 1 170 1 487 1 712 1 449 1 462 1 508 1 568 2 82 1 161 2 569 1 435 3 827 1 452 1 463 1 330 1 334 2 341 1 375 1 383 2 461 1 641 1 473 1 659 1 563 2 603 2 862 1 782 2 783 1 824 1 351 1
74 11 32 951 1 388 2 753 1 800 1 877 1 764 2 815 2 463 1 139 1 367 1 330 5 332 2 341 1 375 1 383 1 659 1 641 1 563 2 619 1 782 2 955 3 816 1 963 1 966 1 934 1 392 1 260 2 74 1 80 1 601 1 869 2 148 1
95 14 27 800 2 435 5 877 1 815 3 569 2 931 2 456 3 725 2 958 1 438 1 439 1 385 1 452 1 112 1 61 1 330 1 334 1 341 2 375 1 409 1 415 1 461 2 473 1 659 3 641 3 84 1 9 2
103 15 32 391 2 758 1 410 1 754 1 800 2 435 2 764 2 931 1 289 2 463 1 139 1 367 2 345 1 330 2 332 3 334 1 338 2 365 1 375 1 383 2 416 1 641 1 473 1 603 2 619 2 804 1 732 1 902 2 926 1 145 1 102 1 154 1
109 16 26 837 1 519 2 828 1 462 1 161 1 410 1 750 1 435 3 764 1 931 1 289 1 463 1 61 1 139 1 330 1 332 5 341 6 364 1 365 2 375 1 409 1 405 1 641 2 473 1 619 3 75 1
122 18 28 860 1 812 1 751 2 335 1 540 1 161 1 283 1 746 1 435 1 877 1 815 2 931 1 456 1 958 1 438 2 452 1 330 1 332 1 334 3 338 3 365 4 370 1 375 1 409 1 383 1 415 1 461 3 880 1
//IdTournes NbColis
8 6
//IdColis IdCommandeInColis NbProducts IdProd1 QtyProd1 IdProd2 QtyProd2 ...
157 24 34 422 1 837 1 421 1 569 3 435 1 931 1 827 1 456 2 439 1 385 1 112 1 139 1 330 2 332 1 334 1 338 1 341 1 365 1 375 1 409 1 641 2 619 2 804 2 732 4 783 2 516 1 166 1 869 1 786 1 790 1 403 1 356 1 28 1 154 1
177 27 27 773 1 785 1 498 1 557 2 487 1 458 1 712 1 15 1 449 1 462 1 815 1 569 2 439 1 139 1 367 1 345 1 330 2 332 5 334 2 338 2 341 1 365 4 409 2 375 1 563 1 603 1 423 1
188 30 34 293 1 500 1 704 1 510 1 623 1 785 1 428 1 568 1 331 1 388 2 562 1 569 1 931 1 958 1 385 2 463 1 78 1 367 1 330 2 334 1 527 1 365 1 445 2 375 1 409 3 415 1 455 1 461 3 641 1 603 1 619 1 804 2 783 2 484 1
193 31 37 335 1 837 2 951 1 569 1 456 1 226 1 61 1 330 4 332 3 334 1 338 2 563 1 603 1 783 3 902 1 350 1 392 1 80 1 871 1 347 1 400 2 484 1 31 1 85 1 96 1 140 1 146 1 153 1 36 1 147 1 175 1 352 2 399 2 407 1 354 2 86 2 265 1
205 33 22 644 1 428 1 856 2 905 1 837 2 575 2 462 2 568 2 947 1 410 1 562 4 754 3 800 1 569 2 435 1 815 4 385 1 61 1 139 2 345 1 330 1 332 4
221 37 39 568 1 161 1 283 1 331 1 388 1 562 1 579 1 435 1 226 1 463 1 61 1 139 1 345 1 330 1 334 1 341 2 364 1 365 1 370 2 375 2 383 1 409 1 415 2 641 3 619 2 804 1 902 1 965 1 824 1 538 1 355 1 166 1 359 1 263 1 601 1 122 1 219 1 28 1 102 1
//IdTournes NbColis
9 6
//IdColis IdCommandeInColis NbProducts IdProd1 QtyProd1 IdProd2 QtyProd2 ...
226 38 44 462 1 508 1 755 1 758 1 582 1 388 2 750 1 753 1 754 1 877 2 893 1 827 1 82 1 456 1 725 1 61 1 139 1 345 1 330 1 341 1 409 1 659 2 862 2 965 1 584 1 816 1 963 1 934 1 263 1 84 2 96 1 120 1 153 1 36 1 52 1 207 1 147 1 66 1 45 1 399 1 126 1 348 2 515 2 402 1
235 40 40 452 1 463 2 330 1 572 3 332 3 334 1 341 4 383 1 409 3 659 1 603 1 782 1 955 1 824 1 538 1 516 2 159 2 871 1 74 1 347 2 298 1 484 1 403 1 148 1 21 2 135 1 277 1 167 1 28 1 197 1 147 1 66 2 480 1 389 1 100 1 222 1 157 1 175 1 1017 1 204 1
241 41 36 958 1 438 1 112 2 61 1 367 2 330 1 332 2 365 4 370 2 405 1 415 2 461 1 641 2 473 1 563 2 619 1 732 1 783 2 926 1 355 1 349 2 263 1 869 1 790 1 70 1 74 1 80 1 347 1 351 1 484 1 203 1 134 1 140 1 146 1 156 2 130 1
250 43 33 635 1 805 1 838 1 995 1 441 2 429 1 774 1 888 1 609 1 801 1 836 1 366 2 608 1 376 1 467 1 506 1 689 1 510 1 558 2 623 1 785 1 428 1 508 1 569 1 435 1 931 1 82 1 78 2 330 1 332 2 334 1 516 1 182 1
284 51 52 410 1 579 1 569 1 958 1 139 1 330 1 341 2 370 1 461 1 641 3 659 3 563 2 603 1 783 1 824 2 965 1 263 1 790 1 484 2 423 1 346 1 148 1 21 1 153 1 17 1 35 1 36 1 147 1 66 1 389 1 71 1 344 1 395 1 399 1 13 1 48 1 354 1 343 1 481 1 348 1 387 1 483 1 402 1 145 1 155 1 29 1 38 1 107 1 119 1 12 1 214 1 270 1
287 52 33 489 1 552 1 648 1 839 1 887 1 805 1 240 1 58 1 209 1 888 1 433 1 836 1 986 1 499 1 500 1 557 1 570 1 856 1 458 1 540 1 508 1 435 1 958 1 330 1 338 1 409 3 461 1 473 2 732 1 926 1 350 1 484 1 9 1
//IdTournes NbColis
10 6
//IdColis IdCommandeInColis NbProducts IdProd1 QtyProd1 IdProd2 QtyProd2 ...
291 53 37 335 1 837 1 388 2 562 2 764 1 569 2 435 1 456 1 330 2 334 1 338 1 341 3 365 1 370 1 405 1 409 2 461 1 603 1 619 1 804 2 783 2 926 1 869 1 790 2 400 1 351 1 423 1 346 1 403 1 356 1 52 1 85 1 96 1 135 1 277 1 147 1 145 1
329 63 53 82 1 725 1 61 1 330 1 341 2 375 1 409 3 619 1 804 1 902 1 926 1 965 2 504 1 74 1 159 1 484 1 346 2 195 1 219 1 277 1 156 1 45 1 204 1 13 1 287 1 343 1 481 1 164 1 177 1 348 2 387 1 394 2 402 3 64 1 145 1 163 1 361 1 401 1 408 2 486 1 464 1 243 1 141 1 107 1 119 1 213 1 239 1 56 1 42 1 172 1 190 1 53 2 143 1
356 69 30 542 2 704 1 434 1 719 1 363 1 460 1 471 1 557 1 428 2 570 1 541 1 713 1 697 1 666 1 715 1 391 1 421 1 435 1 754 1 931 1 82 2 61 1 330 1 332 3 338 2 341 2 365 2 370 1 516 1 9 1
361 70 30 169 1 441 1 429 2 774 2 888 1 801 1 836 1 366 1 542 1 623 1 773 1 846 1 498 1 925 2 810 1 812 1 837 1 391 2 331 1 388 1 410 1 562 2 569 1 330 1 332 1 338 1 445 2 416 1 461 1 194 1
365 71 45 856 1 170 1 568 1 569 1 983 1 931 1 827 1 161 1 330 2 436 3 334 1 338 1 365 2 445 2 415 1 563 1 965 1 349 1 886 1 351 1 114 1 120 1 128 1 140 1 153 1 352 1 406 1 13 1 343 1 164 1 348 2 387 1 394 2 556 1 397 1 8 1 88 1 141 1 205 1 107 1 119 1 118 1 56 1 270 1 18 1
368 72 37 471 1 607 1 391 1 410 1 562 1 931 1 456 1 367 1 330 2 332 8 334 1 338 1 365 1 445 1 409 1 455 1 603 1 824 2 350 1 786 1 346 1 36 1 52 1 114 1 120 1 394 3 402 2 358 1 208 1 361 2 401 1 408 1 12 1 107 1 119 1 42 1 72 1
//IdTournes NbColis
11 6
//IdColis IdCommandeInColis NbProducts IdProd1 QtyProd1 IdProd2 QtyProd2 ...
371 73 33 566 1 431 1 648 1 564 1 441 1 429 2 774 1 366 1 608 2 87 1 376 1 558 2 525 1 773 1 846 1 460 1 570 1 825 1 487 1 170 1 508 1 388 1 330 1 338 1 365 1 370 1 445 1 461 2 473 2 603 1 516 1 107 1 50 1
377 74 24 422 1 471 2 557 2 335 1 837 1 491 1 462 1 388 1 562 4 569 2 931 1 438 1 139 1 330 1 332 3 334 1 409 2 405 1 641 1 563 1 862 3 804 3 782 3 165 1
382 75 35 498 2 766 1 330 1 436 1 334 1 445 1 783 1 350 1 349 1 423 1 403 1 96 1 277 1 146 1 217 1 222 1 175 1 352 1 399 1 348 2 362 1 394 1 401 1 25 1 89 1 104 1 123 1 254 2 288 1 107 2 119 1 26 2 10 1 172 1 3 1
386 76 45 331 1 388 1 579 1 562 1 569 1 226 1 385 1 78 2 330 1 341 1 641 1 563 1 603 1 804 1 782 3 783 1 392 1 249 1 349 1 871 1 298 1 484 1 21 1 271 1 35 1 168 1 147 1 352 1 343 2 481 1 164 1 348 1 402 1 401 1 486 1 464 1 25 1 41 1 107 1 119 2 184 1 118 2 55 1 125 1 2 1
389 77 29 529 2 805 1 838 1 20 1 296 1 257 1 258 1 314 1 337 2 629 3 836 1 608 1 506 1 525 1 719 1 785 1 874 1 557 1 428 1 856 1 449 1 837 1 462 1 562 1 61 1 330 1 332 2 603 1 50 1
393 78 29 432 1 648 1 567 1 738 1 590 1 564 1 805 1 63 1 106 1 169 1 314 1 616 1 888 1 801 1 836 2 608 1 586 1 542 1 500 2 506 2 623 1 785 1 269 1 498 1 462 1 330 1 436 3 350 1 89 1
//IdTournes NbColis
12 6
//IdColis IdCommandeInColis NbProducts IdProd1 QtyProd1 IdProd2 QtyProd2 ...
398 79 46 487 1 435 2 827 1 82 1 725 1 139 1 330 1 332 4 338 2 341 2 365 1 473 1 563 1 603 1 782 1 824 1 601 1 790 1 70 2 484 1 346 1 21 1 122 1 17 1 187 1 52 2 203 1 207 1 219 1 277 1 153 1 171 1 147 1 389 1 309 1 344 1 399 1 485 2 348 1 387 1 64 1 464 1 152 1 8 1 41 1 299 1
65 10 25 856 2 825 1 487 3 653 1 712 1 812 1 421 2 568 2 331 2 388 2 435 3 569 1 161 1 301 2 528 1 439 1 463 1 61 1 139 1 572 3 332 4 341 2 370 1 263 1 2 1
94 14 26 487 1 713 1 712 2 697 2 751 4 185 1 449 1 666 1 715 2 391 5 519 1 491 1 462 1 755 1 878 2 568 2 758 2 974 1 82 1 161 2 331 1 753 1 754 2 800 1 21 1 154 1
151 23 31 493 1 500 1 506 2 704 1 510 1 773 2 460 1 498 1 644 1 622 2 856 1 15 1 170 1 185 1 837 2 391 1 568 1 283 1 331 1 562 4 579 1 764 1 569 2 827 1 161 1 456 1 725 1 958 2 226 2 385 1 463 1
160 25 14 284 1 326 1 267 1 591 1 526 1 687 1 945 1 885 2 136 2 137 3 250 2 353 2 576 1 337 1
183 29 31 258 1 590 1 635 1 805 1 838 1 76 1 608 1 236 1 269 1 525 1 510 1 773 1 719 1 623 2 471 1 856 1 331 1 388 1 410 1 579 1 435 2 139 1 332 3 338 1 341 2 365 2 461 1 563 1 619 1 804 2 783 1
//IdTournes NbColis
13 6
//IdColis IdCommandeInColis NbProducts IdProd1 QtyProd1 IdProd2 QtyProd2 ...
198 32 37 696 1 801 1 366 1 269 1 583 1 542 1 499 1 420 1 558 1 510 1 802 1 623 1 773 1 846 1 812 1 837 2 421 1 491 2 462 1 508 1 331 1 410 1 579 1 753 1 569 2 931 1 82 1 528 1 452 1 78 1 139 2 332 2 334 1 341 1 375 1 350 1 2 2
212 35 26 60 1 333 1 475 1 602 1 605 1 961 1 606 1 907 1 826 1 604 1 930 1 427 1 919 1 973 1 788 1 469 2 276 1 380 1 596 1 110 1 27 1 887 1 805 1 609 1 331 1 2 1
268 48 35 986 1 510 2 719 1 623 1 874 1 422 1 557 1 622 1 458 1 541 1 331 1 410 1 562 3 569 1 931 1 452 1 302 1 338 2 341 2 365 1 409 1 455 1 461 2 563 1 603 2 619 1 902 1 824 2 166 1 263 1 601 1 869 2 786 1 122 1 102 1
324 62 29 648 1 887 2 590 1 564 1 635 1 58 1 209 1 441 2 429 1 888 1 87 1 376 2 500 2 467 1 506 1 510 1 785 1 269 1 766 1 449 1 335 1 462 1 568 1 331 1 569 1 367 1 436 4 334 1 350 1
201 33 20 315 1 615 1 885 1 137 2 573 1 333 3 353 1 440 1 443 1 377 2 450 1 418 1 716 1 475 1 853 1 833 1 834 1 814 1 107 1 154 1
273 49 49 410 1 569 1 435 2 452 1 572 2 332 4 334 1 370 2 375 1 409 2 659 2 563 1 603 2 862 2 783 1 350 1 516 1 74 1 351 1 484 1 31 1 122 1 171 1 187 1 114 1 134 1 66 1 165 1 157 2 175 1 217 1 352 1 399 1 177 2 348 1 360 1 595 1 402 1 208 1 311 1 361 1 288 1 180 1 38 1 44 1 62 1 88 1 154 1 9 1
//IdTournes NbColis
14 6
//IdColis IdCommandeInColis NbProducts IdProd1 QtyProd1 IdProd2 QtyProd2 ...
35 6 29 542 1 689 1 719 1 422 1 460 1 498 1 557 1 897 1 925 2 15 1 712 1 170 1 540 1 519 1 421 1 491 1 462 1 508 4 410 1 435 1 456 1 226 2 332 2 338 1 341 1 409 4 603 1 350 1 154 2
42 7 27 63 1 280 1 656 4 629 1 888 2 658 1 366 1 467 1 499 1 802 1 679 1 846 1 593 1 471 2 857 1 856 1 15 1 580 1 391 3 519 2 161 1 283 1 958 1 226 1 438 1 463 1 332 1
43 7 45 332 2 527 1 370 1 375 1 383 1 409 4 415 1 641 2 619 2 782 1 955 2 824 3 351 1 346 2 21 2 148 1 203 2 85 1 128 1 134 1 135 1 140 1 147 1 389 1 204 1 100 1 217 1 222 1 352 1 594 1 13 2 485 2 126 1 164 1 348 2 483 1 64 1 75 1 145 1 163 1 208 1 357 1 311 2 125 1 2 1
56 9 28 555 1 557 1 644 1 925 1 905 2 610 1 692 1 653 2 688 1 795 1 185 2 335 1 837 1 519 1 462 2 301 5 579 1 827 1 931 1 456 1 61 2 345 1 332 1 334 2 341 2 375 2 350 1 50 1
81 12 32 856 1 825 1 792 1 697 2 751 1 878 1 758 2 161 1 410 1 388 1 579 1 562 3 754 1 800 2 893 3 569 1 435 2 815 1 958 1 463 1 332 1 338 3 341 1 473 1 603 1 782 2 350 1 516 2 392 1 504 1 423 1 9 1
87 13 34 15 1 170 2 812 1 449 1 82 1 161 1 388 1 435 2 753 2 764 1 569 1 827 1 931 1 463 1 61 1 78 1 332 1 334 1 341 3 370 1 409 1 461 2 641 2 659 3 563 1 603 1 619 2 782 1 824 2 516 1 392 1 869 1 484 1 423 1
//IdTournes NbColis
15 6
//IdColis IdCommandeInColis NbProducts IdProd1 QtyProd1 IdProd2 QtyProd2 ...
139 21 23 471 2 856 1 825 1 812 1 540 1 82 1 283 1 435 4 463 2 332 3 338 3 341 3 409 3 375 1 461 1 641 1 603 1 619 2 732 2 783 2 902 2 263 1 154 1
145 22 32 785 1 460 3 897 1 905 1 15 1 692 2 688 1 712 1 185 1 491 1 462 1 569 2 827 1 61 2 332 1 338 2 370 1 409 3 415 1 473 1 804 1 732 2 783 2 902 1 279 1 80 1 84 1 871 1 484 1 423 1 28 1 348 1
152 23 40 463 1 61 1 139 1 332 2 341 1 375 1 405 1 461 1 473 3 641 2 563 3 619 1 804 1 782 1 824 3 392 1 229 1 355 1 396 1 70 1 74 1 790 2 869 3 159 1 259 1 347 1 346 1 403 1 197 1 207 1 96 1 135 1 277 2 153 1 156 1 389 1 45 1 83 1 217 2 145 1
165 25 34 666 1 391 1 519 1 421 1 878 2 568 1 951 1 82 1 301 2 410 1 388 1 753 1 815 2 931 1 283 1 456 1 725 1 226 1 439 2 78 1 139 1 367 1 345 1 332 4 334 1 338 2 341 1 370 1 409 1 375 1 461 1 603 2 619 2 249 1
171 26 32 493 1 500 1 467 1 525 2 510 1 719 1 785 2 460 1 557 1 856 1 712 1 812 1 335 1 519 1 491 1 410 1 435 2 725 1 61 1 139 1 367 1 332 3 365 2 461 1 641 1 473 2 563 1 603 2 804 1 732 1 516 1 148 1
216 36 35 887 1 611 1 58 1 280 1 590 1 547 1 888 1 836 2 608 1 76 1 269 2 376 1 586 1 532 1 510 1 471 1 856 1 335 1 391 1 569 1 435 1 931 1 139 1 78 1 367 1 332 1 334 1 338 2 365 1 375 1 383 1 804 1 783 1 516 1 154 2
//IdTournes NbColis
16 6
//IdColis IdCommandeInColis NbProducts IdProd1 QtyProd1 IdProd2 QtyProd2 ...
255 44 33 773 1 623 1 785 1 498 1 555 1 905 2 825 1 713 1 15 1 540 1 388 1 931 1 61 2 139 1 345 1 332 4 365 2 409 1 461 1 804 2 732 4 824 1 350 1 504 1 349 1 159 1 351 1 484 1 24 1 122 1 21 1 114 2 277 2
258 45 51 106 1 20 1 429 1 836 1 986 1 376 1 420 1 506 2 623 2 622 1 766 1 856 1 562 1 569 1 112 1 332 2 365 1 415 1 461 1 603 1 619 1 732 1 783 1 902 1 926 1 349 1 790 1 16 1 34 1 52 1 352 1 13 1 164 2 362 1 394 1 11 1 141 1 253 1 29 1 44 1 243 1 107 1 119 1 121 1 49 1 132 1 213 1 73 1 116 1 9 1 50 1
298 55 28 629 2 774 2 836 1 986 1 943 1 608 2 719 1 363 1 739 1 422 1 460 1 428 1 925 2 856 2 825 1 335 1 391 1 421 1 568 1 388 1 579 1 435 1 815 1 161 1 958 2 302 1 367 1 332 1
299 55 57 332 1 338 1 375 1 409 1 416 2 641 1 473 2 804 1 732 1 783 1 902 1 824 1 875 1 816 1 934 2 350 1 355 1 279 1 601 1 400 1 351 1 187 1 1015 1 134 1 135 1 277 2 153 1 147 2 66 1 389 1 71 1 344 1 352 2 86 1 348 2 387 1 394 1 402 1 64 1 145 1 357 1 5 1 25 1 33 1 39 1 44 1 104 1 119 1 116 1 103 1 266 1 191 1 232 1 115 2 102 3 154 1 50 3
313 59 36 388 1 562 1 764 1 452 1 78 1 332 1 334 1 365 2 383 2 409 1 415 2 455 2 473 1 641 1 563 1 902 1 790 1 21 2 271 2 135 1 100 1 157 1 245 1 265 1 348 1 19 1 401 1 464 2 152 1 44 1 65 1 12 1 37 1 107 1 119 1 56 1
321 61 37 456 1 367 1 345 1 332 3 365 1 455 1 416 2 461 1 641 1 619 1 804 2 902 1 952 3 350 1 392 1 349 1 871 1 347 1 423 1 17 1 114 1 219 1 222 1 344 1 23 2 164 1 394 1 223 1 11 1 243 1 141 1 254 1 49 1 107 1 119 1 201 1 18 1
//IdTournes NbColis
17 6
//IdColis IdCommandeInColis NbProducts IdProd1 QtyProd1 IdProd2 QtyProd2 ...
332 64 26 380 1 501 1 855 1 617 2 590 1 635 1 805 1 629 3 836 2 366 2 376 1 467 1 586 2 558 1 689 1 607 1 570 1 541 1 568 1 569 1 435 2 82 1 439 1 332 4 338 1 84 1
337 65 45 825 1 15 1 335 2 508 1 139 1 302 1 367 1 332 1 334 1 383 1 409 3 415 1 783 4 824 1 350 1 869 1 70 1 122 2 187 1 52 1 195 1 207 1 114 1 134 1 135 1 277 1 83 1 222 1 86 2 348 2 360 1 483 2 394 1 208 1 262 1 401 2 180 1 243 1 104 1 107 1 119 1 103 1 56 2 270 1 174 1
341 66 27 836 1 986 1 366 1 608 1 76 1 525 1 719 1 471 2 557 1 428 1 607 1 487 1 15 1 435 2 438 1 61 1 139 1 332 4 341 2 409 3 455 1 461 1 473 1 804 3 783 1 824 3 86 1
346 67 30 169 1 441 4 629 1 801 1 608 1 467 1 719 1 802 1 269 2 622 1 607 1 925 1 856 1 449 1 410 1 562 1 569 1 931 1 139 1 332 1 334 1 338 1 409 1 415 1 461 1 603 2 619 1 732 1 824 1 102 1
401 80 49 608 1 376 1 586 1 542 1 532 1 558 2 525 1 498 1 557 1 568 1 410 1 435 1 983 1 931 1 367 1 332 1 338 1 365 1 445 1 409 1 563 1 804 2 732 1 350 1 355 1 601 1 70 1 84 1 347 1 423 1 31 2 346 1 21 2 122 1 34 1 134 1 389 1 352 2 407 1 362 1 515 1 387 1 394 1 358 1 401 1 65 1 205 1 192 1 30 1
406 81 27 435 1 827 1 931 2 463 1 139 1 332 5 334 1 341 3 405 1 409 2 415 1 461 1 473 1 563 2 603 1 619 3 862 2 782 1 783 3 824 3 504 1 355 1 166 1 600 1 601 1 869 1 786 1
//IdTournes NbColis
18 6
//IdColis IdCommandeInColis NbProducts IdProd1 QtyProd1 IdProd2 QtyProd2 ...
410 82 31 740 1 887 1 393 1 564 1 741 1 805 2 838 2 240 1 151 1 629 1 774 1 433 1 801 1 986 1 76 1 376 1 510 1 773 2 802 1 846 1 607 1 570 1 388 1 435 2 569 2 931 1 139 1 367 1 332 2 349 1 118 1
411 82 38 332 3 338 1 370 2 409 3 416 1 603 1 804 1 732 1 783 1 902 2 824 2 790 1 80 1 263 1 347 1 351 1 423 2 346 1 207 1 147 1 66 1 389 1 71 1 485 1 481 1 111 1 348 1 394 2 358 2 401 2 408 1 464 1 107 1 119 1 56 1 51 1 115 1 2 1
414 83 31 656 3 629 3 433 1 366 1 236 1 467 1 525 1 510 1 558 1 719 1 846 1 570 1 856 1 170 1 562 1 435 1 82 1 456 1 439 1 452 1 332 2 334 1 338 2 341 2 365 1 370 1 375 1 415 1 473 1 563 1 516 1
418 84 29 887 2 393 1 590 1 741 1 635 2 441 1 774 1 609 1 888 1 986 1 366 1 608 1 510 1 558 1 607 1 487 1 837 1 82 1 61 1 332 2 334 1 338 2 445 2 375 2 461 2 473 2 563 1 516 1 102 1
423 85 51 388 1 569 1 931 1 725 1 226 1 385 1 345 1 332 1 334 1 375 1 383 1 409 1 603 1 732 2 783 1 902 1 965 1 350 1 600 1 80 1 84 1 351 1 346 1 1002 1 187 1 207 1 96 1 114 1 130 1 398 1 360 1 362 1 515 1 387 3 402 3 208 1 261 1 401 2 404 1 6 1 29 1 38 1 49 1 107 1 119 1 192 1 116 1 26 1 56 2 51 1 42 1
426 86 30 560 1 763 1 772 1 529 2 635 1 337 1 656 2 888 2 433 1 787 1 586 1 773 1 623 1 785 1 498 2 422 1 856 1 487 1 15 1 388 2 435 2 725 1 452 1 463 1 61 1 139 1 332 1 334 1 338 1 84 1
//IdTournes NbColis
19 6
//IdColis IdCommandeInColis NbProducts IdProd1 QtyProd1 IdProd2 QtyProd2 ...
431 87 35 388 2 931 1 332 2 334 2 341 2 365 1 563 2 732 1 783 1 902 1 926 1 965 1 504 1 355 1 601 1 347 1 66 2 406 1 354 1 481 1 348 2 362 2 624 1 358 1 464 2 38 1 39 1 37 1 46 1 198 2 103 1 7 1 10 2 55 1 201 1
3 1 47 388 1 139 2 436 1 334 1 338 1 365 1 461 1 350 1 84 1 886 1 347 1 351 1 122 1 148 2 52 1 114 1 134 1 153 1 156 1 167 1 171 1 147 1 389 1 165 1 83 1 13 1 86 1 111 2 348 1 394 1 145 1 464 1 1 1 6 1 8 1 69 1 89 1 123 1 107 1 119 1 132 1 118 1 26 1 56 1 115 1 102 3 154 1
9 2 29 170 1 458 1 449 1 837 1 391 3 82 1 388 1 764 2 569 1 435 1 161 1 456 1 439 1 345 1 436 1 334 1 338 2 365 2 445 4 405 1 409 2 416 2 461 2 563 1 619 2 804 1 732 3 783 1 44 1
18 4 20 305 1 91 1 108 1 137 3 638 1 333 1 353 1 581 1 382 1 537 1 418 1 468 1 524 1 743 1 779 1 891 1 927 1 950 1 451 1 887 1
39 7 17 322 1 91 1 108 1 1021 1 179 1 117 1 708 1 54 1 548 1 129 1 137 3 60 1 465 1 638 1 333 1 581 1 2 3
45 8 17 93 1 160 2 1018 1 282 1 252 1 136 2 137 3 333 1 382 1 411 1 459 1 418 1 646 1 756 1 882 1 940 1 10 1
//IdTournes NbColis
20 6
//IdColis IdCommandeInColis NbProducts IdProd1 QtyProd1 IdProd2 QtyProd2 ...
53 9 22 137 1 220 1 465 1 333 2 353 2 450 1 457 1 634 1 559 1 899 1 822 1 849 1 937 1 1006 1 938 1 497 1 895 1 606 1 647 1 535 1 77 1 2 2
60 10 19 256 1 211 1 94 1 97 1 160 1 885 1 136 1 465 1 638 1 333 1 447 1 450 1 625 1 468 1 578 1 459 1 811 1 756 1 412 1
77 12 19 230 1 212 1 108 1 690 1 885 1 137 2 224 1 333 1 353 2 443 1 450 1 537 1 685 1 559 1 645 1 853 1 765 1 814 1 508 1
84 13 17 98 1 1008 1 212 1 267 1 268 1 179 1 136 1 638 1 333 2 353 1 377 1 667 1 475 1 743 1 779 1 756 2 5 1
90 14 16 368 1 256 1 290 1 160 1 179 1 333 1 437 2 443 1 382 2 691 1 475 2 779 1 727 1 819 2 605 1 102 1
112 17 20 92 1 142 1 137 1 638 1 333 2 382 2 475 1 756 2 950 1 910 1 873 1 724 1 649 1 909 1 585 1 426 1 830 1 817 1 27 1 152 1
//IdTournes NbColis
21 6
//IdColis IdCommandeInColis NbProducts IdProd1 QtyProd1 IdProd2 QtyProd2 ...
182 29 23 278 1 268 1 250 1 333 2 597 1 475 1 571 2 938 1 910 1 724 1 649 1 909 1 518 1 914 1 372 1 412 1 768 1 763 1 292 2 257 1 280 1 590 1 154 1
196 32 17 230 1 278 1 305 1 477 1 160 1 54 2 136 1 137 1 333 1 440 1 832 1 475 1 756 2 833 1 834 1 938 1 265 1
209 34 24 230 1 54 1 137 2 220 1 250 1 333 1 381 1 382 1 459 1 756 1 881 1 909 1 535 1 531 1 587 1 817 2 984 1 469 1 970 1 544 1 772 1 831 1 673 1 491 1
213 35 41 609 1 986 1 366 1 608 1 269 2 467 1 607 1 462 1 388 1 410 1 82 1 61 1 436 1 445 2 416 1 603 1 804 2 732 2 902 2 926 1 350 1 349 1 74 2 159 1 869 2 351 1 484 1 346 1 21 1 114 1 146 1 153 1 187 2 85 1 222 1 157 1 307 1 265 1 348 2 145 1 102 2
215 36 22 615 1 129 1 864 2 333 2 377 1 430 1 899 1 962 1 950 1 924 1 914 1 817 1 469 2 613 1 560 1 566 1 614 1 617 1 432 1 110 1 887 1 241 1
224 38 27 230 1 615 1 129 1 333 1 756 1 823 1 494 1 649 1 670 1 930 1 535 1 512 1 513 1 495 1 847 1 469 1 870 1 521 1 596 1 855 1 339 1 617 2 567 1 200 1 154 2 9 1 50 1
//IdTournes NbColis
22 6
//IdColis IdCommandeInColis NbProducts IdProd1 QtyProd1 IdProd2 QtyProd2 ...
230 40 19 92 1 230 1 687 2 945 1 137 1 333 3 377 1 576 1 382 1 652 1 459 1 686 1 685 2 716 1 475 1 811 1 727 1 367 1 50 1
238 41 18 113 2 230 1 91 1 1004 1 548 1 333 1 353 1 571 2 336 1 497 1 724 1 507 1 694 1 914 1 372 1 817 1 847 1 173 1
247 43 16 98 1 322 1 315 1 323 1 324 1 137 1 321 2 505 1 492 1 333 1 546 1 443 1 382 2 537 1 549 1 130 1
253 44 20 92 1 95 1 136 2 137 2 333 2 418 1 602 1 961 1 630 1 417 1 930 1 518 1 769 1 340 2 304 1 488 1 643 1 775 1 552 1 154 1
264 47 37 149 1 258 1 58 1 429 1 774 1 836 1 986 2 558 1 498 1 555 1 170 1 185 1 161 1 562 1 82 1 61 1 139 2 345 2 436 3 563 1 732 2 783 1 824 1 263 2 80 1 134 1 140 2 156 1 66 1 157 1 83 1 344 2 348 1 360 1 402 1 102 1 154 1
270 49 20 322 1 561 1 1004 1 708 1 137 1 864 1 333 1 377 1 411 1 598 2 599 2 652 1 734 1 475 1 559 1 472 1 756 2 833 1 938 1 1003 1
//IdTournes NbColis
23 6
//IdColis IdCommandeInColis NbProducts IdProd1 QtyProd1 IdProd2 QtyProd2 ...
275 50 21 295 1 108 1 1004 1 136 1 137 2 333 2 443 1 382 1 652 1 760 1 628 1 645 1 602 1 646 1 899 1 961 1 962 1 975 1 494 1 606 1 102 1
286 52 18 95 1 142 1 93 1 267 1 327 1 129 2 136 1 333 1 386 1 571 1 834 1 906 2 550 1 340 1 427 1 775 1 412 1 431 1
294 54 37 770 1 775 2 985 1 378 1 781 1 99 1 276 1 380 1 448 1 648 1 59 2 774 1 888 1 510 1 623 1 161 2 569 1 436 4 334 1 409 1 641 1 473 1 603 1 783 1 350 1 325 1 279 1 349 1 21 1 389 1 45 1 343 1 111 1 348 1 360 1 361 1 254 1
305 57 50 888 2 433 1 366 1 608 1 679 1 471 1 458 1 391 1 462 1 764 1 983 1 456 1 439 1 436 1 364 1 445 1 415 1 461 1 473 1 619 1 804 1 350 1 871 1 80 1 84 1 298 1 346 1 21 1 17 1 187 1 52 1 195 1 207 1 114 1 128 1 140 1 277 1 281 1 83 1 100 1 407 1 354 1 343 1 348 2 360 1 394 1 358 1 464 2 119 1 81 1
309 58 38 436 1 364 1 365 1 370 1 375 2 409 1 473 2 732 2 824 1 166 1 351 1 403 1 21 1 122 1 187 1 207 1 114 2 127 1 277 1 146 2 153 1 281 1 286 2 147 1 389 1 111 1 348 1 387 1 394 1 402 1 357 1 361 1 464 1 123 1 107 1 119 1 225 1 143 1
364 71 26 212 1 561 1 136 1 333 1 559 1 571 1 826 1 507 1 818 1 806 1 304 2 565 1 566 1 431 1 567 1 564 1 63 1 257 1 314 1 558 1 785 2 269 2 555 1 385 1 154 1 50 1
//IdTournes NbColis
24 6
//IdColis IdCommandeInColis NbProducts IdProd1 QtyProd1 IdProd2 QtyProd2 ...
370 73 26 1004 2 548 1 136 1 250 1 333 1 551 1 553 1 524 1 571 1 336 1 826 1 813 1 523 1 730 1 775 1 788 1 918 1 919 1 469 1 412 1 496 1 560 1 970 1 870 1 566 1 986 1
384 76 22 297 1 178 1 129 1 136 1 224 1 333 1 353 1 382 1 457 1 545 1 779 1 938 1 451 1 649 1 495 1 817 1 847 2 469 2 412 1 496 1 763 1 498 1
392 78 25 252 1 885 1 136 1 137 2 333 1 574 1 377 1 382 1 418 1 779 1 571 2 585 1 835 1 1007 1 488 1 817 1 788 1 469 1 412 1 489 1 560 1 618 1 565 1 431 1 102 1
394 78 48 436 1 338 1 365 1 445 1 461 3 641 1 603 2 804 1 783 1 824 1 279 1 790 1 74 1 403 1 21 1 148 1 36 2 52 1 195 1 207 1 85 1 114 2 120 1 134 1 135 1 153 1 158 1 165 1 83 1 157 1 344 1 352 2 481 1 245 1 164 1 387 1 1 1 25 1 123 1 12 1 107 1 119 1 198 1 10 2 102 1 154 1 9 2 50 1
421 85 20 95 1 548 1 136 2 638 1 333 1 377 2 382 1 545 1 457 1 646 1 731 1 451 1 724 1 907 1 604 1 924 1 446 2 372 1 730 1 228 1
429 87 20 98 1 137 2 638 1 333 2 437 1 440 1 377 2 628 1 834 1 779 1 780 1 451 1 826 1 829 1 930 1 969 1 737 1 775 1 180 1 102 1
//IdTournes NbColis
25 6
//IdColis IdCommandeInColis NbProducts IdProd1 QtyProd1 IdProd2 QtyProd2 ...
434 88 42 471 1 557 1 185 1 335 1 837 1 391 1 582 1 226 1 452 1 139 1 436 3 365 1 383 1 416 1 461 3 619 1 732 3 350 1 159 1 347 1 346 1 148 2 187 1 52 2 114 1 134 1 153 1 165 2 193 1 352 1 343 1 481 2 394 1 556 1 401 1 39 1 62 1 294 1 107 1 119 1 174 1 50 2
436 89 27 129 1 250 1 638 1 333 1 574 1 553 1 468 1 571 1 811 1 906 1 910 1 494 1 497 1 895 1 639 1 647 1 904 1 1007 1 728 1 911 1 489 1 496 1 560 1 566 1 393 1 2 1 154 1
437 89 32 431 1 432 1 648 1 839 1 564 1 726 1 635 1 805 1 908 1 106 1 258 1 888 1 609 1 76 1 87 1 500 1 558 1 555 1 570 1 856 1 541 1 508 1 436 1 445 2 461 1 641 1 563 1 619 1 804 1 732 1 783 2 423 1
440 90 33 637 1 560 1 565 1 903 1 912 1 913 1 768 1 566 1 431 1 432 1 567 1 110 1 741 1 635 1 838 1 240 1 774 1 609 1 836 1 206 1 510 1 498 1 428 1 900 1 905 1 856 1 388 1 435 1 569 1 61 1 139 1 436 1 154 2
441 90 40 436 1 365 1 383 1 409 1 455 1 461 1 641 1 603 1 824 1 350 1 516 1 601 1 886 1 871 1 790 1 159 1 148 1 480 1 45 1 71 2 1022 1 485 1 13 2 481 2 111 1 360 1 19 1 75 1 208 1 408 1 88 1 89 1 104 1 155 1 107 1 119 1 56 1 274 1 174 1 50 1
444 91 27 825 1 421 1 345 1 436 1 334 1 365 1 445 2 298 1 31 1 346 1 36 1 52 1 96 1 120 1 157 1 407 1 481 1 86 1 360 1 362 1 483 1 1 1 205 1 12 1 119 1 198 1 50 3
//IdTournes NbColis
26 6
//IdColis IdCommandeInColis NbProducts IdProd1 QtyProd1 IdProd2 QtyProd2 ...
445 92 19 98 1 278 1 561 1 137 2 333 2 440 1 709 1 475 1 779 1 756 1 962 1 494 1 497 1 649 1 929 2 670 1 507 1 639 1 796 1
450 93 26 333 2 382 2 652 1 756 2 873 1 848 1 518 1 939 1 870 1 768 1 740 1 617 1 673 1 529 1 520 1 564 1 805 1 838 1 908 1 240 1 63 1 314 1 629 1 279 1 102 1 2 1
466 98 19 324 1 333 2 489 2 590 1 656 1 836 2 341 1 409 3 455 1 952 1 350 1 347 1 346 1 309 1 348 1 402 1 397 1 107 1 119 1
5 2 16 368 1 284 1 93 1 94 1 326 1 150 1 54 1 129 2 136 1 224 1 574 1 382 1 454 1 468 1 578 1 560 1
260 46 24 92 1 137 1 574 1 440 1 906 1 654 1 907 1 826 1 930 1 655 1 730 1 733 1 374 1 378 1 412 1 489 2 657 2 565 1 660 1 650 1 870 2 768 1 380 1 102 1
263 47 23 136 1 137 1 574 2 377 1 645 1 646 1 906 1 639 1 642 1 647 1 924 1 427 2 733 1 788 1 650 1 903 2 870 1 566 1 431 2 210 1 887 1 106 1 516 1
//IdTournes NbColis
27 6
//IdColis IdCommandeInColis NbProducts IdProd1 QtyProd1 IdProd2 QtyProd2 ...
380 75 22 297 1 230 1 136 1 250 1 224 1 574 2 353 1 517 1 454 1 578 1 791 1 628 1 797 1 718 1 765 1 743 1 906 1 511 1 419 1 606 1 806 1 50 1
443 91 27 136 1 574 1 382 2 606 1 649 1 907 1 427 2 973 1 496 1 565 1 976 1 431 2 77 1 590 1 635 1 63 1 109 1 609 2 836 1 608 1 422 1 428 1 644 1 622 1 385 1 154 1 9 1
454 94 24 1010 1 252 1 137 1 638 1 574 1 353 1 382 1 479 1 418 1 765 1 881 1 833 1 743 1 451 1 453 1 497 1 826 1 959 1 907 1 929 1 630 1 647 1 263 1 125 1
31 6 15 95 1 113 1 94 1 97 1 885 2 136 2 137 1 60 1 224 1 437 1 353 1 440 1 386 2 517 2 374 1
15 3 39 622 1 905 2 744 1 653 2 335 1 837 1 508 2 435 1 569 1 439 1 463 1 338 1 341 2 365 1 461 2 473 2 603 2 804 1 965 1 350 1 516 1 392 1 166 1 80 1 869 1 786 1 347 1 24 1 403 1 135 1 140 1 146 1 153 1 156 1 171 1 147 2 66 1 125 1 2 1
102 15 28 838 1 441 2 774 1 888 1 236 1 241 1 583 1 704 1 510 2 719 1 679 1 623 1 773 1 785 1 269 2 498 1 555 1 557 2 925 1 856 1 825 2 905 1 487 1 697 1 449 1 335 1 391 2 484 1
//IdTournes NbColis
28 6
//IdColis IdCommandeInColis NbProducts IdProd1 QtyProd1 IdProd2 QtyProd2 ...
134 20 28 469 1 412 1 560 1 781 1 903 1 970 1 870 2 431 1 887 2 151 1 590 1 726 1 635 1 616 1 774 3 608 1 719 1 846 1 593 1 821 1 905 1 856 1 82 1 161 1 562 1 983 1 334 1 603 1
206 33 44 334 1 338 1 341 3 365 1 370 1 375 1 409 1 415 1 473 1 619 1 782 2 824 3 965 1 536 1 584 1 880 1 934 1 350 1 392 1 504 1 600 2 601 1 790 1 347 1 351 1 423 2 122 1 127 1 277 1 146 1 153 1 281 1 187 1 480 2 100 1 309 1 157 2 175 2 193 1 344 2 352 1 23 2 111 1 119 1
210 34 30 529 1 240 1 63 1 169 1 314 1 805 1 838 1 656 3 888 1 658 1 916 1 787 1 376 1 543 1 506 1 525 1 558 1 498 2 557 1 856 1 335 1 837 1 568 1 435 1 438 1 409 2 415 1 563 1 102 1 154 2
234 40 35 787 1 76 1 376 1 467 2 689 1 525 1 773 1 802 1 719 1 785 1 846 2 40 1 422 1 428 1 925 1 856 2 170 3 487 2 692 1 458 1 712 1 795 1 812 1 335 1 391 2 462 1 410 1 388 1 569 1 435 1 439 1 385 1 154 1 2 2 50 1
240 41 27 838 1 20 1 337 4 696 1 836 2 366 1 787 1 608 3 269 1 586 1 460 1 422 1 856 1 905 1 170 1 487 1 458 1 335 1 837 2 161 1 435 2 569 1 827 2 456 1 350 1 102 1 154 1
244 42 20 136 1 137 1 224 1 321 5 382 1 475 1 938 1 372 3 109 1 151 1 257 2 240 1 63 1 558 1 388 2 410 1 764 2 435 3 334 1 124 1
//IdTournes NbColis
29 6
//IdColis IdCommandeInColis NbProducts IdProd1 QtyProd1 IdProd2 QtyProd2 ...
278 50 40 510 1 623 2 555 1 428 2 622 2 825 1 713 1 335 1 462 1 827 1 931 1 725 1 338 2 375 1 409 1 455 1 461 1 603 1 824 2 350 1 279 2 349 1 159 2 601 1 869 1 74 1 347 1 403 1 148 1 153 1 52 1 207 2 85 1 114 1 120 1 128 1 66 1 480 1 389 2 50 2
283 51 27 63 1 337 1 656 1 888 1 836 2 787 1 76 1 499 1 586 1 719 1 802 1 498 1 555 2 570 1 766 2 925 1 856 1 825 1 487 1 541 1 335 1 391 2 540 2 508 1 568 2 778 2 122 1
325 62 48 334 1 338 1 409 3 415 2 461 1 603 2 325 1 786 2 790 1 74 1 263 1 351 1 484 1 423 2 187 2 35 1 36 1 52 1 207 1 114 2 134 2 135 1 277 1 146 2 153 1 171 1 147 2 157 2 130 1 352 1 485 1 287 1 348 1 360 2 394 2 402 1 223 2 361 2 180 1 155 1 288 1 107 1 119 1 270 1 53 1 182 1 225 2 143 1
328 63 28 560 1 763 2 501 1 617 1 432 1 590 2 292 1 151 1 807 1 888 1 696 1 836 2 366 1 76 1 558 2 510 1 719 1 623 2 785 1 846 1 498 1 905 1 487 1 335 1 508 1 562 4 569 1 21 1
430 87 24 721 2 740 1 831 1 431 2 648 2 839 1 77 1 564 2 741 1 235 1 58 1 296 2 441 2 986 2 608 2 499 1 689 1 471 1 607 1 335 1 837 2 421 1 385 1 119 1
447 92 31 366 1 510 1 719 1 679 1 623 1 802 1 785 2 846 1 874 1 40 1 460 1 644 2 825 2 391 2 794 1 508 1 568 1 410 1 562 2 569 2 931 1 827 1 463 1 334 1 338 2 341 3 365 1 415 2 461 1 84 1 145 1
//IdTournes NbColis
30 6
//IdColis IdCommandeInColis NbProducts IdProd1 QtyProd1 IdProd2 QtyProd2 ...
14 3 26 432 1 424 2 27 1 887 1 151 1 564 1 635 1 805 1 337 1 441 2 915 1 774 1 888 2 836 1 376 1 532 1 558 4 510 1 719 1 785 1 422 1 460 2 498 1 766 2 165 1 102 1
25 5 21 450 2 597 1 551 1 851 1 834 1 571 1 881 1 936 1 937 1 336 1 683 1 724 1 649 1 670 1 507 1 639 1 850 1 830 1 640 1 130 1 2 1
27 5 24 374 1 721 1 723 1 650 1 768 1 870 2 740 1 648 1 567 1 106 1 149 1 726 2 838 2 257 1 337 4 629 1 836 2 76 1 467 1 499 1 719 1 802 2 460 1 2 1
48 8 30 635 1 935 1 257 1 280 1 258 1 337 2 656 3 629 1 888 1 433 1 836 2 87 1 366 1 40 1 500 1 543 1 493 1 586 1 467 1 510 1 474 1 623 1 460 1 471 1 557 2 856 1 215 1 154 1 9 2 50 1
63 10 20 617 4 648 1 839 2 200 1 210 1 798 1 393 1 63 1 109 1 564 1 635 2 805 2 838 2 908 1 258 1 337 1 748 3 629 2 658 1 102 1
73 11 28 741 2 838 1 337 1 700 2 629 1 868 1 658 3 696 1 702 2 916 1 499 1 525 2 510 1 719 1 623 1 773 1 570 1 825 1 15 2 170 1 703 1 713 1 697 1 449 1 666 2 878 1 758 1 249 1
//IdTournes NbColis
31 6
//IdColis IdCommandeInColis NbProducts IdProd1 QtyProd1 IdProd2 QtyProd2 ...
80 12 23 798 1 529 2 173 1 337 1 656 3 629 4 888 1 696 1 836 1 76 1 366 2 583 1 420 1 474 1 719 1 623 1 785 2 363 1 422 1 555 1 471 1 925 2 125 1
86 13 29 855 1 633 1 509 1 648 1 210 1 529 1 564 1 726 1 635 1 805 3 838 2 337 1 656 1 366 1 787 1 376 1 420 1 522 1 586 1 542 1 499 1 506 1 558 1 525 1 785 1 498 2 471 1 856 1 243 1
108 16 26 988 2 990 1 240 1 58 1 169 1 908 1 838 1 280 1 314 1 337 1 629 3 241 1 206 1 608 1 583 1 493 1 586 1 542 2 500 1 510 1 558 1 557 1 170 1 688 2 812 1 82 1
113 17 26 552 1 618 2 759 1 870 1 763 1 740 1 339 1 673 2 648 1 110 1 529 1 189 2 58 1 59 1 63 1 209 1 106 1 151 1 257 1 258 1 635 1 337 2 656 2 84 1 154 1 9 1
138 21 27 759 1 99 1 763 1 617 2 432 1 839 1 798 1 529 2 520 1 590 1 741 1 635 1 805 1 337 1 441 3 616 1 629 1 269 2 376 1 583 1 493 1 542 1 689 1 558 1 719 1 785 1 188 1
156 24 27 939 1 721 1 560 1 565 1 723 1 762 1 784 1 617 5 567 1 529 1 887 2 393 1 240 1 564 1 635 1 838 1 337 1 696 1 836 1 376 1 499 1 420 1 558 1 460 1 449 1 122 1 154 1
//IdTournes NbColis
32 6
//IdColis IdCommandeInColis NbProducts IdProd1 QtyProd1 IdProd2 QtyProd2 ...
163 25 25 707 1 747 1 859 1 740 1 883 1 928 1 673 1 210 1 738 2 20 1 235 1 189 1 258 1 314 1 590 1 564 1 726 1 741 1 635 3 838 2 169 1 337 2 629 1 876 1 500 1
192 31 27 976 1 912 1 308 1 380 1 772 2 883 1 928 2 432 1 887 2 590 1 726 2 908 1 337 3 629 1 87 1 608 2 376 1 467 1 420 1 532 1 719 1 623 1 460 1 622 1 570 1 491 1 50 1
197 32 26 938 1 451 1 904 1 671 1 939 3 781 1 768 1 763 1 380 1 617 2 424 1 529 1 240 1 58 1 109 1 151 1 257 1 312 1 590 1 635 1 805 1 189 1 337 1 656 1 107 1 2 1
204 33 24 617 3 567 2 424 1 196 1 210 1 244 1 110 1 529 1 590 1 337 2 663 1 888 2 696 1 76 1 269 2 532 1 467 1 689 2 704 1 719 1 422 2 460 3 185 1 9 1
220 37 26 58 1 337 1 656 3 629 1 836 1 366 1 787 1 376 1 542 2 522 1 525 1 460 1 498 2 471 1 557 1 428 1 925 1 856 1 825 1 487 1 15 2 837 1 391 3 491 1 508 1 70 1
272 49 20 337 1 656 4 629 3 366 1 467 1 420 1 500 1 506 2 785 3 846 2 422 1 498 2 644 1 557 2 622 1 925 1 856 2 391 1 462 2 764 1
//IdTournes NbColis
33 6
//IdColis IdCommandeInColis NbProducts IdProd1 QtyProd1 IdProd2 QtyProd2 ...
336 65 28 618 1 759 1 768 1 912 1 614 1 889 1 339 1 567 2 798 1 729 1 805 2 838 1 337 2 629 1 801 1 366 2 608 1 76 1 493 1 499 1 506 1 558 1 802 1 719 1 623 2 785 1 555 1 905 1
376 74 21 648 1 590 3 741 1 805 1 908 1 189 1 337 2 441 1 656 4 629 2 888 3 366 1 787 1 420 2 558 1 689 1 623 1 863 1 719 1 460 2 298 1
385 76 28 763 2 521 1 772 1 339 1 673 1 529 1 805 1 838 2 189 1 240 1 257 1 169 1 337 2 629 1 888 1 433 1 366 1 787 1 376 1 499 1 704 1 510 1 623 1 785 2 555 1 557 1 837 1 439 1
114 17 36 433 1 787 1 40 1 269 1 586 1 467 1 499 1 543 1 506 1 510 1 785 1 846 1 428 1 792 2 82 1 388 1 410 1 579 1 753 2 569 2 764 1 725 1 439 1 385 1 61 1 338 1 341 1 383 2 409 2 461 1 659 1 641 1 619 2 862 2 180 1 50 1
245 42 27 338 2 341 1 365 1 370 1 375 1 563 2 603 1 619 2 732 2 783 1 166 2 790 1 96 1 114 1 153 2 158 1 17 1 207 1 66 2 145 3 317 1 318 3 246 4 319 3 42 3 72 1 143 1
333 64 55 338 2 341 2 365 1 641 2 563 1 619 1 732 2 783 1 350 1 392 1 166 1 600 1 601 1 263 1 347 1 346 1 21 1 187 2 197 1 207 1 85 1 134 1 277 1 153 1 281 1 171 1 480 1 71 1 344 2 407 1 13 1 354 1 111 1 164 1 348 2 360 1 362 1 387 1 75 1 145 1 223 1 358 1 208 1 397 1 464 2 243 1 288 2 12 1 37 1 107 1 119 1 176 1 26 1 42 1 10 1
//IdTournes NbColis
34 6
//IdColis IdCommandeInColis NbProducts IdProd1 QtyProd1 IdProd2 QtyProd2 ...
390 77 37 338 1 365 1 415 1 641 1 563 2 804 2 732 1 824 1 926 1 350 1 516 1 349 1 786 1 790 1 871 1 423 1 31 1 219 1 153 1 389 1 344 1 307 1 343 2 348 2 515 1 39 2 294 2 104 1 205 1 107 1 119 1 116 1 266 1 56 1 42 1 172 1 50 1
439 90 21 1023 1 526 1 321 4 576 1 636 1 811 1 419 1 907 1 909 1 639 1 390 1 813 1 914 1 1007 1 427 1 643 1 817 1 469 1 249 1 143 1 2 1
459 95 53 836 1 366 1 608 1 679 1 622 1 856 1 435 1 725 1 61 1 338 1 365 1 415 1 455 1 641 1 619 1 732 2 783 1 926 1 824 1 516 1 869 1 886 1 871 1 70 1 263 1 400 1 21 1 17 1 277 1 146 1 147 1 66 2 395 1 86 1 348 1 145 2 163 1 361 1 183 1 25 1 62 1 88 1 89 1 123 1 107 1 119 1 121 1 213 1 192 1 116 1 103 1 115 1 143 1
7 2 23 788 1 789 1 469 3 560 1 970 1 870 1 566 3 859 1 740 1 865 1 633 1 339 1 432 3 648 1 567 1 14 1 520 1 887 2 611 1 58 1 59 1 63 1 50 1
32 6 19 457 1 743 1 571 1 873 2 891 1 927 2 961 2 975 1 649 1 929 1 818 1 942 1 904 1 737 1 340 2 1007 1 77 1 122 1 2 1
47 8 24 847 1 939 1 374 1 378 2 613 1 721 2 565 1 723 2 650 1 781 2 870 1 763 3 339 1 673 1 648 1 567 1 196 1 210 1 529 1 189 1 209 1 169 1 173 1 439 1
//IdTournes NbColis
35 6
//IdColis IdCommandeInColis NbProducts IdProd1 QtyProd1 IdProd2 QtyProd2 ...
55 9 26 695 1 896 1 892 1 339 1 673 1 424 2 393 1 590 1 726 1 635 1 656 1 629 2 206 1 493 2 420 1 474 1 506 3 525 1 679 1 434 2 623 1 802 3 719 1 785 2 846 1 555 1
62 10 18 845 1 835 1 340 1 535 2 373 1 495 2 626 1 589 1 728 1 803 3 847 3 412 1 489 1 552 1 657 1 521 1 841 1 617 1
72 11 29 374 1 378 1 552 1 560 1 565 1 781 1 901 1 763 1 596 1 855 1 928 1 339 1 648 3 27 2 200 1 77 1 529 1 393 1 611 1 59 2 106 1 149 1 280 1 312 1 169 1 590 1 726 1 249 1 251 1
107 16 27 830 1 620 1 671 1 372 1 373 1 495 1 989 1 847 2 560 1 565 1 759 1 777 2 903 1 976 1 912 1 384 1 521 1 544 1 711 1 740 1 339 1 617 1 242 1 77 1 244 1 805 1 154 1
119 18 19 451 1 649 1 507 1 642 2 845 1 340 1 914 1 446 2 373 1 577 1 488 1 626 2 587 1 749 1 470 1 672 1 956 1 918 1 385 1
149 23 19 826 2 977 1 848 1 340 1 371 3 414 1 495 1 717 1 817 1 919 1 939 3 469 2 378 1 552 1 565 2 759 1 903 2 970 2 385 1
//IdTournes NbColis
36 6
//IdColis IdCommandeInColis NbProducts IdProd1 QtyProd1 IdProd2 QtyProd2 ...
150 23 25 870 1 976 1 276 1 763 1 707 1 720 1 339 1 617 1 424 2 242 1 77 1 210 1 520 1 32 1 240 1 109 1 590 1 805 2 838 1 149 1 257 1 258 1 656 3 493 2 586 1
170 26 25 835 1 930 1 620 1 412 2 970 1 912 1 380 1 521 1 740 1 736 1 633 1 972 1 339 1 648 1 567 1 738 1 520 1 726 1 441 1 774 1 696 1 366 1 269 2 302 1 154 1
176 27 24 469 1 618 1 912 1 768 1 883 1 928 2 339 1 617 2 432 1 149 1 257 1 726 1 805 2 838 2 441 1 629 1 609 3 836 1 366 1 499 1 558 2 510 2 102 1 154 1
203 33 22 809 1 817 1 918 1 847 1 469 1 374 2 378 1 489 2 496 1 618 2 565 3 723 1 660 2 854 1 759 1 777 1 912 3 521 1 707 1 928 1 339 1 9 2
239 41 24 847 1 939 2 412 1 552 1 970 1 870 1 228 1 384 1 772 2 339 1 617 1 673 2 432 1 648 2 567 1 77 1 529 2 590 1 741 2 635 1 805 2 838 2 420 1 154 1
248 43 22 706 1 652 1 553 1 709 1 716 1 646 1 718 1 731 1 743 1 571 1 822 1 927 1 910 1 849 1 620 1 340 1 665 1 806 1 914 1 304 1 552 1 154 1
//IdTournes NbColis
37 6
//IdColis IdCommandeInColis NbProducts IdProd1 QtyProd1 IdProd2 QtyProd2 ...
320 61 25 503 1 737 1 446 2 470 2 809 1 469 2 412 2 759 1 903 1 970 1 870 1 339 1 280 1 376 1 499 1 420 1 506 1 679 1 846 1 607 1 622 1 821 1 410 1 827 1 50 2
350 68 23 939 2 469 1 374 1 412 1 560 1 723 1 781 1 566 2 276 1 1005 1 784 1 339 2 617 3 432 1 648 1 839 1 887 3 590 1 726 1 635 1 441 1 516 1 102 2
351 68 34 894 1 774 1 609 1 696 2 608 1 467 1 719 1 623 1 773 1 802 1 785 2 557 2 837 1 462 1 388 1 435 1 283 1 528 1 463 1 367 1 341 2 409 1 415 1 416 1 641 1 473 1 563 2 603 1 804 1 732 1 902 2 824 1 102 1 50 1
396 79 21 322 1 230 1 179 1 548 1 492 1 524 1 756 1 822 1 936 1 950 1 873 1 451 1 826 1 442 1 620 1 340 1 373 1 512 1 939 1 21 1 2 1
404 81 19 939 2 469 1 374 1 565 1 870 1 763 3 889 1 861 1 892 1 339 1 617 5 567 1 529 2 520 1 393 3 741 1 635 2 805 1 102 1
427 86 43 341 4 365 1 375 1 415 1 461 1 782 2 783 3 965 1 350 1 392 1 790 1 869 1 80 1 347 1 423 1 403 1 187 1 52 1 207 1 114 2 277 1 389 1 130 1 352 2 407 1 343 1 348 1 362 1 515 1 394 1 402 2 145 1 358 1 464 1 47 1 104 1 107 1 119 1 43 1 198 1 214 1 2 1 9 1
//IdTournes NbColis
38 6
//IdColis IdCommandeInColis NbProducts IdProd1 QtyProd1 IdProd2 QtyProd2 ...
462 96 45 656 1 629 1 420 1 623 1 773 1 428 1 766 1 856 1 341 1 365 1 461 1 473 1 350 1 349 1 600 1 869 1 347 1 423 1 21 1 277 1 66 1 389 1 344 1 352 1 407 1 48 1 481 1 265 1 348 1 515 1 387 1 402 1 357 1 361 1 397 1 401 1 408 1 8 1 183 1 25 1 294 1 107 1 119 1 192 1 125 1
458 95 28 987 1 342 1 129 1 60 1 505 1 661 1 518 1 671 1 589 1 672 1 427 1 775 1 788 1 489 1 496 1 668 1 560 1 976 1 566 1 431 1 432 1 648 1 726 1 838 1 441 1 429 1 785 1 2 1
464 97 24 91 1 465 1 418 1 678 1 606 1 676 1 674 1 675 1 677 1 661 1 924 1 427 1 775 2 788 1 378 1 552 1 618 1 566 1 933 1 839 1 393 1 943 1 350 1 18 1
10 2 63 824 3 952 1 875 2 902 1 965 1 350 1 279 1 166 1 349 1 90 1 601 1 869 1 790 1 871 1 484 1 34 1 35 1 36 1 96 1 114 1 135 1 138 1 171 1 277 1 167 1 352 1 399 1 407 1 343 1 481 3 362 1 515 1 483 1 394 3 75 2 145 2 397 2 401 2 464 1 152 1 1 1 22 1 33 1 38 1 39 1 62 1 68 1 69 1 88 2 89 2 141 1 65 1 37 2 49 1 105 1 107 1 119 1 132 1 162 1 46 1 56 1 51 1 310 1
16 3 33 71 1 100 1 157 2 175 1 399 1 101 1 164 2 177 1 343 3 481 2 348 1 360 1 362 1 515 1 387 2 402 2 64 1 357 2 408 1 486 1 11 1 4 1 39 1 89 2 37 1 107 1 119 1 162 1 103 1 26 1 144 1 51 1 143 1
29 5 54 392 1 355 1 80 1 159 2 347 1 400 1 351 2 423 3 356 1 28 1 52 1 114 2 158 2 286 1 45 1 157 1 13 1 23 1 48 1 111 1 126 1 343 1 177 1 265 2 348 2 362 1 223 1 401 1 404 1 11 1 39 2 41 1 44 1 57 1 89 1 155 1 12 1 107 1 119 1 46 1 118 2 7 1 10 1 30 1 115 3 310 1 124 1 125 1 174 1 18 1 102 4 2 2 154 3 50 1
//IdTournes NbColis
39 6
//IdColis IdCommandeInColis NbProducts IdProd1 QtyProd1 IdProd2 QtyProd2 ...
36 6 51 619 2 732 2 824 1 516 1 504 1 166 1 80 2 601 4 400 1 351 2 484 1 122 1 356 1 28 1 120 1 127 1 147 2 389 2 67 2 71 2 130 1 344 2 352 2 395 1 23 2 354 1 177 2 343 1 481 5 348 2 360 1 387 1 394 4 402 2 64 2 358 2 401 2 5 1 29 1 62 1 104 1 155 2 141 1 121 1 107 1 116 1 81 1 26 1 56 1 131 1 154 1
57 9 46 415 1 473 1 659 3 782 2 783 2 824 1 516 2 249 2 279 1 349 3 70 2 74 1 600 1 790 1 871 2 423 2 403 1 148 1 195 1 219 1 277 1 146 1 153 1 281 2 165 2 204 1 217 1 157 1 23 1 287 1 354 1 177 1 265 1 343 1 481 2 111 2 348 1 362 1 402 6 387 3 163 2 358 2 357 1 361 1 404 1 397 1
82 12 58 229 1 166 1 790 1 347 2 400 3 403 1 21 1 148 1 356 1 16 1 35 1 36 2 128 2 227 1 171 1 147 1 66 1 193 1 222 1 175 1 352 2 407 1 13 1 186 1 354 1 111 1 343 1 481 1 348 2 360 1 362 2 394 1 402 1 145 1 223 1 358 1 361 1 408 1 397 1 401 1 231 1 464 1 5 1 180 1 88 1 89 1 119 1 132 1 162 1 181 1 213 2 43 1 26 1 51 2 10 1 182 3 225 3 50 2
104 15 57 316 1 260 1 229 1 166 1 279 1 601 1 159 1 24 3 403 2 17 1 96 1 128 1 135 1 171 1 156 1 83 1 222 2 157 1 344 1 398 1 399 1 407 1 287 1 101 1 86 1 164 1 481 2 348 1 360 1 515 1 402 1 699 1 145 1 163 2 223 1 358 2 357 1 8 1 57 1 68 1 12 1 105 1 119 1 81 1 42 1 55 1 232 1 255 1 53 2 72 1 115 1 182 2 124 1 125 1 174 1 251 2 154 1
110 16 56 732 2 350 1 279 1 359 1 80 1 259 1 263 1 347 1 351 1 21 3 122 3 148 1 187 1 52 1 203 2 207 1 134 1 135 1 158 1 171 1 153 2 147 2 66 1 480 1 389 1 45 1 71 1 175 1 681 1 407 1 343 1 348 2 360 1 362 1 387 3 483 1 145 1 358 1 262 1 401 3 486 1 464 1 11 1 6 1 183 1 202 1 205 1 49 1 107 1 119 1 43 1 192 1 116 1 214 1 72 3 125 1
123 18 47 461 1 473 2 563 2 603 3 804 2 875 1 732 1 926 2 824 2 966 1 392 1 504 1 260 1 355 1 249 1 790 1 869 3 871 2 400 2 351 1 484 1 423 1 122 2 203 1 85 1 219 1 134 1 135 1 140 1 171 1 158 1 281 1 66 1 389 2 193 1 175 1 352 1 398 1 399 1 682 1 23 1 111 1 164 1 343 1 481 2 387 1 50 1
//IdTournes NbColis
40 6
//IdColis IdCommandeInColis NbProducts IdProd1 QtyProd1 IdProd2 QtyProd2 ...
129 19 35 542 1 689 1 558 1 773 1 623 1 785 1 422 1 498 2 555 1 428 1 557 1 622 1 964 1 856 2 15 1 170 1 539 1 703 1 812 1 449 1 508 1 568 1 289 1 562 2 569 1 435 1 438 1 439 1 345 1 405 1 415 1 461 2 21 1 9 1 50 1
132 20 13 368 1 113 2 230 1 284 1 108 1 179 1 268 1 133 1 252 1 54 1 129 1 250 1 344 1
135 20 35 445 1 383 1 409 1 461 2 641 1 619 2 783 1 902 1 824 2 516 1 790 1 122 1 17 1 120 1 277 1 147 1 71 1 23 1 485 2 126 1 343 1 481 1 348 1 64 1 11 1 152 1 8 1 88 1 107 1 119 1 184 1 192 1 46 1 198 1 56 1
140 21 46 965 2 824 1 350 1 516 1 279 1 871 1 347 1 351 2 484 1 423 1 346 1 122 1 197 1 114 1 153 1 157 1 344 1 23 1 86 1 348 2 360 1 515 1 402 2 75 2 358 2 357 1 401 2 79 1 254 1 155 1 288 1 205 1 12 1 107 2 119 1 162 1 73 1 43 1 192 1 46 1 214 1 272 1 216 1 172 1 182 1 50 5
178 27 57 603 1 804 3 732 2 902 1 926 1 536 1 816 1 966 1 786 1 400 3 300 1 346 1 271 1 187 1 203 1 114 3 134 1 140 1 153 1 286 1 389 1 83 2 157 1 352 1 485 2 13 1 186 1 265 1 343 1 348 2 360 1 387 2 19 1 145 1 358 1 261 1 397 1 401 1 997 1 29 1 202 1 294 1 89 1 38 1 39 1 107 1 119 1 121 1 184 1 116 1 192 2 266 1 26 1 188 1 125 1 299 1 18 1
189 30 44 902 1 926 1 965 1 875 1 392 1 159 1 601 1 786 1 400 2 423 2 346 1 21 1 187 1 195 1 203 1 207 2 114 1 134 1 135 1 153 2 158 2 171 1 286 1 993 1 480 1 157 2 344 2 352 1 485 2 481 1 362 1 387 1 394 1 358 2 401 1 123 1 288 1 4 1 107 1 119 1 12 1 43 1 56 2 182 1
//IdTournes NbColis
41 6
//IdColis IdCommandeInColis NbProducts IdProd1 QtyProd1 IdProd2 QtyProd2 ...
194 31 26 343 1 348 1 360 1 483 2 358 1 262 1 397 1 401 2 408 1 486 1 464 1 243 1 104 1 141 1 254 1 105 1 107 1 119 1 116 2 184 2 172 1 191 1 981 1 53 1 72 1 115 1
211 34 33 619 2 862 1 350 1 74 2 790 2 347 1 148 1 203 1 207 1 140 1 171 1 17 1 187 1 480 1 157 2 344 1 407 1 306 1 126 1 343 1 348 2 387 1 402 1 231 1 202 1 243 1 104 1 141 1 254 1 44 1 107 1 119 1 198 1
217 36 30 902 1 516 1 316 2 279 2 871 1 351 1 423 1 21 2 120 1 140 1 146 1 153 1 157 1 343 1 86 1 348 1 394 3 401 1 243 1 288 1 89 2 65 1 205 2 107 1 119 3 162 1 982 1 26 1 42 1 50 3
222 37 33 153 1 171 1 207 1 66 1 480 1 204 1 71 1 344 1 352 1 398 1 23 1 354 1 164 1 348 1 387 2 394 2 402 3 163 2 358 1 361 1 408 1 401 2 464 1 107 1 119 1 176 1 12 1 238 1 56 2 194 1 42 1 115 1 72 1
229 39 25 434 1 623 2 751 1 758 1 388 1 931 1 365 1 963 1 277 1 153 1 171 1 17 1 207 2 66 1 389 1 344 1 186 1 624 1 145 1 317 2 318 3 246 3 319 3 981 1 72 1
236 40 39 71 1 352 1 399 3 407 1 13 1 111 3 126 1 164 2 343 1 86 1 348 3 360 1 394 2 402 1 358 2 208 1 397 1 401 1 464 2 202 1 254 1 155 1 288 1 41 2 62 1 243 1 89 1 107 1 119 1 132 1 162 1 176 1 49 1 184 1 131 1 42 1 172 1 115 3 225 1
//IdTournes NbColis
42 6
//IdColis IdCommandeInColis NbProducts IdProd1 QtyProd1 IdProd2 QtyProd2 ...
256 44 28 146 1 156 2 281 1 203 1 207 1 219 1 134 1 147 1 83 1 130 1 287 1 13 1 343 2 481 1 348 2 483 1 394 1 402 1 358 1 253 1 132 1 37 1 272 2 56 1 55 1 201 1 182 1 143 1
262 46 21 111 1 126 1 343 1 481 1 348 1 387 1 361 1 155 1 62 2 89 1 105 1 107 1 119 2 116 1 43 1 198 1 216 1 199 1 125 1 102 1 50 1
279 50 27 175 1 352 2 651 1 48 1 111 1 343 2 402 1 699 1 64 1 223 1 163 2 397 1 401 1 486 1 254 1 1 1 57 1 89 1 107 1 119 1 248 2 184 1 116 1 56 1 42 1 172 1 18 1
302 56 55 774 1 433 1 836 1 366 2 420 1 434 1 719 1 874 1 428 1 905 1 170 2 435 1 983 1 370 1 415 1 563 1 603 1 732 2 926 1 349 1 790 1 80 1 84 1 347 1 423 1 346 1 21 1 17 1 114 1 146 1 153 1 147 1 344 1 395 1 407 1 23 1 354 1 306 1 245 1 19 1 223 1 180 1 202 1 288 1 12 1 107 1 119 1 103 1 26 2 56 1 255 1 125 1 18 2 9 2 50 1
342 66 34 350 1 351 1 423 1 346 1 403 1 134 1 277 1 156 1 147 1 66 1 389 1 395 1 343 2 481 1 348 1 360 2 402 2 361 1 231 1 464 1 89 1 141 1 12 1 37 1 107 1 119 1 248 1 1020 1 81 1 26 1 272 1 188 1 191 1 255 1
347 67 32 783 1 824 1 516 2 349 1 786 2 80 1 84 1 423 2 346 1 1019 1 36 1 120 1 134 1 277 1 153 1 13 1 343 1 481 1 86 1 348 1 387 1 394 1 397 2 183 1 155 1 37 1 119 1 43 1 125 1 143 1 154 3 50 3
//IdTournes NbColis
43 6
//IdColis IdCommandeInColis NbProducts IdProd1 QtyProd1 IdProd2 QtyProd2 ...
357 69 37 375 2 409 2 455 1 563 1 804 1 732 1 902 1 926 1 824 1 538 1 536 1 934 2 279 2 263 1 400 1 423 2 31 1 346 1 403 1 122 2 148 1 187 1 114 1 153 1 389 1 83 1 344 1 407 1 111 1 223 1 357 1 6 2 49 1 107 1 119 1 233 1 272 1
378 74 48 783 1 824 2 325 1 279 1 349 1 601 1 869 1 786 3 70 1 400 2 298 1 484 1 423 1 17 1 96 2 219 1 134 1 156 1 71 1 344 1 13 1 23 1 86 1 360 2 387 1 357 1 397 1 401 1 404 1 464 1 41 1 69 1 89 1 221 1 141 2 254 1 205 1 107 1 119 1 121 1 132 1 184 1 26 1 194 1 182 1 125 1 299 1 174 1
467 99 37 94 1 136 2 386 1 578 1 472 1 906 2 497 1 817 1 956 1 374 1 489 1 565 1 564 1 805 1 838 1 774 1 376 1 467 1 558 1 623 1 82 1 409 1 804 1 350 1 349 1 71 1 354 1 343 1 348 1 64 1 19 1 38 1 221 2 37 1 982 1 3 1 102 2
469 100 27 321 5 788 1 32 1 63 1 700 1 376 1 170 1 751 1 388 1 435 2 445 1 383 1 461 1 392 1 869 1 786 2 484 1 135 2 140 1 281 2 171 2 147 1 66 1 344 1 481 1 318 1 319 1
67 10 54 281 1 147 1 66 1 389 4 71 2 157 1 352 1 287 1 111 1 348 3 360 1 362 1 387 3 394 2 402 7 64 1 145 2 208 1 261 1 361 1 408 1 401 1 486 1 464 3 11 2 180 1 39 1 41 1 57 2 123 2 254 1 155 1 12 3 119 1 132 1 162 1 43 1 118 1 26 2 188 1 201 1 216 1 190 2 53 2 115 1 310 1 225 1 124 1 125 2 143 1 2 5 154 7 9 2 50 3
75 11 56 869 1 786 1 347 1 400 1 351 3 484 2 148 1 17 1 28 1 197 1 203 1 207 1 134 1 114 1 277 1 171 1 147 1 66 2 480 1 217 1 100 2 352 1 23 1 481 2 348 3 387 1 402 2 699 1 75 1 145 3 223 2 163 1 264 1 401 1 464 1 183 1 41 1 202 1 104 1 141 1 155 1 132 1 107 1 119 2 176 1 213 1 184 1 43 1 198 1 103 2 266 1 81 1 56 1 42 1 201 1 18 1
//IdTournes NbColis
44 6
//IdColis IdCommandeInColis NbProducts IdProd1 QtyProd1 IdProd2 QtyProd2 ...
88 13 43 423 1 122 1 148 1 356 1 207 1 219 1 135 1 153 1 156 1 171 2 83 1 398 1 13 1 485 2 354 1 111 1 348 2 360 1 515 1 387 1 402 1 358 1 208 1 401 1 408 1 464 1 180 1 22 1 89 1 104 1 253 1 12 1 105 1 107 1 119 1 176 1 184 1 239 1 56 1 30 1 191 1 190 1 255 1
96 14 54 563 1 603 1 619 1 824 3 538 1 880 3 963 1 934 1 166 1 786 1 790 1 351 1 423 5 21 1 148 1 207 1 247 1 138 1 153 1 158 1 156 1 286 1 66 1 165 1 100 1 407 1 395 1 485 3 186 1 111 2 348 2 402 5 387 2 483 1 394 1 208 1 261 1 357 1 401 3 408 2 397 1 180 1 253 1 254 1 65 2 12 1 107 1 119 1 73 1 233 1 248 1 192 1 266 1 238 1
130 19 52 804 1 782 1 538 1 350 1 359 1 70 2 600 1 869 1 786 1 347 1 351 1 484 1 122 1 148 2 207 1 85 1 114 1 153 1 156 1 158 1 171 1 147 1 66 1 100 1 352 1 287 1 164 1 348 2 360 2 394 2 402 3 223 2 397 2 11 1 152 1 88 1 89 1 221 1 65 1 12 2 107 1 119 1 184 1 285 1 214 2 56 1 51 2 270 1 275 1 225 1 125 2 50 3
146 22 45 24 1 187 1 195 1 207 2 114 1 134 1 153 1 281 1 171 1 286 1 147 1 480 1 389 1 352 1 287 1 481 3 348 1 394 1 402 2 223 2 358 1 273 1 357 1 397 2 404 1 408 1 486 1 39 1 243 1 141 1 155 1 107 1 119 1 184 1 26 1 272 1 51 1 42 1 172 1 255 1 182 1 225 1 143 2 102 1 154 5
166 25 50 862 1 782 1 783 1 965 1 880 1 816 1 350 1 392 1 260 1 249 2 279 2 80 1 263 1 159 1 786 2 347 2 298 4 351 2 423 1 346 3 122 2 148 3 17 1 291 1 197 1 114 1 134 2 135 1 171 1 153 2 286 2 281 1 66 2 165 2 193 1 83 1 217 1 157 1 222 2 130 1 352 1 13 3 23 1 186 2 245 1 481 1 164 1 394 3 402 1 143 1
172 26 27 355 1 600 1 601 1 790 1 351 1 484 1 114 1 277 1 158 1 66 1 389 1 352 2 395 1 111 1 164 1 481 1 348 1 515 1 394 2 231 1 464 1 183 1 107 1 119 1 10 1 115 1 225 2
//IdTournes NbColis
45 6
//IdColis IdCommandeInColis NbProducts IdProd1 QtyProd1 IdProd2 QtyProd2 ...
184 29 44 783 1 902 1 349 1 263 1 600 1 601 1 786 1 592 1 351 1 31 2 148 1 219 1 153 1 281 1 17 1 389 1 71 1 222 1 352 1 111 1 348 1 145 1 223 1 163 1 358 1 231 2 464 1 29 1 104 1 155 1 39 2 41 1 205 2 107 1 119 1 12 1 103 2 26 1 194 1 270 1 188 1 143 1 299 1 174 1
199 32 53 461 1 641 1 473 1 619 1 862 1 782 1 824 3 279 2 166 2 159 1 263 2 600 2 601 3 869 1 786 1 790 1 351 1 403 1 207 1 114 1 128 1 134 1 135 2 138 1 153 1 156 1 286 2 147 2 389 1 222 1 157 1 83 1 395 2 348 1 394 1 402 1 223 2 163 1 357 1 361 2 397 1 401 1 464 2 152 1 104 1 253 1 155 1 5 1 38 1 65 2 105 1 119 1 176 2
207 33 28 348 3 515 2 387 1 483 2 402 1 208 2 311 1 313 1 401 1 231 1 69 1 141 1 253 2 155 1 6 1 180 1 12 1 184 1 192 1 46 1 239 1 214 1 118 1 246 1 26 1 42 1 191 1 310 1
251 43 45 365 1 445 3 375 1 409 1 473 2 641 1 563 1 603 1 875 1 804 2 732 2 783 1 516 1 70 2 74 2 159 1 601 1 869 1 786 1 347 1 114 1 219 1 134 2 138 1 277 1 281 1 171 1 147 1 389 1 157 1 186 1 111 2 86 1 358 1 88 1 317 1 119 1 12 2 181 1 214 1 246 1 319 1 42 1 2 1 9 1
261 46 36 768 1 861 1 431 1 933 1 242 1 887 1 611 1 149 2 258 1 314 1 564 1 805 1 209 1 836 1 76 1 558 2 471 1 557 1 607 1 653 1 508 1 139 1 641 1 563 1 350 1 355 1 347 1 484 1 122 1 21 1 114 1 156 1 35 1 389 1 309 1 141 1
269 48 38 871 1 790 1 84 1 347 1 423 1 114 1 120 1 153 1 171 1 34 1 135 1 389 1 352 2 485 1 13 2 23 2 481 2 86 1 348 1 360 1 362 1 19 1 75 1 357 1 361 1 408 1 65 1 107 1 119 1 49 1 42 1 191 1 125 1 143 1 154 2 2 3 9 1 50 1
//IdTournes NbColis
46 6
//IdColis IdCommandeInColis NbProducts IdProd1 QtyProd1 IdProd2 QtyProd2 ...
288 52 28 279 1 346 1 21 1 158 1 34 1 85 1 96 1 222 1 485 2 481 1 348 1 394 1 208 1 401 2 408 1 29 1 38 1 88 1 141 1 205 1 107 1 119 1 184 1 103 1 115 1 18 1 9 1 50 1
292 53 25 71 1 398 1 306 1 245 1 348 1 360 1 362 1 387 1 261 1 253 1 288 1 25 1 38 1 39 1 41 1 202 1 68 1 79 1 89 1 104 1 162 1 107 1 119 1 121 2 310 1
317 60 39 939 1 763 1 509 1 633 1 648 2 726 1 510 2 773 1 863 1 623 2 269 1 607 1 491 1 508 1 439 1 965 1 350 1 349 1 351 2 423 1 346 1 148 1 17 1 85 1 127 1 219 1 156 1 281 1 167 1 66 1 348 1 483 1 394 2 152 1 202 1 79 1 12 1 107 1 119 1
352 68 51 504 1 869 3 871 1 159 1 351 1 484 1 31 2 403 1 122 1 187 1 52 1 114 1 153 1 156 1 66 1 157 1 13 1 481 2 111 2 164 1 348 2 402 1 1014 1 64 1 19 1 75 1 358 2 357 2 397 1 486 1 180 1 8 1 29 1 39 1 41 1 243 1 79 1 89 1 104 1 141 1 12 1 107 1 119 1 132 1 42 1 199 1 172 2 255 1 225 1 251 1 18 1
362 70 51 641 1 603 1 732 4 824 1 875 1 965 1 392 1 260 1 325 1 166 1 349 1 396 1 600 1 601 1 869 1 790 1 484 1 36 1 197 1 207 1 120 1 277 1 171 1 100 1 352 1 395 1 186 1 354 2 481 1 164 1 348 1 362 1 515 1 394 1 358 2 401 1 404 1 464 1 69 2 254 1 12 2 121 2 214 1 26 2 56 1 144 1 42 1 10 1 53 1 2 4 50 4
372 73 33 732 1 349 1 786 1 263 1 347 1 298 1 351 1 423 1 356 1 187 1 153 1 389 1 165 1 83 1 130 1 352 2 481 1 265 1 348 2 360 1 362 1 394 1 19 1 397 1 486 1 464 1 29 1 141 1 119 1 116 1 103 1 272 1 102 1
//IdTournes NbColis
47 6
//IdColis IdCommandeInColis NbProducts IdProd1 QtyProd1 IdProd2 QtyProd2 ...
407 81 50 869 2 871 1 790 2 263 1 351 2 346 1 148 1 114 1 135 2 277 1 146 1 281 1 171 1 286 1 147 1 389 3 83 1 157 2 594 1 407 1 485 2 354 1 481 1 348 2 360 1 362 1 387 1 402 3 483 2 358 1 401 1 404 2 486 1 464 1 39 1 202 1 89 1 104 1 205 2 12 2 49 1 107 1 119 1 176 1 116 1 118 1 272 1 225 1 251 1 154 3
415 83 59 619 1 804 1 782 1 783 3 965 1 600 1 601 1 790 1 84 1 351 1 423 1 24 1 148 1 356 1 28 1 187 2 207 1 96 1 114 1 1013 1 146 1 153 1 156 1 286 1 66 1 389 1 71 1 485 2 307 1 481 2 348 2 360 1 362 2 402 1 64 1 163 1 408 1 29 1 38 2 44 1 62 1 243 1 89 1 104 1 253 1 155 1 288 1 12 1 107 1 119 1 43 2 192 1 116 1 103 2 214 1 30 1 190 1 143 2 154 1
419 84 48 563 1 619 1 804 1 732 1 783 3 902 1 824 2 349 1 600 1 347 1 400 2 351 1 423 2 16 1 36 1 134 1 135 1 83 1 481 1 306 1 86 1 111 1 624 1 19 1 486 1 4 1 6 2 8 1 29 1 41 1 999 1 202 1 89 1 104 1 141 2 65 1 12 1 107 1 119 1 132 1 184 1 103 1 272 1 42 1 172 1 191 1 125 2 18 1
438 89 25 902 1 350 2 504 1 347 1 423 1 485 2 481 1 348 1 231 1 6 2 89 1 254 2 155 2 205 2 107 1 119 1 132 1 42 1 10 1 30 1 172 1 125 1 18 3 9 1 50 1
448 92 45 641 1 563 1 603 1 619 3 824 2 965 1 601 1 347 1 346 1 148 1 187 1 36 1 114 1 134 1 135 1 277 1 153 1 167 1 171 1 66 1 480 1 309 1 407 1 348 1 360 1 362 1 515 1 394 1 402 1 223 1 262 1 401 1 22 1 29 1 202 1 107 1 119 1 184 1 239 1 103 1 56 1 188 1 201 1 255 1 225 1
452 93 41 786 1 871 1 263 1 400 1 96 2 277 2 146 2 281 2 286 1 147 2 389 1 222 1 485 1 23 1 287 1 481 1 86 1 348 2 360 1 387 2 394 1 402 1 624 1 145 1 358 1 397 1 401 1 38 1 253 1 155 1 288 1 12 1 107 1 119 1 43 1 266 1 118 1 42 1 124 1 18 1 50 1
//IdTournes NbColis
48 6
//IdColis IdCommandeInColis NbProducts IdProd1 QtyProd1 IdProd2 QtyProd2 ...
456 94 39 498 1 428 1 557 1 766 1 825 1 925 1 856 1 185 1 388 1 82 1 61 1 365 1 461 1 603 1 619 1 783 1 16 1 277 1 352 1 395 1 164 2 348 2 387 1 394 1 357 1 464 2 221 1 155 1 107 1 119 1 176 1 26 1 272 1 56 1 216 1 251 1 18 1 154 1 50 1
465 97 33 608 1 510 1 593 1 460 1 905 1 185 1 666 1 569 1 367 1 409 1 783 1 349 1 359 1 263 1 347 1 403 1 122 1 28 1 362 2 515 1 483 1 223 1 273 1 464 1 152 1 205 1 37 1 107 1 119 1 181 1 51 1 42 1 30 1
471 101 26 321 7 906 1 649 1 817 1 726 1 583 1 773 1 623 2 388 2 562 2 641 2 783 1 886 2 790 1 28 1 52 1 114 1 135 2 140 1 146 1 398 1 348 1 145 1 318 1 246 2 319 1
2 1 27 497 1 490 1 845 1 627 1 809 1 770 1 890 1 788 1 560 1 889 1 633 1 431 1 887 1 32 1 635 1 888 1 608 1 499 1 773 1 623 1 460 2 555 1 607 1 82 1 161 1 349 1 154 1
180 28 31 597 1 811 1 649 1 507 1 924 1 775 1 788 1 469 1 489 1 772 1 77 1 32 1 296 1 106 1 151 1 257 1 441 1 807 1 493 1 428 1 607 1 905 1 15 1 568 1 569 1 439 1 302 1 405 1 350 1 243 1 125 1
374 74 19 975 2 872 1 891 1 419 1 606 1 929 1 830 1 604 1 737 1 1007 1 371 1 373 1 512 1 523 1 672 1 817 1 733 1 847 3 350 1
//IdTournes NbColis
49 6
//IdColis IdCommandeInColis NbProducts IdProd1 QtyProd1 IdProd2 QtyProd2 ...
413 83 28 136 1 137 1 625 1 938 2 419 1 724 1 826 1 671 1 626 1 919 1 939 3 469 1 777 1 99 1 501 1 855 1 617 1 673 1 839 1 27 1 77 1 210 1 393 1 590 1 805 1 838 1 59 1 350 1
446 92 23 930 1 932 1 518 1 884 1 371 1 655 1 939 1 496 1 650 1 768 1 870 1 763 1 772 1 673 2 77 1 529 1 590 1 635 3 209 1 547 1 629 2 836 1 350 1
50 8 47 316 1 279 1 871 1 400 1 148 1 34 1 135 1 156 1 66 1 389 1 352 2 395 1 398 1 354 1 481 1 145 2 358 1 208 1 361 1 401 2 464 1 5 1 6 1 180 1 29 1 57 1 62 1 202 2 88 1 123 2 221 1 253 1 254 1 288 1 12 1 107 1 119 1 132 1 162 1 184 1 192 1 26 2 42 1 10 1 115 2 225 1 50 2
66 10 34 370 1 375 1 383 1 409 3 563 4 603 3 619 1 862 1 782 1 955 1 824 4 516 1 392 1 80 1 869 4 786 2 871 1 400 1 351 1 423 4 24 1 403 2 21 1 28 1 187 1 197 1 207 1 85 2 114 1 127 1 277 2 153 1 281 1 199 1
158 24 49 17 1 195 1 128 2 219 1 134 1 156 2 158 1 286 1 66 1 480 1 165 1 71 1 222 1 157 2 130 1 352 2 395 2 13 1 287 1 354 1 111 1 481 1 515 1 387 1 402 1 145 2 358 1 357 1 408 1 464 1 202 1 69 1 89 1 104 1 254 1 12 2 107 1 119 1 162 1 43 1 272 1 56 1 42 1 172 1 115 1 182 1 225 2 125 1 143 1
367 72 29 136 1 545 1 950 1 826 1 470 1 793 1 776 1 847 1 939 1 985 1 378 1 552 1 560 1 777 1 432 1 729 1 887 1 564 1 635 1 547 1 888 1 696 1 986 1 608 1 376 2 525 1 558 1 846 1 351 1
//IdTournes NbColis
50 6
//IdColis IdCommandeInColis NbProducts IdProd1 QtyProd1 IdProd2 QtyProd2 ...
71 11 23 353 1 386 1 411 1 459 1 599 1 430 1 475 1 811 1 756 2 907 1 818 1 957 1 671 1 806 1 914 1 534 1 535 2 495 1 960 1 249 1 2 1 154 1 50 1
257 45 25 212 1 129 1 353 1 502 1 621 1 571 1 823 1 927 1 994 1 826 1 620 1 919 1 939 1 469 1 378 1 412 1 489 1 976 1 566 1 971 1 617 1 110 1 887 1 393 1 499 1
355 69 26 304 2 533 1 565 1 723 1 781 1 768 1 566 2 276 1 384 1 883 1 928 2 617 1 839 1 590 1 63 1 280 1 169 1 314 1 441 2 629 1 920 1 696 1 702 1 608 1 510 1 102 1
115 17 33 782 1 783 1 392 1 355 1 869 1 786 1 790 2 423 2 403 1 21 2 122 1 28 1 203 1 207 2 156 1 66 2 83 1 157 1 245 1 265 1 362 1 358 2 264 1 397 1 89 1 141 1 107 1 119 1 213 1 266 2 246 2 42 1 251 1
181 28 21 641 1 355 1 403 1 28 1 114 1 120 1 153 2 389 1 71 1 406 1 624 1 358 1 357 1 1 1 105 1 107 1 119 1 49 1 46 1 26 1 50 1
242 41 36 171 1 207 1 147 1 66 1 222 2 23 2 354 1 126 1 360 1 515 1 145 2 223 2 163 1 264 1 253 1 254 1 155 2 1 1 4 1 41 2 62 1 88 1 89 2 107 1 119 1 132 1 162 1 37 1 46 2 198 2 26 1 272 1 42 2 53 1 225 1 299 1
//IdTournes NbColis
51 6
//IdColis IdCommandeInColis NbProducts IdProd1 QtyProd1 IdProd2 QtyProd2 ...
124 18 36 394 1 402 2 699 1 223 1 163 2 358 2 357 1 361 2 397 2 408 2 486 1 464 1 11 1 152 1 180 1 39 1 89 1 123 1 12 1 107 1 119 1 121 1 132 1 233 1 248 1 214 1 51 1 42 1 10 1 191 1 234 2 255 1 115 1 143 1 18 1 50 3
167 25 29 402 2 358 1 208 1 357 1 397 1 401 1 231 1 486 3 464 4 39 1 69 1 89 1 104 1 155 1 288 1 107 1 119 1 176 1 162 1 73 1 116 1 103 2 266 1 214 1 26 1 131 1 10 1 188 1 143 2
22 4 38 394 1 402 1 483 1 701 1 64 1 19 1 145 1 163 1 358 2 397 2 231 1 486 1 464 1 152 1 5 1 25 1 47 1 79 1 155 1 288 2 49 1 105 1 119 1 176 1 73 1 43 1 103 2 118 2 56 1 42 2 172 2 125 1 143 1 102 1 2 4 154 3 9 1 50 2
308 58 28 972 1 431 2 432 2 648 1 887 2 590 1 564 1 726 1 805 1 20 1 441 2 807 1 986 1 608 1 506 1 558 1 719 1 623 1 460 2 458 1 449 1 410 1 931 1 283 1 439 1 463 2 367 1 154 1
265 47 24 361 2 397 1 254 1 29 1 41 1 89 1 205 1 107 1 119 1 121 2 12 1 213 1 192 1 103 1 266 1 56 1 194 2 216 1 10 1 30 1 188 1 199 1 182 1 125 1
161 25 20 382 1 686 1 734 1 628 1 834 1 814 3 899 1 873 1 962 1 511 1 724 1 417 1 680 1 953 1 518 1 1009 1 371 3 577 1 721 1 154 1
//IdTournes NbColis
52 6
//IdColis IdCommandeInColis NbProducts IdProd1 QtyProd1 IdProd2 QtyProd2 ...
231 40 19 814 1 833 1 910 1 938 1 962 1 975 2 511 1 867 1 649 1 826 1 907 2 490 2 417 1 390 1 664 1 518 1 710 1 737 1 299 1
417 84 24 440 1 459 1 628 1 834 1 779 1 780 1 849 1 511 1 639 1 604 1 845 1 835 1 788 1 374 1 613 1 496 1 618 1 870 1 384 1 740 1 431 1 200 1 210 1 124 1
461 96 25 987 1 113 1 250 1 475 1 756 1 938 2 511 1 930 1 371 1 495 1 817 1 469 3 496 1 552 1 763 1 855 1 673 1 567 1 529 1 520 1 741 1 908 1 656 1 225 1 2 1
276 50 22 929 2 417 1 604 1 930 1 518 1 627 1 304 2 534 1 374 1 378 1 721 1 560 1 723 1 768 1 870 1 763 3 384 1 544 2 707 1 747 1 249 1 154 1
8 2 25 109 1 169 1 173 1 564 1 726 1 805 2 774 1 609 3 888 2 433 1 714 1 949 1 986 2 366 1 376 1 500 1 506 1 689 1 510 1 679 1 644 1 607 2 821 1 856 1 19 1
34 6 21 887 1 20 1 58 1 149 1 314 1 635 2 805 3 838 2 441 1 629 3 609 1 836 1 87 2 366 2 608 2 40 1 269 2 420 2 532 1 542 1 2 1
//IdTournes NbColis
53 6
//IdColis IdCommandeInColis NbProducts IdProd1 QtyProd1 IdProd2 QtyProd2 ...
93 14 27 629 1 868 1 658 1 236 2 366 2 787 2 376 1 420 2 543 1 522 1 586 2 542 1 506 1 689 1 510 1 558 1 623 2 460 4 422 1 428 2 557 1 905 1 825 1 487 1 185 1 102 2 154 1
128 19 24 763 1 596 1 740 1 865 1 855 1 861 1 617 1 77 2 738 1 529 3 520 1 393 2 235 1 59 1 106 1 564 1 741 1 805 2 838 1 656 4 206 1 366 1 376 1 154 1
144 22 26 384 1 707 1 711 1 972 1 617 2 424 1 729 1 59 1 280 1 564 3 441 2 629 2 894 1 774 1 609 1 888 2 433 1 986 1 366 1 542 1 506 1 525 1 474 1 802 1 148 1 102 1
277 50 23 711 1 855 1 617 2 567 2 244 1 887 2 106 1 805 2 441 1 774 3 696 1 801 2 836 2 366 2 608 3 420 1 499 1 506 1 558 1 510 2 148 1 2 2 50 1
290 53 24 589 1 730 1 847 1 939 1 412 1 560 1 768 1 912 1 566 3 520 1 726 1 240 1 441 3 629 2 366 1 500 1 586 1 719 1 785 1 766 1 607 1 856 1 825 1 125 1
293 54 18 178 1 323 1 142 1 97 1 440 1 581 1 517 1 881 1 906 1 873 1 497 1 826 2 490 1 640 1 531 2 589 1 427 1 87 1
//IdTournes NbColis
54 6
//IdColis IdCommandeInColis NbProducts IdProd1 QtyProd1 IdProd2 QtyProd2 ...
312 59 25 469 1 650 1 781 2 903 1 448 1 466 1 772 1 431 1 648 1 842 1 726 1 635 1 240 1 429 2 774 2 609 1 986 2 366 1 608 1 719 1 460 1 557 1 607 2 837 1 102 1
373 74 19 92 1 98 1 108 1 615 1 136 1 440 2 381 1 382 2 537 1 625 1 457 1 780 1 646 1 811 1 756 1 937 2 467 1 154 2 50 1
381 75 27 914 1 512 1 530 1 470 1 775 2 776 1 412 1 552 1 777 1 521 1 799 1 590 2 564 1 635 1 240 1 209 1 441 1 774 1 696 1 836 1 986 1 366 1 499 1 506 1 510 1 460 1 804 1
400 80 24 129 1 545 1 779 1 788 1 618 1 566 1 466 1 896 1 431 1 432 1 567 1 729 1 887 2 590 2 741 1 805 2 441 2 616 1 429 1 888 1 609 1 986 1 366 2 385 1
405 81 27 838 1 235 1 257 1 656 3 629 1 696 1 366 2 586 1 525 1 704 2 773 2 679 1 623 1 498 1 471 1 856 2 825 2 539 1 712 1 812 1 15 1 170 1 462 1 508 1 753 2 102 1 2 1
451 93 31 696 1 366 1 376 1 586 1 420 2 525 2 460 1 422 2 428 1 856 1 825 1 487 2 170 1 568 1 388 1 435 3 139 1 383 1 409 1 415 1 659 2 641 3 563 1 619 1 862 1 782 1 824 1 869 1 786 1 263 1 2 1
//IdTournes NbColis
55 6
//IdColis IdCommandeInColis NbProducts IdProd1 QtyProd1 IdProd2 QtyProd2 ...
20 4 30 883 1 633 2 424 1 77 1 110 1 887 1 726 2 741 1 888 1 836 2 87 1 583 1 542 1 500 1 532 1 689 1 719 1 460 1 698 1 856 2 825 1 170 1 580 1 391 1 491 1 161 2 435 1 958 1 463 1 21 1
267 48 23 513 1 587 1 817 3 866 1 847 3 469 2 412 1 489 1 721 1 618 1 501 1 432 1 151 1 726 1 741 1 635 1 805 1 838 1 240 1 441 1 696 1 836 1 87 1
455 94 27 604 1 620 1 884 1 1009 1 806 1 1007 1 775 1 560 1 903 1 892 1 431 1 77 1 590 1 635 1 805 1 240 1 441 2 429 1 774 1 986 1 608 2 493 1 506 1 802 1 122 1 88 1 154 3
100 15 17 382 2 475 2 780 1 571 2 765 1 814 1 938 2 494 1 826 1 442 1 884 1 665 1 1007 2 446 3 373 1 803 1 484 1
26 5 19 604 1 977 1 930 1 627 1 503 1 737 1 1009 1 914 1 626 1 425 1 470 1 770 1 918 1 919 1 789 1 939 1 973 2 890 1 369 1
143 22 22 899 1 927 2 858 1 771 1 649 1 490 1 930 1 1007 1 446 1 589 1 847 1 973 1 369 1 723 1 759 1 901 1 768 2 903 2 870 2 976 1 380 1 289 1
//IdTournes NbColis
56 6
//IdColis IdCommandeInColis NbProducts IdProd1 QtyProd1 IdProd2 QtyProd2 ...
162 25 24 589 1 523 1 817 2 733 1 847 1 919 1 939 1 1012 2 469 1 369 1 374 1 378 3 489 1 618 2 759 1 768 1 763 2 380 1 384 1 612 1 521 1 328 1 125 1 102 1
219 37 24 991 1 518 1 371 1 372 2 488 1 770 1 817 2 939 1 469 1 369 1 374 1 412 1 552 2 560 1 618 1 777 1 970 1 912 1 617 1 673 1 257 1 635 1 292 1 500 1
232 40 24 742 1 1007 1 749 1 770 1 817 3 866 1 847 1 919 1 733 1 960 1 369 1 412 1 721 1 657 2 901 1 903 1 967 1 870 2 276 1 612 1 521 1 596 1 320 1 154 2
271 49 25 938 1 907 1 904 1 733 1 847 1 960 1 469 1 369 1 560 1 618 1 565 1 781 1 976 1 763 3 633 1 972 1 1001 1 320 1 210 1 106 1 590 2 726 1 635 2 292 1 122 1
297 55 24 710 1 589 1 847 2 369 1 721 1 618 1 565 1 768 1 276 1 380 1 384 1 413 1 707 1 735 1 617 3 887 3 393 1 564 2 838 1 257 1 280 1 629 1 499 1 107 1
6 2 20 502 1 571 1 873 1 497 1 858 1 895 1 417 1 850 1 930 1 904 1 710 1 705 1 914 1 444 1 427 1 817 3 775 4 788 1 125 1 154 1
//IdTournes NbColis
57 6
//IdColis IdCommandeInColis NbProducts IdProd1 QtyProd1 IdProd2 QtyProd2 ...
91 14 19 938 1 873 1 724 1 907 1 929 1 826 2 845 1 922 1 806 1 444 1 535 2 373 1 577 1 495 1 809 1 817 3 847 3 565 1 154 1
133 20 22 662 1 465 1 844 1 386 1 459 1 667 1 840 1 811 1 419 1 669 1 670 1 507 1 848 1 444 1 512 1 427 2 843 1 788 1 304 1 393 1 271 1 154 1
202 33 22 814 1 948 2 899 1 938 2 962 1 494 1 497 1 606 1 826 1 907 1 674 1 677 1 835 1 664 1 884 1 806 1 1007 1 444 1 371 1 530 1 102 1 154 2
41 7 22 426 1 845 1 710 1 626 1 655 2 918 1 733 1 489 1 618 3 657 1 565 1 660 1 903 1 912 1 763 2 673 1 839 1 196 1 320 1 529 2 32 1 259 1
225 38 29 77 1 210 1 529 3 393 1 63 1 590 1 726 1 629 2 696 1 836 2 943 1 236 1 87 1 376 1 543 1 558 2 689 1 719 1 623 3 773 1 846 1 40 1 460 2 428 1 757 1 751 1 391 2 392 1 18 1
282 51 24 924 1 371 2 425 1 817 1 847 2 919 1 939 2 412 1 565 2 521 1 740 1 617 1 648 1 933 1 200 1 529 1 258 1 169 1 590 1 726 2 635 1 838 1 59 1 76 1
//IdTournes NbColis
58 6
//IdColis IdCommandeInColis NbProducts IdProd1 QtyProd1 IdProd2 QtyProd2 ...
388 77 23 91 1 129 1 377 1 517 1 553 1 571 2 872 1 961 1 419 1 588 1 675 1 930 1 587 1 589 1 847 1 972 1 617 1 567 1 77 1 529 1 590 1 9 1 50 1
403 81 18 98 1 136 1 137 1 220 1 250 1 224 1 475 1 756 2 938 3 494 1 724 1 907 1 826 1 924 1 535 3 488 1 939 3 529 1
46 8 21 941 1 938 2 451 1 494 1 826 1 907 1 417 1 604 1 930 1 671 1 371 1 512 1 523 1 770 1 803 2 728 1 817 1 847 3 228 1 2 1 154 2
79 12 24 671 1 371 3 495 1 531 1 587 1 589 1 470 1 939 1 374 2 378 1 489 1 496 1 618 1 565 1 723 1 777 1 870 1 521 1 968 1 617 2 648 1 77 1 210 1 107 1
425 86 22 98 1 142 1 54 1 475 2 765 1 938 1 494 1 497 1 771 1 649 1 371 3 775 2 789 1 847 1 939 2 911 1 469 1 374 1 489 1 499 1 18 1 2 1
19 4 23 494 1 649 1 604 1 446 3 530 1 531 1 626 1 587 1 817 1 847 2 939 3 378 1 412 1 496 1 723 1 781 2 768 1 970 1 566 1 740 1 21 1 102 1 2 1
//IdTournes NbColis
59 6
//IdColis IdCommandeInColis NbProducts IdProd1 QtyProd1 IdProd2 QtyProd2 ...
33 6 21 446 3 373 1 530 1 577 1 414 1 589 1 843 1 730 1 817 1 776 1 733 1 847 2 978 2 378 1 489 1 660 1 781 1 509 1 648 1 839 1 119 1
137 21 24 718 1 571 1 938 1 961 1 910 1 872 1 683 1 494 1 497 1 826 1 830 1 642 1 848 1 372 1 817 2 776 1 939 1 378 1 613 1 618 2 723 1 650 1 99 1 38 1
175 27 21 685 1 418 1 686 1 468 1 475 2 814 1 819 1 571 1 938 2 451 1 826 1 630 1 674 1 372 1 373 1 495 1 817 1 803 2 939 1 469 1 552 1
316 60 20 621 1 780 1 571 1 823 1 1000 1 938 2 891 1 419 2 497 1 507 1 850 1 830 1 675 1 848 1 372 1 717 1 866 1 847 1 506 1 8 1
345 67 23 372 1 512 1 495 1 817 1 939 1 378 1 560 1 723 1 650 1 870 1 768 2 763 2 767 1 784 1 617 2 729 1 564 3 635 2 805 1 838 1 63 1 328 1 107 1
13 3 24 523 1 470 2 643 1 847 1 919 1 939 2 911 1 374 1 496 1 759 2 565 1 917 1 781 1 903 1 768 1 970 1 870 1 99 1 763 2 466 1 747 1 972 1 21 1 102 2
//IdTournes NbColis
60 6
//IdColis IdCommandeInColis NbProducts IdProd1 QtyProd1 IdProd2 QtyProd2 ...
54 9 22 942 1 620 1 577 1 589 1 672 1 770 1 728 1 847 2 985 2 978 1 374 2 412 1 613 1 552 1 657 2 618 1 565 1 976 1 912 1 612 1 199 1 9 1
120 18 25 973 1 890 1 733 1 374 1 552 1 759 1 777 1 970 1 979 1 566 3 740 1 799 1 921 1 896 1 972 1 432 1 648 2 887 1 63 1 106 1 109 1 314 1 590 1 145 1 50 1
127 19 23 962 2 873 1 649 1 944 1 959 1 826 1 850 1 647 1 904 1 671 1 806 2 914 1 373 1 817 1 956 1 847 1 560 1 565 1 759 1 870 1 228 1 763 1 76 1
249 43 23 373 1 512 1 425 1 672 1 427 2 793 1 817 1 775 1 866 1 939 1 469 2 554 1 723 1 976 1 912 1 276 1 566 2 431 1 432 1 590 1 564 2 635 1 107 1
375 74 18 978 1 985 1 469 4 374 1 412 2 496 1 552 1 618 1 759 2 777 1 781 2 903 2 970 2 763 3 384 2 971 1 499 1 84 1
397 79 32 589 1 749 1 770 1 781 1 673 1 729 1 77 1 210 1 393 1 741 1 635 1 32 1 189 1 240 1 59 1 280 1 547 1 808 1 629 1 696 1 376 1 493 1 420 1 500 1 510 1 506 1 785 2 498 1 925 1 487 1 504 1 299 1
//IdTournes NbColis
61 6
//IdColis IdCommandeInColis NbProducts IdProd1 QtyProd1 IdProd2 QtyProd2 ...
1 1 19 92 1 113 1 142 1 160 1 179 1 885 1 137 1 864 1 379 1 450 1 459 1 559 1 634 1 811 1 765 1 834 1 780 1 453 1 513 1
78 12 20 954 1 938 1 891 1 451 1 494 1 497 2 724 2 606 1 649 1 826 2 670 2 588 1 507 1 647 1 845 1 835 1 969 1 378 1 102 1 2 1
85 13 23 834 1 938 1 497 1 649 2 898 1 826 1 907 1 806 1 1007 1 523 1 728 1 847 4 469 1 378 2 412 1 489 1 560 1 768 2 903 1 855 1 76 1 102 1 154 2
118 18 20 382 2 450 1 517 1 684 1 597 1 745 1 524 1 475 1 559 1 602 1 852 1 780 1 571 2 814 1 819 1 927 2 941 1 378 1 9 2 50 1
101 15 22 512 1 817 1 847 3 939 4 304 1 496 1 870 1 763 1 380 1 466 1 617 2 432 2 648 1 567 1 77 1 738 1 235 1 240 1 58 1 109 1 726 1 107 1
281 51 21 97 1 268 1 136 1 137 1 250 1 382 1 545 1 418 1 743 1 780 1 756 2 823 1 923 1 962 1 497 2 826 1 959 1 907 1 507 1 647 1 325 1
//IdTournes NbColis
62 6
//IdColis IdCommandeInColis NbProducts IdProd1 QtyProd1 IdProd2 QtyProd2 ...
409 82 21 113 1 94 1 91 1 996 1 160 1 250 1 822 1 927 1 872 1 930 1 627 1 503 1 626 1 918 1 847 1 939 1 489 1 560 1 566 2 384 1 462 1
422 85 28 733 1 469 1 412 1 912 1 1005 1 384 1 617 2 432 1 567 1 729 1 200 2 887 1 590 2 635 1 908 1 838 1 32 1 189 1 109 1 586 1 719 1 434 1 623 1 40 1 460 1 856 1 487 1 519 1
121 18 29 726 1 635 2 805 1 547 1 629 2 609 2 836 1 608 1 269 1 420 1 500 1 522 1 542 1 704 1 510 1 558 1 719 1 679 1 623 2 846 1 739 1 698 1 428 1 897 1 856 2 15 1 688 1 712 1 145 1
153 23 30 398 1 399 1 406 1 407 1 86 1 387 1 394 1 402 2 556 1 163 1 223 2 264 1 397 3 401 4 408 1 11 1 152 1 38 1 89 1 107 1 119 1 213 1 184 1 214 1 56 1 274 1 42 1 53 1 182 1 18 1
473 102 16 129 1 321 5 63 1 774 1 586 1 697 1 409 1 902 1 279 1 790 2 484 1 36 1 120 1 389 1 175 1 319 1
40 7 17 537 1 652 1 628 1 852 1 756 1 727 1 765 1 938 2 962 2 891 1 451 2 494 1 654 3 649 1 826 1 639 1 489 1
//IdTournes NbColis
63 6
//IdColis IdCommandeInColis NbProducts IdProd1 QtyProd1 IdProd2 QtyProd2 ...
52 9 12 98 2 113 1 93 1 94 1 142 1 108 2 133 1 548 1 693 1 615 1 137 1 624 1
61 10 18 731 1 823 1 873 1 891 1 938 3 962 1 910 1 872 1 451 1 654 3 419 1 426 1 830 1 640 1 845 1 904 1 130 1 102 1
92 14 25 847 1 939 2 973 1 496 1 560 1 618 1 854 1 768 1 763 1 521 1 648 2 424 1 200 1 77 2 110 1 393 1 59 2 63 1 590 2 726 1 635 3 838 1 656 2 55 1 154 1
360 70 21 427 1 817 1 788 2 789 2 984 1 469 2 565 1 781 1 903 1 566 2 544 1 431 3 432 1 887 3 393 1 590 1 726 1 805 1 63 1 258 1 89 1
227 38 20 402 2 556 1 397 1 401 2 408 1 464 1 62 1 155 1 288 1 4 1 6 1 8 1 107 1 119 1 121 1 238 1 26 2 56 3 194 1 255 1
295 54 12 397 1 1 1 44 1 62 1 243 1 89 1 107 1 119 1 118 1 201 1 216 2 172 1
//IdTournes NbColis
64 6
//IdColis IdCommandeInColis NbProducts IdProd1 QtyProd1 IdProd2 QtyProd2 ...
214 35 21 402 1 145 1 68 1 998 1 41 2 999 1 89 1 105 1 107 1 119 1 162 1 192 1 56 1 55 1 53 2 225 1 124 1 143 1 18 1 2 1 50 1
64 10 24 916 2 787 3 40 1 583 2 522 1 493 1 586 2 467 2 542 2 420 1 510 2 474 1 679 1 623 1 773 1 863 1 785 4 846 2 422 1 460 2 644 1 471 1 557 1 925 1
58 9 23 486 2 152 1 8 1 39 1 202 1 104 1 123 1 155 1 65 2 121 1 132 1 107 1 119 1 116 1 214 1 194 1 131 1 10 3 191 1 190 1 53 1 72 2 182 3
254 44 26 776 2 788 1 918 1 733 2 412 1 560 1 618 1 565 1 781 1 566 2 740 1 968 1 431 2 648 1 200 1 257 1 429 1 774 1 609 1 696 1 836 1 608 1 76 1 499 1 558 1 107 1
340 66 25 776 1 775 2 918 1 911 1 939 1 412 1 657 1 650 1 781 1 903 1 912 1 889 1 633 1 617 1 14 1 77 1 887 4 805 1 838 1 629 1 429 1 888 2 696 1 293 1 154 1
164 25 28 888 1 696 2 836 3 236 1 702 1 787 2 493 1 467 1 499 1 689 1 510 3 802 1 679 1 785 1 498 1 555 1 428 2 825 1 905 1 964 1 539 1 703 1 752 1 697 2 751 1 185 1 666 1 9 2
//IdTournes NbColis
65 6
//IdColis IdCommandeInColis NbProducts IdProd1 QtyProd1 IdProd2 QtyProd2 ...
70 11 13 113 1 212 1 93 1 278 1 324 1 91 1 218 1 879 1 54 1 136 2 137 3 224 1 463 1
44 7 18 464 1 5 1 41 1 69 1 89 1 288 1 205 1 107 1 119 1 121 1 116 1 214 1 56 3 42 1 53 1 115 2 125 1 143 1
433 88 27 212 1 117 1 224 1 632 1 906 3 419 1 631 1 589 1 817 1 775 1 919 1 469 1 618 1 781 1 276 1 431 1 210 1 590 1 635 1 240 1 59 1 173 1 510 1 555 1 170 1 29 1 50 1
187 30 22 775 2 788 2 469 2 560 1 566 2 501 1 740 1 772 1 889 1 431 2 729 1 63 1 590 1 564 2 635 1 805 2 838 1 429 1 888 2 696 1 836 1 251 1
233 40 19 740 1 883 1 509 1 648 2 196 1 77 2 106 1 151 1 169 1 590 1 726 2 635 3 805 2 240 1 748 3 629 1 888 3 658 2 241 1
200 32 11 1 1 6 1 213 1 248 1 198 1 116 1 184 1 46 1 225 1 124 1 143 1
//IdTournes NbColis
66 6
//IdColis IdCommandeInColis NbProducts IdProd1 QtyProd1 IdProd2 QtyProd2 ...
37 6 7 56 1 10 1 172 1 3 1 225 2 143 1 18 1
97 14 11 51 1 42 2 30 1 188 1 216 1 191 1 232 1 237 1 53 1 115 1 50 3
285 51 7 6 1 198 1 26 1 51 2 42 1 115 1 299 2
274 49 16 88 1 89 1 123 1 107 1 12 1 105 1 119 1 198 1 116 1 131 1 188 1 115 1 225 1 124 2 9 1 50 2
179 27 2 184 1 172 1
259 45 7 184 1 198 1 26 1 51 1 53 1 115 1 125 1
//IdTournes NbColis
67 3
//IdColis IdCommandeInColis NbProducts IdProd1 QtyProd1 IdProd2 QtyProd2 ...
11 2 5 43 1 51 1 53 1 72 1 251 1
76 11 2 53 1 115 1
399 79 12 88 1 89 1 221 1 141 1 253 1 254 1 107 1 119 1 162 1 103 1 56 1 174 1
