//NbTournees
7
//IdTournes NbColis
1 6
//IdColis IdCommandeInColis NbProducts IdProd1 QtyProd1 IdProd2 QtyProd2 ...
2 1 6 212 1 1 1 2 1 3 3 4 3 70 1
13 2 4 28 2 4 4 6 2 126 1
24 3 6 186 1 2 1 4 3 6 2 3 2 23 1
34 4 7 208 1 3 2 10 1 4 3 12 1 6 1 43 1
3 1 5 6 1 16 3 14 3 13 2 63 1
14 2 6 6 1 2 1 3 3 13 3 14 1 63 1
//IdTournes NbColis
2 6
//IdColis IdCommandeInColis NbProducts IdProd1 QtyProd1 IdProd2 QtyProd2 ...
35 4 6 6 1 14 3 13 2 15 2 17 1 109 1
25 3 6 3 1 13 2 15 2 14 3 18 1 81 1
33 4 7 32 1 29 1 176 1 180 1 11 1 3 1 33 1
4 1 10 15 2 17 2 18 1 195 1 98 1 136 1 102 1 152 1 99 1 145 1
15 2 4 14 3 16 3 15 3 66 1
16 2 10 17 3 18 1 169 1 124 2 163 1 147 1 103 2 106 1 61 1 94 1
//IdTournes NbColis
3 6
//IdColis IdCommandeInColis NbProducts IdProd1 QtyProd1 IdProd2 QtyProd2 ...
26 3 9 16 3 19 1 17 2 121 1 79 1 80 1 136 1 98 1 182 1
36 4 8 17 1 18 1 16 3 234 2 107 1 102 1 149 1 152 1
7 1 20 159 2 174 1 262 2 100 1 170 1 235 1 214 1 215 1 230 1 221 2 224 2 225 2 226 2 229 1 24 2 101 2 41 2 26 1 193 1 5 2
29 3 19 251 1 8 1 246 3 181 1 131 2 249 2 174 1 120 1 84 1 253 2 22 1 24 2 224 2 225 2 226 2 229 1 85 1 53 1 92 1
23 3 6 29 1 179 1 180 1 9 2 28 1 21 1
12 2 6 7 1 241 1 29 1 31 1 180 1 63 1
//IdTournes NbColis
4 6
//IdColis IdCommandeInColis NbProducts IdProd1 QtyProd1 IdProd2 QtyProd2 ...
18 2 19 115 2 159 1 64 2 67 2 25 2 56 1 48 2 239 1 170 3 197 1 21 2 242 1 245 1 27 1 200 1 201 1 206 1 207 1 24 3
8 1 29 177 1 191 1 194 1 219 1 220 1 228 1 188 1 192 1 184 1 35 1 97 1 133 1 157 3 128 1 258 2 40 2 69 1 73 1 74 3 76 1 95 1 105 1 146 1 150 1 68 1 104 1 139 1 140 1 162 1
9 1 28 77 1 96 4 259 1 78 3 158 1 45 1 65 1 92 1 138 1 261 1 49 1 172 1 263 1 189 1 173 1 216 1 33 1 227 2 30 2 190 2 182 1 222 1 20 1 213 1 218 1 183 1 185 2 223 2
19 2 25 238 1 224 3 225 2 226 2 229 1 247 1 26 1 41 2 193 1 168 2 191 1 204 1 62 1 192 2 205 1 243 1 35 1 128 2 165 1 133 1 196 1 199 1 202 1 40 1 105 1
27 3 12 126 1 63 1 86 2 91 1 66 1 118 1 129 1 147 1 132 1 82 1 103 5 26 1
40 4 23 26 2 41 3 193 1 191 1 53 1 192 1 184 1 35 1 141 1 40 3 116 1 119 2 146 2 150 1 266 2 54 1 110 1 113 1 36 1 55 1 112 2 139 2 140 3
//IdTournes NbColis
5 6
//IdColis IdCommandeInColis NbProducts IdProd1 QtyProd1 IdProd2 QtyProd2 ...
1 1 7 176 1 29 1 180 1 28 1 187 1 178 1 61 1
20 2 31 123 1 119 2 95 1 166 1 54 1 68 1 58 2 112 2 104 1 139 1 140 3 236 1 117 1 96 1 57 1 65 1 92 1 167 2 138 1 60 1 49 1 108 3 172 2 189 1 164 1 30 1 198 1 182 1 203 1 23 1 240 1
41 4 25 140 2 151 1 236 1 51 1 114 1 117 1 45 1 46 1 92 4 57 2 138 1 261 1 38 1 49 1 108 2 135 1 172 2 190 1 182 1 23 3 211 1 20 1 183 1 185 2 223 2
21 2 6 20 1 244 1 59 1 183 1 185 2 223 2
31 3 8 88 1 90 1 135 1 222 2 20 1 183 1 185 2 223 2
5 1 10 147 1 71 2 103 5 175 1 250 3 260 1 106 2 75 1 161 1 201 1
//IdTournes NbColis
6 6
//IdColis IdCommandeInColis NbProducts IdProd1 QtyProd1 IdProd2 QtyProd2 ...
39 4 19 249 1 115 2 145 1 64 2 48 2 232 1 50 2 253 1 34 1 235 1 170 3 209 1 210 1 201 1 224 2 225 2 226 2 229 1 24 2
30 3 25 122 1 184 1 133 1 137 1 141 1 40 2 74 1 76 1 105 2 119 2 95 1 142 1 255 3 68 1 58 1 112 1 134 1 139 1 140 4 236 1 256 2 87 1 114 2 254 1 138 1
6 1 15 257 1 171 1 93 1 47 2 154 2 160 2 127 2 94 1 156 1 246 3 237 1 72 1 155 3 159 1 217 1
37 4 15 231 1 233 1 118 1 143 1 147 1 265 1 52 1 132 1 103 1 250 2 153 1 37 1 111 1 257 1 171 2
38 4 15 47 2 154 3 264 1 251 1 267 2 44 1 42 1 148 1 94 1 237 3 246 3 268 1 39 1 131 1 144 1
28 3 9 250 3 252 2 175 1 106 4 130 3 83 1 248 1 89 1 93 2
//IdTournes NbColis
7 1
//IdColis IdCommandeInColis NbProducts IdProd1 QtyProd1 IdProd2 QtyProd2 ...
17 2 9 161 1 171 2 125 1 47 3 154 3 127 1 246 4 269 3 237 4
