//NbTournees
6
//IdTournes NbColis
1 6
//IdColis IdCommandeInColis NbProducts IdProd1 QtyProd1 IdProd2 QtyProd2 ...
1 1 16 71 1 313 1 92 2 93 1 94 1 162 2 163 1 213 1 262 2 181 1 168 2 99 1 100 1 108 2 177 1 1 1
7 2 16 66 1 74 1 308 1 70 1 92 2 93 1 94 1 162 2 163 1 213 2 262 2 59 1 100 1 102 1 3 1 8 1
13 3 14 68 1 69 1 72 1 309 1 312 1 67 1 92 2 93 1 94 1 162 2 163 1 213 1 178 1 33 1
18 4 11 311 1 310 2 73 2 98 1 92 3 93 2 94 1 162 3 163 1 213 1 106 1
28 5 16 72 1 98 1 92 2 93 1 94 1 162 2 163 1 213 1 262 2 100 1 113 1 128 4 154 1 12 1 30 1 91 1
32 6 16 81 1 92 2 93 1 94 1 162 2 163 1 213 1 262 2 126 1 131 2 143 1 183 1 235 2 100 1 128 2 76 1
//IdTournes NbColis
2 6
//IdColis IdCommandeInColis NbProducts IdProd1 QtyProd1 IdProd2 QtyProd2 ...
35 6 21 180 2 203 1 204 1 233 1 240 1 251 2 218 1 256 2 294 1 266 1 127 2 95 1 101 1 117 1 150 1 160 1 195 1 141 1 303 1 49 1 53 1
14 3 14 262 2 56 1 96 2 100 1 123 1 128 3 154 2 164 1 167 2 172 1 174 1 175 1 232 1 53 1
23 4 19 156 1 157 1 180 1 199 1 229 2 211 1 237 2 240 1 242 1 272 1 186 3 160 1 194 1 198 2 200 1 130 1 97 1 51 1 15 1
4 1 22 269 2 60 2 101 1 160 1 212 2 270 1 7 1 14 1 84 1 192 1 277 1 283 1 39 1 12 1 138 1 139 2 188 2 210 1 214 1 215 1 258 2 33 2
19 4 11 213 1 262 3 178 2 168 1 40 1 100 2 103 4 128 4 144 1 145 1 30 1
21 4 12 167 3 201 2 171 1 202 1 223 3 224 2 225 1 238 1 246 3 247 1 273 1 101 1
//IdTournes NbColis
3 6
//IdColis IdCommandeInColis NbProducts IdProd1 QtyProd1 IdProd2 QtyProd2 ...
22 4 17 142 2 189 1 232 1 104 1 190 4 244 1 263 1 274 1 184 1 191 1 239 1 106 1 152 1 136 2 156 1 22 1 90 1
29 5 17 154 2 197 1 167 2 171 2 175 2 177 2 285 1 238 1 290 1 122 1 286 1 104 1 190 1 287 1 12 1 33 1 75 1
5 1 32 120 1 46 2 61 2 259 1 208 1 76 3 13 1 41 2 124 1 80 1 105 1 32 1 36 4 11 3 18 3 77 1 23 2 24 2 62 2 16 1 5 2 26 3 48 1 10 1 35 2 54 1 88 1 2 2 91 1 3 2 28 1 45 2
34 6 17 246 1 253 1 254 1 289 2 40 1 122 1 228 1 241 1 216 1 263 1 297 2 293 1 106 1 153 3 180 1 230 1 53 1
36 6 33 205 2 206 1 278 1 149 1 44 1 89 4 137 1 161 1 234 1 264 1 121 1 87 1 307 2 85 3 107 3 76 3 115 3 47 1 109 1 306 1 302 1 62 1 65 1 31 1 305 1 64 1 10 1 301 1 88 1 91 1 304 1 3 1 58 2
11 2 27 295 1 186 1 43 1 135 2 159 1 169 1 205 1 212 1 280 1 21 1 110 1 12 1 82 2 137 2 193 1 276 1 275 1 76 7 13 1 115 2 49 2 51 1 4 1 17 2 24 1 62 3 16 1
//IdTournes NbColis
4 6
//IdColis IdCommandeInColis NbProducts IdProd1 QtyProd1 IdProd2 QtyProd2 ...
17 3 3 109 1 51 2 65 1
24 4 22 141 1 169 3 205 1 212 1 236 2 261 1 278 2 27 2 34 1 148 1 110 1 250 1 252 1 9 2 44 1 83 2 12 1 82 1 116 1 139 1 193 1 76 1
25 4 26 214 3 258 1 264 1 268 2 87 2 281 1 85 1 111 1 185 2 231 2 76 2 13 1 20 2 41 2 52 2 109 4 77 1 314 1 31 2 48 1 29 1 25 2 42 1 88 1 57 1 79 1
30 5 28 298 1 284 1 251 1 296 1 299 1 186 1 60 1 200 1 141 1 288 1 110 3 116 1 291 1 275 2 12 1 121 2 87 2 85 1 111 1 76 2 13 4 114 1 63 1 41 1 90 1 55 1 42 1 75 1
31 5 8 300 1 109 1 51 1 64 1 78 1 88 1 53 2 58 3
16 3 27 27 1 39 1 44 1 83 1 89 1 12 2 116 1 132 3 139 2 161 1 188 2 215 3 258 3 275 2 264 1 118 1 87 1 315 1 76 2 13 2 119 1 112 1 115 1 49 1 47 1 6 1 37 1
//IdTournes NbColis
5 6
//IdColis IdCommandeInColis NbProducts IdProd1 QtyProd1 IdProd2 QtyProd2 ...
20 4 13 145 2 146 1 151 1 154 3 155 2 173 1 174 3 175 3 165 2 7 1 49 1 8 1 33 1
33 6 15 128 2 146 1 147 1 154 3 182 1 167 2 171 1 175 2 222 2 223 1 207 1 238 1 245 1 76 1 33 1
15 3 18 175 1 177 1 227 1 238 1 246 2 222 1 253 1 273 1 297 1 187 2 265 1 117 1 176 3 226 3 195 1 141 1 158 1 58 1
2 1 13 128 3 154 2 155 1 165 1 166 1 167 2 174 1 175 2 177 1 221 3 238 1 245 1 125 1
8 2 10 128 4 133 1 154 4 155 1 167 2 170 1 171 2 175 2 177 2 33 1
3 1 19 254 1 271 1 38 1 129 2 190 1 216 1 257 1 179 1 134 1 187 1 211 1 218 1 256 1 265 1 266 1 267 2 269 1 186 1 54 1
//IdTournes NbColis
6 3
//IdColis IdCommandeInColis NbProducts IdProd1 QtyProd1 IdProd2 QtyProd2 ...
10 2 17 216 1 217 1 255 1 260 1 274 3 196 1 191 1 239 1 134 1 136 1 180 1 240 1 256 2 279 1 282 1 292 1 12 1
9 2 17 197 2 207 1 209 1 219 1 220 1 222 1 238 1 243 1 246 1 247 3 253 1 273 1 248 2 249 1 140 1 190 1 12 1
12 2 5 16 1 50 1 19 2 37 1 86 3
