//NbTournees
33
//IdTournes NbColis
1 6
//IdColis IdCommandeInColis NbProducts IdProd1 QtyProd1 IdProd2 QtyProd2 ...
2 1 42 576 1 7 1 66 1 95 1 87 1 553 1 1 1 41 1 44 1 514 1 473 1 295 1 373 1 535 1 394 2 71 1 383 1 391 1 477 2 94 1 377 2 5 1 310 1 312 1 385 2 306 1 338 1 20 1 350 2 351 2 400 1 356 2 376 1 388 2 580 1 328 1 332 1 530 1 358 2 574 1 478 1 451 2
5 2 35 30 1 65 1 11 1 13 1 29 2 37 1 84 1 85 1 576 1 532 1 361 1 7 1 40 1 654 1 82 1 465 1 357 1 1 1 69 1 72 1 77 1 430 1 514 1 368 1 387 1 353 1 216 1 529 1 365 2 373 1 651 1 336 1 457 1 391 1 189 1
8 3 36 361 2 515 1 10 1 6 1 23 1 202 1 139 1 256 1 649 1 360 1 465 2 1 1 41 1 46 1 61 1 74 1 711 1 518 1 19 1 514 1 533 1 485 1 439 1 327 1 443 1 387 1 656 1 3 1 373 1 391 1 302 1 587 1 215 1 756 1 377 2 559 1
145 45 37 357 1 1 1 399 1 19 1 368 1 620 1 371 1 345 1 398 1 293 1 365 1 373 1 651 1 322 1 391 1 348 1 189 1 211 1 377 2 645 1 125 1 310 1 312 1 324 2 306 1 338 1 350 2 351 2 400 1 318 2 388 2 328 1 332 1 337 1 358 1 307 1 650 1
157 50 21 642 1 224 1 264 1 544 1 101 1 21 1 517 1 26 1 305 1 658 1 11 1 13 1 29 1 37 1 219 1 85 1 654 1 448 1 553 1 1 1 644 1
193 65 25 104 1 357 1 1 1 204 1 102 1 382 1 608 1 373 1 391 1 377 2 310 1 312 1 324 2 338 1 306 1 350 2 351 2 400 1 388 2 318 2 332 1 328 1 447 1 610 1 660 1
//IdTournes NbColis
2 6
//IdColis IdCommandeInColis NbProducts IdProd1 QtyProd1 IdProd2 QtyProd2 ...
216 77 36 49 1 602 1 333 1 26 1 305 1 641 1 269 1 130 1 74 1 141 1 298 1 524 1 631 1 638 1 644 1 632 1 639 1 633 1 634 1 635 1 636 1 637 1 247 1 640 1 336 1 446 1 461 1 288 1 646 1 166 1 645 1 209 1 445 1 511 1 440 1 512 1
218 78 27 25 1 389 1 305 1 279 1 84 1 482 1 246 1 649 1 61 1 631 1 638 1 632 1 639 1 467 1 568 1 633 1 634 1 635 1 636 1 637 1 640 1 355 1 22 1 647 1 659 1 661 1 657 1
11 4 28 79 2 85 2 379 1 476 1 393 2 537 2 2 1 7 2 39 1 80 1 89 1 90 1 137 1 256 1 4 1 68 1 731 1 765 1 430 2 387 2 398 1 766 1 421 1 656 1 3 2 247 1 702 1 762 1
16 5 33 79 2 85 2 93 1 299 2 476 1 6 2 679 1 80 1 666 1 89 1 360 1 742 1 298 1 522 1 764 1 417 1 378 1 411 1 418 1 397 1 132 1 749 1 467 1 568 1 3 1 290 1 653 1 373 1 391 2 419 2 696 1 646 1 173 1
21 6 35 579 2 612 2 19 1 45 1 514 1 303 1 521 1 524 2 132 1 498 1 467 1 3 1 218 1 446 1 391 1 419 2 755 1 273 1 189 1 704 1 211 1 377 2 441 1 233 1 142 1 645 2 60 3 668 1 22 1 32 1 208 1 310 1 312 1 385 3 388 1
24 7 38 219 1 85 1 622 1 40 1 126 1 133 1 89 1 346 1 104 1 82 1 649 1 553 1 357 1 697 1 518 1 579 1 612 1 258 1 543 1 514 1 371 1 766 1 656 1 3 1 762 1 373 1 218 1 355 1 603 1 477 3 253 1 149 1 377 2 289 1 125 1 385 2 310 1 312 1
//IdTournes NbColis
3 6
//IdColis IdCommandeInColis NbProducts IdProd1 QtyProd1 IdProd2 QtyProd2 ...
28 8 37 108 2 41 1 112 3 765 1 463 1 444 1 430 1 308 1 443 1 473 1 387 2 442 1 656 1 3 1 365 1 423 2 477 1 106 1 253 1 241 1 251 1 425 2 480 1 81 1 406 1 426 1 434 1 536 1 408 1 313 1 435 1 413 1 307 2 627 1 478 1 432 1 386 1
144 45 24 99 1 389 1 392 1 395 1 192 1 205 1 380 1 182 1 51 1 56 1 279 1 11 1 33 2 37 1 79 1 84 1 85 1 379 1 393 1 2 1 133 1 346 1 326 1 342 1
169 54 32 527 1 590 1 402 1 418 1 506 1 3 1 373 1 391 1 477 1 461 2 419 2 377 2 233 1 645 1 60 1 310 1 312 1 385 2 338 1 306 1 20 1 64 1 350 2 351 2 479 1 356 2 474 1 388 2 332 1 481 1 278 1 512 1
171 55 34 104 1 135 1 179 1 573 1 382 1 3 1 373 1 391 1 663 1 671 1 149 1 94 1 377 2 645 1 5 1 310 1 312 1 385 2 338 1 306 1 350 2 351 2 528 1 400 1 356 2 388 2 328 1 332 1 458 1 354 1 557 3 572 1 583 1 325 1
212 75 28 49 1 607 1 281 1 213 1 329 2 517 1 449 1 380 1 17 1 123 1 244 1 223 1 7 1 66 1 124 1 654 1 573 1 465 1 74 1 153 1 298 1 327 1 293 1 538 1 3 1 373 1 391 1 659 1
214 76 36 593 1 517 1 380 1 55 1 569 1 56 1 11 1 13 1 29 1 37 1 214 1 147 1 85 1 223 1 139 1 522 1 463 1 113 1 3 1 652 1 373 1 391 1 273 1 648 1 229 1 377 2 385 2 310 1 312 1 306 1 338 1 97 1 20 1 64 1 400 1 350 2
//IdTournes NbColis
4 6
//IdColis IdCommandeInColis NbProducts IdProd1 QtyProd1 IdProd2 QtyProd2 ...
219 79 35 392 1 42 1 93 1 254 1 95 1 346 1 179 1 360 1 74 1 370 1 3 1 664 1 667 1 672 1 391 1 173 1 377 1 233 1 670 1 312 1 324 2 600 1 673 1 338 1 350 1 351 1 400 1 318 2 388 2 328 1 332 1 408 1 674 1 447 1 676 1
30 9 18 176 1 110 1 49 1 8 1 607 1 119 1 593 1 753 1 226 1 221 1 116 1 86 1 28 1 121 1 96 1 11 1 13 1 31 1
35 10 32 777 1 103 1 123 2 136 1 146 1 143 2 470 1 96 1 145 1 93 1 232 1 550 1 584 1 124 1 139 1 89 1 346 1 82 1 153 1 630 2 483 1 430 1 368 1 294 1 382 1 442 1 751 1 373 1 595 1 140 1 302 2 306 1
37 11 21 100 1 114 1 392 1 297 1 122 1 475 1 111 1 55 3 18 1 230 1 28 1 105 1 123 1 127 1 96 1 138 1 84 1 147 1 299 1 550 1 361 2
40 12 20 27 1 472 2 101 1 118 1 226 1 593 1 531 1 154 1 16 1 17 1 116 1 569 1 412 1 436 1 438 1 469 1 757 1 96 1 11 1 356 1
165 53 20 237 1 14 1 329 1 171 1 296 1 475 1 17 1 591 1 70 1 96 1 11 1 13 1 29 2 37 1 244 1 85 1 431 1 393 1 532 2 373 1
//IdTournes NbColis
5 6
//IdColis IdCommandeInColis NbProducts IdProd1 QtyProd1 IdProd2 QtyProd2 ...
175 57 32 110 1 226 1 111 1 51 1 123 1 234 1 96 1 9 1 33 1 36 1 79 1 138 1 219 1 85 1 311 1 41 1 74 1 180 1 44 1 161 1 599 1 471 1 664 1 373 1 535 1 391 1 477 1 377 2 142 1 668 1 125 1 310 1
194 66 18 665 1 176 1 53 1 611 1 541 1 182 1 475 1 96 1 11 1 13 1 29 1 37 1 85 1 596 1 311 1 482 1 360 1 334 1
44 13 13 172 1 47 2 43 1 453 1 170 1 567 1 15 1 182 1 34 1 156 1 183 1 11 1 46 1
188 63 30 14 1 210 1 415 1 122 1 26 1 56 1 156 1 643 1 121 1 11 1 33 1 37 1 79 1 85 1 679 1 346 1 180 1 250 1 399 1 551 1 378 1 527 1 483 1 508 1 293 1 568 1 261 1 373 1 457 1 663 1
12 4 40 373 1 218 1 746 1 355 1 367 2 623 1 391 1 477 1 35 1 755 1 215 2 377 2 668 1 5 1 22 1 78 1 251 2 385 3 310 1 312 1 81 2 306 1 338 2 400 1 552 1 350 2 351 2 356 3 388 3 489 1 624 1 406 1 328 2 332 2 586 1 307 2 316 1 386 2 583 1 557 1
49 14 38 421 1 362 2 732 1 758 1 762 1 373 1 595 1 535 1 322 2 545 1 336 1 391 1 623 1 215 1 151 1 648 1 559 2 377 2 60 1 5 1 98 1 310 1 312 1 385 2 480 1 20 1 350 2 351 2 400 1 356 2 388 2 369 1 328 1 332 1 536 1 413 1 478 1 451 1
//IdTournes NbColis
6 6
//IdColis IdCommandeInColis NbProducts IdProd1 QtyProd1 IdProd2 QtyProd2 ...
53 15 20 748 1 106 1 671 1 168 1 173 1 645 2 5 1 22 1 125 2 425 2 309 1 350 1 351 1 426 1 301 1 307 1 317 1 661 1 386 1 561 1
56 16 26 157 1 446 2 391 1 188 1 189 1 671 1 229 1 377 2 441 1 78 1 310 1 312 1 385 2 480 1 306 1 338 1 350 2 351 2 400 1 356 2 388 2 332 1 481 1 530 1 186 1 512 1
58 17 43 596 1 584 1 482 2 7 1 66 1 80 1 139 1 179 1 74 1 527 1 485 1 439 1 442 1 373 1 157 1 71 1 383 1 336 1 457 1 391 1 477 1 696 1 253 1 452 1 166 1 151 1 377 2 645 1 60 2 385 2 310 1 312 1 81 1 306 1 338 1 97 1 64 1 152 1 400 1 350 2 351 2 474 1 356 1
61 18 28 252 1 158 1 9 1 33 2 36 2 128 1 79 2 138 1 85 2 724 2 565 1 596 1 232 1 39 1 66 1 124 1 80 2 553 1 752 2 598 1 485 1 387 1 605 1 578 1 719 1 185 1 373 1 332 1
139 43 32 359 1 398 1 381 1 295 1 568 1 667 1 373 1 157 1 71 1 140 1 391 2 151 1 377 3 200 1 310 1 312 1 385 3 306 2 338 2 97 1 20 1 64 2 350 3 351 3 400 2 356 3 388 3 328 1 332 2 481 1 307 3 330 2
149 47 31 392 1 107 1 159 1 438 1 136 1 311 1 321 1 343 1 393 1 6 1 23 1 680 1 66 1 104 2 320 1 360 1 41 1 684 1 687 1 298 2 486 1 510 1 620 1 485 1 533 1 382 1 524 1 353 1 323 1 373 1 157 1
//IdTournes NbColis
7 6
//IdColis IdCommandeInColis NbProducts IdProd1 QtyProd1 IdProd2 QtyProd2 ...
152 48 42 79 1 85 1 254 1 565 1 10 1 66 1 139 1 89 1 366 1 61 1 524 1 467 1 568 1 664 1 373 1 157 1 391 1 211 1 559 2 377 2 310 1 312 1 385 2 480 1 306 1 338 1 309 2 350 2 351 2 528 1 479 1 356 2 388 2 369 1 580 1 502 1 332 1 536 1 481 1 307 1 478 1 561 1
25 7 26 306 1 338 1 97 1 64 2 525 1 400 1 350 2 351 2 409 1 388 2 356 2 624 2 328 1 332 1 530 1 705 1 358 1 447 1 307 2 496 1 661 1 604 1 466 1 386 1 432 1 583 1
65 19 39 75 1 11 1 29 2 37 1 79 1 214 1 85 1 509 1 7 1 80 1 504 1 104 1 326 1 518 1 300 1 527 1 327 1 506 1 373 1 391 1 129 1 377 2 310 1 312 1 385 2 306 1 338 1 97 1 309 1 350 2 351 2 400 1 356 2 388 2 502 1 328 1 332 1 460 1 413 1
68 20 41 368 1 294 1 293 1 362 1 228 1 193 1 185 1 373 1 322 1 394 1 336 1 355 1 367 1 383 1 391 1 106 1 215 1 166 1 229 1 377 2 310 1 312 1 324 2 335 1 306 1 338 1 401 1 97 1 309 1 350 2 351 2 400 1 318 2 388 2 328 1 332 1 337 1 384 1 301 1 307 2 386 1
71 21 42 232 1 299 1 7 1 139 1 90 1 504 1 201 1 135 1 326 1 360 1 41 1 74 1 161 1 378 1 303 1 327 1 443 1 473 1 370 1 193 1 216 1 373 1 322 1 383 1 391 1 377 2 209 1 310 1 312 1 324 2 306 1 338 1 97 1 350 2 351 2 318 2 388 2 424 1 328 1 332 1 540 1 546 1
142 44 40 579 1 334 1 303 2 473 1 387 1 524 1 353 1 370 1 194 1 702 1 373 1 535 1 302 1 391 1 623 1 477 2 704 1 236 1 94 1 377 2 60 1 312 1 385 3 292 1 306 1 338 2 97 1 64 1 350 2 351 2 400 1 356 3 376 1 388 3 369 1 332 2 481 2 313 1 341 1 316 2
//IdTournes NbColis
8 6
//IdColis IdCommandeInColis NbProducts IdProd1 QtyProd1 IdProd2 QtyProd2 ...
182 60 28 685 1 579 1 396 1 594 1 442 1 373 2 595 1 603 2 391 2 477 3 689 1 173 1 151 1 377 4 142 1 385 4 670 1 310 2 312 2 505 3 306 2 97 1 350 4 351 4 479 2 613 2 356 4 376 1
186 62 30 12 1 415 1 296 1 205 1 276 1 34 1 591 1 174 1 469 1 123 1 150 1 279 1 11 1 13 1 29 1 37 1 138 2 85 1 93 1 379 1 691 1 699 1 703 1 465 1 397 1 467 1 193 1 672 1 336 1 215 1
191 64 29 397 1 315 1 295 1 373 1 383 1 391 1 377 2 209 1 262 1 310 1 312 1 324 2 338 1 306 1 97 2 350 2 400 1 351 2 388 2 489 1 318 2 332 1 536 1 328 1 705 1 447 1 609 1 340 1 314 1
201 69 22 377 2 60 2 242 1 310 1 312 1 324 2 259 1 81 1 338 1 306 1 97 1 400 1 350 2 351 2 388 2 318 2 328 1 332 1 337 1 614 1 585 1 451 1
202 70 27 14 1 63 1 389 1 297 1 51 1 268 1 11 1 33 2 37 1 267 1 79 1 85 1 231 1 691 1 139 1 87 1 235 1 399 1 463 1 514 1 483 1 471 1 132 1 194 1 467 1 664 1 394 1
205 71 32 535 1 391 1 646 1 689 1 377 2 60 1 668 1 385 2 480 1 310 1 312 1 338 1 306 1 97 2 20 1 350 2 400 1 351 2 356 2 376 1 388 2 616 1 328 1 332 1 615 1 617 2 413 1 466 1 583 1 451 2 690 1 618 1
//IdTournes NbColis
9 6
//IdColis IdCommandeInColis NbProducts IdProd1 QtyProd1 IdProd2 QtyProd2 ...
74 22 38 532 1 6 1 104 1 190 1 72 1 74 2 212 1 518 1 527 1 483 1 371 1 397 1 381 1 373 1 394 1 302 1 457 1 391 1 220 1 377 2 310 1 312 1 385 2 259 1 217 1 306 1 338 1 20 1 64 1 350 2 351 2 400 1 356 2 388 2 328 1 332 1 676 2 478 1
77 23 45 465 1 190 1 131 1 468 1 387 1 405 1 194 1 442 1 227 1 155 1 373 1 218 1 394 1 302 1 391 1 106 1 211 1 229 1 94 1 377 2 233 1 207 1 310 1 312 1 324 2 81 1 306 1 338 1 350 2 351 2 318 2 376 1 388 2 424 1 328 1 332 1 459 1 384 1 460 1 358 2 447 2 478 1 349 1 352 1 451 2
80 24 38 190 1 204 1 483 1 428 2 327 1 473 1 295 1 467 1 373 1 140 1 391 1 419 3 211 1 377 2 200 1 208 1 310 1 312 1 385 2 480 1 306 1 338 1 401 1 350 2 351 2 479 1 403 1 409 1 422 1 356 2 376 1 474 1 388 2 332 1 481 1 466 1 451 1 386 1
83 25 30 591 1 230 1 65 1 127 1 248 1 9 1 163 1 33 2 36 1 79 1 85 1 476 1 133 1 346 1 326 1 465 3 360 1 553 1 357 1 190 1 112 2 69 1 772 1 579 1 560 1 514 1 368 1 327 1 533 1 322 1
203 70 26 257 1 373 1 446 1 383 1 391 1 302 1 461 1 148 1 695 1 689 1 377 2 692 1 98 1 385 2 310 1 312 1 338 1 292 1 306 1 350 2 400 1 351 2 356 2 388 2 328 1 332 1
220 80 27 170 1 607 1 210 1 154 1 591 1 11 1 33 2 37 1 79 2 85 1 715 1 80 1 139 1 190 1 161 1 483 1 405 1 175 1 423 3 695 1 425 3 369 2 426 2 445 1 558 1 574 1 716 1
//IdTournes NbColis
10 6
//IdColis IdCommandeInColis NbProducts IdProd1 QtyProd1 IdProd2 QtyProd2 ...
162 52 18 172 1 99 1 49 2 392 1 67 1 531 2 707 1 708 1 469 1 30 1 470 1 267 1 254 1 321 1 596 1 232 1 706 1 243 1
179 59 29 49 1 517 1 296 1 154 1 410 2 123 1 150 1 121 1 11 1 13 1 29 1 37 1 219 1 85 1 299 1 706 1 40 1 130 1 95 1 46 1 112 1 711 1 579 2 508 1 590 1 428 1 402 1 506 1 328 1
31 9 29 29 2 37 2 128 1 79 1 267 1 145 1 85 2 724 1 622 1 761 2 31 1 7 1 130 1 90 1 95 1 346 1 621 1 72 1 399 1 298 1 468 1 19 1 113 1 368 2 371 1 382 1 411 1 524 1 397 1
45 13 36 13 1 163 1 29 2 37 1 85 1 93 1 254 1 724 1 343 1 160 1 7 1 39 1 243 1 89 1 90 1 95 1 69 1 72 1 77 1 698 1 612 1 44 1 161 1 334 1 294 1 362 1 538 1 194 1 568 1 373 1 535 1 218 1 322 1 391 1 302 1 696 1
48 14 34 9 1 33 2 36 1 79 1 85 1 93 1 254 1 299 1 321 1 379 1 7 1 23 1 39 1 40 1 202 1 80 1 346 1 104 1 135 1 326 1 357 1 41 1 77 1 731 1 551 1 396 1 543 1 527 1 294 1 549 1 382 1 455 1 578 1 338 1
52 15 33 33 2 37 1 79 2 214 1 84 1 85 1 724 1 393 1 299 1 361 1 7 1 80 1 326 1 684 1 700 1 579 1 764 1 750 1 483 1 533 1 308 1 327 1 508 2 382 1 175 1 185 1 702 1 762 1 595 1 383 1 423 2 477 2 755 1
//IdTournes NbColis
11 6
//IdColis IdCommandeInColis NbProducts IdProd1 QtyProd1 IdProd2 QtyProd2 ...
55 16 32 174 1 230 1 28 1 184 1 187 1 183 1 470 1 343 1 7 1 39 1 80 1 181 1 89 1 326 1 360 1 575 1 465 2 357 2 180 1 483 1 428 1 443 2 345 1 473 1 533 2 418 1 359 1 398 1 608 1 185 1 456 1 373 1
67 20 24 224 1 49 1 390 1 192 1 58 1 329 1 205 1 159 1 116 1 174 1 136 1 11 1 13 1 29 2 37 1 85 1 160 1 7 1 95 1 82 1 326 1 112 1 235 1 396 1
87 26 38 321 1 339 1 393 1 6 2 89 1 346 2 240 1 82 1 72 1 439 1 443 1 405 1 455 1 359 1 421 1 362 1 247 2 456 1 373 1 651 1 140 1 446 1 391 1 461 2 671 1 377 2 142 1 98 1 120 1 241 1 251 1 310 1 312 1 385 3 306 1 338 2 350 2 351 1
90 27 27 9 1 33 2 36 2 76 1 244 1 79 2 267 1 84 1 85 2 515 1 379 1 393 1 7 2 23 1 40 1 202 1 130 1 80 2 139 1 90 1 256 1 201 1 246 1 46 1 444 1 514 1 758 1
93 28 21 239 2 99 1 107 1 329 1 569 1 121 1 11 1 13 1 29 2 37 1 85 1 254 1 7 1 256 1 95 1 504 1 360 1 77 1 258 1 564 1 45 1
97 29 35 223 1 85 2 769 1 177 1 761 1 7 1 243 1 137 1 654 1 69 1 250 1 518 1 463 1 430 1 594 1 439 1 411 1 397 1 498 1 362 1 175 1 144 1 373 1 535 2 383 2 391 1 477 3 106 2 238 1 704 1 245 1 377 2 441 1 22 1 385 2
//IdTournes NbColis
12 6
//IdColis IdCommandeInColis NbProducts IdProd1 QtyProd1 IdProd2 QtyProd2 ...
100 30 39 73 1 75 1 11 1 13 1 29 2 37 1 145 1 85 1 379 1 537 1 431 1 7 1 124 1 80 1 46 1 153 1 258 1 508 1 387 1 249 1 140 1 383 1 355 1 367 1 391 1 348 1 106 1 255 1 377 2 125 1 241 1 385 2 310 1 312 1 335 2 306 1 338 1 400 1 350 1
190 64 26 693 1 107 1 375 1 297 1 221 1 380 1 123 1 136 2 11 1 33 2 37 1 79 1 85 1 379 1 232 1 7 1 694 1 80 1 698 1 700 1 378 1 527 1 508 1 471 1 533 1 383 1
196 67 23 43 1 54 1 389 1 395 1 21 1 24 1 375 1 226 1 296 1 554 1 683 1 709 1 145 1 7 1 688 1 256 1 95 1 588 1 74 1 682 1 710 1 250 1 193 1
198 68 28 170 1 392 1 712 1 449 1 534 1 380 1 191 1 127 1 274 1 279 1 11 1 13 1 29 2 37 1 85 1 231 1 299 1 7 1 95 1 204 1 131 1 682 1 180 1 258 1 444 1 102 1 44 1 273 1
208 73 24 100 1 43 1 389 1 531 2 203 1 276 1 48 1 116 1 196 1 230 1 291 1 254 1 596 1 7 1 137 1 139 1 95 1 677 1 69 1 399 1 612 1 527 1 473 1 377 1
19 6 19 43 1 25 1 503 2 395 1 8 1 62 1 593 1 210 1 415 1 297 1 83 1 16 1 17 1 18 1 48 1 30 1 38 1 73 1 373 1
//IdTournes NbColis
13 6
//IdColis IdCommandeInColis NbProducts IdProd1 QtyProd1 IdProd2 QtyProd2 ...
26 8 11 110 1 115 1 472 1 25 1 114 1 611 1 392 2 8 1 21 2 333 2 329 1
32 9 32 398 1 405 1 132 1 271 1 373 1 391 2 477 1 452 1 129 1 377 3 559 2 98 1 125 1 647 1 385 3 759 1 310 1 312 1 338 2 401 1 306 2 20 2 350 3 400 2 351 3 356 3 388 3 328 2 332 2 445 1 301 1 278 1
57 17 22 389 1 8 1 101 1 21 1 333 1 67 1 593 1 51 1 55 1 159 1 174 1 230 1 136 1 146 1 274 1 11 1 33 1 37 1 79 1 85 1 84 1 177 1
86 26 18 172 1 8 1 107 1 416 1 12 1 213 1 329 1 415 1 203 1 277 1 414 1 55 3 18 1 433 1 105 1 252 1 470 1 724 1
14 5 10 50 1 47 1 53 1 453 1 25 1 49 2 63 1 392 2 333 1 9 1
20 6 28 75 1 123 2 65 1 274 1 42 1 741 1 9 1 33 2 36 1 79 2 138 1 85 1 760 1 177 1 509 1 379 1 761 1 31 1 202 2 66 1 754 1 80 1 89 1 90 1 346 1 360 1 180 1 579 1
//IdTournes NbColis
14 6
//IdColis IdCommandeInColis NbProducts IdProd1 QtyProd1 IdProd2 QtyProd2 ...
23 7 21 50 1 63 1 101 1 57 1 363 1 517 1 297 1 625 1 65 1 73 1 75 1 150 1 234 1 279 1 9 1 33 2 36 1 76 1 134 1 79 1 391 1
27 8 21 607 2 226 1 17 1 768 2 230 1 234 1 279 1 9 1 33 2 37 2 79 2 709 1 85 2 431 1 464 2 666 1 688 1 346 2 450 1 342 1 357 1
73 22 18 225 1 162 1 392 1 101 2 333 1 520 1 12 1 531 1 83 1 34 1 230 1 73 1 9 1 33 2 36 1 76 1 79 1 85 1
79 24 27 389 1 363 1 210 1 226 1 449 1 15 1 221 1 475 1 17 1 116 1 178 1 75 1 222 1 234 1 9 1 33 1 36 1 79 1 219 1 84 1 85 1 223 1 361 1 482 1 133 1 320 1 478 1
102 31 16 176 1 167 1 472 1 170 1 54 1 611 1 526 1 487 1 415 1 625 1 305 1 28 1 9 1 33 2 36 1 511 1
105 32 17 50 1 472 1 25 1 49 2 520 1 415 1 15 1 123 1 65 1 274 1 9 1 33 2 36 1 79 2 138 1 85 1 439 1
//IdTournes NbColis
15 6
//IdColis IdCommandeInColis NbProducts IdProd1 QtyProd1 IdProd2 QtyProd2 ...
109 33 30 531 1 16 1 164 1 34 1 305 1 146 1 9 1 33 2 36 1 267 1 79 1 85 1 343 1 66 1 126 1 89 1 688 1 320 1 366 1 731 1 298 1 102 1 577 2 303 1 308 1 327 1 387 2 315 1 270 1 293 1
138 43 28 49 1 363 1 285 1 174 1 143 1 9 1 33 2 36 1 79 1 85 1 299 1 311 1 321 1 331 1 339 1 344 1 361 1 232 1 532 1 280 1 364 1 61 1 74 3 518 1 300 1 374 1 382 1 292 1
159 51 17 50 1 14 1 49 1 375 1 531 1 296 1 380 1 122 1 51 1 164 1 569 2 73 1 9 1 33 2 36 1 79 1 85 1
170 55 22 453 1 49 1 392 1 415 1 531 1 15 1 51 2 55 2 410 1 56 1 174 1 230 1 470 1 9 1 33 2 36 1 79 1 214 1 85 1 311 1 40 1 656 1
222 81 29 333 1 103 1 722 1 9 1 33 2 36 1 79 1 85 1 139 1 68 1 373 1 391 1 189 1 648 1 377 2 209 1 310 1 312 1 385 2 306 1 338 1 350 2 351 2 400 1 318 1 356 1 388 2 328 1 332 1
1 1 22 47 1 453 1 581 1 21 1 57 1 390 1 83 1 92 1 51 1 569 1 56 1 65 1 11 1 13 1 29 1 37 1 84 1 85 1 91 1 93 1 339 1 353 1
//IdTournes NbColis
16 6
//IdColis IdCommandeInColis NbProducts IdProd1 QtyProd1 IdProd2 QtyProd2 ...
7 3 21 27 1 54 1 63 1 392 1 333 1 517 1 15 1 203 1 475 1 51 1 17 1 56 1 73 1 183 1 11 1 33 2 37 1 79 1 145 1 85 1 388 1
10 4 17 14 1 43 1 472 1 375 2 487 1 67 1 625 2 767 1 412 1 438 1 70 1 234 1 11 1 33 2 37 2 76 1 420 1
51 15 16 169 1 176 1 389 1 107 2 593 1 226 1 415 1 531 1 414 1 28 1 65 1 150 1 146 1 248 1 470 1 11 1
70 21 19 198 1 562 1 567 3 213 1 226 1 449 1 55 1 542 1 196 2 230 1 191 1 123 1 11 1 13 1 29 1 37 1 138 1 85 1 231 1
76 23 23 199 1 49 1 63 1 389 1 101 1 21 1 118 1 449 1 296 1 17 1 11 1 13 1 29 1 37 1 206 1 85 1 476 1 202 1 66 1 448 1 320 1 326 1 465 1
96 29 17 110 1 162 1 390 1 416 1 593 1 221 1 182 2 767 1 17 1 279 2 248 1 757 1 11 1 13 2 29 2 37 2 223 1
//IdTournes NbColis
17 6
//IdColis IdCommandeInColis NbProducts IdProd1 QtyProd1 IdProd2 QtyProd2 ...
112 34 22 266 1 53 1 49 1 101 1 171 1 265 1 277 1 92 1 164 1 191 1 11 1 13 1 29 1 37 1 85 1 321 1 393 1 89 1 95 1 582 1 87 1 74 1
115 35 27 25 1 54 1 57 1 276 1 154 1 56 1 268 1 75 1 279 1 11 1 33 2 37 1 79 1 147 1 85 1 254 1 361 1 160 1 269 1 39 1 124 1 133 1 360 1 77 1 378 1 402 1 397 1
117 36 18 88 1 43 1 224 1 99 1 523 1 192 1 593 1 16 1 48 1 230 1 274 1 248 1 11 1 33 2 37 1 79 2 85 1 527 1
120 37 18 110 1 53 1 99 1 503 1 389 1 101 1 21 1 333 1 283 1 531 1 296 1 127 1 279 1 11 1 13 1 29 2 37 1 304 1
123 38 21 110 1 49 1 101 1 24 1 57 1 375 1 226 1 221 1 122 1 51 1 55 1 230 1 123 2 143 1 11 1 13 1 29 1 37 1 85 1 93 1 318 1
126 39 21 115 1 372 2 487 1 281 1 531 1 534 1 51 2 52 1 16 1 285 1 569 1 286 1 284 1 105 1 123 1 274 1 234 1 121 1 11 1 13 1 29 1
//IdTournes NbColis
18 6
//IdColis IdCommandeInColis NbProducts IdProd1 QtyProd1 IdProd2 QtyProd2 ...
129 40 19 110 1 47 1 107 1 57 1 363 1 629 1 111 1 410 2 230 1 136 1 150 1 291 1 11 1 33 2 37 1 79 1 85 1 254 1 177 1
132 41 21 472 1 99 1 49 1 54 1 101 1 24 1 282 1 329 1 182 1 625 1 17 1 123 1 184 1 121 1 252 1 11 1 33 2 37 1 244 1 79 1 393 1
136 42 30 16 1 433 1 28 1 123 2 11 1 33 2 37 2 76 1 79 2 85 2 476 1 743 1 95 1 72 1 518 1 750 1 430 1 439 1 382 1 524 2 442 1 295 1 568 1 193 1 185 1 751 1 302 1 423 2 619 1 583 1
141 44 21 225 1 389 1 333 1 372 3 296 1 297 1 123 1 136 1 11 1 33 1 37 1 79 1 84 1 85 1 379 1 532 2 80 1 135 1 112 1 74 1 310 1
151 48 22 678 1 495 1 544 1 363 1 390 1 210 1 415 1 517 1 597 1 116 1 539 1 305 1 230 1 65 1 268 1 136 1 683 1 547 1 11 1 33 2 37 1 112 1
155 49 34 51 1 48 1 117 1 234 1 11 1 13 1 29 2 37 1 267 1 84 1 85 1 596 1 23 1 66 1 126 1 95 1 275 1 573 1 112 1 204 1 711 1 518 1 620 1 443 1 345 1 353 1 455 1 608 1 644 1 467 1 185 1 373 1 336 1 559 1
//IdTournes NbColis
19 6
//IdColis IdCommandeInColis NbProducts IdProd1 QtyProd1 IdProd2 QtyProd2 ...
172 56 26 99 1 593 1 517 1 297 1 17 2 18 1 48 1 116 1 174 1 230 1 291 1 11 1 33 2 37 1 79 1 85 1 550 1 576 1 588 1 204 2 731 1 387 1 644 1 732 1 719 1 373 1
177 58 20 53 2 99 1 49 1 503 1 607 1 517 1 531 1 83 1 17 1 591 1 720 1 252 1 11 1 13 1 29 1 37 1 214 1 85 1 254 1 328 1
181 60 25 99 1 602 1 363 1 329 1 415 1 203 1 277 1 111 1 591 1 641 1 174 1 230 1 150 1 11 1 33 2 37 1 79 1 85 1 343 1 379 1 775 1 701 1 553 1 72 1 77 1
184 61 24 53 1 224 1 453 1 389 1 329 1 415 1 51 1 18 1 11 1 13 1 29 1 37 1 85 1 721 1 379 1 243 1 137 1 95 1 82 1 87 1 112 1 74 1 682 1 373 1
192 65 23 63 1 101 1 567 1 171 1 449 1 380 3 17 1 18 1 159 1 116 1 123 1 643 1 73 1 11 1 13 1 29 1 37 1 267 1 145 1 85 1 231 1 95 1 655 1
200 69 31 523 1 392 1 21 1 67 1 531 1 15 1 116 1 230 1 11 1 13 1 29 1 37 1 85 1 93 1 231 1 532 1 275 1 697 1 298 1 579 1 294 1 132 1 247 1 667 1 373 1 394 1 391 1 545 1 302 1 696 1 166 1
//IdTournes NbColis
20 6
//IdColis IdCommandeInColis NbProducts IdProd1 QtyProd1 IdProd2 QtyProd2 ...
210 74 29 392 1 107 1 363 1 276 1 534 1 380 1 34 1 123 1 150 1 11 1 13 1 163 1 29 2 37 1 244 1 85 1 254 1 393 1 139 1 326 1 553 1 212 1 594 1 303 1 656 1 365 1 323 1 373 1 301 1
223 82 25 162 1 11 1 13 1 29 1 37 1 85 1 137 1 654 1 68 1 672 1 391 1 559 1 377 1 324 1 600 1 601 1 673 1 338 1 350 1 351 1 400 1 669 1 318 1 328 1 332 1
224 83 14 50 1 47 1 43 1 224 1 25 1 49 1 114 1 296 1 28 1 11 1 33 2 37 1 79 1 504 1
227 84 30 728 1 101 1 333 1 265 1 205 1 116 1 733 1 11 1 13 1 29 1 37 1 85 1 93 1 95 1 346 1 729 1 74 1 730 1 682 1 180 1 698 1 555 1 423 1 151 1 32 1 78 1 425 2 217 1 426 1 447 1
229 85 44 593 1 154 1 380 1 103 1 279 1 11 1 13 1 29 1 37 1 85 1 393 1 688 1 74 1 612 1 334 1 736 1 353 1 737 1 442 1 216 1 672 1 365 1 391 1 377 1 262 1 324 2 600 1 601 1 673 1 338 1 350 1 351 1 318 2 388 2 592 1 570 1 328 1 332 1 735 1 337 1 566 1 384 1 725 1 307 1
15 5 20 333 2 629 1 12 1 58 1 739 1 531 2 534 1 26 2 34 1 410 1 305 1 86 1 745 1 28 1 70 1 146 1 741 1 33 2 36 2 180 1
//IdTournes NbColis
21 6
//IdColis IdCommandeInColis NbProducts IdProd1 QtyProd1 IdProd2 QtyProd2 ...
41 12 33 13 2 29 2 37 1 85 1 724 1 407 1 311 1 775 1 482 1 66 1 80 1 139 1 135 1 360 1 454 1 131 1 74 1 399 1 396 1 19 1 102 2 45 1 113 1 368 1 620 1 439 1 327 1 471 1 473 1 382 1 524 1 421 1 440 1
135 42 12 14 1 100 1 53 1 43 1 453 1 25 1 49 2 170 1 12 1 281 1 739 1 122 1
34 10 18 99 1 109 1 54 1 562 1 395 2 107 1 567 1 375 1 517 1 154 1 380 1 51 1 17 1 18 1 117 1 569 1 410 1 471 1
99 30 12 237 1 27 1 43 1 99 3 49 1 389 1 487 1 277 1 380 1 196 1 286 1 373 1
206 72 28 99 1 363 1 607 1 517 1 531 1 18 1 26 1 230 2 123 1 626 1 138 1 177 1 724 1 680 1 202 1 90 1 256 1 747 1 87 1 235 1 579 1 113 1 533 1 327 1 144 1 373 1 355 1 391 1
231 86 35 99 1 170 1 363 1 297 1 380 1 48 1 410 1 470 1 244 1 139 1 46 1 113 1 378 1 294 1 439 1 508 1 373 1 446 1 391 1 129 1 377 1 420 1 208 1 310 1 312 1 324 2 306 1 338 1 350 1 351 1 318 2 388 2 734 1 328 1 332 1
//IdTournes NbColis
22 6
//IdColis IdCommandeInColis NbProducts IdProd1 QtyProd1 IdProd2 QtyProd2 ...
207 72 25 419 1 738 1 229 1 377 2 142 1 209 1 385 2 310 1 312 1 81 1 306 1 338 1 400 1 350 2 351 2 356 2 474 1 388 2 328 1 332 1 574 1 585 1 714 2 583 1 347 1
166 53 41 596 1 232 1 269 1 104 1 342 1 682 1 180 1 399 1 430 1 594 1 473 1 533 1 374 1 387 2 402 1 293 1 323 1 391 1 477 1 419 1 663 1 686 1 377 2 310 1 312 1 385 2 306 1 338 1 64 1 350 2 351 2 400 1 356 2 388 2 328 1 332 1 496 1 585 1 589 1 437 1 462 1
204 71 29 107 1 57 1 593 1 517 1 51 2 121 1 138 1 177 1 393 1 537 1 130 1 243 1 688 1 256 1 654 1 95 1 504 1 201 1 677 1 681 1 685 1 620 1 508 1 345 1 295 1 467 1 568 1 227 1 373 1
60 18 15 172 1 100 1 101 2 21 2 520 2 281 1 380 1 475 1 16 1 17 1 34 1 116 1 75 1 744 1 356 1
108 33 12 169 1 260 1 264 1 49 1 57 1 333 2 363 2 375 1 607 1 520 1 531 1 306 1
54 16 17 162 1 43 1 49 1 54 1 503 1 375 1 607 1 520 1 67 1 415 1 531 1 182 1 625 2 17 1 542 1 178 1 467 1
//IdTournes NbColis
23 6
//IdColis IdCommandeInColis NbProducts IdProd1 QtyProd1 IdProd2 QtyProd2 ...
64 19 14 195 1 197 1 162 1 495 1 503 1 523 1 395 1 203 1 83 1 534 1 17 1 116 1 410 1 387 1
82 25 17 224 1 25 1 170 1 114 1 21 1 333 2 372 1 607 1 541 1 593 1 297 1 597 1 122 1 625 1 17 1 554 1 457 1
4 2 19 88 1 54 1 395 1 24 1 58 1 593 1 531 1 449 1 277 1 597 1 380 1 51 1 52 1 55 2 767 1 18 1 771 1 86 1 328 1
163 52 38 133 1 80 1 137 1 19 1 294 1 382 1 524 1 418 1 442 1 373 1 446 1 391 1 646 1 151 1 377 2 645 2 60 1 242 1 310 1 312 1 385 2 306 1 338 1 350 2 351 2 400 1 356 2 376 1 388 2 493 2 328 1 332 1 713 1 358 2 278 1 349 2 352 1 451 2
154 49 15 718 1 495 1 49 1 503 1 717 1 101 2 21 1 107 1 333 1 567 1 329 1 449 1 277 1 563 1 274 1
9 3 26 142 1 22 1 32 1 59 1 251 1 385 2 480 1 310 1 312 1 306 1 338 1 20 1 64 2 479 1 350 2 351 2 388 1 356 2 481 1 332 1 530 1 586 1 307 1 278 1 690 1 618 1
//IdTournes NbColis
24 6
//IdColis IdCommandeInColis NbProducts IdProd1 QtyProd1 IdProd2 QtyProd2 ...
39 11 19 310 1 312 1 385 2 480 1 306 1 338 1 20 1 152 1 350 2 351 2 400 1 356 2 388 2 328 1 332 1 566 1 447 1 496 1 466 1
46 13 28 253 1 94 1 377 2 559 1 60 2 209 1 59 1 310 1 312 1 324 2 338 1 401 1 306 1 20 1 552 1 350 2 351 2 400 1 474 1 388 2 318 2 332 1 713 1 328 1 705 1 316 1 349 1 386 1
62 18 34 535 1 746 2 71 1 446 1 391 2 106 1 273 1 704 1 166 1 377 3 233 1 59 1 385 3 310 1 312 1 217 1 338 2 306 2 20 1 350 3 351 3 400 2 356 2 388 3 332 1 328 2 313 1 301 2 307 2 660 1 466 1 437 1 304 1 690 2
91 27 32 527 2 443 1 508 2 411 1 132 1 271 1 644 1 501 1 506 2 535 1 394 1 423 2 477 2 273 1 236 1 166 1 173 1 377 1 425 2 401 1 20 1 492 1 491 1 426 1 459 1 519 1 499 1 186 1 307 1 278 1 466 1 513 1
130 40 35 272 1 40 1 202 1 342 1 465 2 553 1 204 1 74 1 258 2 102 1 113 1 527 1 514 1 485 1 428 1 387 1 397 1 194 1 656 1 373 1 383 2 302 1 457 1 603 1 391 1 273 1 253 1 149 1 648 1 229 1 377 2 262 1 241 1 385 2 312 1
158 50 23 473 1 656 1 193 1 653 1 373 1 391 1 377 2 310 1 312 1 324 2 306 1 338 1 20 1 350 2 351 2 400 1 318 2 388 2 328 1 332 1 384 1 511 1 386 1
//IdTournes NbColis
25 6
//IdColis IdCommandeInColis NbProducts IdProd1 QtyProd1 IdProd2 QtyProd2 ...
160 51 34 89 1 104 1 87 1 468 1 102 1 430 1 439 1 387 1 524 2 257 1 373 1 587 1 391 1 419 1 215 1 377 2 441 1 310 1 312 1 385 2 306 1 338 1 292 1 350 2 351 2 400 1 356 2 388 2 328 1 332 1 429 1 725 2 583 2 386 1
176 57 26 312 1 324 2 338 1 306 1 20 1 350 2 351 2 525 1 400 1 376 1 388 2 318 2 328 1 332 1 337 1 341 1 571 2 384 1 313 1 358 2 478 1 349 2 583 1 352 1 512 1 451 2
211 74 24 391 1 377 2 668 1 262 1 251 1 385 2 310 1 312 1 259 1 306 1 338 1 20 1 528 1 400 1 350 2 351 2 356 2 388 2 502 1 328 1 332 1 341 1 307 1 557 2
121 37 43 267 1 85 1 393 1 160 1 139 1 275 1 326 1 360 1 235 1 579 1 44 1 577 1 521 1 524 1 578 1 421 1 506 1 362 1 373 1 391 1 348 1 461 1 236 1 168 1 377 2 289 1 60 1 310 1 312 1 385 2 81 1 306 1 338 1 350 2 351 2 400 1 356 2 388 2 570 1 434 1 328 1 332 1 459 1
103 31 34 76 2 79 2 85 1 254 1 760 1 361 1 476 2 537 1 275 2 516 1 108 2 77 1 212 1 490 1 612 1 263 1 161 1 430 1 521 1 411 1 501 1 323 1 373 1 746 1 322 1 391 1 477 1 255 1 229 1 377 2 763 1 262 1 208 1 350 1
106 32 39 91 1 93 1 537 1 40 1 202 1 256 1 553 1 765 1 527 2 327 1 418 1 644 1 656 1 193 1 762 1 373 1 651 1 302 1 391 1 188 1 377 2 420 1 22 1 32 1 125 1 242 2 310 1 312 1 385 2 306 1 338 1 350 2 351 2 400 1 356 2 388 2 328 1 332 1 574 1
//IdTournes NbColis
26 6
//IdColis IdCommandeInColis NbProducts IdProd1 QtyProd1 IdProd2 QtyProd2 ...
118 36 39 776 1 343 1 272 1 95 1 77 2 765 2 612 1 473 1 524 2 261 1 373 1 651 1 336 1 391 1 253 1 189 1 173 1 94 1 377 2 60 1 125 1 310 1 312 1 385 2 306 1 338 1 552 1 350 2 351 2 356 2 388 2 332 1 445 1 499 2 186 1 610 1 778 1 352 1 314 1
180 59 31 467 1 529 1 672 1 457 1 391 1 477 2 461 1 419 1 189 1 704 1 559 1 377 2 22 1 600 1 480 1 312 1 324 2 338 1 401 1 673 1 350 2 351 2 400 1 388 2 318 2 332 1 434 1 497 1 316 1 604 1 386 1
147 46 26 333 1 363 1 329 1 593 1 517 1 488 1 531 2 122 1 182 1 26 1 48 1 178 1 56 1 433 1 147 1 231 1 532 1 89 1 364 1 522 1 620 1 371 1 323 1 373 1 529 1 60 1
47 14 21 110 1 167 1 363 1 171 1 593 1 415 1 296 1 83 1 563 1 111 1 51 1 55 1 164 1 165 1 73 1 65 1 146 1 722 1 279 1 143 1 306 1
89 27 17 47 1 453 1 170 1 375 2 520 2 58 1 226 1 415 1 277 1 92 1 164 1 73 1 643 1 248 1 252 1 757 2 343 1
127 39 40 29 1 37 1 267 1 85 1 89 1 95 1 87 2 41 1 204 1 250 1 113 1 287 1 371 1 594 1 443 1 293 1 373 1 746 1 140 1 391 1 377 2 120 1 310 1 312 1 324 2 306 1 338 1 350 2 351 2 400 1 422 1 318 2 388 2 713 1 328 1 332 1 536 1 413 1 726 1 352 1
//IdTournes NbColis
27 6
//IdColis IdCommandeInColis NbProducts IdProd1 QtyProd1 IdProd2 QtyProd2 ...
225 83 39 85 1 93 1 393 1 482 1 108 1 46 1 765 1 396 1 300 1 378 1 443 1 402 1 370 1 397 1 442 1 373 1 529 1 391 1 477 1 377 2 289 1 32 1 310 1 312 1 385 2 306 1 338 1 350 2 351 2 400 1 356 2 388 2 328 1 332 1 337 1 384 1 499 1 432 1 451 1
168 54 23 172 1 54 1 63 1 593 1 154 1 597 1 122 1 51 1 116 1 105 1 70 1 136 1 584 1 532 1 40 1 137 1 666 1 95 1 588 1 201 1 240 1 87 1 394 1
189 63 19 391 1 671 1 236 1 377 2 559 1 125 1 242 1 310 1 312 1 324 2 338 1 306 1 350 2 351 2 400 1 388 2 318 2 332 1 328 1
137 42 19 748 1 106 1 229 1 94 1 740 1 425 3 292 1 351 1 613 1 403 1 474 1 369 1 536 2 426 2 502 1 337 2 307 2 556 1 478 1
133 41 37 85 1 393 1 537 1 339 1 482 1 280 1 80 1 139 1 357 1 204 1 399 1 518 1 258 1 510 1 514 1 368 1 524 1 402 1 353 1 270 1 568 1 290 1 323 1 373 1 394 2 322 1 623 1 336 1 446 1 391 1 477 3 288 1 452 1 129 1 151 1 377 2 441 1
197 67 21 44 1 428 1 373 1 394 1 391 1 129 1 648 1 377 2 310 1 312 1 324 2 338 1 306 1 350 2 400 1 351 2 388 2 318 2 328 1 332 1 714 1
//IdTournes NbColis
28 6
//IdColis IdCommandeInColis NbProducts IdProd1 QtyProd1 IdProd2 QtyProd2 ...
124 38 43 532 1 95 1 256 1 112 1 204 1 74 1 765 1 612 1 396 1 378 1 599 1 371 1 736 1 382 1 524 1 672 1 365 1 383 2 391 1 377 2 647 1 312 1 324 2 600 1 673 1 338 1 350 2 351 2 400 1 318 1 388 2 493 1 328 1 332 1 337 1 725 1 301 1 307 1 661 1 556 1 478 1 330 1 774 1
178 58 32 724 1 482 1 364 1 112 1 687 1 298 1 527 1 578 1 608 1 362 1 719 1 672 1 383 1 391 1 477 1 288 1 377 1 233 1 600 1 601 1 324 2 338 1 673 1 350 1 351 1 400 1 388 2 318 2 592 1 332 1 384 1 606 2
84 25 48 533 1 382 1 249 1 506 1 656 1 568 1 373 1 595 1 394 2 367 1 391 1 461 1 748 1 756 1 377 1 233 1 59 1 125 1 310 1 312 1 385 2 480 2 306 1 338 1 401 1 548 1 552 1 350 1 351 1 479 1 356 2 388 2 369 1 491 1 434 1 332 1 519 1 481 1 313 1 429 1 460 1 676 1 413 1 500 2 494 1 427 1 557 1 773 1
199 68 23 378 1 371 1 387 1 578 1 373 1 391 1 377 2 59 1 480 1 310 1 312 1 324 2 338 1 673 1 400 1 350 2 351 2 388 2 318 2 328 1 332 1 447 1 427 1
38 11 34 393 2 761 2 232 1 532 2 137 1 139 1 346 1 135 1 649 1 357 2 141 1 298 1 399 1 612 1 510 1 555 1 594 1 442 1 295 1 568 1 144 1 155 1 373 1 302 1 446 1 391 1 477 2 148 1 151 1 377 2 142 1 60 1 120 1 125 1
134 41 30 763 1 142 1 645 2 60 1 385 2 310 1 312 1 401 1 306 1 505 1 64 1 152 1 479 1 350 2 351 2 613 1 356 2 376 1 388 2 580 1 481 1 332 1 530 1 435 1 650 1 317 1 614 1 478 1 432 1 513 1
//IdTournes NbColis
29 6
//IdColis IdCommandeInColis NbProducts IdProd1 QtyProd1 IdProd2 QtyProd2 ...
209 73 23 443 1 373 1 322 1 391 1 452 1 377 1 645 1 60 1 385 2 310 1 312 1 259 1 306 1 338 1 400 1 350 2 351 2 356 2 388 2 328 1 332 1 313 1 440 1
150 47 29 394 2 457 1 391 1 215 1 377 2 645 1 200 1 310 1 312 1 385 2 480 1 81 1 306 1 338 1 401 1 64 1 350 2 351 2 528 1 479 1 356 2 388 2 493 1 332 1 481 1 530 1 497 1 494 1 462 1
17 5 23 220 1 377 3 289 1 120 1 310 1 312 1 385 3 306 2 338 2 350 3 351 3 400 2 356 3 388 3 332 2 458 1 481 2 445 1 429 1 307 2 278 1 437 1 404 1
116 35 25 293 1 373 1 322 1 394 1 391 1 188 1 220 1 377 2 209 1 120 1 310 1 312 1 385 2 81 1 306 1 338 1 350 2 351 2 400 1 356 2 388 2 328 1 332 1 278 1 325 2
185 61 34 579 1 258 1 723 1 345 1 382 1 524 1 362 1 595 1 535 1 651 1 394 2 603 1 391 1 461 1 377 2 120 1 385 2 310 1 312 1 338 1 306 1 350 2 351 2 400 1 356 2 388 2 332 1 328 1 340 1 354 1 307 2 316 1 727 1 726 1
42 12 36 442 1 295 1 758 1 373 1 595 1 322 1 446 1 457 1 391 1 383 1 461 1 646 1 452 1 129 1 377 2 420 2 441 1 310 1 312 1 670 1 385 2 306 1 338 1 401 1 64 1 309 2 350 2 351 2 400 1 409 1 356 1 388 2 406 1 332 1 481 1 462 1
//IdTournes NbColis
30 6
//IdColis IdCommandeInColis NbProducts IdProd1 QtyProd1 IdProd2 QtyProd2 ...
110 33 32 656 1 381 1 323 1 373 1 746 1 322 1 391 1 477 1 377 2 310 1 312 1 385 2 338 1 401 1 64 2 350 2 351 2 400 1 356 2 388 2 328 1 332 1 186 2 307 1 317 1 325 1 347 1 349 1 352 1 386 1 314 2 618 1
173 56 32 373 1 595 1 391 2 151 1 229 2 377 4 233 1 645 1 241 1 312 2 385 4 310 2 259 1 505 1 338 2 306 2 350 4 351 4 479 2 356 4 388 4 580 1 592 1 332 3 481 3 341 1 586 2 558 1 384 1 659 2 500 1 404 1
94 28 38 483 1 382 1 387 1 538 1 421 1 381 1 144 1 257 1 373 1 322 1 391 1 253 1 255 1 377 2 242 1 310 1 312 1 385 2 480 2 259 1 306 1 338 1 152 1 350 2 351 2 400 1 356 2 474 1 388 2 328 1 332 1 558 1 530 1 358 1 511 1 301 1 307 1 556 1
113 34 35 74 1 514 2 555 1 439 1 508 1 382 1 387 2 271 1 501 1 365 1 373 1 322 1 446 1 391 1 273 1 452 1 211 1 559 1 377 2 441 1 310 1 312 1 385 2 306 1 338 1 350 2 351 2 400 1 356 2 388 2 328 1 332 1 337 2 496 1 572 1
104 31 20 208 1 310 1 312 1 385 2 480 1 306 1 338 1 401 1 350 1 351 2 479 1 356 2 388 2 592 1 332 1 481 1 307 1 478 1 352 1 451 2
131 40 20 480 1 310 1 81 2 306 1 505 1 525 1 479 1 350 2 351 2 474 1 388 2 356 2 481 1 332 1 546 1 358 1 496 1 500 2 627 1 278 1
//IdTournes NbColis
31 6
//IdColis IdCommandeInColis NbProducts IdProd1 QtyProd1 IdProd2 QtyProd2 ...
187 62 20 355 1 391 1 211 1 229 1 94 2 377 1 647 1 600 1 601 1 324 2 338 1 673 1 350 1 351 1 400 1 669 2 318 2 332 1 328 1 341 1
148 46 25 391 1 348 1 377 2 310 1 312 1 385 2 480 1 217 1 306 1 338 1 350 2 351 2 525 1 479 1 356 2 388 2 369 1 332 1 536 1 481 1 408 1 507 1 437 1 512 1 462 1
59 17 17 356 1 376 1 388 2 713 1 328 1 332 1 530 1 313 1 499 1 358 1 186 1 307 1 714 2 340 1 610 1 614 1 466 1
183 60 9 376 1 388 4 580 2 332 3 481 3 186 3 500 2 478 3 440 4
195 66 24 579 1 443 1 439 1 672 1 391 1 377 2 600 1 601 1 324 2 338 1 673 1 350 2 400 1 351 2 613 1 669 2 318 2 328 1 332 1 447 1 585 1 316 1 352 1 451 1
36 10 18 391 1 648 1 377 2 480 1 310 1 312 1 324 2 338 1 400 1 350 2 351 2 318 2 388 2 328 1 332 1 546 1 496 1 614 1
//IdTournes NbColis
32 6
//IdColis IdCommandeInColis NbProducts IdProd1 QtyProd1 IdProd2 QtyProd2 ...
101 30 14 350 1 351 2 474 1 388 2 356 2 434 1 734 1 328 1 332 1 358 1 574 2 628 1 650 1 301 1
6 2 16 189 1 229 1 559 1 377 2 310 1 312 1 324 2 306 1 338 1 400 1 350 2 351 2 318 2 388 2 332 1 499 1
215 76 15 351 2 356 2 388 2 328 1 332 1 616 2 460 1 496 1 662 1 589 1 478 1 278 1 386 2 583 1 451 2
213 75 18 94 1 377 1 310 1 312 1 324 2 306 1 338 1 400 1 350 1 351 1 388 2 318 2 328 1 332 1 609 1 675 1 557 1 512 2
98 29 16 385 1 310 1 312 1 292 1 306 1 338 2 479 1 350 2 351 2 356 3 388 3 481 2 332 2 459 1 770 1 726 1
22 6 19 306 1 505 2 484 1 350 2 351 2 479 1 489 1 356 3 388 2 332 2 536 1 481 2 496 1 500 1 340 1 354 2 628 1 352 1 314 1
//IdTournes NbColis
33 4
//IdColis IdCommandeInColis NbProducts IdProd1 QtyProd1 IdProd2 QtyProd2 ...
88 26 10 351 1 400 1 356 3 388 3 592 1 328 2 332 2 445 1 413 1 427 1
143 44 6 340 1 354 1 478 1 304 1 319 1 618 1
156 49 23 391 1 377 2 310 1 312 1 324 2 306 1 338 1 350 2 351 2 400 1 318 2 388 2 328 1 332 1 571 2 358 2 447 1 556 1 466 1 330 1 349 2 352 1 451 2
122 37 1 384 1
