//NbTournees
32
//IdTournes NbColis
1 6
//IdColis IdCommandeInColis NbProducts IdProd1 QtyProd1 IdProd2 QtyProd2 ...
128 28 8 197 2 389 2 469 1 261 1 198 1 111 1 527 1 531 1
136 30 30 300 1 304 1 1 1 2 1 4 1 7 1 15 2 390 1 121 1 114 1 391 1 213 1 187 1 165 1 216 1 301 1 392 1 197 2 246 2 238 1 389 2 306 1 198 1 111 1 6 1 79 1 535 1 16 1 527 1 303 1
141 31 5 197 2 402 1 389 2 198 1 527 1
142 32 10 666 1 539 1 642 1 553 1 207 1 594 1 462 1 194 1 464 1 428 1
153 34 4 28 2 666 1 75 3 555 1
145 32 28 309 2 318 1 180 1 54 1 473 1 648 1 555 1 570 1 15 2 1 1 2 1 4 2 7 1 24 1 100 1 188 1 376 1 390 1 121 1 649 1 391 1 231 1 463 1 536 1 84 1 183 2 401 1 668 1
//IdTournes NbColis
2 6
//IdColis IdCommandeInColis NbProducts IdProd1 QtyProd1 IdProd2 QtyProd2 ...
172 38 25 585 1 391 1 235 1 213 1 241 1 231 1 612 1 669 1 84 1 536 1 12 1 208 2 311 2 224 2 432 1 449 1 392 1 197 3 486 4 266 1 190 1 389 3 270 1 198 1 287 1
180 40 33 65 1 547 1 188 1 390 1 624 1 391 1 366 1 416 1 148 1 138 1 187 1 370 1 669 1 536 1 282 1 286 1 232 1 216 1 288 1 465 1 392 1 197 2 480 1 285 1 411 1 433 2 469 1 389 2 198 1 656 1 74 1 16 1 51 1
214 50 20 544 1 38 1 113 1 542 1 545 1 547 1 478 1 391 1 479 1 44 1 398 1 536 1 480 2 175 1 481 1 102 1 124 1 540 1 541 1 543 1
3 1 30 356 1 178 1 587 1 1 1 2 1 4 1 7 1 15 2 188 1 390 1 121 1 3 1 10 1 391 1 424 2 377 1 241 1 244 1 187 1 442 1 12 1 232 1 443 1 236 3 230 1 216 1 392 1 197 1 246 1 441 1
7 2 28 349 1 159 1 304 1 367 1 484 2 17 1 2 1 4 2 20 1 7 1 24 1 15 2 645 1 188 1 390 1 624 2 3 1 23 1 46 1 104 1 391 1 416 1 44 1 231 1 398 1 25 1 612 1 234 1
150 33 26 428 2 451 1 275 1 400 1 382 2 228 1 473 1 67 1 15 2 47 1 674 1 49 1 4 1 20 1 62 1 7 1 188 1 390 1 32 1 110 1 3 1 391 1 263 1 185 1 424 1 265 1
//IdTournes NbColis
3 6
//IdColis IdCommandeInColis NbProducts IdProd1 QtyProd1 IdProd2 QtyProd2 ...
10 3 6 28 1 29 1 14 2 598 1 539 1 392 1
16 4 6 5 1 28 1 614 1 616 1 55 1 18 1
22 5 8 5 1 42 1 620 1 621 1 31 1 168 1 651 1 184 1
27 6 10 42 1 55 1 19 1 207 1 194 1 296 1 298 1 229 2 206 1 52 1
34 7 26 533 1 47 2 4 2 20 2 62 1 7 1 64 1 65 1 15 2 637 1 551 1 390 1 69 1 585 1 391 2 263 1 366 1 377 1 394 1 58 1 63 1 231 1 474 1 118 2 205 2 224 1
41 8 26 121 2 33 1 80 1 391 1 424 1 377 1 58 1 231 1 232 1 401 2 224 2 230 1 221 1 392 1 219 2 197 2 389 2 172 1 198 1 481 1 179 1 78 1 79 1 98 1 565 1 579 1
//IdTournes NbColis
4 6
//IdColis IdCommandeInColis NbProducts IdProd1 QtyProd1 IdProd2 QtyProd2 ...
45 9 15 418 2 199 1 419 2 252 2 85 2 431 1 512 3 356 1 382 2 228 1 300 1 484 2 617 1 549 1 618 1
46 9 26 4 2 20 1 62 1 7 1 15 2 47 1 144 2 510 1 390 1 511 1 121 1 176 1 391 1 58 1 215 1 231 1 370 1 398 1 84 1 208 4 209 1 205 1 224 2 327 1 392 2 175 1
52 10 29 188 1 390 1 39 1 253 1 448 1 33 1 653 1 391 1 394 1 424 1 58 1 88 1 187 1 500 1 208 3 205 1 401 1 467 2 216 1 327 2 272 1 405 1 392 1 214 1 197 2 343 2 246 1 411 1 389 1
117 25 33 193 1 195 1 549 1 1 1 2 1 87 1 4 1 7 1 551 1 522 1 150 1 114 1 391 1 203 1 186 1 479 1 58 1 187 1 192 1 205 1 446 1 467 1 374 1 392 1 548 2 514 1 197 1 190 1 389 1 198 1 172 1 200 1 552 1
123 27 23 189 2 240 1 206 1 247 1 250 1 252 1 425 1 85 1 195 1 308 1 309 1 397 1 248 1 38 1 2 1 87 1 558 1 4 1 7 1 1 1 144 1 390 1 253 1
139 31 18 455 1 464 1 206 1 223 1 189 2 210 2 417 1 428 1 250 1 85 1 239 1 453 1 468 1 228 1 665 1 38 1 36 1 647 1
//IdTournes NbColis
5 6
//IdColis IdCommandeInColis NbProducts IdProd1 QtyProd1 IdProd2 QtyProd2 ...
155 34 15 417 1 210 3 199 1 507 1 329 1 350 1 258 1 408 2 191 1 85 1 506 1 430 1 309 2 356 2 349 1
161 35 28 1 1 2 1 50 1 4 1 7 1 65 1 15 2 353 1 522 1 448 2 121 1 557 1 104 1 391 1 235 1 213 1 416 2 136 1 58 1 187 1 260 1 181 1 216 2 520 1 392 1 514 2 197 2 246 1
213 50 13 538 1 539 1 278 1 476 2 477 1 475 1 419 1 406 1 252 2 85 1 546 1 537 1 301 1
54 11 7 611 1 29 1 21 1 95 1 538 1 168 1 41 1
59 12 9 77 1 95 1 157 1 31 1 207 1 99 1 283 1 254 1 252 1
120 26 26 206 1 445 1 233 2 425 1 226 1 239 1 222 1 534 1 38 1 113 1 2 1 87 1 547 1 4 2 7 1 562 1 1 1 510 1 391 1 235 1 237 1 479 1 187 1 561 1 234 1 124 1
//IdTournes NbColis
6 6
//IdColis IdCommandeInColis NbProducts IdProd1 QtyProd1 IdProd2 QtyProd2 ...
28 6 17 210 2 329 1 294 1 295 1 410 1 524 1 250 2 243 1 512 2 309 2 468 1 382 2 297 1 412 1 299 1 54 1 49 1
63 13 11 106 1 19 1 13 1 207 1 99 1 357 1 254 1 194 1 464 1 223 1 495 1
154 34 11 207 1 99 1 663 1 283 1 280 1 194 1 508 1 457 1 229 3 206 2 15 1
211 49 13 90 1 168 1 564 2 194 1 563 1 189 1 206 1 204 1 329 1 355 1 54 1 1 1 167 1
38 8 7 76 1 77 1 21 1 75 1 621 1 207 1 115 1
43 9 6 77 1 14 1 620 1 75 2 157 1 81 1
//IdTournes NbColis
7 6
//IdColis IdCommandeInColis NbProducts IdProd1 QtyProd1 IdProd2 QtyProd2 ...
49 10 9 21 1 90 1 14 1 168 1 564 1 93 1 194 1 403 1 336 1
67 14 9 22 1 75 1 112 1 157 1 207 1 385 1 194 1 404 1 109 1
122 27 11 75 1 538 1 168 1 115 1 254 1 194 1 403 1 404 1 201 1 204 2 188 1
169 38 7 55 1 671 1 21 1 157 1 673 1 207 1 636 1
175 39 18 501 1 334 1 346 1 350 1 437 2 250 1 202 1 352 1 373 2 434 1 435 2 356 1 427 3 368 1 412 1 318 1 38 1 81 1
11 3 12 26 1 31 1 207 1 385 1 357 1 194 1 403 1 404 1 345 1 229 3 206 1 176 1
//IdTournes NbColis
8 6
//IdColis IdCommandeInColis NbProducts IdProd1 QtyProd1 IdProd2 QtyProd2 ...
72 15 10 37 1 115 1 31 1 13 1 168 1 283 1 245 1 194 1 204 3 103 1
76 16 10 123 1 112 1 119 1 31 1 207 1 194 1 403 1 491 1 492 1 341 1
134 30 12 21 1 140 1 207 1 31 1 305 1 194 1 403 1 404 1 482 1 206 1 302 1 285 1
138 31 11 538 1 157 1 207 1 31 1 134 1 280 1 305 1 227 1 194 1 526 1 664 1
32 7 7 57 1 73 1 267 2 339 4 325 4 240 3 406 1
81 17 17 57 1 206 2 210 2 418 2 627 1 277 1 622 1 130 1 252 1 626 1 131 1 228 1 537 1 128 1 129 1 38 1 15 1
//IdTournes NbColis
9 6
//IdColis IdCommandeInColis NbProducts IdProd1 QtyProd1 IdProd2 QtyProd2 ...
178 40 9 106 1 157 1 168 1 151 1 194 1 296 1 57 1 204 2 189 2
65 13 29 178 1 494 1 38 1 662 1 15 2 2 1 4 1 7 1 49 1 64 1 107 1 1 1 390 1 409 1 624 1 121 1 103 1 104 1 176 2 391 1 332 1 187 1 442 1 232 1 443 1 216 2 392 1 197 2 411 1
82 17 30 1 1 2 1 4 2 7 1 49 1 624 1 623 1 391 1 479 1 63 1 231 1 612 1 171 1 224 2 276 1 197 2 238 1 389 2 198 1 179 1 504 2 125 2 86 1 132 2 625 1 111 1 127 1 133 1 56 1 120 1
86 18 20 524 2 250 1 451 1 610 1 460 1 316 1 450 2 275 1 434 1 297 1 499 1 318 1 135 1 484 3 459 1 116 1 571 1 15 2 1 2 2 1
92 19 30 38 1 545 1 15 1 2 1 49 1 4 1 1 1 7 1 390 1 39 1 137 1 121 1 141 1 623 1 391 1 213 1 424 2 416 1 136 1 138 1 187 1 215 1 463 1 208 2 209 1 181 1 466 2 401 2 216 1 217 1
167 37 26 206 1 428 1 233 1 375 1 202 1 211 1 193 2 427 1 228 1 161 1 1 1 2 1 40 1 4 1 581 1 7 1 49 1 15 1 153 1 360 1 390 1 391 1 424 1 187 1 370 1 181 1
//IdTournes NbColis
10 6
//IdColis IdCommandeInColis NbProducts IdProd1 QtyProd1 IdProd2 QtyProd2 ...
187 42 31 355 1 193 1 195 1 400 1 371 1 300 1 583 1 38 1 545 1 587 1 49 1 558 1 4 1 1 1 7 1 15 1 2 1 390 1 293 1 23 1 114 1 585 1 557 1 391 1 424 1 88 1 187 1 230 1 216 1 392 1 514 1
191 43 32 135 1 38 1 1 1 2 1 34 1 4 1 7 1 15 1 188 2 390 1 574 1 391 1 372 1 424 1 377 1 394 1 187 1 241 1 282 1 401 1 230 1 216 1 575 1 392 1 214 1 197 2 246 1 285 1 411 1 249 1 389 2 516 1
90 19 10 112 1 140 1 642 1 26 1 13 1 207 1 594 1 152 1 194 1 211 1
95 20 11 90 1 26 1 207 1 245 1 194 1 206 1 229 2 210 2 428 1 258 1 250 1
170 38 9 672 1 280 1 526 1 404 2 325 3 418 3 206 2 199 1 406 1
13 3 27 30 1 572 1 587 1 2 1 4 1 20 1 7 1 15 2 645 1 646 1 390 1 510 1 121 1 391 1 187 1 463 1 209 1 282 1 347 1 348 1 208 4 311 1 224 2 236 1 219 1 197 2 271 2
//IdTournes NbColis
11 6
//IdColis IdCommandeInColis NbProducts IdProd1 QtyProd1 IdProd2 QtyProd2 ...
18 4 15 326 1 201 1 210 3 454 1 418 3 329 1 331 1 369 1 472 1 368 1 304 2 473 1 36 1 1 1 311 1
19 4 30 2 1 34 1 4 1 7 1 100 1 92 1 15 2 551 1 313 1 390 1 32 1 33 1 615 1 103 1 391 1 235 1 613 1 231 1 463 1 447 1 474 1 205 1 311 1 224 2 432 1 212 2 392 1 197 2 323 2 605 1
29 6 32 525 1 1 1 2 1 50 1 4 1 7 1 15 2 376 1 390 1 52 1 53 1 176 1 293 2 391 1 235 1 377 1 416 1 370 1 231 1 474 1 442 1 284 1 232 1 413 1 414 1 443 1 224 1 272 1 415 1 392 1 175 1 214 1
40 8 23 369 1 191 1 430 1 226 1 512 1 493 1 220 2 373 1 356 1 307 1 225 1 228 1 222 2 38 1 533 1 1 1 2 1 4 1 7 1 15 2 409 2 390 1 39 1
51 10 26 451 2 450 1 242 1 307 1 308 1 309 2 382 1 434 1 472 1 299 1 300 1 159 1 658 1 304 1 91 1 657 1 587 1 1 1 2 1 87 1 4 1 7 1 92 1 551 1 338 1 332 1
73 15 19 189 3 206 2 199 1 387 1 493 1 382 1 116 1 555 1 15 1 1 1 2 1 87 1 40 1 34 2 4 2 7 1 637 1 660 1 188 1
//IdTournes NbColis
12 6
//IdColis IdCommandeInColis NbProducts IdProd1 QtyProd1 IdProd2 QtyProd2 ...
78 16 31 178 1 318 1 225 1 473 1 91 1 587 1 555 1 15 1 2 1 40 1 4 1 20 1 7 1 188 2 390 1 121 1 634 1 94 1 10 1 391 1 235 1 231 1 84 1 192 2 205 1 467 1 224 1 392 1 175 1 197 1 198 1
87 18 29 2 1 4 2 7 1 64 1 24 1 641 1 390 1 624 1 634 1 52 1 104 1 391 1 235 1 213 1 424 2 231 1 224 2 230 1 221 2 392 2 449 1 197 2 266 1 402 1 396 1 310 1 461 1 389 2 68 1
96 20 30 425 1 193 1 195 1 307 1 308 1 309 1 373 1 356 1 382 1 471 1 38 1 15 1 144 1 145 1 2 1 4 1 1 1 7 1 188 1 390 1 104 1 53 1 391 1 424 1 231 1 370 1 442 1 281 1 183 1 310 1
101 21 25 239 1 195 1 487 2 38 1 113 2 15 2 2 1 34 1 4 2 7 1 1 1 562 1 364 1 478 1 150 1 46 1 391 2 479 2 148 1 187 1 398 1 432 1 415 1 175 1 486 2
105 22 31 382 1 336 1 299 1 371 1 300 1 38 1 154 1 91 1 545 1 36 1 153 1 2 1 87 1 4 1 7 1 1 1 144 1 655 1 188 1 409 1 390 1 137 1 253 1 448 1 32 1 585 1 391 1 332 1 213 1 424 1 187 1
110 23 30 2 1 4 1 7 1 1 1 390 1 150 1 391 1 186 1 187 1 442 1 209 1 281 1 232 1 467 1 443 1 230 1 216 1 272 1 392 1 197 2 389 2 513 1 330 1 270 1 198 1 45 1 440 1 158 1 82 1 51 1
//IdTournes NbColis
13 6
//IdColis IdCommandeInColis NbProducts IdProd1 QtyProd1 IdProd2 QtyProd2 ...
114 24 29 15 1 2 1 4 1 7 1 1 1 637 1 551 1 390 1 121 1 163 1 293 3 391 1 185 1 394 1 416 1 377 1 148 1 138 1 63 1 166 1 187 1 162 1 164 1 165 1 208 3 314 1 216 1 288 2 392 1
127 28 25 456 1 381 1 255 1 258 2 256 1 250 1 239 1 450 1 193 1 113 1 533 1 534 1 1 1 2 1 87 1 4 1 528 1 391 1 237 1 88 1 187 1 260 1 529 1 216 1 480 1
131 29 28 17 1 38 1 601 1 4 1 1 1 7 1 2 1 602 1 409 1 390 1 510 1 137 1 293 3 603 1 391 1 424 1 187 1 215 1 370 1 164 1 286 1 232 2 216 2 170 2 288 2 449 1 392 1 175 1
140 31 31 144 1 15 2 1 1 2 1 4 1 7 1 313 1 390 1 103 1 557 1 53 1 114 1 391 1 148 1 187 1 215 1 25 1 569 1 559 1 315 3 284 1 282 1 436 1 466 1 467 1 314 1 236 1 216 1 465 1 415 1 392 1
156 34 28 382 2 297 1 349 1 397 1 15 1 566 1 1 1 2 1 50 1 4 2 667 1 7 1 351 1 188 1 390 1 633 1 557 1 108 1 33 1 114 1 391 1 213 1 424 3 231 1 442 1 84 1 443 1 218 1
164 36 23 206 1 387 1 490 1 445 1 495 1 425 1 191 1 355 1 512 2 211 1 356 1 307 1 400 1 336 1 61 1 38 1 591 1 593 1 2 1 87 1 4 1 7 1 51 1
//IdTournes NbColis
14 6
//IdColis IdCommandeInColis NbProducts IdProd1 QtyProd1 IdProd2 QtyProd2 ...
165 36 14 1 1 107 1 592 1 390 1 409 1 391 1 231 1 224 1 392 1 197 2 389 2 590 1 198 1 96 1
176 39 30 571 1 572 1 570 1 145 1 1 1 2 1 4 1 7 1 15 2 144 1 390 1 121 1 293 2 110 1 391 1 377 1 416 1 215 1 231 1 208 2 209 1 171 1 281 1 436 1 467 1 224 1 170 1 392 1 197 2 420 1
179 40 22 206 1 445 1 438 1 381 1 250 1 191 1 193 2 195 2 400 1 356 1 472 1 494 1 299 1 300 1 571 1 670 1 30 1 15 1 1 1 2 1 4 1 7 1
183 41 17 229 2 206 2 381 1 501 1 369 1 437 1 191 2 429 1 430 1 173 2 400 1 368 1 499 1 537 1 558 2 1 1 120 1
184 41 21 4 1 2 1 7 1 87 2 409 1 390 1 391 1 377 1 231 1 370 1 500 2 447 1 232 1 224 2 465 1 392 1 335 2 197 2 469 2 389 2 198 1
194 44 24 2 1 87 1 4 1 7 1 144 1 1 1 376 1 338 1 390 1 378 1 137 1 391 1 377 1 187 1 337 1 171 1 374 1 392 1 514 1 197 1 389 1 198 1 51 2 16 1
//IdTournes NbColis
15 6
//IdColis IdCommandeInColis NbProducts IdProd1 QtyProd1 IdProd2 QtyProd2 ...
201 46 26 184 1 250 1 425 1 239 1 307 1 308 2 309 2 373 1 434 1 382 1 2 1 87 1 4 1 62 1 7 1 1 1 188 1 390 1 253 1 448 1 117 1 391 1 213 1 424 1 231 1 370 1
204 47 20 456 1 383 1 445 2 233 1 174 1 550 1 429 1 439 1 242 1 222 2 38 1 571 1 36 2 2 1 4 2 7 1 1 1 15 2 390 1 409 1
212 49 18 2 1 87 1 4 1 528 1 566 1 360 1 121 1 391 1 203 1 187 1 25 1 216 1 197 1 175 1 389 1 198 1 132 1 565 1
215 51 22 151 1 168 1 194 1 589 1 204 1 189 1 206 1 256 1 355 1 87 1 4 1 1 1 528 1 2 1 114 1 187 1 374 1 588 1 389 1 198 1 218 1 167 1
69 14 27 388 2 318 1 397 1 113 1 628 1 591 1 587 1 30 1 15 2 47 1 4 2 20 1 7 1 390 1 188 2 108 2 110 1 114 1 629 1 176 1 391 1 394 1 185 1 398 1 231 1 370 1 386 1
79 16 10 197 1 246 1 461 1 389 2 122 1 124 1 111 1 6 1 120 1 489 1
//IdTournes NbColis
16 6
//IdColis IdCommandeInColis NbProducts IdProd1 QtyProd1 IdProd2 QtyProd2 ...
177 39 10 420 2 433 2 389 2 198 1 200 1 567 1 523 1 568 2 6 1 565 1
80 17 10 126 1 134 1 207 1 278 2 279 1 280 1 259 1 194 1 357 1 435 1
97 20 31 401 1 436 1 414 1 467 1 443 1 311 1 224 1 230 1 146 1 392 1 219 1 197 2 285 1 246 1 238 1 469 1 389 2 268 1 198 1 143 1 291 1 147 1 74 1 16 1 142 1 27 1 41 1 51 2 98 1 312 1 470 1
24 5 22 233 1 191 2 483 1 174 1 488 1 439 1 654 1 512 1 182 1 173 2 195 1 638 1 178 1 180 1 652 1 38 1 40 1 4 2 20 1 7 1 15 2 171 1
56 11 25 452 1 250 1 425 1 451 1 610 1 453 1 450 1 193 2 195 1 309 1 308 1 307 1 427 1 368 1 487 1 38 1 4 1 20 1 62 1 7 1 15 1 47 1 153 1 188 1 390 1
60 12 20 194 1 189 2 240 1 206 1 210 2 247 1 493 1 512 1 173 1 307 1 356 1 494 1 607 1 38 1 91 1 30 1 631 1 47 1 4 1 84 1
//IdTournes NbColis
17 6
//IdColis IdCommandeInColis NbProducts IdProd1 QtyProd1 IdProd2 QtyProd2 ...
109 23 18 361 1 204 2 189 2 456 1 206 1 346 1 439 1 356 1 178 1 412 1 368 1 318 1 228 2 159 1 248 1 519 1 38 1 15 2
113 24 19 296 2 341 1 189 2 206 1 210 2 453 1 239 1 638 1 468 1 225 1 228 1 318 1 38 1 116 1 542 1 161 1 570 1 15 1 273 1
160 35 15 210 2 381 2 454 1 456 1 331 1 329 1 250 2 406 1 425 2 352 1 356 2 494 1 38 1 554 1 555 1
171 38 22 501 1 331 1 329 1 495 1 184 1 550 1 429 1 430 1 431 1 638 1 494 1 248 2 30 1 593 1 38 1 15 2 47 1 637 1 4 2 20 1 7 1 390 1
196 45 21 206 2 210 2 387 1 369 1 429 1 430 1 395 1 400 1 382 1 397 1 116 1 154 1 91 1 38 1 30 1 639 1 50 1 4 2 20 1 62 1 7 1
208 48 27 307 1 356 1 435 2 368 1 300 1 607 1 487 2 473 1 38 1 587 1 4 1 20 1 7 1 15 1 47 1 390 1 293 2 110 1 117 1 114 1 391 1 213 1 416 1 187 1 515 1 165 1 315 2
//IdTournes NbColis
18 6
//IdColis IdCommandeInColis NbProducts IdProd1 QtyProd1 IdProd2 QtyProd2 ...
47 9 23 197 3 266 1 285 2 190 1 420 4 411 2 396 2 323 1 433 3 389 3 261 1 619 1 265 1 268 1 198 1 83 1 200 2 86 1 328 1 82 1 41 2 6 2 489 1
74 15 29 188 1 390 1 117 1 391 1 187 1 447 1 25 1 118 1 183 1 401 2 216 2 344 1 415 1 392 1 197 2 190 1 389 3 513 2 198 1 83 1 656 1 179 1 218 1 291 1 354 1 217 1 661 1 82 1 41 1
173 38 10 287 2 289 1 179 1 200 4 125 1 132 1 16 2 82 1 41 3 51 1
130 29 15 206 1 210 2 490 2 233 1 406 1 518 1 243 2 408 2 429 1 439 2 493 2 356 1 222 1 519 1 87 1
36 7 18 513 4 265 2 268 1 270 2 198 2 66 1 60 1 644 1 218 2 269 1 273 1 498 1 59 1 70 1 71 1 74 1 68 1 516 1
64 13 15 229 2 206 2 454 1 210 2 428 1 233 2 406 1 174 1 429 1 430 1 453 1 317 1 400 1 382 2 59 1
//IdTournes NbColis
19 6
//IdColis IdCommandeInColis NbProducts IdProd1 QtyProd1 IdProd2 QtyProd2 ...
70 14 20 337 1 215 1 208 3 315 2 282 3 224 2 314 2 392 1 399 1 212 2 197 3 396 1 630 1 389 3 323 2 249 3 198 1 111 1 41 2 51 1
106 22 19 337 1 447 1 500 1 155 1 401 1 216 1 392 1 197 2 246 1 285 1 411 1 389 2 198 1 60 1 291 1 111 1 51 1 156 1 578 1
115 24 13 197 2 411 1 389 2 198 1 291 1 498 1 441 1 111 1 16 1 6 2 160 1 167 1 379 1
121 26 12 183 1 436 1 236 1 216 2 197 3 238 1 433 1 389 2 198 1 200 2 86 1 111 1
124 27 33 448 1 80 1 391 1 237 1 424 1 148 1 187 1 370 1 398 1 447 1 559 1 165 1 232 1 401 1 446 1 414 1 216 1 392 1 449 1 514 1 197 2 480 2 246 1 249 2 389 2 198 1 200 1 251 1 217 1 102 1 124 1 111 1 41 1
146 32 19 401 1 224 2 221 2 465 3 392 1 197 2 190 1 246 2 323 1 389 3 198 1 217 1 498 1 386 1 111 1 578 1 51 3 6 1 600 1
//IdTournes NbColis
20 6
//IdColis IdCommandeInColis NbProducts IdProd1 QtyProd1 IdProd2 QtyProd2 ...
192 43 9 577 1 576 1 198 1 143 1 287 1 573 1 111 1 578 1 579 1
25 5 31 47 1 551 1 145 1 188 1 409 1 390 1 39 1 121 1 46 1 176 1 653 1 391 1 185 1 186 1 424 2 377 1 44 1 187 1 500 1 43 1 561 1 181 1 183 1 232 1 216 2 170 1 392 1 175 1 197 2 190 1 513 2
57 11 32 33 1 94 1 117 1 391 1 424 1 187 1 370 1 398 1 43 1 118 1 612 1 208 3 171 1 234 1 282 1 401 1 216 1 288 1 327 1 221 1 392 1 197 2 480 1 343 1 271 1 246 1 411 1 389 2 198 1 96 1 291 1 609 1
190 43 20 206 1 210 2 387 1 331 1 423 1 334 1 422 1 250 1 425 1 191 1 421 1 307 1 308 1 309 1 356 1 382 1 336 1 349 1 397 1 33 1
5 2 7 22 1 21 1 538 1 19 1 18 1 207 1 115 1
197 45 31 64 1 24 1 15 2 47 1 632 1 566 1 145 1 409 1 634 1 163 1 623 1 103 1 557 1 391 1 235 2 213 1 148 1 215 1 231 1 370 1 442 1 398 1 162 1 25 1 171 1 183 1 232 1 209 1 281 1 467 2 389 1
//IdTournes NbColis
21 6
//IdColis IdCommandeInColis NbProducts IdProd1 QtyProd1 IdProd2 QtyProd2 ...
17 4 8 538 1 35 1 37 1 140 1 642 1 207 1 194 1 206 2
108 23 9 14 1 55 1 35 1 151 1 168 1 663 1 194 1 482 1 362 1
195 45 10 55 1 538 1 35 1 207 1 290 1 194 1 404 1 177 1 229 2 390 1
62 12 13 497 1 411 1 238 2 389 2 577 1 198 1 60 1 96 1 97 1 86 1 101 1 98 1 635 1
88 18 14 389 1 198 1 66 1 60 1 269 1 573 1 16 2 51 2 6 1 578 1 560 1 105 1 342 1 458 1
198 45 20 467 1 443 1 224 2 415 1 392 1 175 1 197 2 266 1 497 2 389 1 198 1 66 1 481 1 96 1 440 1 498 1 41 1 51 1 578 1 312 1
//IdTournes NbColis
22 6
//IdColis IdCommandeInColis NbProducts IdProd1 QtyProd1 IdProd2 QtyProd2 ...
33 7 13 206 3 418 4 456 2 454 1 488 1 264 2 193 1 274 1 275 1 180 1 61 1 67 1 263 1
186 42 15 168 1 115 1 194 1 404 1 223 1 204 1 189 1 206 1 240 1 383 1 199 1 423 1 483 2 131 1 221 1
14 3 10 402 1 343 3 497 2 389 3 198 1 218 1 217 1 441 3 27 1 6 1
20 4 16 389 3 330 1 198 1 66 1 582 1 200 1 273 1 218 1 217 1 440 1 504 1 328 1 74 1 27 1 51 2 6 1
168 37 18 413 1 216 1 276 1 170 1 392 1 175 1 197 2 426 1 411 1 396 1 389 2 198 1 83 1 582 1 359 1 179 1 200 1 56 1
55 11 10 19 2 134 1 290 1 380 1 194 1 361 1 189 2 206 1 210 2 250 1
//IdTournes NbColis
23 6
//IdColis IdCommandeInColis NbProducts IdProd1 QtyProd1 IdProd2 QtyProd2 ...
84 18 8 11 1 14 1 157 1 19 1 553 1 207 1 151 1 250 1
151 33 26 424 1 463 1 675 2 155 1 118 1 413 2 443 1 224 2 230 2 344 1 415 1 392 1 175 1 197 2 343 1 420 2 389 3 198 1 481 1 582 1 218 1 217 1 97 1 578 1 659 1 635 1
66 13 10 411 1 396 1 389 2 198 1 102 1 51 2 6 1 579 1 105 1 303 1
157 34 27 224 2 505 2 392 1 197 2 246 2 343 3 249 2 389 3 619 1 198 1 218 1 179 1 291 2 217 1 504 1 86 1 441 2 509 1 386 1 139 1 51 2 6 1 312 1 541 1 605 1 579 1 105 1
26 5 11 389 2 172 1 198 1 45 1 595 1 179 1 217 1 504 1 41 2 6 1 169 1
30 6 14 197 2 411 1 238 2 389 2 198 1 481 1 287 1 291 1 328 1 56 1 41 1 51 1 6 1 16 2
//IdTournes NbColis
24 6
//IdColis IdCommandeInColis NbProducts IdProd1 QtyProd1 IdProd2 QtyProd2 ...
53 10 8 389 1 9 1 198 1 656 1 251 2 89 1 16 1 41 1
162 35 12 246 1 389 3 198 1 218 1 200 1 217 1 504 1 74 1 41 3 6 1 556 1 521 1
202 46 19 413 1 401 1 596 1 224 1 505 1 392 1 175 1 197 2 246 1 285 1 249 1 389 2 198 1 582 1 595 1 291 1 504 1 41 2 578 1
61 12 32 20 1 7 1 100 1 92 1 632 1 15 1 551 1 390 1 634 1 10 1 633 1 557 1 391 1 185 1 416 1 187 1 43 1 208 2 209 1 281 1 282 1 284 1 205 1 467 1 216 1 392 1 465 1 405 1 486 1 197 2 246 1 285 2
103 22 10 106 1 21 1 157 1 207 1 290 1 245 1 194 1 403 1 482 1 250 1
1 1 8 5 1 11 1 14 1 72 1 553 1 13 1 168 1 197 1
//IdTournes NbColis
25 6
//IdColis IdCommandeInColis NbProducts IdProd1 QtyProd1 IdProd2 QtyProd2 ...
112 24 10 76 1 14 1 112 1 168 1 564 1 650 1 491 1 194 1 355 1 441 1
126 28 11 112 1 168 1 532 1 259 1 194 1 492 1 530 1 204 2 189 2 206 1 257 1
200 46 10 21 1 112 1 207 1 13 1 194 1 341 1 229 2 206 1 210 2 590 1
129 29 11 29 1 538 1 168 1 290 1 380 1 194 1 357 1 403 1 189 2 206 1 222 1
148 33 11 29 1 21 1 207 1 651 1 280 1 254 1 290 1 194 1 196 1 462 1 231 1
174 39 11 29 1 207 1 194 1 201 1 229 2 363 2 210 2 438 1 206 1 387 1 569 1
//IdTournes NbColis
26 6
//IdColis IdCommandeInColis NbProducts IdProd1 QtyProd1 IdProd2 QtyProd2 ...
132 29 15 197 2 292 1 285 2 262 3 238 3 389 2 198 1 287 2 289 1 291 1 97 1 70 1 599 1 51 1 600 1
163 36 10 77 1 14 1 207 1 283 1 194 1 357 1 210 2 201 1 229 2 133 1
71 14 2 51 1 393 1
4 1 13 246 1 411 2 389 2 9 1 198 1 440 1 640 1 441 2 328 1 6 1 16 1 120 1 8 1
8 2 16 208 3 209 1 467 1 224 1 288 1 301 1 392 1 415 1 197 2 285 1 411 1 389 2 9 1 198 1 441 2 6 1
203 47 12 168 1 594 1 380 1 496 1 403 1 194 1 455 1 189 2 206 2 210 2 381 1 6 1
//IdTournes NbColis
27 6
//IdColis IdCommandeInColis NbProducts IdProd1 QtyProd1 IdProd2 QtyProd2 ...
102 21 12 197 3 480 1 365 1 389 2 619 1 270 1 198 1 595 1 573 1 149 1 78 1 565 1
85 18 12 194 1 223 1 210 3 445 1 206 2 418 3 503 1 331 1 247 1 294 1 321 1 68 1
58 11 2 70 1 386 1
99 21 11 90 1 134 1 151 1 207 1 564 1 594 1 152 1 357 1 194 1 296 1 224 1
119 26 9 90 1 539 1 207 1 462 1 194 1 48 1 210 3 189 2 206 1
189 43 10 90 1 538 1 72 1 207 1 245 1 194 1 341 1 229 2 363 1 233 1
//IdTournes NbColis
28 6
//IdColis IdCommandeInColis NbProducts IdProd1 QtyProd1 IdProd2 QtyProd2 ...
209 48 23 209 1 436 1 205 1 234 1 443 1 224 1 236 1 230 1 575 1 272 1 392 1 514 2 197 2 292 1 384 2 389 2 513 2 330 1 198 1 498 1 218 1 441 2 605 1
44 9 10 207 1 134 1 290 1 194 1 357 2 455 1 325 3 326 1 206 2 418 1
93 19 18 216 1 212 1 392 1 214 1 197 2 480 2 396 1 389 3 433 2 584 1 172 1 198 1 643 1 218 1 139 1 16 2 600 1 120 1
116 25 16 168 1 13 1 194 1 196 1 199 1 201 1 204 1 189 1 206 1 387 1 425 1 202 1 483 1 550 1 173 1 450 1
207 48 16 206 1 210 2 381 1 445 1 267 1 331 1 428 2 495 1 407 1 406 1 604 1 608 1 439 1 453 1 431 1 382 2
68 14 12 589 1 387 1 206 2 210 3 418 3 331 2 329 1 369 1 395 1 400 1 388 1 43 1
//IdTournes NbColis
29 6
//IdColis IdCommandeInColis NbProducts IdProd1 QtyProd1 IdProd2 QtyProd2 ...
159 35 10 72 1 553 1 168 1 254 1 194 1 455 1 457 1 189 3 206 2 210 1
188 42 15 335 2 219 1 486 1 197 1 246 1 343 2 411 1 249 1 389 1 513 1 433 1 584 1 198 1 586 1 393 1
31 7 7 598 1 72 2 207 2 636 1 254 2 517 1 492 1
182 41 9 14 1 598 2 207 1 194 1 502 1 526 1 482 1 210 2 310 1
206 48 12 207 1 606 1 594 1 283 1 305 1 385 1 194 1 358 2 404 1 383 1 229 2 179 1
193 44 16 168 1 597 1 194 1 254 1 502 1 492 1 201 1 204 1 189 1 206 1 363 1 375 1 512 1 373 1 318 1 225 1
//IdTournes NbColis
30 6
//IdColis IdCommandeInColis NbProducts IdProd1 QtyProd1 IdProd2 QtyProd2 ...
23 5 12 194 1 496 1 404 1 48 1 177 1 189 2 417 1 210 2 381 2 206 2 507 1 195 1
50 10 13 491 1 296 1 404 1 48 1 177 2 204 2 189 2 206 1 240 1 490 1 247 1 250 1 425 1
91 19 11 496 1 457 1 48 1 210 3 189 3 206 2 423 2 382 1 397 1 487 2 473 1
205 47 12 121 1 391 1 187 1 215 1 500 1 232 2 216 2 392 1 197 2 389 2 198 1 16 2
125 27 1 560 1
2 1 16 245 1 194 1 403 1 240 1 204 1 189 2 206 1 444 1 210 1 445 1 407 1 243 1 439 1 211 1 242 2 237 1
//IdTournes NbColis
31 6
//IdColis IdCommandeInColis NbProducts IdProd1 QtyProd1 IdProd2 QtyProd2 ...
104 22 18 189 1 229 1 240 1 210 2 206 1 452 1 334 1 250 1 406 2 425 1 243 1 333 1 453 1 307 1 308 1 309 1 373 1 335 1
135 30 13 229 2 444 1 210 2 445 2 423 2 475 1 255 1 407 1 425 1 493 1 242 2 373 1 228 2
144 32 18 428 1 319 2 320 1 321 1 524 1 322 1 250 2 406 1 243 1 191 1 453 1 316 1 317 1 193 2 395 1 307 2 309 1 304 1
12 3 18 206 1 210 3 334 1 346 1 233 1 322 1 174 1 453 1 182 1 400 1 356 1 297 1 228 1 300 1 397 1 304 1 222 3 473 1
77 16 15 206 1 339 1 177 1 229 2 445 1 454 1 210 2 490 1 493 1 512 2 340 1 220 2 435 1 356 1 472 1
100 21 13 464 1 457 1 210 3 229 2 206 2 445 1 277 2 184 1 406 1 375 1 174 1 488 1 224 1
//IdTournes NbColis
32 6
//IdColis IdCommandeInColis NbProducts IdProd1 QtyProd1 IdProd2 QtyProd2 ...
35 7 14 232 2 413 3 224 2 230 2 272 2 505 3 392 2 197 4 266 1 271 4 396 2 262 3 389 4 513 2
166 37 11 168 1 245 1 254 1 194 1 196 1 357 1 358 2 404 2 204 2 189 2 580 1
6 2 15 194 1 457 1 229 2 206 1 210 2 475 1 485 1 250 2 425 2 202 1 483 1 356 1 297 1 472 1 368 1
143 32 8 464 1 177 2 324 2 206 2 210 3 418 3 503 2 485 1
39 8 13 227 1 194 1 403 1 526 1 502 1 223 1 229 2 206 2 210 2 501 1 422 1 369 1 429 1
149 33 10 464 1 492 1 229 3 210 3 206 2 387 1 383 1 331 1 423 2 428 1
