//NbTournees
17
//IdTournes NbColis
1 6
//IdColis IdCommandeInColis NbProducts IdProd1 QtyProd1 IdProd2 QtyProd2 ...
1 1 20 28 1 450 1 605 1 166 1 168 1 317 1 145 1 150 1 158 1 161 1 165 1 184 1 282 1 306 1 520 1 114 2 176 1 108 1 1 1 23 1
10 3 15 7 1 36 1 450 1 34 1 230 3 235 1 293 1 114 2 361 1 395 2 290 1 356 1 357 1 366 1 5 1
33 9 20 28 1 95 1 448 1 111 1 323 1 107 1 223 1 304 1 306 1 160 1 356 1 366 1 402 1 326 1 113 1 57 2 412 1 203 1 268 1 73 1
44 13 22 610 1 559 1 575 1 112 1 134 1 147 1 159 1 171 1 123 1 141 1 160 1 178 1 175 1 539 1 155 1 561 1 69 1 172 1 189 1 237 1 538 1 65 1
47 14 20 604 1 598 1 168 1 233 1 241 1 173 1 193 1 114 2 253 2 177 2 192 1 60 1 118 1 119 1 194 1 116 1 117 1 143 1 185 1 562 1
48 14 27 189 1 195 1 196 1 232 2 593 1 113 1 122 1 190 1 238 2 191 1 4 1 444 1 202 1 204 1 250 1 57 1 80 1 129 1 162 1 179 1 239 2 600 1 73 1 47 1 78 1 562 2 20 1
//IdTournes NbColis
2 6
//IdColis IdCommandeInColis NbProducts IdProd1 QtyProd1 IdProd2 QtyProd2 ...
50 15 18 450 1 597 1 513 1 606 1 591 1 166 1 298 1 149 2 282 1 223 1 304 1 306 1 242 1 430 1 114 2 136 1 1 2 433 1
54 16 16 585 1 166 1 560 1 257 1 144 1 230 2 135 1 145 1 158 2 161 1 454 1 114 1 178 1 182 2 186 2 563 1
58 17 21 513 1 554 1 299 1 230 1 135 1 142 1 149 1 157 1 161 1 163 2 223 1 304 1 306 1 385 1 430 1 114 1 169 1 375 1 47 1 1 1 96 1
63 18 8 214 1 149 1 114 1 176 2 208 1 231 1 187 2 246 1
64 19 19 585 1 297 1 230 1 299 1 313 1 323 1 325 1 242 1 306 1 312 1 114 2 176 3 193 1 247 1 254 1 292 1 240 1 433 1 23 1
70 20 27 370 1 215 1 202 1 246 1 197 1 199 1 203 1 205 1 132 1 207 1 217 1 162 1 249 1 408 1 221 1 130 2 443 1 492 1 8 1 10 1 474 1 17 2 24 1 531 1 2 1 485 1 494 1
//IdTournes NbColis
3 6
//IdColis IdCommandeInColis NbProducts IdProd1 QtyProd1 IdProd2 QtyProd2 ...
11 3 21 397 1 464 1 76 1 287 1 348 1 295 1 316 1 189 1 327 1 195 1 198 1 391 1 125 2 140 1 187 1 238 2 79 1 202 2 57 1 452 1 29 1
31 8 31 326 1 232 1 198 2 525 1 164 1 229 1 367 1 191 1 202 1 154 1 246 1 57 3 80 2 110 1 483 1 73 2 98 1 75 1 151 1 100 1 51 2 9 1 82 1 64 5 260 1 68 2 8 1 10 1 471 1 478 2 38 1
45 13 36 402 1 396 1 115 1 120 1 125 1 139 1 310 1 191 1 183 1 244 1 427 1 428 1 252 1 126 1 65 1 437 1 569 2 110 1 121 1 132 1 146 1 162 1 108 1 5 2 31 1 565 1 550 1 21 1 98 1 151 1 78 1 50 1 82 1 44 1 567 1 19 2
2 1 20 176 1 141 1 409 1 527 1 254 1 261 1 265 1 290 1 357 1 401 1 403 1 407 1 521 1 526 1 528 1 76 1 118 2 222 1 194 1 65 1
28 7 27 427 1 252 1 4 1 57 2 110 1 78 1 89 1 51 1 105 1 106 1 200 1 8 1 10 1 441 1 442 1 38 1 17 2 24 1 61 2 63 2 45 1 59 1 101 1 109 1 103 1 19 5 18 4
35 10 26 313 1 92 1 134 1 210 1 211 1 282 1 173 1 422 1 312 1 245 1 431 1 419 1 60 2 254 1 292 1 397 1 49 1 416 1 346 1 425 1 183 1 244 1 427 1 444 1 38 1 1 1
//IdTournes NbColis
4 6
//IdColis IdCommandeInColis NbProducts IdProd1 QtyProd1 IdProd2 QtyProd2 ...
37 11 16 36 1 450 1 35 1 479 1 34 1 337 1 304 1 245 1 254 2 175 1 248 1 464 1 361 1 395 1 453 1 341 1
41 12 15 430 1 176 3 182 1 395 2 254 1 397 1 232 4 181 1 243 2 302 1 319 1 240 1 402 1 80 1 433 1
73 21 26 213 1 217 1 234 1 249 1 108 2 600 1 73 1 5 1 75 1 77 2 64 1 599 1 602 1 603 1 200 1 201 1 8 1 10 1 17 2 24 1 38 1 440 1 490 1 63 2 19 3 18 4
74 22 17 93 1 275 1 293 1 294 1 304 1 378 2 381 1 163 1 383 1 398 2 389 1 406 1 245 1 254 1 288 1 208 1 8 1
107 31 32 35 2 173 1 423 1 426 1 327 1 195 1 311 1 4 1 437 2 80 1 84 1 438 1 73 2 5 1 21 1 78 1 9 2 64 5 200 1 68 1 8 1 10 1 17 2 24 1 38 1 435 1 61 1 63 2 45 1 59 1 434 1 96 1
3 1 16 69 1 49 1 153 2 181 2 116 1 209 2 284 1 287 1 348 1 364 1 402 1 251 1 232 2 243 2 523 1 594 1
//IdTournes NbColis
5 6
//IdColis IdCommandeInColis NbProducts IdProd1 QtyProd1 IdProd2 QtyProd2 ...
18 5 18 247 3 49 1 153 2 345 1 116 1 117 1 209 1 302 1 320 1 185 1 240 1 466 1 232 4 181 1 243 1 64 2 433 1 20 1
75 22 18 384 1 186 2 247 1 407 1 544 1 281 1 301 1 116 1 273 2 225 1 302 1 318 1 319 1 189 1 153 2 232 1 120 1 10 1
80 23 34 496 1 155 1 519 1 194 1 116 1 318 1 120 1 125 1 542 1 79 1 324 1 367 1 279 1 244 1 427 1 252 1 296 1 549 1 57 1 569 1 84 1 495 1 270 1 205 1 277 1 543 1 108 1 5 1 565 1 85 2 130 1 572 1 42 1 258 1
83 24 19 176 3 409 1 266 1 288 1 340 1 361 1 395 1 247 1 192 1 248 1 519 1 583 1 116 1 117 1 274 1 303 1 237 1 345 1 255 1
7 2 17 7 1 37 1 35 2 39 1 87 1 347 1 293 1 304 1 306 1 312 1 305 1 117 1 225 1 185 1 364 1 240 1 11 1
51 15 19 176 2 314 1 182 2 175 1 177 1 247 2 60 2 174 1 117 1 295 1 172 1 302 1 320 1 185 1 326 1 327 1 243 1 65 1 258 1
//IdTournes NbColis
6 6
//IdColis IdCommandeInColis NbProducts IdProd1 QtyProd1 IdProd2 QtyProd2 ...
109 32 34 111 1 134 1 210 1 455 1 293 1 461 1 397 1 119 1 117 1 302 1 237 1 402 1 326 1 465 1 458 1 244 1 252 1 65 1 447 1 480 1 481 1 467 1 473 1 15 1 45 2 109 1 468 2 476 1 56 1 58 1 62 1 66 2 19 5 18 4
79 23 21 609 1 574 1 591 1 560 1 257 1 262 1 228 1 317 1 256 1 263 1 134 1 210 1 211 1 171 1 321 1 312 1 169 1 267 1 397 1 557 1 19 1
14 4 19 456 1 314 1 340 2 292 1 192 1 247 1 580 1 118 1 462 1 365 1 380 2 125 1 140 3 335 1 310 1 459 1 411 1 477 1 19 1
23 6 19 522 1 118 2 194 1 287 1 225 1 189 1 153 2 400 1 243 2 460 1 402 1 326 1 195 1 125 1 187 1 190 1 156 1 229 2 433 1
27 7 22 91 1 93 1 325 1 414 1 134 1 206 1 210 1 211 1 417 1 173 1 421 1 424 1 76 1 118 1 320 1 195 1 429 1 369 1 418 1 449 1 183 1 244 1
69 20 20 192 1 118 1 119 1 222 1 519 1 194 1 209 1 225 1 153 2 232 1 243 1 185 1 125 1 167 2 187 3 310 1 390 1 308 1 213 1 68 1
//IdTournes NbColis
7 6
//IdColis IdCommandeInColis NbProducts IdProd1 QtyProd1 IdProd2 QtyProd2 ...
88 25 18 182 1 395 3 426 1 118 1 119 1 273 1 348 1 195 1 153 2 345 1 174 1 400 1 49 1 339 1 187 2 362 1 202 1 595 1
56 16 28 229 1 311 1 191 1 517 1 154 2 451 1 65 1 57 2 84 1 110 1 239 1 600 1 73 2 5 1 33 1 64 4 86 1 338 1 8 1 10 1 15 2 17 2 38 1 482 1 58 1 62 1 56 1 66 2
12 3 30 350 1 272 1 73 1 148 1 51 1 64 5 443 1 14 1 81 1 43 1 68 1 8 1 10 1 478 1 11 2 12 2 24 1 38 1 13 2 17 2 435 1 63 1 67 1 2 1 445 1 56 1 58 1 62 1 258 1 66 2
81 23 12 201 1 8 1 10 1 11 2 12 2 13 2 17 2 24 1 38 1 531 1 19 3 18 3
94 26 8 63 1 67 1 45 1 59 1 563 1 258 1 19 4 18 3
5 1 45 272 1 48 2 283 1 73 2 31 2 47 5 21 1 515 1 52 1 75 1 78 2 33 1 259 2 9 3 137 1 280 1 85 1 74 1 130 4 170 1 3 1 30 2 32 1 533 1 16 2 43 1 71 1 264 2 535 1 68 1 8 2 10 2 15 1 17 2 24 2 38 2 2 1 45 2 59 1 72 1 537 1 445 1 6 1 56 1 58 1
//IdTournes NbColis
8 6
//IdColis IdCommandeInColis NbProducts IdProd1 QtyProd1 IdProd2 QtyProd2 ...
96 27 39 538 1 120 2 335 1 238 1 546 1 354 1 308 1 244 1 427 1 252 1 215 1 65 1 57 2 329 1 132 1 541 1 545 1 547 2 512 1 31 1 50 1 51 1 3 1 471 1 555 1 470 1 552 1 566 1 570 1 26 2 558 1 468 2 551 1 56 1 58 1 62 1 66 2 19 5 18 4
34 9 21 415 1 420 1 234 1 368 1 447 2 104 1 74 1 413 1 64 5 14 1 30 1 44 1 42 1 94 1 68 1 8 1 10 1 38 1 17 2 24 1 432 1
25 6 27 239 1 355 1 249 1 368 1 504 1 73 3 31 1 78 2 50 1 131 2 374 1 511 1 44 1 260 1 371 5 42 1 43 1 338 1 8 1 10 1 54 1 471 1 38 1 17 2 24 1 45 1 2 1
43 12 16 130 2 3 1 443 1 30 1 86 1 260 1 439 1 10 1 17 2 24 1 436 1 440 1 45 1 99 1 446 1 6 1
85 24 19 146 1 368 1 73 1 47 1 515 2 21 1 9 6 74 1 130 1 260 1 68 1 8 1 10 1 17 2 61 2 67 1 97 1 537 1 445 1
8 2 36 365 1 232 1 310 1 125 2 367 1 156 1 164 2 229 1 126 1 330 1 57 1 84 1 488 1 146 1 343 1 249 1 239 1 40 1 73 2 5 1 55 1 64 5 14 1 86 1 8 1 10 1 11 1 12 2 13 2 17 2 24 1 38 1 53 1 67 1 1 1 20 1
//IdTournes NbColis
9 6
//IdColis IdCommandeInColis NbProducts IdProd1 QtyProd1 IdProd2 QtyProd2 ...
30 8 17 389 1 218 1 227 1 176 2 253 2 236 1 186 2 403 1 395 1 521 2 119 1 287 1 172 1 302 1 185 1 125 1 537 1
55 16 20 361 1 395 2 288 1 457 1 357 1 177 1 119 1 273 1 209 1 319 1 189 1 365 1 125 2 138 1 156 1 164 2 229 1 449 1 64 1 24 1
92 26 21 591 1 560 1 332 1 134 1 210 1 173 1 363 1 245 1 344 1 358 1 119 1 305 1 561 1 225 1 320 1 189 1 369 1 538 1 578 1 195 1 75 1
95 27 21 556 1 46 1 313 1 337 1 333 1 134 1 342 1 353 1 141 1 351 1 178 1 336 1 292 1 397 1 119 1 155 1 209 1 341 1 185 1 183 1 563 1
111 33 26 484 1 134 1 210 1 211 1 173 1 366 1 119 1 209 1 302 1 190 1 252 1 234 1 50 1 8 1 10 1 486 1 11 2 12 2 13 2 17 2 24 1 38 1 490 1 59 1 19 5 18 4
19 5 28 243 2 120 1 125 2 140 1 187 2 164 4 324 1 449 1 213 1 202 2 246 1 88 1 283 1 447 1 64 3 8 1 10 1 38 1 11 2 12 2 13 2 17 2 24 1 45 2 59 1 83 1 26 1 20 1
//IdTournes NbColis
10 6
//IdColis IdCommandeInColis NbProducts IdProd1 QtyProd1 IdProd2 QtyProd2 ...
38 11 29 460 1 251 1 120 2 140 1 187 2 191 1 246 2 146 1 73 1 52 1 104 1 82 2 85 2 64 5 14 1 30 1 8 1 10 1 38 1 11 2 12 2 13 2 17 2 24 1 59 1 56 1 58 1 62 1 66 2
52 15 36 243 1 120 1 125 2 140 3 291 1 164 1 308 1 449 1 188 1 271 1 152 1 587 2 57 2 438 1 600 1 47 1 328 1 124 2 148 1 131 1 128 1 127 1 64 2 130 1 548 1 68 1 8 1 10 1 17 2 24 1 38 1 61 1 67 1 45 2 99 1 59 2
84 24 18 232 1 195 1 369 2 120 1 125 2 140 1 187 2 238 2 309 1 156 2 164 2 229 1 584 1 152 2 250 1 268 1 278 1 272 1
93 26 32 391 1 346 1 352 1 120 1 140 2 187 1 238 2 308 1 309 1 370 1 252 1 244 1 427 1 4 1 154 1 205 1 217 1 576 1 249 1 447 2 590 1 44 1 582 1 8 1 10 1 11 2 12 2 13 2 17 2 24 1 38 1 20 1
60 17 19 402 1 327 1 49 1 140 2 167 1 187 3 390 1 238 1 164 2 372 1 386 1 229 3 362 1 449 1 126 1 271 2 444 1 152 1 57 1
4 1 24 125 2 187 2 390 1 190 1 410 1 164 1 324 1 191 1 411 1 180 1 4 2 65 1 404 2 84 1 529 1 530 1 203 1 205 1 207 1 249 1 405 1 408 1 108 2 50 1
//IdTournes NbColis
11 6
//IdColis IdCommandeInColis NbProducts IdProd1 QtyProd1 IdProd2 QtyProd2 ...
21 6 15 36 1 25 1 87 1 510 1 34 1 46 2 166 1 334 1 323 1 325 1 220 1 223 1 135 1 142 1 125 1
42 12 21 195 1 125 2 140 4 187 2 291 1 370 1 188 2 126 1 202 2 152 1 250 2 108 2 239 2 234 1 31 2 104 1 29 1 133 1 85 1 130 1 38 1
99 28 22 316 1 189 1 396 1 196 1 402 1 125 3 140 3 390 1 65 1 110 1 368 1 64 5 86 1 8 1 10 1 11 2 12 2 13 2 17 2 24 1 38 1 573 1
101 29 23 513 1 275 1 223 1 304 1 306 1 395 1 497 1 366 1 60 1 232 1 303 1 364 1 251 1 391 1 125 2 164 2 362 1 449 1 108 1 73 1 512 1 1 1 96 1
105 30 17 125 2 140 1 187 3 291 1 138 2 156 1 229 2 449 1 202 3 152 3 154 1 239 3 108 1 73 1 31 2 75 1 106 1
24 6 20 229 1 449 1 188 1 65 2 202 2 152 3 246 2 404 1 250 1 524 1 203 2 268 1 205 2 207 1 277 1 278 1 349 1 350 1 239 2 439 1
//IdTournes NbColis
12 6
//IdColis IdCommandeInColis NbProducts IdProd1 QtyProd1 IdProd2 QtyProd2 ...
61 17 37 154 1 404 1 373 1 529 1 530 1 57 1 203 1 504 1 47 2 540 1 568 1 133 1 509 1 571 1 74 1 130 1 30 1 548 1 94 1 68 1 8 1 10 1 11 2 12 1 13 1 17 2 24 1 38 1 63 2 67 1 573 1 45 1 97 1 72 1 446 1 553 1 433 1
76 22 18 237 1 402 1 326 1 327 1 49 1 399 2 187 1 238 1 269 1 311 2 156 2 164 2 229 1 449 1 202 1 152 3 250 1 17 1
112 34 24 491 1 93 1 290 1 192 1 397 1 496 1 209 1 320 1 308 1 57 1 495 1 493 1 64 4 264 1 338 1 8 1 10 1 11 2 12 2 13 2 17 2 24 1 38 1 61 1
87 25 21 510 1 285 1 392 1 241 1 220 1 142 1 149 2 382 1 157 1 163 1 394 1 360 1 292 1 356 1 357 1 359 1 366 1 60 1 50 1 563 1 1 1
22 6 16 149 1 150 1 382 1 235 1 242 2 312 1 430 1 226 1 176 4 178 1 331 1 340 2 395 1 357 1 65 1 532 1
66 19 31 213 2 4 1 239 2 276 1 322 1 576 1 272 1 48 1 586 1 47 1 75 2 9 1 85 1 74 1 130 1 30 2 589 1 68 1 8 1 10 1 471 1 17 2 24 1 38 1 102 1 63 2 99 1 56 1 58 1 62 1 66 2
//IdTournes NbColis
13 6
//IdColis IdCommandeInColis NbProducts IdProd1 QtyProd1 IdProd2 QtyProd2 ...
49 14 13 9 1 74 1 130 1 511 1 8 1 10 1 17 2 24 1 38 1 63 2 67 1 573 1 97 1
90 25 25 31 2 515 1 447 1 85 2 64 5 130 2 8 1 10 1 471 1 596 1 17 2 24 1 38 1 507 1 514 1 601 1 67 1 45 2 99 1 59 1 103 1 56 1 58 1 62 1 66 2
89 25 19 191 1 156 4 164 2 229 3 154 1 246 1 404 2 57 2 80 1 205 1 355 1 249 1 368 1 239 2 73 1 586 1 5 2 509 1 553 1
13 4 20 299 1 135 1 142 1 379 1 214 1 158 1 385 1 387 2 389 2 134 1 210 1 211 1 216 1 304 1 463 1 242 2 141 1 60 1 77 1 1 1
17 5 17 25 1 325 1 135 1 377 1 157 1 161 2 163 1 223 1 304 1 306 1 176 3 340 1 357 1 192 1 395 1 194 1 50 1
29 8 20 536 1 90 1 450 1 166 1 285 1 168 1 233 1 135 1 157 2 158 1 235 1 184 1 282 1 220 1 173 1 315 1 430 1 50 1 1 1 20 1
//IdTournes NbColis
14 6
//IdColis IdCommandeInColis NbProducts IdProd1 QtyProd1 IdProd2 QtyProd2 ...
72 21 23 228 1 134 1 210 1 211 1 220 1 224 1 173 1 245 1 430 1 92 1 141 1 226 1 248 1 592 1 209 1 172 1 237 1 240 1 251 1 244 1 252 1 427 1 19 2
59 17 17 160 1 176 1 186 1 376 1 292 1 395 1 247 1 192 1 407 1 76 1 222 1 388 1 273 1 348 1 225 2 243 3 140 1
68 20 20 510 1 166 1 317 1 241 2 534 1 206 1 216 1 223 1 161 1 304 1 306 1 315 1 430 1 141 1 212 1 219 1 226 1 366 1 213 1 20 1
113 35 25 206 1 173 1 426 1 366 1 76 1 222 1 49 1 517 1 501 1 322 1 504 1 5 1 51 1 85 1 64 4 8 1 10 1 11 2 12 2 13 2 17 2 24 1 38 1 45 1 1 1
77 22 20 207 1 276 1 300 1 239 3 368 1 108 2 73 1 47 1 75 1 562 1 564 2 148 1 50 2 32 1 43 1 17 1 24 1 38 1 2 1 45 2
103 30 17 607 1 574 1 166 2 299 1 377 1 142 1 158 1 383 1 242 1 223 1 304 1 306 1 176 1 409 1 182 2 57 1 24 1
//IdTournes NbColis
15 6
//IdColis IdCommandeInColis NbProducts IdProd1 QtyProd1 IdProd2 QtyProd2 ...
40 12 16 93 1 166 2 230 3 145 2 150 2 163 1 242 2 275 1 220 1 294 1 223 1 306 1 176 1 8 1 96 1 1 1
15 4 32 252 1 41 1 154 1 80 1 530 1 277 1 73 1 75 1 29 1 27 2 588 2 70 1 82 2 85 1 16 1 10 1 8 1 471 1 474 1 22 1 17 2 470 1 475 2 61 1 45 2 59 2 472 1 494 1 469 1 19 4 18 4 433 1
98 28 20 299 1 313 1 393 1 220 1 223 1 304 1 306 1 176 2 360 1 288 1 357 1 395 1 397 1 426 1 194 1 225 1 303 1 232 2 82 1 20 1
82 24 19 513 1 166 1 285 1 325 1 230 1 581 1 220 1 293 1 304 1 315 1 150 1 158 2 161 1 242 1 245 1 430 1 289 1 160 1 50 1
114 36 30 510 2 285 1 498 1 325 1 503 1 304 1 502 1 245 1 499 1 397 1 318 1 319 1 462 1 516 1 84 1 9 1 70 2 85 1 3 1 43 1 68 1 8 1 10 1 17 2 38 1 507 1 45 1 99 1 26 1 23 1
65 19 21 397 1 579 1 305 1 194 1 153 2 174 1 243 2 295 1 316 1 185 1 402 1 577 1 49 1 286 1 307 1 310 1 156 1 324 1 367 1 584 1 50 1
//IdTournes NbColis
16 6
//IdColis IdCommandeInColis NbProducts IdProd1 QtyProd1 IdProd2 QtyProd2 ...
116 37 27 313 1 317 1 223 1 304 1 306 1 456 1 357 1 316 1 367 1 506 1 449 1 343 1 73 1 47 1 64 5 14 1 68 2 8 1 10 1 11 2 12 2 13 2 17 2 24 1 38 1 67 1 99 1
104 30 18 186 2 395 1 288 1 292 1 500 1 366 1 505 1 155 1 345 1 174 1 232 3 400 1 243 2 348 1 460 1 327 1 511 1 23 1
36 10 12 428 1 252 1 57 1 108 1 8 1 10 1 11 1 17 2 24 1 45 1 19 4 18 3
46 13 15 44 1 15 1 54 1 470 1 102 1 67 1 83 1 468 2 446 1 56 1 58 1 62 1 66 1 19 2 18 3
9 2 5 2 1 45 1 59 2 445 1 487 1
106 30 14 78 1 85 2 608 1 611 2 8 1 10 1 17 2 38 1 514 1 61 2 2 2 45 1 99 1 59 1
//IdTournes NbColis
17 3
//IdColis IdCommandeInColis NbProducts IdProd1 QtyProd1 IdProd2 QtyProd2 ...
102 29 13 78 1 33 1 518 1 8 1 10 1 17 2 38 1 508 1 61 1 59 2 109 1 103 1 433 1
32 8 12 17 2 24 1 102 1 489 1 45 1 97 1 59 1 56 1 58 1 62 1 476 1 66 2
6 1 2 62 1 66 2
