//NbTournees
36
//IdTournes NbColis
1 6
//IdColis IdCommandeInColis NbProducts IdProd1 QtyProd1 IdProd2 QtyProd2 ...
1 1 8 3 2 20 1 174 1 206 3 175 1 300 2 314 2 305 1
119 25 11 435 1 434 1 136 1 206 3 118 1 271 2 125 1 119 1 130 1 127 1 432 1
5 2 9 25 1 26 2 307 1 188 1 175 1 174 2 300 2 206 2 124 1
10 3 9 29 1 523 1 33 1 31 1 32 1 34 1 524 1 136 1 2 1
196 44 16 32 1 287 1 118 1 128 2 387 1 132 1 127 1 279 1 290 1 120 1 124 1 278 1 439 1 270 1 7 1 107 1
15 4 8 29 1 26 2 185 3 174 1 175 1 300 2 127 1 229 1
//IdTournes NbColis
2 6
//IdColis IdCommandeInColis NbProducts IdProd1 QtyProd1 IdProd2 QtyProd2 ...
19 5 10 26 2 185 1 173 2 175 1 188 1 174 2 300 2 339 1 389 1 2 1
151 32 9 26 2 188 1 185 3 175 1 174 2 300 2 339 1 148 1 10 1
24 6 9 52 1 539 1 51 1 175 1 174 1 206 2 300 2 249 1 415 1
29 7 9 52 1 534 1 54 1 56 1 173 3 174 1 175 1 300 2 58 1
34 8 8 64 1 63 1 54 1 175 1 174 2 206 4 300 1 161 1
40 9 9 68 1 188 1 175 1 173 3 174 2 300 2 189 1 381 1 150 1
//IdTournes NbColis
3 6
//IdColis IdCommandeInColis NbProducts IdProd1 QtyProd1 IdProd2 QtyProd2 ...
46 10 7 78 1 76 1 77 1 68 1 231 1 173 2 148 1
51 11 9 80 2 79 1 20 1 136 1 118 1 188 1 174 1 271 2 58 1
99 20 30 176 1 333 1 308 3 177 1 154 1 280 1 281 1 375 2 447 1 103 1 142 1 143 2 449 1 453 1 139 1 304 1 417 1 419 1 326 1 312 1 65 1 153 1 288 1 345 1 289 1 418 1 455 1 433 2 451 1 58 1
129 27 27 8 1 13 1 121 3 176 3 168 1 154 1 375 2 280 1 281 1 69 1 447 1 462 1 295 1 357 1 459 1 192 1 315 1 304 1 283 1 419 1 224 1 317 1 217 1 348 1 350 1 427 3 158 1
181 39 21 308 1 177 1 280 1 281 1 375 2 184 1 444 2 447 1 142 1 116 1 309 1 283 1 402 1 196 1 193 1 194 1 183 1 401 1 403 1 96 1 41 1
58 12 7 86 1 87 1 175 1 173 4 174 2 300 2 336 1
//IdTournes NbColis
4 6
//IdColis IdCommandeInColis NbProducts IdProd1 QtyProd1 IdProd2 QtyProd2 ...
65 13 9 91 1 86 1 63 1 118 1 128 3 287 1 364 1 387 1 92 1
121 25 30 7 1 9 1 10 1 14 1 16 2 438 1 2 1 24 1 6 1 8 1 106 1 117 1 121 2 176 1 280 1 281 1 273 1 436 1 203 1 126 1 431 1 437 1 295 1 357 1 131 1 116 1 283 1 326 1 317 1 422 1
171 36 19 463 1 124 1 278 1 296 3 274 2 129 1 147 1 358 3 7 1 9 1 10 1 14 1 16 1 448 1 53 1 2 1 24 1 6 1 8 1
178 39 10 173 3 188 1 175 1 174 2 300 2 404 2 189 1 389 1 381 1 448 1
63 12 19 317 1 348 2 158 1 135 1 312 1 366 1 401 2 137 2 65 2 89 1 75 1 379 2 378 2 133 1 288 1 345 2 412 1 289 1 442 1
74 14 25 131 1 116 1 304 1 309 3 265 2 283 3 417 1 326 1 198 1 182 1 356 2 350 1 405 1 230 1 394 1 135 1 194 1 187 6 351 1 366 1 401 1 331 1 297 1 137 2 89 1
//IdTournes NbColis
5 6
//IdColis IdCommandeInColis NbProducts IdProd1 QtyProd1 IdProd2 QtyProd2 ...
75 14 14 89 2 65 3 420 1 379 3 378 3 166 1 288 1 289 1 345 2 97 3 96 2 41 1 508 1 209 1
117 24 21 122 1 199 3 135 1 187 4 292 1 201 1 331 1 297 1 137 2 202 1 65 1 89 1 379 3 378 3 195 1 166 1 345 2 289 1 412 1 327 1 41 1
154 32 31 12 1 18 1 203 2 186 1 392 1 4 1 38 1 192 3 309 2 283 1 402 1 135 1 181 1 183 1 351 1 401 1 204 1 297 1 137 1 202 1 11 1 75 1 89 1 379 2 378 2 133 1 345 1 289 1 442 1 441 1 443 2
165 34 15 182 1 294 1 394 4 181 1 183 3 187 3 284 2 297 2 75 1 89 1 288 2 289 1 466 2 433 1 467 1
212 49 28 16 2 477 1 2 1 24 1 6 1 8 1 13 1 212 1 121 2 176 2 280 1 281 1 273 1 126 1 357 1 116 1 309 1 283 1 419 1 326 1 198 1 317 1 122 1 138 1 89 1 289 1 96 1 92 1
220 51 14 475 1 309 1 131 1 116 1 198 1 317 1 122 1 312 1 65 1 89 1 418 1 327 1 289 1 467 1
//IdTournes NbColis
6 6
//IdColis IdCommandeInColis NbProducts IdProd1 QtyProd1 IdProd2 QtyProd2 ...
243 58 29 39 2 45 2 323 1 117 3 121 2 280 1 281 1 273 1 179 1 42 1 295 1 357 2 116 1 283 1 309 1 139 1 326 1 317 1 198 1 122 1 135 1 137 1 89 1 379 1 378 1 28 1 327 1 289 1 133 1
79 15 19 178 2 349 2 407 1 358 1 329 1 10 2 72 2 104 1 2 2 5 1 6 2 101 1 102 1 8 2 13 2 39 2 45 2 179 1 97 1
134 28 23 16 1 2 1 24 1 6 1 101 1 8 1 13 1 226 1 176 2 308 2 168 3 375 2 280 1 281 1 184 1 12 1 414 2 392 2 376 1 227 1 283 2 402 3 228 1
180 39 23 147 1 310 1 338 1 156 1 253 3 149 1 372 1 9 1 10 1 14 1 16 2 101 1 445 1 67 1 446 1 2 1 5 1 6 1 8 1 13 2 226 1 176 2 308 1
228 54 29 10 1 61 1 16 1 2 1 24 1 6 1 8 1 13 1 39 2 117 3 121 2 212 1 280 1 281 1 273 1 42 1 295 1 357 1 116 1 318 1 317 1 122 1 204 1 65 1 28 1 289 1 479 1 480 1 112 1
108 23 8 63 1 185 3 188 1 175 1 174 2 300 2 180 3 181 1
//IdTournes NbColis
7 6
//IdColis IdCommandeInColis NbProducts IdProd1 QtyProd1 IdProd2 QtyProd2 ...
141 30 9 63 1 188 1 173 3 174 2 175 1 300 2 189 1 332 2 430 1
11 3 10 206 3 118 1 271 2 119 1 125 1 127 2 316 3 325 1 344 1 28 1
38 8 23 283 1 398 1 419 1 317 2 244 1 348 2 350 1 230 1 158 1 225 1 312 1 401 1 65 3 28 1 246 1 247 1 288 1 289 1 412 1 327 1 66 1 209 1 352 1
66 13 14 387 1 119 1 125 1 314 1 127 2 316 1 325 1 123 1 120 1 124 1 278 1 279 4 290 1 28 1
81 15 7 394 1 187 2 312 1 65 2 28 1 345 1 289 1
83 16 22 16 1 27 1 2 1 24 1 6 1 8 1 106 1 39 2 280 1 281 1 273 1 117 1 121 1 42 1 214 1 309 1 198 1 138 1 28 1 289 1 44 1 105 1
//IdTournes NbColis
8 6
//IdColis IdCommandeInColis NbProducts IdProd1 QtyProd1 IdProd2 QtyProd2 ...
86 17 19 117 1 212 1 121 2 280 1 281 1 273 1 42 1 295 1 357 1 116 1 283 2 198 1 317 1 122 1 28 1 247 1 327 1 289 1 108 1
91 18 23 168 1 280 1 281 1 375 1 42 1 186 3 203 1 4 1 110 1 326 1 430 1 135 1 201 1 297 1 137 1 75 1 379 2 378 2 28 1 133 1 288 1 345 2 289 1
139 29 26 333 1 308 2 280 1 281 1 375 2 184 1 12 1 42 1 142 1 392 1 4 1 309 1 283 1 402 1 326 1 230 1 394 1 181 1 183 2 187 1 401 1 169 1 28 1 345 2 289 1 490 1
185 40 16 121 1 177 1 168 1 280 1 281 1 273 1 42 1 326 1 170 1 122 1 297 1 28 1 327 1 288 1 289 1 433 1
219 51 26 310 1 219 1 7 1 9 1 10 1 14 1 16 1 27 2 2 1 24 1 6 1 8 1 13 1 39 2 212 2 121 2 176 2 280 1 281 1 375 1 22 1 42 1 126 1 357 1 295 1 28 1
231 55 17 324 1 325 1 151 3 120 1 124 1 301 2 296 3 147 1 393 1 320 1 149 1 7 1 9 1 10 1 14 1 16 1 28 1
//IdTournes NbColis
9 6
//IdColis IdCommandeInColis NbProducts IdProd1 QtyProd1 IdProd2 QtyProd2 ...
245 59 14 174 1 206 2 175 1 300 2 127 1 130 1 151 2 301 1 296 2 120 1 124 1 147 1 149 1 28 1
207 48 10 492 1 491 1 136 1 206 3 118 1 271 2 148 1 127 1 120 1 124 1
211 49 19 316 1 325 1 293 1 120 1 124 1 301 1 296 2 274 2 147 1 310 1 365 1 478 1 358 1 163 2 7 1 9 1 10 1 61 1 295 1
77 15 8 98 1 99 1 173 4 175 1 174 2 300 3 119 1 100 1
101 21 12 98 1 150 1 164 1 355 1 324 1 151 3 120 1 124 1 301 2 368 3 129 2 157 1
16 4 22 151 2 120 1 124 1 301 1 296 2 147 1 178 1 415 1 384 1 303 2 9 1 10 1 14 1 16 1 302 1 36 1 35 1 2 1 5 1 6 1 8 1 176 1
//IdTournes NbColis
10 6
//IdColis IdCommandeInColis NbProducts IdProd1 QtyProd1 IdProd2 QtyProd2 ...
144 30 22 10 1 61 1 16 2 483 1 485 1 2 1 5 1 6 2 8 1 13 2 226 1 179 2 176 2 168 1 333 2 308 2 280 1 281 1 375 2 184 1 482 1 376 2
239 57 23 502 1 121 2 154 1 177 1 168 1 176 2 280 1 281 1 375 1 482 1 501 1 376 1 4 1 374 1 309 2 122 1 297 1 263 1 457 1 288 1 345 2 289 1 327 1
145 30 24 60 1 486 2 265 5 283 2 304 2 309 4 198 1 134 1 348 1 135 1 183 1 401 1 411 1 284 1 137 1 169 1 379 2 378 1 484 1 195 1 47 1 409 1 105 1 209 1
88 18 8 111 1 109 1 174 1 175 1 206 3 300 2 314 2 216 1
104 21 7 166 1 288 1 289 1 412 1 433 1 497 1 108 1
122 25 8 422 1 430 1 351 1 204 1 207 1 327 1 433 3 205 1
//IdTournes NbColis
11 6
//IdColis IdCommandeInColis NbProducts IdProd1 QtyProd1 IdProd2 QtyProd2 ...
132 28 10 109 1 173 3 188 1 175 1 174 2 300 2 189 1 389 1 148 1 142 1
186 41 8 109 1 136 2 118 1 128 4 271 3 503 1 404 1 480 1
237 57 9 500 1 239 1 174 1 206 3 175 1 300 2 311 1 148 1 127 2
70 14 10 94 1 236 1 240 1 164 1 355 1 382 4 313 4 216 2 421 1 399 1
204 47 11 476 1 504 1 174 1 206 2 175 1 300 2 148 1 127 1 151 2 120 1 170 1
210 49 12 476 1 307 1 306 1 174 1 206 2 175 1 364 1 271 2 119 1 125 1 127 1 246 1
//IdTournes NbColis
12 6
//IdColis IdCommandeInColis NbProducts IdProd1 QtyProd1 IdProd2 QtyProd2 ...
136 29 11 173 3 188 1 174 2 175 1 300 2 189 1 389 1 489 1 148 1 150 1 129 1
230 55 9 487 1 175 1 188 2 174 2 206 3 300 2 339 1 148 1 316 1
2 1 19 127 1 151 2 120 1 124 1 301 1 296 2 147 1 330 3 7 1 9 1 10 1 14 1 16 2 2 1 5 1 6 1 8 1 13 1 135 1
7 2 22 296 1 129 1 147 1 393 1 221 1 149 1 7 1 9 1 10 2 14 1 16 2 400 1 21 1 27 1 2 1 24 1 6 2 8 1 13 2 121 2 176 2 333 1
26 6 26 7 1 9 1 10 1 14 1 16 2 141 1 49 1 53 1 48 1 2 1 5 1 6 1 8 1 13 2 15 1 121 2 176 2 177 1 168 2 280 1 281 1 375 1 309 1 265 1 326 1 317 1
31 7 20 147 1 532 1 415 1 380 1 410 2 219 3 7 1 9 1 10 1 61 1 16 2 55 1 2 1 24 1 6 1 8 1 13 2 168 1 333 3 308 2
//IdTournes NbColis
13 6
//IdColis IdCommandeInColis NbProducts IdProd1 QtyProd1 IdProd2 QtyProd2 ...
36 8 23 296 1 146 1 129 1 147 1 330 1 365 1 178 1 415 1 329 1 372 1 386 1 7 1 9 1 10 2 61 1 16 2 245 1 27 1 2 1 24 1 6 1 8 1 13 2
42 9 15 151 3 296 3 301 2 178 1 393 1 372 2 385 1 157 2 386 2 10 2 72 1 21 1 74 1 67 1 2 1
47 10 14 188 1 175 1 300 2 174 2 189 1 389 1 127 1 319 1 150 1 316 1 324 1 347 1 124 1 2 1
54 11 23 530 1 149 1 211 1 385 1 10 2 72 1 400 2 2 1 24 1 6 2 81 1 8 1 13 2 212 1 121 2 176 2 280 1 281 1 273 2 12 1 184 1 337 1 528 1
61 12 21 147 1 310 1 178 1 144 1 328 2 238 1 329 1 413 1 7 1 9 1 10 2 85 1 14 1 16 2 400 2 527 1 483 1 84 1 2 2 5 1 6 2
67 13 24 290 1 270 1 7 1 9 1 10 1 61 1 16 1 27 2 2 1 24 1 6 1 8 1 93 2 13 1 39 2 117 3 121 2 280 1 281 1 273 1 42 1 126 1 295 1 357 1
//IdTournes NbColis
14 6
//IdColis IdCommandeInColis NbProducts IdProd1 QtyProd1 IdProd2 QtyProd2 ...
73 14 20 2 2 5 1 6 2 8 2 13 2 39 2 15 2 176 3 333 1 308 3 280 1 281 1 375 2 536 1 42 1 142 1 376 1 399 1 295 1 357 2
85 17 20 296 3 274 2 147 1 310 1 384 2 7 1 9 1 10 1 61 1 16 1 27 1 107 1 45 2 2 1 24 1 6 1 8 1 13 1 39 2 117 1
90 18 23 129 2 147 1 415 1 359 1 7 1 9 1 10 1 61 1 113 1 16 1 535 1 27 1 2 1 5 1 6 1 8 1 13 2 39 2 45 2 121 2 176 2 177 1 112 1
94 19 22 120 1 124 1 278 1 279 2 290 2 129 1 362 1 276 1 385 1 386 1 7 1 9 1 10 1 61 1 16 1 6 1 8 1 2 1 13 1 24 1 117 2 121 1
98 20 22 415 1 144 1 384 1 149 1 362 1 329 1 450 1 9 1 10 2 14 1 16 2 141 1 400 1 452 1 446 1 2 2 5 1 6 2 8 2 13 2 176 2 75 1
102 21 22 129 1 146 1 147 1 330 1 167 1 367 1 495 2 496 1 369 1 159 1 161 1 541 2 156 1 165 1 329 1 163 1 10 2 72 1 2 1 5 1 6 1 493 1
//IdTournes NbColis
15 6
//IdColis IdCommandeInColis NbProducts IdProd1 QtyProd1 IdProd2 QtyProd2 ...
106 22 24 415 1 9 1 10 1 14 1 16 2 5 1 6 1 8 1 2 1 13 2 168 3 176 2 177 1 280 1 281 1 375 1 333 2 308 2 419 1 304 1 326 1 162 2 170 1 41 1
110 23 21 296 2 129 2 178 1 393 1 380 2 149 1 7 1 9 1 10 1 61 1 16 1 445 1 2 1 24 1 6 1 8 1 13 1 179 1 176 2 333 3 308 1
115 24 20 129 1 147 1 310 1 165 1 9 1 10 2 14 1 16 2 474 1 27 1 2 2 5 1 6 2 8 2 13 2 88 1 179 1 308 3 176 2 473 1
124 26 25 296 1 301 1 147 1 415 1 7 1 9 1 10 1 61 1 16 2 506 1 507 1 24 1 6 1 8 1 2 1 13 2 177 1 168 1 212 2 121 2 280 1 281 1 375 1 176 1 122 1
128 27 23 296 2 146 2 129 1 147 1 330 1 178 1 144 1 161 1 223 1 380 1 329 1 7 1 9 1 10 1 113 1 14 1 16 1 27 1 461 1 458 1 2 1 5 1 6 1
138 29 24 147 1 167 1 328 1 380 1 165 1 149 1 9 1 10 1 14 1 16 2 107 1 485 1 67 1 2 1 5 1 6 1 8 1 13 2 39 2 45 2 226 1 176 2 333 1 405 1
//IdTournes NbColis
16 6
//IdColis IdCommandeInColis NbProducts IdProd1 QtyProd1 IdProd2 QtyProd2 ...
149 31 27 10 1 61 1 16 1 104 1 400 2 24 1 6 1 8 1 106 1 2 1 121 2 242 1 117 2 280 1 281 1 273 1 18 1 295 1 357 1 116 1 198 1 317 1 182 2 122 1 241 1 282 3 137 1
153 32 24 129 1 147 1 178 1 393 1 223 1 329 1 372 1 10 1 72 1 250 1 2 1 5 1 6 2 8 1 13 2 176 2 308 2 154 1 280 1 281 1 375 2 184 1 12 1 196 1
158 33 31 7 1 9 1 10 1 61 1 16 1 6 1 2 1 8 1 13 1 514 1 24 1 121 2 176 2 375 1 280 1 281 1 343 1 424 1 357 1 399 1 295 1 131 1 335 1 283 1 197 1 198 1 244 1 122 1 135 1 401 1 282 1
163 34 18 178 2 254 1 358 1 253 2 156 1 149 1 410 2 10 2 72 1 107 3 468 1 27 1 2 1 5 1 6 2 8 1 13 2 470 3
168 35 26 510 1 219 2 7 1 9 1 10 1 61 1 16 1 383 1 5 1 6 1 81 1 8 1 13 2 2 1 121 1 177 1 280 1 281 1 375 1 176 2 333 3 308 1 509 1 304 1 326 1 255 1
175 37 33 53 1 24 1 6 1 8 1 2 1 13 1 212 1 121 2 176 2 280 1 281 1 375 1 17 1 155 1 126 1 424 1 357 1 295 1 131 1 116 1 264 1 265 1 198 1 317 1 430 1 122 1 194 1 183 1 75 1 263 1 289 1 66 1 58 1
//IdTournes NbColis
17 6
//IdColis IdCommandeInColis NbProducts IdProd1 QtyProd1 IdProd2 QtyProd2 ...
184 40 21 129 1 270 1 415 1 267 1 269 1 268 2 386 2 7 1 9 1 10 1 61 1 16 2 2 1 24 1 6 1 8 1 13 2 39 2 45 2 117 2 121 1
189 41 24 16 1 141 4 2 1 24 1 6 1 8 1 13 1 121 3 117 3 168 1 154 1 280 1 281 1 273 2 186 1 295 1 357 1 304 1 283 1 419 1 348 1 225 1 138 2 158 1
192 42 14 9 1 10 1 61 1 16 1 24 1 6 1 8 1 13 1 2 1 273 1 117 1 121 1 280 1 281 1
194 43 25 515 1 439 2 278 1 129 1 270 1 7 1 9 1 10 1 61 1 16 1 516 1 6 1 8 1 2 1 13 1 24 1 117 2 121 2 280 1 281 1 273 1 357 1 295 1 116 1 283 1
197 44 28 9 1 10 1 61 1 16 1 2 1 24 1 6 1 8 1 106 1 212 1 117 2 121 1 280 1 281 1 273 1 43 1 42 1 214 1 38 1 402 1 170 1 201 1 291 1 440 1 288 1 289 1 191 1 345 1
200 45 16 2 1 8 1 13 1 24 1 280 1 281 1 273 1 117 1 121 1 295 1 402 1 294 1 292 1 201 1 191 1 30 1
//IdTournes NbColis
18 6
//IdColis IdCommandeInColis NbProducts IdProd1 QtyProd1 IdProd2 QtyProd2 ...
202 46 25 10 1 61 1 16 1 53 1 24 1 6 1 8 1 37 1 106 1 2 1 179 1 121 1 176 1 281 1 375 1 203 1 521 1 283 1 402 1 170 1 394 1 292 1 297 1 201 1 288 1
205 47 25 124 1 301 1 296 2 7 1 9 1 10 1 14 1 16 1 6 1 8 1 2 1 13 1 24 1 121 2 176 2 177 1 280 1 281 1 375 1 505 1 122 1 292 1 201 1 297 1 288 1
208 48 21 301 1 274 2 296 3 129 2 147 1 415 1 7 1 9 1 10 1 61 1 16 1 104 1 432 1 2 1 5 1 6 1 8 1 13 1 177 1 168 1 212 1
215 50 18 301 2 368 3 129 2 147 1 393 1 149 1 10 2 72 1 141 1 5 1 6 1 8 1 2 1 13 2 226 1 176 2 308 2 280 1
222 52 23 279 3 270 1 380 1 372 1 7 1 9 1 10 1 61 1 16 1 6 1 517 1 8 1 2 1 13 1 24 1 117 3 121 2 280 1 281 1 273 1 518 1 357 1 295 1
225 53 27 274 1 270 1 310 1 303 1 7 1 9 1 10 1 61 1 16 1 24 1 6 1 8 1 13 1 2 1 117 1 121 2 212 1 280 1 281 1 273 1 126 1 295 1 357 1 116 1 283 1 122 1 289 1
//IdTournes NbColis
19 6
//IdColis IdCommandeInColis NbProducts IdProd1 QtyProd1 IdProd2 QtyProd2 ...
232 55 25 16 1 400 1 27 1 2 1 5 1 6 1 8 1 13 2 39 2 45 2 121 2 212 2 176 2 154 1 375 2 280 1 281 1 184 1 42 1 186 1 392 1 304 1 283 1 402 1 326 1
235 56 19 278 1 279 3 274 2 322 1 270 1 321 2 7 1 9 1 10 1 61 1 16 1 24 1 6 1 8 1 13 1 2 1 117 3 121 2 280 1
238 57 21 151 2 120 1 124 1 301 1 296 2 129 2 147 1 373 1 415 1 7 1 498 1 9 1 10 1 61 1 16 1 2 1 5 1 6 1 8 1 13 1 499 1
242 58 20 123 1 120 1 274 2 278 1 279 4 124 1 270 1 7 1 9 1 10 1 61 1 16 1 383 1 250 1 27 1 2 1 24 1 6 1 8 1 13 1
246 59 26 269 1 7 1 9 1 10 1 14 1 16 2 432 1 27 1 2 1 5 1 6 1 8 1 13 1 39 2 45 2 176 2 177 1 280 1 121 2 42 1 170 1 297 1 201 1 65 1 288 1 289 1
248 60 24 132 1 127 1 274 1 278 1 296 2 120 1 124 1 147 1 7 1 9 1 10 1 61 1 16 1 511 1 5 1 6 1 8 1 13 1 2 1 280 1 281 1 273 1 212 1 170 1
//IdTournes NbColis
20 6
//IdColis IdCommandeInColis NbProducts IdProd1 QtyProd1 IdProd2 QtyProd2 ...
82 16 17 29 1 314 1 127 1 313 1 279 2 274 1 120 1 124 1 278 1 146 1 129 1 270 1 178 1 7 1 9 1 10 1 61 1
59 12 13 300 1 404 1 119 1 406 1 83 1 286 1 148 2 150 1 127 3 316 1 324 1 216 1 358 1
142 30 15 389 1 83 1 150 1 148 2 127 1 316 1 390 1 299 1 235 1 234 1 124 1 120 1 151 3 368 1 378 1
113 24 8 472 1 200 1 173 4 174 2 175 1 300 3 148 1 355 1
214 50 12 472 1 188 1 522 1 389 2 150 1 164 1 355 1 382 2 391 1 151 3 120 1 124 1
3 1 28 13 1 15 1 168 1 121 2 177 1 176 2 12 1 1 1 17 1 18 1 203 1 4 1 309 1 377 2 170 1 122 1 138 1 201 1 297 1 137 1 11 1 19 1 379 2 378 2 133 1 166 1 345 2 289 1
//IdTournes NbColis
21 6
//IdColis IdCommandeInColis NbProducts IdProd1 QtyProd1 IdProd2 QtyProd2 ...
44 9 24 414 1 4 2 190 1 192 1 309 1 162 2 182 1 422 1 193 1 135 1 194 3 183 1 401 1 137 1 75 1 379 2 378 2 191 2 195 1 345 4 289 1 327 2 41 2 71 2
55 11 22 214 3 186 1 203 2 392 1 521 2 4 1 309 3 283 1 417 2 419 3 402 1 326 1 198 1 317 3 140 1 217 2 122 2 135 1 181 1 183 1 138 2 531 1
126 27 9 99 1 185 1 175 1 174 2 206 3 300 3 364 1 404 1 148 1
249 60 9 117 1 121 1 392 1 4 1 297 1 201 1 288 1 345 1 289 1
8 2 22 333 3 168 2 280 1 281 1 375 2 23 1 184 1 22 1 186 1 203 2 220 1 309 1 283 1 402 1 217 1 346 1 181 1 183 1 187 1 138 1 401 2 166 1
13 3 22 39 1 93 2 117 2 121 2 280 1 281 1 273 1 42 1 186 2 521 1 295 1 357 1 116 1 218 1 283 1 198 1 317 1 75 1 289 1 30 1 526 1 525 1
//IdTournes NbColis
22 6
//IdColis IdCommandeInColis NbProducts IdProd1 QtyProd1 IdProd2 QtyProd2 ...
56 11 20 138 3 312 2 354 1 208 1 137 1 202 1 75 1 379 2 378 2 529 1 133 1 288 1 345 1 412 1 403 1 289 1 30 1 209 3 205 2 353 1
12 3 20 423 1 120 1 124 1 278 1 296 4 274 2 147 1 310 1 266 1 7 1 9 1 10 1 61 1 16 1 24 1 6 1 8 1 106 1 39 1 166 1
241 58 11 31 1 118 1 128 3 271 2 136 1 119 1 125 1 324 1 325 1 316 1 127 1
21 5 21 129 1 147 1 149 1 9 1 10 2 14 1 16 2 27 1 537 1 5 1 6 2 8 1 13 2 39 2 45 2 226 1 176 2 308 2 168 2 280 1 44 1
43 9 20 5 1 6 1 8 1 13 2 179 3 176 2 333 1 308 2 154 1 280 1 281 1 375 2 69 3 12 1 184 1 70 3 73 1 143 3 392 1 414 1
48 10 13 151 3 120 1 301 2 368 3 146 1 129 3 367 1 393 2 149 1 7 1 10 1 16 2 5 1
//IdTournes NbColis
23 6
//IdColis IdCommandeInColis NbProducts IdProd1 QtyProd1 IdProd2 QtyProd2 ...
49 10 26 6 1 8 1 226 2 179 1 233 1 176 2 333 1 308 2 280 1 281 1 375 2 184 1 142 1 232 1 376 1 392 1 283 1 398 1 402 1 193 1 135 1 401 1 137 1 379 2 378 2 195 1
103 21 28 6 1 8 1 13 2 154 1 176 3 308 3 280 1 281 1 375 2 12 1 494 1 155 1 414 1 295 1 357 1 471 1 304 1 417 1 419 1 326 1 162 1 160 1 348 1 394 1 158 1 366 1 312 1 484 1
199 45 20 136 1 118 1 128 1 387 1 132 1 127 1 293 1 278 1 279 1 290 1 120 1 124 1 270 1 7 1 9 1 10 1 61 1 16 1 6 1 170 1
133 28 15 316 1 344 2 124 1 151 3 120 1 301 2 368 3 147 2 149 1 7 1 9 1 10 1 61 1 16 1 429 1
143 30 12 368 2 301 2 146 5 129 2 330 2 178 1 367 2 393 1 149 1 410 2 7 1 9 1
148 31 18 215 2 120 1 124 1 213 1 340 1 278 1 296 3 274 2 129 1 147 1 310 1 361 1 362 1 363 1 7 1 498 1 9 1 135 1
//IdTournes NbColis
24 6
//IdColis IdCommandeInColis NbProducts IdProd1 QtyProd1 IdProd2 QtyProd2 ...
174 37 16 132 1 127 2 325 1 316 1 151 2 120 1 124 1 301 1 296 2 129 2 147 1 7 1 9 1 10 1 61 1 16 1
188 41 17 278 1 296 4 274 3 146 1 270 1 330 1 178 1 144 1 161 1 221 2 329 1 268 1 7 1 9 1 10 1 61 1 186 1
191 42 18 504 1 136 1 118 1 271 1 128 1 275 1 123 1 274 1 120 1 124 1 278 1 279 1 495 1 276 1 277 1 157 1 7 1 138 1
201 46 17 504 1 200 1 174 1 206 1 175 1 300 1 132 1 299 1 296 1 120 1 124 1 301 1 274 1 298 1 7 1 9 1 280 1
227 54 14 316 1 127 2 319 1 325 1 123 1 279 4 120 1 124 1 278 1 274 2 129 1 270 1 7 1 9 1
72 14 15 368 2 129 3 147 2 310 1 328 1 238 1 358 2 149 2 219 1 386 2 10 2 72 2 95 1 45 2 195 1
//IdTournes NbColis
25 6
//IdColis IdCommandeInColis NbProducts IdProd1 QtyProd1 IdProd2 QtyProd2 ...
172 36 23 13 1 212 1 117 2 121 2 280 1 281 1 273 1 295 1 357 1 131 1 116 1 283 1 326 1 244 2 122 1 183 1 401 1 208 1 464 2 289 1 327 1 44 3 259 1
130 27 15 199 1 225 1 183 1 312 1 401 1 75 1 456 1 457 1 288 1 345 1 289 1 412 1 396 1 460 1 92 1
32 7 27 177 1 176 2 280 1 281 1 375 1 57 1 62 1 1 1 533 1 60 1 218 1 309 3 417 3 326 1 427 1 187 3 401 1 292 2 201 1 297 1 493 1 288 1 345 1 289 1 47 2 41 1 205 1
62 12 24 8 2 88 1 13 2 323 1 154 1 308 3 176 3 280 1 281 1 375 2 69 1 12 1 57 1 142 1 414 1 295 1 357 1 335 1 304 2 283 1 417 1 419 1 326 1 428 2
125 26 12 176 1 126 1 304 3 309 2 326 1 217 1 138 2 297 1 288 1 345 1 289 1 460 1
27 6 20 170 1 394 1 260 1 135 1 138 3 401 1 292 1 201 1 297 1 137 1 208 1 420 1 50 1 379 2 378 2 133 1 289 1 47 1 46 1 261 1
//IdTournes NbColis
26 6
//IdColis IdCommandeInColis NbProducts IdProd1 QtyProd1 IdProd2 QtyProd2 ...
17 4 23 37 1 13 2 39 2 45 2 176 1 177 1 308 2 280 1 281 1 375 1 40 1 42 1 143 1 38 1 304 1 170 1 122 1 199 1 401 1 297 1 345 1 289 1 41 1
22 5 19 281 1 375 2 184 1 43 2 42 1 142 1 392 1 304 2 283 3 402 1 244 2 181 1 187 3 312 3 401 1 284 1 289 1 46 3 44 1
135 28 9 402 1 428 2 481 1 394 2 193 1 401 1 65 1 288 2 345 2
30 7 12 381 3 389 3 148 1 127 1 313 1 124 1 151 2 120 1 301 1 296 2 129 1 59 1
159 33 7 137 1 513 1 379 1 378 1 133 1 327 1 455 1
52 11 12 206 3 132 1 339 1 130 2 316 1 325 1 216 1 293 1 425 1 215 2 213 2 82 1
//IdTournes NbColis
27 6
//IdColis IdCommandeInColis NbProducts IdProd1 QtyProd1 IdProd2 QtyProd2 ...
35 8 13 300 2 404 1 119 1 406 1 249 1 316 1 325 1 120 1 124 1 151 3 301 2 296 2 66 1
152 32 13 150 1 127 2 316 1 324 1 391 1 313 1 408 1 120 1 124 1 151 3 296 3 301 2 66 1
216 50 18 281 1 375 2 184 1 142 1 126 1 392 1 160 1 244 1 348 1 394 1 284 1 282 1 75 3 288 2 466 1 66 2 41 1 442 2
93 19 13 520 1 136 1 118 1 128 2 387 2 132 1 125 1 314 1 130 1 127 1 316 1 325 1 131 1
116 24 22 176 1 280 1 281 1 375 2 12 1 155 1 203 5 424 2 376 1 414 2 131 2 116 1 309 2 265 1 283 1 417 1 419 2 197 1 162 1 198 1 317 2 196 1
164 34 21 470 1 226 1 179 2 176 2 308 2 280 1 281 1 375 2 184 1 12 1 465 1 186 1 392 1 471 2 309 2 265 2 283 3 419 3 197 2 317 2 182 1
//IdTournes NbColis
28 6
//IdColis IdCommandeInColis NbProducts IdProd1 QtyProd1 IdProd2 QtyProd2 ...
80 15 23 242 1 176 3 308 3 154 1 280 1 281 1 375 2 103 1 42 1 1 1 392 1 295 1 357 1 304 2 309 3 265 2 283 1 417 2 419 1 326 1 244 2 348 1 350 1
162 34 12 120 1 124 1 151 3 301 2 296 3 129 1 147 2 322 3 330 1 310 2 178 1 469 1
37 8 18 45 2 39 2 121 3 323 4 176 3 168 3 154 1 280 1 281 1 375 2 42 1 295 1 357 1 248 1 116 1 190 1 304 1 283 4
111 23 19 308 1 168 4 280 1 281 1 375 2 184 1 337 3 40 1 186 1 388 3 392 3 402 1 162 2 182 2 183 1 187 2 345 1 289 1 46 1
107 22 11 170 2 171 1 394 3 297 1 169 1 172 1 403 1 289 1 41 2 508 1 46 2
236 56 14 281 1 273 1 295 1 357 1 519 1 116 1 131 1 283 1 317 1 122 1 75 1 172 1 166 1 289 1
//IdTournes NbColis
29 6
//IdColis IdCommandeInColis NbProducts IdProd1 QtyProd1 IdProd2 QtyProd2 ...
95 19 20 121 1 280 1 281 1 273 1 17 1 18 1 295 1 357 1 283 1 114 1 134 1 122 1 135 1 138 2 297 1 137 1 379 1 378 1 133 1 327 1
68 13 10 115 1 116 1 283 1 395 1 114 1 350 1 122 1 289 1 327 1 90 1
71 14 12 425 1 237 1 342 1 426 2 124 1 213 3 151 3 120 1 340 3 301 2 368 1 27 1
137 29 13 127 1 316 1 324 1 391 1 229 2 123 1 124 1 120 1 151 3 301 2 296 3 129 1 27 1
97 20 13 151 1 120 1 124 2 301 2 368 1 296 3 146 2 129 3 147 1 330 1 310 2 454 1 140 1
233 55 12 422 1 122 1 196 1 181 1 199 1 401 1 292 1 153 2 289 1 488 1 46 1 451 1
//IdTournes NbColis
30 6
//IdColis IdCommandeInColis NbProducts IdProd1 QtyProd1 IdProd2 QtyProd2 ...
53 11 14 120 1 124 1 285 1 340 2 301 2 296 3 360 1 274 3 147 1 322 2 393 1 210 1 238 1 471 1
195 43 9 317 1 430 1 122 1 158 1 282 1 284 1 246 1 289 1 327 1
209 48 16 117 2 121 2 280 1 281 1 273 1 304 1 170 1 122 1 292 1 201 1 297 1 284 1 493 1 75 1 289 1 288 1
161 34 7 148 1 127 6 316 2 324 1 313 4 234 2 107 1
169 35 10 255 1 170 1 182 1 122 1 201 1 297 1 247 1 288 1 256 1 46 1
190 41 7 312 1 401 1 284 2 75 1 289 1 345 1 412 1
//IdTournes NbColis
31 6
//IdColis IdCommandeInColis NbProducts IdProd1 QtyProd1 IdProd2 QtyProd2 ...
96 20 13 370 1 404 1 381 2 148 1 150 1 127 2 316 1 416 1 324 1 145 1 313 1 151 3 152 1
157 33 17 425 1 251 1 215 1 252 1 342 1 426 1 120 1 124 1 213 1 151 2 340 1 301 1 296 2 129 2 178 1 149 1 329 1
167 35 14 258 1 185 2 174 1 175 1 300 2 151 2 120 1 124 1 301 1 296 2 129 1 257 1 415 1 256 1
177 38 1 155 1
78 15 14 406 1 236 1 150 1 127 1 316 1 324 1 120 1 124 1 151 3 296 3 301 2 146 1 147 1 158 1
223 52 7 116 1 315 1 283 1 402 1 198 1 122 1 289 1
//IdTournes NbColis
32 6
//IdColis IdCommandeInColis NbProducts IdProd1 QtyProd1 IdProd2 QtyProd2 ...
120 25 13 127 1 316 1 325 2 371 3 124 1 120 1 301 1 296 3 274 2 147 1 178 1 372 2 289 1
187 41 13 119 1 125 1 148 1 127 5 316 1 275 1 324 1 325 1 272 1 120 1 124 1 278 1 221 1
218 51 16 311 1 127 2 390 1 325 1 316 1 234 1 344 1 151 1 120 1 124 1 274 1 296 2 301 1 129 2 147 1 288 1
25 6 15 262 1 127 1 538 1 313 1 216 1 425 1 213 2 151 2 120 1 124 1 301 1 340 2 296 2 147 1 410 1
60 12 12 216 1 425 1 213 2 285 1 120 1 124 1 151 3 340 2 301 2 296 3 146 2 329 1
89 18 14 406 1 127 1 421 1 425 1 215 2 213 2 151 2 120 1 124 1 285 1 360 1 301 1 340 2 296 2
//IdTournes NbColis
33 6
//IdColis IdCommandeInColis NbProducts IdProd1 QtyProd1 IdProd2 QtyProd2 ...
150 31 8 243 1 420 1 379 1 378 1 133 1 289 1 327 1 531 1
170 36 12 231 1 136 1 206 3 118 1 188 1 271 2 119 1 125 1 127 1 316 1 325 1 120 1
156 33 12 341 1 185 2 175 1 174 1 300 2 119 1 406 1 127 1 325 1 316 1 229 2 216 1
123 26 11 174 1 206 3 175 1 300 2 222 1 316 2 127 1 124 1 151 2 120 1 296 1
147 31 13 136 1 118 1 271 2 128 3 119 1 125 1 222 1 127 1 316 1 325 1 216 1 425 1 512 1
69 14 8 239 1 173 4 175 1 174 2 300 3 119 1 381 2 400 1
//IdTournes NbColis
34 6
//IdColis IdCommandeInColis NbProducts IdProd1 QtyProd1 IdProd2 QtyProd2 ...
84 17 14 136 1 206 2 118 1 271 2 119 1 125 1 286 1 127 1 316 1 325 1 120 1 124 1 278 1 129 1
183 40 11 136 1 118 1 271 2 128 2 127 1 421 2 120 1 124 1 274 2 278 1 296 3
221 52 13 136 1 118 1 271 1 128 3 387 1 119 1 125 1 325 1 316 1 120 1 124 1 274 2 278 1
224 53 15 136 1 118 1 128 2 387 1 119 1 125 1 127 1 316 1 325 1 120 1 124 1 278 1 279 2 274 1 117 1
234 56 12 136 1 118 1 128 3 271 2 119 1 125 1 127 2 316 1 325 1 120 1 124 1 126 1
20 5 12 381 1 127 2 150 1 316 1 324 1 391 1 151 3 120 1 124 1 301 2 296 3 146 1
//IdTournes NbColis
35 6
//IdColis IdCommandeInColis NbProducts IdProd1 QtyProd1 IdProd2 QtyProd2 ...
105 22 12 173 3 174 1 175 1 300 2 127 1 151 2 120 1 124 1 368 2 301 1 147 1 367 1
6 2 13 206 1 339 1 389 1 148 1 316 1 324 1 325 1 313 2 151 3 120 1 301 2 296 2 186 1
109 23 14 339 1 389 1 148 1 150 1 127 1 316 1 390 2 324 1 120 1 124 1 151 3 301 2 296 1 283 1
160 34 10 188 1 174 2 175 1 185 3 300 2 339 1 389 1 249 2 150 1 344 1
179 39 12 164 1 150 2 127 1 249 1 382 1 275 1 120 1 124 1 151 3 301 2 368 3 129 1
114 24 10 382 2 313 3 123 1 124 1 120 1 151 3 301 2 368 3 129 2 358 1
//IdTournes NbColis
36 3
//IdColis IdCommandeInColis NbProducts IdProd1 QtyProd1 IdProd2 QtyProd2 ...
127 27 13 119 1 406 1 127 2 316 1 324 1 325 2 313 1 124 1 151 3 120 1 301 2 296 1 397 1
193 43 14 118 1 128 2 287 1 387 1 540 1 119 1 125 1 127 2 316 1 325 1 120 1 124 1 515 1 129 1
41 9 10 127 1 334 3 316 1 416 1 324 2 391 3 313 1 423 3 124 1 120 1
