//NbTournees
6
//IdTournes NbColis
1 6
//IdColis IdCommandeInColis NbProducts IdProd1 QtyProd1 IdProd2 QtyProd2 ...
3 1 15 269 1 151 3 206 2 302 1 50 1 136 1 230 1 237 2 265 1 323 1 393 1 259 2 309 2 135 2 129 1
6 1 30 329 1 244 1 281 2 338 1 143 1 145 2 179 1 251 1 275 1 213 1 233 1 398 1 64 2 319 1 130 1 139 1 153 1 189 1 195 1 212 1 240 1 301 1 33 1 96 1 379 1 111 2 382 1 141 2 144 1 175 1
30 4 29 179 2 234 1 251 1 42 1 44 1 52 1 299 1 233 2 178 1 331 1 130 1 153 1 59 2 111 2 33 1 411 1 141 1 171 1 250 1 104 2 215 1 246 1 341 1 389 1 247 1 45 1 384 2 154 1 415 1
4 1 17 135 2 138 4 150 3 164 1 188 1 198 1 208 1 241 1 280 1 308 1 324 1 200 1 202 1 264 1 258 1 131 2 146 1
13 2 19 335 3 159 1 164 1 188 1 201 2 214 2 225 2 241 1 242 1 308 1 295 1 324 1 258 1 47 1 54 1 56 1 131 1 199 1 184 1
14 2 23 270 2 254 1 277 1 261 1 287 1 312 1 133 1 291 3 227 1 245 1 330 1 346 1 351 1 41 2 66 1 278 1 179 1 345 1 353 1 359 1 132 1 233 1 11 1
//IdTournes NbColis
2 6
//IdColis IdCommandeInColis NbProducts IdProd1 QtyProd1 IdProd2 QtyProd2 ...
21 3 19 259 1 135 3 150 1 161 3 159 1 164 1 188 1 201 1 295 1 308 1 60 1 131 1 152 2 199 1 205 1 184 1 254 2 277 1 57 1
27 4 22 161 1 164 1 188 1 201 1 241 1 295 1 308 1 202 2 258 1 39 1 47 1 48 1 56 1 60 1 61 1 131 1 152 1 187 1 193 1 223 1 253 1 310 1
34 5 15 128 1 85 1 163 2 168 1 95 1 151 2 302 1 135 2 161 2 295 2 308 1 182 1 131 1 184 1 118 1
22 3 24 287 1 110 1 312 1 133 1 204 1 282 1 291 2 91 1 221 1 292 1 235 1 332 1 321 1 185 1 236 1 245 1 191 1 339 1 329 2 190 1 179 1 234 1 251 1 140 1
28 4 20 254 1 260 1 261 1 287 2 334 1 248 1 348 1 58 1 312 1 133 2 291 2 134 1 262 1 289 1 317 1 321 1 336 1 245 1 59 1 74 1
26 4 15 163 1 305 1 162 1 220 1 166 2 151 2 206 1 290 1 302 1 393 2 309 1 135 3 150 1 161 2 105 1
//IdTournes NbColis
3 6
//IdColis IdCommandeInColis NbProducts IdProd1 QtyProd1 IdProd2 QtyProd2 ...
16 2 26 384 2 395 2 410 1 154 1 46 1 137 3 170 1 328 2 90 1 157 2 149 1 31 1 53 1 174 1 175 1 169 3 181 3 183 3 255 3 286 2 294 3 123 1 256 1 306 1 8 1 38 1
20 3 14 89 1 165 1 65 1 158 1 162 1 120 4 166 1 151 2 302 1 136 1 70 2 121 1 393 1 344 1
23 3 27 320 1 52 1 71 1 233 1 178 1 139 1 212 1 226 1 59 1 250 2 104 1 215 1 231 2 246 2 356 1 313 1 298 1 343 1 203 1 49 1 62 1 69 1 90 1 137 3 228 1 186 1 30 1
31 4 32 203 1 137 2 326 1 327 1 413 1 149 1 31 1 390 1 224 1 169 3 175 3 181 3 183 3 255 3 294 3 256 1 306 4 177 1 8 1 13 1 38 1 124 1 385 2 386 1 388 2 361 2 83 2 113 1 114 2 115 1 98 1 102 1
35 5 26 60 1 357 1 367 1 369 1 333 1 180 1 185 1 87 1 346 1 371 1 146 1 344 1 179 1 251 1 178 1 127 1 19 1 167 1 313 1 90 2 137 1 186 1 342 1 328 1 169 1 102 1
17 2 32 8 1 372 1 415 1 28 2 21 1 13 4 18 3 25 5 38 1 78 2 108 4 100 2 387 3 394 5 106 1 5 1 385 2 386 6 388 3 140 1 83 2 113 1 114 3 115 1 375 1 15 2 405 1 408 1 377 3 378 3 407 1 249 1
//IdTournes NbColis
4 6
//IdColis IdCommandeInColis NbProducts IdProd1 QtyProd1 IdProd2 QtyProd2 ...
15 2 24 212 1 7 2 19 1 33 4 59 2 96 2 379 1 111 1 381 4 382 2 411 3 141 1 171 1 250 1 101 1 207 1 215 1 246 1 340 2 402 1 12 1 45 2 384 1 67 1
8 1 27 327 1 328 1 142 1 149 1 155 1 31 1 390 1 224 1 175 3 169 4 181 4 183 4 255 4 294 4 296 1 27 1 117 2 123 1 196 1 256 3 194 1 306 1 8 1 177 1 18 3 25 1 11 1
29 4 22 354 1 360 1 185 1 51 1 63 1 68 1 160 1 252 1 293 1 347 1 349 1 350 1 300 1 303 1 337 1 146 1 244 1 257 1 263 1 297 1 100 1 74 1
2 1 13 172 2 197 1 65 1 147 1 158 1 162 2 220 2 279 1 304 1 166 2 217 2 268 1 269 1
11 2 11 374 1 107 1 86 1 89 1 373 1 376 1 165 2 109 1 163 1 148 1 151 1
12 2 15 229 1 307 2 316 1 94 1 103 1 217 1 151 1 209 1 302 1 70 1 393 1 121 4 150 1 161 3 11 1
//IdTournes NbColis
5 6
//IdColis IdCommandeInColis NbProducts IdProd1 QtyProd1 IdProd2 QtyProd2 ...
5 1 22 152 1 156 1 218 1 184 2 270 1 254 1 287 2 310 1 312 1 222 1 291 3 266 1 285 1 292 1 325 1 216 1 235 1 289 1 321 1 322 1 271 1 192 1
7 1 31 171 2 173 1 167 1 210 2 243 2 250 1 104 1 211 2 231 2 232 1 246 2 276 1 318 1 238 1 298 1 313 1 389 1 391 1 384 1 395 1 203 1 22 2 69 1 170 1 186 1 272 1 274 1 288 1 326 1 192 1 267 1
1 1 14 311 1 399 1 109 1 396 1 176 2 219 1 239 1 305 1 168 1 229 1 283 1 315 1 94 1 284 1
24 3 35 273 1 342 1 326 1 327 1 352 1 355 1 358 1 30 1 314 1 175 3 169 3 181 3 183 3 255 3 294 3 117 1 92 1 256 2 306 1 177 1 13 1 78 1 394 1 67 1 83 2 113 1 114 2 115 1 98 1 15 1 6 1 43 1 397 1 392 1 32 2
36 5 34 62 1 169 1 175 2 181 2 183 2 255 2 294 2 370 1 28 1 18 1 38 1 361 1 113 1 114 2 115 1 83 2 98 1 15 1 125 1 35 1 366 1 368 1 57 2 102 1 32 3 116 1 119 1 97 1 112 5 11 2 20 1 74 5 126 1 4 3
9 1 40 38 2 78 1 100 1 108 2 387 1 394 2 385 2 386 1 388 2 83 2 113 1 114 2 115 1 1 1 29 1 77 1 16 1 34 1 35 1 57 3 80 3 125 1 122 1 72 1 380 1 75 1 88 1 32 5 73 1 99 1 102 5 93 1 383 1 249 1 11 7 20 4 74 7 97 2 112 7 4 1
//IdTournes NbColis
6 3
//IdColis IdCommandeInColis NbProducts IdProd1 QtyProd1 IdProd2 QtyProd2 ...
25 3 8 32 1 102 2 17 1 82 1 249 1 55 1 74 5 112 5
32 4 27 363 2 81 2 43 1 6 1 409 1 77 2 79 2 35 2 37 2 102 4 23 1 32 5 362 1 93 1 9 1 364 1 412 1 82 1 84 1 365 1 249 1 40 1 74 3 97 1 20 1 112 5 4 2
18 2 38 407 2 401 1 77 2 118 1 14 1 35 5 36 1 37 4 57 6 76 3 79 3 400 1 403 1 404 1 406 2 72 2 416 1 24 3 10 1 3 1 417 1 26 1 23 1 32 9 102 9 99 3 414 3 9 2 93 4 116 1 2 1 82 2 84 2 11 3 20 4 74 8 97 1 112 8
