//NbTournees
6
//IdTournes NbColis
1 6
//IdColis IdCommandeInColis NbProducts IdProd1 QtyProd1 IdProd2 QtyProd2 ...
3 1 18 107 1 157 1 166 1 168 1 174 1 179 1 235 1 239 1 241 1 204 1 254 1 256 1 2 3 32 1 64 1 71 1 153 1 126 1
6 1 13 237 1 3 3 101 2 183 2 242 1 1 1 13 2 25 4 30 1 35 1 31 3 298 1 277 2
14 2 21 194 1 170 1 181 1 231 1 199 1 208 1 213 1 257 1 260 1 293 1 1 1 11 1 37 1 151 1 160 2 261 1 100 2 149 2 249 1 298 1 272 1
18 3 17 195 1 110 1 204 1 2 3 153 2 4 1 17 1 19 1 40 1 53 3 94 1 105 1 113 1 57 1 362 1 357 1 333 1
29 4 18 62 2 79 1 61 1 107 1 110 1 142 1 162 1 179 1 158 1 159 1 204 2 2 1 153 1 53 1 76 1 96 1 97 1 270 1
22 3 10 3 3 101 3 13 3 25 4 78 3 128 1 182 1 331 1 29 3 354 1
//IdTournes NbColis
2 6
//IdColis IdCommandeInColis NbProducts IdProd1 QtyProd1 IdProd2 QtyProd2 ...
4 1 13 153 3 4 1 15 1 40 1 50 2 53 2 94 1 138 1 147 1 154 2 172 2 217 1 322 1
12 2 19 85 1 48 2 93 1 107 1 158 1 159 1 176 1 55 1 179 1 27 1 38 1 46 1 52 1 4 1 57 1 58 1 59 1 53 2 297 1
20 3 18 244 1 7 1 44 2 95 1 130 1 131 2 134 1 120 2 356 1 310 1 5 1 6 1 28 1 33 2 39 1 72 1 146 1 344 1
5 1 19 177 2 230 1 236 1 250 1 252 1 276 1 120 1 310 1 6 1 33 2 65 1 72 1 104 1 146 1 155 1 170 1 199 1 298 1 277 1
30 4 15 59 1 106 1 108 1 105 2 150 1 244 2 251 1 262 1 252 2 7 2 9 1 95 1 120 2 310 1 280 1
38 6 34 126 1 217 1 221 1 14 2 358 1 186 1 8 2 188 1 191 1 145 1 207 1 210 1 211 1 189 1 75 1 354 1 219 1 220 1 353 1 303 2 308 1 215 1 291 1 216 3 218 1 342 1 367 1 296 1 299 1 304 1 307 2 277 5 222 4 278 1
//IdTournes NbColis
3 6
//IdColis IdCommandeInColis NbProducts IdProd1 QtyProd1 IdProd2 QtyProd2 ...
36 5 12 366 1 215 2 216 1 342 1 73 2 296 1 299 1 304 1 307 2 277 3 222 4 334 1
8 1 26 184 1 118 2 203 2 121 1 123 2 125 1 43 1 54 1 180 2 247 2 8 1 145 1 167 1 178 1 234 1 210 1 211 1 289 1 285 1 206 1 325 1 240 2 317 2 283 1 301 1 222 1
13 2 18 94 1 143 1 147 1 106 1 152 1 185 1 124 1 154 1 244 1 251 2 9 1 44 1 72 2 141 1 146 1 116 1 155 1 26 1
31 4 20 33 1 99 1 72 1 116 1 155 2 170 1 181 2 199 1 233 1 255 1 208 1 293 1 10 2 13 1 31 1 175 3 331 1 221 1 270 1 278 1
1 1 13 328 1 312 1 327 1 16 1 69 2 70 1 227 1 84 2 144 3 161 1 156 1 12 1 29 1
17 3 13 328 2 320 1 329 1 351 1 49 1 67 2 34 1 81 1 82 1 87 1 93 1 159 1 13 1
//IdTournes NbColis
4 6
//IdColis IdCommandeInColis NbProducts IdProd1 QtyProd1 IdProd2 QtyProd2 ...
23 3 13 29 1 100 4 103 3 193 1 197 1 246 1 248 1 115 2 184 1 21 3 43 3 14 4 266 1
11 2 16 16 2 49 2 67 1 227 1 41 1 68 1 163 1 144 2 60 2 61 1 63 1 77 1 81 1 82 1 264 1 278 1
28 4 12 329 1 16 1 67 2 69 2 70 1 350 2 227 5 45 2 48 2 55 1 23 1 264 1
9 1 26 284 1 294 1 323 1 324 1 223 1 290 1 286 1 225 1 18 1 270 2 268 2 269 2 271 2 275 1 279 2 281 1 287 2 303 2 305 1 308 1 300 1 326 1 302 1 267 1 222 3 278 1
35 5 29 120 1 33 1 89 1 104 1 170 2 117 1 122 1 118 2 121 1 123 2 125 1 126 1 203 2 43 1 88 1 187 1 74 1 102 1 355 1 365 2 223 1 347 1 225 1 348 1 273 1 337 2 303 2 216 2 277 1
25 3 39 47 1 135 1 285 3 129 1 206 2 343 3 359 1 325 3 240 1 360 1 314 1 223 3 362 1 315 1 23 4 20 1 86 4 225 1 224 4 270 2 273 1 337 1 340 1 268 4 269 4 271 4 265 1 335 1 361 2 368 1 336 1 308 1 215 1 346 1 291 3 300 1 370 1 338 1 296 1
//IdTournes NbColis
5 6
//IdColis IdCommandeInColis NbProducts IdProd1 QtyProd1 IdProd2 QtyProd2 ...
15 2 25 298 1 311 1 22 1 288 1 282 1 292 1 325 1 317 1 75 1 226 1 321 1 23 1 86 2 224 1 309 1 270 1 268 2 269 2 271 2 265 2 263 1 274 1 313 1 215 2 291 1
2 1 20 24 1 36 1 42 1 48 1 56 1 66 1 81 1 82 1 83 2 87 1 45 2 93 1 61 1 62 1 133 1 136 1 137 1 142 1 273 1 295 1
32 4 34 109 1 103 2 193 1 246 1 165 3 330 1 247 1 298 1 364 1 352 1 365 1 26 1 223 1 226 1 349 1 363 1 268 2 269 2 271 2 279 2 287 2 303 2 308 1 366 2 300 1 306 1 345 1 266 1 296 1 299 1 304 1 307 2 264 1 278 1
7 1 20 132 1 160 1 171 1 175 1 182 1 29 2 51 1 127 1 100 1 139 1 103 3 140 1 149 2 246 1 258 1 259 1 169 2 115 1 316 1 277 2
24 3 15 91 2 180 4 205 1 209 4 330 1 318 2 339 1 297 3 298 6 80 2 98 1 112 1 198 3 319 2 362 1
34 5 20 229 1 67 1 70 1 36 1 42 1 90 1 111 1 119 1 81 1 87 1 55 1 62 1 32 1 124 1 113 2 332 1 341 1 223 1 333 1 277 1
//IdTournes NbColis
6 4
//IdColis IdCommandeInColis NbProducts IdProd1 QtyProd1 IdProd2 QtyProd2 ...
37 6 23 228 1 351 1 36 1 42 1 48 1 56 1 204 1 71 1 50 1 53 1 108 1 276 1 196 1 190 1 169 1 118 2 203 2 184 1 121 1 123 2 125 1 369 1 278 1
21 3 17 72 1 92 2 104 1 148 1 164 2 173 1 116 1 199 1 181 3 208 1 213 1 214 1 243 1 245 1 253 1 257 1 217 1
19 3 15 114 2 58 1 143 1 147 1 106 1 108 1 154 2 192 2 200 1 201 1 202 1 212 1 232 1 238 1 244 1
26 3 4 296 1 299 1 304 2 307 3
