//NbTournees
29
//IdTournes NbColis
1 6
//IdColis IdCommandeInColis NbProducts IdProd1 QtyProd1 IdProd2 QtyProd2 ...
1 1 13 14 1 48 1 619 1 1 2 7 2 49 1 189 1 17 1 171 1 587 1 21 1 443 1 220 1
6 2 16 29 1 42 1 197 1 1 1 51 1 126 1 45 2 183 1 189 1 532 1 531 1 65 1 116 1 166 1 12 1 559 1
9 3 18 13 1 292 1 1 1 40 1 45 2 16 1 264 1 239 1 305 2 271 1 618 1 236 1 11 1 289 1 251 1 258 2 259 1 273 1
13 4 18 1 2 51 2 56 1 189 1 359 1 60 1 298 1 171 1 152 1 326 1 18 1 23 1 264 1 122 1 32 1 179 1 181 2 310 1
19 5 14 25 1 1 1 7 1 95 1 100 1 131 1 5 1 22 1 40 1 45 2 443 1 16 1 30 1 4 1
45 13 23 180 1 1 1 131 1 195 1 374 1 204 1 326 1 30 1 129 1 122 1 264 1 179 1 181 2 190 1 193 1 194 1 294 1 199 1 328 1 198 2 344 1 371 1 58 1
//IdTournes NbColis
2 6
//IdColis IdCommandeInColis NbProducts IdProd1 QtyProd1 IdProd2 QtyProd2 ...
52 15 20 197 1 1 1 205 1 183 1 189 1 195 1 295 1 204 1 354 1 298 1 171 1 373 1 356 1 372 1 380 1 326 1 369 1 129 1 162 1 316 1
124 45 32 1 1 385 1 264 1 122 1 378 1 376 1 179 1 181 2 190 1 110 1 393 1 202 1 104 1 182 1 337 1 293 1 262 1 57 1 64 1 109 1 395 1 31 1 53 1 383 1 8 1 70 2 75 2 76 1 78 1 58 1 196 1 207 1
138 52 29 1 1 397 1 264 1 239 1 271 1 236 1 305 2 198 2 259 1 199 1 194 1 27 1 202 1 246 1 104 1 392 1 382 1 168 1 262 1 57 1 77 1 109 1 395 1 31 1 53 1 383 1 8 1 70 1 75 1
154 60 27 210 1 1 1 7 1 22 1 264 1 239 1 179 1 181 1 190 1 344 1 387 1 360 1 282 1 57 1 77 1 109 1 395 1 31 1 53 1 8 1 70 2 75 2 76 1 78 1 58 1 203 2 170 1
114 40 31 13 1 195 1 298 1 384 1 264 1 239 1 181 1 179 1 190 1 390 1 198 1 199 1 193 1 194 1 387 1 104 1 26 1 139 1 57 1 64 1 109 1 395 1 44 1 53 1 383 1 366 1 54 1 63 1 70 1 75 1 34 1
65 19 27 95 1 272 1 434 1 433 1 401 1 214 1 264 1 275 1 411 1 412 1 179 1 181 1 190 1 11 1 415 1 193 1 194 1 198 1 199 1 435 1 3 1 88 1 257 1 93 1 211 2 278 1 165 1
//IdTournes NbColis
3 6
//IdColis IdCommandeInColis NbProducts IdProd1 QtyProd1 IdProd2 QtyProd2 ...
70 21 28 96 1 95 1 298 1 221 1 251 1 193 1 194 1 198 1 261 1 393 1 246 1 402 1 238 1 139 1 168 1 335 1 382 2 57 1 64 1 256 1 72 1 109 1 416 1 254 1 418 1 54 1 63 1 219 1
162 64 33 100 1 407 1 401 1 116 1 166 1 409 1 179 1 181 1 190 1 422 1 139 1 57 1 64 1 72 1 109 1 44 1 52 1 54 1 63 1 71 2 75 2 76 1 58 1 124 1 196 1 203 1 206 1 67 1 107 2 69 1 405 1 410 1 99 1
14 4 32 190 1 2 1 607 1 300 1 289 1 273 1 361 1 328 2 35 1 55 1 110 1 393 1 452 1 73 1 202 3 257 1 33 1 62 1 278 1 133 1 182 1 333 1 428 1 19 1 293 1 128 1 132 1 139 1 134 1 382 1 229 1 316 1
92 30 27 48 1 180 1 95 1 433 1 408 1 264 1 122 1 378 1 179 1 181 1 190 1 2 1 393 1 104 1 139 1 57 1 64 1 72 1 109 1 44 1 53 1 54 1 63 1 71 2 75 2 76 1 313 1
120 43 31 384 1 264 1 239 1 414 1 305 2 271 1 236 1 403 1 258 2 259 1 199 1 194 1 413 1 387 1 246 1 161 1 33 1 428 1 322 1 335 1 382 1 262 1 57 1 64 1 72 1 109 1 44 1 53 1 383 1 54 1 157 1
164 65 32 406 1 171 1 122 1 264 1 179 1 181 1 190 1 403 1 318 1 352 1 57 1 77 1 109 1 395 1 31 1 53 1 8 1 70 1 75 1 76 1 78 1 58 1 196 1 203 1 206 1 207 1 208 1 281 1 283 1 34 1 67 1 69 1
//IdTournes NbColis
4 6
//IdColis IdCommandeInColis NbProducts IdProd1 QtyProd1 IdProd2 QtyProd2 ...
2 1 28 373 1 611 1 264 1 239 1 557 1 6 1 411 1 305 2 271 1 236 1 582 1 258 2 259 1 315 2 199 1 614 1 194 1 604 1 344 1 3 1 39 1 43 1 447 1 591 1 592 1 571 1 612 1 624 1
23 6 15 46 1 47 1 49 1 342 1 183 1 17 1 605 1 312 1 28 1 193 1 194 1 198 2 199 1 273 1 3 1
27 7 21 295 1 359 1 171 1 385 1 152 1 23 1 125 1 116 1 166 2 557 1 89 1 142 1 12 1 179 2 181 3 190 2 312 1 86 1 28 1 390 1 3 1
60 17 23 440 1 197 1 49 1 209 2 231 1 239 1 264 1 446 1 215 1 236 1 271 1 263 2 375 1 247 1 194 1 258 1 259 1 199 1 3 1 447 1 106 1 253 1 93 1
32 8 22 7 1 189 1 195 2 357 1 358 1 116 1 166 1 174 1 112 1 179 1 181 2 190 1 79 1 28 1 103 1 192 1 193 1 194 1 198 2 261 1 344 2 88 1
79 24 26 57 1 448 1 77 1 109 1 395 1 31 1 53 1 383 2 460 1 8 1 70 1 75 1 76 1 78 1 437 1 58 1 196 1 203 1 206 1 207 1 208 1 281 1 283 1 67 1 377 1 69 1
//IdTournes NbColis
5 6
//IdColis IdCommandeInColis NbProducts IdProd1 QtyProd1 IdProd2 QtyProd2 ...
112 39 30 7 1 195 1 30 1 116 1 166 1 414 1 181 2 190 1 179 1 454 1 393 1 202 1 161 1 262 1 57 1 64 1 72 1 109 1 44 1 53 1 54 1 63 1 70 2 75 2 76 1 437 1 58 1 196 1 203 1 207 1
152 59 32 195 1 359 1 453 1 264 1 239 1 271 1 236 1 305 1 273 1 194 1 258 1 259 1 199 1 344 2 27 1 452 1 139 1 134 1 462 1 57 1 77 1 109 1 395 1 31 1 53 1 8 1 70 1 75 1 76 1 78 1 437 1 58 1
53 15 29 122 1 264 1 368 1 145 1 174 1 179 1 181 2 190 2 4 1 375 1 353 1 328 1 391 1 393 1 188 1 389 1 202 1 133 1 278 1 85 1 352 1 57 1 64 1 109 1 395 1 31 1 53 1 8 2 135 1
73 22 25 49 1 22 1 45 1 195 1 445 1 209 1 166 1 116 1 241 1 181 1 190 1 455 1 387 1 438 1 139 1 293 1 57 1 64 1 109 1 395 1 44 1 53 1 8 1 441 1 70 2
83 26 26 444 1 95 1 56 1 459 1 193 1 194 1 198 2 261 1 449 1 161 1 438 1 262 1 57 1 448 1 64 1 72 1 109 1 416 1 442 1 54 2 63 2 71 2 75 2 76 1 58 1 196 1
105 36 27 95 1 45 1 189 1 50 1 116 1 166 1 181 2 190 1 241 1 4 1 11 1 393 1 202 1 182 1 262 1 316 1 57 1 64 1 468 1 109 1 395 1 44 1 53 1 54 2 63 2 70 2 135 1
//IdTournes NbColis
6 6
//IdColis IdCommandeInColis NbProducts IdProd1 QtyProd1 IdProd2 QtyProd2 ...
128 47 31 95 1 116 1 166 1 241 1 181 1 190 1 4 1 102 1 198 1 261 1 193 1 194 1 393 1 466 1 139 1 57 1 64 1 72 1 109 1 44 1 52 1 127 1 54 1 63 1 71 2 75 2 76 1 58 1 196 1 200 1 201 2
132 49 31 95 1 116 1 166 1 465 1 179 1 181 1 190 1 390 1 198 1 199 1 193 1 194 1 202 1 438 1 139 1 472 1 57 1 64 1 68 1 72 1 44 1 52 1 54 1 59 1 63 1 71 2 75 2 76 1 58 1 196 1 200 1
66 19 34 255 1 139 1 382 1 212 1 57 1 64 1 72 1 109 1 44 1 53 1 383 1 54 1 63 1 70 2 75 2 76 1 58 1 196 1 201 2 203 2 206 1 207 1 208 2 276 2 279 2 34 2 67 1 69 1 268 1 429 1 404 1 430 1 136 1 163 2
108 37 33 139 1 262 1 57 1 64 1 72 1 109 1 44 1 52 1 383 1 160 1 54 1 467 1 63 1 71 1 75 1 76 1 394 1 58 1 196 1 203 1 206 1 207 1 208 1 281 1 283 1 67 1 107 1 69 1 451 1 463 1 157 1 136 1 217 1
166 66 33 13 1 49 1 239 1 264 1 236 1 305 1 271 1 464 1 139 2 149 1 57 1 77 1 109 1 395 1 31 1 53 1 8 1 70 2 75 2 76 1 78 1 58 1 196 1 203 1 206 1 67 1 377 2 69 1 164 1 309 1 463 1 157 1 163 1
168 67 38 122 1 166 1 179 1 181 2 190 1 273 1 27 1 202 1 262 1 316 1 267 1 57 1 64 1 72 1 109 1 44 1 53 1 383 1 254 1 54 1 63 1 71 1 75 1 76 1 58 1 124 1 196 1 201 1 203 1 206 1 207 1 34 1 67 1 69 1 463 1 474 1 232 1 177 1
//IdTournes NbColis
7 6
//IdColis IdCommandeInColis NbProducts IdProd1 QtyProd1 IdProd2 QtyProd2 ...
142 54 31 478 1 264 1 239 1 82 1 376 1 271 1 236 1 305 2 259 1 199 1 194 1 258 2 475 2 413 1 387 1 481 1 26 1 495 1 262 1 57 1 77 1 109 1 395 1 31 1 53 1 383 1 8 1 70 1 75 1 76 1 207 1
97 32 27 7 1 49 1 5 1 195 1 204 1 326 1 485 1 264 1 214 1 446 1 484 1 112 1 179 1 181 1 190 1 11 1 435 1 43 1 486 1 202 1 278 1 133 1 496 1 57 1 77 1 109 1 395 1
36 9 29 344 1 80 1 55 1 257 1 93 1 182 2 335 1 282 1 57 1 64 1 68 2 72 2 44 1 52 2 160 1 54 2 63 2 71 2 75 2 76 1 58 1 207 1 208 2 276 3 281 1 283 1 124 3 196 1 201 1
75 23 30 29 1 51 1 264 1 122 1 179 1 181 2 190 1 251 1 193 1 194 1 198 2 199 1 80 1 488 1 480 1 238 1 168 1 335 1 262 1 282 1 57 1 64 1 468 1 222 1 284 1 256 1 491 1 72 1 109 1 175 1
35 9 17 7 1 100 1 126 1 22 1 195 1 354 1 298 1 18 1 94 1 485 1 116 1 166 1 92 1 98 1 241 2 181 3 190 2
38 10 19 292 1 7 1 95 1 100 1 22 1 195 1 533 1 90 2 609 1 116 1 166 1 89 1 82 1 312 1 179 1 181 2 190 2 102 1 44 1
//IdTournes NbColis
8 6
//IdColis IdCommandeInColis NbProducts IdProd1 QtyProd1 IdProd2 QtyProd2 ...
56 16 18 7 1 131 1 205 1 22 1 45 1 195 1 204 1 171 1 326 1 122 1 264 1 174 1 179 2 181 2 190 2 193 1 480 1 135 1
68 20 24 444 1 7 1 95 1 22 1 195 1 60 1 166 1 116 1 179 1 181 1 190 1 375 1 193 1 194 1 198 1 261 1 393 1 202 2 104 1 139 1 57 1 64 1 109 1 381 1
78 24 22 439 1 197 1 7 1 87 1 49 1 295 1 443 1 209 1 264 1 122 1 145 1 179 1 181 2 190 1 294 1 387 1 88 1 106 1 202 1 161 1 262 1 157 1
89 29 18 476 1 233 1 7 1 205 1 477 1 189 1 298 1 166 1 116 1 179 1 181 2 190 2 193 2 194 1 198 2 261 1 494 1 482 1
101 34 26 7 1 95 1 189 1 209 1 264 1 239 1 181 1 190 1 179 1 193 1 198 1 199 1 194 1 387 1 322 1 132 1 139 2 262 2 57 1 479 1 64 1 109 1 395 1 44 1 53 1 207 1
139 52 19 76 1 78 1 58 1 201 2 203 1 207 1 208 1 276 2 279 1 281 1 283 1 124 2 196 1 206 1 67 1 377 1 69 1 367 1 237 1
//IdTournes NbColis
9 6
//IdColis IdCommandeInColis NbProducts IdProd1 QtyProd1 IdProd2 QtyProd2 ...
7 2 33 179 1 181 1 190 1 61 1 198 1 261 1 193 1 194 1 393 1 626 1 257 1 62 1 133 1 182 1 139 1 134 1 262 2 149 1 57 1 77 1 109 1 395 1 31 1 53 1 160 1 8 1 15 1 70 2 75 2 76 1 78 1 58 1 458 1
41 11 22 83 1 25 1 95 1 56 1 45 1 122 1 264 1 179 1 181 1 190 1 91 1 55 1 393 1 73 1 202 2 628 1 57 1 64 1 109 1 395 1 81 1 31 1
42 11 20 53 1 8 1 70 2 75 2 76 1 78 1 58 1 196 1 203 1 206 1 207 1 208 1 281 1 283 1 34 2 67 1 69 1 84 1 113 1 287 1
61 17 36 278 1 36 1 37 1 224 1 229 1 57 1 64 1 109 1 395 1 31 1 53 1 260 1 8 2 70 2 75 2 76 1 78 2 58 1 196 1 203 1 206 1 207 1 208 1 281 1 283 1 34 2 67 1 69 2 456 1 450 1 277 1 117 1 280 1 119 1 136 1 113 1
69 20 27 395 1 44 1 53 1 8 1 59 1 70 2 75 2 76 1 78 1 58 1 196 1 201 2 203 1 206 1 207 1 208 1 276 2 281 1 283 1 124 2 34 2 67 1 69 1 213 1 157 1 163 1 136 1
80 25 20 292 1 205 1 189 1 171 1 384 1 326 1 18 1 209 1 264 1 214 1 498 1 179 2 181 2 190 2 193 2 194 2 198 2 199 1 344 1 135 1
//IdTournes NbColis
10 6
//IdColis IdCommandeInColis NbProducts IdProd1 QtyProd1 IdProd2 QtyProd2 ...
81 25 30 202 2 285 1 288 1 104 1 278 1 133 1 182 1 26 1 297 1 382 1 267 2 57 1 64 1 72 2 109 2 81 1 44 1 53 2 54 2 63 2 70 2 75 2 76 1 58 1 196 1 203 2 206 1 207 1 208 1 219 1
90 29 33 202 2 481 1 487 1 314 2 262 1 57 1 64 1 109 1 395 1 31 1 53 1 8 2 70 2 75 2 76 1 78 2 58 1 196 1 203 2 206 1 207 1 208 2 124 1 34 2 67 1 69 2 66 1 426 1 497 1 232 1 136 2 163 1 113 1
98 32 25 31 1 53 1 8 1 70 1 75 1 76 1 78 1 58 1 196 1 201 2 203 1 206 1 207 1 208 1 276 2 281 1 283 1 457 1 124 2 34 1 67 1 69 1 493 1 329 1 330 1
110 38 31 406 1 45 1 532 1 373 1 531 1 331 1 116 1 166 1 414 1 181 1 190 1 179 1 517 1 27 1 520 1 527 1 62 1 382 1 57 1 64 1 109 1 395 1 31 1 53 1 8 1 70 1 75 1 76 1 78 1 58 1 157 1
117 41 29 57 1 77 1 109 1 395 1 31 1 53 1 418 1 8 1 70 1 75 1 76 1 78 1 304 1 58 1 196 1 203 1 206 1 207 1 208 1 281 1 283 1 67 1 377 1 69 1 274 1 150 1 237 1 330 1 425 1
119 42 26 53 1 383 1 460 1 8 1 70 1 75 1 76 1 78 1 58 1 196 1 203 1 206 1 207 1 208 1 281 1 283 1 67 1 377 1 69 1 291 1 329 1 545 1 157 1 136 1 113 1 172 1
//IdTournes NbColis
11 6
//IdColis IdCommandeInColis NbProducts IdProd1 QtyProd1 IdProd2 QtyProd2 ...
122 44 30 342 1 22 1 295 1 514 1 18 2 264 1 239 1 305 1 236 1 190 1 519 1 27 1 182 1 26 1 139 1 529 1 154 1 57 1 77 1 109 1 395 1 31 1 53 1 8 1 70 1 75 1 76 1 78 1 526 1 207 1
126 46 29 100 1 205 1 264 1 122 1 179 1 181 2 190 2 393 1 188 1 515 1 282 1 57 1 64 1 468 1 109 1 395 1 31 1 53 1 160 1 8 1 523 1 70 2 75 2 76 1 78 1 58 1 196 1 201 2 207 1
130 48 31 195 1 311 1 513 1 264 1 239 1 524 1 271 1 215 1 236 1 27 1 504 1 318 2 224 2 154 1 462 2 57 1 64 1 109 1 395 1 44 1 53 1 460 1 8 1 70 1 75 1 76 1 78 1 58 1 196 1 203 1 207 1
134 50 32 49 1 533 1 264 1 239 1 516 1 112 1 236 1 181 1 190 1 525 1 198 1 259 1 199 1 194 1 504 1 387 1 202 1 139 1 382 1 229 1 57 1 77 1 109 1 395 1 31 1 53 1 8 1 70 2 75 2 76 1 78 1 58 1
140 53 29 406 1 528 1 209 1 264 1 239 1 271 1 236 1 305 2 86 1 415 1 258 2 259 1 199 1 194 1 234 1 480 1 202 1 246 1 161 1 350 1 57 1 77 1 109 1 395 1 31 1 53 1 8 1 70 2 286 1
158 62 28 49 1 205 1 195 1 509 1 298 1 209 1 264 1 239 1 271 1 215 2 236 1 328 1 507 1 285 1 363 1 57 1 64 1 109 1 395 1 31 1 53 1 8 1 70 1 75 1 76 1 78 1 58 1 508 1
//IdTournes NbColis
12 6
//IdColis IdCommandeInColis NbProducts IdProd1 QtyProd1 IdProd2 QtyProd2 ...
160 63 32 272 1 195 1 90 1 358 1 239 1 264 1 275 1 215 1 236 1 271 1 328 1 194 1 258 1 259 1 199 1 224 1 57 1 77 1 109 1 395 1 31 1 53 1 8 1 70 1 75 1 76 1 78 1 58 1 207 1 208 1 281 1 283 1
170 68 34 357 1 239 1 264 1 502 1 236 1 181 1 190 1 27 1 202 1 500 2 57 1 64 1 68 1 72 1 81 1 44 1 52 1 54 1 63 1 71 1 75 1 76 1 58 1 196 1 203 1 206 1 207 1 208 1 281 1 283 1 20 1 107 1 74 1 232 1
172 69 34 47 1 195 1 414 1 169 1 193 1 194 1 504 1 88 1 503 1 139 1 57 1 64 1 109 1 395 1 416 1 8 1 70 1 75 1 76 1 78 1 151 1 304 1 58 1 124 1 196 1 206 1 420 1 421 1 427 1 431 1 501 1 499 1 157 1 108 1
174 70 31 239 1 264 1 236 1 305 1 271 1 57 1 64 1 109 1 395 1 31 1 53 1 8 1 70 1 75 1 76 1 78 1 58 1 124 1 196 1 201 1 203 1 206 1 207 1 208 1 276 1 281 1 283 1 34 1 67 1 69 1 163 1
175 71 31 40 1 373 1 239 1 264 1 179 1 181 1 190 1 139 1 57 1 64 1 109 1 395 1 31 1 53 1 8 1 70 1 75 1 76 1 78 1 58 1 124 1 196 1 203 1 206 1 207 1 208 1 281 1 283 1 34 1 67 1 69 1
177 72 36 359 1 122 1 166 1 179 1 181 1 190 1 540 1 278 1 335 1 57 1 468 1 77 1 109 1 395 1 31 1 53 1 8 1 70 1 75 1 76 1 78 1 58 1 196 1 203 1 206 1 207 1 208 1 281 1 283 1 34 1 67 1 69 1 111 1 277 1 320 1 157 1
//IdTournes NbColis
13 6
//IdColis IdCommandeInColis NbProducts IdProd1 QtyProd1 IdProd2 QtyProd2 ...
179 73 35 16 1 239 1 264 1 215 1 236 1 271 1 27 1 542 1 472 1 382 1 57 1 64 1 109 1 395 1 44 1 53 1 254 1 8 1 70 1 75 1 76 1 78 1 58 1 196 1 203 1 206 1 207 1 208 1 281 1 283 1 34 1 67 1 69 1 157 1 301 1
181 74 34 14 1 408 1 239 1 264 1 236 1 305 1 271 1 194 1 258 1 259 1 199 1 57 1 77 1 109 1 395 1 31 1 53 1 8 1 70 1 75 1 76 1 78 1 58 1 196 1 203 1 206 1 207 1 208 1 281 1 283 1 67 1 377 1 69 1 157 1
183 75 37 90 1 239 1 264 1 236 1 305 1 271 1 328 1 27 1 539 1 202 1 26 1 224 1 212 1 57 1 64 1 109 1 395 1 31 1 53 1 383 1 8 1 70 1 75 1 76 1 78 1 58 1 196 1 203 1 206 1 207 1 208 1 281 1 283 1 34 1 67 1 69 1 541 1
185 76 34 180 1 22 1 122 1 264 1 179 1 181 1 190 1 27 1 139 1 57 1 64 1 109 1 395 1 31 1 53 1 8 1 70 1 75 1 76 1 78 1 58 1 457 1 196 1 201 1 203 1 206 1 207 1 208 1 276 1 279 1 281 1 34 1 67 1 69 1
187 77 37 406 1 359 1 298 1 239 1 264 1 236 1 305 1 271 1 344 1 202 1 297 1 316 1 57 1 64 1 109 1 395 1 31 1 53 1 383 1 8 1 70 1 75 1 76 1 78 1 58 1 196 1 203 1 206 1 207 1 208 1 34 1 67 1 69 1 549 1 330 1 277 1 157 1
189 78 34 543 1 509 1 239 1 264 1 215 1 236 1 271 1 28 1 546 1 194 1 258 1 259 1 199 1 503 1 57 1 77 1 109 1 395 1 31 1 53 1 8 1 70 1 75 1 76 1 78 1 58 1 196 1 203 1 206 1 207 1 67 1 377 1 69 1 157 1
//IdTournes NbColis
14 6
//IdColis IdCommandeInColis NbProducts IdProd1 QtyProd1 IdProd2 QtyProd2 ...
191 79 31 122 1 264 1 179 1 181 2 190 1 630 2 27 1 19 1 57 1 77 1 109 1 395 1 31 1 53 1 8 1 70 2 75 2 76 1 78 1 58 1 629 1 196 1 201 2 203 1 206 1 207 1 208 1 276 2 279 2 281 1 283 1
193 80 38 22 1 239 1 264 1 236 1 305 1 86 1 336 1 202 1 495 1 462 1 57 1 77 1 109 1 395 1 31 1 53 1 8 1 70 1 75 1 76 1 78 1 58 1 124 1 196 1 201 1 203 1 206 1 67 1 377 1 69 1 10 1 552 1 565 1 545 1 157 1 399 1 108 1 130 1
8 2 19 203 2 206 1 207 1 208 2 281 1 283 1 196 1 34 2 67 1 69 1 9 1 625 1 345 1 617 1 627 1 136 1 347 1 223 1 622 1
40 10 19 208 2 276 2 281 1 283 1 124 2 196 1 206 1 34 2 67 1 69 2 101 1 556 1 137 1 615 1 9 1 105 1 136 1 163 2 176 1
16 4 32 124 1 20 1 107 2 74 2 429 1 218 1 309 1 10 1 506 1 329 1 330 1 317 1 617 1 597 1 114 1 232 3 348 1 175 1 170 1 301 1 307 2 325 1 136 2 620 1 306 1 191 1 144 1 302 1 423 1 172 1 177 1 623 1
77 23 33 235 1 10 1 242 1 386 1 269 1 329 1 330 1 426 1 266 1 219 1 225 1 230 1 157 1 249 1 290 1 321 1 280 1 119 1 490 1 492 1 436 1 286 1 108 1 163 2 170 1 186 1 136 1 347 1 425 1 191 1 228 1 172 1 240 1
//IdTournes NbColis
15 6
//IdColis IdCommandeInColis NbProducts IdProd1 QtyProd1 IdProd2 QtyProd2 ...
131 48 20 206 1 208 1 281 1 283 1 34 1 67 1 69 1 274 1 150 1 535 1 10 1 521 1 277 1 157 1 136 1 536 1 163 1 347 1 287 1 538 1
87 28 24 553 1 51 1 45 1 311 1 374 1 166 1 116 1 181 2 190 1 241 1 11 1 486 1 202 1 558 1 57 1 64 1 562 1 72 1 109 1 44 1 52 1 54 1 63 1 71 1
195 81 36 183 1 189 1 116 1 166 1 241 1 181 2 190 1 161 1 550 1 262 1 57 1 64 1 109 1 395 1 44 1 53 1 54 1 63 1 70 1 75 1 76 1 58 1 196 1 203 1 206 1 207 1 208 1 281 1 283 1 34 1 67 1 69 1 111 1 135 1 563 1 240 1
103 35 27 303 1 195 1 555 1 264 1 122 1 82 1 376 1 181 2 179 1 190 1 328 1 27 1 389 1 161 1 370 1 139 2 262 3 57 1 64 1 109 1 395 1 44 1 53 1 383 1 54 1 70 1 157 1
94 31 22 83 1 87 1 95 1 204 1 326 1 555 1 264 1 122 1 179 1 181 2 190 1 202 3 278 1 133 1 370 1 128 1 132 1 134 1 262 1 316 1 267 1 282 1
18 5 8 47 1 579 1 14 1 48 1 580 1 590 1 233 1 416 1
//IdTournes NbColis
16 6
//IdColis IdCommandeInColis NbProducts IdProd1 QtyProd1 IdProd2 QtyProd2 ...
82 25 14 208 1 281 1 283 1 34 2 67 1 69 2 150 1 218 1 405 1 505 1 157 2 163 1 147 1 172 1
121 43 19 63 1 70 2 75 2 76 1 58 1 196 1 203 1 206 1 207 1 208 1 281 1 283 1 34 2 67 1 69 1 424 1 405 1 136 1 163 2
141 53 17 75 2 76 1 78 1 58 1 203 1 206 1 207 1 208 1 281 1 283 1 196 1 67 1 377 2 69 1 184 1 405 1 113 1
151 58 15 206 1 34 1 67 1 69 1 218 1 137 1 405 1 559 1 157 1 143 1 170 1 308 1 423 1 537 1 176 1
150 58 37 357 1 384 1 264 1 239 1 557 1 236 1 305 1 190 1 546 1 560 1 27 1 413 1 551 1 139 1 262 1 355 1 462 1 57 1 64 1 72 1 109 1 44 1 53 1 54 1 63 1 70 1 75 1 76 1 561 1 58 1 203 1 207 1 208 1 281 1 283 1 196 1 157 1
39 10 27 198 2 199 1 193 2 194 1 257 1 104 1 558 1 322 1 26 1 36 1 128 1 282 1 57 1 64 1 72 2 109 2 53 2 15 1 54 2 63 2 75 2 76 1 70 2 58 1 201 2 203 2 207 1
//IdTournes NbColis
17 6
//IdColis IdCommandeInColis NbProducts IdProd1 QtyProd1 IdProd2 QtyProd2 ...
85 27 26 49 1 22 1 45 1 17 1 298 1 264 1 122 1 573 2 179 1 181 1 190 1 86 1 525 1 289 1 193 1 194 1 198 1 199 1 391 1 387 1 202 1 139 1 57 1 64 1 72 1 163 1
95 31 30 57 1 64 1 109 1 395 1 44 1 53 1 54 1 70 2 75 2 76 1 78 1 58 1 196 1 201 3 203 2 206 1 207 1 208 2 276 3 279 3 281 1 283 1 457 1 34 2 67 1 69 1 135 1 499 1 136 1 163 2
99 33 29 95 1 17 1 384 2 326 1 209 1 264 1 122 1 181 1 179 1 190 1 198 1 199 1 227 1 193 1 194 1 393 2 575 1 278 1 139 1 262 2 57 1 64 1 109 1 395 1 44 1 53 1 54 1 70 1 577 1
116 41 22 197 1 51 1 40 1 45 1 195 1 16 1 18 1 264 1 239 1 547 1 305 1 271 1 236 1 390 1 194 1 258 1 259 1 199 1 27 1 202 1 548 1 224 1
26 7 12 292 1 87 1 95 1 56 1 100 2 126 1 303 1 334 1 40 1 45 2 195 2 18 1
118 42 25 49 1 45 1 171 1 18 1 264 1 239 1 271 1 215 2 236 1 258 2 259 1 199 1 194 1 344 1 27 1 39 1 246 1 544 1 503 1 262 1 57 1 77 1 109 1 395 1 31 1
//IdTournes NbColis
18 6
//IdColis IdCommandeInColis NbProducts IdProd1 QtyProd1 IdProd2 QtyProd2 ...
4 1 39 63 1 71 2 75 2 76 1 489 1 304 1 58 1 196 1 201 2 203 1 206 1 207 1 208 1 124 2 276 2 281 1 283 1 20 1 107 2 74 2 111 1 556 1 243 1 245 1 429 1 235 2 38 1 586 1 554 1 451 2 595 1 574 1 381 1 450 1 600 1 277 1 319 1 320 1 249 1
11 3 48 196 1 203 2 206 1 207 1 208 2 20 1 74 2 107 2 150 1 245 1 291 1 218 1 153 1 164 1 137 2 235 1 66 1 417 1 226 1 269 1 317 1 340 1 266 1 244 1 436 1 617 1 621 1 398 1 219 1 332 2 286 1 143 1 108 2 510 1 175 1 130 1 136 1 167 1 170 1 425 1 144 1 185 1 296 1 113 2 228 1 287 1 172 1 622 2
28 7 25 140 1 169 1 194 2 193 2 198 3 199 2 447 1 110 1 612 1 173 1 257 1 610 1 392 1 133 1 428 2 19 1 85 1 26 1 36 1 37 1 139 1 293 1 362 1 168 1 121 1
29 7 28 262 2 282 1 64 1 57 1 603 1 68 2 72 2 44 1 52 2 383 1 54 2 63 2 71 2 75 2 76 1 58 1 124 3 196 1 201 3 203 2 206 1 207 1 208 2 276 1 281 1 283 1 20 1 107 2
37 9 13 201 2 203 2 206 1 20 1 107 2 74 2 245 1 386 1 157 2 270 1 599 1 223 1 185 1
64 18 30 72 1 109 1 44 1 52 1 383 1 54 1 63 1 71 2 75 2 76 1 58 1 196 1 203 2 206 1 207 1 208 2 281 1 283 1 124 2 20 1 107 2 74 1 242 1 574 1 226 1 232 1 136 1 163 1 170 1 176 1
//IdTournes NbColis
19 6
//IdColis IdCommandeInColis NbProducts IdProd1 QtyProd1 IdProd2 QtyProd2 ...
88 28 20 71 1 75 2 76 1 58 1 196 1 201 2 203 1 206 1 207 1 208 1 276 2 279 2 281 1 283 1 20 1 107 2 74 1 157 1 299 1 223 1
129 47 15 206 1 207 1 208 1 276 2 279 2 281 1 283 1 20 1 107 2 74 1 242 1 157 1 136 1 155 1 163 1
133 49 16 201 2 206 1 207 1 208 1 276 2 279 2 281 1 283 1 20 1 107 2 74 1 309 1 157 1 348 1 136 1 147 1
137 51 22 71 2 75 2 76 1 58 1 196 1 201 2 203 1 206 1 207 1 208 1 276 2 279 2 281 1 283 1 20 1 107 2 74 1 309 1 576 1 157 1 270 1 136 1
197 82 31 49 1 21 1 209 1 122 1 179 1 181 2 190 1 387 1 246 1 569 2 57 1 64 1 109 1 395 1 44 1 53 1 383 1 54 1 63 1 70 2 75 2 76 1 58 1 196 1 203 1 206 1 34 2 67 1 69 1 136 1 534 1
46 13 32 187 1 202 2 161 1 62 1 115 1 133 1 278 1 182 1 85 1 370 1 128 1 132 1 134 1 262 1 316 1 282 1 267 1 149 1 57 1 64 1 148 1 72 2 109 2 44 1 52 2 54 2 63 2 71 2 75 2 76 1 394 1 135 1
//IdTournes NbColis
20 6
//IdColis IdCommandeInColis NbProducts IdProd1 QtyProd1 IdProd2 QtyProd2 ...
144 55 30 49 1 23 1 209 1 264 1 239 1 271 1 236 1 305 1 546 1 259 1 199 1 194 1 258 1 571 1 104 1 224 1 262 2 57 1 64 1 109 1 395 1 44 1 53 1 54 1 70 2 75 2 76 1 78 1 58 1 225 1
20 5 27 50 1 582 1 227 2 193 2 194 1 198 2 261 1 273 1 344 1 27 1 571 1 393 1 234 1 202 4 93 1 211 1 133 1 24 1 26 1 36 2 37 1 335 1 267 1 64 1 57 1 479 1 265 1
44 12 13 589 1 27 1 224 1 602 1 416 1 420 1 421 1 427 1 431 1 269 1 330 1 320 1 347 1
33 8 28 110 1 106 1 161 1 33 1 182 1 36 1 262 2 282 2 57 1 64 1 72 2 109 2 44 1 53 2 127 1 54 2 63 2 70 2 75 2 76 1 58 1 196 1 200 2 201 2 206 1 207 1 208 2 276 2
25 6 12 34 1 420 1 421 1 427 2 431 2 381 1 157 1 613 1 136 1 564 1 141 1 223 1
34 8 18 279 2 281 1 283 1 34 2 67 1 69 2 111 1 158 2 99 2 165 3 119 1 120 1 114 1 108 2 163 1 170 1 138 1 176 3
//IdTournes NbColis
21 6
//IdColis IdCommandeInColis NbProducts IdProd1 QtyProd1 IdProd2 QtyProd2 ...
50 14 28 466 1 278 1 282 1 57 1 64 1 72 2 109 2 44 1 53 2 54 2 63 2 71 2 75 2 76 1 151 1 58 1 196 1 201 3 203 2 206 1 207 1 208 2 276 3 279 3 281 1 283 1 34 2 67 1
54 15 21 70 2 75 2 76 1 78 2 58 1 196 1 203 2 206 1 201 3 207 1 208 2 276 3 279 3 281 1 283 1 34 2 67 1 69 2 164 1 329 1 157 1
58 16 33 76 1 78 2 58 1 196 1 201 3 203 2 206 1 207 1 208 2 276 3 279 3 281 1 283 1 34 2 67 1 69 2 153 1 291 1 137 1 506 1 99 1 386 1 332 1 143 1 136 1 147 1 155 1 163 2 167 1 308 1 425 1 177 1 423 1
74 22 21 75 2 76 1 78 1 58 1 196 1 203 1 206 1 207 1 208 1 281 1 283 1 457 1 34 2 67 1 69 1 451 1 157 1 163 2 136 1 287 1 296 1
76 23 37 44 1 53 1 383 1 254 1 418 1 54 1 63 1 70 3 75 2 76 1 151 1 341 1 58 1 196 1 203 2 206 1 201 2 207 1 208 2 276 2 281 1 283 1 124 2 34 2 67 1 69 1 150 1 274 1 218 1 164 1 243 1 245 1 184 1 291 1 323 1 153 1 244 1
86 27 26 109 1 44 1 53 1 54 1 63 1 70 2 75 2 76 1 58 1 196 1 201 2 203 1 206 1 207 1 208 1 276 2 281 1 283 1 124 2 34 2 67 1 69 1 245 1 218 1 136 1 176 1
//IdTournes NbColis
22 6
//IdColis IdCommandeInColis NbProducts IdProd1 QtyProd1 IdProd2 QtyProd2 ...
100 33 18 70 1 75 2 76 1 78 1 58 1 196 1 203 1 206 1 207 1 208 1 281 1 283 1 34 2 67 1 69 1 157 1 325 1 163 3
102 34 22 383 1 54 1 70 2 75 2 76 1 78 1 489 1 58 1 196 1 203 1 206 1 208 1 281 1 283 1 34 2 67 1 69 1 105 1 483 1 157 1 136 1 163 1
104 35 26 75 1 76 1 78 1 58 1 196 1 201 1 203 1 206 1 207 1 208 1 276 1 279 1 281 1 283 1 34 1 67 1 69 1 556 1 323 1 309 1 554 1 458 1 324 1 327 1 220 1 564 2
106 36 22 75 2 76 1 58 1 196 1 201 2 203 1 206 1 207 1 208 1 276 2 279 2 281 1 283 1 34 2 67 1 69 2 429 1 469 1 471 1 157 1 473 1 136 2
111 38 14 196 1 201 2 203 1 206 1 207 1 208 1 276 2 281 1 283 1 124 2 34 1 67 1 69 1 530 1
113 39 12 206 1 208 1 281 1 283 1 124 2 34 2 67 1 69 1 386 1 461 1 136 2 163 1
//IdTournes NbColis
23 6
//IdColis IdCommandeInColis NbProducts IdProd1 QtyProd1 IdProd2 QtyProd2 ...
125 45 14 203 1 206 1 208 1 281 1 283 1 34 2 67 1 69 1 137 1 379 1 396 1 386 1 157 1 163 1
127 46 16 203 2 206 1 208 2 281 1 283 1 124 2 34 2 67 1 69 1 522 1 105 1 483 1 330 1 157 1 534 1 537 1
145 55 16 351 1 207 1 208 1 281 1 283 1 196 1 203 1 206 1 34 2 67 1 69 1 99 1 349 1 136 1 578 1 265 1
146 56 33 95 1 116 1 166 1 179 1 181 1 190 1 202 1 496 1 267 1 57 1 64 1 72 1 109 1 44 1 53 1 54 1 63 1 70 2 75 2 76 1 58 1 200 1 201 2 207 1 208 1 276 2 279 2 281 1 283 1 196 1 206 1 34 2 135 1
149 57 16 201 1 207 1 208 2 276 2 279 2 283 1 196 1 203 2 206 1 34 2 67 1 69 1 137 1 157 1 232 1 130 1
153 59 17 207 1 208 1 281 1 283 1 196 1 203 1 206 1 34 1 67 1 69 1 235 1 386 1 329 1 458 1 277 1 320 1 157 1
//IdTournes NbColis
24 6
//IdColis IdCommandeInColis NbProducts IdProd1 QtyProd1 IdProd2 QtyProd2 ...
155 60 12 206 1 207 1 208 2 281 1 283 1 196 1 34 2 67 1 69 1 381 1 400 1 329 1
157 61 11 283 1 196 1 203 1 206 1 34 2 67 1 69 1 329 1 113 2 172 1 302 1
159 62 12 207 1 208 1 281 1 283 1 196 1 203 1 206 1 34 1 67 1 69 1 245 1 287 1
192 79 4 34 2 67 1 69 1 332 1
199 83 34 342 1 189 1 195 1 239 1 264 1 236 1 305 1 271 1 110 1 387 1 224 1 352 1 57 1 64 1 109 1 395 1 44 1 53 1 418 1 54 1 70 1 75 1 76 1 78 1 58 1 196 1 203 1 206 1 207 1 208 1 34 1 67 1 69 1 157 1
3 1 25 246 2 187 1 202 4 161 2 104 1 318 1 616 1 36 1 37 2 139 2 134 1 229 1 496 1 335 3 262 1 57 1 64 1 68 2 72 2 44 1 588 1 52 2 54 2 63 1 577 1
//IdTournes NbColis
25 6
//IdColis IdCommandeInColis NbProducts IdProd1 QtyProd1 IdProd2 QtyProd2 ...
24 6 33 202 1 161 1 41 1 36 1 37 1 293 1 335 1 262 2 57 1 64 1 72 1 109 1 383 1 416 1 608 1 54 2 59 1 63 2 71 2 75 2 76 1 570 1 58 1 208 1 276 2 279 2 281 1 283 1 196 1 200 1 201 2 206 1 207 1
63 18 25 567 1 210 1 49 1 189 1 568 1 445 1 166 1 116 1 566 1 112 1 241 1 181 2 190 1 393 1 257 1 104 1 575 1 134 1 262 1 282 1 57 1 64 1 572 1 222 1 216 1
10 3 31 199 1 328 1 194 1 338 1 73 1 336 1 161 1 139 1 382 1 496 1 168 1 262 1 57 1 64 1 256 2 284 2 68 2 72 2 44 1 52 2 418 1 254 1 54 2 63 2 71 2 75 2 76 1 304 1 341 1 151 1 58 1
15 4 32 262 1 267 1 282 1 149 1 57 1 64 1 284 1 68 1 72 1 44 1 52 1 160 1 54 2 63 2 75 2 76 1 71 2 341 1 151 2 58 1 351 1 196 1 201 3 203 2 206 1 207 1 208 2 276 3 281 1 283 1 124 2 135 1
57 16 29 193 1 194 2 198 2 199 1 133 1 278 1 115 1 128 1 132 1 139 2 134 1 168 1 335 1 316 1 267 1 282 1 154 1 57 1 64 1 468 1 109 2 395 2 44 1 53 2 160 1 54 2 70 2 75 2 249 1
136 51 27 49 1 342 1 346 1 116 1 166 1 179 1 181 2 190 1 294 1 328 1 140 1 393 1 202 2 257 1 161 2 139 1 134 1 262 1 57 1 64 1 72 1 109 1 44 1 52 1 54 1 63 1 570 1
//IdTournes NbColis
26 6
//IdColis IdCommandeInColis NbProducts IdProd1 QtyProd1 IdProd2 QtyProd2 ...
148 57 31 334 1 311 1 264 1 122 1 581 1 179 1 181 2 190 1 415 1 328 1 393 1 161 1 318 1 134 1 262 1 282 1 57 1 64 1 148 1 72 1 109 1 44 1 53 1 54 1 63 1 70 2 75 2 76 1 58 1 201 1 281 1
156 61 30 95 1 342 1 195 1 209 1 264 1 214 1 98 1 179 1 181 1 190 1 387 1 585 1 338 1 202 2 496 1 57 1 64 1 72 1 109 1 44 1 53 1 54 1 63 1 71 2 75 2 76 1 58 1 207 1 208 1 281 1
201 84 37 406 1 233 1 116 1 166 1 179 1 181 1 190 1 202 1 139 1 362 1 149 1 57 1 64 1 72 1 109 1 44 1 52 1 54 1 63 1 71 1 75 1 76 1 58 1 124 1 196 1 203 1 206 1 207 1 208 1 281 1 283 1 67 1 107 1 69 1 157 1 136 1 163 1
203 85 10 589 1 96 1 97 1 46 1 298 1 344 1 202 1 496 1 316 1 596 1
43 12 8 96 1 97 1 46 1 47 1 195 1 356 1 65 1 335 1
49 14 16 48 1 406 1 100 1 205 1 189 1 116 1 166 1 112 2 179 2 181 2 190 2 193 2 194 2 198 2 199 1 99 1
//IdTournes NbColis
27 6
//IdColis IdCommandeInColis NbProducts IdProd1 QtyProd1 IdProd2 QtyProd2 ...
204 85 28 47 1 149 1 462 1 562 1 148 1 416 1 394 1 457 1 420 1 421 1 427 1 431 1 213 1 237 1 601 1 598 1 600 1 317 1 597 1 270 1 563 1 232 1 599 1 156 1 287 1 177 1 302 1 296 1
123 44 19 58 1 196 1 203 1 206 1 208 1 281 1 283 1 67 1 377 1 69 1 137 1 518 1 343 1 270 1 474 1 339 1 172 1 240 1 177 1
30 7 19 74 2 150 1 274 2 410 1 606 1 99 1 105 1 118 1 330 1 117 1 123 1 157 2 343 1 108 1 146 1 159 1 178 1 308 1 144 1
21 5 26 72 2 109 2 54 2 63 2 593 1 594 1 71 2 75 2 76 2 151 1 58 2 196 1 200 2 201 3 206 1 207 1 208 2 276 3 279 3 281 1 283 1 150 1 274 1 420 2 421 2 427 1
71 21 42 71 2 75 2 76 1 341 1 151 1 58 1 196 1 200 1 201 2 206 1 207 1 208 1 276 2 279 2 281 1 283 1 150 1 420 1 421 1 427 1 431 2 218 1 164 1 243 1 245 1 184 1 323 1 153 1 235 1 419 1 242 1 417 1 269 1 329 1 330 1 426 1 244 1 266 1 252 1 225 1 230 1 157 2
93 30 18 58 1 196 1 203 1 206 1 207 1 208 1 281 1 283 1 124 2 67 1 107 2 69 1 66 1 381 1 136 1 163 1 191 1 248 1
//IdTournes NbColis
28 6
//IdColis IdCommandeInColis NbProducts IdProd1 QtyProd1 IdProd2 QtyProd2 ...
115 40 16 76 1 388 1 58 1 196 1 203 1 206 1 207 1 208 1 281 1 283 1 67 1 69 1 398 1 157 1 399 1 108 1
143 54 11 78 1 58 1 208 1 281 1 283 1 196 1 203 1 206 1 67 1 377 1 69 1
84 26 21 201 2 203 1 206 1 207 1 208 1 276 2 279 2 281 1 283 1 420 1 421 1 427 2 431 2 410 1 105 1 157 1 216 1 163 3 136 1 220 1 176 1
107 37 24 100 1 334 1 195 1 152 1 122 1 166 1 470 1 181 2 190 1 179 1 289 1 198 2 315 1 199 1 273 1 328 1 193 1 194 1 202 1 257 1 182 1 333 1 428 1 255 1
51 14 7 69 2 583 1 329 1 157 2 175 1 186 1 172 1
161 63 14 196 1 203 1 206 1 67 1 377 1 69 1 105 1 511 1 512 1 365 1 348 1 108 1 510 1 364 1
//IdTournes NbColis
29 6
//IdColis IdCommandeInColis NbProducts IdProd1 QtyProd1 IdProd2 QtyProd2 ...
47 13 26 124 3 196 1 206 1 201 3 203 2 207 1 208 2 276 3 281 1 283 1 67 1 107 2 69 1 74 1 184 1 137 1 343 1 270 1 130 1 136 1 163 2 141 1 191 1 156 1 172 1 185 1
135 50 16 196 1 201 2 203 1 206 1 207 1 208 1 276 2 281 1 283 1 124 2 67 1 377 2 69 1 137 1 419 1 157 1
147 56 15 67 1 69 1 213 1 164 1 309 1 584 1 226 1 157 2 108 1 136 1 163 2 170 1 339 1 113 1 172 1
22 5 11 427 1 431 2 164 1 429 1 237 1 157 2 270 1 108 1 136 1 220 2 159 1
72 21 31 249 1 343 1 280 1 119 1 120 1 436 1 143 1 250 1 432 2 175 1 108 2 147 1 155 1 159 1 167 1 170 1 136 1 347 1 425 1 144 1 191 1 217 1 223 1 228 1 172 1 240 1 176 1 248 1 185 1 423 1 265 1
5 1 10 321 1 120 1 436 2 230 1 114 1 175 1 348 1 223 2 287 2 622 1
