//NbTournees
32
//IdTournes NbColis
1 6
//IdColis IdCommandeInColis NbProducts IdProd1 QtyProd1 IdProd2 QtyProd2 ...
3 1 22 152 1 159 1 169 1 281 1 283 1 144 1 448 1 278 1 244 2 198 1 173 1 174 1 293 1 305 1 381 1 362 1 451 1 197 1 155 2 1 1 349 1 59 1
9 2 20 245 1 337 2 1 2 76 2 439 1 145 2 117 1 75 1 471 1 39 1 84 2 193 1 264 1 272 1 307 2 313 2 211 2 401 1 404 2 241 1
13 3 20 159 1 166 1 433 1 422 3 298 3 144 1 172 1 179 2 4 1 424 1 305 1 434 1 293 3 215 1 334 1 314 1 82 1 374 2 2 2 425 1
16 4 9 24 1 386 4 345 1 16 1 32 1 254 4 280 1 289 1 2 1
19 4 28 308 2 239 2 27 1 242 1 257 1 268 1 81 1 306 1 8 1 25 1 33 1 267 3 82 1 2 1 26 2 122 2 212 1 29 1 390 1 343 1 352 2 354 3 355 3 340 3 341 2 346 2 357 1 383 1
22 5 8 3 1 9 1 17 1 19 1 21 1 130 1 138 1 336 1
//IdTournes NbColis
2 6
//IdColis IdCommandeInColis NbProducts IdProd1 QtyProd1 IdProd2 QtyProd2 ...
24 5 29 192 1 298 1 172 1 15 1 250 1 318 1 265 1 285 1 286 1 287 2 293 2 305 1 360 1 214 1 2 1 221 1 357 1 358 1 317 1 35 1 39 1 178 1 180 1 156 1 162 1 124 1 356 1 328 1 274 1
26 6 8 3 1 9 1 19 1 20 1 21 1 130 1 138 1 298 1
28 6 19 192 2 12 1 310 2 171 1 172 1 293 2 305 1 495 1 245 1 491 1 288 1 302 1 82 1 2 1 35 1 75 1 39 1 84 2 251 1
30 7 8 3 1 9 1 17 1 43 1 45 1 130 1 196 1 298 1
34 8 9 3 1 9 1 17 1 19 1 45 1 130 1 336 1 41 1 189 1
37 9 9 3 1 9 1 17 1 19 1 45 1 130 1 18 1 298 1 274 1
//IdTournes NbColis
3 6
//IdColis IdCommandeInColis NbProducts IdProd1 QtyProd1 IdProd2 QtyProd2 ...
41 10 9 3 1 9 1 17 1 19 1 21 1 130 1 311 1 298 1 44 1
44 11 8 3 1 9 1 17 1 19 1 45 1 130 1 138 1 336 1
47 12 9 3 1 9 1 17 1 19 1 21 1 130 1 46 1 281 1 35 1
50 13 8 3 1 9 1 20 1 21 1 130 1 151 1 57 1 298 1
54 14 8 3 1 9 1 17 1 43 1 130 1 45 1 386 1 281 1
57 15 8 3 1 9 1 17 1 19 1 21 1 130 1 138 1 49 1
//IdTournes NbColis
4 6
//IdColis IdCommandeInColis NbProducts IdProd1 QtyProd1 IdProd2 QtyProd2 ...
61 16 7 3 1 9 1 10 1 20 1 21 1 148 1 53 1
66 17 7 3 1 9 1 20 1 21 1 130 2 54 1 336 1
71 18 7 3 1 19 1 20 1 9 1 21 1 130 1 56 1
77 19 8 3 1 9 1 17 1 19 1 130 1 45 1 54 1 298 1
80 20 9 3 1 9 1 17 1 45 1 74 1 130 1 254 1 336 1 274 1
83 21 16 364 2 345 1 72 1 310 2 228 2 311 1 60 1 77 2 79 1 379 1 402 1 338 1 475 1 263 1 298 2 78 1
//IdTournes NbColis
5 6
//IdColis IdCommandeInColis NbProducts IdProd1 QtyProd1 IdProd2 QtyProd2 ...
87 22 6 7 3 14 1 20 1 10 1 61 1 298 1
89 22 12 152 1 154 1 159 1 138 1 48 1 280 2 310 2 119 1 60 1 105 1 144 1 222 1
92 23 7 7 1 11 1 14 1 20 1 10 2 61 1 298 1
96 24 7 9 1 10 2 11 1 20 1 110 1 61 1 298 1
100 25 6 7 3 14 1 20 1 10 1 61 1 298 1
106 26 7 10 2 11 1 14 1 20 1 110 1 61 1 298 1
//IdTournes NbColis
6 6
//IdColis IdCommandeInColis NbProducts IdProd1 QtyProd1 IdProd2 QtyProd2 ...
110 27 7 7 2 14 1 20 1 142 1 168 1 61 1 252 1
114 28 6 7 2 14 1 20 1 10 2 61 1 298 1
119 29 6 7 3 14 1 20 1 10 1 61 1 298 1
123 30 7 92 2 94 1 14 1 20 1 128 1 61 1 298 1
127 31 6 102 1 11 1 20 1 10 2 110 1 61 1
215 51 30 344 1 13 2 227 1 60 1 338 1 263 1 298 1 336 1 282 1 284 1 333 1 293 1 305 1 381 1 411 1 76 3 299 1 27 1 268 1 81 1 395 1 396 1 267 1 82 1 26 1 122 1 29 1 340 1 341 1 346 1
//IdTournes NbColis
7 6
//IdColis IdCommandeInColis NbProducts IdProd1 QtyProd1 IdProd2 QtyProd2 ...
116 28 21 152 1 289 1 311 1 105 2 281 1 283 1 129 2 144 1 172 1 176 1 80 1 85 1 244 2 278 1 4 1 15 1 198 1 173 2 174 1 428 1 277 1
29 6 4 490 1 162 1 326 1 5 1
103 25 32 198 1 173 2 174 1 293 2 304 2 305 1 155 2 197 1 150 1 236 1 301 1 59 1 314 1 288 1 163 1 312 1 195 2 82 1 86 1 87 1 89 2 90 1 95 2 317 1 35 2 39 1 178 2 180 1 516 1 240 1 162 1 272 1
130 31 24 293 2 213 2 215 1 371 1 197 2 155 2 337 2 76 3 442 1 308 4 267 2 86 1 87 1 89 2 90 2 95 2 218 1 354 2 355 2 357 1 358 1 317 1 35 2 39 1
136 32 34 323 1 293 2 303 1 197 1 155 2 34 2 407 1 261 1 334 1 342 1 82 1 86 1 87 1 89 2 90 1 95 2 35 1 117 1 75 1 39 1 84 2 322 1 332 1 98 1 211 2 264 1 272 1 290 1 307 2 313 2 401 1 404 2 241 1 320 1
141 33 27 155 1 319 1 312 1 82 1 86 1 87 1 89 2 90 1 95 1 35 1 36 2 39 1 180 1 162 1 264 1 272 1 290 1 307 2 313 2 211 2 401 1 404 2 241 1 405 1 275 1 248 1 353 1
//IdTournes NbColis
8 6
//IdColis IdCommandeInColis NbProducts IdProd1 QtyProd1 IdProd2 QtyProd2 ...
4 1 26 312 1 195 2 82 1 6 1 199 1 75 1 35 1 36 2 39 1 162 1 264 1 272 1 290 1 307 2 313 2 211 2 401 1 404 2 241 1 124 1 361 2 376 1 454 1 453 1 368 1 248 2
52 13 28 310 1 298 1 58 1 144 2 171 1 172 1 121 1 47 1 293 2 305 1 360 1 76 1 406 1 297 1 288 1 194 1 312 1 195 1 82 1 35 1 36 2 180 1 39 1 382 1 193 1 162 2 118 1 55 1
146 34 23 6 1 317 1 421 1 75 1 35 1 36 1 39 1 84 1 382 1 162 1 307 2 313 2 211 2 401 1 404 2 241 1 264 1 272 1 124 1 372 1 443 1 291 1 339 1
81 20 11 149 2 188 1 191 1 192 1 344 1 298 1 144 1 63 1 250 1 265 1 285 1
90 22 33 144 1 400 1 293 2 303 1 359 1 104 1 183 1 216 1 245 2 512 1 62 1 76 1 407 1 416 1 68 1 439 1 314 1 308 1 163 1 82 1 145 2 84 2 75 2 35 2 39 1 332 1 162 1 124 1 55 1 186 2 468 2 222 1 274 1
85 21 33 25 1 33 1 267 2 82 1 66 1 69 1 26 2 122 2 340 2 341 2 343 1 346 1 352 2 354 2 22 1 40 2 120 2 501 1 258 1 75 1 35 2 39 1 84 2 67 1 504 1 499 1 431 1 64 1 206 1 372 1 309 1 505 1 339 2
//IdTournes NbColis
9 6
//IdColis IdCommandeInColis NbProducts IdProd1 QtyProd1 IdProd2 QtyProd2 ...
117 28 28 293 2 305 1 418 2 197 1 155 2 417 1 299 1 296 1 301 2 308 3 295 1 82 1 212 1 75 1 39 1 35 2 36 2 437 1 88 1 162 1 211 3 264 1 272 2 292 1 307 3 401 2 404 2 247 1
68 17 14 149 1 188 1 74 1 138 1 48 1 344 2 157 1 298 2 172 1 513 1 42 1 460 1 434 1 517 1
111 27 7 152 1 159 1 10 1 11 1 110 2 48 1 96 1
6 2 7 7 2 14 1 20 1 92 1 10 1 138 1 298 1
11 3 5 7 2 14 1 20 1 10 2 419 2
143 34 6 7 2 14 1 20 1 10 2 138 1 298 1
//IdTournes NbColis
10 6
//IdColis IdCommandeInColis NbProducts IdProd1 QtyProd1 IdProd2 QtyProd2 ...
148 35 9 7 1 10 1 11 1 14 1 20 1 110 1 280 1 298 1 465 1
151 36 6 7 2 14 1 20 1 10 2 138 1 298 1
155 37 4 102 1 7 3 10 2 54 1
160 38 6 7 3 14 1 20 1 10 1 138 1 298 1
165 39 7 7 1 94 1 14 1 20 1 92 2 138 1 298 1
84 21 29 80 1 73 1 85 1 498 1 400 1 284 2 333 2 282 1 42 1 305 1 348 1 293 2 65 1 71 1 70 2 83 1 331 1 76 1 366 2 349 1 308 1 378 1 27 1 242 1 246 2 507 1 257 1 81 1 29 1
//IdTournes NbColis
11 6
//IdColis IdCommandeInColis NbProducts IdProd1 QtyProd1 IdProd2 QtyProd2 ...
108 26 25 159 1 93 1 310 1 144 1 171 1 121 1 460 1 293 2 305 1 91 1 115 1 216 1 406 2 467 1 195 1 82 1 145 2 35 1 36 2 39 1 180 1 162 1 462 3 266 2 339 1
158 37 27 80 1 121 1 184 2 250 1 265 1 285 1 286 2 287 2 293 2 335 1 305 1 91 1 141 1 495 1 384 1 308 1 306 1 82 1 35 1 36 2 39 1 162 1 468 1 222 1 274 1 255 2 511 1
171 40 23 103 1 58 1 121 2 400 2 282 2 284 2 333 2 123 1 253 1 324 1 348 1 293 2 304 1 305 1 359 1 256 1 381 1 91 1 115 1 125 3 514 2 371 1 82 1
179 41 19 108 2 109 1 106 2 111 1 162 1 279 1 124 1 208 1 118 2 452 1 247 1 248 2 249 3 309 3 260 4 459 3 510 2 315 3 339 1
153 36 19 159 1 280 1 310 2 298 1 103 1 171 1 176 1 293 2 305 1 439 1 444 1 82 1 35 1 36 2 39 1 180 1 108 1 162 1 260 2
210 49 19 280 2 344 2 79 1 402 1 225 1 263 1 338 1 336 1 298 2 38 4 284 1 333 1 282 1 293 2 305 1 104 2 331 1 398 1 411 1
//IdTournes NbColis
12 6
//IdColis IdCommandeInColis NbProducts IdProd1 QtyProd1 IdProd2 QtyProd2 ...
175 41 16 345 1 226 1 385 2 310 2 228 1 224 1 235 1 30 1 227 3 229 1 107 1 379 1 347 1 231 1 225 1 263 1
178 41 26 374 1 26 2 122 2 502 1 29 1 390 1 340 2 341 2 343 1 352 2 354 2 355 2 357 1 358 1 317 2 22 1 40 2 120 2 350 4 75 2 117 2 39 1 84 2 332 3 108 2 361 1
181 42 9 9 1 10 1 11 1 20 1 114 1 110 1 280 1 298 1 274 1
184 43 7 9 1 10 2 11 1 20 1 110 1 409 1 298 1
188 44 7 9 1 10 1 11 1 20 1 110 2 18 1 298 1
192 45 8 147 1 9 1 10 1 11 1 20 1 114 1 310 1 312 1
//IdTournes NbColis
13 6
//IdColis IdCommandeInColis NbProducts IdProd1 QtyProd1 IdProd2 QtyProd2 ...
196 46 9 9 1 10 1 11 1 20 1 114 1 151 1 310 1 281 1 200 1
45 11 11 149 2 188 1 74 1 192 1 344 1 298 1 171 1 172 1 42 1 250 1 265 1
189 44 12 152 1 148 1 114 1 151 1 188 1 310 1 80 1 42 1 250 1 265 1 285 1 286 1
135 32 18 128 1 310 2 13 1 185 2 281 1 283 1 298 2 99 1 144 2 172 1 80 1 85 1 244 2 278 2 198 1 173 2 174 1 162 1
134 32 7 131 1 154 1 159 1 92 2 128 1 72 1 100 1
200 47 6 102 1 92 2 94 1 14 1 20 1 138 1
//IdTournes NbColis
14 6
//IdColis IdCommandeInColis NbProducts IdProd1 QtyProd1 IdProd2 QtyProd2 ...
204 48 6 92 3 94 1 14 1 20 1 138 1 298 1
1 1 6 10 2 11 1 20 1 110 2 138 1 298 1
88 22 6 10 1 11 1 110 3 142 1 54 1 298 1
101 25 7 10 1 94 1 128 2 142 1 152 1 201 1 298 1
120 29 8 10 1 94 1 142 1 152 1 154 1 159 1 54 1 298 1
138 33 6 10 2 11 1 20 1 110 2 138 1 298 1
//IdTournes NbColis
15 6
//IdColis IdCommandeInColis NbProducts IdProd1 QtyProd1 IdProd2 QtyProd2 ...
161 38 6 10 1 11 1 110 3 142 1 310 1 140 1
202 47 21 154 1 159 1 310 2 169 1 30 1 298 1 164 2 293 2 303 1 167 1 177 1 261 2 439 1 288 1 82 1 463 1 66 1 75 1 117 1 39 1 222 1
7 2 7 94 1 128 2 142 1 152 1 154 1 32 1 77 1
133 32 7 94 1 14 1 20 1 142 1 152 1 131 1 53 1
12 3 6 11 1 110 2 142 1 152 1 154 1 325 2
115 28 7 11 1 110 2 154 1 159 1 142 1 138 1 298 1
//IdTournes NbColis
16 6
//IdColis IdCommandeInColis NbProducts IdProd1 QtyProd1 IdProd2 QtyProd2 ...
144 34 7 11 1 110 2 142 1 152 1 154 1 280 1 427 1
152 36 7 11 1 110 2 142 1 168 1 152 1 280 1 165 1
156 37 6 11 1 14 1 20 1 110 3 57 1 298 1
208 48 29 268 1 163 1 306 2 195 1 82 1 134 2 205 1 423 1 429 1 259 2 75 2 39 2 84 2 117 2 137 3 124 2 208 1 118 1 222 3 445 3 243 2 260 3 269 1 230 1 262 1 266 3 291 1 430 3 223 5
17 4 18 310 3 238 1 13 2 28 1 30 1 393 1 23 1 232 1 234 1 263 1 338 1 252 1 276 1 298 3 38 1 282 1 284 2 37 1
94 23 26 159 1 57 1 310 2 13 1 172 1 250 1 265 1 285 1 286 1 287 1 293 2 303 1 477 1 410 1 82 1 374 1 352 1 354 2 355 2 35 1 36 1 39 1 180 1 476 1 162 1 271 1
//IdTournes NbColis
17 6
//IdColis IdCommandeInColis NbProducts IdProd1 QtyProd1 IdProd2 QtyProd2 ...
128 31 8 110 1 114 1 142 1 168 1 152 1 148 1 310 1 13 1
73 18 6 74 1 192 3 50 2 280 1 310 1 59 1
63 16 19 188 1 74 1 138 1 310 2 51 1 281 1 283 1 298 1 172 1 244 1 278 1 198 1 173 1 174 1 293 2 303 1 197 1 155 1 35 1
55 14 12 190 1 149 1 191 1 192 1 52 1 344 1 489 1 283 1 336 1 298 1 244 1 278 1
69 17 37 293 2 304 3 305 1 216 1 237 1 261 1 59 1 439 2 410 3 314 1 82 1 217 1 258 1 350 2 35 2 36 2 39 1 180 1 322 1 160 1 162 1 124 1 55 1 187 1 210 1 469 1 222 2 247 2 248 1 520 1 269 1 315 1 274 1 519 1 339 1 273 1 518 1
145 34 23 159 1 310 2 281 1 283 1 298 1 172 1 244 2 278 1 173 1 174 1 175 1 198 1 293 2 305 1 101 1 170 1 197 1 420 1 155 2 366 1 308 1 267 1 82 1
//IdTournes NbColis
18 6
//IdColis IdCommandeInColis NbProducts IdProd1 QtyProd1 IdProd2 QtyProd2 ...
203 47 4 84 2 162 1 55 1 243 1
27 6 7 130 1 149 2 188 1 74 1 192 1 18 1 298 1
166 39 7 128 2 142 1 152 1 131 1 154 1 18 1 229 1
124 30 8 128 1 131 2 142 1 152 1 154 1 280 1 97 1 455 1
206 48 9 154 1 159 1 142 1 152 1 310 3 426 2 135 1 298 2 294 1
74 18 26 310 1 496 1 298 1 144 2 172 1 80 2 133 1 250 1 265 1 285 1 286 1 287 2 293 2 305 1 70 1 127 1 76 1 487 3 59 1 163 2 312 1 82 1 494 1 346 1 352 1 354 2
//IdTournes NbColis
19 6
//IdColis IdCommandeInColis NbProducts IdProd1 QtyProd1 IdProd2 QtyProd2 ...
121 29 19 128 2 57 1 310 2 311 1 144 1 293 2 303 1 158 1 371 2 406 1 412 1 297 1 312 1 82 1 145 2 35 1 36 2 39 1 414 1
162 38 14 152 1 154 1 159 1 310 1 140 1 229 1 298 1 139 2 144 2 171 1 293 2 305 1 359 3 162 1
193 45 8 110 2 148 2 151 1 152 1 298 1 139 1 265 1 182 1
201 47 6 128 2 131 2 142 1 152 1 386 1 298 1
205 48 4 131 3 128 3 254 1 119 1
207 48 22 129 1 144 3 203 2 172 2 80 1 121 1 209 1 233 1 277 1 286 1 293 3 300 1 303 1 348 2 359 1 245 2 136 1 349 2 261 2 302 2 308 1 246 1
//IdTournes NbColis
20 6
//IdColis IdCommandeInColis NbProducts IdProd1 QtyProd1 IdProd2 QtyProd2 ...
102 25 16 154 1 159 1 32 1 280 1 310 2 140 2 316 1 281 1 283 1 202 1 144 1 172 1 513 1 207 1 244 2 278 1
93 23 7 110 2 142 1 168 1 152 1 148 1 138 1 298 1
97 24 7 110 1 114 1 151 1 152 1 148 2 138 1 250 1
107 26 8 110 1 142 1 168 1 152 1 148 2 310 1 298 1 469 1
149 35 9 110 1 142 1 152 1 154 1 159 1 280 2 298 1 123 1 293 2
182 42 13 110 1 151 1 152 1 148 1 188 1 310 1 448 1 293 1 304 1 305 1 391 1 82 1 346 1
//IdTournes NbColis
21 6
//IdColis IdCommandeInColis NbProducts IdProd1 QtyProd1 IdProd2 QtyProd2 ...
163 38 18 158 2 150 1 457 1 416 1 163 1 82 1 458 1 35 2 36 2 39 1 180 1 251 1 124 1 118 2 468 1 469 2 464 3 255 2
98 24 30 148 1 188 1 146 1 265 1 285 1 286 1 287 1 293 1 305 1 398 1 76 1 416 1 472 1 483 1 297 1 312 1 112 1 82 1 352 1 354 1 355 1 357 1 358 1 317 1 75 1 35 1 39 1 84 1 162 1 124 1
139 33 6 142 1 114 1 152 1 148 3 310 1 119 1
157 37 11 142 1 152 1 154 1 159 1 280 3 310 1 143 1 166 1 298 1 172 1 75 1
59 15 21 192 1 298 2 164 1 144 1 172 1 293 2 305 1 381 1 407 2 410 1 472 2 288 2 82 1 35 1 36 2 39 1 180 1 332 1 162 1 431 2 466 1
20 4 21 357 1 358 1 317 2 22 1 40 2 120 2 258 3 350 3 35 2 36 2 39 1 180 1 251 3 478 2 332 2 504 2 162 1 279 1 383 1 339 1 291 2
//IdTournes NbColis
22 6
//IdColis IdCommandeInColis NbProducts IdProd1 QtyProd1 IdProd2 QtyProd2 ...
173 40 29 81 1 25 1 33 1 267 1 374 3 26 2 122 2 29 1 390 1 346 1 343 1 340 3 341 2 357 1 358 1 317 2 22 1 120 2 40 2 501 1 350 2 258 1 35 1 36 2 39 1 180 1 220 3 326 1 466 2
211 49 36 299 1 27 1 268 1 242 1 81 1 306 3 395 1 25 1 267 1 82 1 26 1 122 1 29 1 340 2 341 1 343 1 346 1 352 1 354 2 355 2 357 1 358 1 317 1 22 1 120 1 40 1 35 1 39 1 178 1 180 1 240 2 220 1 279 1 124 1 397 1 339 1
214 50 21 29 1 340 1 341 1 346 1 352 1 354 1 394 1 357 1 358 1 317 1 343 1 22 1 120 1 40 1 35 1 39 1 178 1 180 1 118 2 260 1 339 1
216 51 20 352 1 354 1 355 1 357 1 358 1 317 1 343 1 22 1 120 1 40 1 35 1 39 1 178 1 180 1 162 1 399 1 260 3 315 4 339 1 413 1
62 16 6 148 2 130 1 151 1 149 2 57 1 298 1
67 17 5 151 1 148 3 149 2 57 1 336 1
//IdTournes NbColis
23 6
//IdColis IdCommandeInColis NbProducts IdProd1 QtyProd1 IdProd2 QtyProd2 ...
176 41 20 338 1 298 2 58 1 85 3 498 1 400 3 282 2 284 2 333 2 253 1 324 1 256 1 303 1 304 1 293 2 359 1 381 2 245 2 331 1 346 1
58 15 8 130 1 149 2 188 1 74 1 192 1 72 1 336 1 367 1
186 43 20 188 1 153 1 72 1 298 1 172 1 171 1 179 2 400 2 293 3 305 1 76 2 416 2 59 1 334 1 410 1 297 1 82 1 357 1 350 2 266 1
23 5 8 130 1 149 2 188 1 74 1 192 1 157 1 298 1 82 1
72 18 5 130 1 149 4 188 1 196 1 298 1
2 1 6 148 3 114 1 151 1 168 1 345 1 433 1
//IdTournes NbColis
24 6
//IdColis IdCommandeInColis NbProducts IdProd1 QtyProd1 IdProd2 QtyProd2 ...
185 43 7 148 2 114 1 151 1 152 1 149 1 196 1 298 1
140 33 21 168 1 159 1 310 1 316 2 281 1 283 1 298 1 172 1 278 1 244 1 198 1 173 1 174 1 133 1 293 2 335 1 305 1 359 1 197 1 155 1 319 1
177 41 28 387 3 512 1 365 1 76 1 237 2 299 1 349 1 366 1 369 1 126 1 391 1 412 1 342 1 308 1 27 1 242 1 257 1 268 1 81 2 112 4 25 2 33 1 267 2 195 1 82 1 500 1 374 2 247 1
198 46 33 298 2 172 1 244 1 278 1 284 1 198 1 173 1 174 1 250 1 265 1 285 1 286 1 287 1 293 2 305 1 197 1 155 1 297 1 312 1 112 1 82 1 35 1 39 1 178 1 180 1 264 1 272 1 290 1 307 2 313 2 211 2 401 1 404 2
169 40 7 409 2 364 1 345 5 351 2 32 1 289 4 113 1
129 31 17 148 1 159 1 310 1 229 1 389 1 219 1 281 1 283 1 298 2 144 2 244 2 278 1 198 2 173 2 174 1 305 1 82 1
//IdTournes NbColis
25 6
//IdColis IdCommandeInColis NbProducts IdProd1 QtyProd1 IdProd2 QtyProd2 ...
197 46 7 148 2 149 2 188 1 74 1 310 1 283 1 200 1
213 50 30 226 1 344 1 224 1 446 1 450 1 347 1 402 1 338 1 263 1 298 1 336 1 282 1 284 1 333 1 293 1 305 1 214 1 411 1 299 2 366 1 27 1 268 1 81 1 395 1 25 1 267 1 82 1 26 1 122 1 449 1
150 35 13 303 1 461 1 267 1 82 1 35 1 36 1 39 1 180 1 162 1 124 1 456 1 260 3 459 1
75 18 14 355 2 357 1 358 1 317 1 341 1 35 1 36 2 39 1 180 1 332 1 162 1 132 1 200 1 274 1
31 7 12 190 1 149 2 191 1 192 1 281 1 283 1 244 1 278 1 198 1 173 1 174 1 82 1
35 8 12 149 2 188 1 74 1 192 1 144 1 171 1 172 1 480 1 250 1 265 1 285 1 286 1
//IdTournes NbColis
26 6
//IdColis IdCommandeInColis NbProducts IdProd1 QtyProd1 IdProd2 QtyProd2 ...
38 9 11 149 2 188 1 74 1 192 1 254 1 298 1 171 1 172 1 250 1 265 1 285 1
42 10 8 149 2 188 1 74 1 192 2 144 1 171 1 250 1 339 1
48 12 16 149 1 188 1 74 1 192 1 283 1 336 1 298 1 244 1 278 1 293 1 305 1 82 1 503 1 39 1 178 1 180 1
51 13 6 149 2 188 1 74 1 192 2 310 1 433 1
78 19 7 149 2 188 1 74 1 192 1 280 3 310 1 35 1
172 40 23 327 1 451 1 331 1 398 2 245 1 365 2 337 3 76 2 349 1 366 1 369 1 370 1 299 1 515 4 126 1 391 1 384 1 27 1 268 1 295 2 242 1 246 2 257 1
//IdTournes NbColis
27 6
//IdColis IdCommandeInColis NbProducts IdProd1 QtyProd1 IdProd2 QtyProd2 ...
118 28 12 404 1 241 2 124 1 206 3 204 1 200 1 438 1 309 2 260 2 274 1 291 2 255 2
8 2 20 159 1 310 2 77 1 281 1 283 1 298 1 144 1 474 1 278 1 244 2 198 1 173 2 174 1 293 2 303 1 470 2 473 1 197 1 155 2 82 1
125 30 21 159 1 293 1 303 1 59 1 439 1 297 1 302 1 161 1 163 1 82 1 390 1 350 2 75 1 117 1 39 1 84 1 240 1 160 1 162 1 124 1 274 1
167 39 19 159 1 310 1 116 1 475 1 172 1 293 1 303 1 34 1 457 1 349 1 297 1 288 1 82 1 75 1 35 1 39 1 84 1 162 1 124 1
194 45 17 188 1 285 1 286 1 287 2 293 1 305 1 250 1 327 1 245 1 237 1 82 1 35 1 36 1 39 1 180 1 162 1 124 1
32 7 33 285 1 286 1 287 1 305 1 250 1 265 1 293 1 170 1 197 1 155 1 482 1 355 1 357 1 358 1 317 1 35 1 39 1 178 1 180 1 162 1 290 1 307 1 313 1 211 1 401 1 404 1 241 1 440 1 264 1 272 1 124 1 380 1 247 1
//IdTournes NbColis
28 6
//IdColis IdCommandeInColis NbProducts IdProd1 QtyProd1 IdProd2 QtyProd2 ...
18 4 22 333 2 256 1 348 1 304 2 305 2 293 3 381 1 371 1 392 1 451 1 398 2 331 1 337 2 34 1 388 1 349 1 366 2 370 1 31 1 391 1 270 4 384 1
112 27 28 280 1 224 1 298 1 144 1 123 1 265 1 285 1 286 1 287 1 373 1 293 1 305 1 359 1 250 1 312 1 82 1 317 1 350 1 35 1 39 1 178 1 180 1 124 1 181 1 405 1 377 1 182 2 363 2
79 19 12 298 1 171 1 293 2 305 1 481 1 267 1 82 1 39 1 178 1 180 1 437 2 124 1
170 40 16 289 1 385 2 310 2 119 1 321 2 325 1 427 3 116 1 347 1 234 1 263 1 338 1 252 1 276 1 298 3 35 1
56 14 19 293 1 497 1 305 1 488 1 245 1 34 1 492 1 391 1 82 1 346 1 352 1 354 1 355 1 357 1 358 1 35 1 39 1 178 1 180 1
14 3 13 425 1 355 2 357 1 358 1 317 2 436 2 350 3 258 1 35 2 36 2 39 1 180 1 382 2
//IdTournes NbColis
29 6
//IdColis IdCommandeInColis NbProducts IdProd1 QtyProd1 IdProd2 QtyProd2 ...
36 8 16 287 1 293 1 304 1 305 1 412 1 82 1 145 1 35 1 36 1 39 1 180 1 486 1 485 1 162 1 124 1 479 1
39 9 20 286 1 287 2 293 2 304 1 305 1 365 2 82 1 374 1 352 1 354 2 355 2 357 1 358 1 317 1 35 1 36 2 39 1 180 1 162 1 493 1
43 10 14 265 1 285 1 286 1 287 1 293 1 305 1 312 1 82 1 35 1 39 1 178 1 180 1 162 1 124 1
46 11 15 285 1 286 1 287 1 293 1 305 1 360 1 306 1 82 1 35 1 39 1 178 1 180 1 162 1 274 1 484 1
82 20 21 286 1 287 1 293 1 497 1 305 1 216 1 82 1 346 1 352 1 354 1 355 1 357 1 358 1 317 1 35 1 39 1 178 1 180 1 162 1 124 1 273 1
183 42 13 352 1 354 1 355 1 357 1 358 1 317 1 35 1 39 1 178 1 180 1 478 1 162 1 124 1
//IdTournes NbColis
30 6
//IdColis IdCommandeInColis NbProducts IdProd1 QtyProd1 IdProd2 QtyProd2 ...
187 43 8 35 2 36 2 39 1 180 1 162 1 124 1 266 1 274 1
190 44 22 287 2 293 1 303 1 304 2 359 1 299 1 246 1 82 1 429 1 355 1 357 1 358 1 317 1 350 2 35 1 36 1 39 1 180 1 162 1 124 1 447 1 452 1
64 16 19 155 1 314 2 312 1 82 1 36 2 39 1 180 1 162 1 307 2 313 2 211 2 401 1 404 2 241 1 264 1 272 1 206 1 309 1 269 1
131 31 24 178 2 180 2 435 1 162 1 220 2 431 2 211 3 307 3 313 2 401 2 404 2 241 1 440 1 264 1 272 2 290 1 124 1 118 3 432 2 441 1 222 1 320 1 275 2 269 1
122 29 4 180 1 162 1 403 1 415 1
95 23 5 279 1 124 1 432 1 459 1 415 1
//IdTournes NbColis
31 6
//IdColis IdCommandeInColis NbProducts IdProd1 QtyProd1 IdProd2 QtyProd2 ...
104 25 14 241 1 264 1 290 1 307 2 313 2 211 2 401 1 404 2 271 3 124 1 275 1 315 1 459 2 353 1
137 32 8 124 1 210 1 275 1 330 3 353 1 223 1 408 2 329 1
199 46 4 241 1 440 1 124 1 222 1
86 21 5 508 1 509 1 274 1 375 1 403 1
109 26 3 403 1 182 3 415 1
174 40 3 248 2 367 4 493 1
//IdTournes NbColis
32 3
//IdColis IdCommandeInColis NbProducts IdProd1 QtyProd1 IdProd2 QtyProd2 ...
99 24 1 432 1
91 22 2 506 2 273 4
209 48 1 273 1
