//NbTournees
11
//IdTournes NbColis
1 6
//IdColis IdCommandeInColis NbProducts IdProd1 QtyProd1 IdProd2 QtyProd2 ...
5 1 12 271 1 198 1 59 6 142 3 220 1 234 1 246 1 266 2 320 5 332 2 162 1 8 1
13 2 24 531 1 264 1 298 1 303 1 267 1 269 1 308 1 337 1 347 1 271 1 368 1 400 1 418 1 374 1 548 1 306 1 307 1 397 1 507 1 242 1 362 1 420 1 220 1 234 1
24 3 17 362 4 420 1 129 1 59 4 153 1 220 1 234 2 266 2 272 1 274 1 443 1 485 1 486 1 37 2 39 1 162 1 96 1
40 4 22 172 1 174 1 175 1 153 1 178 1 183 1 220 1 230 1 231 1 246 1 257 1 234 1 294 1 266 1 301 1 322 1 325 1 329 1 331 1 334 1 162 1 8 1
58 5 14 242 1 362 3 420 3 220 1 246 3 257 2 234 2 266 2 305 2 342 3 274 1 443 1 447 1 102 1
71 6 16 497 1 233 2 531 1 264 1 267 1 269 1 271 1 220 1 234 1 266 2 272 2 274 1 59 3 275 1 39 1 162 5
//IdTournes NbColis
2 6
//IdColis IdCommandeInColis NbProducts IdProd1 QtyProd1 IdProd2 QtyProd2 ...
15 2 33 280 1 478 1 537 1 351 1 357 1 406 1 411 1 417 1 540 1 354 1 541 1 54 1 62 1 68 1 245 1 361 1 408 1 451 1 469 1 556 1 562 1 221 1 225 1 247 1 252 1 299 1 321 1 336 1 471 1 546 1 7 1 21 1 28 1
46 4 28 143 1 465 1 554 1 354 1 273 1 541 1 245 1 361 1 429 1 408 1 221 1 225 1 247 1 252 1 299 1 321 1 336 1 471 1 546 1 7 2 21 2 60 2 189 2 190 2 104 2 106 2 194 2 226 1
6 1 17 332 2 272 2 274 1 414 1 561 1 44 1 147 1 222 2 275 2 162 6 516 1 550 1 279 1 281 1 237 3 518 1 6 1
14 2 28 246 1 257 1 266 1 305 1 274 1 415 1 460 1 473 1 491 1 39 1 44 1 61 1 222 1 275 1 356 1 395 1 499 1 358 1 388 1 279 1 281 1 369 1 533 1 355 1 276 1 372 1 277 1 232 1
59 5 13 447 1 460 2 415 2 486 1 473 2 498 2 222 1 44 1 162 7 373 3 395 2 438 2 253 1
11 2 15 399 1 476 1 504 1 227 1 262 1 317 1 318 1 300 1 363 1 421 1 238 1 293 1 295 1 423 1 223 1
//IdTournes NbColis
3 6
//IdColis IdCommandeInColis NbProducts IdProd1 QtyProd1 IdProd2 QtyProd2 ...
42 4 21 489 1 491 1 506 1 473 1 511 1 514 1 340 1 343 1 439 1 503 1 223 1 356 1 395 1 51 1 53 1 138 1 146 1 148 1 184 1 358 1 417 1
43 4 19 186 1 224 1 324 1 326 1 341 1 381 1 430 1 449 1 458 1 479 1 484 1 488 1 509 1 512 1 513 1 515 1 532 1 158 1 200 1
65 5 25 404 1 408 2 556 2 247 2 252 1 225 2 283 1 299 1 321 2 366 2 384 2 495 2 471 1 546 1 104 1 106 1 243 3 244 2 314 2 315 1 450 2 527 1 158 1 161 1 131 1
16 2 39 60 1 104 1 106 1 214 1 235 1 243 1 244 1 311 1 314 1 315 1 330 1 352 1 450 1 345 1 387 1 402 1 403 1 407 1 378 1 539 1 542 1 226 1 304 1 353 1 410 1 419 1 71 1 409 1 47 1 108 1 209 1 212 1 249 1 309 1 333 1 99 1 297 1 258 1 12 1
66 5 25 345 2 378 2 387 2 402 1 403 2 454 1 457 2 542 2 576 1 141 1 522 1 563 1 226 2 304 2 338 1 360 2 493 2 99 1 52 1 69 1 134 1 139 1 297 2 310 2 33 1
29 3 16 409 3 99 1 228 3 251 5 382 3 405 2 427 4 432 5 154 1 168 1 101 2 302 5 64 1 22 1 96 1 217 1
//IdTournes NbColis
4 6
//IdColis IdCommandeInColis NbProducts IdProd1 QtyProd1 IdProd2 QtyProd2 ...
37 4 15 476 1 187 1 227 1 262 1 317 1 318 1 393 1 300 1 363 1 421 1 293 1 295 1 461 1 423 1 239 1
52 5 9 169 1 123 2 262 2 227 2 317 1 393 2 300 2 286 1 159 1
30 3 14 64 3 316 2 475 4 229 8 285 4 75 2 155 1 12 2 102 2 35 1 9 2 22 9 28 11 8 2
67 5 34 441 1 448 1 487 1 496 1 521 1 523 1 528 1 555 1 568 1 570 1 573 1 574 1 575 1 582 1 253 1 232 2 346 2 377 1 121 1 101 1 92 1 229 2 285 2 102 1 12 1 35 1 24 2 164 1 161 1 580 1 42 1 579 1 1 1 96 1
28 3 19 20 1 216 1 408 5 584 1 585 2 243 4 284 1 235 2 352 2 383 4 364 2 365 2 141 1 522 1 563 1 288 3 304 3 203 1 4 1
48 4 51 297 1 258 1 483 1 517 1 232 1 241 1 346 1 377 1 58 1 215 1 206 1 208 2 135 1 29 1 24 1 16 2 27 2 86 2 103 2 97 2 199 2 122 1 207 1 211 1 72 1 188 1 95 2 205 2 170 1 84 2 210 2 192 1 96 2 98 2 202 1 566 2 10 1 18 1 56 2 196 2 2 2 89 2 90 2 412 1 36 1 131 2 23 1 83 1 159 1 163 1 217 1
//IdTournes NbColis
5 6
//IdColis IdCommandeInColis NbProducts IdProd1 QtyProd1 IdProd2 QtyProd2 ...
4 1 10 426 8 497 1 116 4 472 1 559 3 233 1 236 1 531 1 264 1 267 1
12 2 20 477 1 376 1 313 1 268 1 455 1 470 1 239 1 248 1 344 1 497 1 359 1 392 1 401 1 534 1 422 1 459 1 472 1 474 1 233 1 260 1
23 3 12 497 1 116 6 472 2 240 3 233 2 531 2 264 1 267 1 368 2 242 1 362 2 96 1
38 4 21 508 1 477 1 376 1 268 1 455 1 470 1 248 1 344 1 392 1 505 1 534 1 459 1 422 1 472 1 474 1 233 1 531 1 260 1 264 1 298 1 188 1
56 5 17 472 2 474 1 559 2 233 2 240 1 531 2 264 1 298 1 267 1 269 2 308 1 347 1 367 1 374 1 271 2 386 2 88 1
47 4 33 195 2 214 2 243 1 244 1 235 1 311 1 314 1 315 1 330 1 450 1 256 1 345 1 387 1 402 1 403 1 407 1 364 1 394 1 445 1 378 1 539 1 542 1 353 1 360 1 410 1 419 1 47 2 108 2 209 2 212 2 249 1 333 1 72 1
//IdTournes NbColis
6 6
//IdColis IdCommandeInColis NbProducts IdProd1 QtyProd1 IdProd2 QtyProd2 ...
26 3 20 558 2 162 4 529 1 254 1 279 2 281 1 444 2 79 1 80 1 156 1 287 1 40 2 55 1 289 1 296 2 270 1 396 3 355 1 22 1 8 2
54 5 11 259 2 335 2 380 2 428 2 501 2 255 1 319 2 389 2 437 2 286 1 157 1
60 5 16 438 1 499 2 529 1 279 2 281 1 500 3 444 1 287 1 290 4 291 1 292 4 339 1 312 1 327 1 391 2 434 2
19 3 5 150 2 166 2 169 1 594 1 238 1
21 3 7 265 2 317 1 318 7 238 1 376 3 248 1 13 1
35 4 11 171 1 173 1 176 1 179 1 182 1 193 1 218 1 219 1 588 1 589 1 238 1
//IdTournes NbColis
7 6
//IdColis IdCommandeInColis NbProducts IdProd1 QtyProd1 IdProd2 QtyProd2 ...
51 5 5 124 1 126 1 150 2 166 2 238 1
55 5 13 379 2 248 1 239 1 569 1 392 2 401 1 359 1 505 1 534 1 116 6 459 2 422 2 263 1
17 2 63 348 1 427 1 517 1 241 1 346 1 377 1 101 1 92 1 114 1 64 1 316 1 475 1 102 1 35 1 34 1 86 1 97 1 103 1 122 1 5 1 109 1 72 1 95 1 1 1 85 1 107 1 565 1 112 1 17 1 31 1 46 1 48 1 91 1 115 1 117 1 120 1 110 1 105 1 567 1 14 1 25 1 13 1 111 1 113 1 125 1 3 1 11 1 118 1 93 1 100 1 26 1 82 1 94 1 96 1 98 1 119 1 566 1 10 1 18 1 56 1 89 1 90 1 412 1
57 5 13 400 2 418 1 490 2 526 2 390 2 49 3 306 2 307 2 397 2 442 2 507 2 242 2 581 1
20 3 7 124 1 123 1 476 1 504 3 262 4 265 2 243 1
64 5 10 137 2 370 1 371 2 520 6 577 4 583 2 261 2 245 1 361 1 579 1
//IdTournes NbColis
8 6
//IdColis IdCommandeInColis NbProducts IdProd1 QtyProd1 IdProd2 QtyProd2 ...
70 6 10 150 1 166 1 169 1 126 1 179 1 504 1 262 1 268 1 248 1 21 1
3 1 5 265 5 250 1 328 4 349 8 66 1
8 1 29 141 1 522 1 563 1 203 1 99 1 560 1 74 2 425 1 494 1 251 2 382 3 405 2 413 1 427 2 517 2 101 2 30 2 58 2 215 2 75 1 102 2 135 4 35 1 29 1 86 1 103 1 199 1 211 1 28 2
7 1 24 518 2 519 1 564 1 270 1 398 1 277 2 280 1 65 1 140 1 278 1 20 1 216 1 424 1 104 1 106 1 256 2 345 2 364 2 365 2 383 3 394 1 407 2 30 1 8 1
22 3 7 376 1 423 5 477 6 313 2 268 1 349 1 256 1
53 5 12 363 1 502 1 510 1 293 1 295 2 376 1 461 2 508 2 313 2 268 3 19 1 131 1
//IdTournes NbColis
9 6
//IdColis IdCommandeInColis NbProducts IdProd1 QtyProd1 IdProd2 QtyProd2 ...
39 4 25 303 1 267 1 308 1 337 1 269 1 347 1 271 1 386 1 368 1 400 1 418 1 374 1 307 1 306 1 397 1 507 1 63 1 67 1 77 1 78 1 59 1 133 1 144 1 145 1 191 1
45 4 24 530 1 545 1 549 1 551 1 40 1 323 1 452 1 535 1 372 1 277 1 280 1 537 1 351 1 406 1 357 1 411 1 540 1 38 1 50 1 76 1 128 1 137 1 185 1 15 1
1 1 6 150 2 197 1 166 2 213 1 268 1 8 2
41 4 21 305 1 342 1 385 1 274 1 431 1 433 1 440 1 443 1 453 1 460 1 462 1 415 1 463 1 464 1 467 1 468 1 414 1 485 1 486 1 388 1 192 1
36 4 13 590 1 591 1 592 1 593 1 586 1 123 1 177 1 180 1 181 1 399 1 504 1 313 1 8 1
44 4 21 544 1 547 1 552 1 132 1 446 1 456 1 481 1 536 1 279 1 281 1 369 1 533 1 73 1 127 1 151 1 350 1 480 1 482 1 375 1 538 1 157 1
//IdTournes NbColis
10 6
//IdColis IdCommandeInColis NbProducts IdProd1 QtyProd1 IdProd2 QtyProd2 ...
61 5 10 350 2 375 3 524 3 525 2 551 3 553 4 557 2 157 1 159 1 163 1
34 4 8 150 1 166 1 169 1 213 1 126 1 149 1 152 1 398 1
63 5 14 435 2 436 1 276 1 466 1 537 1 417 2 540 1 140 1 65 2 278 2 70 3 128 7 136 1 165 1
72 6 41 279 1 281 1 276 1 277 2 280 1 282 1 278 1 140 1 65 1 273 1 522 1 563 1 141 1 99 1 154 2 101 1 75 1 102 1 35 1 9 1 19 1 88 1 1 1 6 1 31 1 33 1 87 1 14 2 201 1 13 2 3 1 96 3 98 2 56 1 89 3 90 2 36 1 163 5 8 5 15 4 83 5
25 3 7 39 3 45 9 130 6 147 1 275 2 558 4 157 1
27 3 16 416 6 280 1 492 6 277 2 417 4 65 1 140 1 278 1 41 1 43 1 128 1 137 1 371 1 543 1 22 1 19 1
//IdTournes NbColis
11 5
//IdColis IdCommandeInColis NbProducts IdProd1 QtyProd1 IdProd2 QtyProd2 ...
62 5 11 557 2 571 4 572 4 578 3 79 3 372 1 277 2 280 1 282 1 158 1 163 1
2 1 7 126 1 179 1 181 3 504 4 177 2 116 1 8 1
9 1 29 211 4 28 5 72 6 157 1 57 7 19 1 95 1 204 2 42 1 1 2 31 2 33 1 87 1 167 1 14 2 13 2 201 1 3 2 96 4 98 4 56 2 89 4 90 4 32 1 8 2 15 8 83 7 163 7 217 5
31 3 27 28 4 72 26 160 18 4 1 57 1 88 2 1 2 85 1 6 2 31 2 33 2 87 3 14 2 13 1 81 1 201 2 3 2 11 1 96 1 98 4 587 1 89 4 90 4 8 1 83 5 163 5 217 2
68 5 19 1 1 170 2 31 2 87 1 167 2 14 2 13 2 3 2 84 2 96 2 98 2 89 3 90 2 32 2 131 1 163 5 8 7 23 2 83 7
