//NbTournees
15
//IdTournes NbColis
1 6
//IdColis IdCommandeInColis NbProducts IdProd1 QtyProd1 IdProd2 QtyProd2 ...
2 1 12 49 1 57 2 60 1 61 1 224 2 114 1 127 2 58 1 134 2 1 1 132 1 129 1
31 19 18 44 1 115 1 9 1 14 1 18 1 20 1 25 1 33 2 34 2 50 1 125 1 36 1 83 1 24 2 62 1 56 1 127 1 1 1
4 2 14 60 1 61 1 224 2 114 2 2 1 11 1 47 1 103 1 249 4 162 1 161 1 248 1 158 3 5 1
5 3 18 188 1 44 1 3 2 9 1 18 1 20 1 28 1 33 1 43 1 50 1 29 1 45 1 52 2 53 1 96 1 97 1 99 1 166 1
33 20 11 3 2 9 1 28 1 123 1 48 1 119 2 6 1 42 1 37 1 126 1 129 1
34 21 18 3 1 12 2 66 1 19 1 34 1 79 1 36 2 24 1 116 1 117 1 97 1 124 1 99 1 62 1 23 1 27 2 134 1 132 2
//IdTournes NbColis
2 6
//IdColis IdCommandeInColis NbProducts IdProd1 QtyProd1 IdProd2 QtyProd2 ...
8 4 18 10 1 44 1 4 1 14 2 17 1 18 1 19 1 20 1 25 1 30 1 48 1 6 1 38 1 35 1 29 1 41 1 62 1 13 1
10 5 19 4 1 12 2 16 1 19 1 20 1 43 1 46 1 48 1 51 1 6 1 40 1 29 1 24 1 31 1 42 1 13 1 56 1 7 1 27 1
12 6 19 230 1 44 1 4 1 12 1 15 1 16 1 18 1 6 1 36 1 38 1 151 1 105 1 35 1 29 1 8 1 24 2 31 1 53 2 132 1
15 7 9 4 1 66 1 48 2 50 1 95 1 78 1 7 1 27 1 72 1
36 22 14 130 1 4 1 12 1 16 1 20 1 48 1 95 1 29 1 121 1 127 1 72 1 134 1 132 2 128 1
37 23 13 44 1 4 1 12 1 66 1 48 1 83 1 8 1 75 1 97 1 62 1 132 1 129 1 133 1
//IdTournes NbColis
3 6
//IdColis IdCommandeInColis NbProducts IdProd1 QtyProd1 IdProd2 QtyProd2 ...
38 24 10 120 1 4 1 20 1 118 1 33 1 48 1 8 1 122 1 127 1 131 1
39 25 21 163 1 165 1 9 1 16 1 38 1 40 1 82 1 86 1 29 1 135 1 8 2 137 1 26 1 75 1 154 1 149 1 152 1 168 1 132 1 138 1 157 1
16 8 11 86 1 105 1 92 1 76 1 73 1 74 1 81 1 94 1 98 1 103 1 5 2
41 26 11 164 1 44 1 65 1 144 1 95 1 150 1 153 1 101 1 103 1 158 1 5 2
42 27 13 146 1 148 1 39 1 142 1 94 1 110 1 103 1 139 1 162 2 159 1 161 2 145 1 5 1
17 9 10 63 1 65 1 102 1 64 1 67 1 76 1 69 2 90 1 94 1 100 1
//IdTournes NbColis
4 6
//IdColis IdCommandeInColis NbProducts IdProd1 QtyProd1 IdProd2 QtyProd2 ...
43 28 9 44 1 63 1 107 1 80 1 150 1 94 1 100 1 155 1 161 1
44 29 14 63 1 141 1 144 1 146 1 77 1 32 1 90 1 101 1 11 1 100 1 155 1 156 1 161 1 160 1
18 10 10 91 1 9 1 48 1 6 1 36 2 83 1 8 1 71 1 75 1 99 1
19 11 20 77 1 80 1 84 1 89 1 6 2 82 1 92 1 41 1 70 1 73 1 74 1 90 1 81 1 101 2 98 1 87 1 93 1 100 1 103 1 106 1
21 12 19 16 1 19 1 25 1 33 1 79 1 88 1 6 2 29 2 31 1 41 1 42 1 96 1 97 1 62 1 104 1 7 1 68 1 23 1 85 1
45 30 14 136 1 19 1 147 1 51 1 6 1 151 2 143 1 42 1 166 1 140 1 56 1 23 1 132 1 167 1
//IdTournes NbColis
5 6
//IdColis IdCommandeInColis NbProducts IdProd1 QtyProd1 IdProd2 QtyProd2 ...
46 31 15 136 1 12 2 15 1 66 1 48 1 151 1 104 1 178 1 169 1 23 1 72 1 172 1 134 3 179 4 168 1
47 32 12 44 1 12 1 18 1 43 1 48 1 6 1 170 1 83 1 29 1 41 1 96 1 127 1
48 33 12 115 1 33 1 46 1 48 1 50 1 6 1 151 1 8 1 37 2 127 2 179 1 129 3
49 34 11 20 2 33 1 173 1 48 1 50 1 6 1 8 1 62 1 23 1 132 2 176 1
50 35 16 33 1 48 1 6 1 111 1 29 1 116 1 97 1 127 1 177 1 7 2 68 1 23 1 172 1 58 1 134 3 132 2
51 36 8 171 1 48 1 6 1 174 1 105 1 37 2 134 4 175 1
//IdTournes NbColis
6 6
//IdColis IdCommandeInColis NbProducts IdProd1 QtyProd1 IdProd2 QtyProd2 ...
52 37 11 44 1 16 1 48 1 6 1 24 1 99 1 23 1 168 2 132 1 167 1 128 1
53 38 18 188 1 44 1 20 1 79 1 48 1 50 1 125 1 6 1 38 2 83 1 24 1 116 1 31 1 42 1 172 1 134 2 168 2 132 1
55 39 16 44 1 9 1 14 1 25 1 118 1 43 1 48 1 125 1 6 1 24 2 183 1 184 1 185 1 72 1 189 1 132 1
6 3 17 226 1 113 1 185 1 247 2 59 1 49 1 224 2 114 1 57 2 60 1 61 1 177 1 7 2 23 1 189 2 134 2 132 1
24 13 5 60 1 61 1 224 2 7 1 132 1
25 14 6 88 1 48 1 40 1 111 1 78 1 7 1
//IdTournes NbColis
7 6
//IdColis IdCommandeInColis NbProducts IdProd1 QtyProd1 IdProd2 QtyProd2 ...
56 40 12 186 1 66 1 25 1 125 1 36 2 40 1 83 1 35 1 8 2 75 1 7 1 128 3
57 41 19 165 1 9 1 12 1 66 1 19 1 20 1 28 1 33 2 79 1 88 1 182 1 8 2 62 1 37 2 177 1 7 2 68 2 134 1 129 1
59 42 7 187 1 91 1 180 1 181 1 96 1 56 1 7 1
60 43 14 130 1 7 1 194 1 189 1 134 2 200 4 195 1 196 1 159 1 198 1 199 1 193 1 175 1 197 1
61 44 9 66 1 20 1 48 1 116 1 7 2 189 1 134 1 129 1 167 1
62 45 6 188 1 125 1 78 1 97 1 152 1 7 1
//IdTournes NbColis
8 6
//IdColis IdCommandeInColis NbProducts IdProd1 QtyProd1 IdProd2 QtyProd2 ...
63 46 8 20 1 48 1 127 1 7 1 27 1 72 1 132 2 128 1
64 47 9 120 1 115 1 9 1 12 1 125 1 192 1 78 1 134 1 175 1
65 48 8 115 1 190 1 20 1 88 1 191 1 151 1 166 1 27 1
66 49 6 120 1 115 1 16 1 20 1 185 1 129 2
67 50 10 201 1 9 1 20 1 202 1 88 1 48 1 71 1 42 1 27 1 129 2
68 51 15 203 1 201 1 16 1 79 1 125 1 24 1 116 1 31 1 62 1 127 2 131 1 23 1 134 1 132 1 176 1
//IdTournes NbColis
9 6
//IdColis IdCommandeInColis NbProducts IdProd1 QtyProd1 IdProd2 QtyProd2 ...
1 1 18 34 1 22 1 35 1 29 1 8 1 31 1 42 1 45 1 53 1 54 2 59 1 184 1 97 1 225 2 226 1 113 1 13 1 55 1
69 52 8 88 1 38 1 105 1 8 1 24 1 55 1 72 1 168 1
70 53 13 204 1 205 1 20 1 88 1 48 1 121 1 8 1 62 1 127 1 177 2 72 1 179 2 132 1
71 54 11 20 1 48 1 92 1 8 2 116 1 42 1 97 1 127 1 177 1 168 1 132 1
72 55 12 20 1 48 1 38 1 151 1 8 1 24 1 184 1 99 1 127 1 134 1 175 1 133 1
26 15 9 9 1 16 1 20 1 33 1 88 1 48 1 40 1 111 1 62 1
//IdTournes NbColis
10 6
//IdColis IdCommandeInColis NbProducts IdProd1 QtyProd1 IdProd2 QtyProd2 ...
73 56 13 9 1 20 1 25 1 202 1 48 1 206 1 29 1 23 1 58 1 134 1 179 3 212 1 167 1
74 57 5 211 1 9 1 111 1 116 1 96 1
27 16 6 10 1 89 1 109 1 108 1 69 1 110 1
75 58 24 10 1 46 1 125 1 174 1 105 1 24 1 116 2 117 1 31 1 41 1 185 1 62 1 207 1 127 1 177 2 131 1 23 2 27 1 179 4 132 1 129 1 208 2 128 1 210 1
77 59 14 12 1 66 1 20 2 43 1 48 1 36 2 83 1 151 2 111 1 78 1 97 1 56 1 131 1 179 2
78 60 6 209 1 170 1 78 1 131 1 134 1 129 1
//IdTournes NbColis
11 6
//IdColis IdCommandeInColis NbProducts IdProd1 QtyProd1 IdProd2 QtyProd2 ...
79 61 6 44 1 15 1 216 1 62 1 13 1 189 2
28 17 12 65 1 21 1 80 1 89 2 109 2 112 1 32 1 76 1 73 2 74 2 101 1 103 1
23 13 13 251 1 16 1 71 1 45 1 53 2 54 2 113 1 59 2 225 2 226 1 49 2 114 2 57 2
80 62 13 44 1 16 1 20 2 48 1 78 1 134 1 179 4 218 2 223 1 219 1 221 1 212 1 220 1
81 63 14 222 1 21 1 80 1 89 2 102 1 32 1 73 1 74 1 101 1 98 1 106 1 139 1 158 1 160 1
82 64 7 91 1 181 1 111 1 71 1 127 3 134 1 168 1
//IdTournes NbColis
12 6
//IdColis IdCommandeInColis NbProducts IdProd1 QtyProd1 IdProd2 QtyProd2 ...
83 65 7 213 1 217 1 67 1 215 1 81 1 103 1 161 1
84 66 10 44 1 77 1 214 1 67 1 166 1 81 1 178 1 103 1 161 1 158 1
85 67 11 102 1 227 1 92 1 32 1 76 2 69 1 90 1 94 1 228 1 100 1 162 1
29 18 14 44 1 107 1 21 1 109 1 45 1 53 2 54 2 59 2 225 2 226 1 113 1 32 2 49 2 60 1
86 68 6 130 1 44 1 20 1 88 1 50 1 72 1
87 69 7 44 1 20 1 48 1 97 1 189 1 179 4 168 1
//IdTournes NbColis
13 6
//IdColis IdCommandeInColis NbProducts IdProd1 QtyProd1 IdProd2 QtyProd2 ...
88 70 10 211 1 165 1 44 1 20 1 48 1 97 1 229 1 127 1 134 2 132 1
3 2 14 21 1 39 1 26 1 45 1 53 2 54 2 59 2 225 2 226 1 113 1 32 2 49 2 57 2 250 1
89 71 8 230 1 232 1 109 1 142 1 103 1 198 1 132 1 231 1
90 72 15 45 1 53 1 54 2 225 2 226 1 113 1 59 1 49 1 224 2 114 1 57 2 60 1 61 1 23 1 27 1
92 73 10 91 1 39 1 95 1 78 1 26 1 32 1 94 1 179 4 132 1 167 1
93 74 10 209 1 235 1 202 1 151 1 78 1 127 1 72 1 134 2 168 1 132 2
//IdTournes NbColis
14 6
//IdColis IdCommandeInColis NbProducts IdProd1 QtyProd1 IdProd2 QtyProd2 ...
94 75 6 188 1 120 1 44 1 78 1 29 1 131 1
95 76 6 44 1 144 1 47 2 103 1 162 1 161 2
96 77 7 39 1 109 1 78 1 234 1 62 1 233 1 158 1
97 78 8 236 1 44 1 148 1 32 1 98 1 93 1 103 1 162 1
30 18 7 61 1 224 2 114 2 57 2 110 1 47 1 100 1
98 79 8 246 1 120 1 78 1 127 1 189 1 134 1 179 4 168 1
//IdTournes NbColis
15 6
//IdColis IdCommandeInColis NbProducts IdProd1 QtyProd1 IdProd2 QtyProd2 ...
13 6 14 54 2 42 1 45 1 97 2 226 1 113 1 59 2 99 1 225 2 37 2 238 1 56 1 49 2 114 2
99 80 8 44 1 50 1 40 1 151 1 121 1 96 1 127 1 189 1
100 81 17 44 1 45 1 53 1 54 2 225 2 226 1 113 1 59 1 101 1 49 1 114 1 57 2 60 1 61 1 237 1 155 1 103 1
102 82 17 44 1 189 1 179 4 161 1 242 1 132 1 158 1 245 1 176 1 240 1 239 1 241 1 208 1 243 1 128 1 210 1 244 1
103 83 12 45 1 53 2 54 2 225 2 226 1 113 1 59 2 49 2 114 2 57 2 60 1 61 1
14 6 6 57 2 60 1 61 1 224 2 129 1 167 2
