//NbTournees
8
//IdTournes NbColis
1 6
//IdColis IdCommandeInColis NbProducts IdProd1 QtyProd1 IdProd2 QtyProd2 ...
16 4 38 198 1 201 1 207 1 44 1 321 1 24 1 211 1 204 1 41 2 43 1 324 1 5 1 57 1 61 1 69 1 325 1 323 1 42 1 64 3 315 1 216 1 318 1 63 5 313 1 322 1 27 1 1 1 66 2 2 1 53 1 25 2 70 1 71 1 26 1 55 1 67 1 60 1 62 5
23 6 26 201 1 207 1 212 1 343 1 82 1 95 1 414 1 32 1 321 2 44 1 342 1 388 1 96 1 329 1 211 2 195 2 204 1 233 1 41 2 43 2 5 1 80 1 339 1 181 1 64 1 62 1
30 8 19 65 1 151 3 304 1 59 1 138 1 298 1 84 1 112 1 346 1 349 1 350 1 362 1 410 1 419 1 373 1 225 1 133 1 110 1 136 1
40 10 28 212 1 438 1 32 1 162 1 239 1 242 1 282 1 245 1 321 2 44 1 329 1 331 1 211 2 204 1 195 1 36 1 41 2 43 2 444 1 287 1 5 1 284 1 337 1 7 1 64 4 333 2 63 5 322 1
3 1 45 24 1 331 1 211 1 204 1 41 2 43 2 208 1 390 1 5 1 17 1 166 1 279 1 280 3 7 1 18 1 64 4 63 4 313 1 344 1 9 1 322 1 27 1 1 1 66 3 389 1 2 1 20 1 25 2 26 1 12 1 15 1 19 1 21 1 276 1 274 1 157 1 183 1 275 1 88 1 177 2 188 2 142 1 89 1 278 1 62 4
7 2 30 202 1 328 1 336 1 197 1 198 1 207 1 107 1 375 1 343 1 32 1 72 1 35 1 44 1 24 1 331 1 204 1 211 1 36 2 41 2 43 2 5 1 33 1 57 1 200 1 309 1 42 1 7 1 310 1 363 1 64 3
//IdTournes NbColis
2 6
//IdColis IdCommandeInColis NbProducts IdProd1 QtyProd1 IdProd2 QtyProd2 ...
8 2 25 64 1 116 1 315 1 333 3 63 5 313 2 344 2 322 1 27 1 378 1 118 1 66 4 29 1 2 2 25 2 120 1 115 2 26 1 121 1 308 1 274 1 311 1 306 1 119 1 62 4
12 3 19 381 1 197 1 198 1 408 2 207 1 47 1 107 1 343 2 149 1 397 4 44 1 50 1 329 3 211 2 204 1 41 3 43 2 5 1 66 1
19 5 25 277 1 4 1 34 1 74 1 75 1 290 1 38 1 202 1 328 1 336 1 197 1 198 1 207 1 343 1 72 1 32 1 44 1 342 1 76 1 204 1 211 1 41 2 43 2 5 1 69 1
20 5 29 364 1 289 1 7 1 363 1 64 4 199 1 315 2 365 1 63 5 313 1 295 1 344 1 366 1 262 1 27 1 1 1 66 4 293 1 2 2 25 2 247 1 26 1 86 1 297 1 296 1 88 1 271 1 93 1 62 5
27 7 29 108 1 38 1 30 1 87 1 202 1 328 1 399 1 336 1 197 1 198 1 207 1 107 1 98 1 397 1 44 1 401 1 211 1 204 1 402 1 100 1 41 2 43 2 208 1 5 1 184 1 64 4 398 1 63 1 66 1
32 8 31 72 1 98 1 44 1 127 1 131 1 211 2 195 2 204 1 41 2 43 2 123 1 5 1 128 2 267 1 80 1 200 1 132 1 352 1 353 1 303 1 64 4 199 1 347 2 318 1 135 1 192 1 63 5 187 1 313 2 189 1 124 1
//IdTournes NbColis
3 6
//IdColis IdCommandeInColis NbProducts IdProd1 QtyProd1 IdProd2 QtyProd2 ...
36 9 30 358 1 44 1 342 1 139 2 140 1 329 1 331 1 211 1 204 1 233 1 76 1 36 1 41 2 43 2 5 1 143 1 144 1 325 1 194 1 434 1 357 2 337 2 433 1 18 1 64 2 398 1 63 5 335 1 344 1 142 1
44 11 27 197 1 198 1 207 1 426 1 212 2 343 1 72 1 424 1 32 1 44 1 140 1 329 1 211 2 204 1 331 1 41 2 43 2 270 2 5 1 166 1 267 1 61 1 33 1 168 1 64 4 167 1 313 1
46 12 21 106 1 56 1 372 1 22 1 23 1 196 1 65 2 151 2 59 1 367 1 371 1 373 1 38 1 75 1 202 1 197 1 198 1 207 1 201 1 204 1 170 1
51 13 26 239 1 242 1 245 1 44 2 195 1 204 1 211 2 229 1 233 1 236 2 257 1 261 1 208 2 41 3 43 3 123 1 5 1 46 1 227 1 128 1 240 1 241 1 243 1 80 1 251 1 66 1
15 4 21 56 1 22 1 23 1 314 1 210 1 196 1 317 1 65 2 59 1 319 1 316 1 320 1 58 1 68 1 312 1 13 1 203 1 38 1 202 1 197 1 66 1
2 1 24 8 1 10 1 277 1 109 1 4 2 11 1 13 1 14 1 16 1 38 1 6 1 79 1 87 1 202 1 328 1 336 1 197 1 198 1 207 1 212 1 44 1 388 1 391 1 66 1
//IdTournes NbColis
4 6
//IdColis IdCommandeInColis NbProducts IdProd1 QtyProd1 IdProd2 QtyProd2 ...
31 8 23 299 1 301 1 345 1 422 1 54 1 108 2 126 1 418 1 38 1 79 1 87 1 202 1 328 1 336 1 197 1 198 1 417 1 207 1 137 1 348 1 212 1 130 1 397 1
35 9 21 146 2 431 1 427 1 40 1 432 1 38 1 30 1 202 1 354 1 328 1 336 1 197 1 198 1 417 1 201 1 207 1 137 1 212 1 82 2 145 2 397 1
39 10 25 332 1 441 1 442 1 3 1 220 1 225 1 446 1 334 1 74 1 203 1 38 1 443 1 79 1 87 1 326 1 202 1 328 1 336 1 197 1 198 1 164 1 439 1 440 1 207 1 283 2
50 13 24 58 1 148 1 203 1 38 1 34 1 228 1 108 1 74 1 230 1 197 1 198 1 202 2 215 1 79 1 87 1 201 1 207 1 232 1 235 1 231 1 238 1 212 1 149 1 66 1
41 10 17 335 1 322 1 262 1 27 1 1 1 66 4 2 2 25 2 163 1 26 1 102 1 256 1 92 1 288 3 286 1 278 1 62 5
43 11 24 393 1 269 1 361 1 385 1 394 1 362 1 266 1 83 1 219 1 430 1 109 1 334 1 428 1 111 1 425 1 427 1 38 1 30 1 79 1 87 1 202 1 328 1 336 1 208 1
//IdTournes NbColis
5 6
//IdColis IdCommandeInColis NbProducts IdProd1 QtyProd1 IdProd2 QtyProd2 ...
47 12 31 44 1 211 1 195 1 41 2 43 1 208 1 123 1 5 1 57 1 171 1 325 1 369 1 370 1 64 3 176 1 63 4 335 1 27 1 374 1 1 1 66 3 2 1 172 1 25 2 368 1 26 1 102 1 174 1 173 1 175 1 62 4
13 3 35 46 2 51 2 52 1 161 1 404 1 406 1 411 1 42 2 132 2 387 1 155 1 386 1 64 4 347 2 333 4 63 5 380 1 384 1 129 1 118 1 66 3 382 1 2 2 53 2 25 3 26 2 160 1 150 1 159 2 154 1 157 1 156 1 152 1 158 1 62 4
28 7 13 63 4 380 1 335 1 27 1 1 1 66 2 2 2 25 2 105 1 26 1 102 1 183 1 62 5
45 11 17 63 5 380 1 344 1 27 1 1 1 66 4 2 2 25 2 105 1 165 1 26 1 102 1 169 1 268 1 271 1 175 1 62 5
37 9 14 185 1 129 1 437 1 118 1 66 3 2 2 53 1 25 2 105 1 165 1 70 1 26 1 356 1 62 5
49 13 20 151 1 141 2 220 1 225 2 234 1 81 1 244 1 112 2 248 1 219 1 221 1 246 1 209 1 214 1 222 1 104 1 45 1 203 1 257 1 183 1
//IdTournes NbColis
6 6
//IdColis IdCommandeInColis NbProducts IdProd1 QtyProd1 IdProd2 QtyProd2 ...
1 1 14 273 1 22 2 23 2 106 1 56 1 210 1 196 2 392 1 151 3 141 2 3 1 359 1 316 1 334 1
5 2 14 307 1 213 1 23 2 22 2 56 1 314 1 210 1 196 2 28 1 377 1 151 3 141 2 81 1 62 1
10 3 12 205 1 22 3 23 3 56 1 210 1 196 2 314 2 327 1 379 1 141 2 151 2 153 1
18 5 17 22 1 23 2 106 1 56 1 210 1 196 1 294 4 65 2 151 2 31 1 361 1 362 1 291 1 292 1 360 1 219 1 73 1
21 6 15 224 1 56 1 22 2 210 1 196 2 23 2 314 1 94 1 412 1 330 1 141 2 151 3 81 1 202 1 89 1
26 7 16 101 1 22 1 23 2 106 1 56 1 210 1 196 1 141 2 151 3 99 1 103 1 104 1 400 1 97 1 40 1 66 1
//IdTournes NbColis
7 6
//IdColis IdCommandeInColis NbProducts IdProd1 QtyProd1 IdProd2 QtyProd2 ...
29 8 15 273 1 305 1 101 1 191 1 351 1 22 2 106 1 56 1 210 1 196 2 23 2 28 1 423 1 65 1 102 1
34 9 17 186 1 224 1 22 1 56 1 314 1 210 1 196 1 23 2 436 1 141 2 151 3 359 1 435 1 355 1 111 1 203 1 64 1
38 10 16 281 1 22 2 106 1 56 1 210 1 196 2 23 2 327 1 445 1 330 1 65 2 151 2 81 1 285 1 109 1 283 1
42 11 13 429 1 272 1 22 2 56 1 106 1 210 1 196 2 23 2 395 1 396 1 151 3 141 2 338 1
48 13 14 260 1 101 1 213 1 205 1 224 1 196 2 210 1 23 3 22 2 106 1 56 1 206 1 151 2 63 1
6 2 21 31 1 37 1 112 1 114 1 376 1 122 1 110 1 109 2 334 1 30 1 34 1 38 1 39 1 40 1 111 1 113 1 117 1 290 1 79 1 87 1 310 1
//IdTournes NbColis
8 5
//IdColis IdCommandeInColis NbProducts IdProd1 QtyProd1 IdProd2 QtyProd2 ...
33 8 20 335 1 9 1 129 1 118 1 66 4 2 2 25 2 120 1 302 1 125 1 420 1 421 1 26 1 193 1 300 1 188 1 134 1 250 3 62 5 190 4
22 6 23 84 1 83 1 180 1 340 1 77 1 345 1 54 1 13 1 16 1 40 1 14 1 38 1 415 1 79 1 87 1 328 1 341 1 336 1 197 1 198 1 413 2 201 2 64 2
52 13 41 263 1 194 1 217 2 226 1 200 1 42 2 251 1 254 1 64 4 199 1 216 1 63 4 218 1 262 1 27 1 1 2 237 1 252 1 66 2 2 3 25 3 249 2 105 1 247 1 165 1 26 2 223 2 256 1 193 1 259 1 265 1 183 1 93 1 142 1 258 2 89 2 253 1 255 1 264 1 250 3 62 5
11 3 22 147 1 383 1 385 1 407 1 409 1 410 1 319 1 340 1 405 1 45 1 48 1 58 1 148 1 403 1 54 1 30 1 13 1 16 1 38 1 202 1 49 1 62 1
24 6 26 178 1 338 1 416 1 64 1 167 1 85 1 63 5 344 1 27 1 1 1 66 4 2 2 25 2 179 1 182 1 26 1 86 1 12 1 91 1 92 1 78 1 90 1 88 1 177 1 93 1 62 4
