//NbTournees
10
//IdTournes NbColis
1 6
//IdColis IdCommandeInColis NbProducts IdProd1 QtyProd1 IdProd2 QtyProd2 ...
31 13 27 195 1 541 1 3 1 233 1 215 1 544 1 261 1 273 1 268 1 270 1 272 1 235 1 240 1 146 1 144 1 126 1 39 1 274 1 279 1 397 1 191 1 64 1 66 1 75 1 14 1 148 1 278 1
4 2 14 203 1 247 1 197 1 34 1 2 1 27 1 70 1 40 1 200 1 3 1 196 1 211 1 10 1 202 1
27 11 16 248 1 234 1 197 1 48 1 121 1 237 1 218 1 228 1 257 1 164 1 57 1 192 1 235 1 238 1 150 1 144 1
29 12 19 206 1 244 1 168 1 139 1 35 1 196 1 217 1 229 1 245 1 251 1 149 1 17 1 98 1 232 1 235 1 238 1 240 1 153 1 81 1
33 14 23 60 1 142 1 168 1 213 1 1 1 121 1 196 1 201 1 221 1 230 1 236 1 243 1 249 1 149 1 154 2 42 1 235 1 238 1 240 2 130 1 39 1 74 1 209 1
35 15 33 3 1 198 1 204 1 224 1 226 1 241 1 266 1 143 1 270 1 98 1 235 1 253 1 255 1 269 1 39 1 207 1 219 1 267 1 37 1 137 1 52 1 66 1 75 1 14 1 263 1 72 1 94 1 260 1 86 1 81 2 275 1 97 1 175 1
//IdTournes NbColis
2 6
//IdColis IdCommandeInColis NbProducts IdProd1 QtyProd1 IdProd2 QtyProd2 ...
37 16 32 1 1 329 1 282 1 224 1 230 1 306 1 332 1 339 1 146 1 330 1 319 1 79 1 316 1 307 1 259 1 39 1 41 1 65 1 74 1 321 1 75 1 347 1 258 1 343 1 189 1 190 1 287 1 297 1 314 1 336 1 337 1 181 1
30 12 25 144 1 264 1 66 1 75 1 222 1 47 1 148 1 134 1 94 1 51 1 212 1 156 1 262 1 223 1 190 1 199 1 214 1 99 1 86 1 92 2 97 1 161 1 176 1 109 1 242 1
22 9 29 129 1 121 1 303 2 306 1 73 1 11 1 155 1 8 1 138 1 28 1 235 1 284 1 127 1 130 1 32 1 304 1 305 1 313 1 315 1 255 1 125 1 39 1 88 1 290 1 310 1 75 1 178 1 185 1 181 1
39 17 26 203 1 311 1 301 1 76 1 294 1 308 1 98 1 289 1 295 1 39 1 327 1 300 1 64 1 75 1 285 1 283 1 302 1 298 1 292 1 309 1 338 1 336 1 99 1 86 1 167 1 174 1
41 18 30 312 1 328 1 323 1 154 1 322 1 235 1 130 1 53 1 52 2 66 1 75 1 348 1 326 1 285 1 227 1 345 1 276 1 334 1 335 1 346 1 350 1 81 2 96 1 97 1 344 2 109 1 114 1 115 1 117 1 180 1
1 1 17 357 1 248 1 78 1 1 1 76 1 201 1 358 1 361 1 366 1 10 1 19 1 54 1 61 1 28 1 235 1 238 1 242 1
//IdTournes NbColis
3 6
//IdColis IdCommandeInColis NbProducts IdProd1 QtyProd1 IdProd2 QtyProd2 ...
42 19 23 71 1 299 1 121 1 317 1 324 1 320 1 154 1 57 1 146 1 75 1 286 1 325 1 101 1 177 1 190 1 335 1 341 1 296 1 173 1 342 1 349 1 352 1 181 1
43 20 33 121 1 201 1 218 1 149 1 154 1 8 2 235 1 238 1 127 1 53 1 65 1 331 1 137 1 64 1 66 1 340 1 134 1 347 1 189 1 288 1 293 1 99 1 173 1 112 1 81 3 92 5 96 3 97 2 318 1 333 1 117 1 167 1 351 1
45 21 13 121 1 362 1 373 1 324 1 154 1 382 1 264 1 398 1 159 1 133 1 353 1 344 1 181 1
46 22 23 234 1 244 1 383 1 395 1 235 1 388 1 39 1 59 1 37 1 386 1 367 1 340 1 391 1 13 1 62 1 389 1 353 1 208 1 231 1 364 1 379 1 89 1 399 1
47 23 16 48 1 226 1 235 1 240 1 4 1 130 1 58 1 37 1 62 1 385 1 359 1 377 1 202 1 99 1 96 1 344 1
15 6 18 375 1 46 1 368 1 21 1 48 2 50 1 76 1 23 1 3 1 372 1 354 1 7 1 45 1 73 1 381 1 11 1 15 1 13 1
//IdTournes NbColis
4 6
//IdColis IdCommandeInColis NbProducts IdProd1 QtyProd1 IdProd2 QtyProd2 ...
19 7 23 77 1 365 1 140 1 159 1 172 1 355 1 177 1 223 1 363 1 163 1 210 1 158 1 99 1 81 3 162 1 92 2 161 1 109 1 117 1 393 1 174 1 175 1 184 1
48 24 19 203 1 234 1 425 1 428 1 35 1 3 1 401 1 408 1 241 1 414 1 8 1 235 1 419 1 429 1 417 1 39 1 65 2 69 1 160 1
2 1 33 4 1 25 1 79 1 295 1 39 1 58 1 59 1 65 2 69 1 397 1 396 1 37 2 55 2 75 1 93 1 14 1 29 1 56 1 82 1 94 1 51 2 172 1 105 2 101 1 250 1 223 2 369 1 183 1 102 1 356 1 360 1 104 1 349 2
50 25 26 248 1 120 1 145 1 224 1 410 1 149 1 154 1 413 1 235 1 238 1 240 1 427 1 122 1 65 1 77 1 137 1 66 2 134 2 258 1 430 1 356 1 208 1 220 1 409 1 424 1 81 2
52 26 23 402 1 404 1 60 1 139 1 224 1 261 1 426 1 322 1 8 1 138 1 135 1 330 1 39 2 74 1 66 2 75 1 22 1 431 1 435 1 432 1 400 1 254 1 433 1
23 9 19 148 2 118 1 123 1 62 1 133 1 157 1 131 1 108 1 291 1 223 1 183 1 169 1 165 1 208 1 99 1 81 2 92 3 97 2 117 1
//IdTournes NbColis
5 6
//IdColis IdCommandeInColis NbProducts IdProd1 QtyProd1 IdProd2 QtyProd2 ...
54 27 18 418 1 1 1 405 1 28 1 269 1 327 1 83 1 159 1 438 1 434 1 291 1 163 1 277 1 99 1 433 1 337 1 174 1 352 1
56 28 18 105 1 434 1 177 1 293 1 363 1 208 2 210 1 314 1 84 1 99 1 81 4 96 2 97 2 117 1 167 1 175 1 160 1 538 1
28 11 28 39 1 147 1 191 1 259 1 264 1 205 1 225 1 75 1 38 1 56 1 62 1 170 1 258 1 177 1 189 1 188 1 252 1 208 1 231 1 171 1 117 1 242 1 187 1 160 1 90 1 91 1 166 1 180 1
7 3 9 420 1 411 1 403 1 412 1 46 1 21 1 2 1 44 1 406 1
25 10 37 143 1 63 1 8 1 17 1 235 1 238 1 6 1 130 2 25 1 462 1 465 1 316 1 20 1 39 1 41 1 53 1 65 1 69 1 59 1 445 1 52 1 64 1 75 1 132 1 38 1 477 1 443 1 444 1 451 1 439 1 314 1 476 1 455 1 99 1 474 1 81 2 104 1
57 29 27 463 1 466 1 2 1 249 1 68 1 322 1 57 1 8 2 270 1 232 1 450 1 151 1 153 1 6 1 453 1 467 1 126 1 39 1 65 1 77 1 37 1 55 1 75 1 38 1 325 1 439 1 242 1
//IdTournes NbColis
6 6
//IdColis IdCommandeInColis NbProducts IdProd1 QtyProd1 IdProd2 QtyProd2 ...
8 3 38 60 1 48 1 218 1 5 1 9 1 68 1 26 1 63 1 422 1 18 1 53 1 58 1 74 1 37 1 416 1 423 1 47 2 83 2 436 1 94 1 62 1 103 2 101 1 110 1 87 1 208 1 231 1 254 1 437 1 86 1 100 1 95 1 114 1 421 1 344 1 111 1 90 1 91 1
16 6 39 374 1 17 1 24 1 232 1 238 1 240 1 32 2 144 1 384 1 152 1 313 1 378 1 390 1 20 1 39 1 41 1 69 1 380 1 65 1 67 1 75 2 72 1 62 1 157 1 387 1 80 1 108 1 250 1 377 1 208 1 392 1 99 1 92 1 97 1 371 1 109 1 167 1 104 1 174 1
59 30 30 471 1 120 1 361 1 366 1 7 1 149 1 154 1 322 1 192 1 232 1 240 2 481 1 470 1 255 1 65 1 137 1 66 2 134 1 105 1 479 1 177 1 478 1 377 1 208 1 246 1 81 2 92 5 97 2 117 1 167 1
61 31 32 472 1 473 1 449 1 480 1 155 1 138 1 232 1 235 1 238 1 240 1 452 1 18 1 264 1 39 2 69 1 77 1 37 1 52 1 75 2 475 1 468 1 446 1 438 1 105 2 377 2 223 1 208 1 84 1 89 1 344 1 117 1 351 1
11 4 38 8 1 98 1 235 1 240 2 4 1 25 1 440 1 441 1 305 1 465 1 20 1 39 1 74 2 64 1 66 1 75 1 85 1 93 1 22 1 33 1 38 2 457 1 448 1 110 1 210 1 84 1 119 1 86 1 89 1 112 1 81 2 92 3 96 1 97 1 109 1 421 1 111 1 113 1
63 32 20 121 1 442 1 230 1 469 1 235 1 238 1 240 1 79 1 440 1 39 1 74 1 137 1 265 1 64 1 75 1 38 1 447 1 81 4 92 4 97 1
//IdTournes NbColis
7 6
//IdColis IdCommandeInColis NbProducts IdProd1 QtyProd1 IdProd2 QtyProd2 ...
32 13 20 72 1 256 1 103 1 116 1 216 1 518 1 549 1 276 1 210 1 254 1 277 1 350 1 280 1 399 1 344 1 186 1 117 1 187 1 533 1 181 1
64 33 17 78 1 482 1 485 1 245 1 19 1 450 1 146 1 32 1 462 1 497 1 41 1 66 1 502 1 491 1 379 1 513 1 394 1
10 4 16 411 1 459 1 460 1 368 1 48 1 3 1 358 1 410 1 236 1 454 1 49 1 31 1 107 1 16 1 42 1 57 1
65 34 23 411 1 21 1 501 1 40 1 121 1 405 1 218 1 49 1 149 1 266 1 268 1 382 1 98 1 235 1 25 1 259 1 39 1 37 1 75 1 365 1 493 1 81 2 104 1
13 5 25 71 1 299 1 30 1 40 1 48 1 35 1 3 1 236 1 366 1 11 1 68 1 63 1 495 1 515 1 519 1 235 1 238 1 499 1 36 2 79 1 483 1 486 1 316 1 39 1 102 1
67 35 26 2 1 506 1 121 1 381 1 503 1 504 1 235 1 238 1 511 1 39 1 265 1 64 2 75 1 488 1 22 1 256 1 518 1 512 1 214 1 296 1 364 1 509 1 277 1 106 1 115 1 514 1
//IdTournes NbColis
8 6
//IdColis IdCommandeInColis NbProducts IdProd1 QtyProd1 IdProd2 QtyProd2 ...
20 8 33 496 1 120 1 136 1 249 1 149 1 154 1 179 1 26 1 8 1 235 1 240 1 498 1 135 1 146 1 151 1 128 1 59 1 65 1 193 1 137 1 66 1 75 1 423 1 29 1 134 1 47 1 62 1 359 1 189 1 489 1 379 1 173 1 81 1
14 5 27 58 2 65 1 77 1 88 1 37 1 66 1 75 1 118 1 435 1 116 1 12 1 516 1 517 1 484 1 487 1 231 1 490 1 99 1 81 2 92 2 100 1 280 1 117 1 114 2 104 1 187 1 394 1
5 2 35 19 1 57 1 239 1 8 1 28 1 232 1 235 1 4 1 6 1 20 1 39 1 37 2 52 1 75 2 85 1 83 1 281 1 51 1 43 1 105 1 227 1 80 1 108 1 177 2 250 1 220 1 246 1 254 1 86 2 96 1 97 1 106 1 115 1 104 1 181 1
18 7 25 44 1 60 1 120 1 142 1 236 1 370 1 376 1 26 1 54 1 61 1 235 1 238 2 240 2 151 1 4 1 152 1 295 1 122 1 126 1 39 1 59 1 65 1 74 2 77 1 75 1
55 28 22 248 1 3 1 407 1 366 1 415 1 149 2 154 1 525 1 382 1 232 1 240 1 295 1 65 2 74 1 310 1 137 1 66 1 531 2 134 1 546 1 133 1 43 1
68 36 25 234 1 466 1 507 1 3 1 362 1 458 1 317 1 505 1 492 1 339 1 98 2 235 1 238 1 295 1 548 1 128 1 39 1 494 1 267 1 75 1 367 1 436 1 116 1 438 1 133 1
//IdTournes NbColis
9 6
//IdColis IdCommandeInColis NbProducts IdProd1 QtyProd1 IdProd2 QtyProd2 ...
70 37 26 224 1 525 1 42 1 523 1 98 1 232 1 238 1 522 1 58 1 331 1 340 1 105 1 387 1 532 1 536 1 177 2 223 1 528 1 86 1 534 1 100 1 344 1 114 1 160 1 533 1 351 1
49 24 20 274 1 75 1 64 1 66 1 178 1 62 1 159 1 172 1 133 1 43 1 105 1 298 1 156 1 518 1 188 1 81 1 92 2 97 2 542 1 160 1
24 10 16 411 1 466 1 299 1 124 1 141 1 40 2 145 1 456 1 464 1 458 1 461 1 415 1 149 1 154 1 26 1 54 1
71 38 9 324 1 232 1 79 1 147 1 385 1 133 1 521 1 190 1 399 1
72 39 16 2 1 261 1 39 1 74 1 300 1 75 1 178 1 531 1 38 1 159 1 12 1 524 1 81 1 114 1 535 1 166 1
73 40 14 21 1 529 1 235 1 530 1 520 1 53 1 65 1 178 1 518 1 433 1 275 1 92 1 344 1 113 1
//IdTournes NbColis
10 5
//IdColis IdCommandeInColis NbProducts IdProd1 QtyProd1 IdProd2 QtyProd2 ...
74 41 24 121 1 7 1 5 1 31 1 469 1 154 1 235 1 32 1 269 1 264 1 39 2 74 1 265 1 75 1 38 1 475 1 477 1 99 1 173 1 81 1 92 4 97 1 318 1 184 1
69 36 33 387 1 532 1 343 1 278 1 508 1 510 1 188 2 110 1 500 1 165 1 509 1 84 1 537 1 545 1 350 1 540 1 542 1 371 1 333 1 106 1 176 1 543 1 109 1 186 1 174 1 539 1 547 1 535 1 166 1 538 1 351 2 352 1 394 1
34 14 15 77 1 271 1 265 1 62 1 438 1 43 1 81 3 92 4 96 2 527 1 106 1 344 1 114 1 349 1 526 1
21 8 10 81 3 92 5 96 2 97 3 182 1 194 1 186 1 117 2 167 1 187 1
3 1 3 175 1 181 1 394 2
