//NbTournees
1
//IdTournes NbColis
1 5
//IdColis IdCommandeInColis NbProducts IdProd1 QtyProd1 IdProd2 QtyProd2 ...
2 1 26 62 1 63 1 74 1 43 1 48 1 51 1 53 1 4 1 14 1 20 1 26 1 77 1 8 1 75 1 56 1 36 1 70 1 64 1 68 1 76 1 67 1 1 1 23 1 60 1 61 1 72 1
5 2 19 52 1 78 1 38 1 39 3 56 1 45 1 6 2 19 1 22 1 69 1 64 1 32 2 76 1 66 1 1 1 15 2 21 1 23 1 37 1
1 1 18 9 1 2 1 44 1 42 1 55 1 59 1 10 1 34 1 3 1 5 1 17 1 18 1 28 1 30 1 46 1 11 1 13 1 71 1
4 2 26 47 1 16 1 55 1 73 1 57 1 10 1 3 1 5 1 7 1 18 1 28 1 31 1 58 1 11 1 13 1 50 1 62 1 63 1 65 1 29 1 41 1 27 1 43 1 53 1 14 1 26 1
3 2 8 25 1 33 1 24 1 12 1 35 1 49 1 54 2 40 1
