//NbTournees
6
//IdTournes NbColis
1 6
//IdColis IdCommandeInColis NbProducts IdProd1 QtyProd1 IdProd2 QtyProd2 ...
2 1 19 94 1 24 1 38 1 65 1 73 2 62 1 61 1 134 1 159 1 226 1 231 1 239 1 240 1 241 2 238 2 298 1 92 1 123 1 7 1
11 2 12 241 2 238 2 312 3 315 1 320 2 321 3 297 2 299 3 364 1 191 1 97 1 40 1
21 3 19 134 1 62 1 226 1 231 1 233 1 238 2 239 1 240 1 241 1 297 1 298 1 299 2 352 1 341 1 342 1 345 1 364 1 41 1 68 1
29 4 21 280 1 172 1 10 1 102 2 94 1 65 1 24 1 73 1 82 1 58 1 59 1 62 1 61 1 167 1 130 1 159 1 233 1 231 1 249 2 239 1 92 1
30 4 17 238 2 240 3 241 1 226 1 281 1 341 1 297 1 298 1 299 2 342 1 345 1 363 1 364 1 11 1 373 1 81 1 257 1
6 1 36 64 3 332 2 324 1 382 3 258 1 122 1 143 1 158 1 257 4 116 1 26 1 6 1 128 2 311 1 95 1 96 1 103 1 5 1 301 1 303 2 97 1 147 2 259 1 242 1 300 1 335 1 144 1 21 3 89 3 1 1 246 1 402 1 272 2 336 3 148 1 140 1
//IdTournes NbColis
2 6
//IdColis IdCommandeInColis NbProducts IdProd1 QtyProd1 IdProd2 QtyProd2 ...
16 2 29 277 1 116 4 26 3 126 1 124 1 188 2 128 1 193 7 224 1 264 1 266 5 314 3 319 1 328 1 358 1 282 3 95 1 96 3 222 1 41 1 5 1 160 1 200 4 147 1 242 2 323 1 335 1 144 1 53 1
17 2 69 54 1 210 1 246 1 272 4 135 7 203 1 267 1 152 1 173 3 148 1 313 2 288 1 309 4 333 4 47 1 48 1 56 2 268 1 350 1 30 1 262 1 374 4 137 1 183 1 106 1 220 1 161 2 274 2 407 5 146 1 181 1 145 1 55 1 17 1 141 1 113 1 114 1 43 1 9 1 14 1 15 1 178 1 100 1 108 1 109 1 111 1 112 1 216 1 115 1 91 1 215 1 31 1 3 1 175 1 99 1 213 1 214 1 110 1 16 1 18 1 174 1 120 1 153 1 179 1 180 1 136 1 150 1 155 1 32 1
26 3 63 89 1 210 1 392 2 1 1 246 1 390 1 290 1 348 1 272 1 336 1 353 1 135 8 279 1 184 2 337 1 244 1 148 1 232 1 288 1 47 1 350 2 30 1 195 1 374 1 106 1 161 3 274 2 354 1 34 1 376 1 17 2 141 2 9 1 14 1 15 1 109 1 111 1 100 1 31 1 3 1 99 1 16 1 120 1 153 1 90 1 150 2 155 1 104 1 101 1 156 2 42 2 85 2 32 3 60 2 189 1 168 2 199 1 8 1 7 3 187 1 194 1 140 2 29 1
34 4 72 147 1 242 1 144 1 54 1 210 1 205 1 246 1 78 1 348 1 272 1 353 1 79 2 135 3 279 1 152 1 244 1 278 1 148 1 232 1 253 1 47 1 48 1 30 2 262 1 360 1 374 2 375 3 161 5 274 1 354 1 372 1 376 2 17 1 164 1 141 1 370 1 113 1 114 1 9 1 14 1 15 1 100 1 109 1 111 1 216 1 115 1 31 1 3 1 99 1 16 1 18 1 120 1 153 1 371 1 155 1 104 1 90 1 150 1 156 1 77 5 369 1 42 4 32 4 60 1 168 1 189 1 221 1 7 1 208 1 57 2 177 1 140 1
5 1 25 399 1 393 2 403 1 331 2 346 2 22 2 35 2 36 1 255 1 227 1 254 1 283 1 344 1 401 1 236 2 261 1 304 1 273 2 334 2 326 1 27 1 28 1 125 1 39 1 140 1
24 3 24 35 2 227 1 294 1 283 2 344 1 36 1 236 1 273 3 326 1 27 3 28 4 50 3 51 3 70 1 190 1 192 1 196 2 198 3 125 1 71 1 118 1 133 1 225 1 26 1
//IdTournes NbColis
3 6
//IdColis IdCommandeInColis NbProducts IdProd1 QtyProd1 IdProd2 QtyProd2 ...
25 3 36 225 1 295 2 332 1 356 1 382 1 394 1 395 1 397 1 122 1 158 1 74 1 291 1 131 2 26 2 126 2 124 3 127 2 128 2 188 1 229 1 193 2 224 2 69 1 117 1 95 1 96 1 5 1 223 1 97 2 228 1 147 1 242 1 300 2 144 1 54 1 42 1
33 4 32 273 1 27 1 28 1 45 1 50 1 51 1 192 2 198 1 125 1 332 2 248 1 158 1 122 1 357 2 277 3 257 3 26 1 124 2 127 2 128 3 193 1 266 3 358 1 282 2 95 1 96 1 5 1 223 1 97 1 228 1 160 4 350 1
4 1 20 83 1 330 1 343 1 381 1 379 2 84 1 234 1 237 1 284 2 322 1 325 1 327 1 271 1 362 2 25 1 230 3 275 1 399 3 13 1 152 1
13 2 19 384 1 386 3 389 1 378 1 379 1 411 1 284 3 322 2 325 2 327 1 251 3 271 1 362 3 230 1 365 1 263 1 346 1 316 1 42 1
23 3 22 83 1 330 1 379 1 84 1 234 1 237 1 292 1 284 2 322 3 325 1 362 2 230 1 275 1 393 1 396 1 331 1 349 1 346 2 293 1 22 3 121 2 161 1
7 1 71 135 5 306 1 310 1 337 1 244 1 307 1 12 4 37 3 253 1 302 1 288 3 305 1 309 1 333 3 256 1 30 1 86 2 260 1 262 2 106 1 137 1 19 1 34 1 105 1 274 1 146 1 145 1 17 1 113 1 114 1 141 1 4 1 9 1 14 1 15 1 43 1 91 1 100 1 108 1 109 1 111 1 112 1 115 1 3 1 31 1 99 1 110 1 16 1 18 2 120 1 153 1 90 1 93 1 104 1 136 1 150 1 155 1 2 1 87 1 101 1 156 1 107 1 85 3 138 1 32 1 60 1 8 1 20 1 88 1 57 1 29 2
//IdTournes NbColis
4 6
//IdColis IdCommandeInColis NbProducts IdProd1 QtyProd1 IdProd2 QtyProd2 ...
10 2 16 172 1 157 1 102 1 197 2 412 2 94 1 58 2 59 1 61 4 62 1 63 3 171 1 182 1 233 1 239 1 270 1
22 3 22 11 1 38 1 235 1 243 1 347 2 92 1 72 1 296 1 351 1 338 1 355 2 33 1 123 1 129 1 132 2 245 2 289 1 191 2 247 1 67 1 23 1 184 1
32 4 23 80 1 84 1 234 1 237 4 284 2 325 1 327 1 251 1 271 2 362 2 275 1 346 1 349 1 165 1 22 1 35 2 254 1 255 1 283 1 36 1 236 2 273 2 326 1
15 2 19 64 1 118 1 324 3 332 2 382 5 387 1 404 1 405 3 248 2 318 1 176 1 122 1 158 1 143 1 357 3 131 4 277 3 116 1 208 1
14 2 20 346 3 331 2 388 1 293 1 35 4 283 2 344 1 236 4 273 5 326 2 27 2 28 1 45 1 49 1 50 3 51 1 52 2 192 1 125 1 317 1
20 3 19 186 1 391 1 154 1 119 2 286 1 287 1 98 1 66 1 398 1 197 1 94 2 185 1 65 1 24 1 73 1 58 1 130 1 61 1 236 1
//IdTournes NbColis
5 6
//IdColis IdCommandeInColis NbProducts IdProd1 QtyProd1 IdProd2 QtyProd2 ...
31 4 20 38 1 163 2 250 1 252 1 359 1 33 2 377 3 269 1 270 1 162 2 166 1 129 1 76 1 23 1 83 1 330 1 361 1 378 1 379 1 101 1
9 2 11 201 1 142 1 170 1 217 1 265 1 139 3 149 3 98 1 276 1 280 1 1 1
3 1 20 298 1 299 2 340 1 341 1 297 1 342 1 345 1 364 1 243 1 339 1 33 1 338 1 400 3 270 1 129 1 245 1 247 1 23 1 67 1 40 2
12 2 18 364 1 380 1 385 1 38 1 406 1 409 1 167 1 410 1 366 1 408 1 367 1 245 1 329 1 330 2 361 2 381 2 383 2 7 1
1 1 14 142 1 154 1 139 1 149 1 308 2 98 1 287 1 280 1 151 1 10 2 102 4 157 1 94 1 11 1
28 4 14 169 1 170 1 206 1 207 3 209 1 285 1 368 1 212 1 139 1 211 1 204 1 98 1 276 1 75 1
//IdTournes NbColis
6 1
//IdColis IdCommandeInColis NbProducts IdProd1 QtyProd1 IdProd2 QtyProd2 ...
18 2 19 104 1 90 1 93 1 101 1 156 2 202 3 60 1 189 1 218 1 219 3 221 1 57 2 44 3 46 1 194 1 40 2 177 1 140 6 29 1
