//NbTournees
4
//IdTournes NbColis
1 6
//IdColis IdCommandeInColis NbProducts IdProd1 QtyProd1 IdProd2 QtyProd2 ...
7 1 26 184 1 267 1 171 1 36 1 142 1 150 1 170 2 251 1 11 1 13 1 109 1 232 1 266 2 4 1 229 1 134 1 1 2 2 2 5 1 9 1 14 1 25 1 42 1 62 1 63 1 239 1
8 1 30 65 1 70 1 83 1 121 1 247 1 302 1 10 2 52 1 108 1 138 2 59 2 67 3 72 1 165 1 172 1 288 1 133 2 151 1 283 1 299 1 22 2 64 1 8 2 50 1 137 1 27 1 54 1 3 3 12 1 187 2
9 1 26 3 1 12 1 48 5 55 5 94 5 103 5 111 5 124 5 149 2 284 1 102 2 112 1 237 1 61 1 126 1 58 1 245 1 228 1 269 1 213 1 197 1 219 2 224 2 246 1 223 1 244 1
14 2 28 267 1 178 1 92 1 128 1 62 1 10 1 75 1 98 2 67 1 72 1 172 2 163 2 285 1 287 1 105 1 283 2 22 1 8 1 259 3 211 1 303 1 3 2 12 1 48 3 55 3 94 3 103 1 111 1
20 3 42 153 1 177 1 206 1 3 2 12 1 18 1 57 1 48 3 55 3 78 1 94 3 103 3 111 3 124 3 112 2 126 2 58 1 228 1 192 1 204 1 208 1 210 1 213 1 188 1 197 1 219 2 224 2 216 1 223 1 193 1 194 2 195 1 196 1 205 2 220 1 218 1 209 1 222 1 203 1 214 2 215 3 187 1
25 4 23 42 1 75 2 108 2 172 1 285 1 22 1 8 2 101 2 175 1 252 2 259 1 260 1 27 1 16 2 211 2 303 1 3 2 12 1 48 3 55 3 94 3 103 3 111 3
//IdTournes NbColis
2 6
//IdColis IdCommandeInColis NbProducts IdProd1 QtyProd1 IdProd2 QtyProd2 ...
6 1 25 154 1 159 2 167 1 185 1 231 1 234 1 262 1 263 1 169 1 233 1 186 1 6 1 90 1 182 1 173 1 73 2 93 1 168 1 257 1 100 2 30 1 116 1 76 1 79 1 187 1
18 3 24 99 1 33 1 41 1 46 1 113 1 125 1 127 1 47 1 20 1 23 1 43 2 44 2 106 1 110 1 217 1 129 1 6 1 88 1 90 2 93 1 168 1 200 1 211 1 187 1
4 1 11 122 2 158 2 7 5 17 1 99 5 29 4 33 1 40 1 41 1 46 1 246 1
13 2 20 226 1 39 1 7 3 99 3 33 1 46 1 113 1 127 1 117 1 20 1 23 1 106 1 120 1 136 1 141 1 159 2 258 1 262 1 173 1 239 1
17 3 15 227 1 32 1 56 1 130 1 31 1 38 1 85 1 21 1 24 2 226 2 7 3 17 2 19 2 216 1 189 1
22 4 14 305 1 280 1 32 1 37 1 15 1 130 1 21 1 24 2 297 3 292 1 230 2 7 3 117 1 189 1
//IdTournes NbColis
3 6
//IdColis IdCommandeInColis NbProducts IdProd1 QtyProd1 IdProd2 QtyProd2 ...
19 3 25 202 1 207 1 131 1 60 1 92 1 109 2 34 1 152 1 89 1 123 1 128 1 201 1 83 1 121 1 199 1 212 1 10 1 75 5 98 1 108 2 221 1 66 1 8 3 50 1 189 1
2 1 14 91 1 156 1 162 1 15 1 45 1 86 2 140 1 157 1 164 1 130 2 51 2 139 1 148 1 271 1
23 4 21 17 1 99 3 33 1 41 1 46 1 82 1 96 1 97 2 114 1 113 1 127 2 117 1 23 1 74 1 104 1 258 1 264 1 217 1 71 1 132 1 243 1
3 1 17 148 1 166 1 53 1 144 1 38 1 277 1 85 1 21 1 24 4 68 1 87 1 161 1 253 1 292 1 39 1 119 2 188 1
5 1 21 49 1 69 1 82 1 113 3 114 1 145 1 147 1 127 1 174 1 47 1 20 1 23 2 35 1 43 1 44 1 74 1 104 2 110 1 141 1 146 1 80 1
12 2 17 279 1 26 1 37 1 86 1 164 1 130 1 51 1 166 1 28 1 115 1 290 1 85 1 21 1 24 2 68 1 292 1 187 1
//IdTournes NbColis
4 6
//IdColis IdCommandeInColis NbProducts IdProd1 QtyProd1 IdProd2 QtyProd2 ...
1 1 13 279 1 160 1 81 1 84 1 26 2 32 1 56 1 77 1 143 1 37 1 95 1 118 1 179 1
24 4 22 249 1 250 1 129 1 88 1 93 1 155 1 257 1 135 1 180 1 184 1 254 1 256 1 202 1 176 1 183 1 248 1 60 2 109 1 181 1 261 1 123 1 201 1
15 2 36 103 2 111 2 124 3 149 1 284 1 265 1 112 1 238 1 126 1 58 1 228 1 210 1 295 1 278 1 298 1 188 1 197 1 219 2 224 2 246 1 296 1 240 1 193 1 195 2 255 1 291 2 276 1 214 2 215 3 289 1 241 1 225 1 187 4 242 3 190 5 191 2
10 1 19 255 1 270 1 273 1 286 1 220 1 281 1 301 2 203 1 214 2 215 3 289 1 236 1 107 1 187 2 242 5 190 5 191 1 274 1 304 1
21 3 6 225 1 107 1 198 1 187 3 190 5 191 2
26 4 25 124 3 293 1 112 2 126 1 213 1 188 1 197 1 219 2 224 2 275 1 272 1 268 1 282 1 294 1 193 1 195 2 196 1 255 1 276 1 214 2 215 3 300 1 235 1 187 5 190 5
