//NbTournees
34
//IdTournes NbColis
1 6
//IdColis IdCommandeInColis NbProducts IdProd1 QtyProd1 IdProd2 QtyProd2 ...
5 3 22 51 1 101 1 82 1 118 1 122 1 151 1 157 1 149 1 287 1 269 1 293 1 156 1 159 1 311 1 574 1 410 1 417 1 9 1 200 1 119 1 579 1 542 1
8 4 19 111 1 82 1 93 1 97 1 313 1 307 1 353 1 269 1 416 1 130 1 46 2 84 2 134 1 395 1 369 2 569 1 9 1 32 1 545 2
36 13 20 354 1 101 1 82 1 93 1 115 1 118 1 133 1 138 1 147 1 157 1 258 1 394 1 269 1 293 2 322 1 327 1 92 1 126 1 46 1 559 1
39 14 20 530 1 40 1 82 1 118 1 122 1 139 1 149 1 151 1 394 1 293 1 159 1 402 1 314 1 423 1 292 1 46 2 89 1 105 1 142 1 39 1
42 15 20 75 1 74 1 110 1 665 1 100 1 82 1 102 1 107 1 118 1 121 1 147 1 440 1 426 1 271 1 293 2 411 1 143 1 152 1 322 1 472 1
45 16 17 645 1 38 1 111 2 82 1 86 1 118 1 133 1 147 1 397 1 195 1 271 1 353 1 293 2 130 1 131 1 126 1 83 1
//IdTournes NbColis
2 6
//IdColis IdCommandeInColis NbProducts IdProd1 QtyProd1 IdProd2 QtyProd2 ...
51 17 6 62 2 2 2 161 1 164 1 6 1 98 1
54 18 30 414 1 415 1 136 1 360 1 328 1 329 1 571 1 90 1 63 4 18 1 2 1 123 1 169 1 161 1 546 1 470 1 98 1 168 1 503 1 656 2 11 1 472 1 523 1 29 1 650 1 547 1 48 1 28 1 54 1 545 2
58 19 22 181 1 173 2 146 1 360 2 276 2 430 1 572 1 62 6 20 2 583 1 2 1 162 3 618 1 470 1 6 1 494 2 493 1 13 1 499 1 624 1 28 2 23 1
200 70 29 480 1 479 1 82 1 457 1 258 1 223 1 271 1 462 1 399 1 338 1 288 1 153 1 15 1 197 1 295 1 239 1 87 1 466 1 483 1 35 1 79 1 482 1 30 1 127 1 469 2 14 1 28 1 31 1 54 1
202 71 24 100 1 82 1 180 1 246 1 213 1 305 1 307 1 252 1 185 1 291 1 109 1 197 1 429 1 295 1 90 1 63 4 8 1 482 1 470 1 475 1 467 1 28 1 54 1 473 1
9 4 18 434 1 229 1 96 1 113 1 128 2 132 1 140 2 218 1 249 2 344 2 288 1 291 1 191 1 265 1 155 1 83 1 108 1 500 1
//IdTournes NbColis
3 6
//IdColis IdCommandeInColis NbProducts IdProd1 QtyProd1 IdProd2 QtyProd2 ...
40 14 26 144 1 145 1 249 1 308 1 291 1 570 1 153 1 191 1 83 1 119 1 120 1 150 1 158 1 141 1 409 1 295 1 492 1 87 1 154 1 585 1 136 1 202 1 329 1 454 1 497 1 542 1
57 19 20 183 1 140 1 288 1 272 1 291 1 331 1 518 2 191 2 153 1 83 2 158 2 224 1 413 1 15 1 88 1 196 1 409 1 295 1 26 1 39 1
62 20 21 518 1 191 2 83 1 119 1 182 4 336 1 187 2 158 1 420 1 443 2 413 1 88 1 141 1 196 2 409 1 163 1 181 1 444 1 20 1 524 1 499 1
65 21 21 633 1 165 1 107 1 118 1 179 1 138 1 157 1 201 1 156 1 189 1 292 1 116 1 144 1 145 1 288 1 555 1 540 1 153 2 83 1 119 1 187 1
67 22 20 507 1 101 1 118 1 178 1 179 1 186 1 190 1 195 1 198 1 199 1 620 1 293 1 192 1 200 1 621 1 349 1 570 1 153 1 83 1 90 1
15 6 19 40 1 118 2 133 1 339 1 350 1 270 1 403 1 293 1 46 1 84 1 92 1 126 1 219 1 221 1 193 1 268 1 311 1 292 1 22 1
//IdTournes NbColis
4 6
//IdColis IdCommandeInColis NbProducts IdProd1 QtyProd1 IdProd2 QtyProd2 ...
21 8 21 75 1 74 1 77 1 253 1 118 1 180 1 213 1 133 1 458 1 293 1 463 1 84 1 116 1 249 1 153 1 104 1 197 1 295 2 124 1 476 1 23 1
24 9 18 416 1 130 2 131 2 156 1 188 1 152 1 402 1 84 1 135 1 220 1 314 1 383 1 423 1 369 1 410 1 171 2 116 2 472 1
30 11 18 67 1 76 1 174 1 121 1 122 1 213 1 223 1 226 1 394 1 597 1 290 1 84 1 219 1 233 1 235 1 268 2 292 2 572 1
56 19 19 38 1 111 1 194 1 118 1 180 1 133 1 226 1 270 1 353 1 416 1 131 1 84 1 314 1 311 1 410 1 94 1 132 2 155 1 579 1
70 23 19 188 1 84 1 410 1 46 1 229 1 113 2 216 1 288 1 518 1 386 1 158 2 160 1 420 2 364 2 197 1 295 2 409 1 466 1 580 1
71 23 20 163 1 26 1 212 2 202 1 328 1 435 1 572 1 62 7 43 1 79 1 2 2 611 1 475 1 509 2 7 1 527 1 650 1 669 2 48 1 588 1
//IdTournes NbColis
5 6
//IdColis IdCommandeInColis NbProducts IdProd1 QtyProd1 IdProd2 QtyProd2 ...
73 24 33 142 1 320 1 553 1 155 2 104 1 119 1 557 1 137 1 163 1 32 1 39 2 205 1 487 1 355 1 62 3 81 2 324 1 22 1 470 1 10 1 469 1 7 1 543 1 497 2 11 2 53 1 472 1 42 1 493 1 498 1 14 1 563 1 54 1
77 25 24 191 1 95 1 119 1 182 1 187 1 224 1 99 1 141 1 196 1 323 1 414 1 106 1 368 1 430 1 35 1 63 4 204 1 80 1 30 1 203 1 12 1 472 1 664 1 31 1
79 26 19 118 2 121 1 139 1 228 1 397 2 293 1 143 1 188 1 156 1 84 1 292 1 207 1 250 1 112 1 140 2 217 1 144 1 288 1 473 1
82 27 20 36 1 40 1 111 1 93 1 97 1 133 1 313 1 305 2 231 1 307 1 195 1 394 1 297 1 416 1 131 1 188 1 266 1 84 1 49 1 41 1
88 28 22 416 1 402 1 84 1 242 1 134 1 126 1 220 1 314 1 292 1 410 1 417 1 171 1 442 1 167 1 116 1 250 1 237 1 132 1 140 1 63 1 542 1 23 1
93 29 18 293 2 130 1 131 1 279 1 152 1 402 1 330 2 84 2 92 2 134 1 135 1 299 1 378 1 189 1 434 1 369 1 499 1 41 1
//IdTournes NbColis
6 6
//IdColis IdCommandeInColis NbProducts IdProd1 QtyProd1 IdProd2 QtyProd2 ...
98 30 20 597 1 297 1 131 1 156 2 159 1 188 1 399 1 402 1 84 2 389 1 126 1 219 1 347 1 590 1 292 1 410 1 171 1 575 1 104 1 670 1
103 31 22 74 1 209 1 102 1 179 1 246 1 138 1 248 1 199 1 345 1 394 1 271 1 188 1 84 1 219 1 311 1 9 1 250 1 245 1 132 1 142 1 39 1 4 1
105 32 21 67 1 605 1 74 1 253 1 175 1 118 1 258 1 269 1 449 1 350 1 293 1 130 1 152 1 156 1 84 1 193 1 292 1 574 1 9 1 140 1 545 1
203 72 21 68 1 72 1 69 1 70 1 71 1 73 1 465 1 156 1 84 1 252 1 332 1 132 1 461 1 153 1 155 1 406 1 456 1 79 1 81 1 471 1 472 1
90 28 28 407 1 454 1 276 2 435 1 63 6 20 2 79 2 81 1 18 1 204 1 238 1 2 1 4 1 169 1 61 1 6 1 505 1 10 2 7 1 615 1 501 1 42 1 666 1 13 2 58 2 29 1 506 1 588 1
101 30 18 360 1 325 1 329 1 607 1 572 1 673 1 63 7 20 2 204 1 8 1 565 1 495 1 4 2 470 1 586 1 10 1 628 1 675 1
//IdTournes NbColis
7 6
//IdColis IdCommandeInColis NbProducts IdProd1 QtyProd1 IdProd2 QtyProd2 ...
109 33 22 113 1 185 1 144 1 249 1 318 2 320 1 450 1 109 1 119 1 187 1 150 1 251 1 88 1 114 1 141 2 295 1 309 1 459 1 455 1 90 1 98 1 527 1
10 4 25 557 1 99 1 184 1 429 1 409 1 85 1 106 1 368 1 400 1 47 1 117 1 136 1 391 1 146 1 393 2 202 2 360 1 407 1 453 1 554 1 276 1 355 1 125 1 63 2 4 1
112 34 28 144 1 249 1 308 1 433 1 191 1 153 1 166 1 141 1 295 1 273 1 64 1 205 1 172 1 260 1 309 1 267 2 424 1 453 2 90 1 544 1 587 1 79 1 583 1 604 1 500 1 127 1 527 1 523 1
115 35 26 249 1 291 1 450 1 518 1 448 1 197 1 409 1 295 1 230 1 264 1 601 1 205 1 202 1 90 1 60 1 63 4 261 1 80 1 2 1 477 1 61 1 586 1 588 1 558 1 599 1 600 2
118 36 8 85 1 267 1 276 1 62 4 11 1 498 1 473 1 23 1
120 37 25 150 1 236 1 184 1 196 1 408 1 239 1 230 1 85 2 400 1 173 1 90 1 63 4 20 1 81 1 18 1 80 1 4 1 123 2 61 1 524 1 98 1 469 1 625 1 468 1 624 1
//IdTournes NbColis
8 6
//IdColis IdCommandeInColis NbProducts IdProd1 QtyProd1 IdProd2 QtyProd2 ...
237 93 3 383 1 85 1 571 1
23 9 21 111 1 300 1 398 1 418 1 100 1 86 1 170 1 133 1 118 2 374 1 121 1 231 1 151 1 345 1 346 1 271 1 394 1 622 1 46 1 497 1 5 1
26 9 27 99 1 114 1 184 1 408 1 124 1 181 1 64 2 172 1 136 1 393 1 309 1 421 1 202 1 360 1 453 1 355 2 62 9 335 1 2 1 164 1 546 1 470 2 6 2 12 1 98 1 496 1 499 1
97 30 17 674 2 111 2 209 1 404 2 100 1 86 1 115 1 175 1 118 1 278 1 213 1 248 1 394 1 403 1 597 1 365 1 671 1
117 36 20 86 1 174 1 180 1 133 1 195 1 269 1 270 1 268 1 46 1 142 1 272 1 274 1 275 2 540 1 191 1 155 1 236 2 114 1 409 1 34 1
121 38 20 102 1 118 1 121 1 213 1 289 1 293 1 297 1 130 1 143 1 292 1 225 1 250 1 249 1 291 1 294 2 153 1 197 1 295 1 87 1 90 1
//IdTournes NbColis
9 6
//IdColis IdCommandeInColis NbProducts IdProd1 QtyProd1 IdProd2 QtyProd2 ...
13 5 21 237 1 113 1 176 1 128 1 216 1 140 1 142 1 144 1 249 1 539 1 573 1 275 1 153 1 88 1 114 1 141 2 284 1 429 1 295 1 414 1 35 1
25 9 24 116 1 113 1 373 1 140 1 144 1 145 1 249 1 425 2 291 1 623 1 518 1 265 1 541 1 104 1 109 1 119 1 187 2 420 1 326 1 557 1 88 1 239 1 545 1 41 1
47 16 26 363 2 557 1 413 2 88 1 114 1 408 1 409 1 400 2 368 2 64 1 32 1 117 1 136 1 325 1 424 1 455 1 63 4 18 1 494 1 509 2 98 1 496 1 16 1 13 1 588 1 34 1
124 39 23 417 1 116 1 250 1 89 1 183 1 140 1 142 1 144 1 145 1 249 1 401 1 191 1 15 1 88 1 236 1 184 1 196 1 408 1 230 1 466 1 304 1 264 1 407 1
127 40 22 413 1 88 1 141 1 295 1 585 1 33 1 90 1 483 1 62 4 8 1 638 1 509 1 168 1 280 1 10 1 610 1 562 1 627 1 34 1 468 1 635 1 54 1
128 41 22 118 1 215 1 147 1 231 1 287 1 293 1 279 1 156 1 290 1 92 1 254 1 219 1 46 1 9 1 442 1 132 1 140 1 144 1 153 1 104 1 88 1 141 1
//IdTournes NbColis
10 6
//IdColis IdCommandeInColis NbProducts IdProd1 QtyProd1 IdProd2 QtyProd2 ...
129 41 20 88 1 99 1 295 1 33 1 90 1 63 4 18 2 59 1 2 3 618 1 582 1 469 1 527 1 497 1 11 1 53 1 472 1 498 1 612 1 561 1
130 42 21 165 1 118 1 278 1 283 1 269 1 298 1 219 1 285 1 296 1 167 1 116 1 282 1 132 2 140 1 288 1 155 1 114 1 197 1 601 1 64 1 169 1
132 43 21 301 1 165 1 170 1 118 1 211 1 157 1 287 1 361 1 394 1 293 1 188 1 156 1 299 1 311 1 140 2 144 1 148 1 249 1 288 1 153 1 4 1
205 73 23 481 1 478 1 300 1 440 1 422 1 279 1 193 1 311 1 296 1 460 1 464 1 155 1 420 1 88 1 295 1 456 1 154 1 62 3 18 1 477 1 475 1 474 2 468 1
207 74 25 67 1 259 1 131 1 156 1 159 1 372 1 216 1 291 1 275 1 153 1 317 1 155 1 88 1 114 1 129 1 437 1 325 1 459 1 328 1 63 3 59 1 42 1 78 1 48 1 50 1
61 20 19 92 1 262 1 311 2 410 1 292 1 171 1 167 1 116 1 89 1 176 1 140 1 142 1 144 1 263 1 288 1 401 1 450 1 331 1 95 1
//IdTournes NbColis
11 6
//IdColis IdCommandeInColis NbProducts IdProd1 QtyProd1 IdProd2 QtyProd2 ...
99 30 18 89 1 91 1 94 1 96 1 113 1 176 1 373 1 128 1 140 1 145 1 338 1 263 1 359 1 288 2 401 1 291 2 331 1 239 1
111 34 21 258 1 195 1 286 1 271 1 130 1 143 1 266 1 156 2 399 1 254 1 219 1 590 1 594 1 412 1 434 1 116 1 332 1 89 1 140 1 124 1 23 1
135 44 21 676 1 605 1 107 1 118 1 306 1 440 1 289 1 293 1 416 1 156 1 126 1 219 1 46 1 89 1 96 1 176 1 128 1 216 1 185 1 4 1 5 1
139 45 21 250 1 332 1 89 1 105 1 132 2 216 1 144 1 263 1 518 1 489 1 191 1 155 1 182 3 187 1 150 1 141 1 406 1 409 1 63 1 663 1 545 2
141 46 19 608 1 480 1 51 1 170 1 179 1 122 1 305 1 151 1 157 1 307 1 286 1 201 1 289 1 416 1 192 1 89 1 91 1 527 1 58 1
2 1 18 295 1 136 1 90 1 125 1 63 4 544 1 8 1 1 1 30 1 61 1 6 1 127 1 3 1 11 1 53 1 14 1 24 1 473 1
//IdTournes NbColis
12 6
//IdColis IdCommandeInColis NbProducts IdProd1 QtyProd1 IdProd2 QtyProd2 ...
3 2 27 111 1 253 1 223 1 305 1 535 1 307 1 293 1 537 1 292 1 9 1 225 1 96 1 140 1 291 1 155 1 109 1 15 1 236 1 197 1 429 1 414 1 32 1 90 1 13 1 41 1 17 1 23 1
7 3 22 571 1 90 1 60 1 62 4 544 1 18 1 59 2 261 1 2 1 123 1 6 1 12 1 98 1 10 1 16 1 58 1 581 1 27 1 25 1 55 1 56 1 54 1
14 5 16 90 1 63 4 544 1 20 1 18 1 521 1 61 1 6 1 52 1 280 1 11 1 29 1 56 1 57 1 468 1 31 1
17 6 9 90 1 125 1 62 3 261 1 7 1 543 1 501 1 48 1 50 1
19 7 22 116 1 250 1 96 1 216 1 249 1 265 1 95 1 363 2 114 1 184 1 408 2 173 1 302 1 421 1 267 1 591 1 407 1 571 1 90 1 125 1 63 4 79 1
22 8 9 64 1 321 1 360 1 90 1 35 1 63 4 2 1 30 1 123 2
//IdTournes NbColis
13 6
//IdColis IdCommandeInColis NbProducts IdProd1 QtyProd1 IdProd2 QtyProd2 ...
29 10 8 260 1 90 1 60 1 62 4 169 1 543 1 58 1 45 1
37 13 30 135 1 311 2 105 1 401 1 153 1 109 1 160 1 413 1 114 1 137 1 141 2 295 1 26 2 421 1 90 1 60 1 63 2 81 1 495 1 4 1 470 1 496 1 560 1 497 1 550 1 53 1 13 1 58 1 562 1 561 1
41 14 13 572 1 90 1 63 4 20 1 587 1 18 1 521 1 127 1 14 1 48 1 50 1 561 1 31 1
44 15 18 33 1 39 1 129 1 146 1 202 1 452 1 453 1 455 1 90 1 62 4 81 1 80 1 469 1 13 1 58 1 663 1 473 1 23 2
50 17 21 140 1 144 1 249 1 291 1 555 1 540 1 433 1 191 1 153 1 448 1 114 2 141 2 295 1 415 1 124 1 26 1 173 1 360 1 407 1 90 1 62 2
66 21 15 166 1 196 2 295 1 172 1 202 1 453 1 577 1 90 1 63 4 80 1 4 1 510 1 580 1 61 1 98 1
//IdTournes NbColis
14 6
//IdColis IdCommandeInColis NbProducts IdProd1 QtyProd1 IdProd2 QtyProd2 ...
80 26 31 249 1 433 1 265 1 119 1 363 1 413 1 141 1 196 2 295 1 230 2 212 1 264 1 585 1 172 1 136 1 424 1 90 1 63 3 315 1 324 1 18 1 580 2 586 1 469 1 471 1 497 1 29 1 25 1 588 1 34 1 56 1
104 31 20 144 1 249 1 291 1 294 1 153 1 155 1 104 1 158 1 325 1 329 1 571 1 455 1 21 1 90 1 62 4 543 1 13 1 523 1 561 1 545 1
106 32 20 94 1 112 1 144 1 249 2 540 1 153 1 109 1 197 1 295 1 466 1 173 1 90 1 643 1 62 4 544 1 2 1 98 1 469 1 11 1 550 1
125 39 9 276 1 90 1 62 4 79 2 61 1 475 1 10 1 42 2 634 1
133 43 35 224 1 158 1 326 1 141 2 408 1 429 1 26 1 601 1 585 1 33 2 607 1 355 1 90 1 125 1 62 4 544 1 609 1 20 1 587 1 79 1 583 1 59 1 261 1 80 1 580 1 470 1 7 1 615 1 543 1 550 2 549 1 66 1 34 1 56 1 23 1
136 44 26 185 1 140 1 144 1 249 1 308 1 153 1 155 1 191 2 120 1 160 1 141 1 295 1 466 1 26 1 129 1 267 1 568 1 328 1 571 1 577 1 90 1 62 4 20 2 81 1 470 1 472 1
//IdTournes NbColis
15 6
//IdColis IdCommandeInColis NbProducts IdProd1 QtyProd1 IdProd2 QtyProd2 ...
142 46 21 308 1 109 1 99 1 196 1 197 1 295 1 124 1 32 1 619 1 281 1 146 1 90 1 35 1 62 4 59 1 280 1 42 1 578 1 65 1 616 1 27 1
144 47 38 265 1 363 2 15 1 141 2 295 1 230 1 466 2 212 1 304 1 264 1 642 1 173 1 117 1 309 1 607 1 276 1 90 1 63 2 522 1 587 1 81 1 18 1 80 1 22 1 61 2 3 1 628 1 7 1 527 1 501 1 16 1 498 1 13 1 34 1 561 1 45 1 56 1 23 7
148 48 15 409 1 230 1 264 1 39 1 90 1 63 4 4 1 510 1 61 1 98 2 472 1 42 1 29 2 506 1 25 1
149 49 22 246 1 305 1 307 1 131 1 152 1 327 1 311 1 46 1 116 1 332 1 319 1 320 2 272 1 291 1 187 1 326 1 15 1 114 2 323 1 295 1 90 1 545 1
152 50 12 154 1 281 1 325 1 90 1 62 4 661 1 510 1 6 1 52 1 471 1 58 1 29 1
154 51 14 601 1 39 1 136 1 267 1 329 1 21 1 90 1 125 1 63 4 544 1 20 1 611 1 498 1 658 1
//IdTournes NbColis
16 6
//IdColis IdCommandeInColis NbProducts IdProd1 QtyProd1 IdProd2 QtyProd2 ...
156 52 18 267 1 487 1 90 1 643 1 35 1 512 1 63 4 544 1 324 1 521 1 4 1 30 1 509 1 280 1 10 1 54 1 41 1 23 2
158 53 13 150 1 295 1 172 1 321 1 355 1 90 1 60 1 63 4 315 1 98 1 10 1 42 1 629 1
160 54 14 15 1 197 1 295 1 64 1 260 1 454 1 90 1 60 1 63 4 2 1 4 2 503 1 501 1 629 1
162 55 13 160 1 114 1 196 1 197 2 295 1 39 2 90 1 63 3 4 1 510 1 470 1 12 1 23 1
164 56 16 343 1 355 1 329 1 571 1 90 1 35 1 63 4 335 1 583 1 59 1 565 2 470 1 10 3 42 1 29 1 24 1
166 57 15 337 1 150 1 224 1 114 1 197 2 323 1 295 1 90 1 62 3 544 1 18 1 2 1 580 1 12 1 98 1
//IdTournes NbColis
17 6
//IdColis IdCommandeInColis NbProducts IdProd1 QtyProd1 IdProd2 QtyProd2 ...
168 58 26 197 1 295 1 576 1 33 1 173 1 136 1 281 1 302 1 146 1 360 1 325 2 568 1 577 1 90 1 62 4 495 1 4 1 169 1 582 1 469 1 472 1 578 1 549 1 65 1 14 1 584 1
171 59 26 340 1 344 1 433 1 331 1 153 1 155 1 108 1 197 1 351 1 295 1 585 1 39 2 455 1 90 1 62 4 544 1 81 1 1 1 4 1 500 1 61 1 509 1 636 1 16 1 472 1 504 1
209 75 21 147 1 259 1 305 1 307 1 491 1 156 1 434 1 94 1 288 1 114 1 197 1 295 1 90 1 62 3 509 1 496 1 497 1 42 1 498 1 14 1 499 1
210 76 21 507 1 214 1 305 1 307 1 269 1 293 1 130 1 311 1 296 1 250 1 275 1 109 1 267 1 328 1 90 1 512 1 62 3 500 1 127 1 98 2 504 1
211 77 25 213 1 305 1 157 1 307 1 201 1 485 1 92 1 140 1 109 1 26 1 32 1 173 1 202 1 454 1 276 1 90 1 35 1 62 3 59 1 495 1 2 1 510 1 505 1 10 1 501 1
212 78 22 139 1 223 1 305 1 307 1 221 1 193 1 268 1 490 1 46 1 128 1 183 1 185 1 319 1 153 1 492 1 33 1 39 1 90 1 62 4 20 1 471 2 23 2
//IdTournes NbColis
18 6
//IdColis IdCommandeInColis NbProducts IdProd1 QtyProd1 IdProd2 QtyProd2 ...
214 79 28 186 1 313 1 381 1 305 1 307 1 299 1 412 1 46 1 340 1 486 1 489 1 197 1 295 1 360 1 90 1 63 3 79 1 80 1 502 1 6 1 494 1 10 1 7 1 493 1 58 1 27 1 506 1 28 1
216 80 24 37 1 508 1 93 1 305 1 307 1 233 1 488 1 15 1 484 1 39 1 172 2 173 1 342 1 328 1 454 1 487 1 90 1 60 2 63 4 59 1 4 1 503 1 14 1 511 1
218 81 28 170 1 118 1 179 1 214 1 147 1 157 1 269 1 352 1 199 1 491 1 254 1 218 1 349 1 153 1 377 1 39 1 455 1 90 1 125 1 60 1 62 1 20 1 477 1 475 1 98 2 280 1 523 1 511 1
220 82 26 40 1 300 1 118 2 339 1 293 2 143 1 250 1 144 1 518 1 153 1 155 1 160 1 114 1 197 1 295 1 26 1 64 1 33 1 90 1 510 1 123 1 6 1 524 1 78 1 525 1 499 1
222 83 18 528 1 513 1 381 1 305 1 307 1 254 1 514 1 417 1 308 1 275 1 108 1 109 1 160 1 90 1 62 4 2 1 10 1 527 1
223 84 13 530 1 305 1 307 1 275 2 520 1 109 1 516 1 519 1 90 1 62 3 522 1 98 1 474 1
//IdTournes NbColis
19 6
//IdColis IdCommandeInColis NbProducts IdProd1 QtyProd1 IdProd2 QtyProd2 ...
224 85 12 381 1 305 1 307 1 490 1 294 1 15 1 517 1 90 1 62 4 499 1 24 1 23 1
225 86 22 178 1 305 2 316 1 307 2 286 1 293 1 322 1 262 1 250 1 128 1 272 1 486 1 515 1 155 1 197 1 360 1 90 1 35 1 521 1 509 1 526 1 529 1
227 87 28 214 1 534 1 199 1 156 1 311 1 362 1 113 1 176 1 144 1 291 1 539 1 515 1 540 1 153 1 155 1 114 1 466 1 342 1 455 1 90 1 2 2 123 1 500 2 503 2 497 1 11 1 547 1 545 1
229 88 26 102 1 531 1 313 1 303 1 307 1 353 1 156 1 538 1 250 1 541 1 109 1 160 1 197 1 295 1 172 1 173 1 536 1 325 1 202 1 90 1 18 1 546 1 501 1 549 1 31 1 542 1
46 16 20 219 1 221 1 296 1 362 1 116 1 91 1 94 1 113 1 140 2 142 1 401 1 291 2 539 1 515 1 191 1 95 1 104 1 109 1 187 1 644 1
69 23 19 431 1 418 1 93 1 180 1 210 1 211 1 214 1 133 1 231 1 232 1 259 1 195 1 269 1 426 1 416 2 365 1 367 1 131 1 41 1
//IdTournes NbColis
20 6
//IdColis IdCommandeInColis NbProducts IdProd1 QtyProd1 IdProd2 QtyProd2 ...
161 55 21 40 1 93 1 305 1 157 1 307 1 269 1 622 1 657 1 152 1 233 1 347 1 348 1 116 1 255 1 132 1 338 1 518 1 556 1 109 1 63 1 17 1
170 59 20 639 1 528 1 93 1 118 1 122 1 313 1 157 1 346 1 353 1 293 1 462 1 330 1 219 1 348 1 630 1 292 1 200 1 144 1 291 1 545 1
173 60 19 38 1 40 1 76 1 74 1 300 1 606 1 118 1 231 1 293 1 365 1 357 1 292 1 171 1 250 1 91 1 105 1 142 1 217 1 148 1
176 61 23 122 1 213 1 133 1 186 1 283 1 232 1 367 1 92 1 590 1 537 1 514 1 9 1 171 1 176 1 132 1 185 1 155 2 109 1 326 1 364 1 33 1 504 1 41 1
178 62 19 36 1 111 1 93 1 118 1 133 2 121 1 213 1 390 2 139 1 313 1 258 1 303 1 436 1 345 1 445 1 394 1 353 1 615 1 31 1
183 63 21 93 1 107 1 180 1 147 1 310 1 361 1 293 1 362 1 167 1 113 1 145 1 359 1 319 1 291 1 155 2 109 1 187 1 224 1 363 1 196 1 295 1
//IdTournes NbColis
21 6
//IdColis IdCommandeInColis NbProducts IdProd1 QtyProd1 IdProd2 QtyProd2 ...
18 7 21 300 1 418 1 100 1 118 1 178 1 147 1 228 1 534 1 226 1 269 1 293 1 156 1 46 1 134 1 135 1 592 1 292 1 596 1 229 1 167 1 144 1
72 24 23 208 1 209 1 180 1 133 1 215 1 147 1 227 1 157 1 259 1 149 1 223 1 289 1 269 1 322 1 311 1 9 1 167 1 116 1 206 1 132 1 185 1 566 1 5 1
94 29 21 410 1 167 1 116 3 332 1 132 1 245 1 128 1 401 1 570 1 518 1 489 1 191 1 541 1 95 1 109 1 182 1 119 1 187 1 158 1 150 1 63 1
108 33 22 253 1 256 1 118 1 186 1 303 1 345 1 352 1 293 1 130 1 131 1 152 1 327 1 252 1 233 1 419 1 552 1 432 1 370 1 575 1 583 1 579 1 28 1
153 51 22 36 1 257 1 305 1 307 1 293 1 491 1 130 1 188 1 159 1 322 1 330 1 252 1 193 1 237 1 291 1 155 1 109 1 158 1 196 1 197 2 295 1 17 1
180 62 19 171 1 442 1 362 1 167 1 250 1 112 1 113 1 388 1 140 2 144 1 288 2 291 3 518 1 155 1 191 1 356 1 109 1 585 1 54 1
//IdTournes NbColis
22 6
//IdColis IdCommandeInColis NbProducts IdProd1 QtyProd1 IdProd2 QtyProd2 ...
185 64 20 660 1 300 1 180 1 247 1 269 1 188 1 156 1 252 1 268 1 348 1 369 1 370 1 46 4 207 1 288 2 153 1 317 1 141 1 429 1 41 1
187 65 21 67 1 100 1 210 1 259 1 293 1 188 1 156 1 330 1 254 1 221 1 233 1 537 1 514 1 296 1 417 1 46 1 167 1 116 2 250 1 113 1 63 1
231 89 21 74 1 528 1 118 1 258 1 534 1 537 1 311 1 207 1 171 1 167 1 359 1 153 1 317 1 155 1 15 1 533 1 177 1 62 7 79 1 496 1 523 1
28 10 23 40 1 175 1 313 1 149 1 305 1 227 1 231 1 307 1 293 1 152 1 299 1 537 1 94 1 206 1 245 1 109 1 160 1 196 1 197 1 532 1 33 1 60 1 27 1
31 11 18 490 1 432 1 370 1 171 1 94 1 96 2 218 2 145 1 319 1 291 2 191 1 153 1 155 1 541 1 429 1 409 1 576 1 611 1
43 15 23 268 1 311 1 235 1 427 1 417 1 46 1 116 1 94 1 105 1 112 1 140 1 144 1 249 1 291 1 155 2 265 2 363 1 141 1 295 1 585 1 469 1 27 1 473 1
//IdTournes NbColis
23 6
//IdColis IdCommandeInColis NbProducts IdProd1 QtyProd1 IdProd2 QtyProd2 ...
233 90 22 111 1 102 1 138 1 551 1 419 1 552 1 423 1 94 1 245 1 132 1 556 1 155 1 15 1 273 1 21 1 60 2 62 3 565 1 2 1 127 1 7 1 550 1
95 29 29 420 1 363 2 413 1 236 1 184 1 284 1 196 1 408 1 267 1 424 2 325 1 407 1 452 1 571 1 455 1 643 1 63 3 20 1 18 1 2 1 500 1 509 1 505 1 10 1 471 1 503 1 527 1 53 1 562 1
151 50 23 213 1 313 1 305 1 307 1 201 1 314 1 193 1 46 1 116 1 216 1 185 1 142 1 249 1 662 1 294 1 153 1 317 1 109 1 236 1 137 1 197 1 524 1 34 1
191 66 22 362 1 250 1 237 1 96 1 112 1 373 1 288 1 401 1 570 1 191 1 448 1 109 1 119 1 182 1 160 1 150 1 557 1 236 1 114 1 414 2 441 1 21 1
89 28 24 145 1 288 2 518 1 489 1 191 1 265 1 155 1 95 1 109 1 119 1 187 1 326 1 99 1 184 1 284 1 409 1 239 1 124 1 172 1 267 1 360 1 325 1 125 1 627 1
114 35 21 209 1 118 1 257 1 180 1 210 1 259 1 293 1 219 1 262 1 537 1 412 1 192 1 96 2 255 1 176 1 217 1 144 1 263 1 4 1 17 1 23 1
//IdTournes NbColis
24 6
//IdColis IdCommandeInColis NbProducts IdProd1 QtyProd1 IdProd2 QtyProd2 ...
119 37 21 38 1 175 1 121 1 271 1 346 1 394 1 269 1 622 1 293 1 188 1 242 1 250 1 96 1 140 2 144 1 148 1 249 1 331 1 265 1 15 1 473 1
138 45 20 605 1 111 1 300 1 398 1 102 1 118 1 213 1 133 1 271 1 416 1 131 1 159 1 143 1 188 1 396 1 383 1 410 1 296 1 171 1 95 1
147 48 24 311 1 225 1 250 1 96 1 140 1 144 1 263 1 249 1 401 1 291 1 433 1 518 1 153 1 109 1 187 1 15 1 137 1 141 1 408 1 429 1 295 1 230 1 473 1 23 1
159 54 22 354 1 341 1 334 1 118 1 122 1 214 1 345 1 350 1 271 1 199 1 293 1 311 1 349 1 489 1 573 1 153 1 317 1 95 1 109 1 336 1 150 1 13 1
167 58 22 334 1 122 1 246 1 231 1 307 1 305 1 195 1 269 1 188 1 156 1 233 1 282 1 105 1 140 1 142 1 263 1 95 1 108 1 109 1 336 1 160 1 212 1
194 67 22 209 1 118 2 381 1 384 1 385 1 387 1 293 1 365 1 574 1 46 2 371 1 382 1 96 1 176 1 142 1 291 1 317 2 386 1 104 1 63 1 17 1 23 1
//IdTournes NbColis
25 6
//IdColis IdCommandeInColis NbProducts IdProd1 QtyProd1 IdProd2 QtyProd2 ...
27 9 14 168 1 628 1 469 1 66 1 610 1 549 1 65 1 525 1 627 2 34 1 45 1 56 1 626 1 41 1
155 52 24 121 1 122 1 180 1 310 1 156 2 330 1 116 1 250 2 113 1 176 1 142 1 144 1 249 1 540 1 489 1 191 1 153 1 141 1 239 1 32 1 33 1 39 1 129 1 28 1
181 62 24 119 1 187 1 326 1 557 1 413 1 114 2 184 3 408 1 239 1 360 1 424 1 451 1 572 1 21 1 35 2 62 6 16 1 578 1 13 1 58 1 523 1 626 1 566 1 23 1
68 22 15 413 1 114 1 177 1 197 2 295 1 172 1 129 2 355 1 60 1 63 4 565 1 1 1 98 1 78 1 629 1
85 27 19 393 1 309 1 267 1 360 1 424 1 407 1 452 1 571 1 63 4 544 2 587 2 18 2 2 1 4 1 169 1 494 1 98 2 610 1 31 1
175 60 23 63 1 43 1 44 1 81 1 583 1 18 1 6 1 98 1 469 1 16 1 53 1 472 1 498 1 549 1 58 1 525 1 50 1 506 1 561 1 45 1 613 1 617 1 23 2
//IdTournes NbColis
26 6
//IdColis IdCommandeInColis NbProducts IdProd1 QtyProd1 IdProd2 QtyProd2 ...
192 66 25 409 1 377 1 264 1 642 1 129 1 136 1 437 1 267 1 276 1 572 1 62 6 544 1 20 1 18 1 638 1 98 1 501 1 523 1 525 1 625 1 563 1 588 1 34 2 45 1 57 1
234 91 21 118 1 133 1 215 1 297 1 219 1 369 1 132 1 142 1 555 1 155 2 109 1 114 1 437 1 325 1 554 1 60 1 62 3 79 1 324 1 6 1 98 2
1 1 21 38 1 40 1 101 1 118 1 394 1 269 1 156 1 219 1 292 1 183 1 185 1 142 1 263 1 540 1 265 2 155 1 120 1 158 2 33 1 39 1 548 1
75 25 17 68 1 72 1 69 1 70 1 71 1 73 1 76 1 431 1 234 1 100 1 115 1 180 1 133 1 289 1 353 1 657 1 632 1
87 28 19 660 1 639 1 101 1 110 1 111 1 300 1 241 1 115 1 133 1 278 1 139 1 248 1 345 1 361 1 446 2 447 1 293 1 131 1 31 1
92 29 19 647 1 208 1 111 2 240 1 247 1 133 1 215 1 256 1 118 1 278 1 178 1 121 1 375 1 313 1 394 1 426 1 416 2 579 1 473 1
//IdTournes NbColis
27 6
//IdColis IdCommandeInColis NbProducts IdProd1 QtyProd1 IdProd2 QtyProd2 ...
163 56 22 101 1 209 1 179 1 121 1 180 1 248 1 305 1 307 1 269 1 271 1 297 1 322 1 311 1 412 1 116 1 113 1 216 1 191 1 15 1 519 1 342 1 49 1
12 5 20 36 1 37 1 102 1 118 1 180 1 210 1 138 1 248 1 394 1 269 1 270 1 271 1 293 1 156 1 567 1 311 2 569 1 9 1 229 1 5 1
33 12 19 68 1 72 1 69 1 70 1 71 1 73 1 404 1 102 1 278 1 178 1 122 1 213 1 151 1 593 1 333 1 367 1 365 1 60 1 62 1
52 18 21 36 1 111 1 102 1 174 1 118 1 180 1 147 1 310 1 394 1 269 1 293 2 130 1 143 1 290 1 311 1 296 1 292 1 46 1 116 1 119 1 474 1
190 66 21 38 1 102 1 241 1 174 1 339 1 286 1 345 1 449 1 293 2 365 1 152 1 266 1 156 1 322 1 135 1 378 1 268 1 46 1 171 1 32 1 476 1
6 3 25 112 1 113 1 140 2 144 1 148 1 249 1 344 1 291 1 540 1 153 1 155 1 103 1 158 1 15 1 141 1 295 1 26 1 124 1 585 1 21 1 437 1 267 1 459 1 452 1 6 1
//IdTournes NbColis
28 6
//IdColis IdCommandeInColis NbProducts IdProd1 QtyProd1 IdProd2 QtyProd2 ...
157 53 21 67 1 175 1 316 1 269 1 333 1 189 1 193 1 268 1 292 1 412 1 116 2 176 1 132 1 144 1 249 1 318 1 331 1 153 1 104 1 39 1 17 2
165 57 21 38 2 118 1 214 1 259 1 303 1 339 1 352 1 199 1 293 1 411 1 285 1 116 1 144 1 338 1 308 1 433 1 153 1 104 1 62 1 545 2 473 1
60 20 20 654 1 653 1 479 1 111 1 209 1 170 1 174 1 133 1 180 1 286 1 449 1 394 1 269 1 416 1 130 1 131 1 188 1 152 1 156 1 124 1
84 27 20 288 2 401 1 291 2 518 1 191 1 265 1 155 3 420 1 456 1 409 1 106 1 368 1 439 1 172 1 173 1 117 1 260 1 342 1 21 1 476 1
123 39 21 170 1 277 1 175 1 118 1 133 1 147 1 303 1 306 1 394 1 269 1 405 1 411 1 293 1 156 1 330 1 134 1 219 2 412 1 46 1 23 1 5 1
146 48 20 639 1 170 1 118 1 121 1 180 1 157 1 228 1 339 1 345 1 422 1 269 1 293 2 411 1 130 1 156 1 219 1 314 1 423 1 9 1 548 1
//IdTournes NbColis
29 6
//IdColis IdCommandeInColis NbProducts IdProd1 QtyProd1 IdProd2 QtyProd2 ...
196 68 19 111 1 170 1 147 1 258 1 305 1 307 1 353 1 416 1 383 1 311 1 292 1 282 1 225 1 250 2 216 1 140 1 142 1 340 1 291 1
83 27 16 244 1 134 3 348 1 296 1 412 1 410 1 229 1 116 2 438 1 250 1 332 1 113 3 218 1 145 1 109 1 23 1
126 40 23 118 1 257 1 138 1 147 1 286 1 293 1 131 1 156 1 126 1 219 1 176 1 142 1 144 1 249 1 288 1 153 1 109 1 119 1 182 1 158 1 363 2 181 1 634 1
179 62 17 416 1 622 1 293 1 641 1 297 1 131 1 152 1 402 1 242 1 134 2 135 2 219 1 314 1 268 1 292 2 410 1 545 1
16 6 17 432 1 113 1 176 1 140 2 144 1 145 1 148 1 249 1 288 2 291 1 153 2 141 2 295 2 414 1 415 1 276 1 62 1
53 18 21 225 1 250 1 200 1 113 1 176 1 183 1 140 2 142 1 291 1 489 1 153 1 155 1 413 1 557 1 114 2 184 1 141 1 196 1 408 1 129 1 474 1
//IdTournes NbColis
30 6
//IdColis IdCommandeInColis NbProducts IdProd1 QtyProd1 IdProd2 QtyProd2 ...
76 25 21 222 1 156 1 330 1 220 1 189 1 419 1 383 1 348 1 311 1 427 1 428 1 432 1 46 1 171 1 225 1 332 1 148 1 263 1 433 1 488 1 26 1
63 20 39 172 1 173 1 392 1 342 1 424 1 325 1 407 1 455 1 452 1 329 1 454 2 572 1 587 1 81 1 18 2 495 1 1 1 2 2 4 1 564 1 510 1 582 1 469 2 7 2 656 1 497 2 501 1 11 1 550 1 16 2 53 1 472 1 58 1 652 1 14 1 561 1 468 1 504 1 41 1
188 65 27 176 1 249 1 294 1 153 1 155 1 150 1 466 1 26 1 368 1 172 1 117 1 129 1 342 1 424 1 459 1 63 3 79 1 81 1 4 1 22 1 30 1 618 1 580 1 470 1 612 1 468 1 41 2
35 12 11 196 1 595 1 598 1 376 1 173 1 328 1 276 1 62 2 544 1 81 1 79 1
195 67 11 380 1 173 1 379 1 325 1 328 1 430 1 125 1 63 3 30 1 10 1 42 1
100 30 20 518 2 155 1 191 1 386 1 187 2 158 1 224 2 413 1 364 1 114 2 358 1 141 2 196 1 408 1 409 1 243 1 672 1 32 1 39 1 60 1
//IdTournes NbColis
31 6
//IdColis IdCommandeInColis NbProducts IdProd1 QtyProd1 IdProd2 QtyProd2 ...
197 68 17 555 1 337 1 150 1 160 1 114 1 141 1 197 1 295 1 267 1 454 1 60 1 62 4 79 1 22 1 494 1 29 1 65 1
140 45 22 154 1 304 1 264 1 117 1 63 3 20 1 583 1 18 1 12 1 52 1 496 1 667 1 474 1 527 1 497 2 11 1 16 1 53 1 562 1 14 1 668 1 561 1
236 92 21 121 1 122 1 258 1 293 1 285 1 268 1 116 1 142 1 317 1 197 2 409 1 39 1 136 1 452 1 125 1 62 4 502 1 564 1 10 1 29 1 558 1
49 17 19 75 1 479 1 175 1 118 1 485 1 293 1 597 1 130 1 188 1 156 1 159 1 193 1 537 1 311 2 395 1 46 3 176 1 185 2 124 1
143 47 20 646 1 118 1 303 1 149 1 306 1 310 1 312 1 289 1 352 1 293 2 156 1 311 1 46 2 140 1 144 1 249 1 272 1 291 2 41 1 23 1
34 12 20 188 1 372 1 220 1 193 1 589 1 434 1 250 1 245 1 218 1 263 1 344 1 274 1 540 1 489 1 294 1 155 2 386 1 364 1 524 1 584 1
//IdTournes NbColis
32 6
//IdColis IdCommandeInColis NbProducts IdProd1 QtyProd1 IdProd2 QtyProd2 ...
198 69 18 655 1 651 1 209 1 122 1 211 1 214 1 394 1 269 1 649 1 219 1 314 1 410 1 648 1 140 1 145 1 340 2 153 1 564 1
174 60 24 145 1 359 1 249 1 401 1 191 1 265 2 155 1 386 1 363 2 364 1 358 1 409 1 32 1 33 1 267 1 407 1 329 1 453 1 572 1 21 1 35 1 63 5 580 1 614 1
177 61 26 364 1 197 1 360 1 366 1 572 1 640 1 62 9 609 1 632 1 79 1 81 1 18 1 2 1 22 1 123 1 580 1 548 1 631 1 52 1 10 3 525 1 24 1 637 2 48 1 25 1 468 2
186 64 17 295 1 409 1 304 1 267 1 325 1 572 1 63 6 43 1 20 1 18 1 22 2 631 1 280 1 11 1 625 1 34 1 659 1
131 42 11 32 1 281 1 571 1 21 1 62 3 79 1 81 1 469 1 11 1 53 1 28 1
199 69 18 308 1 515 1 317 2 155 1 158 1 295 1 409 1 32 1 39 1 572 1 62 4 61 1 7 1 656 1 543 2 498 2 14 1 637 1
//IdTournes NbColis
33 6
//IdColis IdCommandeInColis NbProducts IdProd1 QtyProd1 IdProd2 QtyProd2 ...
150 49 8 519 1 328 1 62 4 59 1 8 1 500 1 527 1 523 1
184 63 8 33 2 571 2 63 4 20 1 496 1 612 1 659 1 54 1
32 11 9 355 1 62 4 495 1 10 1 610 1 523 1 78 1 48 1 506 1
137 44 10 470 1 6 1 496 1 469 1 11 1 578 1 66 1 24 1 603 1 468 1
4 2 6 62 4 544 1 2 1 501 1 550 1 13 1
20 7 10 81 1 18 2 80 1 8 1 22 1 4 1 580 1 61 1 582 1 602 1
//IdTournes NbColis
34 1
//IdColis IdCommandeInColis NbProducts IdProd1 QtyProd1 IdProd2 QtyProd2 ...
11 4 18 63 2 43 1 44 1 20 2 18 1 61 1 6 1 470 1 42 1 610 1 29 1 49 1 34 1 45 1 28 2 468 1 19 1 23 1
