//NbTournees
11
//IdTournes NbColis
1 6
//IdColis IdCommandeInColis NbProducts IdProd1 QtyProd1 IdProd2 QtyProd2 ...
15 7 22 74 1 112 1 119 1 163 1 98 1 117 1 72 1 159 2 113 1 118 1 124 1 156 1 157 1 165 1 86 1 128 1 67 1 131 1 135 1 155 1 75 1 80 1
18 8 13 158 1 156 1 247 1 160 1 85 1 67 1 138 1 145 1 356 1 36 1 392 1 34 5 258 1
19 9 21 79 2 89 2 108 1 133 1 149 1 248 1 47 1 97 1 151 1 161 1 60 1 101 1 70 1 68 1 160 1 69 2 16 1 20 1 350 1 441 1 342 1
21 10 21 429 1 78 1 126 1 82 1 94 2 120 1 134 1 137 1 97 1 289 1 144 1 68 1 140 1 164 1 157 1 86 1 30 1 129 2 130 1 150 1 26 1
24 11 23 70 1 398 1 209 1 68 1 99 1 107 1 141 1 157 1 110 1 71 1 77 1 105 1 115 1 121 1 125 1 397 1 76 1 204 1 284 1 150 2 408 1 2 1 425 1
35 16 27 127 2 89 1 120 1 231 1 232 1 47 1 117 2 234 1 54 1 60 1 144 1 228 1 247 1 115 1 125 1 67 1 238 1 250 1 251 1 356 1 66 1 255 1 394 1 225 1 34 5 10 1 261 1
//IdTournes NbColis
2 6
//IdColis IdCommandeInColis NbProducts IdProd1 QtyProd1 IdProd2 QtyProd2 ...
37 17 14 263 1 264 1 171 1 89 1 248 1 47 1 68 1 8 1 131 1 135 1 253 1 80 1 265 1 34 5
13 6 23 45 1 47 1 79 2 89 2 95 1 106 1 216 1 248 1 241 1 54 1 60 1 101 1 239 1 69 1 86 1 16 2 8 1 236 1 33 1 21 1 131 1 237 1 49 1
27 12 10 154 1 160 1 69 1 61 1 425 1 96 1 162 1 63 1 38 5 37 3
28 13 20 53 1 446 1 174 1 177 1 214 1 216 1 219 1 153 1 97 1 213 1 215 1 60 1 170 1 209 1 189 1 190 1 210 1 435 1 69 1 191 1
29 13 19 69 1 197 1 129 1 212 1 438 1 332 1 442 1 173 1 64 1 291 1 132 1 181 1 443 1 34 5 300 1 261 1 31 1 25 1 440 1
38 18 20 224 1 171 2 89 2 218 1 248 1 194 1 235 1 240 1 213 1 60 1 148 1 192 1 244 1 160 1 227 1 96 1 131 1 223 1 34 5 37 2
//IdTournes NbColis
3 6
//IdColis IdCommandeInColis NbProducts IdProd1 QtyProd1 IdProd2 QtyProd2 ...
40 19 24 264 1 226 1 112 1 119 1 232 1 233 1 218 1 262 1 229 1 244 1 156 1 230 1 76 1 129 1 172 1 59 1 131 1 135 1 243 1 223 1 18 1 34 5 258 1 37 2
3 2 18 41 1 44 1 430 1 42 1 43 1 183 1 196 1 126 1 57 1 19 1 47 1 166 1 167 1 171 1 89 1 95 1 186 1 84 1
42 20 18 41 1 166 1 79 2 218 1 153 1 259 1 47 1 213 1 242 1 60 1 252 1 107 1 131 1 135 1 155 1 66 1 254 1 34 5
43 21 25 264 1 74 1 79 2 283 1 218 1 47 1 282 1 60 1 148 1 71 1 77 1 191 1 313 1 131 1 135 1 36 1 34 5 300 1 302 1 10 1 23 1 308 2 310 1 312 3 301 1
7 3 26 241 1 72 1 187 1 159 1 54 1 170 1 398 2 357 1 285 1 157 1 412 1 30 1 85 1 115 2 61 1 16 1 205 1 4 1 6 1 8 1 2 1 175 1 96 1 20 1 155 1 422 1
23 11 21 407 1 127 1 88 2 133 1 216 1 218 1 410 1 27 1 117 1 136 1 137 1 297 1 114 1 215 1 289 1 334 1 101 1 144 1 406 1 252 1 73 1
//IdTournes NbColis
4 6
//IdColis IdCommandeInColis NbProducts IdProd1 QtyProd1 IdProd2 QtyProd2 ...
45 22 15 250 1 454 1 271 1 103 1 64 1 452 1 374 1 65 1 49 1 268 1 73 1 34 7 32 2 354 1 46 1
46 23 12 55 1 266 1 116 1 286 1 285 1 288 1 131 1 142 1 49 2 73 1 34 5 312 1
47 24 15 56 2 266 1 79 2 177 1 89 2 272 1 143 2 259 1 47 1 117 1 297 1 187 1 289 2 38 5 303 1
49 25 30 314 1 88 1 278 1 269 1 281 1 285 1 141 1 247 1 157 1 191 1 96 2 267 1 275 2 102 1 139 1 87 1 270 1 81 1 1 1 62 1 34 5 305 1 39 1 308 1 311 1 304 1 307 1 31 1 37 3 28 1
9 4 18 35 1 55 1 56 1 183 1 27 2 47 1 79 2 200 1 217 1 149 1 218 1 220 1 187 1 222 1 211 1 158 1 75 1 5 1
30 14 20 445 1 195 1 294 1 79 2 89 2 95 1 106 1 199 1 218 1 248 1 437 1 47 1 198 1 436 1 168 1 206 1 140 1 434 1 6 1 5 2
//IdTournes NbColis
5 6
//IdColis IdCommandeInColis NbProducts IdProd1 QtyProd1 IdProd2 QtyProd2 ...
51 26 26 294 1 273 1 126 1 74 1 276 1 199 1 216 1 47 1 148 1 284 1 287 1 293 1 172 1 111 1 131 1 66 2 299 1 291 1 306 2 185 1 24 1 38 5 37 2 298 1 46 2 309 1
53 27 22 349 1 217 1 218 1 187 1 215 2 159 1 60 1 168 1 315 1 316 1 204 1 138 1 339 1 131 1 135 1 49 1 355 2 34 5 32 1 23 1 308 1 354 1
54 28 27 57 1 79 1 174 1 89 1 95 1 106 1 248 1 47 1 292 1 60 1 317 1 165 1 284 1 212 1 59 1 353 1 75 1 49 1 84 1 48 1 341 1 34 5 308 1 344 1 352 1 298 1 26 1
10 4 18 205 1 221 1 175 1 131 1 135 1 155 1 208 1 80 1 63 1 49 2 169 1 90 1 83 1 18 1 185 1 24 1 38 5 12 1
56 29 25 348 1 322 1 329 1 331 1 347 1 136 1 241 1 326 1 292 1 159 1 334 1 345 1 320 1 318 1 125 1 343 1 102 1 49 1 169 1 34 5 308 2 312 1 340 1 25 1 29 1
4 2 24 106 1 201 1 325 1 149 1 248 1 163 1 415 1 297 1 97 1 334 1 295 1 148 1 189 1 99 1 285 1 211 1 156 1 413 1 77 1 16 1 34 1 3 1 14 1 46 1
//IdTournes NbColis
6 6
//IdColis IdCommandeInColis NbProducts IdProd1 QtyProd1 IdProd2 QtyProd2 ...
58 30 24 127 1 319 1 218 1 219 1 335 1 215 1 228 1 315 1 327 1 158 1 77 1 191 1 61 1 330 1 336 1 172 1 350 1 356 1 131 1 135 1 337 1 265 1 34 5 338 1
11 5 19 55 1 50 1 171 2 174 1 89 2 95 1 325 1 143 1 248 1 289 1 189 1 274 1 324 1 30 1 197 1 61 1 321 1 212 1 22 1
60 31 16 171 1 89 1 248 1 50 1 351 1 192 1 346 1 333 1 162 1 66 1 208 1 65 1 342 1 34 6 298 2 46 1
61 32 18 371 1 294 1 171 2 174 1 89 2 95 1 248 1 234 1 361 1 357 1 324 1 138 1 333 1 102 1 131 1 34 5 369 1 367 1
63 33 20 171 1 88 1 89 1 95 1 106 1 278 1 248 1 47 1 54 1 144 1 358 1 156 1 346 1 61 1 150 1 178 1 365 1 341 1 355 1 34 5
33 15 22 47 2 403 1 187 1 193 1 194 1 202 1 401 1 295 1 148 1 189 1 192 1 157 1 2 1 6 1 423 1 172 1 405 2 343 2 396 1 420 1 178 1 66 1
//IdTournes NbColis
7 6
//IdColis IdCommandeInColis NbProducts IdProd1 QtyProd1 IdProd2 QtyProd2 ...
1 1 16 35 1 40 1 53 1 55 1 52 1 47 1 79 2 89 2 95 1 106 1 248 1 389 1 151 1 54 1 157 1 110 1
6 3 19 183 1 188 1 127 2 47 2 79 2 89 2 95 1 106 1 283 1 399 1 400 1 143 1 329 1 248 2 136 1 54 1 49 1 26 1 29 1
17 8 19 41 1 447 1 79 2 89 2 95 1 106 1 116 1 143 1 153 1 248 1 47 1 123 1 151 1 54 1 60 1 100 1 140 1 141 1 147 1
26 12 19 444 1 449 1 79 2 89 2 95 1 106 1 109 1 248 1 47 1 123 1 136 1 151 1 159 1 60 1 122 1 101 1 148 1 104 1 93 1
32 15 18 430 1 448 1 195 1 203 1 79 2 177 1 88 1 89 2 95 1 106 1 199 1 278 1 402 1 248 1 335 2 395 1 355 1 416 1
64 34 17 79 1 216 1 47 1 140 2 359 1 327 1 160 1 333 1 364 1 131 1 135 1 91 1 374 1 306 1 179 1 34 4 312 1
//IdTournes NbColis
8 6
//IdColis IdCommandeInColis NbProducts IdProd1 QtyProd1 IdProd2 QtyProd2 ...
65 35 14 79 1 89 1 47 1 362 1 150 1 328 1 360 1 370 1 83 1 373 1 34 5 10 1 32 1 368 1
66 36 15 372 1 79 1 47 1 86 1 128 1 366 1 131 1 370 1 374 1 34 7 302 1 32 1 308 1 260 1 37 2
67 37 20 55 1 79 2 89 2 95 1 106 1 248 1 47 1 289 1 54 1 363 1 274 1 315 1 141 1 211 1 156 1 121 1 346 1 271 1 111 2 355 1
69 38 19 448 1 273 1 79 2 89 2 95 1 106 1 120 1 149 1 163 1 248 1 47 1 380 1 334 1 100 1 384 1 128 1 284 1 287 1 49 1
71 39 21 372 1 294 1 79 1 89 2 231 1 390 1 47 1 97 1 187 1 151 1 54 1 60 1 160 1 376 1 64 1 391 1 392 1 394 1 38 5 46 1 303 1
72 40 17 385 1 79 2 89 2 95 1 106 1 153 1 248 1 47 1 289 1 54 1 274 1 138 1 379 1 179 1 34 5 393 1 309 1
//IdTournes NbColis
9 6
//IdColis IdCommandeInColis NbProducts IdProd1 QtyProd1 IdProd2 QtyProd2 ...
73 41 21 79 1 89 1 95 1 106 1 276 1 248 1 47 1 386 1 382 1 321 1 284 1 350 1 243 1 91 1 180 1 64 1 49 1 265 1 34 4 308 1 344 1
70 38 16 287 1 388 1 131 1 383 1 173 1 64 1 66 1 63 1 49 1 38 5 32 1 23 1 354 1 439 1 46 1 29 1
20 9 9 102 1 103 1 111 1 132 1 152 1 81 1 38 5 450 1 303 2
2 1 16 85 1 61 1 175 1 387 1 178 1 64 1 176 1 65 1 375 1 49 1 1 1 62 1 34 5 23 1 7 1 25 1
5 2 20 204 1 138 1 212 1 2 1 17 1 59 1 433 1 207 1 332 1 411 1 414 1 64 1 176 1 58 1 65 1 15 1 48 1 34 3 39 1 11 1
22 10 18 2 1 146 1 17 1 20 1 424 1 427 1 431 1 139 1 142 1 162 1 249 1 84 1 83 1 426 1 355 1 34 5 419 1 417 1
//IdTournes NbColis
10 6
//IdColis IdCommandeInColis NbProducts IdProd1 QtyProd1 IdProd2 QtyProd2 ...
25 11 20 409 1 207 1 404 1 337 2 87 1 91 1 418 1 370 1 421 1 374 1 90 1 84 1 83 1 432 1 92 1 34 5 338 1 304 1 298 1 29 1
34 15 6 84 1 18 1 34 5 23 1 310 1 428 1
44 22 19 55 2 88 1 278 1 280 1 233 1 296 1 292 1 295 1 60 1 104 1 277 1 140 1 288 2 157 1 85 1 279 1 16 2 17 1 298 1
8 3 14 337 1 178 1 66 1 36 1 152 1 49 1 184 1 92 1 24 1 13 1 38 5 37 3 7 1 28 1
31 14 24 362 1 182 1 197 1 115 1 346 1 204 1 431 1 111 1 131 1 135 1 180 1 49 1 18 1 179 1 365 1 24 1 355 1 34 5 10 1 305 1 310 1 451 1 354 1 28 1
68 37 7 91 1 64 1 394 1 34 5 257 1 37 2 453 1
//IdTournes NbColis
11 5
//IdColis IdCommandeInColis NbProducts IdProd1 QtyProd1 IdProd2 QtyProd2 ...
14 6 11 249 1 245 1 246 1 49 2 18 1 181 1 48 1 34 5 31 1 256 1 260 1
74 42 20 55 1 126 1 120 1 381 1 377 1 101 1 190 1 384 1 247 1 191 1 105 1 128 1 378 1 145 1 388 1 376 1 131 1 135 1 337 1 34 5
12 5 13 328 1 102 1 323 1 332 1 22 1 34 5 10 1 32 1 302 1 9 1 51 1 12 1 14 1
48 24 3 290 1 274 1 141 1
36 16 2 257 1 23 1
