//NbTournees
3
//IdTournes NbColis
1 6
//IdColis IdCommandeInColis NbProducts IdProd1 QtyProd1 IdProd2 QtyProd2 ...
1 1 18 92 1 1 1 15 1 24 1 27 1 40 1 45 1 62 1 73 1 76 1 104 2 107 2 19 1 50 1 11 1 25 1 65 1 188 1
6 2 18 22 1 83 2 92 1 99 1 116 1 1 2 7 1 13 1 15 1 27 1 40 1 76 1 78 1 107 1 31 1 36 1 43 1 141 1
12 3 32 81 1 42 1 85 1 131 2 79 2 95 1 119 1 123 2 124 1 125 1 157 1 30 1 47 1 28 1 38 1 146 2 154 1 144 1 151 1 150 1 162 1 135 4 2 1 134 2 137 1 160 1 161 1 163 1 153 1 158 1 141 2 139 4
7 2 18 50 1 114 1 126 1 34 1 49 1 56 1 63 1 69 1 71 1 72 1 91 1 103 2 112 2 4 1 54 1 55 1 3 1 141 2
15 4 18 23 1 57 1 61 2 84 2 88 1 65 1 118 2 121 1 130 1 5 1 29 1 46 1 75 1 81 1 177 2 87 2 85 1 157 1
3 1 22 60 1 61 1 65 1 67 1 77 1 96 1 102 1 105 1 111 1 115 2 180 1 6 1 29 1 75 1 42 1 74 1 85 1 93 1 172 1 129 1 157 1 141 3
//IdTournes NbColis
2 6
//IdColis IdCommandeInColis NbProducts IdProd1 QtyProd1 IdProd2 QtyProd2 ...
2 1 17 34 1 49 2 51 1 52 1 64 1 72 1 109 1 122 2 86 2 169 2 170 1 171 1 173 1 174 1 57 1 8 1 141 1
4 1 35 79 2 95 1 119 1 123 2 124 1 125 1 14 1 189 1 10 1 32 1 28 1 191 1 156 1 146 2 154 2 9 1 148 1 162 1 166 1 190 1 37 1 176 1 178 1 164 5 134 2 137 1 182 1 160 1 163 1 175 1 145 1 153 1 158 1 141 1 139 5
9 2 28 157 1 10 1 17 1 47 1 66 1 82 1 156 1 146 2 154 3 117 1 148 1 41 1 162 1 166 2 20 1 164 5 152 1 140 1 134 2 137 1 160 1 153 1 158 1 167 1 168 1 138 1 141 1 139 5
16 4 25 85 1 120 1 127 1 129 1 131 1 132 1 79 2 95 2 119 1 123 2 124 1 125 1 149 1 187 1 189 1 10 1 12 2 47 1 59 1 35 1 146 2 154 2 162 1 164 1 141 1
11 3 21 165 1 83 1 70 1 48 1 56 1 72 1 103 1 159 1 21 1 58 1 60 1 61 1 65 1 80 1 84 1 96 1 100 1 110 1 118 2 16 1 141 2
14 4 19 106 1 83 1 89 1 116 1 147 1 18 1 101 1 104 1 108 1 128 1 36 1 39 1 49 1 71 1 72 1 98 1 122 1 21 1 57 1
//IdTournes NbColis
3 2
//IdColis IdCommandeInColis NbProducts IdProd1 QtyProd1 IdProd2 QtyProd2 ...
8 2 25 26 1 33 1 57 1 65 1 68 1 97 1 113 1 121 1 155 1 46 1 94 1 74 1 90 1 142 1 79 2 95 1 119 1 123 2 124 1 125 1 44 1 143 1 149 1 157 1 141 1
17 4 24 53 1 117 1 166 2 179 1 181 2 164 4 184 1 185 1 134 2 137 1 160 2 163 1 145 2 153 1 183 1 158 2 168 2 186 1 188 1 138 1 136 1 141 4 139 5 133 1
