//NbTournees
15
//IdTournes NbColis
1 6
//IdColis IdCommandeInColis NbProducts IdProd1 QtyProd1 IdProd2 QtyProd2 ...
2 1 26 197 1 1 1 13 2 19 1 110 1 49 1 55 1 467 1 252 1 280 1 259 1 198 1 16 1 23 1 25 1 331 1 430 1 126 1 22 1 29 1 183 1 293 1 24 1 139 1 152 1 109 1
6 2 23 136 1 1 1 13 2 31 1 33 1 43 1 49 1 55 1 499 1 588 1 467 1 590 1 138 1 178 1 189 1 280 1 124 1 151 1 198 1 157 1 195 1 605 1 231 1
10 3 32 202 1 166 1 1 1 18 1 167 1 173 2 198 1 213 1 185 1 237 1 3 1 163 1 36 1 51 1 149 1 203 1 227 1 233 1 56 1 175 1 45 1 222 1 234 1 204 2 214 1 225 1 220 1 238 1 209 1 239 2 240 1 230 2
12 4 15 8 1 35 1 107 1 28 1 318 1 567 1 254 1 313 1 1 1 13 1 18 1 19 1 33 1 40 1 30 1
15 5 15 27 1 35 1 38 1 311 1 12 1 318 1 313 1 332 1 304 1 276 1 2 1 13 1 33 1 39 1 32 1
82 23 18 370 1 367 1 365 2 310 1 254 1 313 1 476 1 276 1 66 1 1 1 13 2 33 1 49 1 55 1 467 1 357 1 151 2 323 1
//IdTournes NbColis
2 6
//IdColis IdCommandeInColis NbProducts IdProd1 QtyProd1 IdProd2 QtyProd2 ...
87 25 16 35 1 463 1 174 1 456 1 358 1 313 1 364 1 322 2 44 1 154 1 276 1 1 1 440 1 445 1 452 1 457 1
93 28 15 470 1 313 1 1 1 451 1 424 1 163 1 309 1 479 1 188 1 441 1 218 1 220 1 238 1 336 1 239 1
94 29 17 97 1 464 1 202 1 470 1 313 1 364 1 1 2 443 1 450 1 81 1 140 1 280 1 148 1 198 2 160 1 438 1 403 1
96 30 21 83 1 53 1 365 2 244 1 254 1 154 1 197 1 439 1 1 1 444 1 539 1 167 1 248 1 163 1 446 1 309 1 177 1 203 1 522 1 354 1 299 1
22 6 29 467 1 377 1 133 1 141 1 148 1 184 1 143 1 160 1 126 2 130 2 511 1 438 1 507 1 183 2 329 1 46 1 128 1 139 1 168 1 131 1 177 1 4 1 17 1 394 1 158 1 169 1 187 1 381 1 6 1
29 7 38 139 2 267 1 330 1 599 1 351 2 428 1 622 1 58 1 70 1 75 1 131 1 177 1 411 1 294 1 479 1 4 1 95 1 375 1 522 1 169 1 319 1 188 1 376 1 379 1 269 1 352 1 235 1 175 1 108 1 241 1 406 1 45 1 580 1 9 1 415 1 340 1 57 1 238 1
//IdTournes NbColis
3 6
//IdColis IdCommandeInColis NbProducts IdProd1 QtyProd1 IdProd2 QtyProd2 ...
95 29 16 3 1 128 1 144 1 152 1 599 1 36 1 135 1 405 1 623 2 170 1 478 1 395 1 459 1 220 1 238 1 617 1
34 8 27 157 1 398 1 272 1 306 1 271 1 130 1 548 1 307 1 401 1 403 1 408 1 305 1 312 1 183 1 564 1 293 1 142 1 327 2 242 2 139 3 152 1 168 2 316 1 58 2 62 1 63 1 131 1
35 8 33 75 1 177 1 411 2 479 1 497 1 553 1 468 1 522 2 354 1 71 1 542 2 543 1 545 1 555 2 556 1 561 1 169 1 187 1 560 1 30 1 175 2 200 1 281 1 601 1 333 1 628 2 74 1 557 2 234 1 580 2 206 2 421 1 57 1
69 18 37 133 1 253 1 198 1 272 2 277 1 373 1 185 1 147 1 183 1 442 1 128 1 164 1 260 1 462 1 265 1 169 1 188 1 179 1 269 2 447 1 478 1 181 1 200 1 241 1 473 1 206 1 57 1 6 1 69 1 82 1 454 1 286 1 208 1 419 1 384 2 220 1 137 1
80 22 33 363 1 277 1 334 1 147 1 372 1 139 1 168 1 374 1 58 1 62 1 265 1 294 1 497 1 355 1 169 1 187 1 376 1 495 1 393 1 395 1 56 1 108 1 222 1 492 1 378 2 220 1 238 1 137 1 383 1 389 1 350 1 230 1 520 1
7 2 39 185 1 54 1 297 1 183 1 5 1 46 1 50 1 144 1 152 1 168 1 592 1 426 1 131 1 135 1 177 1 203 1 385 1 169 1 179 1 180 2 477 1 235 2 181 1 200 1 578 1 591 1 9 1 204 1 214 1 289 1 378 1 298 1 220 2 344 1 517 1 137 1 336 1 290 1 230 1
//IdTournes NbColis
4 6
//IdColis IdCommandeInColis NbProducts IdProd1 QtyProd1 IdProd2 QtyProd2 ...
39 9 24 278 1 44 1 162 1 279 1 161 1 66 1 55 1 111 1 546 1 49 1 120 1 467 1 568 1 151 1 167 2 271 1 297 1 183 1 5 1 72 1 128 1 257 1 168 2 30 1
79 22 16 113 1 37 1 386 1 191 2 371 1 313 1 332 1 439 1 487 1 33 1 40 1 55 1 499 2 303 1 366 1 167 1
89 26 19 67 1 35 1 313 1 480 1 485 1 19 1 76 1 33 1 40 1 182 1 153 1 399 1 407 1 133 1 23 1 25 1 231 1 22 1 220 1
26 7 7 583 1 113 2 37 2 48 1 28 1 274 1 59 1
36 8 27 214 1 552 1 612 1 221 1 287 1 6 1 79 4 85 1 549 1 558 2 286 2 295 1 418 1 613 2 540 1 422 1 423 1 514 1 569 1 345 1 353 1 344 1 517 1 621 1 238 1 288 1 290 1
76 21 21 10 1 313 1 59 1 443 2 13 1 49 1 117 1 55 1 500 1 465 1 467 1 303 1 140 1 148 1 151 1 160 1 272 1 195 2 360 1 185 1 483 1
//IdTournes NbColis
5 6
//IdColis IdCommandeInColis NbProducts IdProd1 QtyProd1 IdProd2 QtyProd2 ...
9 3 10 14 1 7 2 47 1 48 1 53 1 123 1 150 1 196 1 202 1 44 1
20 6 6 94 3 7 1 96 1 35 1 113 1 126 1
25 7 5 60 2 67 1 582 1 86 1 143 1
41 10 7 60 1 8 2 88 1 129 1 342 1 347 1 335 1
44 11 7 60 1 34 1 83 1 587 1 10 1 386 1 254 1
48 12 8 83 2 35 1 104 1 10 1 37 1 174 1 273 1 61 1
//IdTournes NbColis
6 6
//IdColis IdCommandeInColis NbProducts IdProd1 QtyProd1 IdProd2 QtyProd2 ...
98 31 23 509 1 498 1 162 1 313 1 481 1 18 1 140 1 270 1 411 1 227 1 169 1 513 1 381 1 393 1 235 1 207 1 291 1 515 1 52 1 432 1 212 1 343 1 336 1
50 12 32 25 1 126 1 22 1 438 1 242 1 248 2 139 1 168 1 544 1 563 1 64 1 265 1 270 1 187 1 159 1 269 3 80 1 433 1 109 1 245 1 102 1 576 1 570 1 574 1 577 1 569 1 572 1 353 1 220 1 238 1 350 1 230 1
54 13 36 176 1 194 1 430 1 627 1 297 1 237 1 183 1 139 1 428 1 620 1 64 1 99 1 131 1 177 1 375 2 385 1 431 1 522 1 624 1 169 1 159 1 269 1 393 1 235 1 417 1 578 2 433 1 434 2 228 1 425 1 109 1 415 1 215 1 106 1 410 1 286 1
73 20 20 35 1 315 1 174 1 317 1 318 1 302 1 310 1 313 1 199 1 496 1 482 1 13 1 508 1 300 1 133 1 167 1 512 1 195 1 486 1 239 1
56 14 9 27 2 97 1 371 1 256 1 322 2 276 1 92 1 13 1 19 1
71 19 25 249 1 244 1 197 2 92 1 13 1 77 1 105 1 467 1 178 1 148 1 173 1 176 2 231 1 268 1 507 1 183 1 489 1 490 1 98 1 506 1 293 1 142 1 139 1 152 1 287 1
//IdTournes NbColis
7 6
//IdColis IdCommandeInColis NbProducts IdProd1 QtyProd1 IdProd2 QtyProd2 ...
42 10 36 313 1 154 1 89 1 167 1 231 1 341 1 46 1 139 1 351 1 265 1 337 1 354 1 355 1 319 1 285 1 356 1 65 1 352 1 235 1 333 1 339 1 340 1 321 1 69 1 82 1 348 1 349 1 338 1 345 1 353 1 343 1 344 2 336 1 292 2 346 1 350 1
21 6 15 10 1 37 1 103 1 78 1 165 1 112 1 123 1 171 1 156 1 186 1 13 1 81 1 49 1 117 1 55 1
32 8 10 83 1 35 1 10 1 78 1 84 2 456 1 150 2 365 1 129 2 90 1
52 13 14 116 1 10 1 37 1 150 1 282 1 249 2 258 1 166 1 347 1 11 1 44 1 162 1 256 1 13 1
64 17 13 35 1 10 1 37 1 464 1 196 1 273 1 166 1 162 2 400 2 364 1 404 1 197 2 218 1
5 2 13 34 1 37 1 48 1 28 1 171 1 129 1 132 1 11 1 162 2 400 1 364 1 279 1 161 1
//IdTournes NbColis
8 6
//IdColis IdCommandeInColis NbProducts IdProd1 QtyProd1 IdProd2 QtyProd2 ...
19 6 5 34 1 20 2 21 2 93 1 11 1
33 8 19 302 1 255 1 371 1 347 1 11 1 254 1 562 1 326 3 13 1 81 1 110 1 49 1 55 1 120 1 535 1 140 1 192 1 176 2 301 1
91 27 12 527 3 322 1 11 1 44 1 162 1 13 1 49 1 55 1 467 1 535 1 377 1 354 1
28 7 23 197 1 13 2 73 1 76 1 33 1 49 1 55 1 554 1 178 1 377 1 118 1 323 1 198 3 167 1 176 1 277 1 331 1 308 1 627 1 403 1 183 1 98 1 378 1
45 11 21 171 1 273 1 282 1 258 1 266 1 162 1 279 1 276 1 197 1 13 1 76 1 49 1 55 1 262 1 182 1 377 1 140 2 275 1 167 1 272 1 90 1
61 16 14 527 1 86 1 47 1 134 1 174 2 123 1 172 1 191 1 199 1 154 1 533 1 13 1 33 1 340 1
//IdTournes NbColis
9 6
//IdColis IdCommandeInColis NbProducts IdProd1 QtyProd1 IdProd2 QtyProd2 ...
65 17 21 402 1 13 1 33 1 49 2 55 1 529 1 530 1 467 1 140 1 153 1 189 1 133 2 145 1 151 2 167 1 173 1 424 1 23 1 25 1 126 2 531 1
99 32 11 150 1 537 1 13 1 114 1 262 1 189 1 479 1 538 1 418 1 436 1 288 1
38 9 9 83 2 86 2 68 1 53 1 150 1 273 1 261 1 191 1 522 1
83 23 32 160 1 373 1 331 1 475 1 183 1 139 2 426 1 177 1 368 1 468 1 375 2 354 2 169 1 376 1 269 2 56 1 477 1 395 1 333 1 437 1 234 1 474 1 69 1 115 1 298 2 460 1 211 1 423 1 353 2 472 1 343 1 292 1
16 5 27 41 1 49 1 55 1 585 1 586 1 589 1 467 1 178 1 189 1 280 1 148 1 151 1 23 1 25 1 272 1 331 1 231 1 314 1 185 1 22 1 334 1 531 1 29 1 183 1 42 1 24 1 15 1
77 21 37 183 1 248 1 168 1 351 2 428 1 70 2 446 1 494 1 51 1 131 1 177 1 385 2 394 1 522 1 169 1 362 1 188 1 379 1 393 1 352 1 175 1 382 1 206 2 369 1 459 1 218 2 298 1 384 1 392 1 518 1 220 2 344 1 238 1 205 1 290 1 292 1 239 1
//IdTournes NbColis
10 6
//IdColis IdCommandeInColis NbProducts IdProd1 QtyProd1 IdProd2 QtyProd2 ...
74 20 31 185 1 320 2 328 1 511 1 329 1 50 1 327 1 144 1 260 1 316 2 426 1 99 1 493 1 51 1 309 1 319 1 188 1 478 1 484 1 109 1 504 1 519 1 291 1 515 1 298 2 119 1 514 1 212 1 388 1 518 1 520 1
86 24 19 280 1 160 1 139 1 523 1 99 1 462 1 169 1 390 1 26 1 459 1 52 1 224 1 380 2 345 1 460 1 528 1 220 1 238 1 230 1
49 12 21 282 1 172 1 129 1 132 1 166 1 191 1 567 1 364 1 332 1 276 2 77 1 40 1 55 1 550 1 554 1 465 1 140 1 151 1 173 1 23 1 74 1
53 13 19 322 1 276 2 326 3 18 1 101 1 110 1 111 1 114 1 49 1 55 1 120 1 262 1 182 1 303 1 140 2 324 1 189 1 176 1 438 1
88 25 26 458 1 465 1 167 1 23 1 25 1 22 1 54 1 29 1 453 1 455 1 163 1 309 1 448 1 319 1 359 1 469 1 393 1 382 1 391 1 286 1 211 1 388 1 345 1 220 1 238 1 239 1
13 4 37 55 1 530 1 324 1 399 1 198 2 23 1 25 1 22 1 201 1 29 1 24 1 242 1 462 1 468 1 597 1 385 1 169 1 285 1 381 1 241 1 406 1 223 1 584 1 340 1 52 1 378 1 224 1 577 1 208 1 211 1 514 1 338 1 384 2 518 1 596 1 220 1 343 1
//IdTournes NbColis
11 6
//IdColis IdCommandeInColis NbProducts IdProd1 QtyProd1 IdProd2 QtyProd2 ...
66 17 37 193 1 22 1 147 1 155 1 396 1 397 1 183 2 293 1 142 1 128 2 152 1 164 1 168 2 267 1 426 1 127 1 131 1 177 1 169 1 362 1 414 1 356 2 228 1 409 1 415 1 412 1 378 1 298 1 224 1 435 2 540 1 208 1 419 1 388 1 119 1 343 1 239 1
100 33 8 249 3 536 1 173 3 198 3 194 1 524 1 375 1 541 2
17 5 24 139 1 168 1 330 1 426 1 351 2 131 1 264 1 177 1 270 2 497 1 169 1 600 1 395 1 601 1 26 1 299 1 221 1 291 1 418 1 298 1 436 1 435 2 220 1 288 1
97 30 22 169 1 179 1 200 1 449 1 433 1 215 1 287 1 410 1 603 1 608 1 380 1 577 1 435 1 611 1 388 1 596 1 220 3 517 1 238 1 614 3 615 1 239 2
101 34 20 274 1 129 1 132 1 325 1 254 1 537 1 547 1 167 1 143 1 272 1 581 1 566 1 46 1 559 1 144 1 449 1 232 1 222 2 571 1 205 1
1 1 10 27 1 35 1 37 1 38 2 282 2 249 1 256 1 186 1 197 2 515 1
//IdTournes NbColis
12 6
//IdColis IdCommandeInColis NbProducts IdProd1 QtyProd1 IdProd2 QtyProd2 ...
68 18 13 27 1 47 1 274 1 196 1 471 1 282 1 249 2 255 1 197 3 461 1 377 1 247 1 466 1
90 26 25 403 1 29 1 305 1 142 1 168 1 128 1 139 1 510 1 420 1 411 1 501 1 427 1 355 1 503 1 356 2 376 1 379 1 108 1 416 1 219 1 224 1 344 1 238 1 389 1 239 1
40 9 23 131 1 251 1 177 1 294 1 169 1 285 1 30 1 181 1 281 1 578 1 234 1 580 1 551 1 214 1 504 1 106 1 459 1 286 2 289 1 283 1 579 1 353 1 230 1
57 14 31 33 1 49 1 55 1 357 1 377 1 280 1 167 1 198 1 272 1 373 1 361 1 297 1 183 1 122 1 248 1 168 1 51 1 131 1 177 1 203 1 294 1 169 1 362 1 187 1 190 1 381 1 170 1 30 1 387 1 339 1 283 1
85 24 13 526 1 86 1 113 1 48 1 38 1 386 1 313 1 186 1 31 1 40 1 55 1 357 1 203 1
59 15 21 104 1 107 1 146 1 197 1 33 1 40 1 105 1 55 1 121 1 182 1 198 1 194 1 143 1 231 1 126 2 216 2 201 1 226 1 169 1 188 1 217 1
//IdTournes NbColis
13 6
//IdColis IdCommandeInColis NbProducts IdProd1 QtyProd1 IdProd2 QtyProd2 ...
72 19 35 163 1 168 1 426 2 351 1 502 1 36 1 131 1 177 1 203 1 521 1 181 1 241 1 243 1 219 1 299 1 234 1 204 1 291 1 488 1 491 1 454 1 505 1 295 1 225 1 296 1 298 2 353 1 220 1 517 1 516 2 205 2 288 1 290 1 292 1 346 1
62 16 25 110 2 49 1 55 1 532 1 500 2 539 1 192 1 167 3 176 1 210 1 195 1 183 1 98 1 139 1 168 1 131 1 177 1 534 1 169 1 190 1 159 1 170 1 525 1 298 1 208 1
102 35 17 526 1 318 1 166 1 162 2 537 1 138 1 424 1 160 1 231 1 351 1 494 1 51 1 270 1 169 1 491 1 229 1 292 1
23 6 21 159 1 235 1 175 1 333 1 339 2 610 1 102 1 115 1 289 1 100 1 378 1 298 1 380 1 540 2 593 1 338 1 618 1 345 2 344 2 516 1 230 1
103 36 23 526 1 565 1 258 1 261 1 537 1 402 1 280 1 323 1 314 1 374 1 426 1 573 1 241 1 387 1 575 1 580 1 418 1 298 1 224 1 436 1 528 1 384 1 209 1
46 11 29 284 1 438 1 183 1 293 1 128 1 374 1 426 1 131 1 177 1 91 1 355 1 169 1 56 1 393 1 87 1 412 1 286 1 595 1 435 2 338 1 419 1 388 1 220 2 606 1 604 1 238 2 137 1 335 1 292 1
//IdTournes NbColis
14 6
//IdColis IdCommandeInColis NbProducts IdProd1 QtyProd1 IdProd2 QtyProd2 ...
3 1 39 152 1 168 2 267 1 426 1 250 1 131 1 264 1 177 1 411 1 468 1 246 1 263 1 169 1 170 1 376 1 269 1 601 1 578 2 222 1 221 1 287 1 295 1 603 1 52 1 298 2 436 1 593 1 594 1 283 1 514 1 212 1 388 1 392 1 343 1 607 1 336 1 389 1 230 1 520 1
30 7 34 340 1 421 1 413 1 598 1 616 1 626 1 286 1 289 1 625 1 298 1 432 1 577 1 429 1 435 2 119 1 212 1 338 1 572 1 609 1 392 1 345 1 353 1 343 1 344 1 606 1 604 1 630 1 389 1 336 2 383 1 290 2 292 3 350 2 520 1
60 15 25 159 1 170 1 235 1 175 1 200 1 125 1 232 1 228 1 207 1 219 1 223 1 206 1 215 1 236 1 221 1 225 1 218 1 224 1 229 2 211 1 212 1 220 1 238 1 205 1 239 1
27 7 12 602 1 629 1 150 2 282 2 129 1 325 1 371 1 254 2 322 2 199 1 619 1 197 4
92 27 19 403 1 183 1 426 1 351 1 428 1 248 1 139 1 177 1 131 1 169 1 405 1 390 1 207 1 437 1 340 1 298 1 429 1 388 2 422 1
55 13 17 286 2 295 1 218 2 418 1 298 2 432 1 436 1 380 1 435 2 388 1 353 2 220 1 516 1 238 2 621 1 389 1 230 3
//IdTournes NbColis
15 2
//IdColis IdCommandeInColis NbProducts IdProd1 QtyProd1 IdProd2 QtyProd2 ...
14 4 1 230 1
67 17 2 230 1 520 1
