//NbTournees
4
//IdTournes NbColis
1 6
//IdColis IdCommandeInColis NbProducts IdProd1 QtyProd1 IdProd2 QtyProd2 ...
3 1 35 107 1 34 1 63 1 193 1 198 1 211 1 1 1 43 1 58 1 177 1 235 1 75 2 104 1 129 1 67 1 82 2 139 1 255 3 144 2 204 1 69 1 143 1 147 2 111 1 232 1 210 1 15 1 44 1 197 2 234 1 81 3 219 1 240 1 220 1 85 1
8 2 32 11 1 167 1 174 1 179 1 192 1 97 1 262 1 125 1 1 1 163 1 48 2 196 1 126 2 261 2 239 1 75 3 117 1 129 1 242 2 68 1 131 1 257 1 78 3 102 2 232 1 165 1 210 1 241 1 197 1 95 1 28 2 79 1
7 2 23 123 1 74 1 13 1 171 1 243 1 185 1 38 1 91 1 35 1 215 1 218 1 7 2 8 1 12 1 16 1 36 2 40 2 169 1 191 2 258 2 2 1 11 1 144 1
12 3 17 65 1 242 2 69 1 3 1 27 1 160 1 78 3 223 1 240 1 45 2 79 3 80 2 98 1 83 1 76 2 231 2 116 1
13 4 18 50 1 55 1 29 1 41 1 154 2 185 1 222 1 38 1 246 1 178 1 166 1 200 1 201 1 4 1 7 2 12 1 36 1 184 1
19 5 20 209 1 32 1 7 2 12 1 36 3 40 2 62 1 64 3 199 1 230 1 118 2 5 1 11 2 34 2 177 1 137 1 21 2 84 2 100 1 117 3
//IdTournes NbColis
2 6
//IdColis IdCommandeInColis NbProducts IdProd1 QtyProd1 IdProd2 QtyProd2 ...
2 1 24 217 1 51 1 56 2 20 1 33 1 38 1 31 1 207 1 35 1 180 1 205 1 214 1 7 1 12 1 36 2 40 1 64 1 206 1 71 1 88 1 119 2 158 2 161 1 233 2
11 3 26 33 1 42 1 180 1 166 1 134 1 7 2 12 1 16 1 23 1 36 2 40 2 188 1 64 1 191 1 71 1 37 1 10 1 11 2 167 1 187 1 192 2 225 2 189 1 39 2 135 1 142 1
20 5 23 117 1 127 3 155 1 105 2 129 1 144 2 242 1 238 1 143 2 202 1 147 3 81 5 240 2 6 1 45 1 59 1 85 2 86 2 249 6 103 4 77 3 113 3 96 1
4 1 33 220 1 186 1 221 1 86 1 149 3 237 1 77 2 103 2 9 1 113 3 114 3 157 2 66 1 92 2 136 1 140 1 228 3 128 1 150 1 96 2 98 2 87 1 106 1 124 1 109 2 121 1 151 1 130 1 93 1 110 1 112 2 115 1 156 1
15 4 33 208 1 250 2 216 1 253 1 143 1 194 1 147 2 44 1 197 2 81 3 170 2 224 1 190 1 85 1 86 1 249 2 149 1 77 2 103 2 9 2 24 3 113 3 114 3 157 1 228 3 92 3 150 1 96 2 98 2 251 1 256 2 248 1 115 1
14 4 26 36 1 40 2 191 2 213 1 226 1 227 1 11 2 174 2 175 1 183 1 187 1 192 2 254 2 252 1 17 1 47 1 48 2 162 1 176 1 182 2 189 1 203 1 239 1 245 1 135 2 244 1
//IdTournes NbColis
3 6
//IdColis IdCommandeInColis NbProducts IdProd1 QtyProd1 IdProd2 QtyProd2 ...
10 3 13 46 1 164 1 168 1 133 1 53 2 132 1 19 2 172 1 195 1 159 1 22 1 33 1 14 1
18 5 12 29 2 49 3 60 1 148 1 57 1 141 2 123 1 154 2 229 1 18 1 38 1 61 1
17 5 7 173 1 50 1 236 1 25 2 54 1 26 1 148 1
6 2 8 52 1 30 1 164 1 236 1 54 1 53 2 120 3 101 1
1 1 12 46 1 54 1 49 1 60 1 153 1 148 2 152 1 132 1 138 3 70 1 212 2 181 1
21 5 15 113 2 114 5 145 1 157 3 92 6 146 2 228 4 128 2 96 3 98 4 89 3 76 4 247 6 151 4 108 4
//IdTournes NbColis
4 1
//IdColis IdCommandeInColis NbProducts IdProd1 QtyProd1 IdProd2 QtyProd2 ...
9 2 13 79 2 263 2 260 1 73 2 140 1 90 2 259 1 80 2 94 1 122 1 72 1 99 1 121 1
