//NbTournees
48
//IdTournes NbColis
1 6
//IdColis IdCommandeInColis NbProducts IdProd1 QtyProd1 IdProd2 QtyProd2 ...
114 22 13 59 1 433 1 133 1 368 2 188 2 197 1 159 1 377 1 385 1 166 1 275 1 363 1 332 1
155 30 10 2 1 433 1 4 1 449 1 68 1 346 2 338 1 421 2 408 3 78 1
187 39 13 435 1 433 1 436 1 434 1 407 1 158 1 75 1 241 1 255 1 94 2 117 1 372 1 250 1
68 13 14 457 1 459 1 38 1 157 1 280 1 340 1 343 1 330 1 368 1 354 1 168 1 159 1 163 1 71 1
1 1 7 2 1 3 3 4 2 109 1 368 3 354 1 12 1
325 76 17 460 1 3 1 30 1 75 1 150 1 94 2 81 1 309 1 265 1 76 1 256 1 71 1 20 1 23 1 24 1 461 1 440 1
//IdTournes NbColis
2 6
//IdColis IdCommandeInColis NbProducts IdProd1 QtyProd1 IdProd2 QtyProd2 ...
103 20 15 465 1 30 1 260 1 208 1 87 1 346 1 368 1 178 1 354 1 197 1 159 1 327 1 377 1 385 1 213 1
242 54 12 465 1 38 1 224 1 157 1 343 1 87 1 68 1 346 1 368 3 163 1 159 1 315 1
7 2 10 2 1 21 1 16 1 4 1 419 1 141 2 323 1 87 1 68 2 74 1
56 11 13 59 1 471 1 434 1 30 1 328 1 112 1 141 1 157 1 360 1 343 1 323 1 208 1 146 1
138 27 13 59 1 471 1 30 1 133 1 407 1 158 1 182 1 330 1 368 1 163 2 307 1 168 1 390 1
152 29 14 2 1 4 1 158 1 75 1 130 2 348 1 166 1 227 1 187 1 94 2 81 1 76 1 154 1 230 1
//IdTournes NbColis
3 6
//IdColis IdCommandeInColis NbProducts IdProd1 QtyProd1 IdProd2 QtyProd2 ...
160 31 14 2 1 56 1 4 1 495 1 158 1 75 1 94 2 232 3 111 1 69 1 71 1 256 1 98 1 83 1
231 51 14 484 1 30 1 4 1 157 1 360 1 368 1 354 1 197 1 163 1 134 1 348 1 315 1 159 1 312 1
247 55 12 435 1 63 1 471 1 434 1 224 1 157 1 343 1 368 1 470 1 354 1 163 1 215 1
286 65 16 435 1 471 1 434 1 407 1 158 1 159 1 255 1 241 1 117 1 250 1 257 1 235 1 152 1 426 1 242 1 192 1
271 61 15 497 1 30 1 354 1 75 1 276 1 355 1 138 1 94 1 81 1 265 1 76 2 209 1 183 1 69 1 325 2
16 3 11 33 1 30 1 68 1 346 1 188 2 75 1 338 2 306 2 421 1 408 2 80 1
//IdTournes NbColis
4 6
//IdColis IdCommandeInColis NbProducts IdProd1 QtyProd1 IdProd2 QtyProd2 ...
63 12 14 33 1 38 1 157 1 360 1 158 1 68 1 346 1 368 1 354 1 159 1 163 1 348 1 377 1 162 1
72 14 12 33 1 30 1 157 1 360 1 368 1 178 1 354 1 159 1 348 1 163 1 385 3 342 1
91 18 9 33 1 503 1 30 1 260 1 208 1 68 2 346 2 368 3 94 1
206 45 12 500 1 33 1 38 1 157 1 224 1 343 1 368 1 159 1 163 1 103 1 315 1 355 1
12 2 26 29 2 487 1 26 1 73 2 82 4 206 1 324 2 234 1 228 1 404 1 22 1 237 1 244 1 418 1 247 1 15 1 290 1 27 1 136 1 193 1 83 1 353 1 311 2 292 1 431 1 79 1
25 4 25 329 1 243 1 40 1 13 3 98 1 397 1 20 1 23 1 24 2 29 2 43 1 73 1 82 2 324 1 121 1 251 1 169 1 404 1 424 1 1 1 42 2 22 1 44 1 46 1 106 1
//IdTournes NbColis
5 6
//IdColis IdCommandeInColis NbProducts IdProd1 QtyProd1 IdProd2 QtyProd2 ...
107 20 34 463 1 143 1 199 1 22 2 464 1 10 1 44 1 237 1 370 1 244 1 125 1 283 1 213 1 161 1 83 1 402 1 93 1 105 1 211 1 392 1 379 1 196 1 210 1 160 1 291 1 451 1 467 1 447 2 383 1 148 1 35 1 466 1 389 1 356 1
116 22 23 243 1 263 2 246 1 320 1 149 1 212 1 198 1 20 1 23 2 24 2 29 2 82 3 73 1 143 1 199 1 411 1 404 1 456 3 452 1 453 1 455 1 22 1 233 1
140 27 21 71 1 256 1 181 1 334 1 98 2 5 1 438 1 20 1 23 1 24 2 29 2 482 1 483 1 82 2 73 1 324 1 481 1 169 5 424 1 319 3 356 1
294 67 29 257 1 426 1 192 1 242 1 243 1 246 2 252 1 439 1 20 1 483 1 24 1 440 1 441 1 206 1 324 1 376 1 50 1 199 1 251 1 42 1 508 1 510 1 247 1 132 1 259 1 153 2 80 1 248 1 77 1
332 78 21 59 1 307 1 75 1 94 1 81 1 265 1 76 1 69 1 256 1 71 1 397 1 5 1 483 1 20 1 23 1 24 2 29 2 206 2 428 1 324 1 169 1
76 15 14 512 1 513 1 30 1 157 1 360 1 343 1 323 1 182 1 368 1 354 1 159 1 163 1 377 1 318 1
//IdTournes NbColis
6 6
//IdColis IdCommandeInColis NbProducts IdProd1 QtyProd1 IdProd2 QtyProd2 ...
282 63 16 91 1 177 1 205 1 291 5 233 1 106 1 102 1 97 1 127 1 78 1 313 1 358 1 383 1 245 1 517 1 356 1
330 77 23 80 1 248 1 93 1 105 1 79 1 365 1 261 1 90 1 288 1 310 2 91 1 177 1 413 2 205 1 291 1 100 1 102 1 106 1 415 1 97 1 454 2 517 1 391 1
131 25 25 94 1 318 1 131 1 124 1 209 1 173 1 155 2 70 1 162 1 325 1 314 1 71 1 256 1 521 1 181 1 140 1 520 1 439 1 20 1 24 1 440 1 29 2 522 1 206 1 313 1
315 73 25 94 1 318 1 390 1 70 1 173 1 314 1 71 1 256 1 181 1 140 1 98 1 20 1 23 1 24 1 29 1 522 1 206 2 73 1 324 1 143 1 373 3 319 2 479 1 523 1 356 1
5 1 25 402 3 357 2 80 1 79 1 93 2 90 1 288 1 129 2 91 1 177 1 281 1 205 1 291 5 322 1 106 1 100 2 102 1 233 2 415 1 97 1 8 1 123 1 358 1 245 2 9 2
233 51 33 24 1 440 1 29 2 487 1 206 1 324 1 486 1 428 1 143 1 174 1 125 1 283 2 204 1 272 2 144 1 367 1 161 1 311 1 362 1 248 1 308 1 165 1 160 1 175 1 258 1 100 1 8 1 164 1 313 1 369 1 389 1 356 1 391 1
//IdTournes NbColis
7 6
//IdColis IdCommandeInColis NbProducts IdProd1 QtyProd1 IdProd2 QtyProd2 ...
269 60 28 437 1 463 1 319 2 373 2 453 1 7 1 528 1 101 2 171 1 244 1 317 1 125 1 83 1 292 1 86 2 362 2 402 2 88 1 288 1 291 3 129 1 100 1 240 1 258 1 530 1 369 1 389 1 356 1
2 1 7 75 5 327 3 385 1 166 3 150 1 241 3 11 1
44 8 18 541 1 30 1 103 1 94 1 81 1 265 1 76 1 69 1 71 1 256 1 98 1 20 1 23 1 24 2 29 2 73 1 324 1 11 3
53 10 30 29 2 73 2 206 1 82 1 324 1 11 1 143 1 319 1 321 1 456 1 201 1 101 1 317 1 72 1 543 1 99 1 136 1 144 1 86 1 272 1 96 2 311 1 402 2 248 1 80 1 105 1 79 1 308 1 341 1 261 1
149 28 29 82 2 324 2 469 1 437 1 11 2 534 1 143 1 199 1 228 1 169 1 337 1 14 1 66 1 101 1 244 1 418 1 478 2 104 2 290 1 136 1 96 1 161 1 292 1 431 1 189 1 77 1 261 1 288 1 106 1
153 29 26 173 1 71 1 256 1 397 2 5 1 20 1 23 1 24 1 29 1 491 1 73 1 324 1 11 1 82 3 404 1 321 2 1 2 317 2 101 1 220 1 96 1 357 1 83 1 80 1 77 1 189 1
//IdTournes NbColis
8 6
//IdColis IdCommandeInColis NbProducts IdProd1 QtyProd1 IdProd2 QtyProd2 ...
157 30 20 256 1 181 1 397 2 5 1 20 1 23 2 24 2 29 2 73 1 82 3 324 1 11 1 448 2 319 4 231 1 171 1 101 3 86 1 96 1 356 1
277 62 25 53 2 293 1 397 1 20 1 23 1 24 2 29 2 206 2 324 1 11 1 169 3 60 1 6 2 42 1 44 1 1 1 101 1 317 1 104 1 86 1 96 1 193 1 83 1 272 1 402 1
320 74 27 29 1 206 2 428 1 324 1 540 1 11 1 143 1 373 3 319 2 464 1 370 1 304 3 161 1 248 1 312 1 375 1 392 1 379 1 165 1 210 1 160 1 258 1 100 1 313 1 371 1 488 1 391 1
42 7 35 534 1 545 1 319 1 321 2 317 1 101 1 72 1 396 1 83 1 86 1 362 1 292 1 357 1 80 1 77 1 79 1 85 2 88 1 93 1 365 1 90 1 84 1 91 1 205 1 291 1 102 1 78 1 89 1 92 1 245 1 399 1 380 1 547 1 389 1 356 1
195 41 29 94 1 74 1 372 1 257 1 426 1 71 1 256 1 114 1 263 1 243 1 246 1 412 1 20 1 23 1 24 1 29 1 206 1 545 1 428 1 324 1 169 1 199 1 244 1 247 1 272 1 132 1 96 1 292 1 248 1
308 71 23 376 1 545 1 143 1 370 1 317 1 125 1 161 1 144 1 362 1 248 1 312 1 210 1 165 1 160 1 413 1 378 1 100 1 258 2 32 1 164 1 447 1 369 1 313 1
//IdTournes NbColis
9 6
//IdColis IdCommandeInColis NbProducts IdProd1 QtyProd1 IdProd2 QtyProd2 ...
78 15 29 29 2 516 2 206 1 428 1 143 1 321 1 479 1 444 1 514 1 464 1 174 1 161 1 144 1 311 1 362 1 248 1 341 1 375 1 379 1 160 1 165 1 291 1 322 4 102 3 258 1 369 2 313 1 180 1 488 1
83 16 25 424 1 464 1 1 1 118 1 101 5 244 1 247 1 104 1 119 1 122 1 125 1 115 1 184 1 136 1 132 1 83 1 193 1 353 1 311 1 402 6 357 1 248 1 431 1 77 1 88 1
96 18 24 149 1 20 1 23 2 24 2 440 1 29 2 73 1 206 3 324 1 143 1 199 1 404 1 66 1 464 1 201 1 237 1 370 1 244 1 125 4 136 2 194 1 96 1 161 1 35 1
100 19 20 38 1 75 1 81 1 76 1 527 1 69 1 384 1 71 1 256 1 243 2 98 1 198 2 20 1 23 1 24 1 29 2 206 1 501 1 169 4 464 1
128 24 29 23 1 24 1 461 1 29 2 73 1 206 1 324 1 143 1 337 1 464 1 204 2 161 1 220 1 207 2 362 1 219 2 366 1 379 1 165 1 291 1 160 1 175 1 100 3 258 1 164 1 313 1 369 1 389 1 356 1
170 33 22 143 1 464 1 237 1 125 1 558 3 161 1 144 1 362 1 311 1 248 1 375 1 308 1 312 1 392 1 160 1 210 1 165 1 100 1 258 1 164 1 369 1 356 1
//IdTournes NbColis
10 6
//IdColis IdCommandeInColis NbProducts IdProd1 QtyProd1 IdProd2 QtyProd2 ...
179 36 28 114 1 246 1 561 1 20 1 23 1 24 1 29 1 560 1 206 2 324 1 428 1 251 1 453 1 559 1 464 1 562 1 247 1 244 1 184 1 362 2 248 1 261 1 160 1 102 1 106 1 245 1 148 1 253 1
204 44 27 277 1 70 1 173 1 162 1 71 1 256 1 374 1 140 1 5 1 65 1 20 1 23 1 24 1 440 1 29 2 376 1 206 2 324 1 437 1 143 1 251 2 464 1 370 1 125 1 184 1 153 1 144 1
208 45 25 143 1 464 1 171 1 174 2 317 2 122 1 194 1 161 1 153 1 248 1 312 1 392 1 264 1 210 1 165 1 177 2 160 1 258 1 52 1 31 2 369 1 313 1 389 1 356 1 391 1
212 46 25 324 1 428 1 143 1 464 1 7 1 125 1 161 1 153 1 144 1 362 1 299 1 248 1 261 1 312 1 379 1 165 1 160 1 175 1 378 1 258 1 164 1 371 1 45 2 389 1 391 1
221 48 32 256 1 71 1 263 1 243 1 246 1 532 1 65 1 20 1 23 1 24 1 29 1 206 1 251 1 143 1 464 1 201 1 244 1 247 1 125 1 132 1 96 1 248 1 79 2 85 1 261 1 281 1 196 1 165 1 240 1 106 1 253 1 148 1
237 52 29 573 1 574 1 143 2 373 3 319 2 464 1 370 2 304 3 575 1 72 1 161 1 144 1 248 1 312 1 341 1 375 1 165 1 177 1 160 1 291 1 175 1 258 1 383 1 369 1 572 1 284 1 381 1 356 1 391 1
//IdTournes NbColis
11 6
//IdColis IdCommandeInColis NbProducts IdProd1 QtyProd1 IdProd2 QtyProd2 ...
254 56 25 464 1 101 2 171 1 174 1 125 1 193 1 161 1 311 1 362 3 402 4 248 1 308 1 366 1 160 1 129 2 165 1 291 4 258 1 164 1 89 1 313 1 571 1 570 2 389 1 391 1
266 59 33 324 1 568 1 428 1 199 1 424 2 289 1 464 1 290 1 86 1 96 1 357 1 292 1 80 1 77 1 79 1 88 1 93 1 261 1 365 1 288 1 205 1 91 1 291 1 322 1 233 1 106 1 415 1 97 1 78 1 358 1 245 1 567 1 389 1
281 63 25 319 1 321 1 464 1 171 1 101 4 317 1 104 1 86 1 96 1 292 1 362 3 402 4 357 1 80 1 88 1 77 1 79 1 341 1 261 1 365 1 90 1 288 1 195 2 129 2 415 1
298 68 32 71 1 242 1 140 1 20 1 23 1 24 1 440 1 29 2 206 1 324 1 60 1 464 1 370 1 48 1 161 1 153 1 311 1 362 1 308 1 312 1 549 1 264 1 379 1 210 1 165 1 160 1 100 1 258 1 550 1 551 1 552 1 313 1
312 72 30 324 1 565 1 428 1 143 1 464 1 479 1 10 1 564 1 161 1 272 3 144 1 311 1 362 1 248 1 105 2 375 1 261 1 312 2 379 1 210 1 165 1 160 1 322 1 100 1 258 1 313 1 369 1 380 1 356 1 391 1
323 75 21 169 3 319 2 60 1 464 1 101 3 247 1 171 1 244 2 132 1 184 1 362 2 402 3 248 1 85 1 77 1 160 1 291 3 129 1 102 1 245 1 391 1
//IdTournes NbColis
12 6
//IdColis IdCommandeInColis NbProducts IdProd1 QtyProd1 IdProd2 QtyProd2 ...
343 81 22 29 2 206 2 428 1 324 1 143 1 373 3 319 2 464 1 479 1 304 3 161 1 272 3 311 1 248 1 312 1 308 1 375 1 165 1 160 1 100 4 258 1 164 1
29 5 14 47 1 30 1 368 1 75 1 298 1 187 1 294 1 81 2 146 1 76 1 55 1 152 1 69 1 384 3
158 30 27 292 1 161 2 83 1 272 1 357 1 80 1 77 1 79 1 189 2 88 2 93 1 365 1 288 1 91 1 177 2 291 1 106 1 100 2 102 1 233 1 415 1 446 1 447 1 358 1 369 3 245 1 442 1
333 78 26 169 3 319 3 101 4 317 1 207 1 86 1 96 1 357 1 292 1 105 1 77 1 79 1 261 1 288 1 90 1 91 1 291 1 102 1 106 1 415 1 505 1 245 1 504 1 506 1 389 1 356 1
95 18 22 426 2 111 1 203 1 209 1 183 2 70 1 173 1 249 1 162 2 254 1 287 1 384 1 71 1 256 1 332 1 263 1 243 2 246 1 502 1 13 1 198 1 149 1
262 58 23 355 1 94 2 318 1 390 1 578 1 162 1 70 1 173 1 384 2 71 1 256 1 181 1 374 1 140 1 221 1 98 1 439 1 20 1 24 1 440 1 29 2 206 1 379 1
//IdTournes NbColis
13 6
//IdColis IdCommandeInColis NbProducts IdProd1 QtyProd1 IdProd2 QtyProd2 ...
33 6 11 57 1 56 1 63 1 59 1 61 1 328 1 112 1 323 1 157 1 343 1 342 1
193 41 11 435 1 56 1 436 1 434 1 407 1 158 1 68 1 306 2 338 2 421 1 76 1
88 17 28 29 1 206 2 324 1 376 1 580 1 424 1 455 1 247 3 244 1 119 1 125 1 581 1 96 1 193 3 194 1 115 1 132 1 292 1 259 1 83 1 272 2 357 1 248 1 299 1 79 1 85 1 88 1 312 1
172 34 14 584 1 435 1 503 1 434 1 407 1 158 1 241 1 250 1 214 1 183 1 249 1 254 1 242 1 192 1
256 57 11 583 1 61 1 38 1 157 1 224 1 343 1 87 1 68 1 346 1 316 3 427 1
223 49 15 507 1 38 1 157 1 224 1 343 1 316 1 354 1 163 1 215 1 159 1 348 1 315 1 385 1 377 1 192 1
//IdTournes NbColis
14 6
//IdColis IdCommandeInColis NbProducts IdProd1 QtyProd1 IdProd2 QtyProd2 ...
292 67 13 435 1 436 1 507 1 434 1 511 1 407 1 87 1 68 1 158 1 346 1 166 1 338 1 244 1
4 1 22 169 1 143 1 228 3 319 3 6 1 14 1 1 1 7 1 10 1 171 1 101 4 244 1 104 1 352 1 132 1 272 3 96 1 207 1 83 1 362 3 402 1 365 1
18 3 25 69 1 162 2 71 1 256 1 397 1 5 3 20 1 23 1 24 2 29 2 73 1 82 2 324 1 169 1 1 1 317 1 34 1 19 1 86 1 96 1 83 1 357 1 79 2 105 1 389 1
31 5 34 286 1 1 1 44 2 48 1 34 1 602 1 83 1 96 1 292 1 80 1 93 1 77 1 261 1 365 1 392 1 288 1 205 1 91 1 413 1 291 2 100 1 102 1 106 1 415 1 97 1 52 1 78 1 245 1 108 1 51 1 9 1 35 2 49 3 12 1
48 9 32 29 1 428 1 324 1 573 1 206 2 1 1 317 1 96 1 86 1 353 1 292 1 80 1 77 4 79 1 105 1 88 1 93 1 261 1 288 1 84 1 91 1 205 1 291 1 322 2 100 1 102 1 106 1 415 1 108 1 588 1 389 1 356 1
86 17 15 460 1 503 1 407 1 182 1 158 1 307 1 163 1 315 1 166 1 255 1 241 1 94 1 318 1 117 1 314 1
//IdTournes NbColis
15 6
//IdColis IdCommandeInColis NbProducts IdProd1 QtyProd1 IdProd2 QtyProd2 ...
119 23 13 460 1 59 1 133 1 360 1 407 1 208 1 158 1 182 1 368 1 168 1 307 1 163 2 123 1
156 30 15 150 1 187 1 190 1 300 1 344 1 305 2 342 3 94 2 74 1 265 1 76 1 257 3 69 1 71 1 1 1
217 47 28 332 1 246 1 320 1 212 1 412 1 5 1 20 1 23 1 24 2 67 1 29 2 73 1 82 2 589 1 324 1 143 1 199 1 337 1 456 1 1 1 237 2 244 1 125 1 136 1 96 1 272 1 362 1 123 1
265 59 19 460 1 38 1 141 2 75 1 81 1 76 1 287 1 226 1 256 1 71 1 397 1 5 1 20 1 23 1 24 1 29 1 491 1 206 2 108 1
306 71 13 460 1 38 1 224 1 157 1 343 1 316 2 163 1 307 1 75 1 159 1 377 1 315 1 162 1
54 10 17 366 1 264 1 379 1 151 1 165 1 177 1 205 1 233 1 258 1 142 1 383 1 432 1 148 1 488 1 12 1 391 1 356 1
//IdTournes NbColis
16 6
//IdColis IdCommandeInColis NbProducts IdProd1 QtyProd1 IdProd2 QtyProd2 ...
84 16 26 79 1 85 1 312 1 351 1 261 1 375 1 423 1 365 1 90 1 288 1 392 1 129 1 128 1 205 1 322 1 258 1 102 1 240 1 415 1 127 1 185 1 313 2 245 1 358 1 488 1 186 1
124 23 12 291 6 281 1 102 1 240 1 258 2 127 1 245 3 399 1 313 1 383 1 369 1 488 2
154 29 22 93 1 341 1 365 1 90 1 288 1 91 1 291 1 258 2 415 1 100 1 102 1 97 1 489 2 31 1 358 1 245 1 108 1 380 1 488 1 490 1 389 1 356 1
199 42 9 85 1 261 1 102 1 106 1 258 1 245 1 253 1 488 1 356 1
226 49 13 258 1 100 1 164 2 313 1 245 1 369 1 585 3 35 1 45 1 488 2 586 1 356 1 391 1
284 64 30 246 1 98 1 439 1 20 1 24 1 440 1 29 1 206 1 591 1 568 1 319 2 373 3 101 3 244 1 247 1 292 2 132 1 96 1 248 1 77 1 90 1 102 1 245 1 450 1 529 1 35 1 45 1 488 1 356 1 297 1
//IdTournes NbColis
17 6
//IdColis IdCommandeInColis NbProducts IdProd1 QtyProd1 IdProd2 QtyProd2 ...
348 83 23 206 2 324 1 376 1 251 1 373 1 247 1 244 1 132 1 259 1 362 1 248 1 80 1 77 1 261 1 375 1 258 1 106 1 102 1 240 1 253 1 148 1 488 1 391 1
80 16 14 38 1 449 1 133 1 158 1 182 1 368 1 163 1 307 1 168 1 75 2 315 1 166 1 255 1 241 1
197 42 14 435 1 434 1 449 1 133 1 407 1 158 1 368 1 255 1 241 1 227 2 94 1 146 1 117 1 372 1
245 54 24 206 1 324 1 469 1 143 1 174 1 370 1 161 1 144 1 213 1 367 1 362 2 402 1 299 1 308 2 341 2 312 1 375 1 165 1 160 1 291 1 258 1 369 1 313 1 356 1
336 79 31 20 1 24 1 440 1 29 2 469 1 206 3 317 1 83 1 86 1 96 1 80 1 88 1 105 1 77 1 79 3 261 1 365 1 288 1 91 1 205 1 291 1 233 1 100 1 102 1 106 1 97 1 78 1 92 1 245 1 108 1 553 1
227 50 12 39 1 57 1 569 1 157 1 224 1 343 1 368 1 354 1 159 1 163 1 315 1 140 1
//IdTournes NbColis
18 6
//IdColis IdCommandeInColis NbProducts IdProd1 QtyProd1 IdProd2 QtyProd2 ...
144 28 10 436 1 434 1 323 1 208 1 346 2 326 1 134 2 197 3 327 2 149 1
168 33 13 38 1 434 1 157 1 224 1 343 1 368 1 354 1 159 1 163 1 377 1 315 1 166 1 110 3
175 35 19 435 1 434 1 260 1 407 1 158 1 354 1 255 1 117 1 250 1 257 1 256 1 71 1 243 1 246 1 114 1 252 1 439 1 20 1 148 1
178 36 15 435 1 434 1 407 1 208 2 158 1 255 1 241 1 94 2 117 1 250 1 257 1 162 1 256 1 71 1 132 1
181 37 15 435 1 436 1 503 1 434 1 407 1 158 1 262 1 255 1 241 1 117 1 154 1 372 1 250 1 257 1 595 1
184 38 16 435 1 434 2 407 1 158 1 255 1 241 1 265 1 117 1 372 1 250 1 257 1 426 1 249 1 242 1 192 1 243 1
//IdTournes NbColis
19 6
//IdColis IdCommandeInColis NbProducts IdProd1 QtyProd1 IdProd2 QtyProd2 ...
200 43 15 436 1 434 1 273 1 208 1 316 1 178 1 354 1 215 1 385 1 388 1 159 1 166 1 275 1 276 1 81 1
220 48 16 435 1 436 1 434 1 38 1 158 1 355 1 255 1 187 1 94 1 117 1 76 1 372 1 554 1 250 1 257 1 553 1
239 53 15 435 1 434 1 407 1 158 1 134 1 348 1 255 1 285 1 94 1 117 1 372 1 250 1 426 2 173 2 242 1
252 56 14 569 1 59 1 434 1 360 1 368 1 354 1 159 1 348 1 315 1 377 1 355 1 342 1 94 2 101 1
283 64 19 435 1 434 1 296 1 241 1 294 1 94 1 117 1 372 1 152 1 203 1 254 2 295 1 70 1 393 1 256 1 71 1 263 1 243 1 442 1
289 66 12 435 1 434 1 407 1 87 1 68 1 158 1 346 1 409 1 306 2 408 1 338 2 421 1
//IdTournes NbColis
20 6
//IdColis IdCommandeInColis NbProducts IdProd1 QtyProd1 IdProd2 QtyProd2 ...
303 70 14 435 1 21 1 436 1 434 1 407 1 158 1 306 1 255 1 110 1 305 1 265 1 74 1 117 1 132 1
335 79 16 435 1 436 1 434 1 182 1 158 1 75 1 81 3 76 1 183 1 69 1 192 1 242 1 243 1 439 1 65 1 389 1
341 81 14 434 1 38 1 224 1 157 1 343 2 354 1 163 1 315 1 159 1 377 1 166 1 359 1 342 1 318 1
261 58 13 435 1 38 1 157 1 360 1 368 2 354 1 163 1 197 1 348 1 315 1 159 1 166 1 342 1
318 74 12 435 1 38 1 112 1 224 1 157 1 343 2 188 2 354 1 163 1 348 1 159 1 20 1
347 83 20 435 1 407 1 255 1 241 1 250 1 257 1 426 1 162 3 192 1 242 1 246 1 263 1 243 1 252 1 439 1 65 1 20 1 24 1 440 1 441 1
//IdTournes NbColis
21 6
//IdColis IdCommandeInColis NbProducts IdProd1 QtyProd1 IdProd2 QtyProd2 ...
310 72 15 436 1 38 1 224 1 157 1 340 1 343 1 182 1 368 1 354 1 163 1 348 1 159 1 315 1 377 1 472 1
35 6 19 146 3 349 1 135 1 152 4 209 1 183 1 325 2 70 1 173 1 162 1 384 1 71 1 256 1 335 1 320 1 263 1 243 1 140 1 58 1
47 9 19 30 2 109 1 112 1 107 1 75 1 110 1 94 1 81 1 265 1 111 1 69 1 71 1 256 1 20 1 23 1 24 1 440 1 29 1 245 1
50 10 14 59 1 542 1 328 1 112 1 141 1 157 1 360 1 323 1 343 1 208 1 354 1 134 1 348 1 146 1
134 26 10 59 1 68 2 346 2 75 1 338 2 416 2 306 2 421 2 408 1 20 1
210 46 13 30 1 157 1 224 1 280 1 343 1 316 1 354 1 159 1 163 2 377 2 348 1 166 1 355 1
//IdTournes NbColis
22 6
//IdColis IdCommandeInColis NbProducts IdProd1 QtyProd1 IdProd2 QtyProd2 ...
214 47 13 59 1 30 1 260 1 87 1 368 1 354 1 197 1 385 1 377 1 166 1 338 3 306 1 217 1
235 52 15 30 1 224 1 157 1 163 1 134 1 348 1 159 1 377 3 166 1 355 1 110 1 342 1 318 1 268 1 389 1
275 62 11 21 1 59 1 68 2 346 2 75 1 338 2 416 2 421 1 190 1 167 1 332 1
314 73 16 30 1 157 1 360 1 343 1 368 1 354 1 163 1 159 1 315 1 348 1 377 1 166 1 355 1 342 1 94 1 162 1
322 75 21 30 1 109 1 385 2 241 1 94 1 117 1 250 1 325 2 256 1 71 1 263 1 243 1 246 1 53 1 98 1 491 1 206 1 324 1 376 1 251 1 391 1
338 80 17 30 1 75 1 94 2 81 1 265 1 71 1 256 1 98 1 5 1 206 3 324 1 428 1 169 4 319 3 171 1 101 3 356 1
//IdTournes NbColis
23 6
//IdColis IdCommandeInColis NbProducts IdProd1 QtyProd1 IdProd2 QtyProd2 ...
21 4 12 39 1 38 1 133 1 87 1 68 2 182 1 330 1 158 1 346 1 368 1 130 1 307 1
40 7 12 38 1 68 1 87 1 346 2 75 1 348 1 385 1 338 2 306 2 421 2 416 1 398 1
109 21 16 38 1 133 1 260 1 208 1 368 1 178 1 354 1 215 1 103 1 327 1 159 1 377 1 385 1 166 1 275 1 442 1
126 24 14 38 1 157 1 346 1 368 1 354 1 159 1 163 1 315 1 348 1 166 1 338 2 306 2 421 1 162 1
130 25 16 38 1 157 1 224 1 343 1 354 1 222 1 223 1 348 1 159 1 163 1 315 1 377 1 355 1 110 1 342 1 221 1
190 40 18 38 1 260 1 364 1 75 1 163 1 363 1 94 1 269 1 267 1 268 1 265 1 76 1 526 2 71 1 256 1 114 2 98 1 206 1
//IdTournes NbColis
24 6
//IdColis IdCommandeInColis NbProducts IdProd1 QtyProd1 IdProd2 QtyProd2 ...
296 68 15 38 1 208 1 68 1 368 1 354 1 163 1 223 1 159 1 348 1 166 1 306 1 338 2 355 1 421 1 70 1
328 77 18 484 1 38 1 75 1 81 1 265 3 76 1 69 1 71 1 256 1 518 1 98 1 397 2 20 1 23 1 24 1 440 1 29 2 519 1
37 6 22 169 4 143 1 199 1 60 1 321 1 66 1 7 1 600 1 201 1 101 6 317 1 174 1 213 1 96 1 204 1 272 1 144 1 86 4 248 1 79 1 93 1 389 1
82 16 19 263 1 518 3 98 2 397 1 20 1 23 1 24 1 461 3 440 1 29 1 82 2 73 1 324 1 437 1 26 1 556 1 169 5 319 3 123 1
188 39 25 250 1 257 1 426 1 71 1 256 1 114 1 246 1 98 1 438 1 439 1 20 1 24 1 440 1 441 1 445 1 324 1 376 1 437 1 206 3 251 1 169 3 319 2 444 1 101 1 245 1
11 2 23 135 1 147 1 235 1 111 1 209 1 183 1 70 1 173 1 69 2 249 1 254 1 287 1 314 1 71 1 256 1 331 2 17 1 13 1 25 2 20 1 23 1 24 2 12 1
//IdTournes NbColis
25 6
//IdColis IdCommandeInColis NbProducts IdProd1 QtyProd1 IdProd2 QtyProd2 ...
163 32 14 21 1 569 1 157 1 360 1 343 1 368 1 354 1 75 1 159 1 348 1 377 1 315 1 166 1 390 1
268 60 19 525 1 368 1 166 1 241 1 94 1 81 1 318 1 76 1 390 1 526 1 527 1 214 1 69 2 314 1 242 1 192 1 98 1 206 1 529 1
191 40 22 206 1 556 1 428 1 324 1 169 4 319 3 598 1 171 1 104 1 352 2 96 1 362 3 83 1 353 1 357 1 402 4 80 1 248 1 77 1 79 1 219 1 365 1
3 1 18 241 2 94 2 76 1 183 3 69 1 173 1 287 1 71 1 256 1 13 1 98 1 412 1 397 1 5 1 73 1 82 3 324 1 169 3
30 5 20 256 1 71 1 320 1 53 1 13 2 54 1 5 1 20 1 23 1 24 2 29 2 43 4 482 4 50 1 82 2 73 1 324 1 501 1 601 1 317 1
41 7 23 416 1 344 1 300 1 81 1 74 1 76 1 69 1 70 1 71 1 256 1 518 1 548 1 397 1 5 3 439 1 20 1 24 1 440 1 29 1 73 1 82 3 324 1 442 1
//IdTournes NbColis
26 6
//IdColis IdCommandeInColis NbProducts IdProd1 QtyProd1 IdProd2 QtyProd2 ...
52 10 25 135 1 147 1 131 1 209 1 162 1 70 1 173 1 384 1 71 1 256 1 140 1 246 3 263 1 243 1 320 1 221 1 139 1 149 1 412 1 5 1 20 1 23 1 24 2 440 1 391 1
87 17 23 390 1 372 1 526 1 250 1 429 1 124 1 426 1 257 1 183 2 515 1 325 2 192 1 242 1 329 1 579 1 98 1 397 1 5 1 439 1 20 1 24 2 440 1 29 1
272 61 19 71 1 256 1 320 1 98 1 5 1 20 1 496 1 23 1 24 2 461 3 29 2 73 2 324 1 206 2 169 4 319 3 456 2 498 1 97 1
36 6 18 62 1 221 1 98 2 139 1 65 2 24 2 67 1 29 2 20 1 23 2 491 1 324 2 73 2 82 4 592 1 319 4 169 1 102 1
148 28 21 387 1 226 1 155 2 69 1 70 1 230 3 249 1 287 1 384 1 314 1 71 1 256 1 320 1 62 1 532 1 533 1 23 2 24 2 29 2 73 2 356 1
182 37 32 426 1 162 1 256 1 71 1 243 1 114 1 263 1 246 1 62 1 439 1 20 1 24 1 440 1 441 1 206 1 251 1 373 1 247 1 244 1 104 1 132 1 248 1 85 1 77 1 90 1 102 1 240 1 106 1 245 1 148 1 253 1 389 1
//IdTournes NbColis
27 6
//IdColis IdCommandeInColis NbProducts IdProd1 QtyProd1 IdProd2 QtyProd2 ...
150 28 18 264 1 205 1 413 1 233 3 102 1 258 3 142 2 531 1 536 1 229 1 358 1 383 2 245 1 535 3 148 3 239 1 9 1 356 1
291 66 18 324 1 376 1 573 1 251 1 231 1 244 1 247 1 132 1 259 2 248 1 77 1 105 1 90 1 102 1 245 1 148 1 253 1 442 1
117 22 29 101 1 237 1 244 1 136 1 144 2 96 2 204 1 362 1 431 1 93 1 105 1 216 1 264 1 379 1 196 1 151 1 160 1 205 2 322 3 102 1 240 1 142 1 164 2 451 1 148 1 454 1 450 2 9 1 35 2
13 2 29 189 1 308 3 261 1 365 1 341 1 375 1 288 1 151 2 165 2 177 2 160 1 205 1 413 1 191 1 347 1 106 1 233 1 258 2 97 1 18 1 78 2 127 1 245 1 148 2 253 1 239 1 12 1 389 1 356 1
278 62 32 357 1 353 1 292 1 80 1 431 2 79 1 105 2 93 1 261 3 365 1 90 1 288 1 151 1 91 1 160 2 205 1 413 1 281 1 106 1 102 1 415 1 97 1 31 1 358 1 245 1 539 1 108 1 537 1 45 1 12 3 389 1 356 1
165 32 28 146 1 162 1 70 1 173 1 325 1 314 1 71 1 256 1 181 1 140 1 243 1 20 1 23 1 24 1 440 1 29 2 206 2 428 1 324 1 143 1 46 1 452 1 599 1 161 1 311 1 362 1 248 1 35 1
//IdTournes NbColis
28 6
//IdColis IdCommandeInColis NbProducts IdProd1 QtyProd1 IdProd2 QtyProd2 ...
112 21 25 370 1 101 1 244 1 125 1 283 1 213 1 299 1 431 1 93 4 105 1 264 1 392 1 379 1 196 1 210 1 160 1 291 1 233 1 100 2 142 2 156 1 383 1 148 1 582 1 333 1
258 57 22 421 1 110 1 167 1 300 1 339 1 271 1 359 1 410 1 342 1 318 1 76 1 390 1 162 2 70 1 314 1 192 1 242 1 140 1 20 1 24 1 440 1 582 1
65 12 22 410 1 94 2 318 1 74 1 70 1 314 1 325 1 71 1 256 1 439 1 20 1 24 1 440 1 29 1 499 1 73 1 82 3 324 1 143 1 370 4 161 1 248 1
311 72 23 166 1 355 1 110 1 342 1 94 1 76 1 390 1 162 1 70 1 173 1 325 1 71 1 256 1 140 1 221 1 563 1 439 1 20 1 24 1 440 1 441 2 566 2 206 1
89 17 24 308 1 351 1 375 1 261 1 90 1 288 1 116 1 128 1 195 1 129 1 205 1 106 1 258 1 100 1 102 1 240 1 233 1 489 2 127 1 123 1 313 1 245 1 253 1 45 2
127 24 21 408 1 355 1 110 1 190 1 300 1 271 1 305 1 94 1 318 1 390 1 154 1 131 1 426 2 70 1 314 1 71 1 256 1 181 1 140 1 518 1 20 1
//IdTournes NbColis
29 6
//IdColis IdCommandeInColis NbProducts IdProd1 QtyProd1 IdProd2 QtyProd2 ...
142 27 27 345 1 351 1 261 1 423 1 366 1 361 1 90 2 288 3 392 1 116 1 129 1 205 1 413 1 322 3 106 1 100 1 258 1 102 1 127 2 123 1 313 1 369 1 245 1 432 1 480 1 12 1 186 1
240 53 28 192 1 243 1 98 1 20 1 23 1 24 1 440 1 29 1 206 1 324 1 596 1 169 3 251 1 319 2 321 2 101 3 244 1 193 1 132 1 194 1 248 1 77 1 85 1 102 1 106 1 245 1 442 1 389 1
263 58 27 206 1 428 1 324 1 577 1 143 1 169 2 373 1 319 2 101 3 161 1 144 1 311 1 362 1 248 1 77 1 312 1 308 2 151 1 165 1 160 1 322 1 100 3 258 1 313 1 369 1 356 1 391 1
342 81 18 124 3 70 1 173 5 162 1 287 3 314 1 384 1 71 1 256 1 374 1 548 2 98 1 252 1 20 1 23 1 24 1 440 1 313 1
173 34 30 243 1 246 1 114 1 252 1 65 1 20 1 496 2 23 1 24 1 440 1 29 1 206 1 324 1 50 2 251 1 319 1 244 1 247 1 132 1 248 1 85 1 77 2 102 1 240 1 106 1 245 1 571 1 239 1 148 1 253 1
176 35 25 24 1 440 1 441 1 206 2 50 1 428 1 324 1 251 1 244 1 247 1 370 2 132 1 259 1 184 1 248 1 77 1 102 1 240 1 258 1 106 1 245 1 253 1 594 1 442 1 391 1
//IdTournes NbColis
30 6
//IdColis IdCommandeInColis NbProducts IdProd1 QtyProd1 IdProd2 QtyProd2 ...
276 62 17 300 1 344 1 339 2 271 2 305 1 410 2 94 1 81 2 74 1 265 1 69 1 173 2 162 1 71 1 256 1 538 1 78 1
38 6 18 261 3 366 1 361 1 85 1 105 1 392 2 151 1 165 1 177 2 205 1 291 2 322 1 258 2 142 1 78 1 383 1 64 1 442 1
19 3 29 189 1 345 1 365 1 90 1 288 1 91 1 128 1 205 1 281 1 291 2 413 1 191 1 322 1 106 1 233 1 102 1 415 1 97 1 31 1 32 1 78 1 164 1 127 1 36 1 358 1 35 1 37 1 12 1 356 1
24 4 20 271 1 305 3 94 1 318 2 41 1 117 1 390 1 372 1 124 1 131 1 257 1 426 1 69 1 314 1 325 1 71 1 256 1 401 1 114 1 115 1
69 13 22 377 1 166 1 355 1 145 1 342 1 94 2 318 1 390 1 155 1 70 1 173 1 254 1 325 1 256 1 140 1 98 1 439 1 20 1 24 1 440 1 29 2 458 1
111 21 27 384 1 71 1 256 1 332 1 263 1 243 1 246 1 320 1 198 1 149 1 212 1 20 1 24 1 440 1 441 1 29 1 439 1 206 3 428 1 324 1 143 1 199 1 404 1 456 2 321 1 498 1 237 1
//IdTournes NbColis
31 6
//IdColis IdCommandeInColis NbProducts IdProd1 QtyProd1 IdProd2 QtyProd2 ...
169 33 23 110 1 342 1 94 1 318 1 390 1 238 1 162 1 70 1 173 1 71 1 256 1 181 1 140 1 557 3 439 1 20 1 24 1 461 1 440 1 441 2 324 1 206 1 428 1
185 38 33 114 1 263 1 246 1 252 1 439 1 20 1 24 1 440 1 29 1 206 1 324 1 376 1 589 1 251 1 373 1 247 1 244 1 34 1 132 1 259 1 248 1 80 1 85 1 261 1 264 1 90 1 102 1 240 1 106 1 245 1 148 1 253 1 389 1
198 42 28 593 1 250 1 426 1 257 1 71 1 256 1 263 1 114 1 243 1 246 1 412 1 439 1 20 1 24 1 440 1 441 1 206 2 324 1 376 1 592 1 251 1 101 2 244 1 172 1 184 1 132 1 248 1 148 1
201 43 25 363 1 241 1 76 1 202 1 209 1 183 1 387 1 162 1 287 1 192 1 242 1 243 1 246 1 439 1 20 1 24 1 440 1 441 2 274 1 324 1 206 2 143 1 199 1 237 1 244 1
207 45 23 348 1 110 1 342 1 94 1 269 1 318 1 390 1 173 1 70 1 325 2 71 1 256 1 181 1 140 1 221 1 439 1 20 1 24 1 440 1 29 2 324 1 206 1 428 1
225 49 30 439 1 20 1 24 1 440 1 441 2 206 2 324 1 376 1 143 1 479 1 444 1 104 1 587 1 272 3 153 1 144 1 96 2 161 1 362 1 248 1 312 1 375 1 210 1 196 1 165 1 160 1 413 1 175 1 347 1 378 1
//IdTournes NbColis
32 6
//IdColis IdCommandeInColis NbProducts IdProd1 QtyProd1 IdProd2 QtyProd2 ...
257 57 13 354 1 163 2 348 1 159 1 388 1 315 1 166 1 306 2 338 2 355 1 408 2 421 1 439 1
287 65 26 243 1 476 1 252 1 439 1 65 1 20 1 24 1 440 1 441 1 206 2 324 1 376 1 251 1 244 1 132 1 259 1 184 1 299 1 248 1 90 1 102 1 240 1 106 1 253 1 148 1 477 1
290 66 23 255 1 241 1 300 1 271 1 410 1 117 1 372 1 301 1 257 1 192 1 242 1 263 2 302 1 243 1 246 1 252 1 439 1 20 1 24 1 440 1 441 1 491 1 206 2
304 70 31 76 1 526 1 257 1 426 1 242 1 192 1 243 1 246 1 302 1 263 1 320 1 439 1 20 1 24 1 440 1 441 1 206 1 324 1 376 1 247 1 244 1 184 1 248 1 77 1 102 1 106 1 253 1 148 1 35 1 356 1 391 1
307 71 21 348 3 166 1 110 1 342 1 318 1 390 1 173 1 314 1 325 1 192 1 242 1 140 2 221 1 439 1 20 1 24 1 440 1 441 1 206 1 324 1 308 1
345 82 23 316 1 75 1 315 1 166 1 81 1 318 1 265 1 76 1 390 1 314 1 69 1 192 1 242 1 20 1 24 1 440 1 441 1 439 1 206 2 324 1 376 1 319 1 317 1
//IdTournes NbColis
33 6
//IdColis IdCommandeInColis NbProducts IdProd1 QtyProd1 IdProd2 QtyProd2 ...
60 11 28 101 1 370 2 244 2 317 1 478 1 72 1 99 1 136 1 153 1 132 2 193 1 357 1 362 3 80 1 248 1 105 1 79 1 308 1 341 1 261 1 366 1 90 2 264 1 379 1 151 1 165 1 205 1 291 1
273 61 28 101 4 317 1 272 2 86 1 132 1 353 1 357 1 80 1 105 1 88 1 93 1 261 1 288 1 91 1 177 1 281 1 291 2 106 1 100 2 102 1 240 1 233 1 52 1 36 1 245 1 358 1 12 1 356 1
194 41 15 421 1 408 2 416 1 241 1 270 1 255 1 271 2 190 1 167 1 344 1 339 2 305 2 410 1 94 1 544 1
8 2 7 346 3 326 1 163 1 338 4 306 4 421 3 19 1
250 55 27 311 1 362 1 248 1 308 1 341 2 312 1 423 1 375 1 366 1 392 2 379 1 165 1 205 1 291 1 160 1 322 1 258 1 100 1 164 1 313 1 245 1 369 1 472 1 442 1 473 1 356 1 391 1
161 31 24 412 2 20 1 23 1 24 2 29 2 494 1 73 1 324 1 82 2 169 4 319 3 430 1 492 1 86 1 96 1 357 1 79 1 105 1 189 1 93 1 365 1 261 1 288 1 196 1
//IdTournes NbColis
34 6
//IdColis IdCommandeInColis NbProducts IdProd1 QtyProd1 IdProd2 QtyProd2 ...
121 23 20 257 1 426 1 209 1 69 1 314 1 325 1 71 1 256 1 181 3 401 1 114 1 590 1 198 3 98 2 397 1 494 1 73 1 82 2 324 1 169 3
59 11 18 98 1 412 1 397 1 20 1 23 1 24 1 29 2 73 1 82 3 324 1 143 1 169 5 319 4 321 1 479 1 201 1 101 5 311 1
73 14 25 385 1 166 1 355 1 145 1 94 1 70 1 173 1 162 2 314 1 71 1 256 1 140 1 320 1 98 1 20 1 23 1 24 1 440 1 29 1 482 1 206 1 428 1 324 1 501 1 391 1
77 15 23 348 1 166 1 145 2 342 1 372 1 257 1 179 1 183 1 515 1 173 1 162 1 70 1 417 1 384 1 71 1 256 1 181 1 140 1 320 1 20 1 23 1 24 1 440 1
106 20 25 183 1 70 1 155 1 249 1 162 1 394 1 287 1 71 1 256 1 336 1 332 1 263 1 243 1 246 1 468 1 198 1 212 1 412 1 20 1 23 1 24 1 440 1 29 2 206 3 428 1
147 28 12 339 4 305 4 410 1 94 1 309 3 74 2 154 1 250 1 135 1 209 1 183 1 20 1
//IdTournes NbColis
35 6
//IdColis IdCommandeInColis NbProducts IdProd1 QtyProd1 IdProd2 QtyProd2 ...
211 46 20 217 2 137 1 342 1 318 1 515 2 173 1 162 1 393 1 314 1 325 1 71 1 256 1 221 1 53 2 557 1 20 1 23 1 24 1 29 2 206 2
228 50 22 348 1 166 1 355 1 110 1 359 1 342 1 81 1 318 1 309 1 390 1 173 1 162 1 70 1 314 1 71 1 256 1 181 1 20 1 23 1 24 1 440 1 29 2
232 51 22 377 1 166 1 355 1 342 1 94 1 318 1 117 1 390 1 282 1 235 1 485 1 173 1 69 1 70 1 314 1 162 1 325 2 71 1 256 1 221 1 20 1 23 1
236 52 25 382 1 390 1 349 1 183 1 162 1 70 1 173 2 384 1 325 1 71 1 256 1 181 1 140 1 98 1 20 1 23 1 24 1 440 1 29 2 482 1 491 1 73 1 206 2 324 1 576 1
244 54 20 300 1 344 1 339 2 271 2 342 2 305 1 94 1 318 1 74 1 183 1 70 1 314 1 71 1 256 1 20 1 23 1 24 1 29 1 73 1 125 1
249 55 25 325 1 71 1 256 1 140 1 221 1 98 1 20 1 23 1 24 1 440 1 29 1 206 2 428 1 324 1 143 1 319 2 373 3 321 1 474 1 475 1 174 1 101 3 153 1 161 1 144 1
//IdTournes NbColis
36 6
//IdColis IdCommandeInColis NbProducts IdProd1 QtyProd1 IdProd2 QtyProd2 ...
81 16 23 270 1 94 1 269 1 318 1 382 1 117 1 390 1 372 1 554 1 250 1 429 1 257 1 426 1 325 1 314 1 71 1 256 1 335 1 181 1 114 1 329 1 263 2 100 1
136 26 22 76 1 154 1 173 4 69 1 71 1 256 1 23 1 24 2 440 1 29 2 73 1 206 2 324 1 319 1 201 3 96 1 83 1 357 1 80 1 77 1 79 1 200 1
319 74 22 377 1 166 1 355 1 110 1 342 1 117 1 390 1 372 1 202 1 162 1 70 3 173 1 71 1 256 1 140 1 221 1 98 1 23 1 24 1 440 1 29 1 144 1
229 50 30 491 1 206 1 534 5 428 1 251 1 143 1 414 1 174 1 207 1 161 1 144 1 213 1 311 1 362 1 248 1 375 1 341 1 308 1 312 1 160 1 196 1 165 1 175 1 322 1 258 4 369 1 313 1 35 1 356 1 391 1
122 23 23 169 2 251 3 286 1 424 3 319 2 14 1 7 2 118 1 218 1 171 2 247 1 244 1 119 1 122 1 125 1 172 2 132 1 193 1 184 3 259 1 83 1 272 1 391 1
10 2 11 339 2 271 4 395 1 305 4 410 1 94 2 74 1 28 1 154 1 603 2 349 1
//IdTournes NbColis
37 6
//IdColis IdCommandeInColis NbProducts IdProd1 QtyProd1 IdProd2 QtyProd2 ...
280 63 22 354 1 75 1 403 1 94 1 81 1 265 1 76 1 152 1 69 1 384 1 192 1 242 1 98 1 397 1 67 1 491 1 206 1 324 1 376 1 169 4 319 2 389 1
259 57 26 29 2 206 2 324 1 376 1 143 1 479 1 144 1 161 1 292 1 77 1 312 1 392 1 116 1 210 1 165 1 160 1 175 1 378 1 106 1 258 1 164 1 313 1 371 1 284 2 389 1 356 1
326 76 36 29 2 206 2 428 1 324 1 456 1 317 1 462 1 86 1 83 1 292 1 96 1 353 1 80 1 88 1 93 1 105 1 79 1 261 1 365 1 366 1 288 1 90 1 205 1 281 1 91 1 291 1 100 1 102 1 106 1 415 1 97 1 245 1 108 1 9 1 45 1 391 1
61 11 13 291 1 233 3 258 1 142 1 156 1 78 1 386 1 383 1 45 1 442 1 477 2 391 2 356 1
75 14 8 160 4 175 1 258 1 100 4 127 1 369 1 45 1 442 1
97 18 29 161 1 83 1 272 1 207 1 311 1 362 1 105 2 200 1 93 1 264 1 288 1 392 1 196 1 116 3 128 1 195 2 177 1 160 1 291 1 413 3 170 1 233 1 240 1 258 1 142 1 442 1 37 1 389 1 356 1
//IdTournes NbColis
38 6
//IdColis IdCommandeInColis NbProducts IdProd1 QtyProd1 IdProd2 QtyProd2 ...
189 39 18 101 1 244 1 247 1 132 1 259 1 184 1 248 2 85 1 77 1 261 1 102 1 240 1 106 2 258 1 266 1 442 2 443 1 391 1
196 41 13 77 1 85 1 261 1 90 1 106 1 102 1 546 1 245 1 148 1 253 1 35 1 442 1 391 1
339 80 24 101 1 317 1 83 1 357 1 292 1 362 3 402 4 93 1 105 1 77 1 79 1 261 1 288 1 90 1 129 2 91 1 291 5 281 1 102 1 415 1 97 1 358 1 245 1 442 1
6 1 2 9 1 389 1
74 14 21 501 2 169 3 143 1 176 1 319 2 321 1 479 1 10 1 174 1 101 3 96 3 161 1 272 2 311 1 362 2 248 1 366 1 90 3 151 1 165 1 177 1
132 25 29 428 1 324 1 143 1 404 1 479 1 46 1 174 1 244 2 144 1 311 1 161 2 362 2 248 1 80 1 361 3 308 1 375 1 392 1 379 1 165 1 210 2 195 1 129 1 160 1 322 1 258 1 100 1 369 1 389 1
//IdTournes NbColis
39 6
//IdColis IdCommandeInColis NbProducts IdProd1 QtyProd1 IdProd2 QtyProd2 ...
329 77 18 206 3 428 1 324 1 199 2 373 4 319 3 479 1 498 2 510 1 304 4 244 2 86 1 207 1 96 1 204 2 357 1 292 1 88 1
94 18 15 395 1 300 3 339 3 344 1 410 1 94 1 269 1 81 2 146 1 74 1 76 2 154 1 429 1 202 1 35 1
162 31 12 91 1 160 2 205 1 291 1 281 1 233 1 100 1 106 1 415 1 97 1 493 1 245 1
27 4 18 423 1 375 2 288 1 128 1 129 1 205 1 413 3 322 1 102 1 240 1 258 2 127 1 313 1 369 1 245 1 253 1 45 3 12 1
58 11 26 94 1 154 1 250 1 349 1 135 1 152 1 147 1 111 1 183 1 155 1 70 1 173 1 162 1 384 1 314 1 71 1 256 1 140 1 263 1 243 1 246 1 320 1 139 1 149 1 98 1 45 1
101 19 30 319 3 101 4 174 1 317 1 96 1 204 1 207 1 83 1 86 1 362 1 292 1 93 1 345 1 261 1 365 1 90 1 288 1 205 1 91 1 291 1 281 1 106 1 100 1 102 1 415 1 78 1 369 2 555 1 45 1 389 1
//IdTournes NbColis
40 6
//IdColis IdCommandeInColis NbProducts IdProd1 QtyProd1 IdProd2 QtyProd2 ...
102 19 2 45 1 356 1
295 67 11 79 1 205 1 106 1 102 1 240 1 509 1 245 1 148 1 253 1 45 2 405 1
137 26 15 93 2 261 1 365 1 288 1 91 1 291 1 100 1 102 1 415 1 97 1 358 1 108 1 597 1 420 1 389 1
301 69 23 605 1 206 2 324 1 376 1 251 1 373 3 319 1 604 1 171 1 304 3 244 1 247 1 524 1 132 1 362 2 402 3 248 1 85 1 129 1 291 3 102 1 106 1 245 1
46 8 14 91 1 205 1 291 1 100 1 102 1 106 1 415 1 258 1 97 1 78 1 92 1 245 1 12 2 356 1
66 12 17 311 1 362 1 308 1 264 2 379 1 116 2 160 1 151 1 165 1 322 1 258 1 164 1 313 1 369 1 12 2 400 1 356 1
//IdTournes NbColis
41 6
//IdColis IdCommandeInColis NbProducts IdProd1 QtyProd1 IdProd2 QtyProd2 ...
302 69 1 12 1
253 56 24 81 1 318 1 257 1 162 1 70 1 173 1 325 1 314 1 71 1 256 1 181 1 140 1 263 1 221 1 98 1 206 2 324 1 428 1 169 3 286 1 143 1 319 2 14 1 321 1
316 73 22 101 3 370 1 524 1 161 1 311 1 362 1 248 1 308 1 366 1 312 1 379 1 392 1 165 1 160 1 291 1 205 1 175 1 100 1 258 1 369 1 313 1 391 1
26 4 29 46 1 118 1 370 1 244 1 247 1 119 1 122 1 125 1 132 1 259 1 204 1 193 1 207 3 161 3 83 1 311 1 292 1 362 3 357 1 299 1 248 1 77 1 79 1 85 1 88 1 351 1 308 1 261 1 123 1
218 47 11 105 1 93 3 264 1 233 1 551 1 156 1 127 1 386 1 148 1 389 1 356 1
23 4 13 408 1 416 1 255 1 241 1 422 3 113 1 120 1 126 1 344 1 339 2 300 3 271 2 116 1
//IdTournes NbColis
42 6
//IdColis IdCommandeInColis NbProducts IdProd1 QtyProd1 IdProd2 QtyProd2 ...
45 8 23 206 2 319 3 373 4 95 1 101 4 317 1 104 1 96 1 99 1 83 1 86 1 357 1 292 1 80 1 77 1 79 1 85 1 105 1 93 1 261 1 312 2 288 1 84 1
51 10 15 159 1 377 1 385 1 166 2 276 1 138 1 150 1 241 1 137 2 145 1 359 1 342 1 94 1 372 2 349 1
57 11 15 182 1 330 1 350 2 354 1 134 1 159 1 348 1 377 1 385 1 276 1 145 1 359 1 342 1 94 2 209 1
64 12 14 166 1 306 2 338 2 416 1 355 1 421 2 145 1 167 1 344 1 339 1 271 2 305 1 300 1 342 1
135 26 15 408 2 167 1 300 2 344 1 339 2 271 1 305 2 410 2 94 1 81 1 74 1 225 1 146 1 265 1 106 1
9 2 9 421 1 408 3 416 2 236 2 241 1 187 1 167 2 300 4 339 2
//IdTournes NbColis
43 6
//IdColis IdCommandeInColis NbProducts IdProd1 QtyProd1 IdProd2 QtyProd2 ...
123 23 21 207 2 292 1 362 3 402 6 357 1 299 1 248 1 85 1 189 1 79 1 93 1 77 3 261 3 90 1 288 1 264 1 129 3 116 1 165 1 177 2 106 1
141 27 26 101 5 247 1 244 1 119 1 122 1 125 1 144 1 132 1 96 2 193 1 184 1 292 1 207 1 367 1 353 1 402 1 357 1 299 3 248 1 77 1 79 1 85 1 189 1 93 1 312 1 308 2
166 32 14 308 2 312 1 375 1 379 1 160 1 151 1 129 1 165 1 191 1 322 2 258 2 142 2 313 2 369 1
205 44 16 99 1 161 1 311 1 248 1 375 1 308 1 341 1 210 1 165 1 177 1 160 1 378 1 258 1 123 1 313 1 369 1
120 23 13 315 1 276 2 166 3 217 2 241 1 94 1 318 1 146 2 117 3 372 1 250 1 124 1 389 1
202 43 12 161 1 213 1 362 1 105 1 264 1 210 1 196 1 160 1 291 1 233 1 386 1 383 1
//IdTournes NbColis
44 6
//IdColis IdCommandeInColis NbProducts IdProd1 QtyProd1 IdProd2 QtyProd2 ...
216 47 19 271 3 305 3 94 1 81 1 74 1 372 1 202 1 203 1 209 1 183 1 387 1 173 1 70 1 249 1 254 1 287 1 71 1 256 1 196 1
34 6 13 360 1 141 1 133 1 208 1 368 2 354 1 348 2 159 1 377 1 134 1 276 1 359 1 94 2
71 13 8 170 1 322 1 258 1 100 1 164 3 127 2 313 1 369 1
92 18 14 368 1 178 1 354 1 197 1 75 1 159 2 377 1 385 1 166 1 275 1 276 1 338 3 306 1 383 1
203 44 17 157 1 224 1 316 1 354 1 163 1 278 1 377 1 159 1 166 1 355 1 137 1 110 1 342 1 94 1 318 1 390 1 279 1
110 21 21 276 1 363 1 255 1 241 1 94 2 294 1 81 1 76 1 154 1 214 1 202 1 111 1 183 1 209 1 387 1 155 1 70 1 249 1 173 1 254 1 287 1
//IdTournes NbColis
45 6
//IdColis IdCommandeInColis NbProducts IdProd1 QtyProd1 IdProd2 QtyProd2 ...
224 49 18 166 1 338 1 355 1 300 2 339 1 271 2 305 1 342 1 94 1 318 1 74 1 390 1 70 1 162 1 314 1 242 1 181 1 140 2
300 69 19 303 1 407 1 323 1 158 1 255 2 241 1 382 1 117 1 250 1 257 1 426 1 242 1 192 1 302 1 263 1 246 1 243 1 98 1 252 2
146 28 10 408 4 150 1 241 1 227 1 190 1 187 1 167 2 300 4 271 3 85 1
70 13 23 73 1 82 3 324 1 169 3 143 1 319 2 171 2 101 3 317 1 370 1 172 1 144 1 311 1 161 1 362 2 248 1 341 1 379 1 392 1 151 1 165 1 160 1 291 1
105 20 14 167 1 190 1 271 3 300 2 339 3 305 1 410 1 94 2 81 1 74 1 76 1 154 1 203 1 209 1
115 22 20 241 2 359 1 94 2 81 1 154 1 250 2 202 1 111 1 203 1 183 1 209 1 155 1 70 1 249 1 173 1 254 1 287 1 384 1 71 1 256 1
//IdTournes NbColis
46 6
//IdColis IdCommandeInColis NbProducts IdProd1 QtyProd1 IdProd2 QtyProd2 ...
215 47 9 306 2 421 3 408 3 416 2 363 1 167 1 300 2 339 3 154 1
248 55 19 348 1 159 1 315 1 377 1 166 1 355 1 255 1 110 1 342 1 94 2 318 1 268 1 390 1 154 1 162 1 70 1 173 1 314 1 125 1
297 68 16 421 1 408 2 271 2 187 1 167 1 344 1 339 1 300 2 305 2 342 1 94 1 74 1 390 1 173 1 314 1 143 1
346 82 14 125 1 311 1 292 1 86 1 83 1 312 1 308 1 375 1 288 1 291 1 378 1 258 1 100 1 313 1
139 27 21 315 1 166 1 255 1 241 1 187 1 395 1 359 1 94 1 318 1 117 1 372 1 250 1 124 1 257 1 426 1 387 1 162 2 69 1 314 1 325 1 389 1
293 67 16 338 1 408 2 416 1 255 1 241 1 300 2 271 1 167 1 344 1 406 2 305 1 318 1 372 1 250 1 124 2 391 1
//IdTournes NbColis
47 6
//IdColis IdCommandeInColis NbProducts IdProd1 QtyProd1 IdProd2 QtyProd2 ...
93 18 11 306 2 355 1 408 2 416 2 421 3 241 1 363 1 190 1 167 1 271 3 155 1
164 32 16 338 2 408 1 416 1 355 1 190 1 167 1 339 2 344 1 271 1 305 2 342 1 94 1 294 1 318 1 146 1 162 1
192 40 21 93 1 261 1 366 1 288 1 129 2 91 1 177 1 205 1 291 5 281 1 106 1 102 1 415 1 97 1 78 1 185 1 358 1 245 1 389 1 356 1 391 1
17 3 14 408 1 416 2 187 1 190 1 167 1 300 2 344 1 339 2 271 2 410 2 94 1 74 1 265 1 76 1
243 54 14 348 1 377 1 166 1 338 2 306 2 355 1 416 1 421 1 408 2 110 2 190 1 167 1 300 1 379 1
22 4 11 168 1 75 1 163 1 425 1 315 1 166 1 338 3 306 3 421 3 408 1 250 1
//IdTournes NbColis
48 2
//IdColis IdCommandeInColis NbProducts IdProd1 QtyProd1 IdProd2 QtyProd2 ...
104 20 9 275 1 276 2 166 1 338 3 416 2 306 3 421 3 363 1 241 1
145 28 7 327 1 276 1 166 1 338 4 416 2 306 4 421 4
