//NbTournees
3
//IdTournes NbColis
1 6
//IdColis IdCommandeInColis NbProducts IdProd1 QtyProd1 IdProd2 QtyProd2 ...
1 1 18 202 1 125 1 1 1 3 1 7 1 8 1 9 1 19 1 25 1 29 2 30 2 31 1 43 2 45 2 51 1 54 2 62 1 44 1
2 1 22 104 1 107 2 108 2 111 2 116 1 117 1 123 1 143 1 172 1 22 1 23 1 32 1 33 1 49 1 58 1 64 1 67 1 147 1 94 1 132 1 52 1 2 1
5 2 22 202 1 198 1 217 1 24 1 33 1 89 1 94 1 131 1 173 1 194 1 44 1 74 1 85 1 204 1 66 1 2 1 6 2 72 1 90 1 91 1 207 1 175 1
15 5 25 165 2 125 1 21 1 97 1 130 1 99 1 136 1 145 1 98 1 2 1 100 1 112 1 139 1 28 1 59 1 101 1 158 1 154 1 171 7 156 1 170 2 168 2 164 1 152 1 150 1
3 1 31 137 1 102 1 106 1 6 1 12 1 50 2 105 1 169 1 208 1 209 2 211 2 212 2 36 1 4 1 47 1 191 1 178 1 192 1 42 1 182 1 189 1 185 1 196 3 218 3 168 2 170 2 190 1 149 2 219 3 179 1 174 1
6 2 19 82 1 169 2 211 1 212 1 4 1 20 1 46 1 77 1 84 1 213 1 171 7 76 1 216 1 16 1 187 1 37 1 168 2 170 2 197 1
//IdTournes NbColis
2 6
//IdColis IdCommandeInColis NbProducts IdProd1 QtyProd1 IdProd2 QtyProd2 ...
10 3 22 193 2 215 1 216 1 177 2 183 2 34 1 5 1 214 2 176 1 203 1 37 1 185 1 196 4 218 5 180 1 168 4 186 1 195 1 200 1 210 1 149 5 219 5
14 4 12 115 1 10 1 122 1 142 1 171 7 153 1 162 2 17 1 15 1 168 2 170 2 151 1
12 4 22 157 1 18 1 124 1 21 1 48 1 11 1 23 1 26 1 33 1 49 1 71 1 58 1 113 1 87 1 118 1 130 1 131 1 132 1 135 1 140 1 146 1 28 1
13 4 22 63 1 79 1 81 1 102 1 75 1 121 1 133 1 68 1 12 1 103 1 109 1 110 1 128 1 163 1 35 1 38 1 61 1 70 1 59 2 169 2 40 1 14 1
9 3 21 206 2 169 4 209 4 211 1 212 3 55 1 41 1 120 2 13 1 184 1 205 2 47 1 65 1 80 3 93 1 119 1 127 1 134 3 188 1 199 1 148 1
7 3 22 201 1 198 1 18 1 217 1 124 1 19 1 21 1 48 1 22 1 24 1 27 2 33 1 49 1 53 1 58 1 60 1 73 1 83 1 87 1 88 1 92 1 56 1
//IdTournes NbColis
3 3
//IdColis IdCommandeInColis NbProducts IdProd1 QtyProd1 IdProd2 QtyProd2 ...
17 6 19 21 2 23 1 33 1 130 1 114 1 161 1 96 1 126 1 138 1 69 1 95 1 28 1 59 1 84 1 134 2 171 1 166 1 167 1 160 2
8 3 25 129 1 130 1 144 1 44 1 79 1 81 1 75 1 78 1 121 1 161 1 90 1 126 1 56 1 69 1 35 1 39 1 59 1 61 1 57 1 86 1 141 1 155 1 181 1 160 2 159 1
4 1 1 149 1
