//NbTournees
3
//IdTournes NbColis
1 6
//IdColis IdCommandeInColis NbProducts IdProd1 QtyProd1 IdProd2 QtyProd2 ...
1 1 30 105 1 82 1 87 1 97 2 104 1 124 1 89 1 95 1 90 1 106 1 107 1 83 1 88 1 103 3 117 1 3 1 40 1 51 1 35 1 20 1 99 1 149 1 39 4 110 1 121 1 15 1 23 2 43 1 46 8 27 1
5 2 32 116 1 82 1 97 2 124 1 128 1 89 1 111 1 113 1 125 1 130 1 83 1 94 1 114 1 133 1 73 1 136 1 74 1 64 1 51 1 58 1 29 1 140 1 149 1 155 1 39 4 45 1 59 2 143 1 15 1 23 2 32 1 46 10
10 3 26 85 1 82 1 84 1 91 1 93 1 97 2 124 1 131 1 125 1 129 2 130 1 132 1 100 2 103 1 117 1 40 1 154 4 51 1 58 1 35 2 20 1 25 3 29 1 30 1 149 2 26 3
14 4 28 86 1 82 1 97 3 115 1 124 1 126 1 127 2 131 1 120 2 125 2 83 1 103 1 3 1 40 1 135 1 101 1 134 1 109 1 51 1 118 1 20 1 140 1 26 1 45 1 15 1 32 1 43 2 46 3
17 5 39 85 1 82 1 97 2 123 1 96 1 117 1 102 1 51 1 58 1 35 1 25 1 39 3 45 1 15 1 61 1 23 3 43 1 14 1 48 1 71 3 80 4 19 1 47 1 49 3 53 2 65 1 69 5 139 1 2 2 75 2 76 2 119 1 122 2 27 2 41 3 147 3 148 1 12 2 16 1
20 6 23 92 1 82 1 97 1 115 1 123 1 98 1 108 1 112 1 109 1 145 1 45 1 2 2 75 2 24 1 34 2 150 1 79 1 1 5 5 6 6 3 7 3 60 1 77 2
//IdTournes NbColis
2 6
//IdColis IdCommandeInColis NbProducts IdProd1 QtyProd1 IdProd2 QtyProd2 ...
21 7 29 153 1 86 1 152 1 97 1 123 1 151 1 113 1 132 1 94 1 73 1 74 1 145 1 25 1 26 1 80 3 47 1 69 1 75 2 54 1 42 1 57 1 150 3 79 3 1 5 5 6 6 3 7 3 60 1 77 2
2 1 14 46 8 14 2 48 1 71 6 80 2 2 6 19 1 156 30 27 5 41 3 119 1 147 1 75 2 76 1
18 5 33 67 1 137 1 24 3 21 3 54 1 144 1 56 1 62 1 10 1 22 1 28 1 57 1 78 10 79 4 34 2 17 3 18 2 60 2 63 1 66 5 68 1 77 2 81 1 1 5 5 6 6 3 7 3 8 1 9 1 146 1 37 1 36 1 38 3
7 2 21 31 5 41 3 75 8 138 11 147 6 76 8 12 1 24 5 142 1 52 5 54 5 144 4 10 2 13 1 33 1 56 2 62 3 141 3 34 5 57 3 78 3
6 2 15 46 6 14 3 48 5 55 2 71 3 80 1 2 5 11 4 19 1 65 1 139 1 156 30 27 6 31 3 76 1
15 4 28 46 3 48 3 2 3 19 1 49 2 139 1 27 4 41 2 147 1 12 2 24 3 142 4 52 1 144 4 13 1 22 3 42 2 141 3 34 4 1 6 4 2 5 8 6 5 7 4 8 1 9 1 17 4 37 1
//IdTournes NbColis
3 5
//IdColis IdCommandeInColis NbProducts IdProd1 QtyProd1 IdProd2 QtyProd2 ...
3 1 29 76 3 24 5 142 1 67 1 54 4 144 1 10 1 22 4 33 1 141 3 42 1 62 2 57 2 79 2 1 6 4 2 5 8 6 5 7 4 8 1 9 3 18 1 60 3 66 1 68 3 70 6 77 3 81 1 36 1
12 3 28 13 1 22 1 28 2 33 1 44 1 141 4 56 1 34 2 57 2 78 5 79 3 1 6 5 7 6 4 7 4 8 1 17 4 18 1 37 1 50 2 60 1 66 2 68 1 72 3 77 3 81 2 36 2 38 1
11 3 25 39 1 45 1 143 1 59 1 23 3 32 1 46 16 61 1 55 2 71 2 80 2 2 6 49 3 156 6 27 1 41 1 147 2 75 2 76 6 24 3 142 1 67 3 52 1 144 2 54 5
8 2 19 78 2 79 4 1 5 4 1 5 6 6 4 7 3 8 2 9 2 17 3 18 3 60 2 66 6 68 2 70 2 72 2 77 2 36 2 38 2
16 4 1 36 1
