//NbTournees
7
//IdTournes NbColis
1 6
//IdColis IdCommandeInColis NbProducts IdProd1 QtyProd1 IdProd2 QtyProd2 ...
31 10 24 25 1 191 1 8 1 46 1 194 2 253 1 259 1 110 1 256 1 286 1 5 1 9 1 30 2 33 1 64 1 294 1 248 1 7 1 251 1 136 2 161 1 165 1 235 1 115 1
1 1 12 25 2 28 1 220 1 123 1 169 2 88 1 49 1 311 1 273 1 75 3 327 2 1 1
3 1 32 150 2 131 3 112 1 124 1 362 1 189 2 360 2 86 1 113 1 84 1 1 1 15 1 164 1 172 1 230 1 340 1 192 1 13 1 178 2 79 1 104 1 106 1 185 3 66 1 98 1 125 2 144 2 145 2 197 1 154 3 190 3 120 2
6 2 39 67 1 73 1 82 1 108 1 68 1 34 1 65 1 140 1 121 1 51 1 136 2 162 1 14 1 61 1 85 1 94 1 38 1 112 1 124 1 186 1 1 1 157 1 172 1 54 1 126 1 192 1 143 1 334 1 146 1 177 2 178 2 370 1 104 1 106 1 185 2 228 1 98 1 125 1 198 1
30 9 35 149 1 171 1 1 1 284 1 172 1 160 2 182 1 192 1 96 1 269 1 282 1 129 1 280 1 146 1 178 2 272 1 104 1 106 1 185 2 125 1 98 1 144 2 145 2 197 1 154 2 190 2 166 1 122 1 170 1 198 1 291 2 99 1 276 1 155 1 196 1
8 3 12 19 1 39 2 151 1 220 1 8 1 35 2 212 1 310 1 232 1 308 1 2 1 29 1
//IdTournes NbColis
2 6
//IdColis IdCommandeInColis NbProducts IdProd1 QtyProd1 IdProd2 QtyProd2 ...
9 3 26 2 1 12 1 81 2 42 1 332 1 5 1 9 1 30 2 33 1 64 2 267 1 336 1 206 2 7 1 34 1 65 1 77 1 318 1 159 1 153 1 202 1 307 1 59 1 320 1 18 2 24 1
29 9 26 8 1 90 1 265 1 2 1 258 1 194 1 16 1 255 1 299 3 69 1 5 1 9 1 30 2 33 1 64 1 137 1 199 1 257 1 261 1 200 1 130 1 279 1 281 1 18 1 158 1 100 1
37 12 37 102 1 220 1 2 1 249 1 5 1 9 1 30 1 33 1 64 1 275 1 234 1 7 1 65 1 285 1 140 1 301 1 162 1 186 1 289 1 295 1 181 1 172 1 133 1 302 1 182 1 192 1 296 1 177 1 178 1 262 1 185 2 228 1 104 1 106 1 98 1 125 1 229 1
34 11 25 22 1 49 1 265 1 273 1 241 1 288 1 210 1 43 1 242 1 204 1 266 2 80 1 236 1 260 1 267 1 270 1 206 1 268 1 140 1 200 2 264 1 136 2 167 1 298 1 186 1
2 1 26 312 1 41 1 43 1 31 1 45 1 47 1 3 1 313 1 319 1 176 1 5 2 9 1 30 2 33 2 36 1 64 2 316 1 321 1 105 1 117 1 206 1 7 1 257 1 317 1 168 1 23 1
5 2 24 217 1 20 1 35 1 52 1 92 1 221 1 76 1 174 1 193 1 41 1 17 1 187 1 227 1 47 1 138 1 83 1 80 1 5 1 9 1 30 2 33 1 62 1 64 1 186 1
//IdTournes NbColis
3 6
//IdColis IdCommandeInColis NbProducts IdProd1 QtyProd1 IdProd2 QtyProd2 ...
12 4 23 211 1 232 1 91 1 351 1 221 1 70 1 75 1 81 1 46 1 87 1 16 1 27 2 10 1 286 1 50 1 69 1 78 1 5 1 9 1 30 2 33 1 64 2 103 1
14 4 20 4 1 185 4 104 1 66 2 345 1 346 1 98 2 125 2 197 2 144 3 145 3 183 1 190 4 154 4 198 2 120 2 348 1 188 2 208 2 216 1
15 5 18 44 1 25 1 37 1 217 1 8 1 123 1 48 1 43 1 16 1 63 1 47 1 349 1 57 1 50 1 337 1 5 1 9 1 59 1
18 6 20 152 1 217 1 20 1 22 2 35 1 367 1 232 1 49 1 92 1 221 1 81 1 43 1 40 1 29 1 60 1 69 1 5 1 9 1 30 1 363 1
22 7 27 308 1 52 1 70 1 43 1 46 2 243 1 45 1 47 1 238 1 256 1 313 1 266 1 328 1 286 1 5 1 9 1 30 2 33 1 64 1 73 1 245 1 251 1 335 1 121 1 326 1 159 1 96 1
26 8 23 35 1 211 1 306 1 308 1 52 1 221 1 70 1 81 1 343 1 43 1 46 2 41 1 87 1 246 1 227 1 5 1 9 1 30 2 33 1 64 1 270 1 338 1 333 1
//IdTournes NbColis
4 6
//IdColis IdCommandeInColis NbProducts IdProd1 QtyProd1 IdProd2 QtyProd2 ...
40 13 27 372 1 60 1 83 1 80 1 337 1 5 2 9 1 30 2 33 2 260 1 377 1 378 1 62 1 64 2 321 1 267 1 74 1 381 1 382 1 341 1 385 1 7 2 11 1 251 1 65 1 317 1 133 1
42 13 36 178 2 4 1 373 1 104 1 106 1 185 3 383 1 345 1 98 2 125 2 144 3 145 3 197 2 384 1 134 2 154 3 190 2 291 2 122 2 198 2 387 1 135 1 214 2 396 1 274 2 402 2 391 1 393 2 397 2 213 1 278 1 388 2 392 1 196 1 208 1 216 1
10 3 40 58 1 112 1 350 1 209 1 233 1 315 1 113 1 157 1 172 1 6 1 230 1 224 1 192 1 32 1 201 1 250 1 280 1 205 1 178 2 109 1 344 1 262 1 185 2 104 1 106 1 125 1 98 1 197 1 144 2 145 2 154 2 190 2 203 1 198 1 120 1 214 1 274 1 354 1 208 1 216 1
32 10 41 195 1 24 1 38 1 23 1 290 1 128 1 124 1 139 1 287 1 141 1 179 1 181 1 149 2 239 1 164 2 172 1 6 1 192 1 250 1 280 1 109 1 146 1 175 1 177 1 178 2 185 2 104 1 106 1 125 1 98 1 144 2 145 2 292 1 134 1 154 2 190 2 120 1 115 1 163 1 184 1 278 1
13 4 31 73 1 341 1 105 1 21 1 7 1 11 1 77 1 339 1 53 1 136 2 159 2 56 1 26 2 356 1 58 1 139 1 189 2 225 1 86 1 329 1 218 1 71 1 172 1 224 1 160 1 192 2 72 1 331 1 178 3 79 1 106 1
27 8 34 156 1 82 2 237 1 251 1 342 1 200 1 223 1 264 1 167 2 153 1 226 1 314 1 59 2 61 1 323 1 89 1 244 1 103 1 180 1 186 2 325 1 304 1 324 1 284 1 172 1 96 1 126 2 133 1 192 1 334 1 111 1 175 1 178 2 104 1
//IdTournes NbColis
5 6
//IdColis IdCommandeInColis NbProducts IdProd1 QtyProd1 IdProd2 QtyProd2 ...
21 7 11 44 1 305 1 240 1 358 1 152 1 35 1 123 2 173 1 90 1 91 1 12 1
39 13 17 374 1 376 1 220 1 400 1 91 1 375 1 308 1 49 1 401 1 241 1 379 1 43 2 380 1 47 2 394 2 371 1 277 1
16 5 39 30 1 33 1 64 1 73 1 82 1 65 1 268 1 56 1 18 1 38 2 353 3 131 1 124 1 186 1 355 2 172 1 322 1 192 1 178 2 344 1 263 1 272 1 104 1 106 1 185 2 66 1 98 1 125 1 144 2 145 2 347 1 154 2 190 2 120 1 276 1 293 1 352 1 278 1 184 1
19 6 35 33 1 62 1 64 1 67 1 74 1 55 1 117 1 206 1 34 1 65 1 200 1 121 1 136 2 167 1 226 1 202 1 59 1 279 1 215 2 369 1 18 1 112 1 189 1 209 1 84 1 181 1 172 1 364 1 133 1 192 1 365 1 109 1 296 1 368 1 145 1
35 11 41 153 1 56 1 59 1 271 1 18 1 131 1 181 1 218 1 172 1 118 2 160 1 192 1 96 1 129 1 277 1 111 1 178 2 146 1 263 1 185 2 228 1 104 1 106 1 125 1 98 1 144 2 145 2 222 1 197 1 154 2 190 2 219 1 120 1 198 1 214 2 274 1 213 1 184 1 207 1 100 1 297 1
41 13 34 268 1 121 1 301 1 51 1 318 1 298 2 202 1 85 1 18 1 356 1 399 2 350 1 124 1 139 1 398 1 361 1 395 1 113 1 355 2 390 1 141 1 179 2 149 1 171 1 157 1 172 1 192 2 365 2 386 1 296 1 389 1 368 2 178 1 190 1
//IdTournes NbColis
6 6
//IdColis IdCommandeInColis NbProducts IdProd1 QtyProd1 IdProd2 QtyProd2 ...
25 8 9 252 1 254 1 25 1 102 1 151 1 220 1 191 3 20 2 340 1
23 7 40 167 1 244 1 26 1 93 1 103 1 180 1 131 2 97 1 112 1 357 1 359 1 361 1 86 1 355 1 181 1 172 1 118 1 133 1 192 1 95 1 330 1 146 1 178 2 104 1 106 1 185 2 98 1 125 1 144 2 145 2 154 2 183 1 190 2 116 1 120 1 135 1 115 2 100 1 114 2 148 1
28 8 17 247 1 309 1 106 1 185 2 98 1 125 1 144 2 145 2 197 1 154 2 190 2 122 1 198 1 132 1 142 1 119 1 101 1
20 6 18 205 1 178 1 79 1 104 1 106 1 185 2 231 1 98 1 125 1 197 1 144 1 154 2 183 1 190 2 198 1 120 1 366 1 352 1
7 2 12 144 2 145 2 197 1 154 2 183 1 190 2 219 1 99 1 120 1 107 1 278 1 188 1
38 12 12 144 1 145 1 154 2 303 1 190 2 198 1 122 1 132 1 107 1 293 1 283 1 300 1
//IdTournes NbColis
7 2
//IdColis IdCommandeInColis NbProducts IdProd1 QtyProd1 IdProd2 QtyProd2 ...
4 1 2 198 1 127 1
33 10 1 147 2
