//NbTournees
2
//IdTournes NbColis
1 6
//IdColis IdCommandeInColis NbProducts IdProd1 QtyProd1 IdProd2 QtyProd2 ...
1 1 36 122 1 26 1 35 1 54 2 101 1 84 1 1 1 88 1 5 1 9 1 108 1 70 1 2 1 3 2 18 2 58 2 109 1 104 1 119 1 105 2 111 1 114 2 115 1 91 1 95 2 118 1 103 1 120 1 97 1 98 1 92 1 121 1 89 2 90 1 102 5 110 5
6 2 30 112 2 153 1 13 2 41 1 42 1 48 1 56 2 57 1 79 1 80 2 128 1 131 1 134 1 15 1 155 1 2 2 3 3 18 3 58 3 150 1 136 1 133 1 52 1 130 1 67 1 142 1 151 1 77 1 127 2 89 3
9 3 34 81 1 82 1 83 1 39 1 21 1 59 1 96 1 11 1 30 1 38 2 44 1 72 1 112 1 13 1 5 1 46 1 78 1 2 2 3 3 18 3 58 3 52 1 67 2 94 1 106 1 111 1 117 2 107 1 99 1 93 1 113 1 87 1 85 1 89 3
5 2 26 7 1 63 1 66 1 146 1 4 1 33 1 22 1 50 1 51 1 60 1 75 1 137 1 61 1 64 1 126 1 132 2 6 1 65 1 88 2 141 1 30 2 47 2 32 1 74 1 27 1 129 1
8 3 20 29 1 14 2 76 1 34 1 55 1 12 1 40 2 73 3 17 1 28 1 62 1 68 1 7 1 43 1 63 1 100 1 69 1 33 1 49 1 45 1
3 2 14 145 1 158 1 157 1 116 1 8 2 71 1 25 1 29 1 19 2 76 1 31 1 34 1 149 2 21 1
//IdTournes NbColis
2 3
//IdColis IdCommandeInColis NbProducts IdProd1 QtyProd1 IdProd2 QtyProd2 ...
4 2 15 10 2 23 3 73 3 16 2 17 2 20 1 24 1 28 2 36 1 37 1 53 1 68 2 35 1 54 1 9 1
7 2 26 124 2 105 2 111 1 114 2 115 1 139 1 138 1 148 1 147 1 95 1 103 1 152 1 129 1 135 3 140 1 154 2 144 1 113 2 143 3 125 1 123 2 89 3 102 5 110 5 156 3 86 1
10 3 3 102 5 110 5 86 2
