//NbTournees
7
//IdTournes NbColis
1 6
//IdColis IdCommandeInColis NbProducts IdProd1 QtyProd1 IdProd2 QtyProd2 ...
7 1 19 366 1 117 1 145 1 5 2 8 1 36 1 67 1 347 1 350 2 1 1 2 1 41 1 58 1 66 1 70 2 74 2 76 1 335 1 88 1
13 1 24 156 2 176 1 3 1 31 1 343 1 151 1 255 2 307 2 315 2 376 2 84 1 86 2 90 2 96 2 121 2 144 2 170 1 192 1 103 2 77 1 337 2 299 1 131 2 30 1
4 1 5 28 1 53 1 62 2 60 1 4 1
24 2 16 354 2 356 1 366 2 117 1 145 1 36 1 67 1 350 2 6 2 34 2 35 2 55 2 41 1 334 1 335 1 380 1
30 2 24 192 1 261 1 103 1 229 2 263 2 299 2 131 1 183 2 178 1 7 2 42 2 43 2 228 2 239 2 303 2 308 2 221 2 153 1 88 1 267 2 238 1 281 2 243 1 367 1
39 3 24 51 1 342 1 151 1 214 1 255 2 307 1 315 2 86 2 121 2 144 2 170 1 192 1 103 1 131 2 178 2 7 2 42 2 43 2 221 2 239 2 308 2 153 2 88 2 211 1
//IdTournes NbColis
2 6
//IdColis IdCommandeInColis NbProducts IdProd1 QtyProd1 IdProd2 QtyProd2 ...
15 1 29 282 1 345 1 330 2 180 3 185 2 360 1 300 3 9 2 10 2 45 2 351 2 353 1 309 2 233 1 218 2 219 3 240 2 318 1 119 1 210 1 212 2 313 1 344 1 191 1 246 1 38 2 39 2 40 2 57 1
32 2 38 305 1 10 1 45 1 353 1 309 2 233 1 266 2 240 2 295 1 311 1 318 1 379 2 218 2 219 2 222 1 276 1 313 1 344 1 210 1 212 2 382 2 386 1 392 1 191 1 246 1 38 1 39 1 40 1 48 2 205 1 383 1 175 1 182 2 193 2 201 2 230 1 249 1 387 1
40 3 36 238 1 243 1 78 2 231 2 322 2 323 2 198 2 200 2 226 1 180 2 185 2 10 1 45 2 353 1 218 2 219 2 233 1 240 2 318 1 119 1 210 1 212 2 313 1 246 1 38 2 39 1 40 1 48 2 201 2 230 1 249 1 193 2 227 1 203 1 314 1 326 2
11 1 22 165 1 372 1 11 2 29 1 25 1 56 1 72 1 75 3 171 1 370 1 340 2 289 1 15 2 17 2 247 2 49 1 91 1 92 2 105 2 110 2 128 2 135 1
27 2 26 216 1 52 2 65 2 331 1 355 1 359 2 188 2 310 1 321 2 220 1 24 1 85 1 93 1 97 1 101 1 104 1 107 1 118 1 124 1 125 1 150 1 161 1 165 1 11 2 25 1 29 1
37 3 25 141 1 13 2 20 2 21 1 32 1 46 2 253 1 189 1 187 1 216 1 220 1 93 1 100 1 104 1 150 1 161 1 165 1 11 2 25 1 29 1 171 1 340 2 75 2 247 1 103 1
//IdTournes NbColis
3 6
//IdColis IdCommandeInColis NbProducts IdProd1 QtyProd1 IdProd2 QtyProd2 ...
25 2 20 335 1 339 2 341 1 364 1 368 2 369 2 371 1 74 2 206 1 235 1 102 1 132 1 79 1 116 1 140 1 114 1 143 1 202 1 291 1 12 1
28 2 29 171 1 340 2 75 2 289 2 15 1 17 1 247 2 87 1 49 1 83 1 91 1 92 1 105 1 110 1 128 1 137 1 139 1 148 1 152 1 154 1 162 1 208 1 224 1 284 1 292 1 297 2 260 1 12 1 95 1
38 3 23 247 1 49 1 91 1 92 2 105 2 110 2 137 1 139 2 148 2 152 1 154 2 162 2 164 1 12 2 94 1 179 1 256 2 82 1 147 2 155 2 156 2 47 1 211 1
9 1 22 116 1 140 2 114 1 130 2 146 2 168 1 13 1 19 1 22 1 23 1 112 1 115 1 136 2 157 2 189 1 253 1 108 1 111 1 113 2 120 1 127 1 226 1
26 2 24 291 1 141 1 13 2 20 2 21 1 22 1 23 1 32 1 46 2 112 1 115 1 136 1 157 1 319 1 189 1 253 1 111 1 113 1 159 1 163 1 16 1 187 2 262 2 78 1
12 1 20 135 1 137 1 139 2 148 2 152 1 154 2 162 2 169 2 172 2 332 2 14 1 95 1 179 2 256 3 80 1 81 1 99 2 147 2 155 2 31 1
//IdTournes NbColis
4 6
//IdColis IdCommandeInColis NbProducts IdProd1 QtyProd1 IdProd2 QtyProd2 ...
10 1 20 142 1 163 2 358 1 16 2 187 3 262 1 216 2 220 1 24 2 85 1 93 1 97 1 101 2 104 1 107 2 118 2 124 1 125 2 150 1 161 1
1 1 4 63 2 64 1 18 1 241 1
2 1 4 64 1 71 2 18 1 241 1
19 2 4 71 1 73 2 18 1 204 1
20 2 4 63 2 64 1 18 1 204 1
21 2 4 64 1 357 1 26 2 133 1
//IdTournes NbColis
5 6
//IdColis IdCommandeInColis NbProducts IdProd1 QtyProd1 IdProd2 QtyProd2 ...
3 1 4 73 2 357 1 28 1 241 1
5 1 6 338 2 60 1 349 1 27 1 377 2 160 1
22 2 6 28 2 53 1 338 1 44 1 109 1 180 1
23 2 16 123 1 134 1 138 1 89 1 177 1 33 2 37 1 50 2 68 2 69 2 129 1 158 1 167 1 333 1 336 1 108 1
36 3 16 44 1 160 1 158 1 36 1 350 2 41 1 335 2 339 2 363 2 364 1 369 2 74 2 98 1 132 1 141 1 187 1
14 1 28 178 2 61 2 352 2 54 1 59 1 153 2 88 1 267 1 273 1 238 1 281 1 243 2 301 1 236 1 78 2 367 1 197 3 198 3 200 2 231 2 211 3 296 1 322 2 323 3 269 1 270 1 280 1 173 1
//IdTournes NbColis
6 6
//IdColis IdCommandeInColis NbProducts IdProd1 QtyProd1 IdProd2 QtyProd2 ...
6 1 11 44 2 378 1 109 1 271 2 122 2 149 1 166 2 177 2 50 1 106 2 158 1
16 1 39 48 2 365 1 182 2 193 2 201 3 230 1 249 1 227 1 268 3 194 2 314 1 203 2 326 3 174 2 199 2 223 1 234 1 257 3 258 1 259 2 215 1 272 1 242 1 244 1 245 3 251 2 209 2 213 1 254 2 329 2 237 1 265 1 217 2 248 3 316 2 328 1 232 1 250 3 252 2
29 2 29 179 1 298 1 256 2 384 1 80 1 81 1 99 1 147 1 155 1 156 1 176 1 47 1 346 1 51 1 151 1 255 2 302 1 306 2 307 1 315 2 214 1 86 1 96 1 121 1 144 1 170 1 186 2 190 2 231 1
8 1 16 348 1 361 1 362 1 363 2 364 1 369 2 339 3 373 1 374 1 375 2 98 2 126 2 132 1 79 2 116 1 213 1
33 2 52 387 1 227 1 268 2 275 1 312 2 203 1 314 1 326 2 173 1 174 2 199 2 209 2 223 1 234 1 215 1 277 2 242 1 244 1 245 2 251 1 257 2 258 1 259 2 385 2 272 1 380 1 213 2 181 2 283 2 241 2 254 1 329 2 184 2 196 2 207 2 237 1 265 1 278 1 279 1 293 1 248 2 304 2 316 2 327 2 328 1 217 2 390 2 391 2 225 2 232 1 250 2 252 1
41 3 21 173 1 174 2 215 1 223 1 234 1 242 1 244 1 245 2 251 1 199 2 213 2 241 2 254 1 329 2 217 2 248 2 316 2 328 1 232 1 250 2 252 2
//IdTournes NbColis
7 2
//IdColis IdCommandeInColis NbProducts IdProd1 QtyProd1 IdProd2 QtyProd2 ...
31 2 34 287 2 290 1 294 1 301 2 325 1 273 2 195 2 197 2 198 1 200 2 231 1 264 2 285 1 296 1 317 1 322 2 323 2 324 1 211 2 381 1 389 1 288 1 226 1 274 1 280 1 282 1 286 1 320 2 330 2 180 1 185 2 388 2 300 2 305 1
34 2 1 252 1
