//NbTournees
6
//IdTournes NbColis
1 6
//IdColis IdCommandeInColis NbProducts IdProd1 QtyProd1 IdProd2 QtyProd2 ...
4 1 18 19 1 63 3 66 2 31 3 46 2 48 2 43 2 50 2 61 1 23 6 24 6 47 2 67 1 68 4 112 3 38 1 44 1 52 2
8 2 27 13 1 93 2 94 3 6 1 45 2 16 1 21 2 60 1 14 1 19 1 66 2 22 2 122 1 43 2 46 2 48 2 50 2 61 1 23 4 24 5 47 2 67 1 68 4 112 3 20 1 44 2 52 2
12 3 26 94 2 97 1 96 2 45 1 26 2 21 2 69 1 81 1 113 1 66 2 22 4 46 2 48 2 43 2 50 1 61 1 23 5 24 5 68 4 47 2 67 1 112 3 25 3 20 3 52 1 44 2
16 4 35 32 2 28 1 114 1 30 1 45 1 124 1 26 4 70 1 127 1 21 2 69 1 29 1 8 1 63 1 64 1 66 1 72 1 125 1 22 3 31 2 46 1 43 1 48 1 50 1 61 1 109 1 27 1 23 4 24 4 67 1 68 3 47 1 112 2 33 2 52 1
21 5 21 26 6 95 1 21 3 129 1 19 1 49 1 66 1 31 3 43 3 46 3 48 3 50 2 61 1 23 6 24 6 47 3 67 1 68 3 112 2 44 2 52 3
27 6 21 26 1 21 3 129 2 19 1 49 1 88 1 66 1 31 4 46 4 48 3 43 4 50 3 61 1 23 4 24 1 47 4 68 3 67 1 112 2 52 3 44 3
//IdTournes NbColis
2 6
//IdColis IdCommandeInColis NbProducts IdProd1 QtyProd1 IdProd2 QtyProd2 ...
32 7 22 21 2 100 1 66 1 130 1 22 4 31 3 46 2 43 2 48 2 50 1 61 1 109 1 27 2 23 5 24 5 47 2 67 1 68 3 112 2 20 3 52 2 44 2
37 8 16 14 1 22 3 31 3 46 2 48 2 50 2 61 1 43 2 23 6 24 6 47 2 67 1 68 4 112 3 44 1 52 2
42 9 19 22 4 31 3 46 2 43 2 48 2 50 2 61 1 115 1 23 5 24 5 47 2 67 1 68 3 112 2 38 1 25 3 20 3 44 2 52 2
1 1 13 42 1 1 3 7 3 10 2 17 1 62 3 41 3 99 1 92 2 101 3 111 3 12 2 2 1
6 2 15 121 2 42 1 1 3 17 1 7 3 10 2 41 2 62 2 99 1 92 2 101 3 111 3 58 1 59 1 23 1
10 3 15 121 1 42 1 1 3 17 1 7 3 10 2 41 2 62 2 99 1 92 2 101 3 111 3 104 1 15 2 6 1
//IdTournes NbColis
3 6
//IdColis IdCommandeInColis NbProducts IdProd1 QtyProd1 IdProd2 QtyProd2 ...
11 3 16 18 2 5 2 4 2 56 2 40 1 57 3 80 2 65 1 54 3 55 3 2 1 11 3 13 3 93 2 94 1 52 1
14 4 15 42 1 1 3 17 1 7 2 10 2 41 2 62 2 111 3 99 1 92 2 101 2 59 3 104 2 15 2 44 1
18 5 11 42 1 1 4 17 1 7 4 41 3 92 3 62 3 99 1 111 4 10 3 51 1
23 6 10 87 2 42 1 17 1 41 4 62 4 99 2 92 3 101 5 111 4 1 1
25 6 10 40 2 79 1 55 5 54 5 65 2 89 6 90 5 91 1 13 4 52 1
29 7 16 121 1 42 1 17 1 41 2 92 2 101 3 62 1 99 1 111 1 1 1 7 3 10 2 132 1 36 6 74 1 75 1
//IdTournes NbColis
4 6
//IdColis IdCommandeInColis NbProducts IdProd1 QtyProd1 IdProd2 QtyProd2 ...
34 8 12 42 1 17 1 62 3 41 3 99 1 92 3 101 3 111 3 1 3 7 3 10 3 114 1
39 9 12 42 1 17 1 82 3 99 1 92 3 101 4 111 3 1 3 7 4 10 3 132 1 114 1
2 1 12 3 3 4 3 5 3 11 3 13 4 18 3 54 3 55 3 56 3 40 1 110 2 44 1
20 5 15 94 2 65 1 89 4 90 3 2 1 4 3 11 4 13 4 53 2 96 2 97 1 98 3 45 2 128 1 44 1
36 8 19 94 3 2 1 4 3 11 3 13 4 15 2 3 1 6 1 45 2 16 1 26 6 21 2 69 2 60 1 19 1 66 2 64 4 120 1 44 1
3 1 16 89 4 65 1 93 3 94 4 9 2 6 1 85 2 97 1 84 1 39 5 45 2 26 6 21 3 60 2 8 2 14 1
//IdTournes NbColis
5 6
//IdColis IdCommandeInColis NbProducts IdProd1 QtyProd1 IdProd2 QtyProd2 ...
26 6 12 13 2 93 4 94 6 2 2 4 4 11 1 34 4 136 1 137 1 123 1 45 3 26 6
31 7 20 65 1 106 1 2 1 4 2 11 3 13 3 15 2 71 1 105 1 108 1 83 1 131 1 37 1 102 5 107 2 77 1 6 1 45 1 26 5 133 1
41 9 18 93 1 94 4 2 1 4 2 11 3 13 4 15 3 83 2 45 2 26 5 116 1 21 2 60 1 19 1 113 1 66 1 14 1 135 4
7 2 16 59 2 104 1 15 2 18 2 5 2 4 2 11 3 40 1 57 3 54 3 55 3 56 2 106 1 2 1 65 1 13 2
30 7 15 75 5 76 1 104 1 35 1 5 2 18 2 73 1 40 1 54 3 55 3 56 2 93 2 94 3 57 3 103 1
24 6 10 1 3 7 5 10 3 86 1 78 1 3 4 18 4 5 4 56 4 34 1
//IdTournes NbColis
6 4
//IdColis IdCommandeInColis NbProducts IdProd1 QtyProd1 IdProd2 QtyProd2 ...
15 4 18 18 2 5 2 40 1 57 3 65 1 54 2 55 2 56 2 2 1 4 2 11 2 110 1 13 3 93 2 94 3 71 1 6 1 126 1
19 5 11 101 4 3 3 18 3 5 3 40 1 54 4 55 4 56 3 93 3 94 2 53 1
35 8 14 104 3 134 2 5 3 18 3 54 3 55 3 56 3 40 1 57 3 89 1 118 1 65 1 93 3 94 1
40 9 13 132 2 18 3 5 3 54 4 55 4 56 3 40 1 57 4 117 1 65 1 118 2 119 1 93 2
