//NbTournees
13
//IdTournes NbColis
1 6
//IdColis IdCommandeInColis NbProducts IdProd1 QtyProd1 IdProd2 QtyProd2 ...
5 1 34 23 1 50 1 108 1 116 1 124 1 140 1 120 1 157 1 77 1 1 1 51 1 52 1 78 1 88 2 125 2 136 2 94 2 103 1 65 1 147 1 98 1 109 3 93 1 87 2 7 1 9 1 114 1 62 1 154 2 175 1 111 1 86 1 96 1 102 1
9 2 7 56 1 146 1 39 1 34 1 36 2 1 1 177 1
1 1 8 2 1 6 2 11 1 14 1 134 1 177 1 180 1 68 1
7 2 6 2 1 6 2 11 1 14 1 130 1 12 1
13 3 5 2 1 3 2 30 1 48 1 87 1
19 4 5 2 1 3 2 30 1 47 1 87 1
//IdTournes NbColis
2 6
//IdColis IdCommandeInColis NbProducts IdProd1 QtyProd1 IdProd2 QtyProd2 ...
26 5 5 2 1 3 2 30 1 47 1 87 1
32 6 5 2 1 11 2 6 1 16 1 87 1
41 7 5 2 1 3 2 11 1 48 1 87 1
48 8 7 2 1 11 1 30 1 6 1 18 1 151 1 25 1
55 9 8 2 1 3 1 19 2 14 1 134 1 41 1 24 1 60 1
62 10 8 2 1 6 1 11 1 19 1 14 1 42 1 145 1 25 1
//IdTournes NbColis
3 6
//IdColis IdCommandeInColis NbProducts IdProd1 QtyProd1 IdProd2 QtyProd2 ...
67 11 5 2 1 11 1 6 2 16 1 87 1
78 13 5 2 1 30 1 6 2 16 1 87 1
59 9 24 152 1 128 1 133 1 207 2 151 1 130 1 189 1 190 1 108 1 124 1 140 1 15 1 197 1 64 1 26 1 191 1 213 1 51 2 52 1 78 1 88 2 158 1 198 1 186 1
24 4 23 136 1 103 1 65 1 4 1 122 1 109 2 104 1 114 1 62 1 12 1 168 1 199 1 154 1 111 1 218 2 86 1 214 1 215 1 102 1 110 2 24 1 60 1 45 1
46 7 31 130 1 151 1 66 1 80 1 81 1 172 1 23 1 67 1 108 1 140 1 29 1 77 2 51 1 52 1 82 1 88 2 136 1 103 1 202 1 203 1 4 2 118 1 153 1 12 1 200 1 154 1 149 1 145 1 110 1 180 1 68 1
10 2 19 148 1 152 2 97 1 80 1 81 1 66 2 172 1 23 1 50 1 108 1 116 1 124 1 140 2 5 1 43 1 77 1 51 1 52 1 37 1
//IdTournes NbColis
4 6
//IdColis IdCommandeInColis NbProducts IdProd1 QtyProd1 IdProd2 QtyProd2 ...
85 13 22 66 1 172 2 23 2 240 2 174 1 108 1 116 2 124 1 254 1 140 2 5 1 232 2 233 2 43 1 230 2 71 1 77 1 239 1 234 2 235 2 236 1 243 1
16 3 8 34 1 36 2 148 1 152 2 133 1 13 1 27 1 194 1
33 6 5 6 1 30 1 38 2 16 1 9 1
68 11 5 30 1 49 2 38 1 16 1 87 1
74 12 6 30 1 19 1 38 1 56 1 16 1 87 1
79 13 4 11 2 19 2 16 1 87 1
//IdTournes NbColis
5 6
//IdColis IdCommandeInColis NbProducts IdProd1 QtyProd1 IdProd2 QtyProd2 ...
52 8 20 152 2 112 1 23 1 79 1 80 1 81 1 66 2 172 1 17 1 83 3 85 1 108 1 116 1 124 2 140 2 70 1 73 1 129 1 111 1 68 1
38 6 23 126 1 130 1 151 1 66 2 80 1 81 2 167 2 23 2 67 1 108 2 124 1 140 3 116 2 64 1 115 1 121 1 129 1 28 1 37 1 59 1 51 1 63 1 45 2
2 1 7 30 1 49 2 38 1 34 1 160 1 179 1 45 1
8 2 6 30 1 49 2 38 1 34 1 151 1 154 1
42 7 6 19 2 20 1 30 1 48 1 209 1 179 1
56 9 8 30 1 6 1 11 1 38 1 34 1 160 1 25 1 45 1
//IdTournes NbColis
6 6
//IdColis IdCommandeInColis NbProducts IdProd1 QtyProd1 IdProd2 QtyProd2 ...
63 10 7 30 1 38 1 39 1 56 1 34 1 130 1 12 1
36 6 8 32 2 18 1 31 1 35 1 34 2 36 1 24 1 60 2
44 7 10 31 1 33 1 18 1 35 1 150 1 226 1 14 1 13 1 21 1 177 1
50 8 8 39 1 56 1 146 1 31 1 35 1 13 1 171 1 181 1
70 11 9 31 1 18 1 35 1 150 2 14 1 34 2 41 1 24 1 45 1
82 13 7 31 1 18 1 8 2 35 1 150 2 128 1 122 1
//IdTournes NbColis
7 6
//IdColis IdCommandeInColis NbProducts IdProd1 QtyProd1 IdProd2 QtyProd2 ...
49 8 6 6 1 49 2 38 1 8 1 130 1 45 1
80 13 4 38 2 56 2 231 1 7 1
35 6 6 146 1 49 2 8 2 159 1 130 1 161 1
69 11 7 39 1 146 1 56 1 57 1 8 1 130 1 25 1
84 13 15 152 2 133 1 92 1 247 1 229 3 76 1 134 1 223 1 257 2 130 1 151 1 80 1 81 2 66 1 175 1
11 2 30 78 1 88 2 158 1 105 1 107 1 65 1 155 1 184 2 87 1 9 1 170 1 104 1 114 1 153 1 169 1 178 1 62 1 175 1 149 1 145 1 123 1 90 2 100 2 102 1 110 3 181 2 24 1 68 1 25 1 45 1
//IdTournes NbColis
8 6
//IdColis IdCommandeInColis NbProducts IdProd1 QtyProd1 IdProd2 QtyProd2 ...
17 3 30 211 1 151 1 130 1 195 1 140 2 108 1 116 1 124 1 43 1 77 1 84 1 37 1 51 1 52 1 78 1 88 2 158 1 106 2 105 1 162 2 142 1 107 1 65 1 203 1 220 1 109 1 217 1 9 1 69 1 62 1
21 4 6 20 1 56 1 57 1 165 1 48 1 9 1
27 5 5 11 1 19 2 39 1 48 1 9 1
53 8 26 59 1 51 2 52 1 82 1 88 2 216 1 158 1 105 2 142 3 107 1 22 2 65 1 225 1 109 4 217 1 87 1 9 2 114 1 62 1 12 1 224 1 161 1 218 2 222 1 24 1 177 1
60 9 18 136 1 103 1 65 1 87 2 9 1 193 1 62 1 12 1 154 1 212 1 149 1 145 1 208 1 218 1 222 1 99 1 206 1 110 1
65 10 31 167 1 66 1 23 1 108 1 116 1 124 1 140 1 43 1 113 2 182 1 37 1 44 1 51 1 52 1 82 1 91 1 139 1 136 1 141 1 65 1 9 1 118 2 127 1 137 2 138 1 153 2 62 1 41 1 24 1 68 1 45 1
//IdTournes NbColis
9 6
//IdColis IdCommandeInColis NbProducts IdProd1 QtyProd1 IdProd2 QtyProd2 ...
76 12 32 130 1 151 1 108 1 116 1 117 1 124 1 140 1 43 1 121 1 157 1 74 1 59 1 51 1 52 1 78 1 88 1 158 1 132 1 136 1 65 1 109 1 9 1 114 2 62 1 75 1 12 2 111 1 86 1 99 1 96 1 102 1 101 1
81 13 6 57 1 165 1 39 1 146 1 231 1 9 1
86 13 44 236 1 237 1 251 1 51 2 52 1 78 1 88 2 253 1 198 2 106 1 255 1 94 1 245 1 246 1 103 1 250 1 65 1 203 1 72 1 9 1 249 1 95 1 114 1 238 1 62 1 168 1 154 1 175 1 242 1 212 1 248 1 156 1 145 1 111 4 252 1 131 1 256 1 86 1 241 1 244 1 214 2 99 1 181 1 96 1
30 5 26 151 1 108 1 124 1 140 1 46 1 43 1 37 1 51 1 52 1 59 1 82 1 88 1 216 1 204 1 65 1 93 1 219 1 201 1 12 1 61 1 145 1 222 1 41 1 24 1 68 1 45 1
4 1 12 36 2 148 1 152 2 128 1 133 1 10 1 151 1 80 1 81 1 66 2 172 1 168 1
14 3 6 11 1 19 2 39 1 14 1 207 1 111 1
//IdTournes NbColis
10 6
//IdColis IdCommandeInColis NbProducts IdProd1 QtyProd1 IdProd2 QtyProd2 ...
20 4 5 39 1 11 1 19 2 48 1 87 1
3 1 7 39 1 146 1 56 1 57 1 34 1 130 1 12 1
18 3 8 12 1 168 1 96 1 102 1 24 1 60 1 25 1 45 1
34 6 6 39 1 56 2 146 1 55 1 12 1 41 1
72 11 31 66 1 23 1 174 1 108 1 124 1 140 1 64 1 71 1 51 1 52 1 82 1 88 1 227 1 136 1 142 1 176 1 65 1 155 1 72 1 109 1 95 1 114 1 135 1 62 1 12 1 144 3 156 1 111 1 86 1 99 1 181 1
23 4 22 152 1 97 1 13 1 58 1 210 1 192 2 134 1 151 1 130 1 124 1 140 1 108 1 43 1 157 2 37 1 51 1 52 1 82 1 44 1 88 1 125 1 142 1
//IdTournes NbColis
11 6
//IdColis IdCommandeInColis NbProducts IdProd1 QtyProd1 IdProd2 QtyProd2 ...
29 5 9 14 1 34 2 36 2 148 1 152 1 13 1 130 1 50 1 221 1
71 11 11 36 2 148 1 152 2 92 2 13 1 171 2 151 1 80 1 81 1 167 1 60 1
22 4 9 55 1 14 1 34 2 36 2 40 1 148 1 196 1 41 1 25 1
51 8 7 150 2 14 1 34 2 36 2 148 1 23 1 156 1
75 12 13 57 1 14 1 34 1 36 1 148 1 152 2 76 1 89 1 41 1 24 1 60 1 25 1 45 1
83 13 6 14 1 34 2 36 3 148 1 152 1 92 1
//IdTournes NbColis
12 6
//IdColis IdCommandeInColis NbProducts IdProd1 QtyProd1 IdProd2 QtyProd2 ...
15 3 8 38 1 56 1 57 1 165 1 34 1 207 1 86 1 41 1
45 7 8 34 2 36 2 40 2 148 1 228 1 134 1 164 1 66 1
57 9 6 39 1 56 2 57 1 34 1 223 1 205 1
28 5 7 38 1 56 1 57 1 165 1 48 1 118 1 25 1
39 6 23 51 1 52 1 82 1 88 2 106 1 185 1 186 1 143 3 107 1 65 1 173 1 183 1 187 1 155 2 122 1 53 1 144 1 154 1 166 1 119 1 111 1 131 3 188 1
37 6 8 36 2 54 1 152 3 148 1 159 1 112 1 126 1 25 1
//IdTournes NbColis
13 4
//IdColis IdCommandeInColis NbProducts IdProd1 QtyProd1 IdProd2 QtyProd2 ...
43 7 7 39 1 163 1 56 1 165 1 55 1 118 1 45 1
58 9 4 165 2 36 2 148 1 152 2
64 10 9 57 1 165 1 36 1 148 1 152 2 151 1 80 1 81 1 87 1
87 13 6 102 1 41 1 24 1 60 2 25 1 45 2
