//NbTournees
2
//IdTournes NbColis
1 6
//IdColis IdCommandeInColis NbProducts IdProd1 QtyProd1 IdProd2 QtyProd2 ...
1 1 14 4 2 10 2 13 2 15 2 19 2 1 2 2 2 3 2 5 2 6 2 7 2 9 2 11 2 14 2
3 2 34 114 1 75 1 55 1 74 1 96 1 24 1 8 1 106 1 57 1 76 1 89 1 51 1 48 1 50 1 95 1 105 1 107 1 92 1 72 1 98 1 88 1 100 2 31 1 47 1 56 1 97 1 103 1 101 1 102 1 91 1 41 1 77 1 27 1 87 1
4 3 57 109 1 84 1 8 2 23 1 52 2 53 1 54 1 83 1 106 1 57 1 112 1 76 1 104 1 67 1 35 1 34 1 80 1 81 2 43 1 48 1 49 1 50 1 73 1 90 1 105 1 107 1 110 1 111 2 45 1 44 1 99 1 92 1 42 1 58 1 72 1 108 1 25 1 94 1 39 1 85 1 33 1 86 1 46 1 97 1 103 1 61 1 113 1 64 2 66 1 62 1 37 1 71 1 82 1 27 2 87 1 38 2 40 3
6 4 35 36 1 75 1 55 1 22 2 8 3 60 1 29 1 78 1 18 1 65 1 93 2 21 1 20 2 26 3 69 1 80 1 43 1 68 1 111 1 45 1 44 2 25 2 79 1 103 1 101 1 62 1 41 1 63 1 28 1 32 1 70 1 82 2 30 1 59 1 27 1
7 5 1 12 1
2 1 2 16 2 17 2
//IdTournes NbColis
2 4
//IdColis IdCommandeInColis NbProducts IdProd1 QtyProd1 IdProd2 QtyProd2 ...
8 6 28 125 1 83 1 57 2 18 1 93 1 124 1 34 1 69 1 80 1 81 1 48 1 111 1 44 2 127 2 108 1 25 1 85 2 128 1 97 1 103 1 62 1 117 1 71 1 77 1 59 3 87 1 38 1 40 3
9 7 8 129 1 130 1 131 1 132 1 21 1 20 4 26 1 25 3
10 8 25 119 1 75 1 74 1 118 1 115 1 126 1 20 1 123 1 124 1 35 3 80 2 81 1 121 1 110 1 45 1 120 1 122 1 128 1 97 1 103 2 62 2 82 1 30 1 87 1 40 2
11 9 1 116 1
