//NbTournees
9
//IdTournes NbColis
1 6
//IdColis IdCommandeInColis NbProducts IdProd1 QtyProd1 IdProd2 QtyProd2 ...
4 1 23 282 3 557 1 650 1 1 1 19 1 619 2 626 1 645 1 659 3 196 2 600 1 120 1 121 2 161 1 356 2 457 4 30 2 561 2 195 2 63 1 492 2 578 1 344 1
3 1 22 290 1 8 2 93 1 625 1 185 1 205 2 459 2 646 1 175 1 184 1 2 2 90 1 146 3 152 2 634 2 192 1 676 2 209 1 301 2 302 2 421 3 229 1
14 2 25 67 1 69 1 159 1 663 1 671 1 82 1 197 1 199 1 226 1 459 1 51 1 646 1 175 1 2 1 146 2 152 2 154 2 634 2 201 2 209 2 282 1 306 4 588 2 19 2 186 1
22 3 24 20 1 28 1 38 1 39 1 44 2 108 1 159 2 163 1 180 1 212 1 93 1 185 1 646 1 175 1 2 3 90 2 146 2 152 3 676 1 302 2 421 4 282 2 588 1 164 1
6 1 40 466 3 276 2 611 1 12 1 34 1 99 1 609 2 149 1 672 2 4 3 5 3 14 2 33 1 55 2 56 1 64 1 73 1 88 1 133 1 166 1 496 1 141 1 155 2 168 1 635 1 642 2 273 1 533 1 665 1 10 1 15 1 31 1 72 1 579 2 673 3 102 2 124 2 115 1 615 1 210 1
16 2 38 194 3 293 1 316 1 351 1 363 1 420 1 466 2 12 2 609 1 3 3 78 1 496 1 533 3 31 1 72 1 612 1 674 1 77 1 115 2 210 3 218 2 239 4 235 1 236 1 319 2 362 1 414 2 416 1 424 2 431 1 450 1 456 1 467 1 497 1 552 1 558 1 603 3 329 1
//IdTournes NbColis
2 6
//IdColis IdCommandeInColis NbProducts IdProd1 QtyProd1 IdProd2 QtyProd2 ...
24 3 33 452 5 455 2 508 1 572 2 536 1 605 5 142 1 170 2 664 1 549 1 75 1 103 1 91 1 643 1 313 1 566 2 187 2 193 1 448 1 466 3 12 1 34 1 99 1 149 1 4 3 13 1 14 1 33 1 35 1 41 3 55 2 59 1 256 1
34 4 31 522 2 678 2 193 6 448 1 255 1 258 1 276 2 293 2 415 1 419 2 506 1 466 3 576 1 204 1 12 1 3 3 66 2 73 2 88 2 141 1 145 1 155 2 168 1 182 1 279 1 496 5 534 1 172 1 680 2 662 1 15 1
43 5 32 34 1 3 3 14 1 37 1 55 1 59 1 74 1 87 1 172 1 183 1 533 3 10 2 171 1 377 1 410 2 210 3 235 1 236 2 239 4 289 2 305 2 319 3 325 4 341 3 342 1 359 1 409 3 414 2 431 4 423 1 424 2 497 1
53 6 39 466 3 639 1 12 1 609 2 149 1 3 2 4 1 33 1 55 1 66 1 78 1 104 1 88 1 487 2 534 2 669 1 183 2 273 2 441 1 533 4 130 1 15 2 72 1 377 1 410 1 446 1 612 1 629 1 673 1 102 2 124 1 335 1 210 4 235 1 239 4 271 1 272 1 274 1 289 3
17 2 53 7 1 36 1 528 1 280 2 158 1 658 1 253 1 329 2 404 1 498 3 551 1 590 1 291 1 425 1 464 2 591 2 602 1 310 1 426 1 427 1 442 1 288 1 343 1 543 1 550 1 370 1 565 1 285 1 315 2 349 2 617 1 254 2 314 1 353 1 405 1 430 2 465 2 470 3 532 1 538 1 539 2 396 1 208 2 230 1 567 1 571 2 233 2 292 1 352 1 355 1 399 2 505 1 206 1
21 3 21 24 1 58 1 153 1 547 3 80 1 125 1 139 2 637 1 70 1 40 1 45 3 110 3 84 2 85 1 148 1 167 1 542 1 660 1 177 2 6 2 109 1
//IdTournes NbColis
3 6
//IdColis IdCommandeInColis NbProducts IdProd1 QtyProd1 IdProd2 QtyProd2 ...
44 5 35 485 1 497 1 500 2 467 5 521 1 552 3 529 1 558 3 369 1 603 7 7 1 554 1 9 3 176 1 499 1 501 1 516 1 528 2 535 1 253 1 329 2 338 1 345 5 404 3 418 2 433 2 482 3 498 2 244 1 298 1 309 3 358 2 493 1 464 1 343 1
50 6 27 96 1 610 2 630 1 148 2 167 2 174 1 657 2 660 1 177 1 667 1 668 1 655 1 6 1 28 2 39 1 69 1 108 1 159 1 173 1 180 1 82 1 197 1 199 1 18 1 135 1 290 2 291 1
7 1 31 615 1 633 1 210 3 218 2 236 1 239 3 262 4 289 3 341 1 342 1 359 2 360 1 305 4 319 3 325 4 409 2 424 2 497 2 467 3 552 2 564 2 580 1 9 2 65 1 106 1 157 1 158 1 499 1 544 4 501 1 528 1
25 3 33 73 1 101 1 78 3 104 1 88 1 141 1 155 3 534 1 168 1 642 2 652 1 662 2 182 1 183 2 441 1 533 1 10 2 15 2 147 3 367 1 377 1 624 1 673 2 449 2 102 1 77 1 115 2 218 1 239 5 262 6 235 1 236 1 289 5
35 4 33 662 1 441 2 533 1 31 1 410 2 446 1 367 2 218 2 236 1 239 4 289 4 305 3 319 4 325 3 342 1 359 4 409 2 414 2 416 1 424 1 431 1 497 1 500 1 521 3 552 2 558 1 564 3 603 2 210 3 9 2 157 1 158 1 264 1
40 5 22 79 1 156 1 179 1 594 1 86 1 150 1 190 2 198 1 92 1 116 1 24 2 58 1 153 2 231 1 439 1 11 1 45 2 68 2 110 2 122 1 123 1 201 1
//IdTournes NbColis
4 6
//IdColis IdCommandeInColis NbProducts IdProd1 QtyProd1 IdProd2 QtyProd2 ...
41 5 25 167 1 174 1 177 2 28 1 57 1 69 2 137 1 159 1 173 1 180 1 8 1 93 1 94 1 81 2 185 1 127 1 175 1 146 5 192 2 509 1 201 2 209 1 481 1 268 3 356 1
54 6 37 300 1 305 2 319 1 321 1 325 2 360 1 409 2 414 2 423 1 431 2 362 4 497 1 500 1 467 2 529 1 9 2 106 1 280 1 501 4 528 2 535 2 157 1 651 2 658 1 178 1 22 1 253 1 329 3 338 2 404 1 418 2 433 2 498 1 675 1 309 1 682 1 310 1
42 5 29 30 1 574 1 578 1 232 1 295 3 324 3 394 1 407 3 477 1 479 1 452 4 575 1 585 3 536 1 605 2 29 1 91 2 95 1 112 1 475 1 187 3 193 2 448 1 582 1 204 3 351 3 466 3 12 1 227 1
48 6 17 16 1 614 1 606 1 21 2 62 2 46 1 47 1 111 1 83 2 129 1 89 2 136 1 143 2 620 1 160 1 649 2 93 1
49 6 25 220 1 594 1 113 1 150 1 162 2 191 1 42 1 53 2 54 1 58 1 114 1 231 1 333 1 439 1 144 1 637 1 60 1 648 1 17 1 32 1 68 2 45 2 100 1 122 1 540 1
1 1 19 134 1 21 1 46 2 48 1 83 1 89 3 136 1 613 1 621 1 628 1 156 1 638 1 179 2 222 1 43 1 86 1 198 1 361 2 354 1
//IdTournes NbColis
5 6
//IdColis IdCommandeInColis NbProducts IdProd1 QtyProd1 IdProd2 QtyProd2 ...
8 1 38 548 1 528 1 658 1 176 1 670 1 178 2 22 1 253 1 338 4 404 2 473 1 482 2 433 3 590 1 291 1 358 1 298 1 309 1 474 1 510 1 464 1 526 1 577 1 591 2 546 1 200 2 288 3 343 2 530 1 550 1 370 4 589 2 23 1 315 2 381 1 336 1 524 2 595 1
20 3 19 21 2 48 1 46 1 129 1 136 2 138 1 143 1 636 1 113 1 162 1 622 2 169 1 190 3 515 2 323 1 50 1 116 1 247 1 132 1
31 4 22 105 1 21 1 46 2 47 2 89 1 160 1 169 1 323 1 116 1 247 1 53 1 58 1 151 1 231 1 80 1 139 1 144 1 679 1 32 1 45 3 85 2 96 1
2 1 23 515 1 191 1 42 2 116 1 247 1 24 1 383 1 144 2 661 1 40 1 52 1 110 1 123 2 96 2 148 1 632 1 174 2 39 1 67 1 69 1 197 1 290 4 481 1
23 3 33 588 1 98 1 650 1 619 1 626 1 659 2 196 2 186 2 119 1 109 1 120 1 121 1 161 2 641 1 647 1 320 1 457 1 654 1 195 2 578 1 202 2 211 2 224 1 267 4 294 1 295 2 347 1 270 1 324 1 394 1 407 1 479 2 25 1
32 4 26 123 1 657 3 126 1 27 1 28 1 39 1 67 1 108 1 663 1 197 3 212 1 93 1 681 1 127 1 184 1 646 1 90 1 146 1 154 1 192 3 676 3 302 1 421 2 583 1 588 2 436 1
//IdTournes NbColis
6 6
//IdColis IdCommandeInColis NbProducts IdProd1 QtyProd1 IdProd2 QtyProd2 ...
51 6 24 290 2 205 1 459 2 26 1 51 1 656 1 175 2 90 1 146 1 152 2 634 1 209 2 301 3 302 3 421 3 282 5 583 1 588 1 98 1 619 1 653 1 631 1 320 1 193 1
13 2 25 49 1 61 1 83 1 620 1 628 2 640 1 191 1 323 1 92 1 54 1 58 1 547 2 80 1 139 1 60 1 32 1 76 1 84 1 85 2 96 1 97 1 632 1 38 1 44 1 81 1
33 4 35 201 1 209 1 118 1 119 2 121 1 161 3 181 2 356 2 457 2 195 1 63 1 492 1 578 2 278 3 228 1 344 2 379 1 394 1 407 1 477 1 479 1 508 2 553 1 585 1 536 1 605 1 202 1 107 1 170 1 664 1 215 1 91 1 117 1 522 2 337 1
52 6 30 320 1 356 3 457 4 574 1 63 1 128 1 202 3 267 3 269 1 295 3 324 1 379 1 407 4 452 2 508 1 536 1 585 2 170 1 117 1 623 1 627 1 643 1 436 1 193 2 187 3 188 1 189 1 276 1 419 1 309 1
55 6 50 310 1 288 2 328 1 343 1 217 2 336 1 512 1 541 1 618 1 666 2 491 1 246 1 317 1 314 4 451 1 488 1 514 1 518 1 538 4 539 1 240 1 243 1 422 1 502 1 571 1 581 1 233 2 388 1 399 4 206 2 257 1 287 4 312 1 428 1 434 3 444 1 494 3 365 3 569 2 683 1 71 1 245 1 263 1 277 2 327 1 408 1 463 2 607 2 354 2 281 1
26 3 32 342 2 271 1 272 1 369 1 305 1 325 2 359 3 362 4 409 2 414 1 424 2 431 1 450 1 485 1 497 4 467 7 552 2 580 1 603 1 106 2 131 1 140 1 157 1 158 1 501 3 644 2 253 1 338 2 329 3 404 3 473 2 418 1
//IdTournes NbColis
7 6
//IdColis IdCommandeInColis NbProducts IdProd1 QtyProd1 IdProd2 QtyProd2 ...
15 2 32 653 2 196 1 677 1 121 1 161 1 320 1 356 2 457 2 461 2 596 3 432 1 202 1 228 1 295 3 344 2 270 1 452 1 455 1 553 1 559 3 278 1 585 1 536 1 605 1 313 5 436 1 566 1 187 2 188 1 189 1 194 1 250 1
18 2 45 206 1 257 1 287 5 322 1 428 3 460 1 365 2 569 1 245 1 408 2 453 1 463 3 607 2 164 3 165 2 354 5 299 1 304 1 307 1 348 1 411 2 429 3 435 3 437 1 462 2 468 1 469 1 364 3 537 1 604 3 296 4 339 2 458 1 527 1 216 1 225 1 413 2 454 1 368 3 593 1 406 2 471 1 592 1 234 1 260 2
5 1 29 346 1 224 1 270 2 344 2 269 2 295 3 379 1 324 3 407 2 452 2 508 2 278 1 553 1 585 2 605 3 608 1 215 2 475 2 436 2 522 1 678 2 187 2 188 1 255 1 261 1 386 3 419 1 420 1 466 2
9 1 47 616 1 491 1 246 1 353 1 314 2 317 2 451 1 488 3 465 1 470 2 532 1 555 2 539 1 208 2 230 1 240 2 243 1 286 2 380 2 391 1 422 2 502 1 567 1 581 2 352 2 355 1 388 1 399 3 601 1 206 1 257 1 287 4 350 3 312 1 322 2 397 3 428 1 434 2 365 2 569 4 249 1 164 1 245 1 384 2 489 3 453 1 463 1
28 3 37 352 1 601 4 206 3 237 2 287 3 365 1 312 1 350 3 397 1 569 1 164 1 223 2 402 2 408 2 453 1 525 1 463 2 354 1 299 4 348 5 364 5 304 1 307 6 411 3 417 1 476 1 429 3 435 1 437 2 468 1 469 1 490 4 495 1 568 3 537 1 597 2 296 6
37 4 41 545 2 555 1 556 1 532 1 584 2 538 2 396 4 286 1 380 4 445 1 567 3 581 2 208 2 233 2 388 1 399 1 257 2 237 1 287 2 322 1 428 2 365 4 569 2 206 2 249 1 164 1 165 1 223 2 327 1 402 1 408 5 453 1 463 3 354 4 304 2 307 3 348 2 435 1 447 2 417 4 429 1
//IdTournes NbColis
8 6
//IdColis IdCommandeInColis NbProducts IdProd1 QtyProd1 IdProd2 QtyProd2 ...
46 5 51 237 1 287 2 350 1 397 2 428 1 569 4 164 1 223 2 263 1 327 3 408 2 463 4 525 3 264 1 307 2 429 4 435 3 478 2 486 1 490 1 495 1 507 2 468 1 469 1 568 1 570 1 573 1 604 1 308 2 318 1 366 1 587 1 238 2 311 2 389 1 216 1 225 1 266 1 303 2 332 2 378 1 413 1 438 1 368 3 586 1 406 2 471 1 260 1 297 2 241 1 400 1
36 4 45 178 1 280 2 516 1 528 3 535 2 644 1 253 1 329 2 338 1 404 3 482 1 498 4 551 3 590 1 298 1 309 1 393 1 358 2 474 2 464 2 519 1 310 2 546 1 563 1 288 1 395 1 550 1 370 1 217 2 285 1 330 2 381 1 541 3 491 1 219 1 246 1 284 1 353 1 403 3 405 1 412 1 430 1 503 2 465 1 297 1
27 3 41 433 1 590 2 244 1 283 1 309 5 358 1 474 1 464 2 591 2 310 4 392 1 480 1 426 1 288 3 370 2 484 1 565 3 589 3 217 1 330 3 512 1 595 1 666 1 214 1 246 1 248 1 254 3 314 6 317 1 382 1 353 1 398 3 451 2 523 1 584 1 539 2 243 1 502 2 567 2 571 1 434 1
29 3 31 340 3 366 1 390 1 401 1 238 3 443 3 458 3 373 2 213 3 216 1 225 2 368 1 374 1 375 2 378 1 413 6 593 1 203 1 265 1 337 1 406 5 471 2 562 1 592 1 207 1 372 1 520 4 242 3 260 1 297 1 331 2
38 4 27 429 2 483 1 507 1 468 2 568 2 537 1 597 1 275 1 296 2 340 3 366 2 238 1 334 2 389 2 443 3 458 1 527 4 438 3 504 1 560 1 357 2 513 1 203 1 259 1 229 1 242 1 260 1
56 6 35 299 2 307 1 417 2 447 2 490 1 495 1 364 2 537 2 275 1 308 1 318 2 390 1 440 1 587 4 238 1 311 1 334 1 389 1 527 2 216 2 251 2 266 1 303 1 378 1 438 2 454 1 504 1 203 1 265 1 387 1 406 4 229 2 520 3 242 1 297 1
//IdTournes NbColis
9 3
//IdColis IdCommandeInColis NbProducts IdProd1 QtyProd1 IdProd2 QtyProd2 ...
10 1 50 525 1 277 3 354 2 221 2 299 4 411 2 417 1 478 3 435 1 437 1 490 2 507 1 468 2 469 1 364 2 597 1 604 1 296 2 308 2 318 2 385 2 390 1 238 1 311 1 334 2 389 2 443 1 527 1 213 1 216 3 225 2 251 1 371 2 375 1 472 2 413 4 531 2 504 3 560 2 357 1 337 1 387 1 406 2 517 2 471 2 562 1 592 2 207 1 229 2 400 1
45 5 46 464 1 519 1 591 5 326 1 546 1 599 1 511 1 288 2 328 1 343 1 550 1 370 2 589 1 285 2 381 2 541 1 491 1 248 1 254 1 376 1 314 2 317 1 403 3 451 2 488 1 465 1 470 2 532 2 598 2 240 3 252 1 286 1 380 2 445 1 422 2 567 2 581 2 233 1 292 2 388 1 352 1 355 2 399 3 505 5 601 1 206 2
11 1 4 259 1 372 2 520 3 234 1
