//NbTournees
4
//IdTournes NbColis
1 6
//IdColis IdCommandeInColis NbProducts IdProd1 QtyProd1 IdProd2 QtyProd2 ...
12 3 13 162 1 171 1 161 1 49 1 98 1 88 1 136 1 37 1 47 1 86 1 89 1 74 1 103 1
17 4 13 176 1 179 1 175 1 182 1 49 1 147 1 210 1 53 1 10 1 88 1 120 1 136 1 181 1
10 2 20 191 3 205 2 189 3 190 3 168 1 201 3 202 1 203 1 28 4 188 1 25 1 30 2 66 1 114 2 110 2 95 1 96 1 101 1 187 1 15 1
14 3 18 103 1 223 1 160 1 164 1 165 2 166 2 167 2 69 3 106 1 107 2 38 5 91 1 222 3 173 2 168 1 172 2 174 1 212 1
22 4 31 46 1 60 1 128 1 94 1 146 1 148 2 149 2 152 1 153 1 169 1 55 1 18 1 102 4 144 1 7 1 57 1 73 1 61 1 95 1 101 1 15 1 183 1 43 1 58 1 150 1 154 1 158 1 181 2 207 1 159 2 212 1
21 4 26 208 2 69 3 106 2 107 2 91 1 151 1 177 1 173 2 155 1 184 1 56 1 48 1 52 1 30 1 59 1 36 1 84 1 85 1 72 1 142 1 157 1 217 1 156 3 39 1 41 1 3 1
//IdTournes NbColis
2 6
//IdColis IdCommandeInColis NbProducts IdProd1 QtyProd1 IdProd2 QtyProd2 ...
6 1 18 8 1 143 1 18 1 125 1 102 1 7 1 22 1 67 1 73 3 114 1 228 1 195 1 15 2 229 1 231 1 133 1 159 1 199 1
15 3 32 51 1 155 1 137 1 48 1 36 1 25 1 84 1 220 2 93 1 156 1 39 1 41 1 3 3 46 1 94 1 143 1 146 1 149 1 224 1 169 2 102 1 95 1 96 1 101 2 15 1 43 1 154 1 158 1 225 1 159 1 163 1 212 1
1 1 13 192 1 11 1 121 1 10 1 19 1 21 2 120 2 136 1 193 1 82 1 226 1 1 1 69 1
11 2 12 15 1 204 1 27 1 109 1 111 1 112 1 185 1 26 3 34 1 108 1 104 1 105 1
19 4 14 129 1 97 1 68 3 75 1 118 1 127 1 123 1 132 3 20 2 139 1 23 2 90 1 44 1 160 1
5 1 28 141 1 4 1 12 1 13 1 164 1 165 2 166 1 167 2 69 1 194 1 197 1 106 1 107 2 9 1 140 1 126 1 79 1 137 3 232 1 2 1 70 1 72 1 142 1 227 1 220 1 66 1 3 1 198 1
//IdTournes NbColis
3 6
//IdColis IdCommandeInColis NbProducts IdProd1 QtyProd1 IdProd2 QtyProd2 ...
9 2 12 35 2 178 3 186 3 200 1 165 3 166 4 167 4 164 1 106 2 107 1 69 5 188 1
20 4 21 115 1 211 1 215 1 54 1 145 1 134 1 32 1 113 1 87 1 45 1 92 2 83 1 178 1 209 1 180 2 164 1 165 2 166 2 167 2 206 3 137 1
4 1 22 138 2 80 1 131 1 117 1 139 1 64 1 196 1 65 1 14 1 6 1 16 1 71 1 77 1 63 2 122 1 134 1 233 1 32 1 113 1 81 1 135 1 212 1
8 2 11 29 3 20 2 23 4 116 1 115 3 24 1 170 1 32 2 113 2 31 2 33 1
13 3 19 42 1 97 1 219 1 50 2 20 1 139 3 100 1 40 1 221 1 116 1 90 1 44 1 115 1 170 1 32 1 99 1 45 1 92 1 83 1
18 4 12 47 1 37 1 86 1 89 1 213 1 74 1 119 2 130 3 214 1 216 3 218 1 62 1
//IdTournes NbColis
4 2
//IdColis IdCommandeInColis NbProducts IdProd1 QtyProd1 IdProd2 QtyProd2 ...
3 1 9 216 2 218 2 124 1 68 3 75 1 118 3 123 3 132 3 5 1
2 1 11 17 1 213 1 230 1 74 1 76 1 78 1 119 3 130 3 214 3 216 1 20 1
