//NbTournees
20
//IdTournes NbColis
1 6
//IdColis IdCommandeInColis NbProducts IdProd1 QtyProd1 IdProd2 QtyProd2 ...
74 21 21 68 1 365 2 104 1 161 1 270 2 164 1 93 1 379 1 303 1 262 1 26 1 613 1 614 1 615 2 132 1 55 1 602 1 112 1 327 2 378 1 370 1
79 22 25 320 1 55 2 13 1 15 1 602 1 225 1 112 1 327 2 147 1 118 1 86 1 113 1 227 1 105 1 98 1 99 1 155 1 92 1 46 2 57 2 25 1 117 1 323 1 290 1 248 1
92 26 19 234 1 256 1 260 1 604 1 264 2 265 1 601 1 236 1 270 1 262 1 271 1 197 1 110 1 607 1 608 1 602 1 327 2 76 1 259 1
101 29 22 462 1 326 2 163 1 104 1 236 2 303 1 262 1 93 1 26 1 4 1 110 1 132 1 602 1 55 1 112 1 324 1 327 1 118 1 86 1 41 1 98 1 275 1
115 33 34 53 1 602 1 407 1 112 1 408 1 617 1 142 1 78 1 619 1 87 1 178 1 92 1 98 1 99 1 46 1 57 1 16 1 91 1 393 1 323 1 94 2 127 1 424 1 402 2 405 2 452 1 453 1 401 1 102 1 461 1 404 1 410 1 272 1 241 1
129 38 19 260 3 439 2 43 1 52 1 236 2 471 1 167 1 197 1 58 1 513 1 132 1 15 1 602 1 327 2 51 1 173 1 611 1 469 1 290 1
//IdTournes NbColis
2 6
//IdColis IdCommandeInColis NbProducts IdProd1 QtyProd1 IdProd2 QtyProd2 ...
65 19 22 260 1 163 1 594 1 236 2 164 1 197 1 4 1 110 1 138 1 199 1 262 1 620 1 58 1 12 1 621 1 592 1 112 1 327 2 445 2 130 2 129 1 248 1
58 17 19 26 1 625 1 13 2 53 1 55 1 112 1 170 3 327 2 168 1 169 2 212 2 191 1 214 1 446 1 147 1 130 1 113 1 134 1 25 1
64 18 39 166 1 160 1 632 1 101 1 114 1 629 1 77 1 172 1 56 1 371 1 23 1 497 1 498 1 241 1 246 1 247 1 289 1 636 1 22 2 37 1 32 1 111 1 97 1 230 1 187 1 106 1 184 1 281 1 294 1 494 1 316 1 500 1 253 1 293 1 495 2 493 1 273 1 374 1 362 1
83 23 35 92 1 146 1 46 2 79 1 57 2 33 1 117 1 194 2 94 2 127 1 235 1 116 1 631 1 237 1 250 2 108 1 160 1 632 1 101 1 114 1 102 1 18 1 305 1 290 1 278 3 272 4 609 1 263 2 266 3 280 1 289 2 241 1 246 1 247 2 22 2
89 25 22 260 1 59 1 60 1 312 1 43 1 52 1 309 1 236 2 286 1 58 1 74 1 624 1 164 1 625 1 75 1 626 1 627 1 623 1 295 2 168 1 191 1 235 1
111 32 25 59 1 60 1 312 1 291 1 43 1 52 1 299 1 391 1 199 1 26 1 4 1 625 1 119 1 75 1 627 1 168 1 169 1 191 1 212 2 214 1 51 1 173 1 142 1 314 1 272 1
//IdTournes NbColis
3 6
//IdColis IdCommandeInColis NbProducts IdProd1 QtyProd1 IdProd2 QtyProd2 ...
133 39 33 327 1 634 1 635 1 118 1 86 1 99 1 46 2 92 1 155 1 57 2 117 1 127 1 194 1 94 2 584 1 235 1 116 1 250 1 108 1 632 1 101 1 114 1 18 1 290 1 56 1 392 1 278 3 272 4 609 1 263 2 266 3 317 1 456 1
71 20 29 201 1 41 1 193 1 146 1 171 1 30 1 3 2 612 1 21 2 353 1 127 1 145 1 181 2 584 2 518 1 402 1 405 1 116 1 588 1 237 1 250 3 108 1 166 1 160 1 101 1 114 1 18 1 77 1 586 1
86 24 33 646 1 578 1 295 1 168 1 169 1 191 1 212 1 214 1 51 1 173 1 445 1 113 1 233 1 41 1 98 1 99 1 46 1 92 1 57 1 612 1 94 1 127 1 71 1 235 1 581 1 237 1 250 1 108 1 40 1 47 1 605 1 276 1 248 2
90 25 46 212 1 214 1 169 1 51 1 142 1 41 1 98 1 99 1 46 1 92 1 57 1 612 1 94 1 127 1 237 1 250 1 40 1 47 1 290 1 605 1 276 1 272 4 278 3 263 2 266 3 17 1 258 1 241 1 246 1 247 2 289 2 121 1 249 1 296 1 298 1 308 1 54 1 20 1 257 1 213 1 42 1 281 1 242 1 294 2 245 1 248 2
96 27 30 212 1 191 1 214 1 168 1 169 1 51 1 173 1 285 1 41 1 98 1 46 2 92 1 57 2 612 1 477 1 481 1 127 1 94 2 235 1 237 1 250 2 47 1 126 1 644 1 192 2 31 2 56 1 276 1 392 1 258 1
98 28 27 260 1 291 1 299 1 236 1 303 1 4 1 93 1 295 2 61 2 189 2 51 1 173 1 641 1 142 1 41 1 46 1 92 1 98 1 99 1 612 1 57 1 117 1 94 1 127 1 235 1 237 1 305 1
//IdTournes NbColis
4 6
//IdColis IdCommandeInColis NbProducts IdProd1 QtyProd1 IdProd2 QtyProd2 ...
105 30 48 99 1 46 2 92 1 612 1 57 2 447 1 127 1 94 2 643 1 235 1 237 1 250 1 40 1 47 1 126 1 644 1 290 1 192 2 31 1 276 1 272 3 278 3 263 2 266 3 280 1 1 1 17 1 258 1 241 1 246 1 247 2 289 2 121 1 22 1 249 1 296 1 298 1 467 1 269 1 257 1 281 1 242 1 294 2 245 1 304 1 301 1 253 1 255 1
108 31 23 204 1 168 1 169 1 191 1 212 2 214 1 51 1 142 1 129 2 41 1 155 1 92 1 98 1 99 1 46 2 612 1 57 2 117 1 94 2 96 1 127 1 235 1 279 1
112 32 39 78 1 397 1 41 1 92 1 98 1 99 1 46 2 628 1 57 2 612 1 396 1 94 2 127 1 235 1 237 1 40 2 47 1 77 1 306 1 290 1 56 1 276 1 272 2 278 2 371 1 19 2 280 1 1 1 317 1 17 3 241 1 289 2 246 1 247 2 121 1 22 2 296 1 298 1 279 1
118 34 41 171 1 3 1 612 2 21 1 16 1 91 1 393 1 424 1 181 2 127 1 402 2 405 2 235 1 422 1 401 1 404 1 290 2 651 1 421 3 371 3 347 1 1 1 17 1 650 2 241 1 246 1 247 2 289 2 649 2 22 2 426 2 184 1 100 1 281 1 294 2 316 2 313 1 253 1 293 2 243 3 332 2
121 35 39 214 1 169 1 51 1 173 1 129 2 130 2 41 1 98 1 99 1 46 1 92 1 57 1 612 1 94 1 127 1 235 1 237 1 250 1 47 1 40 1 126 1 306 1 290 1 192 2 31 2 276 1 272 3 278 3 124 1 280 1 1 1 572 1 317 1 17 1 241 1 246 1 247 2 289 2 121 1
124 36 47 3 2 30 1 612 1 21 2 441 2 181 2 127 1 401 1 349 1 47 1 461 1 126 1 540 1 644 1 306 1 290 1 192 2 31 2 603 1 272 2 278 2 443 1 23 1 124 1 263 2 266 2 280 1 251 1 1 1 317 1 17 1 442 2 241 1 246 1 247 2 289 2 121 1 22 1 249 1 296 1 298 1 20 1 652 1 269 1 100 1 281 1 253 1
//IdTournes NbColis
5 6
//IdColis IdCommandeInColis NbProducts IdProd1 QtyProd1 IdProd2 QtyProd2 ...
127 37 38 190 1 41 1 98 1 99 1 444 1 46 2 92 1 612 1 57 2 127 1 94 2 81 1 235 1 237 1 250 1 40 1 47 1 644 1 290 1 603 1 605 1 56 1 276 1 278 3 272 3 609 3 263 2 266 3 280 1 1 1 17 1 258 1 241 1 246 1 247 2 289 2 121 1 279 1
130 38 36 41 1 98 1 99 1 46 2 92 1 57 2 612 1 468 1 127 1 470 1 94 2 96 2 235 1 237 1 250 1 40 1 47 1 306 1 192 2 56 1 276 1 278 3 272 4 263 2 266 3 280 1 1 1 17 1 39 1 258 1 241 1 246 1 247 2 289 2 121 1 279 1
136 40 52 99 1 612 1 57 1 127 1 94 1 401 1 237 1 250 1 47 1 40 1 18 1 461 1 126 1 306 1 290 1 192 2 31 2 605 1 276 1 533 2 418 2 124 1 263 2 266 2 280 1 1 1 317 1 17 1 289 2 241 1 246 1 247 2 22 1 249 1 296 1 298 1 363 1 269 1 281 1 294 2 304 1 245 1 253 1 293 2 268 1 419 1 239 1 332 2 243 3 254 1 284 1 248 2
3 1 44 30 1 14 1 16 1 431 2 181 2 127 1 521 1 402 2 405 2 454 1 18 2 11 1 404 1 278 3 272 3 19 2 347 1 23 2 263 2 266 3 1 1 17 1 241 1 246 1 247 2 289 2 22 1 524 1 20 1 223 1 300 1 281 1 294 2 316 2 313 1 253 1 293 2 522 1 520 1 239 1 332 1 243 3 378 1 362 1
6 2 41 3 1 30 1 21 1 146 1 171 1 25 1 33 1 393 1 323 1 181 1 127 1 402 2 405 2 452 1 453 1 401 1 404 1 31 2 192 2 272 3 278 3 35 1 124 1 263 2 266 3 241 1 246 1 247 2 289 2 22 2 37 2 32 1 20 1 281 1 294 2 313 1 253 1 293 2 244 1 332 3 243 3
10 3 51 127 1 50 1 237 1 250 1 40 1 47 3 48 1 44 2 305 1 290 1 56 2 278 3 272 4 35 1 280 1 1 1 17 2 39 1 258 1 241 1 246 1 247 2 289 2 49 1 22 2 217 1 249 1 514 1 54 1 257 1 42 1 281 1 242 1 294 2 282 1 277 1 301 1 253 1 255 1 293 2 240 1 238 1 334 1 244 1 252 1 267 1 273 3 239 1 254 1 284 1 248 2
//IdTournes NbColis
6 6
//IdColis IdCommandeInColis NbProducts IdProd1 QtyProd1 IdProd2 QtyProd2 ...
8 3 21 260 1 59 1 60 1 264 1 43 1 52 1 516 2 236 2 45 1 58 1 215 1 164 1 221 1 222 1 515 1 262 1 149 1 53 1 15 1 55 1 276 1
12 4 20 591 1 260 1 68 1 52 1 236 2 26 1 58 1 208 1 110 1 4 1 199 1 13 2 55 1 513 1 141 1 61 1 8 1 128 1 67 1 65 1
16 5 21 260 1 264 1 236 2 74 1 4 1 164 2 165 1 93 1 224 2 110 1 303 1 75 2 13 1 55 1 132 1 327 2 76 1 78 1 86 1 142 1 275 1
22 6 22 2 1 4 1 7 2 262 1 427 1 508 2 283 1 13 2 53 1 15 1 55 1 109 1 511 1 147 1 87 1 78 1 86 2 173 1 142 2 404 1 507 1 362 1
62 18 23 163 1 104 1 161 1 236 1 164 1 4 1 138 1 496 1 499 1 26 1 58 1 75 1 627 1 13 1 55 1 112 1 168 1 169 1 191 1 212 1 214 1 189 1 421 1
82 23 22 260 1 104 1 161 1 309 1 236 2 138 1 199 1 523 1 4 1 34 1 320 1 132 1 55 1 13 3 112 1 295 2 128 1 86 1 105 1 98 1 155 1 258 1
//IdTournes NbColis
7 6
//IdColis IdCommandeInColis NbProducts IdProd1 QtyProd1 IdProd2 QtyProd2 ...
114 33 20 600 1 383 1 411 1 336 1 406 1 409 1 110 1 203 1 412 1 413 1 618 1 7 2 138 1 10 2 29 2 38 1 58 1 55 1 327 1 14 1
117 34 20 383 1 423 1 425 2 428 1 427 1 2 2 7 2 215 1 110 1 10 2 34 1 58 1 13 1 55 2 173 1 87 1 146 1 30 1 14 1 300 1
123 36 25 59 1 60 1 383 1 312 1 439 1 291 1 52 1 391 1 309 1 299 1 4 1 119 1 58 1 26 1 399 1 132 1 55 1 128 1 189 2 173 1 440 1 41 1 146 1 98 1 475 1
132 39 15 256 1 594 2 265 2 365 3 104 1 270 3 58 1 633 1 320 1 75 1 55 1 472 1 112 1 327 3 98 1
14 4 50 272 1 19 1 176 1 179 1 263 2 266 3 280 1 39 1 258 1 241 1 246 1 247 2 289 2 22 1 70 1 37 2 72 1 64 1 207 1 249 1 296 1 298 1 589 1 107 1 269 1 257 1 209 1 281 1 242 1 294 2 245 1 282 1 301 1 253 1 255 1 293 2 240 2 238 1 318 2 279 1 252 1 244 1 311 1 267 1 239 1 332 3 243 4 254 1 284 1 248 2
18 5 39 235 1 348 1 237 2 349 1 250 1 48 2 18 1 563 1 540 1 77 1 290 1 557 1 392 1 276 1 272 5 278 5 19 1 347 1 176 1 551 1 179 1 263 5 266 5 344 1 80 2 83 1 39 2 258 1 556 1 241 2 289 4 246 2 247 4 72 1 22 1 217 1 121 5 64 1 352 1
//IdTournes NbColis
8 6
//IdColis IdCommandeInColis NbProducts IdProd1 QtyProd1 IdProd2 QtyProd2 ...
27 7 50 51 1 41 1 46 1 92 1 98 1 99 1 57 1 393 1 94 1 96 1 127 1 431 1 235 1 237 1 250 1 47 1 101 1 40 1 102 1 394 1 306 1 368 1 290 1 56 1 276 1 392 1 272 4 390 1 278 3 23 1 263 2 266 3 280 1 1 1 317 1 17 1 241 1 246 1 247 2 289 2 22 1 37 1 249 1 363 1 487 1 488 1 97 1 490 1 257 1 248 1
30 8 37 105 1 46 2 92 1 57 2 314 2 155 1 98 1 99 1 25 1 156 1 117 1 323 1 94 2 127 1 116 1 237 1 250 1 108 1 101 1 114 1 18 1 126 1 290 1 56 1 192 2 31 2 276 1 272 3 418 3 292 3 23 1 124 1 263 2 266 3 280 1 317 1 258 1
34 9 50 127 1 145 2 181 2 182 1 361 1 518 1 62 1 71 2 235 1 237 1 250 1 18 1 517 3 368 1 290 1 276 1 371 3 421 3 537 1 19 2 176 1 179 1 280 1 258 1 241 1 246 1 247 2 289 2 72 1 22 2 37 3 64 1 175 1 249 1 296 1 298 1 20 2 185 1 106 1 184 1 281 1 242 1 294 2 245 1 282 1 253 1 255 1 293 1 374 1 248 1
69 20 16 638 1 504 1 260 1 59 1 60 1 439 1 43 1 299 1 236 3 203 1 4 1 138 1 496 1 58 1 204 2 235 1
76 21 61 94 1 366 1 235 1 47 1 102 1 372 2 368 1 290 1 364 1 272 3 371 3 23 1 280 1 1 1 17 1 258 1 369 1 241 1 246 1 247 2 289 2 121 1 22 2 249 1 296 1 298 1 54 1 20 1 269 1 257 1 213 1 42 1 281 1 242 1 294 2 282 1 338 1 301 1 360 1 253 1 255 1 293 2 376 1 238 1 297 1 268 1 367 1 279 1 244 1 252 1 267 1 273 2 375 1 377 2 239 1 254 1 284 1 373 1 374 1 362 3 248 2
80 22 48 194 2 94 2 228 1 127 1 323 1 235 1 116 1 237 1 250 1 108 1 160 1 101 1 114 1 126 1 77 1 575 2 368 2 31 2 192 2 616 1 537 1 272 3 278 3 23 1 124 1 263 2 266 3 280 1 274 2 258 1 289 2 241 1 246 1 247 2 22 1 37 1 296 1 298 1 249 1 97 1 206 1 187 1 257 1 184 1 106 1 281 1 294 1 332 1
//IdTournes NbColis
9 6
//IdColis IdCommandeInColis NbProducts IdProd1 QtyProd1 IdProd2 QtyProd2 ...
93 26 37 142 1 78 1 73 1 85 1 98 1 99 1 46 2 92 1 79 1 57 2 84 1 94 2 127 1 261 1 235 1 237 1 250 1 47 1 606 1 290 1 603 1 605 1 56 1 272 3 278 3 23 1 263 2 266 3 251 1 280 1 1 1 17 1 258 1 241 1 246 1 247 2 289 2
95 27 16 288 1 260 1 479 1 43 1 287 1 236 2 286 1 4 1 624 1 138 3 283 3 75 1 627 1 327 2 212 1 482 1
104 30 21 331 1 260 1 59 1 330 1 43 1 52 1 236 2 303 1 642 1 624 1 165 2 138 1 58 1 53 1 295 2 466 1 51 1 67 1 41 1 98 1 124 1
107 31 19 380 1 59 1 60 1 383 3 400 1 312 1 43 1 52 1 309 1 299 1 303 1 262 1 164 1 93 1 199 1 4 1 58 1 399 1 173 1
116 33 24 272 2 278 3 263 2 478 3 1 1 17 1 289 2 246 1 247 2 72 1 22 2 70 1 363 1 403 1 300 2 281 1 294 2 313 1 253 1 293 2 239 1 243 3 332 3 362 1
120 35 22 68 1 59 1 60 1 383 1 312 1 291 2 43 1 52 1 391 1 309 1 299 1 303 1 406 1 607 1 58 1 75 1 627 1 435 1 168 1 191 1 434 1 211 1
//IdTournes NbColis
10 6
//IdColis IdCommandeInColis NbProducts IdProd1 QtyProd1 IdProd2 QtyProd2 ...
135 40 24 163 1 59 1 60 1 291 1 312 1 43 1 391 1 309 1 299 1 412 1 303 1 93 1 58 1 75 1 627 1 51 1 173 1 129 2 130 2 41 1 98 1 46 1 92 1 235 1
5 2 19 439 3 28 1 428 1 26 1 4 1 7 2 29 2 10 1 34 2 36 1 38 1 27 1 13 1 15 1 132 1 139 1 24 1 451 1 126 1
36 10 17 568 1 569 1 570 1 571 1 577 1 462 1 4 1 7 1 122 1 10 1 123 1 29 1 38 1 58 1 413 1 336 1 300 1
39 11 19 270 1 4 1 7 2 10 2 29 2 93 1 427 1 457 1 303 1 262 1 132 1 13 2 87 1 133 1 134 4 460 1 14 1 243 1 456 1
42 12 24 529 1 383 1 7 1 93 1 12 1 138 1 10 1 38 1 29 1 53 1 15 1 139 1 532 1 24 1 130 1 118 2 198 1 46 1 92 1 137 1 98 1 99 1 33 1 531 2
45 13 25 28 1 10 1 29 2 58 1 7 2 427 1 515 1 566 1 141 1 147 1 142 1 65 1 146 1 98 1 57 1 46 1 92 1 16 1 33 1 140 1 393 1 94 1 144 1 424 1 272 1
//IdTournes NbColis
11 6
//IdColis IdCommandeInColis NbProducts IdProd1 QtyProd1 IdProd2 QtyProd2 ...
131 38 32 610 1 22 2 298 1 296 1 249 1 20 1 269 1 257 1 42 1 100 1 281 1 242 1 294 2 245 1 301 1 316 1 253 1 255 1 293 2 238 1 268 1 311 1 244 1 252 1 267 1 239 1 332 3 243 4 254 1 284 1 373 1 248 2
70 20 20 283 3 320 1 587 1 626 1 202 1 53 1 15 1 637 1 327 2 131 1 168 1 169 2 191 1 212 2 214 1 205 2 51 1 142 1 200 1 33 1
13 4 30 63 1 65 1 183 1 3 2 57 2 146 1 98 2 92 1 66 1 16 1 127 2 94 1 181 1 182 1 259 1 361 1 590 1 62 1 71 1 235 1 237 1 250 1 48 1 18 1 290 1 69 2 276 1 278 3 272 2 354 1
48 14 29 153 3 448 1 285 2 65 1 150 1 151 1 57 1 46 1 92 1 444 1 98 1 99 1 33 1 140 1 25 1 393 1 94 1 96 1 447 1 127 1 323 1 405 2 452 1 402 2 528 1 401 1 404 1 31 1 243 1
99 28 56 250 1 40 1 47 1 126 1 306 1 290 1 603 1 31 2 192 2 56 1 276 1 272 3 278 3 292 1 124 1 263 2 266 3 280 1 1 1 17 1 258 1 241 1 246 1 247 2 289 2 217 1 22 1 249 2 296 1 298 1 54 1 20 1 269 1 257 1 300 1 281 1 242 1 294 2 245 1 304 1 301 1 253 1 255 1 293 2 240 1 238 1 297 1 279 1 244 1 302 1 307 1 239 1 243 4 254 1 284 1 248 2
60 17 46 276 1 278 3 272 4 19 1 609 1 263 2 266 3 280 1 258 1 289 2 241 1 246 1 247 2 49 1 22 2 70 1 37 1 296 1 298 1 249 1 111 1 97 1 206 1 187 1 257 1 106 1 473 1 184 1 281 1 294 2 242 1 245 1 282 1 301 1 293 2 253 1 255 1 240 2 238 1 311 1 252 1 244 1 267 1 273 3 254 1 284 1
//IdTournes NbColis
12 6
//IdColis IdCommandeInColis NbProducts IdProd1 QtyProd1 IdProd2 QtyProd2 ...
33 9 22 303 1 180 1 13 2 327 3 8 1 61 1 147 1 24 3 183 1 21 2 146 1 98 2 3 2 30 1 178 1 519 1 14 1 16 1 66 1 127 1 120 1 243 1
109 31 58 81 1 237 1 250 1 47 1 306 1 290 1 605 1 56 1 272 3 278 3 280 1 1 1 317 1 648 1 17 1 274 1 241 1 246 1 247 2 289 2 121 1 647 1 22 2 70 1 249 1 296 1 298 1 363 1 54 1 20 1 213 1 42 1 100 1 281 1 242 1 294 2 245 1 398 1 384 1 338 1 381 1 253 1 255 1 293 2 240 2 382 1 385 2 387 1 244 1 252 1 267 1 311 1 386 1 273 2 239 2 254 1 388 1 248 4
43 12 41 57 1 140 1 25 1 393 1 94 1 424 1 127 1 528 1 405 2 452 1 402 2 343 1 401 2 126 1 404 1 31 2 192 2 278 3 272 3 124 1 263 2 266 3 289 2 241 1 246 1 247 2 136 1 22 1 37 1 32 1 308 1 300 1 281 1 294 2 530 3 313 1 253 1 293 2 520 1 332 3 243 3
46 13 36 145 1 127 1 361 1 323 1 564 1 405 2 452 1 453 1 402 2 422 1 461 1 278 3 272 2 497 2 263 2 266 3 148 1 247 2 289 2 241 1 246 1 143 1 22 2 37 1 136 1 32 1 54 1 281 1 294 2 313 1 253 1 293 2 565 1 332 3 243 3 275 1
59 17 32 134 1 285 1 30 1 155 1 171 1 3 2 146 1 444 1 79 2 21 2 156 1 33 1 117 1 181 2 485 1 127 1 630 1 235 1 116 1 631 1 237 1 250 1 166 1 108 1 629 1 101 1 114 1 18 1 77 1 290 1 172 1 248 2
29 8 21 260 1 104 1 312 1 287 1 236 2 4 1 110 1 115 1 165 1 420 1 319 1 320 1 112 1 327 4 109 2 321 1 78 2 86 1 113 1 118 1 254 1
//IdTournes NbColis
13 6
//IdColis IdCommandeInColis NbProducts IdProd1 QtyProd1 IdProd2 QtyProd2 ...
50 15 25 256 1 270 2 138 1 4 1 336 1 320 1 112 1 327 4 86 1 78 1 118 1 105 1 134 1 155 1 57 2 46 2 92 1 492 1 98 1 99 1 156 1 33 1 25 1 337 2 284 1
1 1 18 383 1 430 1 9 1 428 1 236 2 2 2 4 1 6 1 7 2 10 2 12 2 413 1 138 1 199 1 412 2 427 1 521 1 332 1
31 8 48 241 1 246 1 247 2 289 2 70 1 37 1 249 1 298 1 111 1 97 1 107 2 269 1 187 1 257 1 106 1 184 1 281 1 416 1 242 1 294 2 245 1 282 1 322 1 301 1 316 2 414 1 253 1 255 1 293 2 240 1 415 1 238 1 268 1 318 2 315 1 279 1 244 2 302 4 311 1 419 1 377 1 239 1 417 2 243 4 332 3 254 1 284 1 248 2
51 15 57 117 1 94 2 96 1 431 1 127 1 144 1 235 1 116 1 250 1 101 1 114 1 108 1 18 1 126 1 290 1 31 2 158 1 192 2 276 1 272 3 278 3 292 2 157 1 159 1 124 1 263 2 266 3 280 1 258 1 241 1 246 1 247 2 289 2 22 1 37 1 249 1 296 1 298 1 111 1 97 1 269 1 187 1 257 1 106 1 473 1 184 1 281 1 242 1 294 2 245 1 304 1 301 1 253 1 255 1 293 2 334 1 239 1
72 20 59 585 2 290 1 56 1 278 3 364 1 272 4 280 1 148 2 90 1 258 1 289 2 241 1 246 1 247 2 639 1 640 1 22 1 37 1 296 1 298 1 97 1 206 1 230 1 20 1 187 1 257 1 106 1 473 1 184 1 281 1 294 2 242 1 245 1 282 1 501 1 384 1 301 1 316 1 293 2 253 1 255 1 345 2 381 1 240 2 387 1 503 1 268 1 279 1 311 1 252 1 244 1 267 1 273 3 239 1 502 1 254 1 586 1 362 3 248 4
84 23 37 70 1 37 2 296 1 298 1 249 1 111 1 97 1 230 1 206 1 269 1 187 1 257 1 106 1 184 1 231 1 281 1 294 2 242 1 282 1 245 1 301 1 316 1 253 1 255 1 293 2 268 1 238 2 279 1 311 1 267 2 252 1 244 1 332 3 243 4 254 1 284 1 248 2
//IdTournes NbColis
14 6
//IdColis IdCommandeInColis NbProducts IdProd1 QtyProd1 IdProd2 QtyProd2 ...
134 39 45 280 1 258 1 289 2 241 1 246 1 247 2 70 1 37 1 298 1 296 1 249 1 111 1 97 1 20 1 269 1 187 1 257 1 473 1 184 1 106 1 281 1 294 2 242 1 245 1 282 1 301 1 253 1 293 2 255 1 240 1 268 1 279 1 311 1 476 2 244 1 252 1 267 1 239 1 332 3 243 4 254 1 475 1 456 1 474 2 248 2
9 3 23 132 1 513 1 327 2 168 1 169 1 191 1 51 1 210 1 216 1 173 1 218 1 219 1 41 1 46 2 57 2 98 1 99 1 92 1 33 2 94 2 220 1 235 1 279 1
26 7 24 59 1 60 1 383 1 52 1 291 1 312 1 391 1 309 1 299 1 4 1 93 1 58 1 389 1 303 1 320 1 429 2 15 1 103 1 95 1 191 1 214 1 491 1 434 1 20 1
32 9 16 260 1 326 2 59 1 52 1 439 1 312 3 236 2 119 3 58 1 164 1 165 1 4 1 177 1 110 1 379 1 39 1
85 24 23 582 1 59 1 60 1 232 1 52 1 580 1 236 2 164 1 165 1 93 1 197 1 303 1 26 1 4 1 58 1 645 1 75 1 627 1 513 1 53 1 15 1 290 1 456 1
126 37 21 260 1 264 3 52 1 236 2 527 1 618 1 93 1 110 1 75 1 627 1 53 1 295 2 191 1 212 2 214 1 168 1 169 1 321 1 173 1 142 1 268 1
//IdTournes NbColis
15 6
//IdColis IdCommandeInColis NbProducts IdProd1 QtyProd1 IdProd2 QtyProd2 ...
2 1 19 336 1 379 1 262 1 523 2 429 1 508 1 319 2 13 2 15 1 170 3 432 1 8 1 147 1 5 1 3 1 21 1 146 1 171 1 332 1
47 14 21 383 1 535 2 10 1 26 1 2 2 7 2 427 1 149 1 13 1 15 1 132 1 154 1 205 2 446 1 128 1 147 1 449 1 142 1 24 1 445 1 126 1
17 5 27 73 1 5 1 196 1 85 1 183 1 3 2 79 1 82 1 57 2 84 1 98 2 155 1 92 1 146 1 353 1 14 1 16 1 81 1 94 2 127 2 361 1 182 1 543 1 62 1 343 1 237 1 362 1
23 6 29 142 1 509 1 21 1 30 1 171 1 3 1 146 1 14 1 16 1 91 1 534 3 477 1 393 1 81 3 506 1 510 2 512 1 127 1 181 2 405 2 454 1 455 2 453 1 235 1 343 2 401 1 18 1 371 1 246 1
53 16 19 597 1 260 1 60 1 163 1 161 1 104 1 236 2 58 1 26 1 88 1 286 1 164 1 199 1 527 1 15 1 132 1 112 1 327 2 433 1
67 19 50 259 1 71 2 235 1 250 1 40 1 47 1 593 1 126 1 290 1 192 2 605 1 276 1 278 2 272 2 263 2 266 2 280 1 1 1 17 1 90 1 258 1 498 1 241 1 246 1 247 2 289 2 22 2 249 1 296 1 298 1 269 1 257 1 281 1 242 1 294 2 245 1 282 1 301 1 253 1 255 1 293 2 240 2 238 2 268 1 315 1 239 1 243 3 254 1 284 1 248 1
//IdTournes NbColis
16 6
//IdColis IdCommandeInColis NbProducts IdProd1 QtyProd1 IdProd2 QtyProd2 ...
55 16 51 250 1 160 1 40 1 47 1 56 1 276 1 278 3 599 1 272 4 280 1 17 1 274 2 258 1 241 1 289 2 246 1 247 2 22 2 121 1 363 1 298 1 249 1 54 1 20 1 257 1 100 1 42 1 354 1 281 1 242 1 294 2 282 1 245 1 598 2 310 2 301 1 253 1 255 1 293 2 268 1 238 1 279 1 267 1 252 1 526 1 311 1 244 1 273 3 332 1 284 1 248 2
94 26 34 121 1 22 2 249 1 296 1 298 1 437 1 54 1 20 1 269 1 257 1 438 1 100 1 281 1 242 1 436 1 294 2 245 1 301 1 253 1 255 1 293 2 240 1 238 1 268 1 279 1 244 1 252 1 267 1 311 1 239 1 243 4 332 3 254 1 248 2
113 32 27 249 1 54 1 20 1 269 1 257 1 213 1 42 1 281 1 242 1 294 2 282 1 245 1 301 1 253 1 255 1 293 2 240 2 268 1 238 2 546 2 395 1 267 3 244 1 273 2 254 1 284 1 248 2
122 35 33 22 2 249 1 363 1 296 1 298 1 54 1 269 1 257 1 213 1 42 1 100 1 281 1 242 1 294 2 245 1 304 1 301 1 253 1 255 1 293 2 240 1 268 1 279 1 267 1 244 1 252 1 536 1 311 1 273 2 377 1 254 1 284 1 248 2
21 6 16 265 1 428 1 309 3 535 1 26 2 88 3 89 1 58 1 164 1 174 3 122 1 110 1 10 2 2 1 327 1 275 1
87 24 47 278 3 537 1 272 3 19 1 159 1 478 2 263 2 266 1 280 1 1 1 17 1 258 1 241 1 246 1 247 2 289 2 143 1 22 2 249 1 296 1 298 1 257 1 231 1 42 1 100 1 281 1 242 1 294 2 245 1 282 1 301 1 253 1 255 1 293 2 240 2 268 1 315 2 279 1 252 1 244 1 579 1 311 1 267 1 273 2 254 1 475 2 284 1
//IdTournes NbColis
17 6
//IdColis IdCommandeInColis NbProducts IdProd1 QtyProd1 IdProd2 QtyProd2 ...
24 6 35 371 2 421 4 537 1 347 1 1 1 17 1 90 1 241 1 247 2 289 2 22 1 363 1 20 1 230 1 42 1 505 1 231 1 281 1 294 2 316 1 313 2 253 1 293 2 464 1 240 1 238 1 244 1 252 3 267 1 536 1 375 1 239 2 243 3 332 3 284 1
40 11 40 30 1 21 1 3 1 146 1 171 1 91 1 458 2 393 1 424 1 181 2 127 1 454 1 455 1 402 1 405 2 459 1 102 1 461 1 404 1 192 2 272 3 278 3 1 1 17 1 241 1 246 1 247 2 289 2 22 1 135 5 300 1 281 1 294 2 316 1 313 1 253 1 293 2 243 2 456 2 362 1
97 27 46 272 3 278 3 124 1 609 1 263 2 478 3 280 1 251 1 480 1 1 1 17 1 274 1 241 1 246 1 247 2 289 2 296 1 298 1 257 1 213 1 42 1 281 1 242 1 294 2 245 1 282 1 277 1 329 3 301 1 253 1 255 1 293 2 483 1 238 1 268 1 279 1 244 1 252 1 267 1 311 1 273 2 239 1 254 1 284 1 275 3 248 2
102 29 47 99 1 46 2 92 1 155 1 57 2 140 1 117 1 127 1 94 2 237 2 250 1 40 1 47 1 126 1 306 1 290 1 410 1 192 2 31 2 276 1 272 3 278 3 19 1 176 1 124 1 609 1 263 2 266 3 280 1 1 1 17 1 258 1 241 1 246 1 247 2 289 2 22 1 249 1 296 1 298 1 269 1 257 1 100 1 281 1 242 1 294 1 329 1
66 19 23 129 1 86 1 113 1 105 2 198 1 622 1 188 1 196 1 85 2 193 1 98 1 195 1 99 1 92 1 155 1 46 2 57 2 33 1 117 1 127 1 194 1 94 2 261 1
19 5 77 350 1 363 1 296 1 298 1 554 1 20 1 490 3 185 2 269 1 341 1 560 1 223 3 106 1 354 1 547 1 184 1 281 2 346 1 416 1 242 1 355 1 358 1 538 1 294 4 561 1 277 1 356 1 322 1 539 1 548 1 329 1 552 1 553 1 555 1 494 1 310 1 465 1 338 1 340 1 359 1 360 1 549 1 550 1 313 2 345 1 542 1 253 2 255 1 544 1 293 4 464 1 562 1 240 1 339 1 351 1 483 1 541 1 385 1 545 1 387 1 558 1 559 1 357 1 546 1 318 1 279 1 252 2 267 1 311 1 342 1 239 1 243 7 332 6 254 1 284 1 362 2 248 2
//IdTournes NbColis
18 6
//IdColis IdCommandeInColis NbProducts IdProd1 QtyProd1 IdProd2 QtyProd2 ...
128 37 29 22 1 298 1 296 1 249 1 20 1 257 1 42 1 281 1 416 1 242 1 294 2 525 1 245 1 282 1 301 1 316 1 253 1 255 1 293 2 240 1 311 1 244 1 526 1 252 1 267 1 273 2 254 1 284 1 248 2
37 10 38 283 1 131 1 128 1 129 1 24 1 130 2 46 1 92 1 98 1 99 1 57 1 84 1 94 1 127 1 528 1 405 2 402 2 452 1 126 1 567 1 31 2 125 1 272 2 418 2 124 1 497 4 263 2 266 2 247 2 289 2 241 1 246 1 121 1 281 1 294 2 253 1 293 2 243 1
75 21 24 168 1 169 1 191 1 212 2 214 1 147 1 210 1 118 1 86 1 113 1 105 1 98 1 99 1 92 1 155 1 211 1 46 2 82 1 57 2 117 1 127 1 94 1 62 1 276 1
63 18 21 186 1 86 1 105 1 188 3 190 3 151 1 41 4 98 1 30 1 155 1 3 1 146 1 211 1 21 1 25 1 117 1 181 1 127 1 630 1 631 1 108 1
54 16 23 168 1 169 2 191 1 212 2 214 1 86 1 113 1 118 1 57 2 46 2 92 1 155 1 98 1 99 1 117 1 94 2 127 1 194 1 162 1 235 3 401 1 237 1 290 1
28 7 19 269 1 100 1 281 1 242 1 294 2 245 1 489 1 301 1 253 1 255 1 293 2 279 1 244 1 252 1 267 1 311 1 273 3 284 1 248 1
//IdTournes NbColis
19 6
//IdColis IdCommandeInColis NbProducts IdProd1 QtyProd1 IdProd2 QtyProd2 ...
49 14 32 31 1 192 2 278 3 272 4 124 1 263 2 266 3 152 1 289 2 241 1 246 1 247 2 22 2 37 1 32 1 231 1 300 1 281 1 294 2 316 1 313 2 450 2 253 1 293 2 387 1 238 1 267 1 244 1 239 1 243 2 332 3 362 1
57 17 18 260 1 163 1 161 1 287 2 236 4 164 2 165 1 167 1 110 1 138 1 4 1 484 1 486 1 583 1 286 1 58 1 320 1 279 1
78 22 17 260 1 163 1 312 1 104 1 574 1 595 1 287 3 573 2 236 2 226 1 224 2 110 1 138 1 229 1 596 1 608 2 276 1
91 25 18 282 1 310 1 301 1 313 1 253 1 255 1 293 2 240 1 238 2 268 1 279 1 244 1 311 1 302 1 307 1 273 3 254 1 284 1
103 29 25 294 1 245 1 304 1 277 3 325 1 465 1 301 1 253 1 255 1 293 2 464 1 268 1 328 1 279 1 244 1 252 2 267 1 311 1 239 1 243 4 332 3 254 1 284 1 463 2 248 2
125 36 12 294 2 245 1 304 1 293 2 268 1 318 1 252 1 239 1 243 3 332 2 275 1 362 1
//IdTournes NbColis
20 5
//IdColis IdCommandeInColis NbProducts IdProd1 QtyProd1 IdProd2 QtyProd2 ...
35 9 14 293 1 238 1 268 1 244 1 252 1 395 1 267 1 576 1 377 1 239 2 243 3 332 3 254 1 248 1
38 10 3 520 1 243 2 332 2
52 15 13 333 1 279 1 244 1 252 1 267 1 311 1 239 1 243 4 332 3 254 1 275 2 335 3 248 2
81 22 20 294 1 242 1 245 1 301 1 293 2 253 1 255 1 268 1 238 1 279 1 311 1 267 1 252 1 244 1 239 1 332 2 243 4 254 1 284 1 248 1
106 30 15 293 2 240 1 238 1 268 1 279 1 244 1 252 1 267 1 311 1 239 1 243 4 332 3 254 1 284 1 248 2
