//NbTournees
27
//IdTournes NbColis
1 6
//IdColis IdCommandeInColis NbProducts IdProd1 QtyProd1 IdProd2 QtyProd2 ...
42 15 19 162 1 445 1 217 1 448 1 164 3 47 1 137 2 167 1 211 2 213 1 221 2 236 1 285 1 204 1 257 1 155 1 153 1 71 1 79 2
72 27 28 200 1 428 1 434 1 217 1 258 1 211 1 221 1 204 1 286 1 250 1 262 1 165 1 216 1 226 1 233 1 12 1 33 1 449 1 450 1 40 1 207 1 208 1 219 1 244 1 254 1 191 1 55 1 260 1
74 28 20 148 1 162 1 229 1 217 1 258 1 245 1 240 1 242 1 211 2 213 1 221 2 224 1 247 1 236 1 296 1 204 1 286 1 289 1 248 1 71 1
79 30 20 640 1 212 1 259 1 217 2 258 1 211 2 221 2 235 1 602 1 204 1 250 1 256 1 251 1 558 1 46 1 78 1 237 1 233 1 252 1 207 1
81 31 23 217 1 258 1 261 1 643 1 211 2 213 1 221 2 246 1 253 1 204 1 257 1 156 1 209 1 263 1 604 1 262 1 116 1 255 1 484 1 33 1 560 1 21 1 61 1
141 53 35 144 1 342 1 217 1 258 1 211 1 221 1 296 1 204 1 289 1 444 1 325 1 248 1 461 1 463 1 319 1 175 1 207 1 208 1 219 1 244 1 254 1 260 1 241 2 80 1 82 2 85 2 86 1 63 1 2 1 460 1 73 2 74 2 11 2 61 4 79 4
//IdTournes NbColis
2 6
//IdColis IdCommandeInColis NbProducts IdProd1 QtyProd1 IdProd2 QtyProd2 ...
143 54 36 217 1 258 1 194 1 211 1 221 1 204 1 451 1 300 1 464 1 455 1 465 1 33 1 207 1 208 1 219 1 244 1 254 1 55 1 45 1 80 1 82 2 85 2 86 1 158 1 63 1 460 1 73 3 74 2 456 1 458 1 18 1 100 1 11 1 61 5 79 5 5 2
144 55 30 124 1 217 1 258 1 240 1 446 1 211 1 221 1 204 1 454 1 453 1 452 1 207 1 208 1 219 1 443 1 244 1 260 1 80 1 82 2 85 1 86 1 457 1 460 1 73 2 74 2 100 1 11 3 61 4 79 4 5 1
145 56 33 162 1 190 1 217 1 258 1 211 1 221 1 204 1 300 1 401 1 83 1 21 1 207 1 208 1 219 1 443 1 244 1 260 2 241 2 80 1 82 2 85 2 86 1 63 1 2 1 24 1 73 3 74 2 459 1 81 1 4 1 11 4 61 5 79 5
146 57 27 334 1 217 1 448 1 211 1 221 1 285 1 204 1 300 1 40 1 207 1 208 1 219 1 244 1 254 1 191 2 260 1 80 1 82 2 85 1 86 1 24 1 460 1 73 3 74 2 11 4 61 5 79 5
15 6 28 581 1 231 1 32 1 57 1 116 1 383 1 619 1 384 1 623 1 255 1 620 1 281 1 205 1 279 1 46 1 78 1 186 1 145 1 216 1 226 3 438 1 184 1 278 1 283 1 243 1 233 1 319 1 61 2
49 18 30 206 1 273 1 289 1 350 1 257 1 565 1 325 1 267 1 561 1 251 1 439 1 231 2 205 1 216 1 226 1 227 2 278 1 243 1 283 1 330 1 440 1 319 1 252 1 95 1 12 1 51 1 329 2 207 1 208 2 45 1
//IdTournes NbColis
3 6
//IdColis IdCommandeInColis NbProducts IdProd1 QtyProd1 IdProd2 QtyProd2 ...
57 21 31 289 1 350 1 509 1 163 1 404 1 325 1 582 1 225 1 220 1 295 1 469 1 405 1 26 1 231 1 157 1 171 1 205 1 226 1 129 2 252 1 319 1 83 1 95 1 579 1 590 1 329 1 134 1 21 1 228 1 207 1 185 1
75 28 27 257 1 437 2 404 1 325 1 322 1 231 2 205 1 558 1 216 1 226 1 227 2 278 1 243 1 233 2 319 1 252 1 33 1 329 1 207 1 208 2 219 2 244 2 254 2 232 4 260 2 45 1 73 1
84 32 36 257 1 404 1 325 1 300 1 239 1 205 1 455 1 216 2 226 2 227 1 252 1 329 1 40 1 207 1 208 2 219 2 254 2 191 1 260 2 45 1 241 1 578 1 9 1 80 1 82 2 85 2 86 1 147 1 42 1 66 2 73 3 74 2 11 2 61 5 79 5 5 1
87 33 33 570 1 506 1 300 1 231 1 57 1 572 1 205 1 216 1 226 2 227 1 243 1 233 2 319 1 252 1 450 1 329 1 207 1 208 2 219 2 244 2 254 2 260 1 241 2 131 1 80 1 82 2 85 2 86 1 73 2 74 2 11 1 61 5 79 5
90 34 26 297 1 218 2 222 2 275 1 285 1 313 1 236 1 416 1 206 1 603 1 605 1 404 1 209 1 344 1 251 1 417 1 595 1 439 1 300 1 365 1 205 1 264 2 272 1 441 1 606 1 11 1
1 1 24 215 2 297 1 218 2 222 2 236 2 296 1 299 1 246 1 54 1 206 1 289 1 209 1 30 1 300 1 290 1 103 1 46 1 78 1 278 1 287 1 233 1 88 1 268 1 64 1
//IdTournes NbColis
4 6
//IdColis IdCommandeInColis NbProducts IdProd1 QtyProd1 IdProd2 QtyProd2 ...
4 2 30 222 2 275 1 313 1 236 1 285 1 416 1 206 1 286 1 426 1 209 1 344 1 405 1 26 1 417 1 439 1 231 1 365 1 402 1 429 1 441 1 46 1 69 1 226 1 276 1 438 1 287 1 83 1 268 1 411 1 11 2
6 3 21 92 1 108 1 266 1 215 1 297 1 56 1 218 2 222 2 235 1 236 1 296 1 299 1 58 1 206 1 44 1 293 1 271 1 295 1 231 1 29 1 41 1
8 4 24 282 1 269 1 75 1 215 2 297 1 218 2 222 2 275 1 299 1 206 1 286 1 280 1 294 1 255 1 239 1 298 1 233 1 288 1 51 1 292 1 21 1 207 1 208 2 80 1
10 5 26 77 1 110 1 217 1 297 1 211 2 213 1 221 2 206 1 257 1 509 1 300 1 384 1 233 1 12 1 33 1 95 1 35 1 38 1 49 1 51 1 349 1 447 1 449 1 40 1 21 1 100 1
13 6 22 218 1 222 2 247 1 236 1 296 1 27 1 28 1 50 1 53 1 58 1 177 1 206 1 230 1 347 1 289 1 420 1 350 1 431 1 437 2 404 1 127 1 61 1
18 7 17 149 1 144 1 433 1 75 1 215 2 297 1 430 1 213 1 218 3 222 3 335 1 236 1 299 1 119 1 206 1 250 1 61 1
//IdTournes NbColis
5 6
//IdColis IdCommandeInColis NbProducts IdProd1 QtyProd1 IdProd2 QtyProd2 ...
21 8 25 150 1 124 1 217 1 297 1 242 1 211 2 213 1 221 2 275 1 299 1 206 1 534 1 257 1 431 1 502 1 69 1 129 1 33 1 12 1 268 1 138 1 507 1 331 1 207 1 41 1
23 9 26 120 1 434 1 217 1 297 1 137 1 211 2 213 1 221 2 206 1 250 1 257 1 263 1 30 1 231 1 239 1 319 1 33 1 12 1 117 1 507 1 207 1 208 2 219 2 244 1 80 1 61 1
26 10 20 218 1 222 3 335 1 235 1 236 1 576 1 296 1 299 1 115 1 206 1 360 1 273 1 286 1 289 2 444 1 350 1 113 1 404 2 209 2 325 1
29 11 28 122 1 75 1 217 1 448 1 211 2 221 2 236 1 206 1 289 1 257 1 325 1 538 1 301 1 78 1 216 1 127 1 243 1 233 1 83 1 268 1 311 1 329 1 123 1 207 1 208 2 219 1 126 1 5 1
31 12 24 148 1 75 1 215 1 297 1 218 2 221 2 118 1 206 1 289 1 257 1 27 1 332 1 541 1 114 1 535 1 26 1 383 1 239 1 482 2 227 1 536 1 207 1 208 1 131 1
35 13 27 235 1 296 1 299 1 166 1 339 1 396 1 115 1 152 1 156 1 206 1 386 1 409 1 286 1 289 1 250 1 421 1 350 2 431 1 599 1 393 1 408 1 332 1 407 1 337 1 406 1 79 2 105 1
//IdTournes NbColis
6 6
//IdColis IdCommandeInColis NbProducts IdProd1 QtyProd1 IdProd2 QtyProd2 ...
40 14 26 315 1 75 1 217 1 297 1 211 2 213 1 221 2 253 1 206 1 377 1 257 1 381 1 523 1 451 1 165 1 38 1 447 1 21 1 207 1 208 2 219 2 254 2 55 1 241 1 161 1 160 1
44 16 29 159 1 217 1 297 1 211 2 221 2 285 1 206 1 163 1 154 1 451 1 231 1 542 1 239 1 171 1 216 1 390 1 227 1 401 1 278 1 233 1 252 1 95 1 39 1 52 1 352 1 447 1 207 1 208 1 254 1
46 17 24 270 1 434 1 215 2 297 1 47 1 167 1 218 2 222 2 299 1 152 1 206 1 289 1 394 1 322 1 243 2 287 1 519 1 507 1 21 1 207 1 208 2 219 1 168 1 5 1
51 19 20 148 1 270 1 340 1 215 1 297 1 520 1 218 2 222 2 275 1 236 1 246 1 206 1 347 1 348 1 286 1 575 1 44 1 25 1 36 1 79 1
54 20 25 182 1 517 1 217 1 297 1 47 1 211 2 213 1 221 2 236 1 206 1 273 1 257 1 526 1 322 1 251 1 231 1 226 1 207 1 208 2 219 2 244 2 254 2 191 1 80 1 530 1
56 21 20 183 1 229 1 215 1 297 1 240 1 242 1 245 1 167 1 213 1 218 2 222 2 236 1 247 1 296 1 246 1 206 1 230 1 286 1 289 1 404 1
//IdTournes NbColis
7 6
//IdColis IdCommandeInColis NbProducts IdProd1 QtyProd1 IdProd2 QtyProd2 ...
59 22 22 194 4 217 1 297 1 47 1 211 2 213 1 221 2 174 1 206 1 286 1 257 1 539 1 294 1 506 1 300 1 537 1 69 1 227 1 276 1 233 1 175 1 79 2
61 23 26 75 1 190 1 217 1 297 1 56 1 211 2 213 1 221 2 206 1 257 1 173 1 163 1 522 1 516 1 231 1 226 1 83 1 525 1 207 1 208 2 219 2 244 2 254 2 55 1 80 1 79 1
64 24 25 222 1 335 1 236 1 285 1 296 2 299 1 339 1 50 1 206 1 273 1 388 1 289 1 444 1 421 1 350 1 404 1 453 1 367 2 580 1 368 1 405 1 442 1 538 1 231 1 73 1
67 25 22 144 1 217 1 297 1 197 2 167 1 47 2 211 2 213 1 221 2 235 1 206 1 421 1 257 1 332 1 239 1 226 1 395 1 283 1 449 1 361 1 207 1 64 1
70 26 28 206 1 360 1 257 1 404 2 551 1 367 1 368 1 451 1 154 1 26 1 384 1 32 1 366 1 226 2 440 1 552 1 556 1 214 1 21 2 207 1 208 3 219 3 254 3 55 1 260 1 241 2 80 1 71 1
77 29 23 162 2 217 1 297 1 512 1 56 1 211 2 213 1 221 2 206 1 257 1 58 1 44 1 226 1 227 1 233 1 52 1 207 1 208 2 219 2 244 2 254 2 80 1 79 1
//IdTournes NbColis
8 6
//IdColis IdCommandeInColis NbProducts IdProd1 QtyProd1 IdProd2 QtyProd2 ...
83 32 20 144 1 229 1 238 1 217 1 297 1 210 1 240 1 242 1 245 1 211 2 213 1 221 2 236 1 247 1 296 1 206 1 286 1 289 1 350 1 319 1
86 33 24 229 1 217 1 351 1 297 1 242 1 245 1 240 1 211 2 213 1 221 2 236 1 247 1 206 1 234 1 289 1 350 1 257 1 404 1 325 1 566 1 569 1 73 1 11 1 5 1
93 35 27 215 1 297 1 306 1 167 1 213 1 218 2 222 2 206 1 321 1 257 1 332 2 303 1 44 1 163 1 325 1 327 1 69 1 226 1 227 1 330 1 319 1 83 1 324 1 51 1 15 1 16 1 61 1
95 36 21 144 1 317 1 217 2 314 1 297 1 211 2 221 2 305 1 285 1 299 2 206 1 633 1 295 1 405 1 451 1 248 1 231 1 482 1 310 1 227 1 8 1
97 37 20 315 1 215 1 351 1 297 1 56 1 218 2 222 2 313 1 236 2 296 1 602 1 246 1 206 1 350 1 320 1 231 2 78 1 216 1 226 3 457 1
99 38 23 212 1 217 1 297 1 56 1 211 2 221 2 236 1 206 1 627 1 25 1 307 1 248 1 322 1 231 1 384 1 474 1 255 2 239 2 455 1 216 1 226 1 233 1 16 1
//IdTournes NbColis
9 6
//IdColis IdCommandeInColis NbProducts IdProd1 QtyProd1 IdProd2 QtyProd2 ...
101 39 20 631 1 259 1 266 1 217 1 297 1 211 2 213 1 221 2 206 1 302 1 257 1 326 1 629 1 628 3 163 1 381 1 308 1 300 1 231 1 15 1
104 40 15 592 1 144 1 315 1 309 1 75 1 215 2 297 1 323 1 218 3 222 3 253 1 206 1 350 1 231 1 61 3
107 41 23 334 1 345 1 215 1 351 1 297 1 137 1 323 1 213 1 218 2 222 2 299 1 206 1 257 1 514 1 354 1 617 1 248 1 231 1 384 1 455 2 227 1 343 1 73 1
109 42 22 162 1 353 1 215 1 297 1 218 2 222 2 235 1 236 1 206 1 338 1 350 2 539 1 514 1 609 1 344 1 267 1 262 1 569 1 231 1 239 1 78 1 61 1
112 43 21 144 1 342 1 217 1 297 1 430 1 211 2 221 2 305 1 236 1 285 1 299 1 339 1 206 1 209 1 341 1 325 2 564 1 294 1 573 1 251 1 329 1
115 44 17 608 1 162 1 342 1 433 1 217 2 448 1 211 3 221 3 247 1 296 1 206 1 250 1 553 1 152 1 376 1 597 1 493 1
//IdTournes NbColis
10 6
//IdColis IdCommandeInColis NbProducts IdProd1 QtyProd1 IdProd2 QtyProd2 ...
118 45 15 571 1 644 1 215 2 277 1 297 1 213 1 218 3 222 3 335 1 236 2 299 1 206 1 444 1 250 1 333 1
121 46 19 433 1 217 2 297 1 242 1 323 1 430 2 211 3 221 3 305 1 285 1 246 1 253 1 206 1 152 1 551 1 405 1 318 1 80 1 11 1
125 47 30 235 1 299 1 339 1 396 1 253 1 206 1 250 1 431 1 368 1 422 1 26 1 356 1 358 1 231 1 365 1 318 1 402 1 255 1 239 3 316 1 435 1 301 2 310 1 355 1 357 1 226 1 227 1 390 1 11 2 105 1
130 48 26 206 1 289 1 250 1 257 1 431 1 209 2 34 1 368 1 442 1 154 1 630 2 371 1 231 1 318 1 402 1 625 1 316 1 482 2 310 1 279 1 298 1 355 1 226 1 227 2 337 1 80 1
133 49 18 641 1 345 1 217 1 297 1 211 2 213 1 221 2 206 1 350 1 257 1 509 1 637 1 483 1 385 1 379 1 636 1 382 2 207 1
135 50 24 340 1 215 1 297 1 240 1 213 1 218 2 222 2 206 1 377 1 257 1 374 1 376 1 381 1 383 1 226 2 233 1 447 1 589 1 38 1 207 1 208 2 219 2 130 1 11 2
//IdTournes NbColis
11 6
//IdColis IdCommandeInColis NbProducts IdProd1 QtyProd1 IdProd2 QtyProd2 ...
137 51 24 120 1 217 1 277 1 448 1 211 2 213 1 221 2 253 1 206 1 257 1 332 2 325 1 378 1 451 1 558 1 78 1 380 1 83 1 447 1 329 1 328 1 207 1 208 2 254 1
139 52 24 270 1 215 2 297 1 47 1 218 2 222 2 299 1 206 1 387 2 404 1 381 1 635 1 394 1 405 1 26 1 365 1 264 1 359 1 33 1 268 1 38 1 40 1 45 1 11 1
147 58 29 270 1 315 1 215 1 297 1 475 1 479 1 211 1 221 1 235 1 206 1 289 1 483 1 472 1 163 1 239 1 216 1 329 1 207 1 208 1 219 1 254 1 80 1 82 1 85 1 86 1 73 1 74 1 61 1 79 1
149 59 33 471 1 215 1 297 1 218 1 222 1 206 1 468 1 470 1 405 1 481 1 484 1 291 1 21 1 207 1 208 1 219 1 254 1 55 2 80 1 82 2 85 1 86 1 2 1 460 1 176 1 23 1 73 2 74 2 100 1 477 1 61 4 79 4 5 1
150 60 39 269 1 217 1 297 1 240 1 47 1 211 1 221 1 224 1 206 1 163 1 267 1 485 1 227 1 95 1 363 1 473 1 214 1 207 1 208 1 219 1 244 1 254 1 141 1 260 1 45 1 241 1 20 1 99 1 80 1 82 2 85 2 86 1 135 1 73 2 74 2 61 5 71 1 79 5 105 2
152 61 38 353 1 75 1 217 1 448 1 211 1 221 1 206 1 466 1 332 1 367 1 469 1 384 1 474 1 478 1 476 1 12 1 207 1 208 1 219 1 244 1 254 1 55 1 260 1 241 1 80 1 82 2 85 2 86 1 457 1 63 1 2 1 460 1 73 3 74 2 11 3 16 1 61 5 79 5
//IdTournes NbColis
12 6
//IdColis IdCommandeInColis NbProducts IdProd1 QtyProd1 IdProd2 QtyProd2 ...
154 62 30 467 1 215 2 297 1 218 2 222 2 335 1 275 1 299 1 206 1 480 1 482 1 78 1 401 1 243 1 40 1 207 1 208 2 219 2 254 2 55 1 397 1 241 1 17 1 31 1 63 1 73 3 74 2 11 1 61 5 79 5
156 63 45 345 1 215 1 297 1 137 1 218 1 222 1 206 1 488 1 405 1 116 2 226 1 227 1 33 1 491 1 329 1 337 1 207 1 208 1 219 1 254 1 260 1 45 1 130 1 7 1 160 1 80 1 82 2 85 2 86 1 457 1 3 1 63 1 1 1 24 1 460 1 135 1 10 1 493 1 73 3 74 2 41 2 11 5 16 1 61 5 79 5
158 64 36 498 1 215 1 297 1 218 2 222 2 206 1 257 1 486 1 489 1 319 1 12 1 33 1 40 1 207 1 208 2 219 2 254 2 45 1 241 2 20 1 84 1 80 1 82 2 3 1 31 1 63 1 24 1 62 1 73 3 74 2 11 5 61 5 71 1 79 5 492 3 5 3
160 65 30 495 1 215 1 297 1 218 2 222 2 236 1 253 1 206 1 231 1 487 1 239 2 355 1 216 1 226 1 227 1 233 1 252 1 329 1 207 1 208 2 219 2 254 2 260 1 7 1 80 1 73 3 74 2 22 1 61 5 79 5
162 66 41 217 1 351 1 297 1 56 1 211 1 221 1 285 1 339 1 206 1 374 1 322 1 463 1 359 1 78 1 243 1 288 1 411 1 490 1 207 1 208 1 219 1 244 1 254 1 260 1 406 1 241 2 20 1 161 1 64 1 80 1 82 1 143 1 24 1 499 1 496 1 73 3 74 2 22 1 11 1 61 5 79 5
164 67 38 428 1 215 1 297 1 213 1 218 2 222 2 206 1 230 1 54 1 365 1 78 1 343 1 450 1 207 1 208 2 219 2 254 2 191 1 55 1 241 1 20 1 80 1 82 2 85 1 86 1 3 1 63 1 2 1 494 1 24 1 460 1 10 1 73 3 74 2 41 1 11 2 61 5 79 5
//IdTournes NbColis
13 6
//IdColis IdCommandeInColis NbProducts IdProd1 QtyProd1 IdProd2 QtyProd2 ...
166 68 36 217 1 297 1 211 2 213 1 221 2 305 1 246 2 206 1 497 1 239 1 12 1 411 1 51 1 40 1 207 1 208 2 219 2 254 2 241 3 312 1 160 1 80 1 82 1 3 1 63 1 2 2 179 1 73 3 74 2 181 1 11 1 16 1 61 5 79 5 76 1 5 1
168 69 32 217 1 297 1 47 1 211 2 213 1 221 2 501 1 299 1 206 1 257 1 452 1 231 1 46 1 226 1 233 1 40 1 207 1 208 2 219 2 254 2 19 1 513 2 20 1 1 1 2 1 460 1 42 1 66 1 73 3 74 2 41 1 61 5
170 70 30 215 1 297 1 503 1 213 1 218 2 222 2 246 1 253 1 206 1 230 1 508 1 500 1 502 1 233 1 21 1 207 1 208 2 219 2 254 2 513 1 241 2 80 1 2 1 24 1 511 1 73 3 74 2 11 2 61 5 79 5
172 71 33 217 1 297 1 211 2 213 1 221 2 253 1 206 1 257 1 504 1 43 1 506 1 356 1 359 1 227 1 283 1 233 1 207 1 208 2 219 2 254 2 260 1 241 2 1 1 460 1 42 1 66 2 73 3 74 2 22 1 477 1 41 1 11 4 61 5
174 72 34 217 1 297 1 211 2 213 1 221 2 206 1 257 1 514 1 505 1 153 1 510 1 116 1 239 1 316 1 40 2 207 1 208 2 219 2 254 2 55 1 241 1 3 1 63 1 2 1 24 1 460 1 42 1 66 1 515 1 73 3 74 2 11 1 61 5 79 5
176 73 24 373 1 342 1 190 1 215 1 297 1 524 1 164 1 213 1 218 1 222 2 296 1 253 1 206 1 230 1 509 1 506 1 78 1 507 1 169 1 207 1 208 2 219 2 254 1 529 1
//IdTournes NbColis
14 6
//IdColis IdCommandeInColis NbProducts IdProd1 QtyProd1 IdProd2 QtyProd2 ...
178 74 29 215 1 297 1 520 1 213 1 218 2 222 2 206 1 257 1 25 1 36 1 389 1 518 1 521 1 365 1 292 1 473 1 207 1 208 2 219 2 254 2 241 1 7 1 457 1 3 1 31 1 1 1 460 1 16 1 61 5
180 75 28 217 1 297 1 211 1 221 1 206 1 294 1 21 1 40 1 207 1 208 1 219 1 244 1 254 1 55 1 45 1 20 1 187 1 80 1 82 2 85 2 86 1 3 1 73 3 74 2 100 1 11 2 61 5 79 5
181 76 26 215 1 297 1 218 1 222 1 206 1 256 1 497 1 546 1 207 1 208 1 219 1 254 1 191 1 80 1 82 2 85 1 86 1 457 1 147 1 63 1 73 3 74 2 456 1 16 1 61 5 79 5
182 77 36 162 1 217 1 448 1 211 1 221 1 275 1 206 1 163 1 451 1 216 1 227 1 449 1 207 1 208 1 219 1 244 1 254 1 260 1 45 1 241 1 185 1 80 1 82 2 85 1 86 1 72 2 1 1 24 1 10 1 23 1 73 2 74 2 61 4 79 4 105 1 5 1
183 78 32 190 1 217 1 297 1 211 1 221 1 296 1 206 1 545 1 300 1 33 1 83 2 329 1 40 1 207 1 208 1 219 1 254 1 191 1 260 2 7 1 80 1 82 2 85 1 86 1 31 1 24 2 73 3 74 2 11 1 61 5 79 5 5 1
184 79 34 75 2 215 1 297 1 242 1 137 1 218 1 222 1 206 1 550 1 547 1 544 1 226 1 88 1 207 1 208 1 219 1 254 1 80 1 82 2 85 1 86 1 3 1 8 1 48 1 10 1 70 1 96 1 543 1 73 2 74 2 100 1 11 1 61 4 79 4
//IdTournes NbColis
15 6
//IdColis IdCommandeInColis NbProducts IdProd1 QtyProd1 IdProd2 QtyProd2 ...
185 80 34 433 1 217 1 448 1 211 1 221 1 206 1 332 1 300 1 116 1 555 1 558 1 33 1 560 1 207 1 208 1 219 1 244 1 254 1 20 1 80 1 82 2 85 2 86 1 457 1 24 1 10 1 73 2 74 2 477 2 16 1 61 4 79 4 105 1 5 2
186 81 28 217 1 297 1 479 1 211 1 221 1 339 1 206 1 553 1 156 1 44 1 239 1 207 1 208 1 219 1 254 1 20 1 80 1 82 2 85 2 86 1 8 2 73 3 74 2 22 1 41 1 11 5 61 5 79 5
187 82 39 229 1 217 1 448 1 47 1 211 1 221 1 206 1 163 1 476 1 298 1 78 1 12 1 83 1 95 1 557 1 207 1 208 1 219 1 244 1 254 1 513 1 45 1 312 1 17 1 130 1 80 1 82 2 85 2 86 1 1 1 2 1 460 1 73 3 74 2 559 1 16 1 61 5 79 5 5 1
189 83 30 433 1 182 1 215 1 277 1 297 1 213 1 218 2 222 2 206 1 230 1 231 1 83 1 207 1 208 2 219 2 254 2 241 1 529 1 9 1 80 1 82 2 85 2 86 1 63 1 24 2 73 3 74 2 11 1 61 4 79 4
37 13 33 369 1 316 1 413 1 435 1 157 1 310 1 279 1 410 1 298 1 355 1 357 1 395 2 401 1 343 1 243 2 287 1 330 1 440 1 552 2 400 1 319 1 425 2 391 1 311 1 51 1 329 1 21 1 207 1 208 3 219 3 254 1 80 1 79 1
2 1 26 291 1 21 1 207 1 208 2 219 2 254 2 55 1 260 1 45 1 99 1 80 1 82 2 85 2 86 1 72 1 3 1 1 1 2 1 23 2 98 2 73 3 74 2 18 1 16 1 61 5 79 5
//IdTournes NbColis
16 6
//IdColis IdCommandeInColis NbProducts IdProd1 QtyProd1 IdProd2 QtyProd2 ...
3 2 16 107 1 432 1 270 1 315 1 282 1 427 1 353 1 274 1 428 1 434 1 215 2 297 1 47 1 218 2 207 1 11 1
7 3 37 239 1 216 1 226 2 227 1 39 1 291 1 21 1 207 1 208 2 219 2 254 2 260 1 84 1 80 1 82 2 85 2 86 1 90 1 97 1 63 1 24 1 42 1 66 2 10 1 70 1 62 1 73 3 74 2 81 1 100 1 87 1 4 1 41 1 11 3 16 1 61 5 79 5
11 5 23 507 1 207 1 208 2 219 2 244 2 254 2 260 2 241 3 17 1 64 1 80 1 82 2 85 2 86 1 48 1 93 1 60 1 67 1 73 3 74 2 61 5 79 5 5 1
16 6 49 252 1 614 1 616 1 12 1 33 1 95 1 51 2 52 1 188 1 291 1 214 1 329 1 40 1 21 1 207 1 208 2 219 2 254 2 191 1 55 2 260 1 241 1 102 1 20 1 17 2 13 1 65 2 161 1 606 1 185 1 126 1 187 1 192 1 578 1 80 1 82 2 85 2 86 1 193 1 24 1 133 1 101 1 73 3 181 1 4 1 61 2 79 5 16 1 5 1
20 7 28 121 1 363 1 349 1 214 1 207 1 208 3 219 3 254 3 141 1 260 1 241 3 17 2 13 1 130 1 7 1 80 1 82 2 85 2 86 1 63 1 42 2 73 2 74 2 100 3 477 1 61 4 79 5 11 4
27 10 30 325 1 112 1 367 1 580 1 30 1 375 1 231 1 318 1 384 1 366 1 255 1 239 1 316 1 226 1 227 1 401 1 237 1 243 1 287 1 330 1 233 1 288 1 33 1 364 1 40 1 134 1 207 1 208 3 219 3 147 1
//IdTournes NbColis
17 6
//IdColis IdCommandeInColis NbProducts IdProd1 QtyProd1 IdProd2 QtyProd2 ...
43 15 31 462 1 255 1 233 1 33 1 268 1 38 1 121 1 169 1 447 1 449 1 207 1 208 2 219 2 244 2 254 2 241 1 84 1 80 1 82 2 85 2 86 1 2 1 24 1 460 1 10 2 73 3 74 2 79 3 16 1 61 5 5 1
52 19 30 36 1 325 1 346 1 376 1 336 1 581 1 248 1 231 1 46 1 78 1 558 1 216 1 252 1 95 1 12 2 33 1 121 1 349 1 292 1 447 1 584 1 589 1 35 1 38 1 329 1 207 1 208 2 219 2 591 1 79 1
60 22 20 207 1 208 2 219 2 244 2 254 2 241 1 7 1 80 1 82 2 85 2 86 1 72 1 147 1 3 1 8 1 73 3 74 2 100 1 79 3 61 5
65 24 33 365 1 318 1 366 1 239 1 316 1 301 1 216 1 226 1 395 1 401 1 343 1 278 1 237 1 330 1 233 1 364 1 583 1 556 1 52 1 557 1 328 1 207 1 208 3 219 3 254 3 191 1 260 1 241 4 312 1 17 1 185 1 9 1 73 1
82 31 26 40 1 207 1 208 2 219 2 244 2 254 2 223 1 232 2 260 2 241 1 80 1 82 2 85 2 86 1 158 1 63 1 2 2 66 2 70 1 642 1 73 3 74 2 100 1 61 4 79 5 5 2
91 34 43 216 1 226 1 227 1 276 1 401 1 438 1 287 1 127 1 233 1 252 1 33 1 95 1 268 1 579 1 214 1 207 1 208 2 219 2 254 2 19 1 191 1 130 1 126 1 84 1 80 1 82 2 85 2 86 1 106 1 8 1 607 1 24 1 460 1 170 2 23 1 73 3 74 2 456 1 100 1 11 3 61 5 79 5 5 1
//IdTournes NbColis
18 6
//IdColis IdCommandeInColis NbProducts IdProd1 QtyProd1 IdProd2 QtyProd2 ...
94 35 21 507 1 207 1 208 2 219 2 254 2 19 1 241 1 15 1 80 1 82 2 85 2 86 1 549 1 31 1 42 2 66 1 73 3 74 2 61 4 79 5 5 1
96 36 22 243 1 288 1 12 1 328 1 207 1 208 2 219 2 244 2 254 2 312 1 99 1 80 1 82 2 85 2 86 1 63 1 2 2 73 3 74 2 11 3 61 5 79 5
98 37 29 227 1 233 1 252 1 268 1 589 1 329 1 40 1 207 1 208 2 219 2 254 2 304 1 80 1 82 2 85 1 86 1 72 1 147 1 2 1 23 1 98 1 73 3 74 2 477 1 41 1 11 2 61 5 79 5 5 3
100 38 32 252 1 12 1 311 1 214 1 329 1 40 2 207 1 208 2 219 2 254 2 260 1 241 1 529 1 130 1 99 2 9 1 80 1 82 2 85 2 86 1 147 2 2 1 24 1 89 1 62 1 73 3 74 2 4 1 477 1 61 5 79 5 5 1
102 39 36 620 1 239 1 316 1 227 1 33 1 83 1 214 1 331 1 21 1 40 1 207 1 208 2 219 2 244 2 254 2 45 2 241 2 312 1 102 1 7 2 80 1 82 2 85 2 86 1 72 1 457 1 593 1 2 2 24 1 460 1 73 3 74 2 477 1 61 5 79 5 5 4
105 40 39 318 1 239 1 316 1 301 1 78 1 227 1 401 1 237 1 330 2 95 1 268 1 40 1 207 1 208 3 219 3 254 3 45 2 241 2 312 1 13 1 7 1 80 1 82 2 85 2 86 1 3 1 593 1 63 1 143 1 1 1 24 1 460 1 42 1 98 1 73 3 74 2 61 2 79 5 105 1
//IdTournes NbColis
19 6
//IdColis IdCommandeInColis NbProducts IdProd1 QtyProd1 IdProd2 QtyProd2 ...
108 41 25 352 1 618 1 491 1 117 1 207 1 208 2 219 2 254 2 223 2 260 1 632 1 241 1 9 1 80 1 82 2 85 2 86 1 203 1 66 2 73 1 74 2 41 1 61 5 79 5 76 1
110 42 37 239 1 186 1 216 1 226 2 233 1 252 1 349 1 490 1 450 1 51 1 329 1 328 1 207 1 208 2 219 2 254 2 141 1 17 1 99 1 80 1 82 2 85 2 86 1 147 1 66 1 135 1 136 1 151 1 528 1 73 2 74 2 612 1 610 1 87 1 477 1 61 4 79 5
113 43 37 231 2 116 1 239 2 298 1 69 1 216 1 226 2 227 2 237 1 440 1 233 2 252 1 83 1 95 1 207 1 208 2 219 2 254 2 191 1 260 1 7 1 80 1 82 2 85 2 86 1 158 1 31 1 2 1 460 1 10 1 73 3 74 2 477 2 11 1 61 5 79 5 5 1
116 44 30 461 1 231 2 318 2 316 1 482 1 226 1 243 1 440 1 319 1 12 1 519 1 21 1 40 4 207 1 208 3 219 3 244 3 254 3 55 3 260 1 241 2 312 1 13 1 15 1 9 1 42 2 66 2 73 3 74 2 61 5
119 45 40 257 1 113 1 404 1 567 1 439 1 231 2 365 1 239 1 401 2 343 1 233 2 12 1 268 1 52 1 40 1 337 1 207 1 208 3 219 3 254 3 241 2 312 1 80 1 82 2 85 1 86 1 574 1 63 1 24 1 460 1 42 2 73 3 74 2 18 1 477 1 249 1 41 1 11 2 61 5 79 5
122 46 39 318 1 366 1 239 1 316 1 78 1 465 1 227 2 438 1 343 1 233 1 288 1 49 1 21 1 207 1 208 3 219 3 244 3 254 3 424 2 141 1 412 1 260 2 45 2 241 1 312 1 68 1 8 1 63 1 2 1 24 2 42 1 66 2 193 1 73 3 74 2 22 1 11 1 61 5 79 5
//IdTournes NbColis
20 6
//IdColis IdCommandeInColis NbProducts IdProd1 QtyProd1 IdProd2 QtyProd2 ...
126 47 38 395 1 401 1 287 1 330 1 440 1 552 1 127 1 233 1 21 1 40 1 611 1 337 1 207 1 208 3 219 3 254 3 424 1 55 2 260 1 397 1 241 1 130 1 160 1 80 1 82 2 85 2 86 1 2 1 460 1 42 1 170 2 60 1 73 3 74 2 100 1 11 4 61 5 79 5
131 48 39 395 1 343 1 243 1 330 1 440 1 552 1 400 1 626 1 590 1 121 2 40 1 207 1 208 3 219 3 254 3 424 1 260 1 241 1 312 1 187 1 82 2 85 2 86 1 634 1 63 1 2 2 24 2 460 1 511 1 10 1 23 1 73 3 74 2 22 1 11 5 16 2 61 5 79 5 5 1
140 52 24 207 1 208 2 219 2 254 2 191 1 141 1 80 1 82 2 85 2 86 1 72 1 457 1 147 1 63 1 24 1 42 1 93 1 98 2 73 3 74 2 530 1 11 3 61 5 79 5
5 2 34 214 1 329 1 208 2 219 2 254 2 55 1 260 1 20 1 15 1 64 1 7 1 9 1 80 1 82 2 85 2 86 1 14 1 68 1 8 1 31 1 2 1 42 2 66 1 104 1 89 1 96 1 73 3 74 2 11 1 61 5 71 2 79 5 76 1 5 2
22 8 31 208 2 219 2 244 2 254 2 424 1 55 1 45 1 241 1 80 1 82 2 85 2 86 1 72 1 3 1 132 1 111 1 2 1 24 1 104 1 540 1 10 1 133 1 151 1 128 1 62 1 73 3 74 2 61 5 79 5 16 1 105 1
32 12 19 208 1 219 2 254 2 45 2 241 1 20 1 7 1 80 1 82 2 85 2 86 1 142 1 528 1 73 2 74 2 543 1 100 1 79 5 61 5
//IdTournes NbColis
21 6
//IdColis IdCommandeInColis NbProducts IdProd1 QtyProd1 IdProd2 QtyProd2 ...
45 16 19 208 1 219 2 254 1 55 1 260 1 312 1 80 1 82 2 85 2 86 1 63 1 2 1 24 1 66 2 73 3 74 2 79 5 16 1 61 5
58 21 37 208 2 219 2 254 2 260 1 587 1 45 1 241 1 180 1 17 1 161 1 529 1 65 1 126 1 187 1 7 1 80 1 82 2 85 2 86 1 72 1 14 1 68 2 158 1 31 1 63 1 24 1 128 1 189 2 73 4 74 4 532 1 477 1 71 1 79 5 61 5 76 1 5 1
68 25 22 208 2 219 2 254 2 141 1 241 1 533 1 99 1 80 1 82 2 85 2 86 1 457 1 203 1 3 1 24 1 73 2 74 2 22 1 71 1 79 4 11 1 61 4
80 30 27 214 2 208 2 219 2 244 2 254 2 191 2 232 2 638 1 187 2 639 1 160 1 80 1 82 2 85 2 86 1 68 1 634 1 31 1 540 1 70 1 73 3 74 2 249 1 11 1 61 5 79 5 5 1
134 49 27 375 1 300 1 231 1 384 1 57 1 278 1 33 1 331 1 208 2 219 2 254 2 241 1 20 1 80 1 82 2 85 2 86 1 42 1 66 1 10 1 73 3 74 2 477 1 249 1 61 5 79 5 76 1
19 7 24 250 1 257 2 563 1 565 1 332 1 209 1 562 1 271 1 294 2 561 1 365 1 116 1 239 2 359 1 145 1 226 2 237 1 287 2 552 1 268 1 49 1 52 1 214 1 73 1
//IdTournes NbColis
22 6
//IdColis IdCommandeInColis NbProducts IdProd1 QtyProd1 IdProd2 QtyProd2 ...
14 6 19 565 1 25 1 36 1 325 1 37 1 155 1 265 1 34 1 615 1 43 1 59 1 178 1 423 1 613 1 262 1 451 1 621 1 622 1 624 1
129 48 17 277 1 297 1 240 1 323 1 430 2 218 3 221 1 222 2 305 1 235 2 247 1 299 1 339 1 396 1 246 3 253 1 370 1
36 13 25 601 1 389 1 596 1 256 1 436 1 582 1 604 1 422 1 294 1 414 1 451 1 452 1 600 1 248 1 417 1 356 1 358 1 318 1 402 1 372 1 327 1 383 1 384 1 397 1 79 1
12 6 16 196 1 109 1 162 1 144 1 229 1 419 1 75 1 215 1 297 1 245 1 240 2 242 1 167 2 213 1 218 1 20 1
48 18 18 172 1 471 1 229 1 428 1 215 1 277 1 297 1 245 1 240 1 242 1 213 1 218 2 222 2 235 1 247 1 296 1 253 1 239 1
63 24 16 144 1 342 1 282 1 399 1 269 1 345 1 403 1 309 1 398 1 215 2 297 1 242 1 213 1 218 3 222 2 201 1
//IdTournes NbColis
23 6
//IdColis IdCommandeInColis NbProducts IdProd1 QtyProd1 IdProd2 QtyProd2 ...
69 26 15 198 1 199 1 342 1 419 1 215 2 297 1 213 1 218 3 222 3 335 1 247 1 235 1 236 1 299 1 361 1
25 10 16 577 1 373 1 270 1 342 1 274 1 399 1 428 1 269 2 309 1 215 2 297 1 585 1 430 1 218 2 368 1 79 1
34 13 16 345 1 403 1 238 1 415 1 392 2 215 2 277 1 297 1 323 1 430 1 218 3 222 3 305 1 335 1 275 1 13 1
89 34 15 432 1 144 1 270 1 315 1 284 1 282 1 418 1 353 1 427 1 274 1 428 1 434 1 594 1 215 2 231 1
124 47 16 362 1 340 1 334 1 345 1 403 1 238 1 215 2 277 1 297 1 137 1 323 1 430 1 218 3 222 3 305 1 343 1
128 48 15 144 1 270 1 362 1 282 1 434 2 340 1 334 1 345 1 403 1 495 1 238 1 75 1 215 2 277 2 529 1
//IdTournes NbColis
24 6
//IdColis IdCommandeInColis NbProducts IdProd1 QtyProd1 IdProd2 QtyProd2 ...
33 13 14 77 1 373 1 144 1 270 1 342 2 362 1 399 1 419 1 433 1 434 1 340 1 598 1 334 2 55 1
9 4 23 219 2 254 2 19 2 260 1 45 1 9 1 82 2 85 2 86 1 106 1 6 1 94 1 23 1 73 3 74 2 22 1 4 1 91 1 41 2 16 1 61 5 79 5 105 2
30 11 31 219 1 244 2 254 2 260 1 45 1 241 1 20 1 80 1 82 2 85 2 86 1 125 1 14 1 68 1 139 1 31 1 3 1 42 1 136 2 93 1 2 2 460 1 66 2 62 1 73 3 74 2 146 1 79 5 11 1 61 5 76 1
47 17 18 219 1 254 2 13 1 99 1 80 1 82 2 85 2 86 1 63 1 494 1 10 1 73 3 74 2 100 1 532 2 79 5 11 1 61 5
50 18 26 219 2 254 2 260 1 241 1 102 1 99 1 80 1 82 2 85 1 86 1 568 1 48 1 31 1 42 1 170 1 2 1 24 1 66 1 67 1 73 3 74 2 22 1 79 5 11 3 61 5 5 1
138 51 19 219 2 244 2 254 1 241 3 312 1 9 1 80 1 82 2 85 2 86 1 72 1 101 1 73 3 74 2 249 1 11 1 16 1 61 5 79 5
//IdTournes NbColis
25 6
//IdColis IdCommandeInColis NbProducts IdProd1 QtyProd1 IdProd2 QtyProd2 ...
28 10 28 254 3 19 1 260 1 241 2 312 1 130 1 80 1 82 2 85 2 86 1 31 1 97 1 3 1 549 1 63 1 135 1 136 1 588 1 24 1 10 2 89 2 23 1 73 3 74 2 4 1 79 4 16 1 61 5
38 13 27 254 2 424 1 412 1 260 2 241 1 312 1 15 1 126 1 82 2 85 2 86 1 6 1 158 2 63 1 42 3 2 2 24 1 10 2 89 1 128 1 73 3 74 2 100 1 4 3 79 1 16 2 61 5
71 26 23 241 1 312 1 20 1 17 1 99 1 82 2 85 2 86 1 14 1 554 1 202 1 460 1 42 1 10 1 23 1 73 3 74 2 146 1 181 1 530 1 41 1 79 5 61 5
62 23 20 55 1 232 1 260 2 241 3 82 2 85 2 86 1 8 1 63 1 176 1 2 1 24 1 460 1 531 1 42 1 73 3 74 2 79 4 61 5 5 1
24 9 28 244 1 254 2 55 1 260 1 241 2 529 1 82 2 85 2 86 1 147 1 549 1 143 1 42 1 66 1 1 1 2 2 24 2 62 1 98 1 73 3 74 2 140 1 548 1 4 1 61 4 79 5 11 2 5 1
53 19 28 254 2 19 1 55 1 260 2 241 1 187 1 9 1 591 1 80 1 82 2 85 2 86 1 68 1 48 1 147 1 1 1 2 1 24 1 460 1 101 1 98 1 73 3 74 2 195 1 79 3 16 1 61 5 5 2
//IdTournes NbColis
26 6
//IdColis IdCommandeInColis NbProducts IdProd1 QtyProd1 IdProd2 QtyProd2 ...
55 20 21 191 1 260 2 45 1 241 1 82 2 85 2 86 1 3 1 193 1 24 1 42 1 66 1 60 1 179 2 23 1 73 3 74 2 477 1 79 5 11 1 61 5
73 27 19 241 1 161 1 80 1 82 2 85 2 86 1 72 1 457 2 31 1 1 1 62 1 73 3 74 2 22 1 79 5 11 1 16 1 61 5 5 2
76 28 20 45 1 241 2 130 1 15 1 7 1 160 1 80 1 82 2 85 2 86 1 63 1 2 1 24 1 66 1 73 2 74 2 477 1 79 5 11 1 61 5
78 29 13 241 2 82 2 85 2 86 1 203 1 93 1 24 1 98 1 73 2 74 2 100 2 79 3 61 4
136 50 16 254 2 241 1 9 1 80 1 82 2 85 2 86 1 1 1 2 1 67 1 73 3 74 2 249 1 11 1 61 5 79 5
177 73 23 254 1 397 1 241 1 80 1 82 2 85 2 86 1 457 1 3 1 24 1 42 1 66 2 93 1 193 1 528 1 98 1 74 2 73 3 4 1 11 3 61 5 79 5 5 1
//IdTournes NbColis
27 2
//IdColis IdCommandeInColis NbProducts IdProd1 QtyProd1 IdProd2 QtyProd2 ...
66 24 19 80 1 82 2 85 2 86 1 72 1 97 1 147 2 586 1 2 1 42 2 73 1 74 2 477 1 91 1 71 1 79 5 11 2 61 5 5 1
41 14 17 7 1 80 1 82 2 85 2 86 1 527 1 147 1 42 1 24 1 460 1 66 2 73 3 74 2 41 2 79 5 11 1 61 5
