//NbTournees
19
//IdTournes NbColis
1 6
//IdColis IdCommandeInColis NbProducts IdProd1 QtyProd1 IdProd2 QtyProd2 ...
1 1 18 479 1 396 1 232 1 227 1 7 1 321 2 14 1 356 1 340 1 243 1 322 1 229 1 236 1 6 2 9 2 15 1 18 1 384 1
2 1 21 17 2 21 1 22 1 525 4 344 1 1 1 528 1 554 1 8 1 2 2 20 1 13 1 354 1 213 1 11 1 12 2 137 1 357 1 330 1 217 1 212 1
4 2 10 266 1 583 1 364 5 245 2 232 1 651 1 536 1 14 1 654 1 386 1
5 2 19 356 1 322 1 229 1 503 1 6 2 9 2 17 2 21 1 22 1 275 1 495 1 1 1 30 1 31 2 252 2 272 1 260 1 274 1 25 1
8 3 17 603 1 606 1 594 1 396 1 232 1 227 1 7 1 14 1 45 1 50 1 51 1 356 1 563 1 322 1 229 1 236 1 9 1
9 3 20 9 1 15 1 40 1 41 1 17 2 192 1 6 2 500 1 423 1 605 2 244 1 1 1 184 2 604 1 528 1 231 1 26 1 440 1 38 1 205 1
//IdTournes NbColis
2 6
//IdColis IdCommandeInColis NbProducts IdProd1 QtyProd1 IdProd2 QtyProd2 ...
13 4 17 227 1 232 1 321 3 356 1 418 2 322 1 236 1 229 1 6 2 9 2 21 1 17 2 22 1 305 1 306 1 192 1 16 1
18 5 21 6 2 9 2 21 1 22 1 17 2 547 1 495 1 1 1 30 1 31 2 252 2 272 1 257 1 260 1 262 1 549 1 26 1 38 1 347 1 212 1 241 1
21 6 19 506 1 507 1 232 1 227 1 82 2 321 1 510 1 323 1 322 1 505 1 229 1 236 1 9 2 75 1 21 1 81 1 22 1 17 1 76 1
22 6 21 17 1 508 1 6 2 514 2 26 1 79 1 239 1 462 1 78 1 253 1 327 1 511 1 513 1 73 1 74 2 54 1 490 1 53 1 71 1 169 1 212 1
26 7 19 393 1 321 1 62 1 356 1 251 2 322 1 503 1 229 1 17 2 21 1 90 1 244 1 264 1 6 2 9 2 85 1 30 2 31 2 361 1
32 8 23 206 1 236 1 229 1 92 1 17 2 15 1 96 1 104 1 21 1 81 1 90 1 193 1 194 1 6 2 9 1 22 1 200 1 166 1 555 1 556 1 330 1 637 1 212 1
//IdTournes NbColis
3 6
//IdColis IdCommandeInColis NbProducts IdProd1 QtyProd1 IdProd2 QtyProd2 ...
37 9 21 332 1 329 1 232 1 227 1 82 1 322 1 229 1 236 1 6 1 9 1 110 1 17 1 21 1 334 1 296 1 85 1 26 2 89 1 333 1 114 1 108 1
40 10 19 619 1 396 1 232 1 227 1 7 1 50 1 45 1 322 1 236 1 229 1 6 2 9 1 17 2 40 1 120 1 22 1 423 1 87 1 66 1
43 11 17 396 1 232 1 227 2 530 1 338 1 340 1 243 1 356 1 277 2 322 1 229 1 236 1 6 2 9 2 17 2 21 1 384 1
46 12 16 583 1 232 1 245 1 393 3 323 2 356 1 616 1 277 1 322 1 503 1 229 1 6 2 122 2 126 1 17 2 502 1
49 13 20 396 1 232 1 245 1 134 1 50 1 251 3 322 1 229 1 503 1 6 1 9 1 17 1 132 1 21 1 423 1 292 1 85 2 152 1 26 1 59 1
52 14 19 583 1 232 1 245 1 82 2 393 2 277 2 322 1 503 1 229 1 6 1 9 1 138 1 17 1 21 1 237 1 316 1 317 1 85 1 259 1
//IdTournes NbColis
4 6
//IdColis IdCommandeInColis NbProducts IdProd1 QtyProd1 IdProd2 QtyProd2 ...
55 15 19 518 1 6 2 9 2 17 2 40 1 146 1 132 1 22 1 305 1 85 1 26 1 521 1 38 1 79 1 238 2 239 1 147 1 269 1 212 1
59 16 17 321 1 501 1 338 1 206 1 503 2 229 2 6 2 9 2 17 2 21 1 244 1 30 2 31 2 87 1 252 2 272 1 148 1
63 17 19 332 1 396 1 232 1 227 1 82 1 338 1 45 1 340 1 418 1 322 1 229 1 236 1 6 2 9 1 17 2 21 1 22 1 155 1 27 1
68 18 23 6 1 9 1 17 2 21 1 81 1 22 1 237 1 296 1 353 1 525 1 85 1 87 1 528 1 157 1 26 1 526 1 52 1 527 1 114 1 141 1 354 1 207 1 212 1
71 19 19 396 1 232 1 227 1 536 1 393 1 50 1 206 1 277 2 322 1 229 1 236 1 6 2 9 1 17 2 21 1 81 1 22 1 166 1 61 1
74 20 18 479 1 396 1 222 2 232 1 7 1 545 1 45 1 50 1 206 1 322 1 390 1 229 1 6 1 9 1 17 1 21 1 85 2 169 1
//IdTournes NbColis
5 6
//IdColis IdCommandeInColis NbProducts IdProd1 QtyProd1 IdProd2 QtyProd2 ...
77 21 19 396 1 507 1 232 1 227 1 86 1 393 1 341 1 243 1 251 2 358 1 277 1 322 1 229 1 236 1 6 2 9 1 15 1 17 1 128 1
78 21 26 17 1 21 1 81 1 22 1 172 1 344 1 296 1 272 1 152 1 89 1 203 1 491 1 61 1 74 2 63 1 66 1 113 1 25 1 33 2 116 1 112 1 173 1 213 1 105 1 209 1 250 1
87 24 16 396 1 227 1 232 1 7 1 393 2 14 1 243 1 356 1 358 4 322 1 229 1 236 1 237 2 17 2 43 1 241 1
90 25 20 612 1 396 1 232 1 227 1 82 1 536 1 322 1 229 1 236 1 17 1 21 1 166 1 6 1 9 1 85 1 89 1 114 1 360 1 84 1 330 1
93 26 26 363 1 17 1 21 1 368 1 6 1 9 1 85 1 30 1 31 1 252 1 260 1 274 1 262 1 26 1 89 1 224 1 114 1 602 1 84 1 67 1 623 1 112 1 359 1 365 1 212 1 241 1
95 27 27 597 1 227 1 598 1 82 1 322 1 229 1 390 1 21 1 17 1 370 1 6 1 371 1 9 1 85 1 114 1 84 1 66 1 67 1 169 1 112 1 39 1 213 1 211 1 369 1 228 1 330 1 319 1
//IdTournes NbColis
6 6
//IdColis IdCommandeInColis NbProducts IdProd1 QtyProd1 IdProd2 QtyProd2 ...
97 28 22 438 1 374 1 441 1 232 1 227 1 322 1 229 1 236 1 372 1 21 1 377 1 17 1 378 1 6 1 9 1 85 1 26 1 440 1 114 1 373 1 190 1 293 1
100 29 25 617 1 396 1 232 1 227 1 322 1 236 1 229 1 21 1 17 1 6 1 9 1 423 1 184 1 85 1 26 1 114 1 61 1 84 1 168 1 67 1 39 1 382 1 213 1 309 1 473 1
102 30 21 266 1 396 1 232 1 227 1 82 1 356 1 340 1 322 1 229 1 236 1 17 1 21 1 6 1 9 1 1 1 224 1 360 1 168 1 67 1 389 1 169 1
104 31 21 396 1 232 1 227 1 321 2 45 1 50 1 322 1 390 1 229 1 17 1 21 1 6 1 9 1 567 1 152 1 223 1 89 1 2 2 61 2 66 1 346 1
107 32 18 396 1 227 1 232 1 393 1 277 4 322 1 236 2 229 1 17 1 21 1 155 1 6 1 9 1 87 2 152 1 89 1 224 1 39 1
23 6 33 25 2 72 2 509 1 24 1 13 2 213 1 261 1 12 2 492 1 77 1 209 1 211 2 312 1 218 2 328 5 250 1 217 1 167 1 70 1 210 1 80 1 320 1 37 1 319 1 325 1 512 1 111 1 36 1 326 1 219 1 205 2 208 5 230 1
//IdTournes NbColis
7 6
//IdColis IdCommandeInColis NbProducts IdProd1 QtyProd1 IdProd2 QtyProd2 ...
28 7 31 54 1 255 1 35 1 489 1 490 1 66 1 57 1 254 1 174 1 455 1 71 1 169 1 43 1 25 1 24 1 13 1 584 1 112 1 213 1 261 1 12 1 492 1 499 1 652 1 218 2 209 1 211 2 312 1 207 1 212 1 258 1
34 8 28 197 1 66 1 95 1 103 1 113 1 168 1 67 1 568 1 497 1 639 1 299 1 25 2 39 1 97 1 558 1 559 1 417 1 213 1 137 1 11 1 12 1 499 1 566 1 234 1 588 1 445 1 383 1 218 2
44 11 30 22 1 467 1 1 2 26 2 8 1 79 1 18 1 71 1 299 1 43 1 25 1 121 1 13 1 213 1 59 1 234 1 357 1 11 1 209 1 211 2 228 1 218 2 16 1 337 1 330 2 217 1 27 1 10 1 19 1 386 1
47 12 26 22 1 305 1 344 1 1 1 26 1 8 1 38 1 79 1 239 1 203 2 74 1 123 1 25 2 43 2 24 1 116 1 13 1 213 1 12 1 11 1 220 1 218 2 209 1 211 1 385 1 212 1
50 13 26 89 1 224 1 63 1 123 2 168 1 425 1 299 2 43 1 25 3 133 1 116 1 129 2 13 1 213 1 424 1 220 1 11 1 137 1 209 1 211 2 312 1 218 2 16 1 131 1 328 1 127 1
56 15 40 114 1 84 1 403 1 25 1 144 2 129 1 112 1 359 1 213 1 143 1 519 1 218 1 209 1 211 1 312 1 16 1 207 1 217 1 520 1 27 1 10 1 19 1 210 1 145 1 80 1 23 1 5 1 352 1 111 1 517 1 208 1 230 1 214 1 215 1 324 1 379 1 407 1 381 1 221 1 202 1
//IdTournes NbColis
8 6
//IdColis IdCommandeInColis NbProducts IdProd1 QtyProd1 IdProd2 QtyProd2 ...
88 24 23 21 1 22 1 6 2 9 2 1 1 231 3 26 1 238 2 239 1 240 1 79 1 61 2 54 1 25 1 13 1 213 1 234 1 357 1 11 1 137 1 330 1 212 1 233 1
110 33 21 628 1 398 1 81 1 22 1 627 1 296 1 184 2 85 4 26 1 629 1 399 1 402 1 18 1 123 2 403 1 25 1 175 1 24 1 173 1 212 1 241 1
29 7 40 582 1 204 1 250 1 217 1 263 1 167 1 70 2 463 1 210 1 88 1 80 2 37 1 319 1 83 1 91 2 5 1 259 1 111 1 205 3 219 1 36 1 208 5 394 1 248 1 265 1 428 1 580 1 202 3 247 1 215 2 221 1 379 3 407 2 381 3 230 3 214 2 324 2 249 1 581 1 256 1
38 9 41 109 1 61 1 84 1 115 1 66 1 113 1 67 1 299 1 112 1 39 1 213 1 105 1 211 2 228 1 218 2 107 1 330 1 217 1 27 1 19 1 210 1 37 1 319 1 23 1 106 1 336 1 111 1 335 1 36 1 219 2 208 5 212 1 230 3 214 2 215 2 324 2 221 1 202 3 270 1 331 1 273 1
61 16 43 218 4 209 2 211 4 312 2 207 1 250 1 217 1 167 1 458 1 70 1 98 2 149 1 210 1 80 1 37 1 319 1 242 3 281 1 111 1 36 1 205 1 611 1 436 1 208 7 610 1 631 2 646 2 645 1 361 1 307 1 379 5 380 5 381 5 221 1 202 5 324 5 247 2 230 5 214 5 215 5 644 1 310 1 241 1
54 14 33 209 1 211 2 312 1 218 2 136 1 135 1 217 1 302 2 313 1 585 1 27 2 210 1 297 1 111 1 36 1 219 3 208 5 587 1 314 1 361 1 214 2 215 2 221 1 202 3 230 3 324 2 379 3 407 2 381 3 586 3 502 2 310 3 241 3
//IdTournes NbColis
9 6
//IdColis IdCommandeInColis NbProducts IdProd1 QtyProd1 IdProd2 QtyProd2 ...
81 22 34 179 1 66 1 174 1 57 1 123 3 113 1 455 2 175 1 24 1 213 1 178 1 180 1 12 1 347 1 330 1 217 3 19 1 210 1 319 1 578 1 177 2 36 1 208 5 394 1 301 1 212 1 324 2 221 2 202 3 230 3 214 2 215 2 579 1 241 1
53 14 25 140 1 573 1 26 1 224 1 318 2 141 2 373 2 61 1 74 1 54 1 123 1 67 1 315 2 311 1 213 1 59 1 137 1 139 1 11 1 142 1 234 1 220 1 250 1 212 1 502 2
60 16 29 272 1 257 1 260 1 274 1 262 1 26 1 89 1 246 1 462 1 54 1 150 2 490 1 123 1 168 1 71 1 43 1 382 1 24 1 13 1 309 2 213 1 504 1 12 1 447 1 261 1 385 1 212 1 502 1 256 1
112 34 30 81 1 22 1 272 1 26 1 409 1 123 1 13 1 39 1 213 1 406 1 408 1 207 2 250 1 217 2 210 1 405 1 111 1 36 1 208 5 278 1 212 1 221 1 202 3 230 3 214 2 215 2 324 2 379 3 407 2 381 3
108 32 35 20 1 67 1 299 3 72 2 24 1 359 1 213 1 12 1 397 1 383 1 218 2 211 2 228 1 392 2 328 5 198 1 385 1 330 1 217 1 210 1 319 1 208 5 394 1 361 1 212 1 324 2 395 1 379 3 380 2 381 2 202 3 230 3 214 2 221 1 215 2
6 2 30 262 1 26 1 535 2 8 1 239 1 182 1 29 1 35 1 113 1 33 1 24 1 267 3 213 1 357 1 11 1 12 1 209 1 218 2 211 2 312 1 28 1 385 1 481 1 250 4 217 1 590 1 27 1 10 1 19 1 361 1
//IdTournes NbColis
10 6
//IdColis IdCommandeInColis NbProducts IdProd1 QtyProd1 IdProd2 QtyProd2 ...
85 23 38 189 1 574 1 576 1 61 1 63 1 572 1 57 1 403 1 175 1 24 1 288 1 546 1 404 1 185 2 160 1 190 1 191 1 12 1 295 1 204 4 284 1 473 1 385 1 663 1 481 1 330 1 282 1 217 1 263 1 186 1 539 2 666 1 216 2 585 1 630 1 210 1 665 1 412 1
41 10 35 152 1 223 1 621 1 26 1 620 2 2 3 66 1 534 1 116 1 13 1 213 1 59 1 137 1 357 1 218 2 209 1 211 2 228 1 362 1 119 3 330 1 217 1 27 1 19 1 210 1 386 1 23 1 117 2 118 1 44 1 111 1 36 1 208 2 361 1 241 1
114 35 25 419 1 274 1 262 1 26 1 8 1 414 2 176 1 415 2 420 1 113 2 103 1 169 1 24 1 359 1 328 5 250 1 217 1 413 2 210 1 412 1 319 1 401 1 259 1 111 1 212 1
48 12 33 211 1 228 1 16 1 124 1 125 1 250 1 217 1 590 1 10 1 19 1 210 1 285 1 319 1 23 1 55 1 5 1 111 1 36 1 208 5 394 1 591 1 361 1 307 2 379 3 380 2 381 3 230 3 214 2 215 2 324 2 221 1 202 3 586 1
35 8 56 211 2 228 1 207 1 170 2 136 1 198 1 302 1 282 1 217 1 515 1 101 1 102 1 201 1 313 1 98 2 630 1 210 3 642 1 285 1 319 1 93 1 3 1 562 1 99 1 199 1 531 1 557 1 111 1 36 1 219 4 611 1 208 4 394 1 564 2 631 1 636 2 472 2 635 1 348 2 226 2 265 1 640 1 493 1 324 2 379 2 380 2 381 2 230 2 221 1 202 2 214 2 215 2 421 2 270 1 634 1 565 2
33 8 21 561 1 292 1 567 1 633 1 344 2 237 1 638 1 296 1 641 1 152 1 196 1 26 1 440 1 240 1 224 1 183 1 511 1 560 1 94 1 195 1 361 1
//IdTournes NbColis
11 6
//IdColis IdCommandeInColis NbProducts IdProd1 QtyProd1 IdProd2 QtyProd2 ...
119 37 39 457 1 450 1 81 1 22 1 372 1 456 1 157 1 203 1 449 1 448 1 94 1 61 1 66 1 455 1 24 1 311 1 213 1 447 1 452 1 451 2 76 3 42 1 385 1 250 1 217 1 458 1 649 3 19 1 27 1 210 1 319 1 23 1 242 1 454 1 111 1 453 1 212 1 349 1 422 1
19 5 38 238 2 239 1 550 1 61 1 63 1 66 1 67 1 299 2 601 1 39 1 546 1 213 1 417 1 59 1 137 1 357 1 11 1 209 1 211 2 312 1 218 2 582 1 65 1 68 1 385 1 217 1 263 1 69 1 439 2 27 1 10 1 19 2 210 1 319 1 23 2 5 1 361 1 600 1
69 18 29 61 1 84 1 67 1 523 1 522 1 382 1 160 1 345 3 309 3 466 1 213 1 137 1 588 1 161 1 209 1 211 2 218 2 312 1 328 5 347 3 473 3 308 1 250 1 217 1 302 3 350 1 210 1 242 3 241 1
75 20 24 85 1 152 1 223 3 26 1 89 1 224 1 20 1 203 3 61 3 84 1 168 1 13 1 24 1 213 1 12 1 220 1 209 1 211 2 218 2 228 1 207 2 225 1 204 3 361 1
25 7 11 650 1 506 1 364 3 583 1 653 2 245 1 232 1 651 1 86 1 393 2 74 1
27 7 21 87 1 252 2 257 3 260 1 262 1 152 1 184 1 456 1 26 1 89 1 246 1 462 1 488 1 486 2 203 1 253 1 491 1 373 2 74 1 84 1 385 1
//IdTournes NbColis
12 6
//IdColis IdCommandeInColis NbProducts IdProd1 QtyProd1 IdProd2 QtyProd2 ...
58 16 7 266 1 364 7 227 1 245 1 232 2 86 1 74 1
14 4 19 500 2 1 1 272 3 26 1 52 1 8 1 38 1 58 1 239 1 516 1 2 3 54 1 56 1 57 1 53 1 299 2 43 1 116 1 319 1
86 23 36 285 4 297 1 118 1 242 4 571 1 281 1 670 2 669 1 512 1 111 1 162 2 36 1 219 2 279 4 394 1 290 1 283 1 278 1 289 1 361 1 202 3 214 2 215 2 221 1 379 3 380 2 381 3 230 3 324 2 276 1 249 1 286 2 291 3 569 1 570 1 287 1
98 28 37 373 1 141 1 84 1 376 1 67 1 112 3 213 1 180 1 137 1 234 1 220 1 261 1 209 1 211 2 312 1 218 2 204 1 330 1 282 1 217 1 439 2 210 1 285 1 375 1 111 1 36 1 205 1 208 5 212 1 230 3 214 2 215 2 324 2 221 1 202 3 276 1 422 1
80 22 17 410 4 45 1 15 1 96 2 22 1 181 1 363 1 30 1 31 2 252 2 260 1 262 1 26 1 577 1 176 3 256 1 241 1
84 23 25 277 1 187 1 188 1 81 1 22 1 192 1 292 1 296 1 298 1 514 1 184 1 549 1 573 1 528 1 231 1 575 1 554 1 182 1 38 1 151 1 2 1 183 1 212 1 256 1 293 1
//IdTournes NbColis
13 6
//IdColis IdCommandeInColis NbProducts IdProd1 QtyProd1 IdProd2 QtyProd2 ...
3 1 31 383 1 211 2 228 1 218 2 16 1 10 1 19 1 210 1 3 1 4 1 23 1 5 1 433 4 608 1 205 1 553 1 208 5 609 1 342 1 361 1 395 3 482 3 380 2 230 3 214 2 215 2 324 2 221 1 202 3 552 1 551 1
11 3 44 16 2 207 1 337 1 28 1 42 2 330 2 302 1 217 1 515 1 313 1 595 1 10 1 19 2 27 1 210 2 37 1 386 1 44 1 46 1 48 1 23 2 5 1 158 1 476 1 36 1 498 2 592 1 208 5 271 1 607 1 361 1 230 3 214 2 324 2 379 3 380 2 381 3 215 2 349 1 202 3 331 1 273 1 270 1 384 1
111 33 37 404 1 213 1 12 1 406 1 295 1 385 1 330 1 217 1 439 2 19 1 27 1 210 1 400 1 37 3 319 1 23 1 401 1 111 1 36 1 208 5 442 1 394 1 625 1 361 1 626 1 230 3 214 2 215 2 324 2 379 3 380 2 381 3 221 1 202 3 331 1 273 1 384 1
17 5 13 364 5 396 1 544 1 232 1 227 1 545 1 62 1 356 1 358 2 322 1 229 1 236 1 386 1
10 3 29 47 1 52 1 246 1 49 1 373 1 168 1 254 1 497 1 43 2 39 1 116 1 359 1 13 1 496 1 213 1 105 1 137 1 59 1 499 1 220 1 445 1 596 1 211 2 312 1 209 1 218 2 207 1 212 1 593 1
64 17 23 344 1 296 1 525 1 152 1 26 1 151 1 154 1 141 2 489 1 113 1 67 1 39 1 404 2 213 1 143 1 234 2 220 1 445 1 406 3 137 1 211 1 212 1 293 2
//IdTournes NbColis
14 6
//IdColis IdCommandeInColis NbProducts IdProd1 QtyProd1 IdProd2 QtyProd2 ...
72 19 29 344 1 296 1 152 1 549 2 272 1 26 1 470 1 203 2 163 1 373 1 67 1 39 1 213 2 137 1 11 1 165 1 142 1 59 1 588 1 220 1 452 1 164 1 209 1 211 2 312 1 218 2 385 1 212 1 241 1
91 25 29 66 1 67 1 112 1 359 1 39 1 213 1 209 1 211 2 228 1 218 2 362 1 128 1 217 1 515 1 613 1 210 1 208 5 361 1 212 1 230 3 214 2 215 2 324 2 379 3 407 2 381 3 221 1 202 3 270 1
94 26 25 39 1 213 1 218 2 209 1 211 2 312 1 473 2 367 1 330 1 217 1 413 1 111 1 36 1 208 5 624 1 379 3 407 1 380 1 381 3 230 3 214 2 215 2 324 2 221 1 202 3
103 30 38 39 1 213 1 12 1 383 1 211 2 228 1 218 2 388 1 347 3 387 1 385 1 330 1 217 1 19 1 27 1 210 1 386 1 319 1 23 1 111 1 208 5 394 1 361 1 212 1 381 3 230 3 214 2 215 2 324 2 379 3 380 2 202 3 331 1 273 1 270 1 287 1 384 1 241 1
105 31 28 168 1 67 1 39 1 417 1 11 1 180 1 137 1 220 1 218 2 209 1 211 2 312 1 328 5 284 1 473 2 615 1 391 1 242 1 208 5 381 3 230 3 214 2 215 2 324 2 379 3 380 2 202 3 268 1
113 35 13 410 1 411 4 321 2 341 2 418 3 81 1 22 1 292 1 296 1 31 1 252 1 260 1 213 1
//IdTournes NbColis
15 6
//IdColis IdCommandeInColis NbProducts IdProd1 QtyProd1 IdProd2 QtyProd2 ...
79 21 32 234 1 343 1 137 1 11 1 211 2 312 1 218 2 170 1 473 1 217 1 533 1 210 1 320 1 171 1 531 1 36 1 219 1 208 5 532 1 342 2 361 1 212 1 230 3 214 2 215 2 221 1 202 3 324 2 379 3 380 2 381 3 310 1
20 5 26 60 1 111 1 64 1 548 1 498 4 208 5 394 1 278 1 214 2 215 2 349 1 202 3 324 2 230 3 379 3 407 2 381 3 416 1 291 1 273 1 270 1 331 1 552 1 268 1 384 1 241 1
101 29 34 180 1 105 1 220 1 343 1 452 1 218 2 209 1 211 2 312 1 207 1 128 1 473 2 42 1 330 1 217 1 210 1 106 1 111 1 36 1 208 5 618 1 442 1 361 1 212 1 379 3 380 2 381 3 230 3 214 2 215 2 324 2 221 1 202 3 286 1
31 8 13 603 1 435 2 622 1 294 1 632 1 227 1 536 1 50 2 51 1 563 1 643 1 206 1 100 1
83 23 9 661 1 280 1 667 1 664 1 294 1 662 1 668 1 341 2 100 1
121 38 24 457 1 45 2 483 1 251 1 418 1 277 2 316 2 81 1 22 1 166 2 26 1 462 1 461 1 460 1 67 1 169 1 24 1 417 1 345 1 267 2 213 1 12 1 385 1 434 1
//IdTournes NbColis
16 6
//IdColis IdCommandeInColis NbProducts IdProd1 QtyProd1 IdProd2 QtyProd2 ...
45 11 22 19 1 210 1 23 2 44 2 5 1 36 1 219 1 208 5 361 1 212 1 230 3 214 2 215 2 202 3 324 2 379 3 380 2 381 3 270 1 273 1 331 1 339 1
65 17 43 11 1 211 1 228 1 218 2 383 1 207 1 347 1 28 2 153 3 541 1 330 1 217 1 539 1 19 1 386 1 44 2 23 1 538 2 111 1 208 5 442 1 443 1 540 1 542 1 543 1 361 1 446 1 230 3 214 2 215 2 221 1 349 1 202 3 324 2 379 3 407 2 381 3 270 1 273 1 331 1 444 1 384 1 241 1
7 2 35 19 1 210 1 319 1 32 1 23 2 5 1 111 1 34 2 36 1 205 2 219 5 537 1 208 5 394 1 269 1 271 1 212 1 202 3 215 2 221 1 379 3 380 2 381 3 230 3 214 2 475 1 324 2 655 1 270 1 273 1 331 1 268 2 593 1 384 1 241 1
51 13 24 328 4 128 1 250 1 217 1 263 1 130 1 210 1 36 1 529 1 208 5 361 1 212 1 214 2 215 2 221 1 202 3 230 3 324 2 379 3 407 2 381 3 421 2 422 3 256 1
15 4 40 24 1 213 1 300 3 309 3 234 1 139 2 357 1 209 1 211 2 218 2 312 1 204 1 308 1 330 1 217 1 302 1 282 2 515 2 10 1 19 3 210 1 55 2 23 1 5 1 111 1 304 2 219 3 208 5 394 1 301 1 303 2 307 1 212 1 202 3 214 2 215 2 221 1 230 3 324 2 286 3
67 18 14 659 1 396 1 245 1 232 1 530 1 82 1 536 3 501 3 45 1 322 1 229 1 503 1 159 1 6 1
//IdTournes NbColis
17 6
//IdColis IdCommandeInColis NbProducts IdProd1 QtyProd1 IdProd2 QtyProd2 ...
123 39 36 418 1 81 1 22 1 467 1 26 2 470 1 465 1 24 1 466 1 295 1 469 1 12 1 385 1 330 1 217 1 210 1 319 1 111 1 177 1 36 1 468 1 208 5 394 1 464 1 361 1 212 1 221 1 202 3 230 3 214 2 215 2 324 2 379 3 407 2 381 3 422 1
73 19 31 614 1 204 2 473 1 330 1 217 1 27 1 19 1 210 1 386 1 319 1 23 1 111 1 162 1 36 1 589 1 208 5 394 1 342 8 361 1 230 3 324 2 379 3 380 2 381 3 214 2 215 2 202 3 331 1 273 1 270 1 384 1
117 36 52 79 1 8 1 486 1 455 1 487 1 207 1 337 4 204 4 347 1 485 1 473 1 481 4 217 1 263 1 471 1 474 1 210 1 427 2 432 1 297 2 429 2 437 1 480 1 434 1 111 1 476 1 433 2 36 1 436 1 208 3 279 1 472 1 477 1 346 1 226 1 478 1 428 2 430 1 342 4 212 1 214 2 215 2 202 2 230 2 475 2 324 2 395 2 482 2 380 2 426 1 287 1 431 4
70 18 31 352 1 351 1 355 1 156 1 158 1 111 1 36 1 34 2 524 1 208 5 346 2 348 1 226 1 464 1 657 1 307 1 361 1 580 1 214 2 215 2 349 1 202 3 379 3 407 2 381 3 656 2 230 3 324 2 658 1 552 1 644 2
92 26 14 622 1 364 4 410 1 396 1 232 1 227 1 82 1 7 1 366 1 338 1 322 1 236 1 229 1 361 1
122 38 29 250 1 217 1 463 1 459 1 319 1 23 1 219 1 205 2 208 5 394 2 532 1 647 1 587 1 648 1 290 2 591 1 361 1 212 1 221 1 202 3 324 2 379 3 407 2 381 3 230 3 214 2 215 2 593 1 502 3
//IdTournes NbColis
18 6
//IdColis IdCommandeInColis NbProducts IdProd1 QtyProd1 IdProd2 QtyProd2 ...
116 36 13 435 2 484 1 479 1 374 1 232 1 323 1 134 1 483 1 206 2 251 1 418 2 231 2 336 1
96 27 20 383 1 599 2 217 1 210 1 111 1 36 1 279 5 394 1 361 1 212 1 221 1 202 2 230 2 214 2 215 2 324 2 395 2 482 2 380 2 241 1
115 35 13 36 1 208 5 394 1 342 1 379 3 380 2 381 3 230 3 214 2 215 2 324 2 221 1 202 3
120 37 18 36 1 208 5 394 1 202 3 247 1 324 2 379 3 407 2 381 3 230 3 214 2 215 2 273 1 270 1 331 1 287 1 384 1 241 1
124 40 29 494 1 495 1 231 1 169 1 24 1 213 1 385 1 330 1 217 1 210 1 319 1 111 1 36 1 205 1 208 5 394 1 212 1 493 1 221 1 202 3 230 3 214 2 215 2 324 2 379 3 380 2 381 3 256 3 241 1
76 20 30 204 1 385 1 481 1 330 1 217 1 533 1 167 1 439 2 216 3 210 1 319 1 205 1 219 1 208 5 394 1 636 1 226 1 660 3 212 1 202 3 214 2 215 2 221 2 379 3 380 2 381 3 230 3 324 2 600 1 384 1
//IdTournes NbColis
19 3
//IdColis IdCommandeInColis NbProducts IdProd1 QtyProd1 IdProd2 QtyProd2 ...
89 24 23 211 2 228 1 218 2 383 1 204 2 217 1 210 1 242 2 219 3 208 5 361 1 202 2 230 2 214 2 215 2 221 1 482 2 380 2 324 2 395 2 235 1 233 1 241 2
24 6 7 394 1 230 2 214 2 215 2 324 2 221 1 202 3
42 10 16 208 3 269 2 212 1 379 3 407 2 381 3 230 3 214 2 215 2 324 2 221 1 202 3 331 1 273 1 233 2 384 1
