//NbTournees
24
//IdTournes NbColis
1 6
//IdColis IdCommandeInColis NbProducts IdProd1 QtyProd1 IdProd2 QtyProd2 ...
1 1 10 1 1 4 1 6 1 7 1 8 1 13 1 308 2 185 1 310 1 76 1
5 2 12 17 1 6 1 18 1 7 1 20 1 213 1 191 1 78 1 170 1 320 1 234 1 163 1
54 11 17 20 1 18 1 145 1 78 1 148 1 113 1 234 1 81 1 76 1 73 1 112 1 143 1 144 2 80 1 91 1 322 1 21 1
66 13 12 6 1 7 1 18 1 20 1 302 1 155 2 161 1 237 1 305 1 294 1 254 1 22 1
81 16 13 20 1 404 1 7 1 18 1 294 1 237 1 227 1 185 1 182 1 234 1 109 1 186 1 183 1
84 17 11 417 1 18 1 8 1 213 1 328 1 191 2 182 2 170 1 199 2 234 1 194 1
//IdTournes NbColis
2 6
//IdColis IdCommandeInColis NbProducts IdProd1 QtyProd1 IdProd2 QtyProd2 ...
123 28 14 6 1 7 1 4 1 8 1 392 1 145 1 182 1 113 1 78 1 234 1 81 1 76 1 73 1 22 1
148 36 12 399 1 6 1 7 1 18 1 20 1 254 1 397 1 145 1 78 1 234 1 81 1 400 1
151 37 13 387 1 4 1 8 1 234 1 113 1 134 1 368 1 76 2 143 1 211 1 80 3 176 1 85 1
154 38 12 20 1 6 1 7 1 422 1 18 1 261 1 259 1 133 1 173 1 143 3 179 2 165 1
158 40 17 20 1 6 1 7 1 18 1 208 1 261 1 167 1 212 2 115 1 179 1 406 1 15 1 390 1 169 1 124 1 187 1 194 1
160 41 17 387 1 20 1 18 1 261 1 167 1 148 1 73 1 173 1 176 2 165 1 146 1 175 1 179 1 153 1 15 1 31 1 400 1
//IdTournes NbColis
3 6
//IdColis IdCommandeInColis NbProducts IdProd1 QtyProd1 IdProd2 QtyProd2 ...
162 42 15 407 1 18 1 6 1 7 1 20 1 185 1 289 1 181 1 133 1 173 1 176 1 165 1 131 1 15 1 22 1
164 43 16 20 1 6 1 7 1 18 1 308 1 310 1 261 1 167 1 181 1 144 1 175 1 165 1 179 1 307 1 413 1 15 1
105 23 12 387 1 13 1 430 1 155 1 237 1 227 1 294 2 323 1 148 1 218 1 234 1 381 1
9 3 13 28 1 29 1 30 1 37 1 206 1 213 1 314 1 315 1 310 1 261 1 134 1 259 1 231 1
14 4 10 42 1 52 1 1 1 30 1 51 1 294 1 145 1 220 1 113 1 229 1
30 8 6 431 1 52 2 1 1 387 1 495 1 432 1
//IdTournes NbColis
4 6
//IdColis IdCommandeInColis NbProducts IdProd1 QtyProd1 IdProd2 QtyProd2 ...
31 8 10 51 1 30 1 237 1 294 1 314 1 328 1 276 1 310 5 182 1 76 1
38 9 5 431 1 52 1 17 2 1 1 387 1
57 12 7 54 1 52 1 431 1 17 1 1 1 6 1 418 1
58 12 11 387 1 51 1 30 1 433 1 60 1 460 1 392 1 434 1 154 1 155 1 375 1
132 31 11 438 1 387 1 436 1 404 1 7 1 238 1 323 1 239 1 78 1 81 1 103 1
21 5 22 285 3 59 1 359 1 90 1 139 1 103 1 174 3 358 1 360 1 89 1 180 3 122 4 125 1 136 2 190 2 107 1 135 1 106 4 282 1 188 1 287 2 361 1
//IdTournes NbColis
5 6
//IdColis IdCommandeInColis NbProducts IdProd1 QtyProd1 IdProd2 QtyProd2 ...
23 6 12 1 1 67 1 30 1 60 1 213 1 308 1 315 1 220 1 170 1 259 1 234 1 239 1
102 22 15 6 1 7 1 60 1 213 1 216 1 308 1 191 1 215 1 170 1 148 1 320 1 234 1 178 1 402 1 396 1
3 1 32 179 2 204 1 88 1 258 1 9 1 229 1 230 1 15 1 3 1 12 1 14 1 187 1 2 1 11 1 79 1 10 1 5 1 119 1 84 1 100 1 246 1 242 1 136 2 72 1 273 1 243 1 265 1 106 1 86 1 92 1 233 1 321 1
126 29 14 1 1 6 1 7 1 227 1 294 1 237 1 182 1 234 1 109 1 186 1 183 1 337 1 98 1 68 1
135 32 14 1 1 6 1 7 1 216 1 185 1 145 1 78 1 113 1 234 1 81 1 76 1 73 1 143 1 144 1
141 34 13 1 1 30 1 237 1 227 1 294 1 310 2 338 1 234 1 109 1 156 1 337 1 98 1 73 1
//IdTournes NbColis
6 6
//IdColis IdCommandeInColis NbProducts IdProd1 QtyProd1 IdProd2 QtyProd2 ...
152 37 30 75 1 146 1 258 1 35 1 307 1 15 1 389 1 14 1 390 1 257 1 371 1 2 1 11 2 256 1 79 1 10 1 160 1 298 1 84 1 90 1 174 2 242 1 243 3 138 1 72 2 188 1 92 1 386 1 388 1 41 1
156 39 16 387 1 1 1 227 1 262 1 145 1 78 1 81 1 263 1 143 1 144 1 115 1 177 1 130 1 131 1 75 1 68 1
161 41 20 14 1 124 1 2 1 11 2 285 1 10 1 286 1 260 1 421 1 122 1 194 1 288 2 190 1 135 2 241 1 138 1 171 1 287 1 25 1 184 1
165 43 17 412 1 169 1 124 1 2 1 11 1 414 1 10 1 300 1 260 1 309 1 122 1 194 1 273 1 138 1 171 1 188 2 63 1
166 44 11 387 1 1 1 167 1 170 1 73 1 178 1 336 1 448 1 449 1 450 1 138 1
24 6 19 320 1 200 1 201 1 326 1 327 1 189 1 64 1 69 1 70 2 71 1 115 1 178 4 507 1 222 1 35 1 61 1 57 1 444 1 68 1
//IdTournes NbColis
7 6
//IdColis IdCommandeInColis NbProducts IdProd1 QtyProd1 IdProd2 QtyProd2 ...
34 8 25 229 1 336 3 228 1 61 1 496 1 402 1 444 1 440 1 293 3 371 1 487 1 65 1 497 2 49 3 443 1 445 1 442 1 104 1 79 1 291 1 285 1 111 1 312 1 295 1 298 1
51 10 26 130 2 131 2 75 1 175 1 339 1 132 1 258 1 172 1 268 1 142 1 57 1 402 1 444 1 61 1 68 1 137 1 124 1 293 2 334 2 441 1 442 1 65 1 66 1 443 1 445 1 121 1
62 12 25 91 1 379 1 85 1 130 1 131 1 75 1 279 1 236 1 146 1 209 1 251 1 178 2 114 1 219 1 292 1 380 1 150 1 88 1 268 1 153 1 229 1 336 2 61 1 47 1 288 1
92 19 18 319 1 317 2 133 1 189 1 207 3 143 2 452 1 179 2 204 1 130 1 178 1 318 1 202 2 61 1 444 1 453 1 390 1 44 1
127 29 28 133 1 181 1 173 1 115 1 217 1 176 1 236 1 130 1 131 1 251 1 168 1 336 1 57 1 402 1 444 1 61 1 14 1 390 1 137 1 334 1 441 1 442 1 65 1 66 1 443 1 445 1 291 1 298 1
142 34 23 181 1 173 1 143 1 16 1 115 1 162 1 179 3 130 1 131 1 236 1 251 1 114 1 219 2 292 1 120 1 35 1 413 1 57 1 402 1 444 1 396 1 61 1 14 1
//IdTournes NbColis
8 6
//IdColis IdCommandeInColis NbProducts IdProd1 QtyProd1 IdProd2 QtyProd2 ...
39 9 12 55 1 479 1 30 1 433 1 434 1 208 1 227 1 213 1 237 1 328 1 294 1 106 1
99 21 15 387 1 456 1 213 1 191 1 78 1 170 1 320 1 234 1 348 1 212 1 143 2 144 1 16 1 363 1 211 1
63 12 33 402 1 444 1 459 1 68 1 504 1 440 1 275 1 278 1 253 1 334 1 502 1 65 1 66 1 36 1 443 1 445 1 203 2 79 1 333 1 391 1 295 1 355 1 298 1 100 1 152 1 103 1 84 1 90 1 174 1 242 1 266 1 260 1 299 1
124 28 28 207 1 112 1 80 2 85 1 146 1 165 1 75 1 88 1 74 1 268 1 229 1 394 1 395 1 396 1 393 1 14 1 334 1 11 1 23 1 79 1 291 1 391 1 10 1 160 1 84 1 100 1 90 1 266 1
97 20 24 36 1 464 1 39 1 196 1 281 1 103 1 90 1 139 1 158 1 266 1 193 1 89 1 122 1 141 1 136 1 190 1 273 1 188 1 282 1 171 1 325 1 463 1 32 1 41 1
70 13 32 178 2 318 1 380 1 168 1 409 1 410 1 14 1 390 1 275 1 137 1 293 1 278 1 11 1 411 1 79 1 333 1 111 1 160 1 295 1 298 1 152 1 103 1 158 1 100 1 246 1 242 1 260 1 149 1 151 1 180 1 136 1 138 1
//IdTournes NbColis
9 6
//IdColis IdCommandeInColis NbProducts IdProd1 QtyProd1 IdProd2 QtyProd2 ...
96 20 21 234 1 76 2 345 1 112 2 143 2 144 1 130 1 178 1 35 1 465 2 402 1 466 1 409 1 462 1 410 1 46 1 48 1 50 1 440 2 169 1 293 1
12 3 17 273 2 243 1 188 1 106 2 287 1 325 1 508 1 25 1 33 1 34 3 362 1 40 1 290 2 26 2 38 1 32 1 41 1
86 17 26 416 1 168 1 15 1 398 1 420 1 169 2 198 1 293 1 196 1 195 1 291 4 103 1 139 1 266 1 193 1 180 1 141 1 324 1 190 1 135 3 188 1 325 1 282 1 205 1 40 1 197 1
107 23 30 57 1 402 1 398 1 426 3 68 1 46 1 48 1 50 1 137 1 169 1 293 1 36 1 49 1 427 1 285 1 295 1 298 1 103 2 90 1 96 1 100 1 260 1 193 1 122 1 136 1 138 1 110 1 135 3 166 1 428 1
108 23 8 106 1 25 1 163 1 290 1 299 1 357 1 429 1 41 1
114 25 25 98 1 189 1 212 1 115 1 176 1 130 1 131 1 175 1 178 1 251 1 236 1 114 1 219 1 292 1 153 1 35 1 228 2 47 2 402 1 466 1 46 1 48 1 50 1 398 1 440 1
//IdTournes NbColis
10 6
//IdColis IdCommandeInColis NbProducts IdProd1 QtyProd1 IdProd2 QtyProd2 ...
149 36 29 252 1 73 1 255 1 80 1 85 1 75 1 74 1 401 1 15 1 402 1 398 1 14 1 390 1 403 1 253 1 11 1 79 1 10 1 242 1 84 2 90 1 94 1 136 1 82 1 243 1 72 1 86 1 92 1 22 1
55 11 25 177 1 131 1 75 1 146 1 74 1 268 1 15 1 395 1 3 3 14 1 293 4 11 1 23 1 79 1 10 1 405 1 84 1 94 1 174 3 242 1 246 1 149 1 136 1 82 1 147 1
82 16 25 337 1 73 1 181 1 173 2 143 1 162 1 176 1 130 1 131 1 339 1 251 1 236 1 153 1 168 1 15 1 24 1 43 1 3 1 187 2 334 1 11 1 23 1 291 1 10 1 53 1
121 27 30 74 1 268 1 35 1 47 1 46 1 48 1 50 1 440 1 253 1 334 1 467 1 36 1 427 1 79 1 160 1 100 1 90 1 103 1 242 1 266 1 174 2 135 3 110 1 225 1 265 1 86 1 101 1 92 1 468 1 41 1
16 4 27 43 1 505 2 46 1 48 1 50 1 440 1 169 2 187 1 44 1 334 1 45 1 36 1 49 1 79 1 435 1 506 1 103 1 90 1 100 1 246 1 242 1 136 1 135 2 72 1 243 1 265 1 92 1
80 15 14 43 1 169 1 124 1 174 1 260 1 149 1 136 1 122 1 288 1 166 1 138 1 171 1 86 1 22 1
//IdTournes NbColis
11 6
//IdColis IdCommandeInColis NbProducts IdProd1 QtyProd1 IdProd2 QtyProd2 ...
138 33 12 387 1 469 1 473 1 206 1 145 1 323 2 78 1 215 1 234 1 81 1 76 1 79 1
28 7 33 75 1 74 1 88 1 87 1 475 1 402 1 477 1 46 1 48 1 50 1 440 1 371 1 36 1 79 2 93 1 281 1 84 1 90 1 94 1 246 1 242 1 89 1 82 1 72 2 243 1 265 1 86 1 476 1 92 1 341 1 21 1 474 1 22 1
136 32 32 80 1 91 1 85 1 75 1 146 1 88 1 74 1 268 1 447 1 87 1 198 1 253 1 79 1 160 1 446 1 84 1 94 1 246 1 242 1 244 1 82 1 147 1 225 1 72 1 135 1 243 1 106 1 287 1 248 1 86 2 92 1 245 1
45 9 33 124 1 137 1 335 1 371 1 65 1 441 1 445 1 104 1 126 1 195 1 79 2 354 1 291 1 435 1 111 1 160 1 342 1 350 1 298 1 312 1 295 1 100 1 119 1 103 1 84 1 90 2 158 1 214 1 250 1 300 1 246 1 174 1 480 1
143 34 28 187 1 334 1 253 1 441 1 65 1 66 1 443 1 445 1 291 2 298 1 295 1 103 1 96 1 260 2 378 1 166 1 138 1 110 1 117 1 265 1 135 1 106 1 282 1 157 1 184 1 299 1 357 1 21 1
146 35 30 176 1 236 1 146 1 251 1 130 1 131 1 114 1 219 1 202 1 35 1 402 1 482 1 169 1 187 1 240 2 65 1 66 1 441 1 445 1 481 1 295 1 298 1 250 1 166 1 138 1 110 1 171 1 106 1 290 1 299 1
//IdTournes NbColis
12 6
//IdColis IdCommandeInColis NbProducts IdProd1 QtyProd1 IdProd2 QtyProd2 ...
50 10 17 387 1 302 1 213 1 315 1 261 1 134 1 234 1 340 1 76 1 133 1 173 1 329 1 112 1 176 1 129 1 85 1 253 1
88 18 14 387 1 213 1 191 1 77 1 167 1 170 1 320 1 234 1 159 1 263 3 492 1 133 1 189 1 136 1
109 24 12 387 1 483 1 294 1 145 1 262 1 310 1 78 1 113 1 234 1 81 1 263 3 76 1
113 25 14 387 1 6 1 227 1 294 1 237 1 182 1 218 1 234 1 259 1 319 1 186 1 183 1 337 1 181 1
117 26 17 387 1 145 1 134 1 215 1 234 1 348 1 319 1 81 1 76 1 64 1 419 1 69 1 70 1 71 1 112 1 351 1 144 1
120 27 17 387 1 145 1 262 1 234 1 113 1 78 1 259 1 81 1 346 2 16 1 80 1 235 1 91 1 146 1 75 1 114 1 136 1
//IdTournes NbColis
13 6
//IdColis IdCommandeInColis NbProducts IdProd1 QtyProd1 IdProd2 QtyProd2 ...
129 30 15 387 1 237 2 227 1 294 1 218 1 234 1 183 1 337 1 98 1 133 1 181 1 173 1 143 1 115 1 91 1
145 35 13 387 1 7 2 237 1 294 1 234 1 218 1 109 1 337 1 231 1 98 2 181 1 173 1 184 1
22 5 6 287 2 325 1 205 1 425 1 184 1 53 1
36 8 23 97 1 105 1 110 2 166 1 284 1 135 1 241 1 273 2 356 1 106 1 188 1 171 1 287 1 325 1 101 1 184 1 92 1 299 1 53 2 400 2 500 1 58 1 501 1
93 19 27 65 1 66 1 443 1 448 1 445 1 285 1 281 1 103 1 84 3 90 1 139 2 266 1 193 1 122 1 194 1 136 1 190 2 107 1 99 1 273 1 282 1 205 1 34 2 53 1 400 1 316 1 58 1
95 20 11 461 1 7 1 208 1 213 1 237 1 294 2 191 1 167 2 170 1 320 1 263 1
//IdTournes NbColis
14 6
//IdColis IdCommandeInColis NbProducts IdProd1 QtyProd1 IdProd2 QtyProd2 ...
10 3 20 234 1 263 1 301 1 207 1 313 1 217 1 80 2 311 1 85 1 472 1 165 1 75 1 209 3 130 1 146 1 178 1 132 2 258 1 35 1 27 1
11 3 30 230 1 15 1 27 1 31 1 14 1 137 1 124 1 334 1 11 1 36 1 39 2 23 1 93 1 79 1 285 2 10 1 160 1 312 2 158 1 242 1 372 1 108 1 122 1 232 3 369 1 309 1 166 1 95 1 284 1 86 1
18 5 9 54 1 55 1 56 1 67 1 29 1 213 1 308 1 191 1 133 1
40 9 16 276 1 185 1 315 1 432 1 261 1 118 1 113 1 218 1 270 1 271 1 170 1 134 1 283 1 220 1 215 1 363 1
59 12 14 208 1 206 1 237 1 227 1 305 1 294 1 276 1 306 1 145 1 310 1 432 2 182 1 323 1 374 1
79 15 17 404 1 7 1 261 1 167 1 78 1 170 1 76 1 173 2 144 1 176 1 177 1 165 1 175 1 178 2 179 1 172 1 168 1
//IdTournes NbColis
15 6
//IdColis IdCommandeInColis NbProducts IdProd1 QtyProd1 IdProd2 QtyProd2 ...
27 7 16 6 1 7 1 308 1 77 2 78 1 478 1 81 1 83 1 76 1 73 1 255 1 351 1 80 1 91 1 85 1 322 1
91 19 11 56 1 29 1 206 1 213 1 237 1 191 1 145 1 78 1 234 1 320 4 196 1
100 21 29 209 2 179 1 178 1 457 1 455 1 57 1 402 1 454 1 14 1 124 1 293 1 240 3 442 1 65 1 443 1 445 1 281 1 446 1 103 1 84 1 90 1 139 1 158 2 193 1 136 1 122 1 125 1 141 1 458 1
26 6 11 190 1 273 1 188 1 171 1 282 1 325 1 205 1 62 1 290 3 63 2 41 1
85 17 19 320 1 200 1 201 1 326 1 327 1 133 1 189 1 329 1 64 1 419 1 69 2 70 2 71 1 143 2 313 1 322 1 415 1 178 1 418 1
6 2 25 319 1 73 1 189 1 143 2 192 1 179 2 178 1 336 2 15 1 24 1 14 1 335 1 334 1 19 1 11 1 23 1 195 1 196 1 333 2 281 1 103 1 90 1 139 1 266 1 174 1
//IdTournes NbColis
16 6
//IdColis IdCommandeInColis NbProducts IdProd1 QtyProd1 IdProd2 QtyProd2 ...
110 24 25 73 1 189 3 112 1 143 1 80 1 91 1 177 1 75 1 146 1 204 1 202 1 268 1 35 1 168 1 47 1 402 1 24 1 46 1 48 1 50 1 440 1 187 1 467 1 36 1 33 1
130 30 28 129 1 236 1 130 1 131 1 251 1 486 1 114 1 292 1 318 2 489 1 488 1 402 1 491 1 46 1 48 1 50 1 440 1 490 1 137 2 487 1 36 1 298 1 295 1 103 1 100 1 260 1 360 1 250 1
89 18 23 143 1 75 1 204 3 178 1 114 1 202 1 47 1 402 1 46 1 48 1 50 1 440 1 293 1 334 1 467 2 36 1 203 2 281 1 103 1 250 4 193 1 108 1 122 2
104 22 9 107 1 273 1 325 1 171 1 287 2 282 1 205 1 362 1 63 1
139 33 26 452 1 80 1 373 1 91 1 472 1 146 1 75 1 74 1 35 1 229 1 230 1 336 2 402 1 471 1 470 2 46 1 48 1 50 1 440 1 334 2 467 1 36 1 246 1 84 1 94 1 266 1
61 12 20 337 1 347 1 381 1 76 1 346 1 98 1 133 1 181 1 303 1 173 1 64 1 419 1 69 2 70 2 71 1 112 1 351 1 115 1 80 1 221 1
//IdTournes NbColis
17 6
//IdColis IdCommandeInColis NbProducts IdProd1 QtyProd1 IdProd2 QtyProd2 ...
25 6 26 403 1 169 3 223 1 198 1 224 3 293 1 65 1 66 1 443 1 445 1 196 1 126 1 281 1 285 2 103 1 139 1 100 1 242 3 266 1 193 1 180 3 108 1 122 1 141 1 82 1 221 1
115 25 21 440 1 187 1 65 1 36 1 49 1 427 1 298 1 295 1 103 1 266 2 260 1 194 1 166 1 138 2 117 1 273 2 106 1 157 1 184 1 299 1 357 1
118 26 29 144 1 80 2 91 1 75 1 146 1 132 1 258 1 268 1 494 1 229 1 47 1 57 1 402 1 46 1 48 1 50 1 14 1 334 1 253 1 65 1 36 1 49 1 427 1 79 1 196 1 354 1 160 1 342 1 92 1
159 40 12 65 1 11 1 23 1 10 1 260 1 96 1 89 3 122 1 273 1 138 1 171 1 38 2
155 38 23 424 1 15 1 14 1 224 1 169 1 124 1 11 1 36 1 10 1 423 1 260 1 180 2 194 1 122 1 147 1 107 1 241 2 138 1 188 1 171 1 425 1 58 1 22 1
163 42 14 14 1 169 1 124 1 11 1 291 1 10 1 260 1 122 1 194 1 273 1 138 1 171 1 408 1 290 1
//IdTournes NbColis
18 6
//IdColis IdCommandeInColis NbProducts IdProd1 QtyProd1 IdProd2 QtyProd2 ...
64 12 21 360 1 151 1 149 1 180 1 136 3 82 1 378 1 72 1 117 1 138 1 110 1 166 1 241 1 243 1 265 1 128 1 106 1 503 2 34 1 331 1 357 1
119 26 20 84 1 90 1 100 1 266 1 246 1 242 1 136 1 107 1 225 1 135 2 72 1 97 2 243 1 265 1 92 1 352 1 353 1 341 1 493 1 22 1
44 9 24 131 1 165 1 75 1 209 1 146 1 236 1 251 1 339 2 178 1 383 1 114 1 292 1 318 1 365 1 120 1 343 1 172 1 35 1 142 1 168 1 229 2 228 1 402 1 389 2
20 5 21 178 3 268 3 35 1 336 2 57 1 15 2 402 1 46 1 48 1 50 1 410 1 249 1 257 1 169 1 293 4 334 1 36 1 281 1 203 1 291 2 58 1
76 14 25 131 1 209 3 279 1 75 2 236 1 251 1 178 1 114 1 219 1 292 1 150 1 35 1 168 1 229 1 336 1 228 1 47 1 440 1 46 1 48 1 275 1 137 1 293 1 278 1 36 1
103 22 33 46 1 48 1 50 1 440 1 403 1 169 2 124 1 198 1 257 1 293 1 36 1 427 1 203 1 196 1 281 1 214 1 103 1 90 1 139 1 266 1 360 2 193 1 372 1 89 1 136 1 122 1 125 1 194 1 141 1 309 1 82 1 190 1 188 1
//IdTournes NbColis
19 6
//IdColis IdCommandeInColis NbProducts IdProd1 QtyProd1 IdProd2 QtyProd2 ...
7 2 25 193 1 89 1 122 1 125 1 194 2 141 1 309 1 332 1 82 1 190 1 147 1 138 2 135 3 241 2 273 1 188 1 325 1 171 1 287 1 282 1 163 1 330 1 331 2 21 2 22 1
133 31 24 76 3 85 1 146 1 131 1 75 1 437 1 439 1 87 1 240 1 187 1 79 1 195 1 242 1 266 2 136 1 122 1 378 2 190 1 241 1 243 1 110 1 225 1 86 1 21 2
140 33 11 266 3 242 3 247 2 243 1 225 1 72 1 265 1 106 1 248 1 92 1 21 2
15 4 19 234 1 81 1 263 3 76 1 73 1 173 1 144 1 363 1 80 1 373 2 85 1 146 1 179 1 75 1 251 1 114 1 268 1 47 1 402 1
106 23 23 296 1 183 1 337 1 381 1 133 1 98 1 181 1 143 1 115 1 217 1 130 2 131 1 209 1 236 1 146 1 251 1 178 1 114 1 219 1 292 1 35 1 385 1 297 1
77 14 31 49 1 427 1 79 1 333 1 291 1 295 1 298 1 103 1 100 1 174 1 242 1 149 1 151 1 180 4 122 2 232 1 288 1 138 1 135 1 166 1 241 1 243 1 106 1 287 1 282 1 163 1 184 1 290 2 299 1 331 1 357 1
//IdTournes NbColis
20 6
//IdColis IdCommandeInColis NbProducts IdProd1 QtyProd1 IdProd2 QtyProd2 ...
111 24 22 79 1 285 1 84 1 90 1 94 1 246 1 174 1 242 1 193 3 136 4 147 1 226 1 99 1 225 1 166 1 72 1 243 1 265 1 485 1 92 1 484 1 41 1
35 8 18 96 3 100 1 103 1 246 2 300 3 174 2 266 1 260 2 180 6 108 1 369 2 309 1 99 1 107 4 190 1 288 3 95 1 498 1
2 1 17 310 1 145 1 323 1 78 1 113 1 234 1 319 2 76 1 133 1 112 1 143 2 16 1 80 1 322 1 75 1 146 2 136 1
33 8 20 133 1 181 1 189 1 112 1 143 2 144 1 370 1 16 1 115 1 91 1 269 1 236 1 251 2 178 1 114 1 292 1 258 1 268 1 168 4 499 1
157 39 14 146 1 268 1 187 1 451 1 79 1 266 1 242 1 378 1 264 1 265 1 110 1 267 1 92 1 38 1
83 16 17 295 1 298 1 103 1 260 1 149 1 180 1 125 1 166 1 138 1 110 1 117 1 106 1 157 1 184 1 299 1 357 1 22 1
//IdTournes NbColis
21 6
//IdColis IdCommandeInColis NbProducts IdProd1 QtyProd1 IdProd2 QtyProd2 ...
101 21 14 309 1 82 1 190 1 135 1 128 1 188 1 287 1 325 1 282 1 171 1 362 1 341 1 458 1 210 1
47 9 23 243 1 265 1 128 1 106 1 188 1 287 1 248 2 282 1 171 1 325 1 116 2 86 1 163 1 382 1 184 1 92 1 272 1 290 1 299 1 384 1 331 2 41 1 121 1
46 9 29 174 2 242 1 260 4 360 3 108 1 122 1 125 1 127 1 232 1 280 1 141 2 136 1 82 1 247 1 324 1 366 1 378 1 107 1 190 1 264 1 117 1 105 1 123 1 72 1 97 1 284 2 135 1 273 1 344 1
128 29 14 295 1 103 1 100 1 260 1 89 1 138 1 110 1 117 1 166 1 106 1 157 1 184 1 299 1 357 1
43 9 17 173 1 207 1 112 1 351 1 143 2 144 4 370 1 115 1 80 1 311 1 176 1 85 1 129 1 269 1 204 1 131 4 101 1
32 8 14 113 1 270 1 77 3 259 1 234 1 319 1 348 1 109 1 183 1 337 1 102 1 301 1 98 3 372 1
//IdTournes NbColis
22 6
//IdColis IdCommandeInColis NbProducts IdProd1 QtyProd1 IdProd2 QtyProd2 ...
42 9 16 263 2 368 1 183 1 337 3 102 1 364 1 367 1 76 1 346 1 98 1 133 1 181 1 303 1 304 2 189 1 341 1
73 14 16 154 1 155 1 227 1 294 1 237 1 276 1 182 1 323 1 148 1 113 1 164 1 277 1 170 1 167 1 78 1 157 1
125 28 10 266 1 246 1 242 1 82 1 147 1 72 1 243 1 265 1 92 1 290 1
71 13 15 110 1 166 1 135 2 241 1 243 1 106 1 287 1 325 2 157 1 184 1 92 1 299 1 384 1 357 1 331 1
131 30 9 288 1 138 1 117 1 166 1 106 1 184 1 290 2 299 1 357 1
75 14 16 367 1 76 4 346 1 98 1 133 1 181 3 303 1 304 1 173 1 351 1 143 2 375 1 115 1 176 1 91 1 107 1
//IdTournes NbColis
23 6
//IdColis IdCommandeInColis NbProducts IdProd1 QtyProd1 IdProd2 QtyProd2 ...
90 18 11 141 1 82 1 190 1 107 1 135 1 287 2 325 1 362 1 382 1 357 1 331 1
19 5 14 276 1 170 1 234 1 78 4 320 1 159 1 252 1 263 1 189 1 143 2 115 1 85 2 178 1 138 1
56 11 7 72 1 135 3 265 1 243 1 248 1 86 1 92 1
52 10 24 79 1 126 1 139 1 242 1 266 1 260 3 360 1 136 1 122 1 141 1 288 2 97 2 135 4 123 1 138 1 265 1 243 1 171 1 248 1 140 1 382 1 299 1 352 1 341 1
41 9 14 215 1 239 1 234 2 349 1 259 1 320 1 340 1 348 2 319 1 109 2 159 1 252 1 296 1 91 1
74 14 17 239 1 234 1 376 1 377 1 81 1 348 1 319 1 109 1 156 1 159 1 186 1 296 1 183 1 337 1 274 1 374 1 347 1
//IdTournes NbColis
24 4
//IdColis IdCommandeInColis NbProducts IdProd1 QtyProd1 IdProd2 QtyProd2 ...
60 12 16 148 1 170 1 218 1 277 1 167 1 78 1 234 1 376 1 377 1 81 1 348 1 319 2 156 1 159 1 296 1 275 1
67 13 16 276 1 145 1 310 1 323 1 148 1 170 1 164 1 277 1 167 1 78 1 239 1 234 1 377 1 376 1 81 1 347 1
68 13 15 319 1 156 1 159 1 186 1 296 2 263 1 183 1 337 1 274 1 374 2 381 1 346 3 98 1 133 1 150 1
69 13 21 181 1 303 1 304 1 173 1 351 1 143 2 144 1 313 2 375 1 115 1 162 1 80 1 176 1 91 1 130 1 131 1 75 1 209 1 236 1 251 1 339 1
