//NbTournees
24
//IdTournes NbColis
1 6
//IdColis IdCommandeInColis NbProducts IdProd1 QtyProd1 IdProd2 QtyProd2 ...
1 1 16 49 1 183 1 170 1 1 1 10 2 27 1 44 1 67 2 69 1 75 1 79 1 72 1 9 2 157 1 26 2 166 1
3 2 14 49 1 17 1 534 1 340 1 15 2 19 1 35 2 45 1 47 2 1 1 10 1 22 1 27 1 546 1
7 3 18 210 1 171 1 25 1 50 1 65 1 34 1 35 2 54 1 45 1 48 2 1 3 3 1 4 1 5 1 28 1 31 1 58 1 133 1
9 4 23 68 1 1 1 33 1 37 1 44 1 57 1 70 1 77 1 7 2 14 1 16 1 23 1 41 1 53 1 63 2 76 1 73 1 24 1 71 1 40 1 74 1 29 1 42 1
11 5 16 96 1 46 1 156 1 210 1 171 1 466 1 34 1 35 1 45 1 47 2 54 1 1 1 33 1 37 1 51 1 29 1
13 6 18 96 1 512 1 210 1 34 1 35 1 45 1 48 2 54 1 1 1 8 1 30 1 52 1 55 1 152 1 376 1 153 1 268 1 229 1
//IdTournes NbColis
2 6
//IdColis IdCommandeInColis NbProducts IdProd1 QtyProd1 IdProd2 QtyProd2 ...
15 7 18 96 1 93 1 210 1 34 1 35 1 45 1 48 2 54 1 1 1 27 1 33 1 37 1 57 1 77 1 314 1 381 1 409 1 40 1
17 8 20 92 1 342 1 536 1 86 1 48 2 91 1 54 1 94 1 1 1 44 1 67 1 79 1 69 1 7 1 14 1 23 1 26 1 43 1 53 1 80 1
19 9 18 68 1 83 1 439 1 534 1 210 1 535 1 410 1 1 1 33 1 37 1 87 1 57 1 77 1 70 1 409 1 7 2 14 1 192 1
21 10 19 82 1 90 1 212 1 175 1 410 1 34 1 35 2 47 2 54 1 45 1 81 1 3 1 4 1 5 1 28 1 58 1 133 1 155 2 61 1
107 51 22 68 1 323 1 1 1 140 1 37 1 57 1 70 1 7 2 14 1 16 2 23 1 41 1 53 1 63 3 76 1 73 1 71 1 40 1 74 1 2 1 29 1 42 1
109 52 30 129 1 317 1 1 1 10 1 44 1 67 1 69 1 326 1 320 1 7 1 14 1 23 1 32 1 43 1 53 1 63 1 76 1 164 1 144 1 71 1 88 1 18 1 266 1 64 1 195 1 241 1 192 1 285 1 329 1 297 1
//IdTournes NbColis
3 6
//IdColis IdCommandeInColis NbProducts IdProd1 QtyProd1 IdProd2 QtyProd2 ...
111 53 23 109 1 318 1 212 1 171 1 1 1 27 1 33 1 37 1 57 1 70 1 77 1 16 1 41 1 73 1 80 1 40 1 74 1 328 1 2 1 29 1 42 1 195 1 192 1
5 2 27 76 2 474 1 117 1 164 1 38 1 11 1 24 1 144 1 97 1 494 1 71 2 6 1 191 1 305 1 206 1 62 1 40 2 2 1 18 1 29 1 64 1 233 1 548 1 251 1 258 1 208 1 248 1
12 5 20 57 1 77 1 445 1 70 1 7 2 14 1 16 1 23 1 41 1 53 1 76 1 135 1 73 1 40 1 74 1 2 1 42 1 195 1 241 1 192 1
16 7 27 489 1 7 2 14 1 16 1 23 1 41 1 53 1 63 3 98 1 269 1 419 1 300 1 71 1 202 2 430 1 74 1 2 1 266 1 29 1 42 1 242 1 499 1 195 1 192 1 346 1 302 1 267 1
20 9 16 16 1 23 1 85 1 41 1 43 1 53 1 76 1 73 1 504 1 377 1 40 2 74 1 2 1 29 1 42 1 195 1
25 11 26 219 1 493 1 12 2 14 1 16 1 23 1 41 1 53 1 76 1 483 1 73 1 24 1 71 1 178 1 500 1 40 1 74 1 2 1 284 1 365 1 29 1 42 1 502 1 195 1 264 1 302 1
//IdTournes NbColis
4 6
//IdColis IdCommandeInColis NbProducts IdProd1 QtyProd1 IdProd2 QtyProd2 ...
27 12 24 493 1 7 2 14 1 16 1 23 1 53 1 76 1 513 1 73 1 24 1 97 1 71 1 515 1 6 1 74 1 2 1 193 1 29 1 42 1 242 1 251 1 195 1 241 1 192 1
29 13 13 98 1 73 1 544 1 71 1 40 1 74 1 345 1 2 1 29 1 42 1 502 1 195 1 285 1
30 14 23 108 1 15 1 19 1 35 1 45 1 47 2 27 1 37 1 57 1 110 1 12 2 14 1 16 1 23 1 41 1 53 1 76 1 111 1 40 1 74 1 2 1 29 1 42 1
32 15 20 49 1 90 1 159 1 212 1 27 1 33 1 37 1 44 1 57 1 70 1 77 1 176 1 247 1 401 1 407 1 7 2 14 1 16 1 23 1 2 1
35 16 16 73 1 259 1 262 1 40 1 74 1 2 1 29 1 42 1 195 2 235 1 241 1 192 1 208 1 248 2 253 1 267 1
38 17 22 41 1 53 1 76 1 412 1 73 1 476 1 11 1 71 1 40 1 460 1 74 1 2 1 13 1 480 1 498 1 29 1 42 1 251 1 195 1 241 1 192 1 550 1
//IdTournes NbColis
5 6
//IdColis IdCommandeInColis NbProducts IdProd1 QtyProd1 IdProd2 QtyProd2 ...
40 18 15 41 1 53 1 76 1 269 1 523 1 71 1 162 1 40 1 74 1 2 1 105 1 29 1 42 1 195 1 192 1
41 19 19 68 1 210 1 86 1 48 2 91 1 54 1 94 1 27 1 33 1 37 1 57 1 77 1 152 1 153 1 314 1 435 1 307 1 7 1 2 1
44 20 17 14 1 16 1 23 1 41 1 53 1 98 1 73 1 269 1 24 1 80 1 40 1 74 1 524 1 2 1 42 1 195 1 192 1
46 21 17 14 1 16 1 23 1 41 1 53 1 76 1 73 1 71 1 525 2 40 1 74 1 2 1 18 1 29 1 42 1 195 1 192 1
47 22 18 109 1 167 1 212 1 171 1 15 1 19 1 35 1 45 1 47 2 27 1 114 1 33 1 37 1 57 1 70 1 12 2 14 1 2 1
50 23 21 517 1 12 2 14 1 16 1 23 1 41 1 53 1 76 1 117 1 361 1 71 1 180 1 74 1 2 1 113 1 29 1 42 1 233 1 251 1 195 1 192 1
//IdTournes NbColis
6 6
//IdColis IdCommandeInColis NbProducts IdProd1 QtyProd1 IdProd2 QtyProd2 ...
52 24 15 545 1 16 1 41 1 71 1 40 1 74 1 2 1 181 2 184 2 188 1 189 1 29 1 42 1 195 1 192 1
82 38 26 63 1 73 1 161 1 179 1 80 1 197 1 311 1 316 1 203 1 178 1 40 1 74 1 2 1 310 1 181 2 184 2 188 1 189 1 193 1 182 1 195 1 29 1 42 1 192 1 208 1 207 1
86 40 12 187 1 190 1 180 1 369 1 371 1 40 1 74 1 2 1 195 1 29 1 42 1 192 1
88 41 21 76 1 260 1 165 1 229 1 261 1 221 1 226 1 24 1 71 1 197 1 112 1 40 1 74 1 2 1 251 1 195 1 264 1 29 1 42 1 246 1 192 1
90 42 27 16 1 32 1 41 1 254 1 336 1 227 1 71 1 197 1 263 2 202 2 206 1 180 1 332 1 40 1 74 1 2 1 266 1 251 1 256 1 258 2 195 1 42 1 192 1 249 1 252 1 253 1 255 1
91 43 17 109 1 375 1 220 1 210 2 171 1 27 1 33 1 37 1 374 1 57 1 67 1 70 1 77 1 232 1 16 1 372 1 2 1
//IdTournes NbColis
7 6
//IdColis IdCommandeInColis NbProducts IdProd1 QtyProd1 IdProd2 QtyProd2 ...
94 44 25 53 1 76 1 73 1 339 1 164 1 243 1 24 1 236 1 214 1 71 1 234 1 40 1 88 1 74 1 2 1 237 1 233 1 242 1 258 1 195 1 264 1 29 1 42 1 192 1 238 1
100 47 17 206 1 40 1 74 1 2 1 373 1 237 1 181 2 184 2 188 1 189 1 251 1 195 1 29 1 42 1 192 1 201 1 278 1
104 49 16 71 1 215 1 180 1 74 1 331 1 2 1 284 1 181 2 184 2 188 1 189 1 195 1 29 1 42 1 192 1 285 1
106 50 21 71 1 74 1 2 1 309 1 181 2 184 2 188 1 189 1 195 1 264 1 29 1 42 1 251 1 246 1 289 1 192 1 285 1 253 1 302 1 297 1 298 1
113 54 25 109 1 315 1 210 1 15 1 5 1 33 1 37 1 57 1 314 1 77 1 16 1 41 1 63 3 73 1 343 1 80 1 40 1 74 1 345 1 2 1 181 2 188 1 189 1 29 1 42 1
115 55 25 109 1 342 1 210 1 340 1 27 1 33 1 37 1 87 1 57 1 314 1 77 1 16 1 41 1 73 1 269 1 330 1 24 1 344 2 80 1 40 1 74 1 2 1 189 1 29 1 42 1
//IdTournes NbColis
8 6
//IdColis IdCommandeInColis NbProducts IdProd1 QtyProd1 IdProd2 QtyProd2 ...
117 56 30 109 1 212 1 171 1 5 1 27 1 33 1 37 1 57 1 314 1 337 1 16 1 41 1 73 1 333 1 24 1 71 1 40 1 74 1 2 1 181 2 184 2 188 1 189 1 29 1 42 1 195 1 192 1 285 2 346 1 207 1
119 57 28 96 1 212 1 359 2 360 1 33 1 37 1 57 1 70 1 77 1 16 1 41 1 355 1 303 1 24 1 71 1 40 1 74 1 2 1 349 1 290 1 306 1 29 1 42 1 251 1 195 1 192 1 249 1 185 1
121 58 29 96 1 90 1 171 1 356 1 31 1 33 1 37 1 57 1 314 1 16 1 41 1 73 1 300 1 364 1 368 1 6 1 202 2 180 1 347 1 40 1 74 1 2 1 106 1 29 1 42 1 251 1 195 1 192 1 299 1
123 59 29 96 1 358 1 37 1 57 1 314 1 151 1 363 1 7 2 14 1 16 1 23 1 41 1 53 1 76 1 73 1 354 1 164 1 229 1 221 1 366 1 71 1 40 1 74 1 2 1 353 1 29 1 42 1 233 1 192 1
126 60 6 2 1 29 1 42 1 251 1 195 1 192 2
127 61 25 96 1 210 1 362 1 27 1 33 1 37 1 57 1 70 1 77 1 12 2 14 1 16 1 23 1 41 1 53 1 76 1 73 1 71 1 357 1 40 1 74 1 2 1 136 1 29 1 42 1
//IdTournes NbColis
9 6
//IdColis IdCommandeInColis NbProducts IdProd1 QtyProd1 IdProd2 QtyProd2 ...
129 62 24 109 1 212 1 8 1 348 1 52 1 55 1 152 2 153 1 118 1 228 1 352 1 56 1 78 1 269 1 229 1 38 1 11 1 214 2 71 1 2 1 350 1 351 1 60 1 365 1
131 63 24 96 1 315 1 210 1 384 1 174 1 27 1 33 1 37 1 57 1 314 1 77 1 176 1 380 1 383 1 16 1 41 1 73 1 24 1 80 1 40 1 74 1 2 1 29 1 42 1
133 64 24 96 1 315 1 27 1 33 1 37 1 57 1 314 1 77 1 381 1 7 2 14 1 16 1 23 1 123 1 41 1 53 1 76 1 73 1 71 1 40 1 74 1 2 1 29 1 42 1
53 25 22 433 1 171 1 34 1 35 1 86 1 45 1 48 2 54 1 3 1 4 1 5 1 28 1 58 1 133 1 532 1 7 2 14 2 23 1 123 1 89 1 53 1 61 1
55 26 19 509 1 15 1 19 1 35 2 45 1 47 2 122 1 3 1 4 1 5 1 28 1 127 1 133 1 469 1 283 2 157 1 7 2 14 2 89 1
57 27 14 49 1 121 1 212 1 15 2 19 1 35 2 45 1 47 2 3 1 4 1 5 1 28 1 133 1 21 1
//IdTournes NbColis
10 6
//IdColis IdCommandeInColis NbProducts IdProd1 QtyProd1 IdProd2 QtyProd2 ...
59 28 16 108 1 17 1 534 1 210 1 15 1 19 1 35 1 45 1 47 2 4 1 5 1 8 1 526 1 152 1 118 1 157 1
95 45 19 109 1 83 1 293 1 212 1 4 1 5 1 8 1 147 1 52 1 55 1 152 1 376 1 153 1 118 1 268 1 271 1 379 1 56 1 78 1
103 49 20 109 1 288 1 220 1 159 1 212 1 5 1 27 1 33 1 37 1 57 1 70 1 337 1 77 1 296 1 16 1 73 1 164 1 165 1 303 1 236 1
62 29 12 66 1 240 1 71 1 265 1 88 1 119 1 18 1 64 1 195 1 192 1 248 1 253 1
135 65 28 129 1 10 1 44 1 67 1 69 1 406 1 409 1 7 1 14 1 23 1 32 1 43 1 53 1 76 1 419 1 144 2 225 1 402 1 361 1 71 1 180 1 304 1 88 1 119 1 18 1 64 1 195 1 192 1
137 66 18 389 1 129 1 323 1 171 1 385 1 10 1 44 1 67 1 69 1 32 1 43 1 416 1 66 1 80 1 20 1 64 1 195 1 192 1
//IdTournes NbColis
11 6
//IdColis IdCommandeInColis NbProducts IdProd1 QtyProd1 IdProd2 QtyProd2 ...
61 29 23 129 1 211 1 10 1 128 1 44 1 67 1 69 1 79 1 244 1 9 1 224 1 120 1 7 1 14 1 23 1 26 1 126 1 43 1 53 1 63 1 134 1 135 1 98 1
139 67 31 391 1 408 1 210 1 324 1 34 1 45 1 386 1 52 1 308 1 401 1 417 1 63 3 412 1 168 1 269 1 272 1 71 1 382 1 405 1 39 1 394 1 21 1 353 1 290 1 181 3 184 2 188 1 189 1 249 2 329 1 292 1
37 17 23 212 1 15 1 19 1 35 1 45 1 47 2 27 1 30 1 33 1 37 1 57 1 58 1 70 1 77 1 381 1 409 1 401 1 407 1 12 2 14 1 16 1 23 1 99 1
64 30 23 152 2 487 1 153 1 155 1 501 1 12 2 14 1 23 1 131 1 53 1 56 1 76 2 78 1 117 1 497 1 495 1 71 1 99 2 132 2 60 1 498 1 42 1 251 1
67 31 17 177 1 144 1 172 1 71 1 162 1 6 1 191 1 202 1 206 1 204 1 154 1 60 1 199 1 200 1 205 1 64 1 201 1
101 48 20 49 1 388 1 391 1 413 1 82 1 404 1 212 1 44 1 67 1 69 1 273 1 26 1 43 1 66 1 80 1 6 1 180 2 295 1 279 1 195 1
//IdTournes NbColis
12 6
//IdColis IdCommandeInColis NbProducts IdProd1 QtyProd1 IdProd2 QtyProd2 ...
141 68 25 49 1 212 1 414 1 410 1 10 1 128 1 44 1 67 1 69 1 415 1 407 1 411 1 403 1 16 1 32 1 392 1 43 1 168 1 395 1 418 1 80 1 88 1 310 1 20 1 64 1
68 32 16 49 1 17 1 149 1 82 1 323 1 10 1 44 1 67 1 69 1 79 1 518 1 529 1 218 1 363 1 531 1 88 1
143 69 25 49 1 82 1 90 1 212 1 28 1 133 1 397 1 381 1 89 1 399 1 400 1 134 1 117 1 390 1 294 1 398 1 71 2 396 1 180 1 39 1 21 1 393 1 353 1 290 1 292 1
8 3 22 445 1 7 2 14 2 23 1 53 1 89 1 399 1 76 2 483 1 73 1 481 1 471 1 61 1 465 1 71 1 486 1 39 1 62 1 21 1 353 1 290 1 292 1
14 6 11 7 2 14 1 23 1 53 1 56 1 63 3 78 1 76 2 508 1 60 1 290 1
22 10 30 223 1 503 1 7 2 14 2 16 1 23 1 89 1 53 1 56 1 95 1 399 1 76 2 260 1 73 1 465 1 398 1 71 2 382 1 505 1 234 1 39 1 506 1 21 1 237 1 353 2 290 1 64 1 256 1 253 1 292 1
//IdTournes NbColis
13 6
//IdColis IdCommandeInColis NbProducts IdProd1 QtyProd1 IdProd2 QtyProd2 ...
28 13 20 68 1 323 1 86 1 48 2 91 1 54 1 94 1 27 1 37 1 57 1 77 1 314 1 547 1 7 2 14 1 16 1 23 1 41 1 53 1 192 1
34 16 22 109 1 212 1 222 1 8 1 104 1 27 1 33 1 37 1 57 1 70 1 77 1 213 1 7 1 12 1 14 1 16 1 23 1 41 1 89 1 53 1 76 1 71 1
39 18 19 68 1 323 1 86 1 48 2 91 1 54 1 94 1 27 1 33 1 37 1 57 1 77 1 152 1 314 1 7 2 14 1 16 1 23 1 107 1
42 19 18 7 1 14 1 16 1 23 1 41 1 53 1 76 1 168 1 24 1 71 1 112 1 40 1 74 1 448 1 29 1 42 1 195 1 192 1
43 20 18 68 1 433 1 521 1 86 1 48 2 91 1 54 1 94 1 33 1 37 1 57 1 116 1 518 1 314 1 213 1 520 1 7 2 29 1
45 21 18 68 1 323 1 384 1 86 1 48 2 91 1 54 1 94 1 27 1 33 1 37 1 57 1 118 1 77 1 314 1 379 1 7 2 187 1
//IdTournes NbColis
14 6
//IdColis IdCommandeInColis NbProducts IdProd1 QtyProd1 IdProd2 QtyProd2 ...
58 27 25 492 1 417 1 7 2 14 2 23 1 53 1 89 1 399 1 76 2 73 1 165 1 61 1 429 1 398 1 71 2 125 1 39 1 353 1 290 1 250 1 241 1 289 1 278 1 267 2 292 1
60 28 15 7 2 14 1 23 1 53 1 76 2 135 1 303 1 364 1 130 1 154 1 275 1 60 1 527 1 242 1 264 1
70 33 19 68 1 323 1 356 1 86 1 48 2 91 1 54 1 94 1 8 1 147 1 52 1 55 1 75 1 152 1 153 1 493 1 452 1 7 1 150 1
71 33 12 7 1 14 1 23 1 26 1 53 1 56 1 135 1 78 1 98 2 73 1 418 1 80 1
73 34 27 403 1 7 2 14 2 16 1 23 1 89 1 53 1 399 1 76 2 412 1 73 1 164 1 269 1 504 1 124 1 286 1 294 1 494 1 398 1 71 2 39 1 148 1 21 1 353 1 290 1 292 1 297 1
75 35 22 129 1 86 1 48 2 91 1 54 1 94 1 10 1 44 1 67 1 69 1 7 1 14 1 23 1 26 1 43 1 53 1 76 1 71 1 88 1 141 1 18 1 64 1
//IdTournes NbColis
15 6
//IdColis IdCommandeInColis NbProducts IdProd1 QtyProd1 IdProd2 QtyProd2 ...
77 36 19 519 1 212 1 138 1 15 1 19 1 35 2 45 1 47 2 28 1 58 1 133 1 228 1 151 1 401 1 522 1 7 2 14 2 16 1 23 1
85 40 21 68 1 160 1 175 1 27 1 33 1 37 1 57 1 70 1 381 1 7 2 14 1 16 1 23 1 41 1 53 1 63 2 76 1 117 1 186 1 377 1 71 1
87 41 20 108 1 312 1 315 1 210 1 174 1 27 1 33 1 37 1 57 1 70 1 213 1 228 1 230 1 7 2 14 1 16 1 23 1 41 1 53 1 250 1
89 42 15 49 1 96 1 209 1 212 1 174 1 27 1 33 1 37 1 335 1 57 1 70 1 217 1 218 1 219 1 7 1
145 70 22 92 1 323 1 10 1 44 1 67 1 69 1 425 1 7 1 14 1 23 1 32 1 43 1 53 1 63 2 76 1 144 1 80 1 88 1 20 1 64 1 195 1 192 1
147 71 22 129 1 10 1 44 1 55 1 67 1 69 1 75 1 381 1 325 1 7 1 14 1 23 1 26 1 43 1 53 1 98 1 66 1 80 1 88 1 20 1 195 1 192 1
//IdTournes NbColis
16 6
//IdColis IdCommandeInColis NbProducts IdProd1 QtyProd1 IdProd2 QtyProd2 ...
149 72 15 422 1 388 1 7 1 14 1 16 1 420 1 23 1 43 1 53 1 63 2 76 1 137 1 429 1 259 1 42 1
150 73 13 216 1 7 1 14 1 23 1 53 1 98 1 232 1 260 1 426 1 261 1 265 2 430 1 428 1
151 74 7 421 1 210 1 383 1 7 1 85 1 257 1 427 1
152 75 23 129 1 424 2 10 1 44 1 67 1 152 1 69 1 313 1 423 1 7 1 14 1 23 1 32 1 43 1 53 1 76 1 144 1 344 1 80 1 18 1 64 1 195 1 192 1
154 76 12 433 1 212 1 15 1 19 1 35 1 45 1 47 2 7 1 14 1 23 1 53 1 76 1
155 77 24 92 1 436 1 212 1 410 1 10 1 22 1 44 1 59 1 79 1 435 1 440 1 7 1 14 1 23 1 32 1 43 1 53 1 76 1 144 1 402 1 71 1 88 1 18 1 64 1
//IdTournes NbColis
17 6
//IdColis IdCommandeInColis NbProducts IdProd1 QtyProd1 IdProd2 QtyProd2 ...
157 78 23 92 1 437 1 404 1 171 1 10 1 44 1 59 1 69 2 79 1 7 1 14 1 23 1 32 1 43 1 53 1 76 1 226 1 144 1 71 1 438 1 88 1 18 1 64 1
159 79 20 109 1 210 1 359 1 362 1 8 1 52 1 55 1 152 1 153 1 7 2 14 1 23 1 53 1 56 1 76 2 78 1 11 2 434 1 71 1 60 1
63 30 15 108 1 101 1 212 1 171 1 25 1 65 1 15 1 19 1 35 1 47 2 45 1 8 1 104 1 52 1 55 1
66 31 19 109 1 146 1 90 1 167 1 171 1 8 1 55 1 152 1 153 1 155 1 12 2 14 1 23 1 53 1 56 1 76 2 78 1 117 1 168 1
79 37 14 389 1 68 1 433 1 158 1 156 1 163 1 169 1 8 1 444 1 147 1 51 1 52 1 55 1 56 1
83 39 18 68 1 159 1 323 1 432 1 122 1 8 1 30 1 147 1 52 1 55 1 152 2 376 1 153 2 118 1 56 1 78 1 165 1 80 1
//IdTournes NbColis
18 6
//IdColis IdCommandeInColis NbProducts IdProd1 QtyProd1 IdProd2 QtyProd2 ...
92 43 15 41 1 73 1 370 1 24 1 225 1 214 1 80 1 215 1 257 1 74 1 245 1 195 1 29 1 42 1 192 1
99 47 21 96 1 212 1 171 1 8 1 348 1 27 1 33 1 37 1 57 1 70 2 77 1 223 1 283 1 16 1 123 1 41 1 73 1 300 1 322 1 71 1 40 1
161 80 22 129 1 413 1 439 1 10 1 44 1 67 1 69 1 417 1 26 1 43 1 164 1 370 1 66 1 80 1 263 1 62 1 20 1 431 1 353 1 64 1 195 1 192 1
162 81 17 96 1 220 1 210 2 450 1 362 1 8 1 52 1 55 1 152 1 56 1 78 1 73 1 454 1 71 1 180 1 443 1 60 1
163 82 13 421 1 109 1 388 1 90 1 530 1 342 1 212 1 25 1 65 1 424 1 521 1 536 1 8 1
102 48 13 332 1 88 1 62 1 277 2 287 1 387 1 20 1 106 1 150 1 64 1 192 1 299 2 297 1
//IdTournes NbColis
19 6
//IdColis IdCommandeInColis NbProducts IdProd1 QtyProd1 IdProd2 QtyProd2 ...
33 15 19 41 1 53 1 76 1 73 1 269 1 100 1 24 1 300 1 71 1 202 1 206 1 40 1 74 1 106 1 29 1 42 1 251 1 195 1 192 1
69 32 16 26 1 43 1 137 1 66 1 80 1 145 1 537 1 20 1 143 1 181 2 184 2 188 1 189 1 64 1 195 1 192 1
81 38 18 68 1 158 1 173 1 171 1 323 1 174 1 324 1 10 1 27 1 33 1 37 1 57 1 314 1 77 1 176 1 16 1 41 1 63 2
105 50 24 109 1 175 1 10 1 33 1 37 1 57 1 70 1 313 1 77 1 308 1 228 1 327 1 325 1 16 1 41 1 73 1 164 1 137 1 286 1 319 1 281 1 321 1 322 1 40 1
165 83 26 92 1 210 1 10 1 442 1 128 1 44 1 67 1 446 1 69 1 79 1 219 1 26 1 43 1 269 1 66 1 71 1 88 1 18 1 453 1 181 2 184 2 188 1 189 1 64 1 195 1 192 1
167 84 24 92 1 323 1 171 1 359 1 410 1 10 1 128 1 44 1 67 1 69 1 449 1 26 1 43 1 66 1 80 1 88 1 20 1 455 1 64 1 195 1 192 1 253 1 267 1 297 1
//IdTournes NbColis
20 6
//IdColis IdCommandeInColis NbProducts IdProd1 QtyProd1 IdProd2 QtyProd2 ...
169 85 22 92 1 146 1 210 1 424 1 10 1 33 1 128 1 51 1 67 1 447 1 69 1 314 1 407 1 452 1 32 1 43 1 66 1 80 1 451 1 88 1 20 1 64 1
171 86 19 129 1 83 1 183 1 470 1 323 1 10 1 44 1 67 1 69 1 449 1 26 1 43 1 471 1 80 1 20 1 431 1 64 1 195 1 192 1
172 87 25 92 1 466 1 10 1 44 1 67 1 69 1 464 1 469 1 468 1 26 1 43 1 78 1 66 1 80 1 472 1 88 1 20 1 181 2 184 2 188 1 189 1 64 1 427 1 195 1 192 1
36 17 7 109 1 101 1 102 1 17 1 103 2 478 3 170 1
4 2 22 33 1 59 1 37 1 128 2 44 1 57 1 77 1 338 1 70 1 543 1 409 2 549 1 449 1 425 1 12 2 14 2 16 1 23 1 32 1 41 1 43 1 53 2
93 44 19 109 1 216 2 231 1 33 1 37 1 57 1 116 1 110 1 338 1 223 1 247 1 239 1 341 1 12 2 14 1 16 1 23 1 41 1 334 1
//IdTournes NbColis
21 6
//IdColis IdCommandeInColis NbProducts IdProd1 QtyProd1 IdProd2 QtyProd2 ...
97 46 20 461 1 312 1 220 1 212 1 174 1 140 1 28 1 114 1 133 1 273 1 307 1 12 2 14 2 23 1 89 1 53 1 399 1 76 2 117 1 246 1
164 82 21 52 1 55 1 445 1 152 1 118 1 376 1 153 1 539 1 56 1 78 1 164 1 303 1 71 1 533 1 441 1 60 1 181 3 184 2 188 1 189 1 541 1
72 34 20 216 1 210 1 491 1 25 1 50 1 65 1 15 1 34 1 35 2 45 1 47 2 139 1 140 1 28 1 57 1 58 1 133 1 496 1 490 1 363 1
174 88 8 129 1 348 1 444 1 176 1 181 2 184 1 188 1 189 1
175 89 12 219 1 458 1 286 1 456 1 276 1 473 1 181 2 184 1 188 1 189 1 258 1 285 1
2 1 11 36 1 43 1 38 1 66 1 80 1 13 1 20 1 64 1 195 1 192 1 207 1
//IdTournes NbColis
22 6
//IdColis IdCommandeInColis NbProducts IdProd1 QtyProd1 IdProd2 QtyProd2 ...
26 12 16 96 1 507 1 342 1 212 1 171 1 15 1 34 1 35 1 45 1 47 2 27 1 33 1 37 1 57 1 70 1 40 1
49 23 18 108 1 488 1 212 1 15 1 19 1 35 1 45 1 47 2 27 1 33 1 37 1 52 1 57 1 77 1 110 1 268 1 511 1 40 1
48 22 19 16 1 23 1 41 1 53 1 76 1 73 1 269 1 300 1 71 1 180 1 40 1 74 1 29 1 42 1 516 1 251 1 195 1 192 1 298 1
125 60 22 96 1 288 1 342 1 27 1 33 1 37 1 55 1 57 1 70 1 77 1 228 1 218 1 549 1 16 1 36 1 41 1 73 1 361 1 368 2 197 1 180 1 367 1
176 90 19 129 1 323 1 457 1 128 1 44 1 55 1 67 1 69 1 79 1 467 1 26 1 43 1 465 1 71 1 280 1 18 1 64 2 195 1 192 1
177 91 21 129 1 323 1 171 1 44 1 67 1 69 1 307 1 26 1 43 1 399 1 482 1 66 1 80 1 180 1 479 1 88 1 485 1 20 1 64 1 195 1 192 1
//IdTournes NbColis
23 6
//IdColis IdCommandeInColis NbProducts IdProd1 QtyProd1 IdProd2 QtyProd2 ...
54 25 12 63 2 76 2 399 1 73 1 538 1 39 1 21 1 353 1 290 1 540 1 299 1 292 1
56 26 21 23 1 53 1 76 2 399 1 514 1 164 1 124 1 226 1 243 1 294 1 510 1 398 1 39 1 479 1 112 1 21 1 136 1 353 1 290 1 292 1 297 1
78 36 23 89 1 53 1 76 2 399 1 269 1 402 1 214 1 398 1 71 2 234 1 39 1 130 1 40 1 198 1 21 1 142 1 353 1 290 1 502 1 264 1 249 1 267 1 292 1
98 46 25 61 1 294 1 202 3 305 2 180 1 462 1 257 1 276 1 39 1 304 1 460 1 274 1 21 1 113 1 459 1 463 1 353 1 290 1 282 1 301 1 306 1 242 1 208 1 253 1 292 1
80 37 13 152 1 153 1 78 1 164 1 434 1 112 1 60 1 448 1 181 3 184 2 188 1 189 1 194 1
24 11 18 96 1 488 1 173 1 212 1 34 1 35 1 45 1 48 2 54 1 27 1 33 1 37 1 51 1 57 1 70 1 84 1 401 1 192 1
//IdTournes NbColis
24 6
//IdColis IdCommandeInColis NbProducts IdProd1 QtyProd1 IdProd2 QtyProd2 ...
51 24 12 115 1 96 1 542 1 212 1 27 1 33 1 37 1 57 1 70 1 381 1 228 1 117 1
178 92 7 212 1 171 1 403 1 214 1 484 1 332 1 431 1
179 93 6 477 1 210 1 164 1 74 1 373 1 475 1
18 8 10 63 1 98 1 528 1 66 1 204 1 88 1 498 1 64 1 195 1 192 1
84 39 10 73 1 196 1 198 1 60 1 353 1 181 3 184 2 188 1 189 1 185 1
96 45 16 269 1 73 1 272 1 71 1 291 1 382 1 215 1 270 1 378 1 275 1 280 1 60 1 181 3 184 2 188 1 189 1
