//NbTournees
44
//IdTournes NbColis
1 6
//IdColis IdCommandeInColis NbProducts IdProd1 QtyProd1 IdProd2 QtyProd2 ...
92 22 17 139 1 141 1 241 1 118 1 317 2 359 1 611 1 282 1 360 1 617 2 304 1 505 1 619 1 475 1 263 1 306 1 308 2
148 40 21 609 1 141 1 241 1 277 2 160 1 303 1 556 1 270 1 280 1 635 1 632 1 604 1 284 1 295 4 461 1 248 1 264 1 279 1 267 1 268 1 58 1
233 64 24 312 1 245 1 317 1 703 1 642 1 242 1 263 1 283 1 308 1 575 1 279 1 234 1 267 2 39 1 75 1 255 2 288 1 289 1 300 1 307 2 320 1 322 2 441 1 442 1
141 38 23 104 1 106 1 250 1 266 1 265 1 293 1 313 1 260 1 243 3 258 1 316 1 604 1 642 1 643 1 596 1 305 1 513 1 279 1 315 1 267 1 161 1 87 1 9 1
170 46 18 291 1 111 1 277 1 439 2 317 1 572 1 543 1 576 1 562 1 653 3 360 1 697 1 243 1 434 2 505 1 508 2 263 1 211 2
45 11 25 215 1 356 1 662 1 317 1 543 1 323 1 360 1 263 1 575 2 279 1 299 1 267 1 39 1 53 1 75 1 355 1 289 1 301 1 307 2 320 1 362 2 441 1 442 1 597 1 58 1
//IdTournes NbColis
2 6
//IdColis IdCommandeInColis NbProducts IdProd1 QtyProd1 IdProd2 QtyProd2 ...
110 28 25 357 1 253 1 278 1 276 1 291 1 345 1 337 1 317 1 358 1 359 1 323 1 138 1 263 1 274 1 344 1 353 1 39 1 75 1 256 1 300 1 322 2 477 1 509 1 13 1 56 1
216 59 23 343 1 317 1 543 1 323 1 346 3 263 1 279 1 267 1 75 1 39 1 289 1 301 1 307 2 362 2 441 1 442 1 597 1 443 1 320 1 352 1 12 1 275 3 257 1
279 78 16 312 1 244 2 582 1 293 2 281 2 310 1 543 1 286 1 592 1 589 1 360 1 180 1 419 2 434 1 596 1 14 1
147 40 9 67 1 70 1 73 1 77 1 170 1 196 1 245 1 609 1 174 1
222 61 23 324 1 327 1 354 1 293 1 310 1 543 1 351 4 360 1 263 1 671 3 279 1 349 1 330 1 229 1 267 1 75 1 39 1 255 1 289 1 300 1 307 2 223 1 2 1
37 9 18 104 1 357 1 347 1 252 2 342 1 338 1 339 2 538 1 317 1 325 1 360 1 334 2 263 3 308 2 527 1 348 1 579 1 58 1
//IdTournes NbColis
3 6
//IdColis IdCommandeInColis NbProducts IdProd1 QtyProd1 IdProd2 QtyProd2 ...
54 13 14 327 1 387 1 394 1 524 1 310 4 317 2 543 1 117 3 325 1 389 1 120 1 369 2 263 1 229 1
165 45 22 357 1 253 1 278 1 269 1 276 1 291 1 203 1 198 2 337 1 317 1 358 1 543 1 475 1 263 1 400 1 36 1 363 1 375 2 75 1 39 1 392 1 655 1
208 57 25 266 2 391 1 394 1 456 1 605 2 313 2 317 1 543 1 325 1 351 1 458 1 598 1 602 1 560 1 360 1 263 1 284 1 308 1 311 1 692 1 348 1 249 1 279 1 267 1 69 1
253 70 20 312 1 524 1 313 1 310 1 491 1 317 1 543 1 137 1 591 1 117 1 325 4 382 1 584 1 366 1 389 1 360 1 503 1 263 1 58 1 211 1
283 79 23 335 1 339 2 543 1 702 1 62 1 325 1 360 1 727 1 719 1 263 1 341 2 295 1 575 1 95 1 115 3 541 1 728 1 663 1 39 1 75 1 255 1 289 1 58 1
26 7 19 111 1 522 1 373 1 266 1 395 1 277 4 313 1 38 1 100 1 379 1 381 1 339 1 608 1 591 1 611 1 652 1 388 3 364 1 15 1
//IdTournes NbColis
4 6
//IdColis IdCommandeInColis NbProducts IdProd1 QtyProd1 IdProd2 QtyProd2 ...
31 8 7 60 1 70 1 77 1 73 1 168 1 233 1 326 1
32 8 17 74 1 725 1 312 1 106 1 326 1 559 2 293 2 339 1 439 2 358 1 543 1 613 2 263 1 527 1 285 2 568 1 289 1
52 13 7 60 1 79 1 73 1 76 1 155 1 168 1 326 1
56 13 37 320 1 362 2 294 1 12 4 66 2 365 1 28 1 261 1 397 1 319 1 593 1 545 1 361 1 321 1 257 1 259 1 290 1 151 1 59 1 69 1 54 1 125 1 19 1 29 1 56 2 57 2 61 1 225 1 228 1 8 1 23 1 41 2 42 2 221 1 122 2 26 1 63 1
72 17 7 60 1 76 1 78 1 79 1 155 1 168 1 326 1
206 57 7 128 1 76 1 78 1 79 1 155 1 216 1 326 1
//IdTournes NbColis
5 6
//IdColis IdCommandeInColis NbProducts IdProd1 QtyProd1 IdProd2 QtyProd2 ...
218 60 7 128 1 150 1 216 1 76 1 78 1 79 1 326 1
252 70 7 73 1 168 1 233 1 67 1 70 1 77 1 326 1
282 79 12 536 1 312 3 253 1 326 1 269 1 276 2 291 2 252 1 356 2 331 1 332 1 257 1
9 3 24 74 1 312 1 343 1 317 2 543 1 542 1 419 1 511 1 263 1 279 1 299 1 349 1 375 1 267 1 40 1 53 1 246 1 401 1 289 1 301 1 307 2 320 1 362 1 69 1
21 6 24 631 2 48 1 279 1 375 1 267 1 39 1 75 1 246 1 418 1 300 1 307 2 314 1 441 1 442 1 573 3 443 2 320 1 322 2 12 1 271 3 28 1 31 1 218 1 47 1
28 7 21 48 2 569 1 606 1 349 1 268 4 39 1 75 1 246 3 384 1 105 1 301 1 314 1 362 2 441 1 442 1 612 2 597 2 443 2 320 1 12 1 69 1
//IdTournes NbColis
6 6
//IdColis IdCommandeInColis NbProducts IdProd1 QtyProd1 IdProd2 QtyProd2 ...
38 9 26 400 1 738 1 279 1 267 2 39 1 75 1 246 1 256 1 300 1 307 2 509 1 442 1 573 1 443 1 320 1 322 2 328 1 12 1 275 3 28 1 261 1 528 1 544 1 254 1 590 1 257 1
41 10 24 698 1 402 1 312 1 693 1 317 1 543 1 411 1 511 1 263 1 527 2 348 1 279 1 267 1 410 1 91 1 107 2 75 1 246 1 405 2 256 1 414 1 300 1 307 2 57 1
142 38 20 267 1 268 3 246 1 288 1 301 1 307 2 441 1 442 1 597 2 443 1 320 1 362 2 271 2 178 3 28 1 350 1 319 2 640 3 254 1 57 1
152 41 29 173 1 310 1 366 1 623 1 284 1 279 1 267 1 246 2 405 1 300 1 307 2 477 1 509 1 442 1 573 1 512 1 322 1 275 2 476 1 593 1 254 1 620 1 57 1 152 2 29 1 41 2 8 1 23 1 42 2
219 60 26 312 1 416 1 343 1 417 2 293 1 310 1 382 1 360 1 680 1 258 1 263 1 279 1 229 1 267 1 410 1 75 1 39 1 246 1 300 1 307 2 314 1 509 1 442 1 573 1 443 1 179 1
244 67 25 624 1 571 1 621 1 264 1 279 1 246 1 300 1 307 2 509 1 442 1 573 1 443 1 320 1 322 1 271 2 476 2 545 1 254 1 58 1 56 2 57 1 8 1 23 1 41 2 42 2
//IdTournes NbColis
7 6
//IdColis IdCommandeInColis NbProducts IdProd1 QtyProd1 IdProd2 QtyProd2 ...
257 71 25 312 1 702 1 437 1 438 3 423 1 360 1 263 1 436 1 279 1 267 1 40 1 75 1 246 1 401 1 237 1 289 1 300 1 307 2 441 1 320 1 362 2 442 1 573 2 164 1 23 1
268 74 23 564 1 434 2 539 1 508 1 263 1 393 1 95 1 568 1 399 1 39 1 246 3 256 1 300 1 441 1 442 1 443 2 320 1 322 2 573 2 12 1 275 1 261 1 58 1
3 1 24 301 1 307 2 441 1 442 1 573 1 597 1 443 2 320 1 362 2 12 1 232 1 275 3 20 1 28 1 31 1 239 1 247 1 397 2 453 2 319 1 649 1 593 1 254 1 58 1
29 7 37 271 1 532 1 28 1 247 1 261 1 350 1 319 3 610 3 545 1 321 1 640 1 724 1 167 1 257 1 50 1 151 2 192 3 224 3 108 1 88 2 81 3 101 1 2 2 19 2 21 2 29 2 56 1 57 2 61 1 723 1 8 1 23 1 41 2 42 2 89 1 26 3 5 1
156 42 35 431 1 300 1 307 2 509 1 442 1 573 1 443 1 320 1 322 2 292 1 12 1 275 3 20 1 247 4 476 1 184 1 257 1 259 1 290 1 176 2 69 1 59 2 108 3 18 1 85 1 21 1 56 2 57 1 61 1 8 1 23 1 41 2 42 2 189 1 194 4
171 46 27 687 1 692 2 668 1 249 1 570 1 107 2 210 1 226 2 91 1 39 1 272 1 289 1 300 1 566 1 320 1 322 2 441 1 442 1 573 2 443 2 292 1 12 1 275 1 247 2 261 1 297 1 273 1
//IdTournes NbColis
8 6
//IdColis IdCommandeInColis NbProducts IdProd1 QtyProd1 IdProd2 QtyProd2 ...
204 56 22 570 2 594 1 289 3 300 1 307 2 441 1 442 1 443 2 320 1 322 2 573 3 294 2 13 1 66 1 271 3 247 1 261 1 425 1 534 1 319 1 254 1 56 1
220 60 27 320 1 322 2 294 1 12 1 271 3 247 1 476 1 528 2 145 1 254 1 257 1 176 1 205 1 655 1 69 1 207 1 684 1 681 2 204 1 225 1 61 1 8 1 23 1 41 2 42 2 194 5 11 1
230 63 28 569 1 429 1 229 1 424 1 75 1 289 2 300 1 509 1 442 1 573 1 443 1 320 1 322 2 13 1 275 1 247 1 261 1 476 2 610 1 257 1 259 1 290 1 56 1 61 1 8 1 23 1 41 2 42 2
251 69 29 443 1 320 1 322 2 573 1 12 1 275 1 247 1 261 1 319 1 321 1 528 2 259 1 290 1 69 1 125 1 225 3 200 5 228 1 19 1 21 1 56 2 61 1 8 1 23 1 24 3 41 2 42 2 109 3 214 1
278 77 16 275 1 247 1 319 1 321 2 545 1 257 1 259 1 290 1 52 1 58 1 69 1 56 1 8 1 23 1 41 2 42 2
280 78 29 596 1 263 1 295 1 311 1 274 1 285 1 580 1 569 1 279 1 86 1 229 1 40 1 75 1 300 1 314 2 307 2 441 1 442 1 443 1 320 1 322 1 573 1 294 1 13 1 271 3 247 1 479 1 3 1 23 1
//IdTournes NbColis
9 6
//IdColis IdCommandeInColis NbProducts IdProd1 QtyProd1 IdProd2 QtyProd2 ...
287 80 32 573 1 443 1 320 1 322 1 673 1 12 1 275 2 247 2 261 1 350 1 476 1 528 1 178 1 239 1 254 1 257 1 259 1 290 1 176 1 205 1 207 1 127 1 675 1 674 1 676 1 56 1 61 1 8 1 41 1 42 1 214 1 194 1
290 81 21 441 1 442 1 597 2 443 1 320 1 362 2 13 1 271 3 247 2 457 1 319 5 545 1 321 1 254 1 257 1 69 1 29 1 8 1 41 2 42 2 84 2
108 27 22 509 1 442 1 512 1 480 2 444 1 328 1 12 1 261 1 476 1 528 1 257 1 259 1 290 1 58 1 59 1 69 1 56 1 61 1 8 1 23 1 41 2 42 2
34 8 35 275 2 28 1 319 3 544 1 321 2 528 2 254 1 367 1 259 1 290 1 213 1 176 1 205 1 58 2 59 3 69 1 207 1 103 2 80 1 208 1 19 2 21 1 56 2 57 2 61 1 8 1 23 1 41 2 42 2 84 1 238 1 109 2 17 2 219 3 9 5
194 53 30 256 1 300 1 509 1 442 1 573 2 443 1 320 1 322 2 13 1 66 1 275 1 261 1 449 1 476 1 528 1 361 2 376 1 367 1 257 1 259 1 290 1 213 1 164 1 661 1 57 1 8 1 23 1 41 2 42 2 17 1
255 70 25 319 1 593 1 528 1 28 1 739 1 254 1 398 1 367 1 218 1 257 1 740 1 59 1 69 1 85 1 731 1 2 1 56 3 57 1 61 1 734 1 8 1 23 1 41 2 42 2 72 1
//IdTournes NbColis
10 6
//IdColis IdCommandeInColis NbProducts IdProd1 QtyProd1 IdProd2 QtyProd2 ...
16 5 21 396 2 535 2 263 1 36 2 279 1 330 2 39 3 75 1 226 2 368 1 445 1 272 1 301 2 307 3 314 1 441 1 442 1 597 2 443 2 12 1 4 1
132 35 26 726 1 312 1 416 1 173 1 373 1 466 1 358 1 359 1 95 1 263 1 527 1 279 1 267 1 75 1 445 1 289 1 300 1 307 2 441 1 442 1 320 1 322 2 573 1 443 1 271 2 21 1
241 66 31 445 1 289 1 301 1 362 2 441 1 442 1 573 2 443 1 320 1 12 1 66 1 275 1 261 1 319 1 593 1 321 1 257 1 259 1 290 1 69 1 125 1 19 1 21 1 29 1 56 1 57 2 8 1 23 1 41 2 42 2 55 1
69 16 25 131 1 685 1 312 1 467 1 543 1 463 1 471 1 316 1 263 1 295 2 279 1 473 2 267 1 39 1 75 1 210 1 368 1 420 1 256 1 301 1 307 2 362 2 441 1 59 1 23 1
209 57 26 267 1 525 1 594 1 75 1 39 1 368 1 255 4 420 1 355 1 607 1 256 1 385 1 418 1 300 1 565 1 307 2 441 1 442 1 320 1 362 2 573 2 443 1 294 1 12 1 275 3 717 1
289 81 25 373 1 345 1 303 1 458 1 360 1 446 1 419 1 454 1 455 1 459 1 687 1 689 1 263 1 527 1 115 1 279 1 299 1 315 1 267 1 40 1 75 1 355 1 301 1 307 2 23 1
//IdTournes NbColis
11 6
//IdColis IdCommandeInColis NbProducts IdProd1 QtyProd1 IdProd2 QtyProd2 ...
55 13 24 369 1 642 1 475 1 461 1 575 1 377 1 330 2 375 1 383 2 399 3 525 1 39 1 107 3 126 2 75 1 289 1 300 1 309 1 441 1 442 1 573 3 443 1 58 1 4 1
65 15 19 312 1 554 1 175 1 354 1 639 1 466 1 114 1 464 1 379 1 585 1 543 1 465 1 360 1 700 1 577 1 369 3 583 1 508 1 58 1
164 45 8 70 1 73 1 76 1 155 1 60 1 74 1 588 1 369 1
149 40 27 420 1 300 1 307 2 309 1 509 1 442 1 573 1 443 1 320 1 322 2 298 1 271 2 297 1 476 2 593 1 528 3 254 1 262 1 192 1 251 1 56 2 57 2 29 1 8 1 23 1 41 2 42 2
76 18 7 128 1 76 1 78 1 79 1 150 1 216 1 462 1
86 21 7 60 1 70 1 76 1 73 1 155 1 168 1 462 1
//IdTournes NbColis
12 6
//IdColis IdCommandeInColis NbProducts IdProd1 QtyProd1 IdProd2 QtyProd2 ...
107 27 20 312 1 253 1 278 1 276 2 291 2 452 1 342 1 450 1 605 1 359 1 360 1 140 1 316 1 263 1 447 1 75 1 256 1 300 1 507 1 477 1
1 1 7 60 1 78 1 79 1 155 1 168 1 76 1 370 1
53 13 13 74 1 312 1 253 1 390 3 370 1 269 1 276 2 291 2 555 1 548 1 550 1 58 1 64 1
162 44 22 472 2 543 1 463 1 286 1 360 1 511 1 670 1 475 1 263 1 668 1 115 1 671 2 305 1 279 1 375 1 267 2 75 1 300 1 307 2 322 1 69 1 23 1
187 51 22 312 1 395 1 310 1 493 1 543 1 688 1 463 1 117 1 360 1 263 1 285 1 279 1 330 2 424 2 267 1 75 1 301 1 307 2 320 1 362 2 441 1 148 1
59 14 11 236 3 726 1 132 1 312 1 609 1 599 1 43 2 481 1 356 2 118 1 360 1
//IdTournes NbColis
13 6
//IdColis IdCommandeInColis NbProducts IdProd1 QtyProd1 IdProd2 QtyProd2 ...
124 33 7 60 1 76 1 78 1 79 1 155 1 168 1 371 1
207 57 13 588 1 312 1 380 1 571 1 347 1 600 1 371 1 460 1 540 1 718 6 338 1 603 1 373 1
73 17 22 658 1 132 1 312 1 403 1 343 2 119 1 634 1 407 1 653 1 360 1 263 1 631 1 348 2 606 1 279 1 267 2 39 1 75 1 404 1 420 1 58 1 23 1
88 21 35 267 1 39 1 134 1 256 1 300 1 307 1 441 1 442 1 573 2 443 1 320 1 322 1 413 1 12 1 135 1 66 1 275 2 261 1 593 1 545 1 321 1 254 1 372 1 318 2 257 1 259 1 290 1 58 1 59 2 69 1 61 1 8 1 23 1 41 2 144 1
199 55 8 128 1 150 1 76 1 78 1 216 1 79 1 403 1 58 1
203 56 20 588 1 312 1 403 1 313 2 586 1 317 2 543 1 426 1 360 1 432 1 727 1 475 1 263 1 430 1 274 2 264 1 279 1 375 1 267 2 179 1
//IdTournes NbColis
14 6
//IdColis IdCommandeInColis NbProducts IdProd1 QtyProd1 IdProd2 QtyProd2 ...
210 57 37 532 1 261 1 378 1 302 1 469 1 557 1 544 1 361 1 321 1 641 1 528 2 28 2 254 1 376 1 372 1 273 1 257 1 259 1 290 1 58 1 59 1 717 5 710 2 711 2 712 1 713 1 29 1 56 1 57 2 8 1 23 1 41 2 42 2 714 6 715 6 716 6 72 1
229 63 19 312 1 253 1 278 1 276 2 291 2 654 1 403 1 472 1 543 1 652 1 360 1 648 1 434 1 316 2 263 1 428 1 427 1 69 1 656 1
25 7 11 312 1 253 1 552 1 269 1 276 3 291 3 567 1 342 2 460 1 501 2 86 1
64 15 7 128 1 76 1 78 1 79 1 155 1 216 1 252 1
79 19 8 60 1 70 1 73 1 77 1 155 1 168 1 252 1 194 2
91 22 14 74 1 230 1 231 1 71 1 215 1 106 1 253 1 278 1 276 1 291 1 252 2 154 1 287 1 56 1
//IdTournes NbColis
15 6
//IdColis IdCommandeInColis NbProducts IdProd1 QtyProd1 IdProd2 QtyProd2 ...
135 36 14 216 1 357 1 253 1 278 1 276 2 291 2 111 2 605 2 359 1 172 1 360 1 120 1 263 1 422 1
169 46 9 168 1 60 1 132 1 312 1 253 1 278 2 276 3 291 2 54 1
189 52 8 128 1 150 1 76 1 78 1 216 1 79 1 252 1 64 1
193 53 19 74 1 312 1 253 1 278 1 276 2 291 2 203 1 662 1 317 1 543 1 389 1 644 1 475 1 263 1 451 1 375 1 404 2 384 1 56 1
212 58 8 128 1 150 1 216 1 76 1 78 1 79 1 252 1 87 2
225 62 7 73 1 76 1 155 1 168 1 60 1 79 1 252 1
//IdTournes NbColis
16 6
//IdColis IdCommandeInColis NbProducts IdProd1 QtyProd1 IdProd2 QtyProd2 ...
236 65 15 235 1 312 1 253 1 390 2 276 2 291 2 342 1 485 1 654 1 32 1 543 1 498 1 263 1 668 2 46 1
240 66 20 74 1 312 1 253 1 278 1 276 2 291 2 373 1 387 1 456 1 317 1 117 1 635 1 475 1 263 1 663 1 299 1 375 1 39 1 75 1 47 1
250 69 18 312 1 253 1 278 1 276 2 291 2 141 1 117 1 729 1 172 1 140 3 263 1 341 1 39 1 405 1 300 1 441 1 442 1 257 1
263 73 15 74 1 312 1 253 1 278 1 276 2 291 2 567 1 416 1 338 1 266 1 277 1 317 2 543 1 574 1 360 1
267 74 11 357 1 253 1 278 2 380 1 276 3 291 3 522 1 293 1 439 1 358 2 408 2
6 2 20 71 1 43 1 310 2 538 1 389 2 419 2 533 1 344 1 606 1 279 1 267 1 255 2 300 1 307 2 440 1 322 2 509 1 442 1 573 1 254 1
//IdTournes NbColis
17 6
//IdColis IdCommandeInColis NbProducts IdProd1 QtyProd1 IdProd2 QtyProd2 ...
10 3 23 362 1 441 1 442 1 597 2 443 1 13 1 66 1 271 3 261 1 319 2 593 1 545 1 254 1 257 1 204 1 2 1 56 2 57 2 61 1 8 1 23 1 41 2 42 2
12 4 25 312 1 313 1 303 1 351 2 434 1 263 1 36 1 279 1 267 1 39 1 75 1 210 1 289 1 300 1 307 2 441 1 320 1 322 2 442 1 573 1 443 1 12 1 271 3 30 1 254 1
17 5 32 320 1 362 2 271 4 28 2 261 1 469 1 470 2 319 4 528 1 544 1 545 1 254 1 257 1 212 1 2 1 19 1 21 1 29 2 56 3 57 3 61 1 68 1 45 1 16 1 23 1 41 2 42 2 6 1 187 2 129 1 55 1 5 1
22 6 28 261 1 421 2 319 2 650 2 254 1 218 1 409 1 257 1 50 1 15 2 58 5 59 6 69 1 3 1 2 2 19 3 21 2 29 2 56 3 57 3 61 2 22 1 41 2 42 2 26 1 65 2 219 2 55 4
42 10 35 322 2 441 1 442 1 573 2 443 1 320 1 328 1 298 1 12 1 66 1 275 3 96 2 98 1 261 1 528 1 321 1 696 1 254 1 406 1 376 1 257 1 259 1 290 1 192 1 69 1 85 1 61 1 8 1 23 1 41 2 42 2 7 1 238 2 92 1 110 1
46 11 26 443 1 275 3 28 1 350 1 319 1 361 2 321 1 593 1 254 1 257 1 259 1 290 1 192 2 58 2 59 3 69 1 195 3 4 1 19 1 29 1 56 2 57 1 8 1 23 1 41 2 42 2
//IdTournes NbColis
18 6
//IdColis IdCommandeInColis NbProducts IdProd1 QtyProd1 IdProd2 QtyProd2 ...
50 12 33 66 1 271 4 28 1 261 1 500 2 319 3 544 1 545 1 321 1 610 2 614 1 167 1 254 1 329 1 99 1 90 1 257 1 259 1 290 1 69 1 108 2 4 1 19 1 21 1 56 1 57 1 61 1 8 1 41 2 42 2 89 2 189 4 219 2
62 14 37 28 1 261 1 319 1 614 1 528 1 544 1 239 1 254 1 329 3 376 3 398 1 257 1 113 3 721 1 213 1 58 1 69 1 54 1 108 2 684 1 204 2 19 2 21 1 29 1 56 2 57 2 61 1 188 1 23 1 41 2 42 2 6 1 191 1 26 3 189 1 92 3 129 1
67 15 23 12 1 275 3 261 1 470 1 476 2 528 1 544 1 545 1 321 1 254 1 257 1 259 1 290 1 468 1 112 1 21 1 8 1 23 1 41 2 42 2 121 1 17 1 129 1
70 16 28 442 1 597 1 443 1 320 1 12 1 232 1 275 3 30 1 261 1 470 1 319 1 593 1 321 1 254 1 406 1 257 1 259 1 290 1 59 1 69 1 19 1 56 1 57 2 61 1 8 1 41 2 42 2 92 1
74 17 24 256 1 300 1 307 2 441 1 442 1 573 2 443 1 320 1 322 2 413 1 12 1 275 4 28 1 261 1 296 2 319 2 528 2 254 1 257 1 259 1 290 1 58 1 59 1 56 1
78 18 26 480 1 509 1 510 1 66 1 275 2 261 1 476 1 254 1 257 1 259 1 290 1 192 1 59 1 69 1 127 2 227 1 56 2 57 2 61 1 130 1 225 1 8 1 23 1 41 2 42 2 123 3
//IdTournes NbColis
19 6
//IdColis IdCommandeInColis NbProducts IdProd1 QtyProd1 IdProd2 QtyProd2 ...
81 19 39 597 2 443 1 320 1 232 1 271 4 488 1 470 1 319 2 593 1 528 2 254 1 257 1 151 1 136 1 193 2 176 2 205 1 148 1 58 2 59 1 69 1 207 1 675 1 676 1 149 1 19 1 34 1 147 1 56 2 61 1 152 1 206 1 228 1 8 1 23 1 41 2 42 2 123 1 194 2
85 20 32 322 1 441 1 442 1 573 1 443 1 13 1 275 3 532 1 529 1 319 2 614 1 528 1 254 1 257 1 259 1 290 1 192 1 58 1 59 1 69 1 204 3 29 1 143 1 56 1 57 2 61 1 45 4 8 1 23 1 24 1 41 2 42 2
97 23 11 321 1 254 1 257 1 259 1 290 1 56 1 61 1 23 1 41 2 42 2 63 1
100 24 25 442 1 573 1 443 1 275 2 261 1 319 1 321 1 610 3 614 3 528 2 545 1 254 1 257 1 259 1 290 1 58 1 59 1 69 1 156 1 56 1 8 1 23 1 41 2 42 2 93 1
102 25 26 335 1 527 1 279 1 300 1 307 1 509 1 442 1 573 1 443 1 320 1 322 1 271 1 161 1 495 1 319 1 321 1 254 1 18 1 157 1 56 2 57 1 8 1 23 1 41 2 42 2 169 1
104 26 29 395 1 381 1 310 1 471 1 633 1 541 1 279 1 267 1 301 1 307 2 441 1 442 1 597 1 443 1 320 1 362 2 271 2 20 1 167 1 630 1 528 1 545 1 254 1 99 1 54 1 158 1 162 1 29 1 23 1
//IdTournes NbColis
20 6
//IdColis IdCommandeInColis NbProducts IdProd1 QtyProd1 IdProd2 QtyProd2 ...
114 29 14 476 1 528 2 254 1 515 1 58 1 166 1 147 1 56 2 57 2 8 1 23 1 41 2 42 2 26 1
116 30 30 560 1 625 1 279 1 267 1 40 1 75 1 289 1 300 1 307 1 477 1 509 1 442 1 573 1 512 1 322 2 13 1 275 2 476 2 614 1 254 1 257 1 259 1 290 1 164 1 57 1 8 1 23 1 41 2 42 2 84 2
119 31 19 175 2 395 1 466 3 172 1 503 1 505 1 511 3 348 1 36 1 513 1 279 1 330 3 267 1 300 1 307 1 507 1 477 1 509 1 254 1
123 32 12 28 1 476 1 254 1 257 1 259 1 290 1 57 1 61 1 8 1 23 1 41 2 42 2
126 33 28 267 2 39 1 75 1 420 1 289 1 301 1 307 3 441 1 442 1 573 1 443 1 320 1 362 2 12 1 271 4 361 3 254 1 171 2 257 1 290 1 174 1 58 2 59 1 56 2 57 1 8 1 41 2 42 2
129 34 30 636 1 632 1 628 1 279 1 267 1 75 1 300 1 307 1 507 1 477 1 509 1 510 1 512 1 480 1 13 1 66 1 275 1 161 1 476 1 254 1 205 1 59 1 207 1 56 2 57 1 61 1 8 1 23 1 41 2 42 2
//IdTournes NbColis
21 6
//IdColis IdCommandeInColis NbProducts IdProd1 QtyProd1 IdProd2 QtyProd2 ...
133 35 22 271 1 261 1 479 1 528 1 254 1 257 1 259 1 290 1 58 2 59 2 69 1 18 1 34 1 56 2 57 2 61 1 8 1 23 1 41 2 42 2 109 2 17 1
139 37 12 275 1 470 1 476 1 528 1 254 1 57 1 61 1 68 1 41 2 42 2 8 1 23 1
146 39 20 443 1 320 1 322 1 476 1 528 1 254 1 148 1 59 1 56 2 61 1 2 1 186 1 188 2 23 1 41 2 42 2 187 1 6 1 191 1 214 1
154 42 8 70 1 73 1 77 1 155 1 168 1 60 1 182 1 254 1
159 43 30 461 1 625 1 279 1 349 1 267 1 75 1 255 1 420 1 300 1 307 1 477 1 509 1 442 1 573 1 320 1 322 1 294 3 12 1 275 1 321 1 254 1 171 1 58 1 80 1 57 1 61 1 8 1 23 1 41 2 42 2
163 44 29 322 1 441 1 442 1 573 3 443 1 320 1 66 1 12 1 275 3 261 1 319 2 660 1 321 1 669 1 28 1 254 1 257 1 259 1 290 1 56 2 57 2 201 1 19 1 143 1 61 1 8 1 41 2 42 2 9 1
//IdTournes NbColis
22 6
//IdColis IdCommandeInColis NbProducts IdProd1 QtyProd1 IdProd2 QtyProd2 ...
173 47 8 70 1 73 1 77 1 155 1 168 1 60 1 337 1 254 1
177 48 32 564 1 635 1 279 1 629 1 315 1 126 1 300 1 307 2 441 1 442 1 612 1 573 1 443 1 320 1 362 1 271 2 319 1 593 1 254 1 193 1 176 2 205 1 202 1 207 1 10 1 56 2 57 1 8 1 23 1 41 2 42 2 194 4
181 49 29 443 1 320 1 322 2 328 1 66 1 13 1 275 3 261 1 297 1 397 1 319 3 660 1 528 1 544 1 321 1 28 1 98 1 254 1 257 1 259 1 290 1 69 2 514 1 57 1 61 1 8 1 23 1 41 2 42 2
184 50 29 559 1 293 1 575 2 279 1 267 1 300 1 307 2 509 1 442 1 573 1 443 1 320 1 322 2 275 2 296 1 593 1 321 1 254 1 318 1 15 1 58 1 59 1 627 1 56 1 57 1 8 1 23 1 41 2 42 2
188 51 26 442 1 612 2 597 2 443 1 13 1 271 3 495 1 660 1 593 1 528 1 545 1 254 1 257 1 290 1 58 1 690 1 212 1 85 1 29 1 56 1 57 2 61 1 8 1 23 1 41 2 42 2
190 52 29 622 1 389 1 396 1 316 1 279 1 267 1 300 1 307 1 309 1 507 1 477 1 509 1 510 1 512 1 480 1 275 1 476 1 593 1 528 2 545 1 254 1 58 3 59 1 57 1 8 1 23 1 41 2 42 2 214 2
//IdTournes NbColis
23 6
//IdColis IdCommandeInColis NbProducts IdProd1 QtyProd1 IdProd2 QtyProd2 ...
198 54 22 442 1 573 1 443 1 320 1 322 2 275 3 167 1 520 2 319 2 254 1 257 1 259 1 290 2 69 1 29 1 56 2 57 1 8 1 23 1 41 2 42 2 26 2
201 55 25 307 1 440 2 441 1 442 1 573 1 443 1 320 1 322 2 298 1 271 3 319 1 641 1 528 2 30 1 254 1 257 1 259 1 290 1 56 1 57 1 61 1 8 1 23 1 41 2 42 2
214 58 21 442 1 573 1 512 1 328 1 271 3 261 1 476 1 254 1 262 2 257 1 290 1 69 1 59 1 195 1 56 1 57 2 61 1 8 1 23 1 41 2 42 2
217 59 22 261 1 319 5 321 1 593 1 544 1 545 1 254 1 259 1 290 1 69 1 58 3 59 3 691 1 2 1 19 1 29 1 57 2 61 1 8 1 23 1 41 2 42 2
223 61 30 322 2 441 1 442 1 573 1 443 1 320 1 683 4 12 1 275 3 319 1 544 1 254 1 257 1 259 1 290 1 151 1 69 1 58 3 59 1 108 1 21 1 56 2 57 1 61 1 8 1 23 1 41 2 42 2 26 1 682 1
227 62 26 320 1 294 1 12 1 271 4 319 1 593 1 528 1 479 1 254 1 257 1 259 1 290 1 69 1 59 1 158 1 3 2 2 1 19 1 21 1 56 2 57 2 61 1 8 1 41 2 42 2 123 1
//IdTournes NbColis
24 6
//IdColis IdCommandeInColis NbProducts IdProd1 QtyProd1 IdProd2 QtyProd2 ...
234 64 24 573 1 443 1 12 1 271 3 296 1 319 1 321 1 610 1 528 1 479 1 30 1 254 1 257 1 290 1 69 1 51 1 57 2 61 1 8 1 23 1 41 2 42 2 26 1 93 1
248 68 17 573 1 232 1 275 2 297 1 319 1 528 2 544 1 254 1 179 1 56 2 61 1 8 1 23 1 41 2 42 2 187 1 92 4
256 71 8 73 1 155 1 168 1 60 1 70 1 77 1 543 1 254 1
261 72 13 321 1 28 1 254 1 257 1 290 1 69 1 56 2 57 2 8 1 23 1 41 2 42 2 92 3
272 75 12 254 1 257 1 259 1 290 1 58 1 684 1 56 2 57 1 8 1 23 1 41 2 42 2
275 76 14 469 1 476 1 321 1 528 1 254 1 257 1 259 1 290 1 57 1 61 1 8 1 23 1 41 2 42 2
//IdTournes NbColis
25 6
//IdColis IdCommandeInColis NbProducts IdProd1 QtyProd1 IdProd2 QtyProd2 ...
277 77 25 312 1 317 1 543 1 360 1 694 1 434 1 263 1 461 2 279 1 349 1 330 1 267 1 289 1 301 1 307 1 320 1 362 1 441 1 442 1 573 1 443 1 328 1 13 1 275 1 254 1
281 78 23 321 1 28 1 254 1 262 1 318 1 257 1 35 2 59 1 69 1 595 1 737 1 56 2 57 1 61 1 206 2 645 1 8 1 41 2 42 2 14 1 5 1 87 1 9 1
286 80 27 312 1 416 1 287 1 543 1 438 1 360 1 434 1 263 1 274 2 433 1 606 1 36 1 264 1 279 1 422 1 267 1 39 1 405 1 420 2 289 1 300 1 307 1 440 1 509 1 442 1 193 1 23 1
294 82 14 528 1 254 1 184 1 192 1 15 1 58 2 25 1 56 2 57 1 8 1 23 1 41 2 42 2 64 1
296 83 24 322 1 441 1 442 1 573 1 443 1 320 1 13 1 275 2 557 1 319 2 593 1 545 1 479 1 28 1 254 1 257 1 259 1 290 1 164 1 61 1 8 1 23 1 41 2 42 2
2 1 23 312 1 657 1 333 1 32 1 524 1 38 1 44 1 303 2 543 1 37 1 360 1 448 1 651 1 263 1 279 1 267 2 525 2 39 1 75 1 404 1 289 1 431 1 3 1
//IdTournes NbColis
26 6
//IdColis IdCommandeInColis NbProducts IdProd1 QtyProd1 IdProd2 QtyProd2 ...
61 14 22 330 1 492 1 229 4 39 4 75 2 404 1 385 3 301 1 307 2 314 1 441 1 442 1 597 2 443 1 320 1 362 2 328 1 483 1 12 1 66 2 271 3 4 1
84 20 21 312 1 506 3 677 1 679 1 140 1 535 1 539 1 115 3 263 1 279 1 330 1 267 1 39 1 404 1 405 1 256 1 288 1 300 1 307 2 322 1 320 1
247 68 25 79 1 236 1 720 1 175 1 522 1 437 1 634 1 412 1 719 1 428 1 285 1 279 1 267 1 40 1 404 1 300 1 307 2 440 1 441 1 442 1 443 1 320 1 322 2 29 1 551 1
7 2 25 443 1 320 1 328 5 275 2 476 1 528 1 321 1 376 1 52 1 58 2 224 2 54 1 29 1 34 1 56 2 57 1 61 1 8 1 23 1 41 2 42 2 72 1 33 1 11 1 64 1
15 5 12 233 2 312 1 587 2 266 1 277 2 395 2 524 1 49 1 581 2 702 1 62 1 328 1
66 15 23 699 1 511 2 95 3 263 1 48 1 279 1 267 1 268 1 410 3 39 1 75 1 405 2 256 1 300 1 307 2 477 1 509 1 442 1 320 1 322 2 573 1 328 1 69 1
//IdTournes NbColis
27 6
//IdColis IdCommandeInColis NbProducts IdProd1 QtyProd1 IdProd2 QtyProd2 ...
122 32 27 735 1 516 1 523 1 519 1 360 1 334 1 508 1 263 1 527 1 305 1 279 1 267 1 40 1 75 1 256 1 300 1 307 1 509 1 442 1 443 1 320 1 322 1 573 1 328 1 13 1 275 2 69 1
136 36 37 75 1 256 1 300 1 322 2 441 1 442 1 573 1 443 1 320 1 328 1 13 1 275 1 261 1 500 1 397 1 321 1 319 2 614 1 528 2 479 1 257 1 259 1 499 1 290 1 58 1 69 1 21 1 56 1 57 2 61 1 8 1 16 1 23 1 41 2 42 2 666 1 46 1
293 82 23 337 1 531 1 348 2 541 1 279 1 267 1 355 1 300 1 307 2 507 1 477 1 509 1 442 1 480 2 512 1 328 2 232 1 275 2 534 1 476 3 545 1 528 1 59 1
295 83 26 312 1 554 1 639 1 266 1 395 1 293 1 337 1 523 1 558 1 543 1 198 1 419 1 263 1 295 1 606 1 264 1 279 1 299 1 267 1 525 1 40 1 75 1 256 1 300 1 307 1 328 1
33 8 23 568 1 279 1 375 1 267 2 399 1 525 2 39 1 75 1 255 2 301 2 307 2 309 1 441 1 442 1 597 3 443 2 320 1 362 2 12 1 66 1 275 2 257 1 64 1
96 23 28 312 1 260 1 263 1 279 1 330 1 375 1 267 1 525 1 39 1 75 1 255 1 405 1 272 1 289 1 300 1 307 2 509 1 320 1 322 1 442 1 573 1 443 1 292 2 294 2 13 1 275 3 261 1 8 1
//IdTournes NbColis
28 6
//IdColis IdCommandeInColis NbProducts IdProd1 QtyProd1 IdProd2 QtyProd2 ...
180 49 24 312 1 518 1 339 1 664 1 521 1 659 1 360 1 434 2 263 1 436 1 348 1 279 1 375 1 267 1 75 1 39 1 255 1 289 1 300 1 307 2 441 1 442 1 573 2 56 1
200 55 24 588 1 312 1 391 1 466 1 335 1 486 1 491 1 543 1 489 1 635 1 435 1 263 1 95 1 568 1 646 1 279 1 267 1 39 1 255 1 405 1 289 1 300 1 307 1 12 1
254 70 23 578 1 393 1 513 1 279 1 267 2 39 1 75 1 255 1 420 1 289 2 300 1 307 3 441 1 442 1 443 1 320 1 322 2 573 2 294 1 12 1 271 4 261 1 2 1
274 76 25 556 1 317 1 359 1 686 1 360 1 263 1 541 1 279 1 267 1 40 1 75 1 255 2 405 1 256 1 300 1 307 2 477 1 320 1 322 1 509 1 442 1 573 1 13 1 275 3 56 2
13 4 29 544 2 545 1 593 1 528 1 329 2 257 1 290 1 58 3 59 2 69 1 18 2 10 1 19 2 25 1 29 1 34 1 56 2 57 2 61 1 8 1 23 1 24 2 41 2 42 2 7 3 238 1 705 2 17 2 46 1
49 12 23 97 1 264 1 279 1 616 1 375 1 267 2 39 1 75 1 210 1 405 2 355 2 289 1 301 2 307 3 441 1 442 1 320 1 362 2 573 3 443 2 223 1 12 1 23 1
//IdTournes NbColis
29 6
//IdColis IdCommandeInColis NbProducts IdProd1 QtyProd1 IdProd2 QtyProd2 ...
205 56 22 593 1 545 1 321 1 30 1 732 1 329 1 257 1 58 1 59 1 164 1 212 1 204 1 56 1 57 1 61 1 734 1 8 1 23 1 41 2 42 2 46 2 123 1
271 75 26 357 1 394 1 537 1 538 1 359 1 542 1 263 1 279 1 267 1 39 1 75 1 405 1 256 1 300 1 307 1 441 1 442 1 443 1 320 1 322 2 573 1 13 1 275 2 319 1 528 2 58 1
284 79 34 289 1 300 1 441 1 442 1 573 2 443 1 320 1 322 2 563 1 12 1 275 1 261 1 319 1 28 1 732 1 329 1 259 1 290 1 58 1 59 3 69 1 691 1 733 1 51 1 731 1 2 1 19 2 56 1 57 2 61 1 23 1 41 2 42 2 63 1
80 19 24 482 1 662 1 137 1 382 1 494 1 360 1 496 1 596 1 263 1 279 1 330 1 267 2 399 2 39 1 75 1 301 1 307 2 314 1 362 2 441 1 442 1 612 2 12 1 194 1
138 37 25 177 1 587 1 118 2 277 1 524 2 577 1 631 1 279 1 330 2 424 1 267 1 107 1 355 1 185 2 300 1 307 2 509 1 442 1 573 1 443 1 320 1 322 2 352 1 275 1 195 2
145 39 23 240 1 181 1 141 1 203 1 373 1 490 1 293 1 531 2 637 1 346 1 180 2 542 1 295 1 279 1 330 1 267 1 75 1 300 1 307 1 509 1 442 1 573 1 271 1
//IdTournes NbColis
30 6
//IdColis IdCommandeInColis NbProducts IdProd1 QtyProd1 IdProd2 QtyProd2 ...
68 16 8 60 1 70 1 73 1 76 1 155 1 168 1 373 1 35 1
95 23 8 128 1 150 1 76 1 78 1 79 1 216 1 373 1 69 1
27 7 22 389 1 280 1 360 1 709 1 708 1 396 1 561 1 374 1 419 1 454 1 604 1 508 2 511 1 707 1 263 1 283 1 284 1 274 4 48 1 268 1 58 1 5 1
77 18 26 74 1 357 1 287 1 173 1 317 1 359 1 360 1 511 1 475 1 263 1 274 1 279 1 86 2 124 1 375 1 267 1 39 1 75 1 256 1 300 1 307 1 474 2 477 1 478 1 12 1 59 1
93 22 24 299 1 39 1 126 1 256 1 300 2 509 1 442 1 612 1 443 2 320 1 322 2 573 3 12 1 66 1 28 1 145 2 261 1 302 1 495 1 476 1 528 1 262 1 257 1 259 1
161 44 10 60 1 70 1 73 1 76 1 155 1 312 1 466 1 197 1 317 1 256 1
//IdTournes NbColis
31 6
//IdColis IdCommandeInColis NbProducts IdProd1 QtyProd1 IdProd2 QtyProd2 ...
166 45 33 256 1 272 1 300 1 509 1 442 1 573 2 443 1 320 1 322 1 66 1 12 1 275 1 261 1 397 1 495 1 476 3 593 1 544 1 321 1 257 1 259 1 290 1 69 1 200 3 19 1 29 1 56 2 57 2 61 1 8 1 23 1 41 2 42 2
87 21 18 74 1 146 1 357 1 587 1 317 2 472 1 359 1 360 1 138 1 604 2 496 1 475 1 263 1 377 1 279 1 353 1 375 1 56 1
264 73 27 475 1 263 1 306 1 274 1 730 1 429 1 375 2 39 1 75 1 289 1 300 1 565 1 441 1 442 1 443 1 320 1 322 2 573 3 298 1 13 1 66 1 275 1 319 1 544 1 545 1 257 1 8 1
4 1 21 528 2 545 1 257 1 259 1 290 1 35 1 59 1 69 1 51 1 1 1 21 1 56 2 57 1 61 1 68 1 8 1 23 1 41 2 42 2 27 1 63 1
111 28 18 442 1 573 1 512 1 275 1 261 1 476 1 544 1 257 1 259 1 290 1 58 1 59 1 69 1 678 1 8 1 23 1 41 2 42 2
172 46 30 545 1 28 1 145 1 273 1 257 1 259 1 290 1 69 1 224 1 202 1 58 2 204 1 222 2 199 1 208 1 56 3 206 1 200 1 2 1 19 3 21 2 29 2 57 3 61 2 23 1 41 2 42 2 209 1 72 1 94 1
//IdTournes NbColis
32 6
//IdColis IdCommandeInColis NbProducts IdProd1 QtyProd1 IdProd2 QtyProd2 ...
237 65 31 497 1 39 1 75 1 300 1 314 1 322 2 441 1 442 1 573 2 443 1 320 1 232 1 12 1 271 1 261 1 378 1 614 1 545 1 28 1 257 1 59 1 69 1 208 1 80 1 56 2 57 2 61 1 8 1 23 1 41 2 42 2
258 71 15 443 1 704 1 13 1 66 3 275 3 319 1 257 1 259 1 290 1 57 1 61 1 8 1 41 2 42 2 89 2
269 74 18 593 1 28 1 257 1 259 1 290 1 59 1 69 1 684 1 19 1 29 1 57 2 61 1 8 1 23 1 41 2 42 2 89 1 26 1
99 24 22 312 1 317 1 543 1 549 1 280 1 360 1 695 3 546 1 263 1 284 1 279 1 267 1 399 1 75 1 289 1 300 1 307 1 320 1 322 2 441 1 13 1 56 1
39 9 16 590 2 259 1 290 1 192 2 58 1 69 1 81 1 4 1 29 1 56 1 57 1 61 1 8 1 23 1 41 2 42 2
265 73 11 361 2 321 1 593 1 28 1 259 1 290 1 35 1 69 1 23 1 41 2 42 2
//IdTournes NbColis
33 6
//IdColis IdCommandeInColis NbProducts IdProd1 QtyProd1 IdProd2 QtyProd2 ...
98 24 9 128 1 76 1 78 1 79 1 155 1 216 1 547 1 142 1 133 1
20 6 17 76 2 74 1 312 1 173 1 359 1 415 1 412 1 286 1 360 1 419 2 508 1 511 2 619 1 475 1 263 1 341 1 14 1
48 12 20 312 1 601 1 559 2 343 1 310 1 581 1 317 1 543 1 706 1 574 1 382 1 360 1 679 1 489 1 432 1 475 1 95 2 263 1 97 1 58 1
60 14 16 490 1 114 1 44 1 487 1 543 1 613 4 117 3 116 1 316 1 615 1 115 1 263 1 618 1 279 1 58 1 87 1
115 30 9 128 1 150 1 165 1 78 1 79 1 196 1 621 2 359 1 263 1
125 33 14 141 1 485 3 281 2 543 1 484 3 360 1 642 2 615 1 263 1 568 3 279 1 299 1 410 1 23 1
//IdTournes NbColis
34 6
//IdColis IdCommandeInColis NbProducts IdProd1 QtyProd1 IdProd2 QtyProd2 ...
155 42 19 312 1 439 3 638 3 543 1 360 1 434 3 435 1 644 1 120 1 263 1 283 1 568 1 279 1 267 1 75 1 39 1 289 1 193 1 194 1
197 54 24 215 1 312 1 394 1 524 1 313 2 526 1 359 1 412 1 458 1 389 1 434 1 644 1 263 1 348 2 663 1 279 1 267 1 75 1 39 1 300 1 307 2 441 1 13 1 19 1
213 58 20 312 1 390 2 502 1 359 1 672 1 198 2 382 1 504 1 642 1 263 1 279 1 267 1 39 1 289 1 300 1 307 2 322 2 477 1 509 1 12 1
226 62 23 312 1 416 1 163 2 501 1 506 2 198 1 508 1 263 1 348 1 279 1 267 2 410 1 75 1 39 2 289 1 300 1 307 2 322 2 441 1 442 1 573 1 443 1 23 1
260 72 26 536 1 312 1 524 1 293 2 543 1 736 1 360 1 263 1 279 1 267 1 39 1 75 1 289 1 300 1 307 1 441 1 442 1 443 1 320 1 322 1 573 1 292 1 12 1 271 2 319 1 29 1
24 7 8 60 1 79 1 76 1 78 1 155 1 536 2 386 1 11 1
//IdTournes NbColis
35 6
//IdColis IdCommandeInColis NbProducts IdProd1 QtyProd1 IdProd2 QtyProd2 ...
131 35 7 67 1 70 1 73 1 77 1 170 1 233 1 333 1
215 59 8 128 1 150 1 165 1 220 1 78 1 79 1 333 1 217 1
196 54 8 128 1 150 1 216 1 76 1 78 1 79 1 387 1 665 1
113 29 21 215 1 287 1 456 1 389 3 489 1 471 1 419 3 279 1 349 1 267 1 414 1 300 1 307 2 477 1 509 1 442 1 480 2 573 1 512 1 275 2 34 1
174 47 31 536 1 604 1 508 1 279 1 267 1 300 1 307 1 477 1 509 1 442 1 573 1 512 1 480 1 275 1 476 1 593 1 528 1 545 1 321 1 96 1 149 1 626 1 56 2 57 2 61 1 8 1 23 1 41 2 42 2 72 1 87 1
176 48 10 67 1 70 1 73 1 77 1 170 1 609 1 175 1 354 1 634 1 268 1
//IdTournes NbColis
36 6
//IdColis IdCommandeInColis NbProducts IdProd1 QtyProd1 IdProd2 QtyProd2 ...
90 22 7 60 1 77 1 70 1 73 1 168 1 233 1 269 1
106 27 7 60 1 76 1 78 1 79 1 155 1 216 1 269 1
109 28 7 128 1 150 1 165 1 78 1 79 1 216 1 269 1
134 36 7 128 1 76 1 78 1 79 1 155 1 667 1 269 1
168 46 5 77 2 70 1 73 1 155 2 269 1
192 53 7 128 1 150 1 76 1 216 1 78 1 79 1 269 1
//IdTournes NbColis
37 6
//IdColis IdCommandeInColis NbProducts IdProd1 QtyProd1 IdProd2 QtyProd2 ...
228 63 7 76 1 78 1 79 1 155 1 168 1 60 1 269 1
235 65 7 70 1 73 1 155 1 168 1 60 1 76 1 269 1
239 66 7 70 1 73 1 168 1 233 1 60 1 77 1 269 1
249 69 7 73 1 155 1 168 1 60 1 70 1 77 1 269 1
262 73 7 73 1 155 1 168 1 60 1 70 1 76 1 269 1
266 74 7 155 1 168 1 60 1 70 1 73 1 76 1 269 1
//IdTournes NbColis
38 6
//IdColis IdCommandeInColis NbProducts IdProd1 QtyProd1 IdProd2 QtyProd2 ...
40 10 9 60 1 73 1 76 1 79 1 155 1 168 1 336 1 3 1 93 1
44 11 8 60 1 76 1 78 1 79 1 155 1 168 1 336 1 195 1
259 72 8 150 1 216 1 128 1 165 1 78 1 79 1 530 1 195 1
120 31 10 510 1 512 1 480 1 275 1 57 1 61 1 8 1 23 1 41 2 42 2
186 51 8 128 1 76 1 155 1 216 1 78 1 79 1 338 1 69 1
36 9 7 60 1 76 1 78 1 79 1 155 1 168 1 340 1
//IdTournes NbColis
39 6
//IdColis IdCommandeInColis NbProducts IdProd1 QtyProd1 IdProd2 QtyProd2 ...
144 39 8 60 1 70 1 73 1 77 1 155 1 168 1 550 1 227 1
151 41 9 60 1 73 1 76 1 79 1 155 1 183 1 567 1 550 1 56 1
121 32 8 60 1 70 1 73 1 76 1 155 1 168 1 517 1 56 1
292 82 10 60 1 70 1 73 1 77 1 168 1 233 1 517 1 2 1 33 1 14 1
94 22 17 290 1 148 1 58 3 59 3 69 1 18 1 54 1 153 2 227 2 56 1 57 1 206 1 8 1 23 1 41 2 42 2 144 2
103 26 8 60 1 70 1 73 1 77 1 168 1 233 1 343 1 59 1
//IdTournes NbColis
40 6
//IdColis IdCommandeInColis NbProducts IdProd1 QtyProd1 IdProd2 QtyProd2 ...
158 43 10 60 1 70 1 73 1 77 1 168 1 183 1 439 1 535 1 308 1 171 1
246 68 8 76 1 155 1 168 1 60 1 722 1 78 1 553 1 9 1
183 50 8 128 1 150 1 165 1 78 1 79 1 216 1 501 1 68 1
47 12 8 60 1 70 1 77 1 73 1 168 1 233 1 522 1 58 1
243 67 7 70 1 73 1 76 1 155 1 168 1 60 1 554 1
179 49 8 76 1 78 1 79 1 155 1 60 1 74 1 132 1 456 1
//IdTournes NbColis
41 6
//IdColis IdCommandeInColis NbProducts IdProd1 QtyProd1 IdProd2 QtyProd2 ...
128 34 9 128 1 150 1 165 1 78 1 79 1 216 1 313 1 176 1 219 1
276 77 8 155 1 168 1 60 1 70 1 73 1 76 1 460 1 56 1
11 4 9 60 1 70 1 76 1 73 1 155 1 168 1 540 1 2 1 5 1
273 76 9 155 1 216 1 128 1 76 1 78 1 79 1 559 1 69 1 47 1
143 38 23 545 1 179 1 171 1 318 1 58 1 190 1 647 1 56 2 61 1 2 1 112 1 645 3 41 2 42 2 8 1 23 1 84 1 238 3 122 3 209 1 121 1 123 3 9 3
58 14 8 60 1 70 1 73 1 77 1 168 1 233 1 609 1 87 2
//IdTournes NbColis
42 6
//IdColis IdCommandeInColis NbProducts IdProd1 QtyProd1 IdProd2 QtyProd2 ...
140 38 11 60 1 70 1 77 1 73 1 168 1 233 1 639 1 190 1 55 1 87 1 9 1
232 64 9 70 1 73 1 155 1 168 1 60 1 76 1 701 1 59 1 11 1
5 2 8 60 1 70 1 73 1 77 1 168 1 233 1 43 1 2 1
19 6 7 78 1 79 1 128 1 155 2 216 1 43 1 3 1
221 61 8 76 1 78 1 155 1 168 1 60 1 79 1 175 1 3 1
75 17 7 69 1 56 1 57 1 61 1 8 1 41 2 42 2
//IdTournes NbColis
43 6
//IdColis IdCommandeInColis NbProducts IdProd1 QtyProd1 IdProd2 QtyProd2 ...
105 26 6 56 1 57 1 130 1 8 1 41 2 42 2
30 7 5 26 2 102 1 82 1 65 1 87 2
43 10 2 83 1 94 1
14 5 8 67 1 77 2 70 1 73 1 170 1 203 1 58 1 9 1
112 29 8 60 1 76 1 78 1 79 1 155 1 168 1 163 1 159 1
270 75 9 155 1 168 1 60 1 70 1 73 1 76 1 163 1 29 1 211 1
//IdTournes NbColis
44 6
//IdColis IdCommandeInColis NbProducts IdProd1 QtyProd1 IdProd2 QtyProd2 ...
101 25 8 67 1 70 1 73 1 77 1 170 1 233 1 160 1 58 1
89 21 3 42 2 65 1 63 1
118 31 9 128 1 76 1 78 1 79 1 155 1 216 1 175 1 56 1 211 1
8 3 8 60 1 70 1 73 1 77 1 155 1 168 1 203 1 59 1
83 20 8 60 1 76 1 78 1 79 1 155 1 168 1 203 1 213 1
202 56 8 128 1 150 1 216 1 76 1 78 1 79 1 173 1 69 1
