//NbTournees
3
//IdTournes NbColis
1 6
//IdColis IdCommandeInColis NbProducts IdProd1 QtyProd1 IdProd2 QtyProd2 ...
2 1 28 29 1 59 2 112 1 216 1 11 1 99 1 7 2 8 1 30 1 92 1 72 1 23 2 207 1 212 1 1 2 5 2 53 2 87 1 230 2 28 1 219 1 236 1 247 1 203 1 182 1 238 1 220 1 235 1
5 2 12 34 1 39 2 40 2 9 1 15 2 71 1 78 1 21 1 36 1 2 2 24 2 46 2
1 1 16 32 1 125 1 20 2 201 1 44 1 104 1 143 1 86 2 81 1 133 1 107 1 3 2 10 1 25 2 29 1 174 1
6 2 24 50 1 54 2 64 2 81 1 114 1 128 1 3 2 10 1 25 3 29 2 56 1 59 2 79 1 95 1 102 1 119 1 124 1 165 1 168 1 218 1 244 2 248 1 30 1 163 1
11 3 20 108 1 14 1 21 2 188 1 209 1 246 2 197 1 133 2 105 2 3 2 10 1 25 3 29 2 59 3 106 1 118 1 190 1 7 1 8 1 193 1
14 4 19 22 1 19 1 20 1 234 1 41 1 240 1 126 1 184 1 54 2 69 1 80 1 3 2 10 1 25 2 29 2 59 2 118 1 223 1 177 1
//IdTournes NbColis
2 6
//IdColis IdCommandeInColis NbProducts IdProd1 QtyProd1 IdProd2 QtyProd2 ...
17 5 16 110 1 13 1 39 2 138 1 228 1 245 1 44 1 143 1 48 1 114 1 3 2 10 1 25 2 29 2 59 2 215 1
8 2 23 151 1 152 1 158 3 136 1 144 1 164 2 243 1 4 1 45 2 171 2 172 2 239 1 83 3 153 2 204 1 213 1 233 1 159 2 160 2 221 1 229 1 145 2 120 1
15 4 32 248 1 65 1 67 1 169 1 77 1 5 1 74 1 230 2 180 2 181 1 236 1 182 1 140 1 154 2 155 2 183 1 186 1 187 2 185 3 33 1 149 3 82 1 62 1 6 2 57 1 151 1 152 1 158 2 227 1 144 2 164 2 171 1
18 5 36 208 1 8 1 67 1 72 1 169 1 173 1 68 1 161 2 237 1 37 1 55 1 73 1 121 1 180 2 162 1 137 1 225 1 75 1 134 1 12 2 101 1 186 1 167 1 175 1 179 1 187 1 76 1 61 1 66 2 109 1 149 2 35 1 151 1 152 1 158 1 63 1
7 2 31 30 1 49 1 60 2 58 1 156 1 161 1 205 2 47 2 70 1 111 1 217 1 170 1 16 1 139 2 166 2 224 1 176 2 51 1 231 1 135 2 146 1 186 1 241 1 232 2 142 1 187 1 76 1 127 1 149 2 157 1 57 1
10 3 11 38 1 91 2 84 1 222 1 85 1 88 1 17 1 52 1 117 2 103 2 27 1
//IdTournes NbColis
3 5
//IdColis IdCommandeInColis NbProducts IdProd1 QtyProd1 IdProd2 QtyProd2 ...
12 3 30 116 1 214 2 211 2 42 1 90 1 94 1 97 1 73 1 123 1 226 1 129 2 18 1 180 3 236 1 176 1 235 1 131 1 192 1 189 1 31 1 198 1 241 2 100 1 194 3 122 1 33 1 43 2 149 2 132 2 96 1
13 3 14 26 1 113 1 195 3 158 2 136 1 164 1 193 1 196 2 199 1 145 3 200 1 120 1 130 1 191 1
3 1 27 202 3 89 1 98 2 186 1 241 1 242 2 93 1 187 2 115 1 43 1 149 3 151 1 152 1 158 3 136 1 144 2 164 2 243 1 171 3 172 3 239 2 83 3 153 3 159 2 160 2 150 2 174 1
16 4 12 171 2 172 3 239 2 83 3 153 3 159 2 160 2 178 2 150 1 141 1 120 1 148 2
19 5 17 158 2 144 1 164 2 243 1 171 2 172 2 239 1 83 3 153 3 159 2 160 2 229 1 206 1 141 1 120 1 210 1 147 2
