//NbTournees
55
//IdTournes NbColis
1 6
//IdColis IdCommandeInColis NbProducts IdProd1 QtyProd1 IdProd2 QtyProd2 ...
1 1 7 1 1 16 1 17 1 163 1 19 1 280 1 55 1
7 2 8 1 1 21 1 17 1 150 1 12 1 244 1 90 1 100 1
12 3 7 1 1 17 1 163 1 150 1 11 1 486 1 90 1
18 4 11 1 1 16 1 17 1 163 1 19 1 245 1 90 1 100 1 55 2 98 1 88 2
24 5 7 1 1 16 1 17 1 163 1 6 1 602 1 90 1
31 6 9 1 1 17 1 21 1 150 1 14 1 511 1 91 1 99 1 88 1
//IdTournes NbColis
2 6
//IdColis IdCommandeInColis NbProducts IdProd1 QtyProd1 IdProd2 QtyProd2 ...
33 6 7 219 1 2 1 30 1 167 1 342 2 53 1 360 1
36 7 8 1 1 27 1 21 1 150 1 28 1 116 1 91 1 99 1
41 8 11 1 1 17 1 21 1 150 1 14 1 567 1 91 1 99 1 55 1 97 1 88 1
46 9 9 1 1 21 1 17 1 150 1 14 1 162 1 90 1 100 1 88 1
51 10 11 1 1 17 1 163 1 150 1 14 1 25 1 90 1 100 1 55 1 98 1 88 1
56 11 9 1 1 17 1 21 1 150 1 14 1 254 1 91 1 99 1 88 1
//IdTournes NbColis
3 6
//IdColis IdCommandeInColis NbProducts IdProd1 QtyProd1 IdProd2 QtyProd2 ...
61 12 7 1 1 17 1 21 1 150 1 31 1 9 1 90 1
66 13 11 1 1 16 1 17 1 163 1 14 1 416 1 90 1 100 1 55 1 98 1 88 1
71 14 11 1 1 17 1 163 1 150 1 14 1 207 1 90 1 99 1 55 1 97 1 88 1
76 15 7 1 1 27 1 40 1 150 1 14 1 280 1 55 1
78 15 7 344 1 30 1 167 1 53 3 342 1 5 1 32 1
81 16 7 1 1 16 1 17 1 163 1 11 1 328 1 98 1
//IdTournes NbColis
4 6
//IdColis IdCommandeInColis NbProducts IdProd1 QtyProd1 IdProd2 QtyProd2 ...
87 17 7 1 1 17 1 165 1 210 1 28 1 328 1 98 1
93 18 11 1 1 16 1 17 1 163 1 19 1 192 1 90 1 99 1 55 2 97 1 88 2
98 19 6 1 1 17 1 150 1 21 1 6 1 351 1
104 20 11 1 1 17 1 21 1 150 1 14 1 416 1 90 1 100 1 55 1 98 1 88 1
108 21 6 1 1 17 1 163 1 165 1 183 1 56 1
112 22 9 1 1 17 1 21 1 150 1 14 1 93 1 548 1 91 1 88 1
//IdTournes NbColis
5 6
//IdColis IdCommandeInColis NbProducts IdProd1 QtyProd1 IdProd2 QtyProd2 ...
116 23 11 1 1 16 1 17 1 163 1 19 1 500 1 90 1 100 1 55 2 98 1 88 2
122 24 8 1 1 17 1 21 1 150 1 14 1 116 1 56 1 55 1
126 25 9 1 1 17 1 21 1 150 1 14 1 62 1 90 1 100 1 88 1
131 26 11 1 1 16 1 17 1 163 1 14 1 416 1 90 1 100 1 55 1 98 1 88 1
136 27 9 1 1 16 1 17 1 163 1 19 1 451 1 90 1 100 1 88 1
140 28 8 1 1 17 1 150 1 21 1 6 1 41 1 90 1 100 1
//IdTournes NbColis
6 6
//IdColis IdCommandeInColis NbProducts IdProd1 QtyProd1 IdProd2 QtyProd2 ...
148 29 6 152 1 342 2 121 2 30 2 8 1 32 1
153 30 9 175 1 219 1 2 1 121 2 157 1 536 1 50 1 55 1 98 1
29 5 28 199 1 340 1 265 1 289 1 316 2 348 1 3 2 495 2 144 1 89 1 112 1 601 1 56 1 480 1 51 1 49 2 279 1 604 1 305 2 359 1 369 1 507 2 478 2 469 3 605 1 368 1 98 1 88 2
69 13 23 416 1 93 1 293 1 130 1 378 1 419 3 18 1 408 1 50 1 199 2 57 1 103 1 348 1 3 1 508 1 509 1 51 1 52 1 35 1 386 1 515 1 306 1 374 1
158 31 13 219 1 68 1 121 2 157 1 5 1 360 1 331 1 408 1 50 1 159 1 199 1 57 1 3 1
151 30 9 59 1 27 1 40 1 152 1 58 1 254 1 90 1 100 1 88 1
//IdTournes NbColis
7 6
//IdColis IdCommandeInColis NbProducts IdProd1 QtyProd1 IdProd2 QtyProd2 ...
156 31 11 59 1 27 1 40 1 152 1 58 1 26 1 91 1 99 1 55 1 97 1 88 1
163 32 19 342 1 220 1 218 1 159 1 199 2 57 1 63 1 327 1 330 2 512 1 311 1 319 1 407 1 56 1 308 2 217 1 456 1 568 1 543 1
165 33 7 59 1 27 1 40 1 145 1 58 1 43 1 357 1
166 33 8 21 1 156 1 177 1 152 1 58 1 93 1 56 1 55 1
168 33 21 389 1 8 1 293 1 18 1 238 1 234 1 50 1 179 1 159 1 54 1 199 2 57 1 63 1 501 2 530 4 417 1 51 1 49 1 357 2 302 1 306 1
170 34 8 59 1 27 1 40 1 155 1 58 1 154 1 473 1 91 1
//IdTournes NbColis
8 6
//IdColis IdCommandeInColis NbProducts IdProd1 QtyProd1 IdProd2 QtyProd2 ...
175 35 7 150 1 155 1 152 1 219 1 58 1 149 1 302 1
176 35 7 344 1 58 1 14 1 68 2 121 2 8 1 50 1
180 36 7 150 1 155 1 152 1 219 1 58 1 367 1 55 1
181 36 9 344 1 58 1 14 1 68 2 121 2 20 1 336 1 98 1 88 1
184 37 7 27 1 40 1 21 1 150 1 58 1 382 1 56 1
188 38 7 59 1 27 1 40 1 142 1 58 1 116 1 319 1
//IdTournes NbColis
9 6
//IdColis IdCommandeInColis NbProducts IdProd1 QtyProd1 IdProd2 QtyProd2 ...
189 38 7 145 1 83 1 156 1 152 1 58 1 544 1 278 1
193 39 7 59 1 27 1 40 1 142 1 58 1 522 1 397 1
194 39 7 145 1 83 1 156 1 152 1 58 1 222 1 397 1
198 40 7 59 1 27 1 40 1 145 1 58 1 116 1 420 1
203 41 8 59 1 27 1 40 1 145 1 58 1 116 1 56 1 55 1
204 41 8 83 1 156 1 177 1 152 1 58 1 93 1 526 1 97 1
//IdTournes NbColis
10 6
//IdColis IdCommandeInColis NbProducts IdProd1 QtyProd1 IdProd2 QtyProd2 ...
208 42 9 59 1 27 1 40 1 152 1 58 1 546 1 560 1 91 1 55 1
209 42 9 145 1 83 1 156 1 177 1 58 1 559 1 560 1 99 1 97 1
214 43 7 83 1 142 1 156 1 152 1 58 1 116 1 296 1
215 43 11 175 1 219 1 58 1 68 2 157 1 412 1 91 1 99 1 55 1 97 1 88 1
218 44 11 59 1 27 1 40 1 145 1 58 1 393 1 90 1 100 1 55 1 98 1 88 1
219 44 7 21 1 156 1 177 1 152 1 58 1 80 1 513 1
//IdTournes NbColis
11 6
//IdColis IdCommandeInColis NbProducts IdProd1 QtyProd1 IdProd2 QtyProd2 ...
225 45 9 344 1 6 1 44 1 413 1 95 1 387 1 58 1 348 1 88 1
226 45 7 58 1 14 1 68 2 121 2 157 1 321 2 416 1
229 46 7 59 1 27 1 40 1 152 1 58 1 367 1 55 1
230 46 10 145 1 83 1 156 1 177 1 58 1 354 1 90 1 99 1 97 1 88 1
236 47 11 59 1 27 1 40 1 152 1 58 1 393 1 91 1 99 1 55 1 97 1 88 1
243 48 6 58 2 68 2 121 2 157 1 389 1 364 1
//IdTournes NbColis
12 6
//IdColis IdCommandeInColis NbProducts IdProd1 QtyProd1 IdProd2 QtyProd2 ...
246 49 11 59 1 40 1 27 1 142 1 58 1 354 1 91 1 99 1 55 1 97 1 88 1
247 49 7 145 1 83 1 156 1 152 1 58 1 148 1 201 1
251 50 9 59 1 40 1 27 1 145 1 58 1 231 1 91 1 99 1 88 1
252 50 7 83 1 156 1 177 1 152 1 58 1 116 1 542 1
257 51 9 145 1 21 1 156 1 177 1 58 1 396 1 34 1 100 1 55 1
260 52 8 59 1 27 1 40 1 145 1 58 1 116 1 56 1 55 1
//IdTournes NbColis
13 6
//IdColis IdCommandeInColis NbProducts IdProd1 QtyProd1 IdProd2 QtyProd2 ...
261 52 9 21 1 156 1 177 1 152 1 58 1 93 1 217 1 90 1 98 1
349 74 7 27 1 40 1 412 2 389 1 58 1 5 1 356 1
353 75 8 27 1 40 1 412 2 389 1 58 1 5 1 93 1 51 1
358 76 8 27 1 40 1 412 2 389 1 58 1 5 1 293 1 51 1
21 4 17 206 1 20 1 8 2 364 1 15 1 373 2 488 2 293 1 4 1 396 1 419 1 82 1 229 1 334 2 388 1 50 2 302 1
265 53 9 71 1 72 1 142 1 169 1 69 1 451 1 91 1 99 1 88 1
//IdTournes NbColis
14 6
//IdColis IdCommandeInColis NbProducts IdProd1 QtyProd1 IdProd2 QtyProd2 ...
266 53 8 145 1 83 1 156 1 187 1 69 1 451 1 55 1 97 1
271 54 7 145 1 83 1 156 1 152 1 69 1 101 1 575 1
272 54 9 175 1 232 1 69 1 70 2 157 1 412 1 55 1 97 1 88 1
277 55 6 175 1 232 1 69 1 70 1 157 1 412 2
280 56 11 59 1 72 1 83 1 142 1 69 1 354 1 91 1 99 1 55 1 97 1 88 1
284 57 11 59 1 40 1 83 1 156 1 69 1 192 1 90 1 100 1 55 1 98 1 88 1
//IdTournes NbColis
15 6
//IdColis IdCommandeInColis NbProducts IdProd1 QtyProd1 IdProd2 QtyProd2 ...
364 77 7 69 1 50 1 159 1 230 1 57 1 320 1 297 1
49 9 26 25 1 26 1 116 1 293 1 22 3 158 1 168 1 154 1 130 1 481 1 87 1 408 1 229 2 159 1 50 1 57 1 199 1 276 1 433 3 201 1 56 1 49 1 599 1 302 1 608 3 572 3
191 38 26 389 1 8 1 275 3 93 1 293 1 22 1 158 1 130 1 229 1 562 1 50 1 159 1 54 1 199 2 57 1 428 1 384 1 327 1 441 1 443 1 553 1 227 1 493 1 563 1 278 1 302 1
273 54 26 412 1 389 1 8 1 293 1 22 1 331 1 196 1 249 1 566 1 301 2 50 2 159 1 54 1 199 2 57 1 571 1 341 1 103 1 563 1 56 1 51 1 49 1 117 1 573 1 574 1 287 1
290 58 22 93 2 101 1 293 1 401 1 299 1 81 1 102 1 84 1 74 1 54 1 341 2 431 1 327 2 330 1 611 1 443 1 86 1 51 1 386 1 302 1 98 1 88 2
293 59 20 403 1 472 1 295 1 75 1 417 1 56 2 480 1 485 1 51 1 49 1 281 1 363 1 478 1 302 1 306 1 90 1 100 1 55 1 98 1 88 2
//IdTournes NbColis
16 6
//IdColis IdCommandeInColis NbProducts IdProd1 QtyProd1 IdProd2 QtyProd2 ...
43 8 7 241 1 30 1 167 1 342 2 53 2 8 1 23 1
90 17 17 188 2 167 1 220 1 9 1 93 1 131 1 293 1 33 3 130 1 399 2 339 3 419 1 84 1 256 1 54 1 57 1 50 1
263 52 19 389 1 8 1 492 1 525 1 293 1 33 2 361 1 130 1 419 1 82 1 110 1 50 1 54 1 199 2 57 1 51 1 49 1 302 1 306 1
295 60 20 293 1 85 1 82 1 87 1 94 1 96 1 23 1 54 1 340 1 103 2 606 2 427 1 89 1 56 1 76 1 51 1 620 1 478 1 302 1 306 1
297 61 33 38 1 364 1 114 1 45 1 116 1 93 1 584 1 293 1 33 1 109 1 130 1 580 1 105 1 249 1 440 1 54 1 265 1 315 1 433 1 340 1 107 1 395 1 89 1 56 1 51 1 49 1 117 1 478 1 302 1 306 1 55 1 98 1 88 1
301 62 7 344 1 30 1 167 1 53 2 342 2 321 1 33 1
//IdTournes NbColis
17 6
//IdColis IdCommandeInColis NbProducts IdProd1 QtyProd1 IdProd2 QtyProd2 ...
306 63 13 152 1 53 1 342 1 30 1 167 1 5 1 37 1 202 1 293 1 33 1 255 1 130 1 401 1
366 78 25 451 1 116 1 93 1 293 1 23 1 404 1 449 1 332 1 201 1 417 2 395 1 89 1 56 1 7 1 49 1 305 1 418 1 450 1 302 1 306 1 90 1 100 1 55 1 98 1 88 1
372 81 18 33 2 130 1 383 1 277 1 458 1 388 1 392 1 294 1 51 1 49 1 437 1 452 1 455 1 453 1 302 1 306 1 287 1 88 1
91 17 26 50 1 199 2 265 2 289 1 384 1 348 1 333 3 295 2 201 1 479 1 397 2 407 1 56 1 34 1 51 1 394 1 400 1 418 2 279 1 363 1 398 1 287 1 302 1 306 1 415 1 411 1
313 64 16 159 1 54 1 199 2 215 1 57 1 289 1 348 1 295 2 51 1 35 1 49 1 279 1 283 2 363 1 456 2 302 1
318 65 29 364 1 596 2 373 1 317 1 116 1 180 1 132 1 293 1 106 2 154 1 127 1 487 1 130 1 50 1 159 1 57 1 54 1 199 2 594 1 497 1 403 1 89 1 198 1 590 2 35 1 49 1 287 2 302 1 98 1
//IdTournes NbColis
18 6
//IdColis IdCommandeInColis NbProducts IdProd1 QtyProd1 IdProd2 QtyProd2 ...
54 10 18 53 1 5 1 338 2 158 1 130 1 24 1 388 1 483 1 50 1 199 2 57 1 409 1 315 2 623 1 348 1 410 1 281 1 302 1
59 11 35 342 1 275 1 15 1 190 1 116 1 93 1 614 1 293 1 123 1 24 1 50 1 54 2 199 2 57 1 181 1 332 2 617 1 613 1 619 1 56 1 621 1 590 1 376 1 51 1 52 1 176 1 49 1 336 1 363 1 615 1 616 1 618 2 439 1 287 1 272 1
85 16 14 330 1 332 1 273 1 253 1 267 1 414 2 278 2 36 1 56 2 51 1 49 1 302 1 55 2 88 1
174 35 8 59 1 40 1 27 1 21 1 11 1 209 1 91 1 99 1
179 36 8 59 1 40 1 27 1 21 1 11 1 93 1 90 1 100 1
213 43 6 59 1 40 1 27 1 145 1 140 1 56 1
//IdTournes NbColis
19 6
//IdColis IdCommandeInColis NbProducts IdProd1 QtyProd1 IdProd2 QtyProd2 ...
223 45 7 59 1 27 1 40 1 21 1 13 1 360 1 91 1
240 48 8 59 1 40 1 27 1 21 1 6 1 116 1 90 1 100 1
256 51 7 59 1 27 1 40 1 152 1 28 1 486 1 90 1
270 54 8 59 1 40 1 27 1 142 1 12 1 93 1 91 1 99 1
275 55 8 59 1 71 1 72 1 142 1 28 1 93 1 91 1 99 1
322 66 10 112 1 296 2 36 1 56 1 51 1 49 1 466 1 285 2 303 2 471 1
//IdTournes NbColis
20 6
//IdColis IdCommandeInColis NbProducts IdProd1 QtyProd1 IdProd2 QtyProd2 ...
348 74 9 156 1 175 1 219 1 59 1 157 1 168 1 99 1 55 1 97 1
352 75 7 156 1 175 1 219 1 59 1 157 1 116 1 56 1
357 76 7 177 1 175 1 219 1 59 1 157 1 93 1 56 1
96 18 27 343 1 37 1 93 1 293 1 130 2 301 2 124 1 50 2 54 1 199 2 57 1 340 1 341 1 348 2 319 1 56 1 51 1 49 1 283 3 297 2 287 1 302 2 310 1 335 2 272 1 282 1 285 1
143 28 7 30 2 167 1 53 2 342 2 364 1 37 1 579 1
326 67 34 338 1 37 1 402 1 130 1 211 1 238 1 50 1 54 1 199 2 57 1 502 1 295 1 490 1 493 1 494 1 278 2 56 1 406 1 217 1 51 1 49 1 394 1 405 1 385 1 465 1 302 1 306 1 365 1 303 2 91 1 99 1 55 1 97 1 88 1
//IdTournes NbColis
21 6
//IdColis IdCommandeInColis NbProducts IdProd1 QtyProd1 IdProd2 QtyProd2 ...
182 36 23 157 1 8 1 61 1 321 1 371 1 147 1 93 1 293 1 64 1 50 1 159 1 54 1 199 2 57 1 493 2 414 1 56 1 532 1 51 2 49 1 478 1 302 1 272 1
3 1 8 188 2 167 1 206 3 337 1 5 1 321 1 116 1 56 1
9 2 7 241 1 30 2 167 1 53 2 342 1 5 1 159 1
48 9 8 350 1 29 1 167 1 53 2 342 1 5 1 451 1 598 1
63 12 6 241 1 30 2 167 1 53 3 5 1 50 1
68 13 8 19 1 188 2 167 1 206 3 5 1 164 1 116 1 174 1
//IdTournes NbColis
22 6
//IdColis IdCommandeInColis NbProducts IdProd1 QtyProd1 IdProd2 QtyProd2 ...
84 16 17 5 1 38 1 8 3 164 1 93 1 293 1 154 1 312 4 313 1 243 1 50 2 57 1 54 1 199 2 294 3 316 1 329 1
106 20 15 241 1 167 1 53 1 342 1 5 1 393 1 43 1 213 2 48 1 93 1 293 1 349 1 57 1 50 1 159 1
154 30 12 389 1 5 1 159 1 199 1 57 1 533 1 534 1 288 1 308 1 394 2 303 1 374 1
172 34 19 219 1 68 1 121 2 157 1 5 1 419 1 50 1 159 1 199 1 57 1 315 1 347 1 353 1 475 1 484 2 99 1 55 1 97 1 88 1
201 40 19 5 1 432 1 93 1 293 1 130 1 331 1 50 1 159 1 199 1 57 1 327 2 56 1 49 1 302 1 306 1 90 1 100 1 98 1 88 1
238 47 7 175 1 219 1 121 2 157 1 389 1 5 1 556 1
//IdTournes NbColis
23 6
//IdColis IdCommandeInColis NbProducts IdProd1 QtyProd1 IdProd2 QtyProd2 ...
278 55 27 5 1 364 1 130 1 399 1 94 1 50 1 159 1 54 1 199 1 57 1 433 1 496 1 79 1 89 1 494 1 56 1 174 1 49 1 305 1 568 2 478 1 368 1 302 1 306 1 466 1 570 1 411 1
282 56 8 175 1 232 1 412 2 389 1 157 1 5 1 124 1 477 2
286 57 8 152 1 145 1 157 1 412 2 389 1 5 1 93 1 51 1
292 59 18 387 2 95 1 5 1 432 2 80 1 115 1 93 1 132 1 474 1 293 1 438 1 483 1 160 1 409 1 289 1 392 1 294 1 470 1
294 60 14 6 1 44 1 78 1 95 1 413 2 5 1 364 1 45 1 93 1 91 1 99 1 55 1 97 1 88 1
296 61 10 6 1 44 1 13 1 111 1 95 1 413 2 5 1 279 1 90 1 100 1
//IdTournes NbColis
24 6
//IdColis IdCommandeInColis NbProducts IdProd1 QtyProd1 IdProd2 QtyProd2 ...
328 68 13 6 1 44 1 78 1 95 1 413 2 5 1 116 1 93 1 131 1 293 1 302 1 90 1 100 1
289 58 11 6 1 44 1 78 2 95 1 413 2 77 1 92 1 56 1 90 1 100 1 55 2
291 59 8 21 1 150 1 6 1 44 1 13 2 114 1 437 1 55 1
309 64 8 40 1 27 1 150 1 21 1 6 1 116 1 91 1 99 1
320 66 9 6 1 44 1 13 2 387 3 38 1 302 1 90 1 99 1 55 1
330 69 13 6 1 44 1 13 1 95 1 387 2 8 1 61 1 364 1 90 1 100 1 55 1 98 1 88 1
//IdTournes NbColis
25 6
//IdColis IdCommandeInColis NbProducts IdProd1 QtyProd1 IdProd2 QtyProd2 ...
332 70 9 6 1 44 1 13 1 387 2 95 1 38 1 8 1 321 1 90 1
335 71 7 6 1 44 1 13 2 28 1 387 2 364 1 333 1
338 72 7 125 1 6 1 44 1 13 2 95 2 192 1 55 1
365 78 9 413 2 6 1 44 1 78 1 95 1 8 1 364 1 447 1 130 1
367 79 15 413 2 6 1 44 1 13 1 95 1 8 1 122 1 116 1 93 1 293 1 90 1 100 1 55 1 98 1 88 1
369 80 9 413 2 6 1 44 1 78 1 95 1 8 1 416 1 423 2 426 1
//IdTournes NbColis
26 6
//IdColis IdCommandeInColis NbProducts IdProd1 QtyProd1 IdProd2 QtyProd2 ...
371 81 12 387 2 6 1 44 1 13 2 95 1 93 1 293 1 56 1 90 1 100 1 55 1 98 1
373 82 14 387 2 6 1 44 1 13 1 95 1 8 1 317 1 393 1 462 1 91 1 99 1 55 1 97 1 235 1
375 83 11 413 2 6 1 44 1 78 1 95 1 8 1 442 1 228 1 116 1 91 1 99 1
26 5 6 13 1 44 1 95 2 387 3 38 1 444 1
95 18 9 19 1 188 2 167 1 206 2 337 1 38 1 113 1 116 1 336 1
119 23 22 38 1 364 1 355 1 46 1 93 1 293 1 130 1 370 1 268 2 42 1 47 1 124 3 50 2 54 1 199 2 57 1 498 2 348 3 332 1 204 3 495 1 501 1
//IdTournes NbColis
27 6
//IdColis IdCommandeInColis NbProducts IdProd1 QtyProd1 IdProd2 QtyProd2 ...
206 41 17 389 1 38 1 93 1 293 1 130 2 528 1 50 1 159 1 54 1 199 2 57 1 327 1 523 1 520 1 51 1 49 1 471 1
339 72 12 387 3 118 1 38 1 364 1 15 1 442 1 596 1 595 1 185 2 120 1 91 1 99 1
22 4 20 50 1 57 1 54 1 199 3 191 2 341 1 89 1 414 2 278 2 56 4 7 1 151 1 52 1 49 1 302 1 326 1 287 1 306 1 422 1 466 1
195 39 9 175 1 219 1 223 1 68 2 157 1 419 1 66 1 90 1 100 1
10 2 28 342 1 8 1 113 1 220 1 317 1 93 1 592 1 593 1 293 1 299 1 249 1 322 1 54 2 50 1 179 1 57 1 199 2 340 1 291 1 346 1 330 1 348 1 333 1 56 1 248 1 51 1 55 1 88 1
14 3 7 241 1 19 2 188 2 167 1 53 1 8 1 159 1
//IdTournes NbColis
28 6
//IdColis IdCommandeInColis NbProducts IdProd1 QtyProd1 IdProd2 QtyProd2 ...
28 5 18 206 2 8 1 113 1 577 1 147 1 116 3 293 2 146 2 130 1 339 1 458 1 561 1 50 2 197 1 54 1 57 1 199 1 590 1
34 6 29 53 1 8 1 312 1 383 1 396 1 277 1 82 1 388 1 50 1 159 1 199 2 57 1 276 1 315 2 330 1 348 1 227 1 490 1 509 1 506 1 395 1 151 1 385 1 336 1 510 1 368 1 335 2 365 1 303 1
38 7 7 219 1 30 2 167 1 342 2 53 1 8 1 50 1
73 14 8 345 1 30 1 188 1 167 1 53 2 342 1 8 1 50 1
124 24 7 241 1 30 1 167 1 342 2 53 2 8 1 50 1
133 26 9 19 1 188 2 167 1 206 2 8 1 321 1 596 1 39 1 603 1
//IdTournes NbColis
29 6
//IdColis IdCommandeInColis NbProducts IdProd1 QtyProd1 IdProd2 QtyProd2 ...
162 32 7 344 1 121 2 30 2 167 1 342 1 8 1 50 1
216 43 22 412 1 389 1 8 2 321 1 364 1 93 1 293 1 158 1 130 1 50 1 159 1 199 1 57 1 265 1 330 2 468 1 529 2 51 1 52 1 302 1 304 2 306 1
221 44 29 389 1 8 1 116 1 93 1 293 1 516 1 130 1 50 1 159 1 199 1 215 1 57 1 346 1 362 2 425 1 395 1 347 1 353 1 288 3 513 2 56 1 151 1 51 1 49 1 518 1 439 3 507 1 302 1 470 4
244 48 14 8 1 463 1 130 1 50 1 179 1 159 1 199 1 57 1 89 1 296 1 56 1 426 2 49 1 306 1
249 49 14 8 1 322 1 238 1 73 1 50 1 159 1 197 1 199 2 57 1 384 1 348 2 425 1 198 1 573 1
254 50 25 412 1 8 1 61 1 293 1 158 2 130 1 124 1 50 1 159 1 54 1 199 1 57 1 428 1 341 1 348 2 236 2 319 1 56 1 532 1 143 1 51 1 52 1 302 1 306 1 466 1
//IdTournes NbColis
30 6
//IdColis IdCommandeInColis NbProducts IdProd1 QtyProd1 IdProd2 QtyProd2 ...
268 53 17 389 1 8 1 364 1 190 1 293 1 148 1 50 1 199 2 57 1 184 1 512 1 189 1 569 1 576 1 357 1 466 1 303 1
312 64 11 30 2 167 1 342 2 53 1 8 1 511 1 130 1 457 1 214 1 96 1 50 2
317 65 7 344 1 121 2 30 1 167 1 342 2 8 1 50 1
325 67 7 219 1 121 1 30 2 342 2 167 1 8 1 159 1
359 76 18 8 1 321 1 212 1 339 1 214 1 50 1 159 1 57 1 54 1 199 1 276 1 290 1 404 1 417 1 414 1 260 1 302 1 306 1
307 63 21 96 1 408 1 476 1 238 1 334 1 388 2 199 2 57 1 257 1 50 1 159 1 409 1 333 2 104 1 51 1 205 1 302 1 304 1 306 1 272 1 471 1
//IdTournes NbColis
31 6
//IdColis IdCommandeInColis NbProducts IdProd1 QtyProd1 IdProd2 QtyProd2 ...
248 49 7 175 1 232 1 70 1 68 1 157 1 412 1 389 1
267 53 5 175 1 232 1 70 2 157 1 412 2
281 56 7 169 1 152 1 145 1 156 1 70 1 334 1 407 1
285 57 6 175 1 232 1 142 1 169 1 70 1 192 1
15 3 24 53 1 432 1 364 1 213 1 489 1 9 1 246 1 132 1 203 1 492 1 488 1 168 1 212 1 487 1 419 1 193 1 194 1 214 1 268 3 195 1 50 2 57 1 199 2 88 1
88 17 7 241 1 345 1 350 1 163 1 31 1 9 1 100 1
//IdTournes NbColis
32 6
//IdColis IdCommandeInColis NbProducts IdProd1 QtyProd1 IdProd2 QtyProd2 ...
89 17 9 150 1 125 1 14 1 19 2 206 2 9 1 90 1 55 1 88 1
134 26 26 9 1 116 3 93 2 293 1 597 3 600 1 182 1 199 2 50 1 250 1 251 2 54 1 57 1 496 1 497 1 606 1 200 1 56 1 51 1 49 1 283 3 297 1 287 1 302 2 306 1 466 4
4 1 26 442 1 134 1 101 1 293 1 10 1 130 1 331 1 339 1 349 2 18 1 193 1 221 1 195 1 334 1 50 2 57 1 54 1 199 2 315 1 340 2 289 1 318 2 311 1 493 1 267 3 288 3
146 29 8 27 1 40 1 21 1 155 1 14 1 93 1 56 1 55 1
160 32 11 27 1 40 1 21 1 150 1 65 1 81 1 90 1 100 1 55 1 98 1 88 1
196 39 26 412 2 389 1 81 1 521 1 221 1 524 1 421 1 124 2 50 1 159 1 199 2 57 1 409 1 496 1 497 1 431 1 348 1 443 1 295 2 67 2 397 1 283 1 484 2 465 1 55 1 98 1
//IdTournes NbColis
33 6
//IdColis IdCommandeInColis NbProducts IdProd1 QtyProd1 IdProd2 QtyProd2 ...
299 62 11 27 1 40 1 21 1 150 1 14 1 192 1 91 1 99 1 55 1 97 1 88 1
304 63 11 27 1 40 1 21 1 210 1 14 1 416 1 99 1 90 1 55 1 98 1 88 1
315 65 9 27 1 40 1 21 1 150 1 14 1 577 1 100 1 90 1 88 1
323 67 7 27 1 40 1 21 1 150 1 14 1 101 1 397 1
343 73 7 27 1 40 1 21 1 150 1 14 1 93 1 513 1
99 19 8 155 1 210 1 350 1 344 1 44 1 93 1 90 1 100 1
//IdTournes NbColis
34 6
//IdColis IdCommandeInColis NbProducts IdProd1 QtyProd1 IdProd2 QtyProd2 ...
141 28 9 155 1 210 1 344 1 350 1 44 1 116 1 55 1 98 1 88 1
242 48 7 175 1 219 1 44 1 413 2 95 1 517 1 302 1
310 64 9 155 1 152 1 210 1 344 1 44 1 293 1 55 1 97 1 88 1
333 70 29 595 1 354 1 328 1 48 1 80 1 116 2 93 2 132 1 293 1 130 1 331 1 589 1 54 1 289 1 294 1 341 1 316 4 348 1 119 1 89 1 414 2 542 1 278 2 407 1 56 1 51 1 52 2 49 1 117 3
138 27 17 167 1 206 2 337 1 61 1 596 1 84 1 73 1 50 1 57 1 199 1 60 1 347 1 414 1 266 1 302 1 55 1 98 1
276 55 9 145 1 83 1 169 1 156 1 65 1 293 1 55 1 97 1 88 1
//IdTournes NbColis
35 6
//IdColis IdCommandeInColis NbProducts IdProd1 QtyProd1 IdProd2 QtyProd2 ...
94 18 7 165 1 241 1 345 1 350 1 19 1 39 1 271 1
109 21 11 345 1 350 1 210 1 241 1 14 1 45 1 91 1 99 1 55 1 97 1 88 1
110 21 7 19 2 188 2 167 1 412 1 206 2 45 1 131 1
362 77 8 156 1 224 1 175 1 71 1 225 1 228 1 55 1 97 1
25 5 8 165 1 241 1 345 1 350 1 13 1 116 1 100 1 55 2
100 19 8 241 1 13 2 95 1 387 2 14 1 314 1 55 1 98 1
//IdTournes NbColis
36 6
//IdColis IdCommandeInColis NbProducts IdProd1 QtyProd1 IdProd2 QtyProd2 ...
142 28 6 241 1 13 2 387 2 95 1 14 1 227 1
224 45 9 155 1 152 1 177 1 219 1 13 1 93 1 99 1 55 1 97 1
241 48 9 156 1 177 1 152 1 344 1 13 1 293 1 55 1 98 1 88 1
311 64 7 219 1 13 1 387 2 95 1 14 1 121 1 109 1
8 2 8 155 1 210 1 345 1 350 1 14 1 116 1 170 1 98 1
13 3 9 165 1 210 1 345 1 350 1 14 1 208 1 100 1 55 1 98 1
//IdTournes NbColis
37 6
//IdColis IdCommandeInColis NbProducts IdProd1 QtyProd1 IdProd2 QtyProd2 ...
27 5 6 14 1 19 3 188 2 167 1 206 1 364 1
37 7 9 155 1 210 1 344 1 350 1 14 1 93 1 51 1 55 1 97 1
62 12 7 155 1 210 1 344 1 350 1 14 1 116 1 494 1
157 31 7 21 1 344 1 155 1 177 1 14 1 161 1 465 1
161 32 6 152 1 155 1 210 1 219 1 14 1 62 1
171 34 7 152 1 21 1 344 1 177 1 14 1 481 1 395 1
//IdTournes NbColis
38 6
//IdColis IdCommandeInColis NbProducts IdProd1 QtyProd1 IdProd2 QtyProd2 ...
185 37 9 155 1 152 1 344 1 210 1 14 1 116 1 51 1 90 1 55 1
149 29 18 61 1 307 2 211 2 421 1 50 1 159 1 54 1 57 1 199 2 384 1 425 1 51 1 49 1 302 2 306 1 100 1 98 1 88 1
211 42 17 389 1 61 1 402 4 561 1 483 1 50 1 159 1 199 2 57 1 294 3 558 1 295 1 560 1 319 1 485 1 437 1 453 3
321 66 22 95 2 108 1 113 1 364 1 48 1 115 1 116 1 93 1 134 1 293 1 130 1 349 1 110 1 87 1 229 1 54 1 291 1 316 2 89 1 564 1 97 1 88 1
53 10 7 350 1 29 1 19 1 188 2 167 1 53 1 116 1
363 77 7 72 1 145 1 29 1 412 2 445 1 93 1 399 1
//IdTournes NbColis
39 6
//IdColis IdCommandeInColis NbProducts IdProd1 QtyProd1 IdProd2 QtyProd2 ...
144 28 22 46 1 93 1 293 1 130 1 229 1 141 1 50 1 159 1 57 1 199 2 289 1 135 1 89 1 56 1 151 1 260 2 51 1 279 1 363 1 302 1 306 1 374 1
376 83 14 228 1 46 1 93 1 293 1 379 1 54 1 56 1 51 1 452 1 465 2 306 1 55 1 97 1 88 1
340 72 27 149 1 116 1 93 1 132 3 202 1 134 1 203 1 592 2 293 1 85 1 535 1 130 1 307 2 312 1 381 1 194 1 196 1 600 2 334 1 47 1 197 1 54 2 340 1 265 3 55 1 97 1 88 2
227 45 29 432 1 609 1 364 1 240 1 293 1 516 2 85 2 130 1 430 1 196 1 334 1 141 1 160 1 50 2 159 1 54 1 215 1 57 1 199 2 276 1 89 1 56 1 51 1 610 1 117 1 336 1 283 1 607 1 302 1
74 14 28 373 2 622 1 41 1 116 1 93 1 258 1 293 1 612 1 18 1 214 1 476 1 159 1 199 2 54 3 57 1 534 1 433 2 340 2 624 1 496 1 497 1 606 1 259 1 501 1 56 1 51 1 49 1 336 1
152 30 7 145 1 83 1 156 1 177 1 68 1 535 1 144 1
//IdTournes NbColis
40 6
//IdColis IdCommandeInColis NbProducts IdProd1 QtyProd1 IdProd2 QtyProd2 ...
167 33 9 175 1 219 1 68 2 121 2 157 1 91 1 99 1 97 1 88 1
186 37 22 219 1 68 1 121 1 167 1 402 1 93 1 293 1 379 1 166 1 514 1 334 1 50 1 159 1 54 1 199 1 57 1 512 1 495 1 49 1 100 1 98 1 88 1
190 38 10 175 1 219 1 68 2 157 1 412 2 91 1 99 1 55 1 97 1 88 1
199 40 7 21 1 156 1 177 1 152 1 68 1 246 1 407 1
205 41 8 175 1 219 1 68 2 121 2 157 1 91 1 527 1 235 1
210 42 6 175 1 219 1 68 2 157 1 412 2 88 1
//IdTournes NbColis
41 6
//IdColis IdCommandeInColis NbProducts IdProd1 QtyProd1 IdProd2 QtyProd2 ...
220 44 5 175 1 219 1 68 2 121 2 157 1
231 46 6 175 1 219 1 68 2 157 1 389 1 412 1
237 47 7 145 1 21 1 156 1 177 1 68 1 239 1 394 1
253 50 8 175 1 219 1 68 2 157 1 389 1 412 1 55 1 97 1
258 51 8 175 1 219 1 68 1 121 2 157 1 389 1 98 1 88 1
262 52 7 175 1 219 1 68 2 121 2 157 1 100 1 88 1
//IdTournes NbColis
42 6
//IdColis IdCommandeInColis NbProducts IdProd1 QtyProd1 IdProd2 QtyProd2 ...
316 65 8 152 1 155 1 210 1 219 1 68 1 93 1 56 1 55 1
347 74 9 142 1 152 1 145 1 83 1 68 1 41 1 237 1 91 1 235 1
351 75 11 142 1 152 1 145 1 83 1 68 1 424 1 91 1 99 1 55 1 97 1 88 1
356 76 11 156 1 152 1 145 1 83 1 68 1 192 1 90 1 100 1 55 1 98 1 88 1
287 57 20 321 2 293 1 130 1 334 2 50 1 179 1 159 1 57 1 199 1 409 1 327 1 459 1 397 1 56 1 49 1 302 1 306 1 287 1 282 1 309 1
361 77 9 142 1 169 1 172 1 173 1 171 1 185 1 91 1 99 1 88 1
//IdTournes NbColis
43 6
//IdColis IdCommandeInColis NbProducts IdProd1 QtyProd1 IdProd2 QtyProd2 ...
368 79 15 130 1 461 1 54 1 464 1 294 1 348 1 459 1 420 3 56 1 51 1 302 1 469 4 374 1 411 3 466 3
101 19 7 53 2 30 2 167 1 342 2 275 2 62 1 347 1
102 19 34 62 1 293 1 307 1 349 3 166 1 226 1 84 1 195 1 54 1 50 2 159 1 57 1 199 2 274 1 320 1 324 1 352 1 591 2 286 1 353 2 89 1 414 1 296 3 56 1 473 1 52 1 49 1 325 1 269 1 305 1 297 3 287 2 302 1 88 1
177 35 28 157 1 364 1 116 1 93 1 293 1 212 1 531 1 130 1 18 1 211 1 249 1 159 1 54 1 199 2 57 1 433 1 537 1 540 1 294 1 348 1 56 2 51 1 49 1 455 1 306 1 55 1 97 1 88 1
200 40 8 175 1 219 1 121 2 157 1 389 1 153 1 407 1 55 1
324 67 7 155 1 152 1 344 1 210 1 121 1 293 1 410 1
//IdTournes NbColis
44 6
//IdColis IdCommandeInColis NbProducts IdProd1 QtyProd1 IdProd2 QtyProd2 ...
344 73 8 155 1 152 1 344 1 210 1 121 1 293 1 56 1 55 1
345 73 22 219 1 121 1 30 1 167 1 342 1 255 1 463 1 130 1 50 1 159 1 54 1 199 1 57 1 501 1 51 1 52 1 49 1 302 1 91 1 99 1 97 1 88 1
57 11 7 155 1 210 1 241 1 350 1 30 1 149 1 439 1
370 80 28 149 1 390 1 93 1 460 1 293 1 463 2 333 1 427 1 56 1 426 1 308 1 406 1 376 1 51 1 52 1 49 1 302 1 306 1 467 2 357 2 469 1 470 3 471 1 90 1 100 1 55 1 98 1 88 1
336 71 23 95 1 364 1 261 1 577 1 122 1 582 1 586 1 93 1 134 1 293 1 585 1 126 1 96 1 268 3 124 4 54 1 265 1 537 1 392 1 135 1 372 1 583 1 56 1
147 29 8 210 1 219 1 344 1 150 1 167 1 293 1 308 1 90 1
//IdTournes NbColis
45 6
//IdColis IdCommandeInColis NbProducts IdProd1 QtyProd1 IdProd2 QtyProd2 ...
305 63 7 219 1 344 1 150 1 155 1 53 1 93 1 56 1
32 6 8 155 1 344 1 350 1 210 1 30 1 354 1 55 1 97 1
42 8 6 155 1 210 1 344 1 350 1 30 1 567 1
47 9 8 155 1 210 1 241 1 344 1 30 1 114 1 55 1 98 1
77 15 11 155 1 21 1 210 1 219 1 30 1 263 1 90 1 100 1 55 1 98 1 88 2
105 20 6 155 1 210 1 344 1 350 1 30 1 207 1
//IdTournes NbColis
46 6
//IdColis IdCommandeInColis NbProducts IdProd1 QtyProd1 IdProd2 QtyProd2 ...
113 22 10 155 1 210 1 350 1 219 1 30 1 50 1 51 1 99 1 55 1 97 1
123 24 9 155 1 210 1 344 1 350 1 30 1 93 1 51 1 91 1 97 1
127 25 8 155 1 210 1 344 1 350 1 30 1 93 1 56 1 55 1
300 62 6 155 1 152 1 210 1 219 1 30 1 207 1
64 12 25 342 2 220 1 258 1 293 1 370 1 580 1 216 1 238 1 301 1 334 1 388 1 50 1 54 1 57 1 199 2 289 1 294 1 267 4 494 1 56 1 376 1 49 1 491 1 279 1 363 1
111 21 12 101 1 229 1 50 1 179 1 159 1 199 2 57 1 316 2 236 1 186 1 493 1 363 1
//IdTournes NbColis
47 6
//IdColis IdCommandeInColis NbProducts IdProd1 QtyProd1 IdProd2 QtyProd2 ...
2 1 9 165 1 241 1 350 1 345 1 19 1 261 1 90 1 100 1 88 1
19 4 6 165 1 345 1 350 1 241 1 19 1 424 1
52 10 6 165 1 210 1 241 1 345 1 19 1 147 1
58 11 8 344 1 178 1 30 1 167 1 53 2 342 1 180 1 272 1
67 13 6 165 1 345 1 350 1 241 1 19 1 416 1
72 14 6 165 1 210 1 241 1 350 1 30 1 567 1
//IdTournes NbColis
48 6
//IdColis IdCommandeInColis NbProducts IdProd1 QtyProd1 IdProd2 QtyProd2 ...
82 16 9 165 1 345 1 350 1 241 1 19 1 218 1 90 1 100 1 88 1
117 23 6 165 1 241 1 345 1 350 1 19 1 500 1
132 26 6 165 1 241 1 345 1 350 1 19 1 247 1
137 27 7 165 1 241 1 345 1 350 1 188 1 339 1 395 1
329 68 16 123 1 127 1 130 1 339 1 128 1 136 1 135 1 428 1 103 1 56 1 51 1 49 1 306 1 55 1 98 1 88 1
44 8 30 364 1 116 1 93 1 131 1 293 1 82 1 196 1 50 1 159 1 54 1 199 2 57 1 537 1 289 1 403 1 137 1 89 1 56 1 198 1 565 1 51 1 49 1 336 1 279 1 283 1 363 1 302 1 478 2 466 1 572 1
//IdTournes NbColis
49 6
//IdColis IdCommandeInColis NbProducts IdProd1 QtyProd1 IdProd2 QtyProd2 ...
79 15 24 342 1 338 2 220 1 116 1 93 1 101 1 293 1 154 1 130 1 277 1 82 1 211 1 159 1 50 2 57 1 199 2 276 1 265 1 290 1 327 1 348 2 295 2 296 1 56 1
128 25 9 241 1 30 1 167 1 342 2 53 2 293 1 130 1 50 1 477 1
20 4 7 19 1 188 3 167 1 337 1 206 2 116 1 93 1
83 16 7 19 1 188 2 167 1 206 3 337 1 578 1 116 1
118 23 6 19 1 188 2 167 1 206 3 337 1 113 1
283 56 6 373 1 124 1 50 1 159 1 199 1 57 1
//IdTournes NbColis
50 6
//IdColis IdCommandeInColis NbProducts IdProd1 QtyProd1 IdProd2 QtyProd2 ...
232 46 21 412 1 321 1 364 1 436 1 355 1 373 1 317 1 371 1 393 1 545 1 550 1 551 1 554 2 360 1 375 1 382 1 116 1 180 1 358 1 293 1 217 1
114 22 9 344 1 167 1 53 2 342 1 159 1 199 1 57 1 386 1 302 1
16 3 20 433 1 341 1 496 1 497 1 348 2 454 1 490 1 267 3 296 3 233 1 252 1 308 1 485 1 52 1 242 1 336 1 305 1 439 1 302 1 374 1
80 15 9 174 1 49 1 284 1 323 1 298 1 297 1 287 1 292 1 302 1
39 7 22 53 1 293 1 130 1 528 1 238 1 301 1 243 1 54 1 199 2 57 1 433 1 340 1 346 1 49 1 538 1 539 1 302 1 306 1 543 1 541 1 282 1 88 1
341 72 22 320 1 191 1 392 1 497 1 330 3 348 1 332 1 295 2 201 1 523 1 56 1 198 1 51 1 52 1 49 2 504 1 574 1 302 1 543 1 466 1 272 1 303 1
//IdTournes NbColis
51 6
//IdColis IdCommandeInColis NbProducts IdProd1 QtyProd1 IdProd2 QtyProd2 ...
234 46 25 555 1 429 1 289 2 294 1 372 1 318 1 135 2 431 1 327 1 362 1 391 1 435 1 353 1 288 1 56 1 532 1 233 1 51 1 49 1 279 1 363 1 302 1 306 1 303 1 374 1
5 1 18 288 1 266 2 260 1 308 1 51 1 49 2 264 1 336 1 279 1 281 1 465 1 300 1 272 2 285 4 303 1 55 1 98 1 88 1
11 2 4 49 1 270 1 302 1 306 1
107 20 14 54 1 199 1 135 1 290 1 348 1 513 2 56 1 485 1 51 1 52 1 49 1 446 2 287 3 306 1
120 23 17 410 1 262 1 56 3 51 1 52 3 205 1 49 1 491 1 455 2 336 1 505 1 281 1 453 1 456 1 287 1 302 2 306 1
125 24 14 93 2 293 1 130 1 379 1 214 1 301 1 159 1 57 1 54 1 199 2 49 1 504 1 99 1 88 1
//IdTournes NbColis
52 6
//IdColis IdCommandeInColis NbProducts IdProd1 QtyProd1 IdProd2 QtyProd2 ...
129 25 16 159 1 215 1 57 1 199 2 499 2 103 1 348 1 403 1 295 2 308 1 51 1 49 1 503 1 305 2 365 1 98 1
192 38 8 56 1 308 1 51 1 49 1 549 1 552 1 386 1 306 1
302 62 28 321 3 382 1 93 2 293 1 312 1 378 1 379 1 221 1 238 1 388 1 50 1 159 1 199 2 251 1 54 1 57 1 380 1 384 1 316 2 348 1 295 1 56 1 198 1 51 1 52 1 49 1 386 1 394 2
331 69 22 390 1 116 1 93 1 293 1 130 1 312 1 54 1 289 1 392 1 133 1 137 1 138 1 89 1 56 1 139 1 51 1 49 1 279 1 363 1 287 2 302 1 306 1
337 71 24 496 1 497 1 333 1 129 1 501 1 513 1 86 1 51 1 49 1 581 1 284 1 478 2 587 2 287 1 366 1 368 1 302 1 306 1 466 1 90 1 100 1 55 1 98 1 88 1
354 75 15 373 2 293 1 130 1 234 1 50 1 159 1 57 1 199 1 428 1 454 1 448 1 49 1 205 1 456 2 302 1
//IdTournes NbColis
53 6
//IdColis IdCommandeInColis NbProducts IdProd1 QtyProd1 IdProd2 QtyProd2 ...
374 82 14 360 2 116 1 93 1 293 1 179 1 54 1 348 2 468 1 56 1 51 1 49 1 305 1 302 1 306 1
65 12 8 302 2 306 1 282 1 309 1 100 1 55 1 98 1 88 1
197 39 1 88 1
334 70 11 588 1 279 2 363 1 287 1 302 1 306 1 466 1 100 1 55 1 98 1 88 1
233 46 28 556 1 361 1 557 1 130 1 356 1 370 1 312 1 381 1 379 1 430 1 383 1 434 1 349 2 419 1 322 1 440 2 476 1 547 1 301 1 334 1 50 2 159 1 54 1 199 2 57 1 276 1 340 1 320 1
239 47 8 442 1 402 1 50 1 159 1 199 1 57 1 315 3 407 1
//IdTournes NbColis
54 6
//IdColis IdCommandeInColis NbProducts IdProd1 QtyProd1 IdProd2 QtyProd2 ...
259 51 6 50 1 159 1 199 1 57 1 340 1 264 1
350 74 7 457 1 238 1 50 1 159 1 199 1 57 1 103 1
60 11 4 302 1 309 1 55 1 97 1
303 62 12 394 1 325 1 377 1 359 1 369 1 510 1 357 1 366 2 368 1 302 1 507 1 478 1
103 19 5 304 1 306 1 326 1 309 1 466 1
319 65 1 466 1
//IdTournes NbColis
55 3
//IdColis IdCommandeInColis NbProducts IdProd1 QtyProd1 IdProd2 QtyProd2 ...
75 14 4 292 1 302 2 306 1 482 1
173 34 1 482 2
187 37 2 302 1 519 1
