//NbTournees
26
//IdTournes NbColis
1 6
//IdColis IdCommandeInColis NbProducts IdProd1 QtyProd1 IdProd2 QtyProd2 ...
2 1 34 795 1 798 1 773 1 111 2 116 1 256 1 272 2 402 1 472 1 34 1 589 1 217 1 72 2 451 1 488 3 638 1 709 2 265 1 290 3 318 1 326 1 362 1 462 1 555 1 531 2 559 1 686 1 648 1 19 1 689 1 76 1 1 1 342 2 11 1
8 2 29 85 1 223 1 177 1 242 1 7 1 26 2 57 1 228 1 122 3 417 1 617 1 384 1 239 1 246 1 627 1 256 2 248 1 517 3 472 1 564 2 272 1 2 1 15 1 380 2 523 2 259 1 487 1 93 1 502 1
13 3 30 16 2 39 1 283 1 50 1 576 1 253 1 98 1 38 1 79 1 107 1 33 1 55 1 67 1 99 1 126 1 617 1 384 1 3 2 95 1 111 1 116 1 255 1 517 1 564 1 109 1 120 1 790 1 451 2 112 1 657 1
18 4 27 73 1 183 1 179 2 231 2 240 2 241 2 617 1 40 1 246 1 816 1 239 1 3 1 95 1 111 3 116 1 783 1 688 1 255 1 564 3 333 1 517 1 402 2 472 2 806 1 209 1 260 1 78 1
26 5 39 34 1 78 2 120 1 4 1 326 1 555 1 219 2 801 1 19 1 96 2 751 1 304 1 11 1 200 1 115 1 5 3 12 1 13 2 24 1 46 1 54 1 65 1 89 1 117 3 119 1 492 1 664 1 234 1 428 1 20 1 58 1 163 1 464 1 63 2 546 1 274 1 293 2 296 4 312 5
3 1 42 342 1 712 1 586 2 381 1 257 1 734 1 304 1 311 1 371 1 469 2 646 2 11 1 599 2 529 1 6 2 12 2 24 1 46 1 52 1 59 1 64 1 94 2 492 1 165 1 204 1 117 3 178 2 234 1 774 1 664 3 428 2 20 1 550 2 464 1 103 1 787 1 237 1 766 1 63 2 385 1 441 1 554 1
//IdTournes NbColis
2 6
//IdColis IdCommandeInColis NbProducts IdProd1 QtyProd1 IdProd2 QtyProd2 ...
9 2 38 219 1 462 1 555 2 557 1 265 1 266 2 365 1 60 2 101 1 76 1 342 3 586 1 381 3 257 4 368 1 371 1 469 4 584 1 628 1 304 2 115 1 5 3 12 1 13 1 22 1 42 2 44 1 46 1 48 1 52 1 54 1 64 1 65 1 89 1 160 1 119 1 230 1 292 1
14 3 45 349 1 557 1 531 1 648 1 285 1 329 1 70 1 601 1 381 2 257 1 449 1 268 1 328 3 11 2 23 1 36 1 115 1 5 2 24 2 25 1 42 2 46 1 64 2 492 1 664 2 233 2 181 1 428 1 510 1 58 1 82 1 125 1 464 1 660 1 237 1 347 1 416 1 379 1 432 1 622 2 724 1 274 1 293 1 312 3 292 1
20 4 39 646 1 23 1 115 2 803 1 5 3 13 1 59 1 62 1 65 1 88 1 89 2 94 1 664 2 119 1 774 1 181 2 233 1 428 5 510 1 10 1 14 3 550 2 679 1 82 1 103 2 163 1 170 2 125 1 232 1 237 1 766 1 63 2 294 1 199 1 293 2 322 4 360 1 323 2 416 1
31 6 42 380 2 636 1 364 2 488 2 709 1 259 1 390 1 318 1 349 1 373 1 511 1 763 1 797 1 344 2 471 1 250 1 391 1 268 2 368 1 371 1 469 1 11 2 36 1 5 2 12 1 46 1 64 2 88 1 100 1 110 1 119 1 233 1 753 1 664 3 103 1 114 1 170 1 766 2 81 2 385 1 296 1 292 1
35 7 42 17 1 111 1 174 1 333 1 517 1 472 2 636 1 78 1 120 1 451 1 523 1 488 1 767 1 698 1 487 1 93 1 326 1 329 2 362 1 462 1 555 1 648 1 658 1 76 2 471 2 751 1 249 2 251 1 258 2 386 1 371 1 469 1 182 1 5 1 42 2 44 1 62 1 100 1 119 1 181 1 233 1 337 1
40 8 49 248 1 564 1 472 2 333 1 34 1 806 1 636 1 145 1 72 1 120 1 488 1 93 1 555 1 557 1 708 1 219 1 318 1 362 1 142 1 342 1 381 1 257 1 371 1 646 1 5 1 133 1 158 1 165 1 117 1 119 1 178 1 792 1 208 1 510 1 14 1 58 1 550 1 679 1 172 1 416 1 422 1 465 1 669 1 528 2 432 1 503 2 563 1 622 2 470 1
//IdTournes NbColis
3 6
//IdColis IdCommandeInColis NbProducts IdProd1 QtyProd1 IdProd2 QtyProd2 ...
44 9 47 151 1 93 1 265 2 365 1 462 1 557 1 130 1 142 1 155 1 342 1 812 1 700 1 381 1 368 1 804 1 11 1 803 1 5 1 6 1 24 2 44 1 62 1 160 1 117 1 119 1 176 1 753 1 774 1 713 1 150 1 14 1 58 1 294 2 143 1 274 1 293 1 296 4 322 2 346 1 350 3 465 1 426 2 528 1 811 2 379 1 533 1 432 1
48 10 44 488 1 638 1 259 1 266 1 285 2 290 2 329 3 373 1 555 1 531 1 559 1 686 1 655 1 708 1 96 1 169 1 344 1 257 1 268 1 368 1 466 1 23 1 159 2 529 1 5 2 129 1 42 2 44 1 141 1 64 1 119 1 176 1 178 1 181 1 233 3 765 1 208 1 510 2 10 1 14 1 163 1 170 1 125 1 813 1
53 11 39 472 2 661 1 662 1 272 2 209 1 380 2 72 1 78 1 120 1 758 1 451 1 488 1 698 1 389 1 290 1 329 1 462 2 555 1 695 1 219 1 266 2 763 1 149 1 96 1 101 1 518 2 586 1 381 1 251 1 258 1 162 1 371 2 646 2 685 1 36 1 5 3 6 1 24 1 270 1
60 12 36 111 1 256 1 272 1 273 1 402 1 662 1 380 1 523 2 638 1 709 1 151 1 93 2 266 3 318 1 329 1 373 1 462 2 648 1 655 1 705 1 807 1 531 2 518 1 381 1 734 1 386 1 558 1 304 1 371 4 685 1 469 3 720 1 5 3 13 1 46 1 141 1
67 13 41 249 3 251 1 258 1 304 1 307 1 371 1 466 1 597 1 11 1 159 1 115 1 5 2 12 1 25 1 42 1 141 1 178 2 233 3 752 1 799 1 510 2 14 1 58 1 103 1 163 2 274 2 293 1 312 5 322 1 323 1 360 1 346 2 347 1 552 1 416 4 422 1 528 3 725 1 556 1 711 1 503 1
72 14 38 255 1 256 1 248 2 264 1 272 1 402 2 564 2 661 1 662 1 209 1 78 1 120 2 758 1 451 1 657 1 259 1 51 1 366 1 462 3 555 1 559 1 60 1 344 1 471 1 258 1 304 1 646 1 466 1 159 1 115 1 5 3 12 1 24 2 44 1 48 2 62 1 89 1 8 1
//IdTournes NbColis
4 6
//IdColis IdCommandeInColis NbProducts IdProd1 QtyProd1 IdProd2 QtyProd2 ...
79 15 36 116 1 248 1 472 2 564 1 109 1 209 1 78 1 758 1 523 1 488 4 767 1 698 1 659 1 266 3 318 1 349 1 373 2 695 1 705 1 511 1 658 2 142 1 149 1 344 1 785 1 762 1 328 2 368 1 685 1 505 1 162 2 11 2 200 1 115 1 5 2 12 1
85 16 40 695 1 648 2 763 2 797 1 471 2 586 1 258 2 558 1 371 3 466 1 469 1 685 1 584 1 628 1 200 1 5 3 6 1 25 2 133 1 44 2 59 1 62 1 64 1 65 1 119 1 176 1 492 1 664 2 110 1 204 2 230 2 233 1 752 1 181 2 510 1 14 1 58 1 103 2 550 2 575 1
92 17 41 258 1 324 1 368 1 371 1 466 1 646 1 11 1 115 1 5 3 6 1 12 1 22 1 24 1 133 1 42 1 59 1 100 2 492 3 119 1 233 3 774 1 181 2 775 1 752 1 765 1 510 1 10 1 14 2 82 1 103 2 163 1 232 1 125 4 660 2 199 1 281 1 293 1 296 2 312 1 322 2 346 3
97 18 46 365 1 60 1 518 2 381 3 251 1 257 2 646 1 371 1 469 1 328 1 11 2 5 2 6 1 46 1 88 1 94 1 160 1 178 1 207 1 208 1 181 1 649 1 664 1 205 1 63 1 81 1 172 1 622 1 346 1 416 1 465 1 669 1 426 2 528 3 503 1 274 1 281 1 296 2 312 1 322 1 350 1 411 1 9 1 53 1 69 1 777 1
102 19 39 248 2 264 1 564 1 662 1 15 1 259 2 290 1 686 1 658 1 60 1 344 1 700 1 249 2 258 2 268 1 304 1 646 1 371 1 469 2 11 1 5 2 12 1 25 1 42 2 54 1 65 1 204 1 119 1 181 1 233 2 752 1 510 3 10 1 14 2 63 1 274 1 296 2 312 4 322 1
107 20 41 285 1 326 1 462 1 555 1 557 2 531 3 686 2 648 1 60 1 149 1 101 1 342 2 162 1 368 1 371 2 466 1 36 1 5 1 12 2 42 2 110 1 204 1 117 2 227 1 119 1 234 1 750 1 428 1 205 1 237 1 766 1 81 1 281 1 293 2 312 1 322 2 327 2 335 1 346 3 347 1 350 2
//IdTournes NbColis
5 6
//IdColis IdCommandeInColis NbProducts IdProd1 QtyProd1 IdProd2 QtyProd2 ...
111 21 46 462 2 557 1 648 1 19 1 689 1 344 1 342 2 586 1 700 1 381 1 304 1 311 1 371 1 646 1 628 1 159 1 115 1 5 1 6 1 12 1 24 1 25 2 42 1 64 1 117 1 119 1 181 1 428 1 510 1 103 1 237 1 63 2 199 1 385 3 293 1 296 1 322 4 327 2 350 1 379 1 422 2 465 1 528 2 684 1 563 1 607 1
115 22 36 333 1 589 2 638 1 523 1 657 3 487 1 648 2 655 1 658 1 555 4 531 2 290 1 349 1 214 1 149 1 471 1 342 1 381 3 257 1 558 1 391 1 646 1 368 2 371 1 200 1 5 2 13 1 117 3 234 1 181 1 664 1 492 1 792 1 428 3 660 1 502 1
125 24 38 564 1 260 1 120 1 364 1 451 2 523 2 488 2 709 2 259 1 266 1 318 2 329 2 349 1 557 2 695 1 648 1 658 1 511 1 214 1 60 1 149 1 518 2 250 1 257 1 311 1 328 2 449 1 371 1 23 1 599 1 5 2 6 1 42 1 160 1 753 1 510 3 575 1 10 1
129 25 43 74 1 171 1 741 1 226 1 264 2 333 1 266 3 290 1 142 1 101 1 381 1 257 3 268 1 398 1 328 3 646 1 5 1 24 1 46 1 141 1 750 1 428 1 58 1 232 1 125 1 296 1 322 2 335 1 346 1 422 2 426 1 432 1 434 2 358 1 427 1 431 3 435 2 321 1 374 1 645 1 625 1 542 1 316 1
131 26 41 197 1 29 1 18 1 97 1 206 1 21 1 171 1 458 1 67 1 179 1 231 1 240 1 241 1 183 1 384 1 17 1 239 1 272 1 564 1 78 1 488 1 259 1 487 1 494 1 658 1 471 1 381 1 251 1 257 1 469 1 646 1 11 1 492 1 5 1 65 1 158 1 117 1 119 1 178 1 234 1 752 1
137 28 57 60 1 142 1 700 1 381 1 268 1 368 1 466 1 505 1 685 1 646 2 23 1 664 1 5 1 13 1 22 1 24 1 204 1 750 1 752 1 774 1 679 1 10 2 170 1 756 1 776 1 293 1 296 2 322 2 346 1 350 1 460 1 465 2 434 1 503 1 622 1 640 1 707 1 69 1 238 1 353 1 543 1 702 2 663 2 474 1 321 1 478 1 625 2 448 1 354 1 667 1 740 1 278 1 306 1 500 1 537 1 376 1 271 1
//IdTournes NbColis
6 6
//IdColis IdCommandeInColis NbProducts IdProd1 QtyProd1 IdProd2 QtyProd2 ...
140 29 50 471 1 601 1 586 1 381 2 687 1 760 1 371 2 469 1 584 1 646 1 628 1 492 1 5 1 6 1 133 1 54 1 88 1 110 1 233 1 234 1 208 1 181 1 510 1 756 1 660 1 81 1 191 1 172 1 293 1 296 4 350 1 379 2 465 1 669 1 556 1 426 1 503 2 728 1 607 1 633 1 726 1 534 1 640 2 131 1 235 1 210 1 443 1 353 2 420 2 509 1
143 30 40 746 1 747 1 121 1 201 1 45 1 742 1 35 1 272 1 472 1 564 1 364 1 285 1 462 1 531 1 471 1 101 1 342 1 381 2 257 1 328 3 505 1 646 1 23 1 5 2 64 2 89 1 110 1 234 1 464 1 114 1 63 2 312 1 416 2 465 1 426 1 528 2 533 1 534 1 535 1 9 1
146 31 48 182 1 486 1 5 3 12 1 25 1 52 1 119 1 752 1 774 1 181 1 428 1 679 1 58 1 82 1 170 1 114 1 125 1 293 1 296 2 312 1 322 1 346 3 350 1 360 1 379 1 426 1 432 2 563 2 588 1 725 1 728 1 465 2 528 1 8 3 613 1 624 1 118 1 771 1 210 1 353 1 435 3 475 1 520 1 610 2 618 2 702 2 338 3 519 1
149 32 38 16 2 61 2 92 1 171 1 132 1 111 1 256 1 402 1 472 2 523 1 488 1 266 1 557 1 655 1 705 1 93 1 768 1 555 1 19 1 518 1 251 1 257 1 268 1 304 1 646 1 466 1 469 1 720 1 200 2 115 1 5 2 12 1 22 1 42 1 44 1 141 1 62 1 94 1
153 33 58 115 1 529 1 5 2 6 1 59 1 65 1 233 1 750 1 181 1 679 1 660 1 10 1 58 1 163 1 170 1 114 1 125 1 81 1 143 1 274 1 296 1 312 2 322 2 350 1 360 1 465 1 379 1 724 1 669 1 528 1 613 1 640 1 9 1 363 3 525 1 420 2 431 1 468 2 427 1 515 1 454 1 524 1 652 1 663 1 498 2 338 1 474 1 642 1 625 1 316 2 405 1 211 1 506 1 282 1 442 1 605 1 504 1 297 1
155 34 37 135 1 748 1 201 1 136 1 244 1 26 1 745 1 126 1 111 1 256 1 272 1 472 2 662 1 744 1 78 1 120 1 451 1 488 1 265 2 329 1 362 2 462 1 555 1 557 1 559 1 490 1 219 1 96 1 700 1 257 4 558 1 304 1 371 1 115 1 492 1 5 1 352 1
//IdTournes NbColis
7 6
//IdColis IdCommandeInColis NbProducts IdProd1 QtyProd1 IdProd2 QtyProd2 ...
156 34 52 6 2 24 1 117 2 176 1 178 1 752 1 664 1 755 1 20 1 82 1 205 1 81 1 322 2 327 1 335 2 465 1 556 1 528 1 563 1 565 1 238 1 640 1 624 1 353 2 358 1 543 1 519 1 301 1 316 1 560 1 561 1 504 1 727 1 666 1 716 1 269 3 429 1 463 2 336 2 367 1 423 2 497 2 562 1 718 1 330 1 509 1 623 1 735 1 375 2 292 1 310 1 554 1
159 35 46 700 1 381 1 268 2 328 1 492 2 5 1 24 1 25 1 42 1 52 1 117 1 234 1 753 1 208 1 550 1 20 1 58 1 312 2 322 1 323 1 335 2 350 1 411 1 552 1 416 1 460 1 379 1 465 1 669 1 556 1 711 1 434 1 503 1 563 1 641 1 534 1 624 2 235 1 238 1 180 1 353 2 358 2 363 2 525 1 468 1 427 2
162 36 39 83 1 220 1 576 1 167 1 38 1 781 1 80 1 242 1 773 1 779 1 194 1 126 1 116 1 248 1 472 1 662 1 15 1 209 1 78 1 758 1 487 1 349 1 362 1 462 1 557 1 531 2 655 1 19 1 762 1 518 1 250 1 584 1 646 1 11 1 23 1 5 2 133 1 44 1 322 1
165 37 37 148 1 225 1 243 1 55 2 773 1 68 1 111 1 116 1 255 1 517 2 564 3 472 1 523 1 488 1 364 1 259 1 487 1 362 1 531 1 648 1 658 2 266 1 471 1 169 1 250 1 251 1 257 1 258 1 449 1 466 1 469 1 646 1 11 1 492 1 664 1 5 2 6 2
169 38 38 92 1 759 1 782 1 781 1 189 1 27 1 144 1 566 1 17 2 780 1 111 1 517 2 272 1 589 1 380 1 364 1 488 1 657 1 659 1 557 1 531 1 93 1 265 2 344 1 155 1 762 1 586 1 700 1 381 2 324 1 371 1 469 1 11 1 5 2 13 1 44 1 207 1 322 1
172 39 36 92 1 692 1 98 1 757 1 35 1 244 1 261 1 194 1 126 1 111 1 116 1 517 1 564 2 78 1 120 1 732 1 659 1 329 2 373 1 462 2 557 2 531 1 490 1 511 1 265 1 285 1 290 1 130 1 342 2 381 2 328 2 685 1 646 1 628 1 5 1 445 1
//IdTournes NbColis
8 6
//IdColis IdCommandeInColis NbProducts IdProd1 QtyProd1 IdProd2 QtyProd2 ...
173 39 53 6 2 46 1 52 1 54 1 64 1 100 1 750 1 550 1 679 1 20 1 63 1 81 1 322 1 346 2 350 1 411 1 416 2 426 2 528 1 563 2 385 1 281 1 293 1 296 1 312 1 640 2 131 1 198 1 353 2 420 1 468 1 435 1 337 1 610 1 338 2 370 1 374 1 383 1 321 1 448 1 354 1 452 1 457 1 740 1 236 1 211 1 301 1 343 2 345 1 573 1 583 1 504 2 537 1
175 40 41 382 1 45 1 213 1 761 1 35 1 171 1 773 1 99 1 111 2 472 1 380 1 744 1 487 1 373 1 462 1 511 1 390 1 329 1 601 1 381 1 371 2 5 1 13 1 24 1 100 1 233 2 765 1 775 1 428 1 510 1 58 1 170 2 63 1 81 1 346 1 465 1 503 1 441 1 293 1 296 3 322 2
4 1 52 441 1 293 1 312 4 322 3 327 2 360 1 335 1 346 2 379 1 465 2 669 1 426 2 528 1 503 1 588 1 8 1 604 1 607 1 9 1 53 1 69 1 613 1 640 2 624 1 443 1 353 2 777 1 543 1 444 1 337 1 524 2 596 1 637 1 610 1 618 1 652 1 370 1 602 1 696 1 630 1 321 2 374 2 508 1 642 1 629 1 316 1 405 1 457 1 506 2 236 2 211 1 278 1
73 14 45 89 2 100 1 165 1 204 1 119 1 176 1 207 1 233 3 752 1 753 1 792 1 181 1 428 1 510 1 205 1 114 1 550 3 679 1 575 1 660 1 787 1 170 1 191 1 199 1 274 1 293 1 296 2 335 3 350 2 379 1 563 2 422 1 465 3 669 1 528 1 434 1 503 2 322 5 360 1 8 1 9 1 118 1 668 1 534 1 535 1
80 15 44 13 2 22 1 133 1 44 1 65 1 94 1 176 2 486 1 664 2 204 1 207 1 233 3 234 1 752 1 792 1 774 1 181 1 775 1 10 1 20 1 103 1 163 1 170 1 125 1 63 2 81 1 294 1 281 1 296 1 322 3 622 1 8 2 9 1 640 1 235 1 624 1 353 3 363 3 420 1 543 3 524 1 663 1 665 1 652 1
90 17 23 37 1 113 1 245 1 29 2 201 2 18 2 97 1 206 1 35 2 138 1 74 2 85 1 195 1 674 1 7 1 57 1 144 1 122 1 262 1 196 2 179 2 231 2 270 1
//IdTournes NbColis
9 6
//IdColis IdCommandeInColis NbProducts IdProd1 QtyProd1 IdProd2 QtyProd2 ...
93 17 49 416 1 465 1 556 1 426 2 528 1 434 1 432 1 622 2 641 1 8 1 9 2 235 1 353 4 363 5 420 2 435 1 580 1 652 1 338 1 361 1 374 1 530 1 508 1 625 2 316 2 506 2 784 1 341 1 343 1 522 2 606 1 639 1 504 2 493 2 560 3 561 1 704 1 305 1 404 1 536 1 459 1 433 1 269 1 320 4 476 2 429 1 540 2 626 4 654 2
103 19 50 322 2 350 1 360 1 426 2 721 1 722 1 335 1 346 1 460 1 465 1 528 1 379 4 8 1 607 1 726 1 131 1 90 1 180 1 353 3 363 5 431 1 543 1 420 1 427 1 618 2 702 3 663 2 337 2 630 1 338 1 321 1 642 1 625 1 542 1 478 1 166 1 211 1 301 1 354 1 690 1 282 1 306 2 606 2 561 1 504 1 343 2 345 2 590 1 522 2 634 1
114 22 27 135 1 43 1 113 1 175 1 247 1 220 1 252 2 201 1 18 1 206 1 35 1 635 1 7 1 57 1 440 1 179 2 231 2 240 1 241 2 183 1 111 1 661 1 662 1 402 1 472 1 272 1 72 1
121 23 44 324 2 328 1 449 1 371 1 42 1 65 1 160 1 117 2 492 2 664 1 799 1 58 1 125 2 63 1 81 1 281 1 293 1 296 3 513 1 322 3 360 1 422 1 465 2 528 2 714 1 426 1 533 3 434 3 503 1 563 1 588 1 641 1 346 2 411 1 416 1 8 1 607 1 131 1 53 2 69 1 118 1 624 2 707 1 235 1
135 27 46 426 1 503 1 622 1 724 1 565 1 8 1 180 1 624 1 420 1 468 1 431 1 337 1 498 1 338 1 508 1 301 1 457 1 506 1 493 1 545 1 319 1 473 1 320 2 348 1 479 1 406 2 419 1 507 1 124 1 647 2 467 1 481 1 497 1 437 1 701 2 436 1 509 1 489 1 277 1 317 1 401 1 375 1 499 1 270 1 502 1 310 1
1 1 23 253 1 692 1 591 4 66 1 77 1 167 1 18 1 45 1 97 1 409 4 206 1 71 1 21 1 31 1 74 1 86 1 243 1 26 1 27 2 122 1 173 1 228 1 10 1
//IdTournes NbColis
10 6
//IdColis IdCommandeInColis NbProducts IdProd1 QtyProd1 IdProd2 QtyProd2 ...
10 2 48 230 1 233 2 181 1 792 1 510 1 10 1 14 1 205 1 232 1 416 1 465 2 426 1 528 4 533 2 432 1 616 1 503 2 622 2 293 1 296 4 312 2 322 3 607 1 633 1 53 1 90 1 235 1 238 1 534 1 535 4 624 1 353 2 420 1 468 1 427 2 777 1 337 1 596 1 610 1 618 1 299 1 338 1 630 1 374 1 530 1 625 1 629 1 321 1
15 3 58 322 2 323 3 360 1 9 1 613 1 353 2 420 1 427 1 358 1 470 1 665 1 299 1 474 1 630 1 582 1 642 2 361 1 457 1 506 1 452 1 609 1 343 1 590 1 593 1 605 1 493 2 560 1 561 1 500 3 504 2 282 1 302 1 404 1 271 2 289 1 297 1 305 1 319 2 710 1 291 1 414 1 476 1 611 1 612 1 626 1 269 2 393 1 320 2 396 1 352 1 507 1 284 2 423 1 425 1 608 1 497 1 562 2 656 1
32 6 62 296 1 312 3 322 1 411 1 360 1 412 1 416 1 465 1 426 2 528 1 533 1 563 1 622 1 724 1 607 1 9 2 53 1 108 1 353 2 420 1 435 1 582 1 813 1 407 1 625 1 354 1 211 1 506 1 306 1 345 1 560 1 639 1 500 1 504 1 704 1 666 1 271 1 716 1 291 1 397 1 320 1 479 1 612 1 123 1 124 1 579 1 647 1 815 1 372 1 308 1 400 1 367 1 467 2 480 1 497 2 359 1 489 1 620 2 267 1 375 1 421 2 729 2
49 10 41 550 1 575 1 232 1 81 1 172 1 274 4 281 1 293 2 296 4 322 3 350 2 360 1 416 3 465 2 426 1 503 1 563 2 622 2 724 1 607 1 9 1 238 2 534 2 353 1 358 1 363 4 525 1 420 2 468 2 427 3 431 1 435 1 299 1 596 1 498 1 580 1 663 2 361 1 508 1 642 2 629 1
54 11 35 133 1 59 1 158 2 165 1 664 1 207 1 233 1 750 1 799 1 181 1 10 1 14 1 170 1 205 2 114 2 237 1 441 1 293 2 296 2 322 3 411 3 360 1 346 2 347 1 350 5 416 3 422 1 465 2 669 1 556 1 426 2 528 5 533 3 432 2 434 2
78 15 26 61 1 92 1 746 1 283 1 50 2 252 1 692 1 45 1 140 1 184 1 74 2 75 1 85 1 243 1 185 1 132 1 57 1 144 1 226 1 262 1 263 1 126 1 417 1 491 1 95 1 111 3
//IdTournes NbColis
11 6
//IdColis IdCommandeInColis NbProducts IdProd1 QtyProd1 IdProd2 QtyProd2 ...
84 16 32 231 1 240 2 241 2 183 1 126 1 384 1 491 1 617 1 193 1 791 1 248 2 273 1 472 1 589 1 72 1 78 1 120 1 790 1 758 1 709 1 190 1 657 2 259 1 51 1 659 1 290 1 318 1 410 1 362 1 555 4 531 4 10 1
106 20 30 152 1 222 1 32 1 153 1 77 1 206 1 184 1 35 2 56 1 195 1 770 1 27 1 122 2 194 1 817 2 17 1 791 1 111 2 256 1 248 1 272 1 333 1 472 1 636 1 78 1 151 1 265 1 275 1 285 2 298 1
116 22 54 464 1 575 1 641 1 346 2 465 2 426 2 528 1 434 2 503 1 281 1 293 1 312 1 322 3 327 3 350 1 9 1 69 1 210 1 640 1 676 1 238 1 431 1 435 1 543 1 420 1 353 2 358 1 618 1 677 1 299 1 444 1 338 2 474 1 519 1 508 2 642 1 361 1 236 1 280 1 820 1 316 2 354 1 493 1 343 1 522 1 571 1 606 1 639 1 583 1 504 2 302 1 399 2 536 1 288 1
126 24 51 10 1 58 1 82 1 63 2 81 1 143 1 172 1 274 1 293 1 296 1 312 2 322 1 360 1 465 1 556 2 426 1 503 1 622 1 607 1 624 1 118 1 180 1 353 3 358 2 363 3 525 1 420 1 468 2 427 2 435 1 337 1 596 1 637 1 498 1 663 2 338 1 374 1 508 1 625 1 316 1 730 1 544 1 104 1 211 1 282 1 306 2 424 1 606 1 500 1 583 1 561 1
132 26 55 510 1 464 1 14 1 103 1 293 1 312 2 322 2 327 1 335 1 416 1 465 1 434 1 9 1 353 2 475 1 444 1 470 1 498 1 663 1 495 1 630 1 361 3 354 1 452 1 504 2 376 1 289 1 305 1 484 1 291 1 269 1 403 1 348 1 414 1 419 1 463 1 467 1 477 1 480 1 496 1 497 2 656 1 330 1 483 2 509 1 489 1 303 1 447 1 418 1 482 1 375 1 501 1 643 1 729 1 288 2
150 32 51 110 1 119 1 207 1 233 1 765 1 20 1 163 1 766 1 81 1 274 1 293 2 296 2 312 2 322 3 516 1 346 3 350 3 416 1 465 2 379 1 426 2 533 1 622 2 724 1 9 1 131 1 90 1 353 2 420 2 431 1 475 1 427 1 337 1 524 2 498 1 618 1 663 2 637 1 338 2 370 1 321 1 508 1 301 1 316 1 506 1 544 1 211 1 278 1 522 1 493 1 561 1
//IdTournes NbColis
12 6
//IdColis IdCommandeInColis NbProducts IdProd1 QtyProd1 IdProd2 QtyProd2 ...
166 37 56 12 1 42 1 46 1 52 1 59 1 64 1 750 1 428 1 713 1 550 1 575 1 237 1 143 1 322 2 323 1 350 1 360 1 552 1 416 1 422 1 465 1 426 1 528 3 434 1 622 1 281 1 293 1 534 1 719 1 9 2 353 1 358 1 468 2 475 1 427 2 431 1 435 1 777 1 663 1 338 1 519 1 715 1 374 1 508 2 642 1 405 1 104 1 166 1 316 2 343 1 605 1 581 1 504 2 282 1 376 1 404 1
170 38 47 233 1 510 2 550 1 660 1 170 1 327 3 411 1 360 1 416 1 422 1 465 1 528 2 379 1 432 1 434 1 588 1 641 1 281 1 441 1 312 3 707 1 9 2 353 2 358 2 420 1 468 1 475 2 443 1 580 1 652 1 299 1 582 1 508 1 448 1 667 1 166 1 493 1 560 2 581 1 583 1 504 1 587 1 536 1 716 1 369 1 291 1 348 1
61 12 35 62 1 89 1 119 1 649 1 664 1 752 2 792 1 774 1 181 2 775 1 428 2 713 1 14 1 58 1 550 2 170 1 205 1 114 1 63 1 81 1 293 2 312 4 322 4 323 5 411 2 360 1 335 1 346 3 347 1 350 2 416 3 422 3 465 1 528 4 735 1
7 2 23 212 1 215 1 16 1 43 1 49 1 92 1 218 2 175 1 229 1 247 1 818 1 632 1 98 1 102 1 77 2 45 1 213 1 351 1 547 1 28 1 41 1 56 2 191 1
34 7 23 16 2 135 1 43 1 152 1 92 1 153 1 252 2 254 1 136 1 137 1 35 1 85 1 171 1 770 1 146 2 805 1 261 1 179 2 183 1 231 2 240 1 241 2 491 1
45 9 62 503 1 563 1 134 1 131 2 118 1 127 1 353 3 525 1 475 1 427 1 454 1 610 1 438 1 361 1 508 1 625 1 280 1 301 1 316 1 405 1 452 1 506 1 306 1 343 1 522 1 537 1 581 1 500 1 504 1 727 1 814 1 271 1 473 1 716 2 369 1 269 1 320 2 403 1 414 2 479 2 626 2 396 2 300 1 419 1 430 1 675 1 367 2 477 1 485 1 608 1 562 2 621 1 701 1 656 1 330 1 800 1 483 1 623 1 295 1 355 1 489 1 339 1
//IdTournes NbColis
13 6
//IdColis IdCommandeInColis NbProducts IdProd1 QtyProd1 IdProd2 QtyProd2 ...
47 10 30 16 1 92 1 168 1 128 1 29 2 547 1 71 1 140 1 138 1 161 1 26 1 156 1 817 1 491 1 17 1 239 2 111 1 116 1 272 1 333 1 564 2 661 2 589 1 209 1 78 1 754 1 451 1 523 1 488 2 521 1
65 13 25 16 2 61 1 113 1 632 1 252 1 254 1 591 1 77 1 18 1 45 1 97 1 206 1 409 1 38 1 188 1 41 1 138 1 86 1 770 1 243 2 221 1 26 2 55 2 122 1 318 1
101 19 26 16 1 37 1 245 1 148 2 254 1 77 1 201 1 351 2 28 1 244 1 313 1 226 1 122 1 805 1 577 1 99 1 202 1 179 2 183 1 231 2 240 1 241 2 246 1 255 1 688 1 627 1
25 5 30 37 1 61 1 83 1 632 1 253 1 692 1 29 1 35 1 161 1 171 1 223 1 770 1 242 1 55 1 122 1 173 1 577 1 73 2 99 1 384 1 491 2 17 1 68 1 84 1 791 1 111 1 116 1 272 1 564 1 60 1
30 6 27 105 1 113 1 749 1 50 1 121 1 748 1 253 1 382 1 77 1 810 1 97 1 41 1 80 1 85 2 27 1 106 1 122 2 384 1 417 1 491 1 17 1 84 1 111 3 256 1 402 1 589 1 389 1
39 8 28 135 1 92 1 50 2 692 1 382 1 167 1 97 1 387 1 38 1 147 1 75 2 86 1 157 1 177 1 770 1 132 1 67 1 173 1 809 2 417 1 617 1 17 1 84 1 769 1 246 1 116 1 174 1 151 1
//IdTournes NbColis
14 6
//IdColis IdCommandeInColis NbProducts IdProd1 QtyProd1 IdProd2 QtyProd2 ...
52 11 28 139 1 247 1 148 1 692 1 252 2 66 1 45 1 387 1 41 2 74 1 80 1 86 2 177 1 770 1 243 1 674 1 27 1 55 1 99 1 202 1 491 1 17 1 68 1 239 1 688 1 248 1 402 1 472 1
71 14 25 37 1 61 1 168 1 252 2 254 1 692 1 29 1 201 1 18 1 177 1 243 1 674 2 189 1 132 1 57 1 805 1 73 1 179 2 231 2 240 2 241 2 183 1 111 1 174 1 518 1
83 16 25 168 1 32 1 50 1 148 1 254 1 29 2 395 1 18 1 137 1 793 1 796 1 35 1 138 1 195 1 171 1 242 1 244 2 458 2 26 1 262 2 263 1 577 1 99 1 179 2 231 1
96 18 35 43 1 92 1 197 1 252 1 18 1 203 1 74 1 80 1 177 1 192 1 194 1 202 1 126 1 384 1 40 1 95 1 111 2 116 1 248 1 402 1 264 1 517 1 209 1 78 1 451 1 186 1 259 1 659 1 658 1 511 1 373 1 462 1 557 1 559 1 349 1
119 23 25 37 1 49 1 61 1 92 1 252 3 692 1 576 2 77 1 18 1 136 1 351 1 203 1 56 1 74 1 80 1 224 1 458 1 221 1 26 1 146 1 228 1 805 1 798 1 262 2 24 1
139 29 32 152 1 168 1 153 1 253 2 387 1 409 1 683 1 741 1 67 1 745 1 440 1 17 1 111 2 256 1 34 1 72 1 120 2 754 1 451 1 364 1 488 1 638 1 259 1 318 2 462 2 557 1 531 1 559 1 686 1 695 1 708 1 511 1
//IdTournes NbColis
15 6
//IdColis IdCommandeInColis NbProducts IdProd1 QtyProd1 IdProd2 QtyProd2 ...
19 4 33 744 1 120 2 758 1 488 1 259 1 30 1 51 1 487 1 551 2 318 1 362 1 329 4 373 1 555 2 557 1 531 3 655 1 658 1 705 1 511 3 219 1 266 2 19 1 96 1 87 1 518 2 700 2 249 2 258 3 558 1 368 1 371 1 584 1
145 31 38 61 1 764 1 252 1 723 1 45 1 41 1 85 1 173 1 261 1 263 1 99 1 491 1 617 1 111 1 517 1 564 1 472 2 78 2 186 1 657 1 259 1 51 1 275 1 318 1 362 1 557 1 705 1 96 1 471 1 518 1 250 1 391 1 268 1 304 1 646 1 23 1 159 1 200 1
176 40 41 322 1 360 1 131 1 238 1 353 3 525 1 420 1 543 1 358 1 663 1 338 1 370 1 374 1 625 1 772 1 343 1 500 2 545 1 376 2 473 1 536 1 678 1 297 1 403 1 320 4 675 1 514 1 621 1 436 1 453 1 538 1 286 1 303 1 317 1 413 2 421 1 614 1 267 1 357 1 408 1 554 1
43 9 26 39 1 152 1 218 1 32 1 148 1 220 1 253 1 737 1 77 1 97 1 38 1 74 2 161 1 171 1 808 1 132 1 57 1 146 1 261 1 440 1 111 3 264 1 333 3 402 1 564 1 260 1
59 12 23 154 1 152 1 175 1 764 1 50 2 121 2 748 1 29 1 98 1 167 1 387 1 225 3 71 1 85 1 603 1 26 1 144 1 173 1 122 1 791 1 116 3 111 1 259 1
158 35 32 743 1 83 1 168 1 113 1 749 1 759 1 38 1 203 1 85 1 26 1 73 1 194 1 384 1 111 4 248 1 273 1 636 1 744 1 78 1 758 1 523 1 259 1 487 1 551 1 285 1 531 2 686 2 266 1 751 1 518 1 700 1 461 1
//IdTournes NbColis
16 6
//IdColis IdCommandeInColis NbProducts IdProd1 QtyProd1 IdProd2 QtyProd2 ...
17 4 23 786 1 37 1 49 1 789 1 247 1 32 1 50 1 29 1 77 2 97 1 47 2 75 2 223 1 177 2 674 2 27 1 55 2 122 1 795 1 773 1 91 1 73 1 491 1
91 17 30 240 2 241 2 183 1 126 1 40 1 68 1 111 1 255 2 248 1 333 4 472 4 564 1 821 1 72 1 120 1 758 1 30 1 266 1 362 4 366 1 559 1 768 1 511 1 471 2 586 1 712 1 250 1 251 1 258 1 297 1
66 13 33 798 1 262 2 263 1 73 1 99 1 791 1 111 2 116 1 248 2 264 2 273 2 333 1 517 1 564 1 472 2 34 1 217 1 209 1 260 1 78 1 788 1 364 1 451 1 523 1 259 1 329 1 365 1 349 2 555 1 557 2 531 1 695 1 518 1
110 21 31 168 1 220 1 97 1 225 1 409 1 140 1 35 1 171 1 243 1 67 1 261 2 73 1 179 1 231 1 240 1 241 2 183 1 84 1 246 1 688 1 248 1 472 3 120 1 709 1 151 1 93 1 265 1 389 1 290 2 329 1 689 1
134 27 41 283 1 220 1 253 1 387 1 742 1 35 1 107 1 384 1 491 1 116 2 174 1 472 2 265 1 490 1 511 1 344 1 142 1 101 1 169 1 381 1 250 1 251 1 268 1 328 1 449 1 371 2 486 1 88 1 89 1 94 1 100 1 110 1 117 1 114 1 237 1 385 1 296 2 312 2 360 1 416 1 353 1
136 28 35 135 1 737 1 201 1 351 1 56 1 86 1 171 1 177 1 244 1 55 1 228 1 73 1 194 1 491 1 40 1 769 1 111 2 174 1 564 1 209 1 260 1 744 1 266 1 390 1 318 1 326 1 362 2 462 1 658 1 705 1 511 2 768 1 763 1 439 1 738 1
//IdTournes NbColis
17 6
//IdColis IdCommandeInColis NbProducts IdProd1 QtyProd1 IdProd2 QtyProd2 ...
124 24 27 49 1 632 1 220 2 253 2 692 1 97 1 71 1 203 1 56 1 242 1 635 1 122 1 261 1 276 1 194 1 417 1 491 1 239 1 111 3 174 1 783 1 248 1 264 2 272 2 472 1 564 1 305 1
36 7 41 233 2 428 2 510 3 550 1 575 1 660 1 296 5 312 1 322 5 350 2 360 1 346 1 422 1 465 1 426 2 379 3 563 1 53 1 90 1 180 1 534 2 535 3 640 3 353 4 420 2 468 1 431 2 702 1 383 1 361 1 530 1 642 2 625 1 316 1 354 1 544 1 282 1 302 1 306 1 343 1 345 1
62 12 46 379 3 432 1 434 2 563 1 641 1 556 1 426 1 53 2 534 2 640 2 707 1 719 1 235 1 238 2 210 1 180 1 363 5 353 3 420 3 777 1 337 1 610 1 498 1 652 1 702 2 582 1 407 1 530 1 645 2 104 1 667 2 211 1 278 1 306 2 593 1 560 1 561 2 639 1 587 2 704 2 573 2 504 1 271 1 394 1 484 1 536 3
108 20 54 360 1 379 1 465 2 669 1 556 2 426 2 528 2 622 1 726 1 53 1 235 1 819 1 534 1 535 1 353 3 358 1 420 2 475 2 299 1 337 1 470 1 618 1 338 1 370 1 582 1 813 1 321 1 374 1 645 1 280 1 354 1 506 1 278 2 302 1 306 2 526 1 376 1 271 1 269 1 476 3 124 2 463 1 372 1 367 1 673 1 497 2 377 1 295 1 378 1 620 2 303 2 339 1 375 2 421 3
163 36 52 62 1 160 1 117 1 234 1 750 1 103 1 81 1 350 1 411 1 422 2 465 1 426 2 528 3 503 2 622 1 274 1 726 1 535 1 624 1 53 1 235 1 238 1 353 1 358 1 525 1 420 1 435 1 524 1 498 2 652 1 702 1 321 1 374 2 448 1 405 1 506 1 211 1 280 1 301 1 343 1 345 1 526 2 504 1 560 2 583 1 733 1 376 2 536 1 289 1 305 1 291 1 369 1
152 33 32 212 1 92 1 632 1 148 1 220 1 252 1 140 1 80 1 770 1 91 1 417 4 491 2 111 1 272 1 661 1 589 1 523 1 767 1 657 1 266 2 462 1 705 1 762 1 518 1 251 1 328 1 449 1 368 1 371 2 685 1 646 1 159 1
//IdTournes NbColis
18 6
//IdColis IdCommandeInColis NbProducts IdProd1 QtyProd1 IdProd2 QtyProd2 ...
68 13 60 187 1 707 1 719 1 238 1 534 1 613 1 640 1 363 1 353 3 420 1 468 3 427 3 543 3 777 1 431 1 435 1 470 1 519 1 600 3 696 1 594 1 321 2 407 1 642 1 542 1 104 1 316 1 405 1 667 1 166 1 211 1 690 1 278 1 302 1 343 1 522 1 573 1 493 1 560 1 581 1 376 1 289 1 297 1 319 1 404 1 592 1 716 1 653 1 703 1 291 1 461 2 710 2 269 1 403 1 476 1 626 1 654 1 123 3 124 3 735 1
41 8 60 322 1 327 2 335 1 350 1 411 1 360 1 69 1 624 1 534 1 535 1 640 1 707 1 238 1 427 1 431 1 543 2 353 2 358 1 470 1 498 1 693 1 702 1 337 1 644 1 338 2 519 1 374 1 530 1 625 1 642 1 361 1 405 1 506 1 544 1 341 1 343 1 345 2 526 1 587 1 704 1 302 1 404 1 653 1 271 1 297 1 415 1 433 1 615 1 414 2 626 1 393 1 320 3 348 1 396 1 124 1 419 1 463 1 675 2 507 1 284 1
55 11 28 503 2 622 3 641 1 274 1 281 1 312 3 69 2 90 1 534 1 535 3 640 2 235 1 353 4 358 3 363 4 525 3 468 2 543 2 431 3 435 1 777 1 392 2 444 3 337 1 470 1 498 1 618 1 693 1
144 30 47 69 1 624 1 420 1 543 2 444 2 519 1 370 1 361 1 508 1 542 1 280 1 316 1 405 1 544 1 211 1 537 1 504 1 545 1 704 1 404 1 536 2 291 1 320 1 403 1 348 1 540 1 284 1 419 1 463 2 123 1 423 1 467 1 436 1 701 1 330 1 359 1 623 1 489 1 279 2 334 2 532 1 538 2 541 1 699 1 499 1 539 1 270 1
86 16 37 170 1 114 1 125 1 81 2 274 2 293 1 312 3 322 4 411 1 360 1 323 3 346 4 347 1 350 2 552 1 416 1 422 4 379 2 465 3 556 2 528 2 533 1 563 1 622 1 607 1 726 1 198 1 640 2 719 1 108 2 235 1 771 1 210 1 180 1 363 5 353 3 800 1
22 4 50 519 1 370 1 474 1 696 1 321 1 478 1 508 1 642 2 625 1 506 1 544 2 667 1 104 2 164 1 211 1 341 2 343 2 345 1 571 1 573 1 500 1 504 1 537 2 493 1 733 1 704 3 278 2 282 1 306 3 376 1 305 1 319 1 536 1 653 3 271 2 459 2 710 1 320 4 403 1 348 2 414 2 476 4 626 2 654 1 300 1 406 4 352 3 123 1 124 1 735 1
//IdTournes NbColis
19 6
//IdColis IdCommandeInColis NbProducts IdProd1 QtyProd1 IdProd2 QtyProd2 ...
27 5 41 322 4 549 1 411 1 465 3 426 2 528 3 533 1 434 1 622 3 794 1 335 2 346 3 347 1 118 2 707 4 353 4 363 5 431 2 435 1 543 1 420 1 299 1 470 2 498 2 693 1 652 1 337 2 495 1 630 1 321 1 508 1 645 1 104 1 280 1 316 1 690 1 506 1 448 1 405 1 457 1 609 2
87 16 50 353 1 420 2 299 1 520 1 677 1 652 1 663 2 338 3 582 1 383 1 374 1 508 2 625 2 542 1 104 1 301 2 452 1 211 1 609 1 282 2 306 1 571 1 605 1 271 4 297 1 394 1 404 1 653 4 703 2 369 1 415 1 348 2 414 3 479 1 476 3 626 1 124 1 284 2 300 3 406 1 352 2 356 1 419 1 579 1 675 1 647 3 388 1 314 1 367 1 288 1
122 23 55 180 1 363 1 420 2 475 2 431 2 435 1 777 1 353 3 525 1 637 1 498 1 663 2 337 1 474 1 519 1 582 1 361 3 645 1 642 1 374 1 104 2 211 1 301 1 316 1 506 1 544 1 667 1 278 2 282 1 593 1 424 1 581 1 500 1 666 1 345 1 522 1 376 1 297 1 319 2 716 1 536 1 404 3 484 1 433 4 369 1 269 1 320 3 626 1 654 1 124 2 514 1 647 1 579 1 406 2 352 1
141 29 62 468 1 475 1 427 1 543 1 444 1 470 1 694 1 696 1 625 2 629 1 354 1 690 1 506 1 104 1 442 1 302 1 306 1 343 3 345 2 526 1 581 1 500 2 504 1 666 1 536 1 369 1 415 1 459 1 461 3 433 3 397 1 403 1 348 1 611 1 352 1 124 2 332 3 400 1 336 2 485 1 467 1 477 1 480 1 673 1 562 1 656 1 377 1 378 2 279 1 325 1 418 1 527 1 541 1 631 1 699 1 267 1 357 2 413 2 421 1 499 1 288 1 502 1
11 2 53 321 1 361 1 544 1 301 1 343 1 522 2 571 1 606 2 500 2 619 1 302 1 306 2 473 2 484 1 369 1 615 1 348 3 414 1 476 3 479 2 540 2 626 3 269 3 320 5 396 1 216 1 579 1 507 2 300 1 332 1 423 1 467 2 477 3 608 1 497 1 621 3 437 1 446 2 450 1 453 1 377 1 623 1 521 1 620 1 325 2 339 1 418 1 527 1 538 1 631 1 317 2 357 1 502 1
56 11 46 663 2 665 1 338 4 519 1 594 1 321 2 374 1 625 2 508 1 164 2 166 1 316 2 354 2 448 2 457 1 506 1 544 1 772 1 609 1 302 2 343 2 522 1 634 1 526 1 605 1 606 2 537 2 560 3 561 1 581 1 500 2 619 1 282 1 306 1 376 1 305 1 319 2 484 1 369 1 415 1 320 6 348 3 429 1 476 4 479 1 396 1
//IdTournes NbColis
20 6
//IdColis IdCommandeInColis NbProducts IdProd1 QtyProd1 IdProd2 QtyProd2 ...
120 23 33 263 1 491 1 111 1 116 1 783 1 255 1 264 1 564 2 662 2 333 1 517 1 217 1 260 1 758 1 523 1 219 1 266 3 390 1 290 1 318 2 362 3 462 1 648 1 557 1 705 1 511 3 326 1 410 1 373 1 249 3 307 1 469 2 720 1
5 1 56 287 1 302 1 456 1 343 4 522 1 424 3 560 1 561 1 581 1 731 2 727 1 376 1 271 1 305 1 319 2 404 1 473 1 536 1 653 1 369 1 269 1 397 1 320 1 414 1 429 2 476 1 612 1 626 2 123 2 124 3 463 2 579 1 507 2 647 2 372 1 308 1 367 1 332 1 400 1 574 2 467 2 425 1 477 2 608 1 673 1 496 1 497 3 562 1 621 3 718 2 453 1 359 2 446 1 509 1 623 2 489 1
23 4 42 124 1 332 1 336 1 423 1 595 1 425 1 578 1 608 2 672 1 496 1 497 1 701 3 718 1 437 1 388 1 308 1 455 1 330 4 446 1 450 1 800 1 295 2 521 1 620 1 325 1 334 1 339 1 447 1 418 1 527 3 482 1 541 2 631 1 357 3 375 2 421 1 539 1 643 1 729 1 288 1 331 1 310 1
37 7 54 573 1 500 2 583 1 504 1 271 1 404 2 473 1 703 1 433 1 269 1 320 4 414 2 476 1 479 1 626 2 654 2 124 1 406 3 579 2 507 1 675 4 388 2 367 1 336 2 423 1 467 1 477 1 480 1 578 2 608 3 562 1 672 1 497 3 621 2 701 1 656 1 330 2 359 1 446 1 450 1 295 1 355 1 378 1 620 2 279 1 303 1 325 3 334 2 418 1 532 1 541 1 315 1 357 2 375 2
50 10 54 706 1 316 1 506 2 544 2 609 1 282 1 287 3 341 1 522 2 504 1 666 1 297 1 404 3 291 1 369 2 269 2 320 3 348 2 476 2 479 1 429 2 540 1 626 1 123 2 124 1 284 2 406 2 419 1 579 1 372 1 308 1 367 2 467 1 480 1 481 1 608 2 673 2 436 1 718 1 437 1 330 2 359 1 446 2 483 1 800 1 717 2 286 1 303 1 334 1 447 2 357 1 614 1 270 1 309 1
57 11 46 123 1 124 1 352 1 419 1 507 1 579 1 430 1 675 1 514 1 367 1 423 1 467 1 425 1 598 1 480 3 701 1 671 1 496 1 562 1 359 4 446 2 377 1 483 1 623 1 509 1 800 1 295 2 355 1 340 1 521 3 620 1 334 4 447 1 541 3 699 1 538 1 375 4 421 1 614 1 267 1 315 1 548 1 445 1 309 1 292 1 331 1
//IdTournes NbColis
21 6
//IdColis IdCommandeInColis NbProducts IdProd1 QtyProd1 IdProd2 QtyProd2 ...
63 12 46 536 1 710 1 397 1 320 6 348 2 414 2 553 1 429 1 611 1 476 3 124 1 419 1 388 2 332 6 367 1 400 2 423 1 598 1 480 1 481 1 496 3 497 1 650 1 656 2 436 1 718 1 467 2 425 1 477 5 562 4 330 1 359 1 800 2 355 2 378 1 277 1 279 1 568 1 418 1 538 1 699 1 614 2 502 1 310 1 331 1 408 2
75 14 49 302 2 399 3 341 1 522 1 561 1 571 1 606 1 500 2 619 1 704 1 736 1 666 1 376 2 319 1 404 4 473 1 291 2 415 1 433 1 269 1 397 1 320 3 348 2 540 1 476 3 429 1 612 4 626 1 396 1 123 1 124 1 352 2 647 1 419 1 430 1 507 1 372 4 388 2 314 2 367 1 336 2 673 1 496 1 497 6 621 1 680 1 477 4 578 1 562 1
81 15 59 338 2 361 2 706 1 354 2 690 1 667 1 282 1 287 2 306 1 341 1 343 1 345 1 537 1 581 1 704 2 376 2 305 1 319 1 473 1 536 1 703 1 369 1 461 1 433 1 615 1 710 2 320 2 348 1 479 1 611 1 540 1 626 1 124 1 352 3 419 2 372 1 336 1 367 1 425 1 477 3 572 1 480 2 608 1 562 1 437 1 802 1 359 1 295 1 340 1 355 1 277 2 317 1 325 1 334 1 418 1 699 1 315 1 614 1 310 2
94 17 43 284 1 300 2 356 1 352 2 123 2 124 1 372 1 314 1 332 2 467 3 477 2 598 1 480 1 481 1 485 2 608 1 497 1 562 3 673 1 701 2 437 2 330 1 377 1 800 1 509 1 623 1 295 1 355 1 340 1 325 3 334 1 339 1 447 1 568 1 541 1 357 1 499 1 729 1 288 1 445 1 502 2 310 1 331 1
104 19 47 319 1 716 1 404 2 484 1 459 1 320 4 612 2 540 1 348 2 414 2 476 1 479 1 124 2 430 1 507 1 647 1 419 1 308 1 367 2 425 1 578 1 497 1 585 1 437 1 400 1 467 1 477 2 481 3 485 2 330 1 359 3 446 1 483 1 355 1 340 2 521 1 378 2 286 2 317 1 651 1 334 1 527 1 499 1 375 1 270 1 502 2 292 1
112 21 59 633 1 534 1 640 2 353 3 420 2 475 1 427 1 299 1 337 2 338 1 474 1 696 1 407 1 374 2 280 1 301 1 405 2 522 1 573 1 537 2 639 1 504 1 319 1 404 4 291 1 269 1 393 1 320 2 348 2 414 1 479 1 612 1 540 1 396 1 124 1 647 1 332 2 400 2 367 1 425 1 477 2 574 2 481 1 672 1 497 2 562 2 585 1 436 1 330 1 509 1 340 2 355 1 489 1 401 1 538 1 697 1 357 1 413 1 421 1
//IdTournes NbColis
22 6
//IdColis IdCommandeInColis NbProducts IdProd1 QtyProd1 IdProd2 QtyProd2 ...
117 22 42 653 1 484 1 289 2 319 1 348 1 403 2 414 1 476 1 612 1 397 1 320 5 123 1 647 1 400 1 650 1 656 1 467 1 477 1 671 1 673 1 623 1 330 3 340 2 378 1 489 1 355 1 334 1 538 1 277 1 279 1 286 1 317 1 325 1 614 1 643 1 413 1 375 1 267 1 548 1 445 1 310 1 554 1
127 24 48 731 1 704 1 736 1 376 1 319 1 404 1 703 2 291 2 415 2 461 1 710 1 269 1 320 4 403 1 654 1 300 1 406 2 419 1 430 3 123 1 425 1 477 2 481 1 578 3 608 1 585 1 673 1 497 2 621 2 437 3 330 1 446 1 450 1 378 1 620 2 567 1 334 1 339 1 532 1 699 1 735 2 421 1 614 1 729 2 270 2 288 1 310 1 331 1
138 28 39 271 1 319 1 404 1 473 1 716 1 291 1 269 1 320 3 476 1 429 1 612 1 406 2 430 1 647 2 123 2 388 2 336 1 367 1 423 1 481 1 718 2 672 1 673 2 778 1 446 1 450 1 455 1 623 1 378 1 303 1 334 3 541 1 631 1 413 1 375 2 499 1 729 1 292 1 310 1
147 31 44 383 1 407 1 530 1 316 1 343 1 522 1 526 1 587 2 666 1 297 1 319 2 369 1 459 1 397 1 320 5 540 1 654 1 476 2 406 1 356 1 430 3 675 1 124 1 372 3 512 1 314 1 400 1 336 2 621 1 656 1 718 1 467 2 425 1 598 1 450 1 717 1 277 1 334 1 375 2 421 1 614 1 729 1 445 3 331 1
151 32 36 504 1 727 1 404 1 484 1 473 2 716 1 653 1 269 1 393 1 320 3 612 1 540 1 123 3 388 2 314 2 481 1 673 1 497 2 585 1 718 1 330 1 295 1 521 1 286 1 303 1 317 1 334 3 418 1 482 1 631 1 267 1 315 1 357 1 375 1 421 1 499 1
160 35 54 525 1 543 2 470 1 580 1 338 1 600 1 582 1 361 1 374 2 530 1 280 1 506 1 667 1 343 1 345 1 704 1 545 1 376 1 297 1 305 1 319 1 404 2 484 1 710 2 320 2 403 1 348 1 553 2 476 1 479 1 654 1 284 1 406 1 419 1 430 2 124 3 372 1 608 2 497 2 562 1 701 1 656 2 295 1 378 1 620 2 277 2 334 2 447 1 527 1 532 1 375 1 499 1 539 1 502 1
//IdTournes NbColis
23 6
//IdColis IdCommandeInColis NbProducts IdProd1 QtyProd1 IdProd2 QtyProd2 ...
164 36 30 710 1 320 2 403 1 414 2 356 1 123 2 124 1 300 1 400 1 336 2 477 1 572 1 673 1 621 1 650 1 436 1 509 1 295 2 355 1 521 2 620 2 527 1 541 1 279 1 303 1 421 1 499 1 445 1 502 1 554 1
167 37 43 404 2 570 1 536 3 653 1 271 1 433 2 320 1 348 1 553 1 476 2 406 1 352 1 419 1 675 2 647 1 123 1 124 1 284 1 514 1 372 1 423 1 425 1 477 1 481 1 673 2 496 2 562 1 718 1 437 1 388 2 330 2 446 1 717 1 355 1 620 3 295 1 317 1 541 1 286 1 375 1 270 2 445 1 502 1
171 38 20 626 1 269 1 356 1 123 1 480 2 574 1 578 1 562 1 585 1 436 1 509 1 325 1 277 1 279 1 303 1 357 1 499 1 643 1 267 1 548 1
174 39 45 560 1 733 1 282 1 302 1 473 1 653 1 369 1 459 2 433 1 615 1 612 1 269 1 320 2 352 1 463 1 579 1 675 1 123 1 124 1 467 1 477 2 574 1 481 1 673 1 496 1 367 1 330 2 359 1 509 1 355 1 620 2 401 1 568 1 541 1 631 1 286 1 317 1 413 1 375 2 539 1 729 1 502 1 548 1 309 1 554 1
21 4 39 516 1 335 1 347 1 552 2 379 2 465 3 556 1 528 2 503 1 622 1 728 1 274 2 281 1 312 3 607 1 726 1 633 1 534 2 640 3 624 2 707 3 719 1 238 1 363 8 353 3 358 1 420 2 427 1 435 2 543 1 777 1 299 1 470 2 580 1 618 1 693 2 665 1 519 1 361 1
98 18 53 210 1 535 2 624 2 435 2 543 1 525 1 475 2 427 2 777 1 353 2 363 2 652 1 663 1 665 1 337 3 610 1 580 1 498 2 299 1 444 2 644 1 670 1 582 1 508 1 642 1 645 1 625 1 321 1 211 1 667 1 457 1 316 2 493 1 560 2 545 1 666 1 522 1 605 1 442 1 302 1 306 1 536 2 653 1 484 1 319 1 369 1 461 3 291 2 654 1 403 1 348 2 553 1 476 1
//IdTournes NbColis
24 6
//IdColis IdCommandeInColis NbProducts IdProd1 QtyProd1 IdProd2 QtyProd2 ...
74 14 36 613 1 640 1 624 1 707 1 363 8 431 2 420 3 475 1 543 2 353 2 358 3 392 2 524 1 498 3 693 2 652 1 338 2 519 1 681 1 630 1 321 1 508 1 642 3 625 1 361 4 301 2 316 2 448 1 405 1 544 2 211 1 354 1 452 2 682 1 287 3 476 1
130 25 22 211 2 424 2 376 1 271 2 415 2 433 1 269 1 320 2 403 1 429 1 284 1 406 2 419 1 430 2 423 2 425 1 436 2 437 1 279 1 303 1 334 1 418 1
76 14 30 650 1 701 1 739 1 437 2 446 2 377 1 800 2 330 3 359 1 295 1 340 1 620 1 567 1 279 2 334 1 568 1 538 1 541 1 418 1 527 1 325 1 267 2 315 1 375 1 499 1 539 1 288 3 502 1 554 1 408 2
42 8 29 372 1 423 3 598 1 496 1 497 1 701 1 656 1 308 1 314 1 450 1 330 1 455 2 568 1 651 1 418 1 697 1 631 1 325 1 334 2 375 1 421 1 691 1 499 1 267 1 357 1 502 1 445 1 310 1 331 1
69 13 31 284 2 300 1 423 1 467 1 595 1 425 1 477 2 598 1 480 1 701 2 436 1 608 2 672 1 621 2 377 1 623 1 509 1 340 1 620 1 279 1 286 1 541 1 267 2 357 1 375 2 270 1 309 1 502 1 292 1 408 3 554 1
6 1 15 717 1 489 1 620 2 317 2 325 1 334 2 339 1 357 2 375 2 614 1 499 1 270 3 288 2 502 1 310 1
//IdTournes NbColis
25 6
//IdColis IdCommandeInColis NbProducts IdProd1 QtyProd1 IdProd2 QtyProd2 ...
16 3 22 437 1 314 1 367 1 330 3 446 1 483 2 509 1 453 1 359 1 717 1 340 1 521 1 378 1 620 3 355 1 527 1 541 1 279 1 614 2 729 1 270 1 408 1
28 5 54 282 1 302 2 493 1 500 2 704 1 343 5 526 1 271 1 297 1 305 1 536 1 404 1 484 2 291 2 433 2 269 1 397 1 320 5 403 1 348 1 414 1 479 2 396 3 284 2 300 1 356 1 675 1 352 1 419 1 372 2 332 2 367 2 467 2 477 5 608 1 673 1 621 2 656 1 436 1 336 1 481 1 330 1 359 1 450 2 279 1 286 1 303 1 325 1 699 1 631 1 482 1 499 1 501 1 729 1
29 5 5 270 1 309 1 502 1 310 1 408 2
38 7 2 375 1 270 1
99 18 41 269 1 393 1 397 1 320 3 406 2 419 1 675 1 372 1 400 2 621 1 436 1 423 1 477 2 481 2 672 1 673 1 496 1 497 1 332 3 623 1 446 1 330 1 455 1 340 2 334 2 538 2 541 1 651 1 447 1 527 2 482 1 286 1 303 1 317 2 643 1 375 1 539 2 270 2 288 1 310 1 331 1
123 23 25 406 1 372 1 388 2 598 1 574 2 481 1 425 1 477 1 673 2 621 1 656 1 436 4 332 2 509 1 446 1 455 1 377 1 620 1 286 1 317 1 334 2 418 1 421 1 288 1 310 1
//IdTournes NbColis
26 6
//IdColis IdCommandeInColis NbProducts IdProd1 QtyProd1 IdProd2 QtyProd2 ...
12 2 2 375 2 288 1
46 9 8 527 4 315 2 357 3 421 1 288 1 309 1 445 1 408 1
88 16 22 332 3 336 1 485 2 467 3 477 3 673 2 497 5 562 2 437 1 717 1 340 1 355 2 567 2 334 3 697 1 541 1 569 1 357 2 421 2 499 1 501 1 288 1
154 33 34 297 1 319 1 404 1 461 1 615 1 320 2 479 1 540 1 612 2 406 2 430 2 336 2 367 1 423 2 485 1 496 2 701 1 656 1 467 1 425 1 497 1 562 1 446 1 359 1 377 1 340 1 620 1 527 1 697 1 541 1 699 1 735 2 532 1 357 1
113 21 2 421 1 502 1
109 20 1 643 2
