//NbTournees
4
//IdTournes NbColis
1 6
//IdColis IdCommandeInColis NbProducts IdProd1 QtyProd1 IdProd2 QtyProd2 ...
1 1 21 10 1 8 1 12 1 107 4 146 1 14 2 20 1 23 1 15 1 32 1 36 1 159 1 179 1 30 1 38 1 155 1 1 1 29 1 144 1 58 1 177 1
2 1 34 62 1 96 2 18 1 24 2 47 2 5 1 34 1 110 1 7 3 31 1 150 1 152 1 154 1 173 1 6 1 148 1 74 1 78 1 2 1 4 3 11 3 41 3 63 1 166 2 175 1 109 1 98 1 102 2 103 2 104 1 71 1 181 1 65 1 83 1
4 2 30 95 1 111 1 15 1 54 1 26 1 43 1 62 1 86 1 37 1 19 1 82 1 110 1 84 1 78 1 2 1 4 2 11 2 41 2 88 1 109 1 98 1 100 2 103 2 104 1 66 1 91 2 64 1 65 1 83 5 97 5
5 3 29 89 1 92 1 81 1 107 1 112 1 9 1 39 1 26 1 46 1 79 1 28 2 47 1 101 1 52 1 2 1 4 2 11 2 16 2 41 2 88 1 98 1 100 2 103 2 104 1 99 1 64 4 83 5 97 5 60 1
7 4 33 93 1 13 1 27 1 40 1 26 1 49 1 50 1 53 1 25 1 62 1 96 1 37 1 47 1 44 1 72 1 78 1 2 1 4 2 11 2 41 2 63 1 94 1 98 1 100 2 103 2 104 1 116 1 113 1 75 1 64 2 65 1 83 5 97 5
8 5 34 85 1 9 1 21 1 45 1 39 1 3 1 26 2 55 1 69 1 24 1 90 1 35 1 7 1 6 1 74 2 22 1 2 1 4 2 11 2 41 2 80 2 76 1 61 1 98 1 100 2 103 1 104 1 57 1 58 2 71 2 67 1 64 3 83 5 97 5
//IdTournes NbColis
2 6
//IdColis IdCommandeInColis NbProducts IdProd1 QtyProd1 IdProd2 QtyProd2 ...
10 6 36 106 1 12 1 27 1 42 1 3 1 77 1 48 1 56 1 51 1 73 1 43 1 33 1 35 1 17 1 44 1 2 1 4 2 11 2 41 2 108 1 76 1 98 1 102 2 103 2 104 1 87 2 59 1 68 1 114 1 70 1 105 1 75 1 64 5 83 7 97 7 115 1
12 7 30 161 1 118 1 149 1 156 1 171 1 121 1 48 1 174 1 127 1 170 1 43 1 18 1 19 1 47 2 178 1 141 1 154 1 117 1 2 1 4 2 11 2 16 2 41 2 98 1 100 2 103 2 104 1 180 1 83 4 97 4
14 8 30 123 1 131 1 140 1 146 1 14 1 134 1 142 1 27 1 39 1 157 1 25 1 130 1 163 1 128 1 47 1 129 1 82 1 7 1 122 1 6 1 165 1 2 1 4 3 11 3 41 3 80 2 67 1 70 2 64 1 83 5
17 9 29 133 1 169 1 130 1 144 1 96 1 37 1 33 1 139 1 82 1 110 1 74 1 124 1 2 1 4 2 11 2 41 2 164 1 135 1 162 1 98 1 100 2 103 2 104 1 182 2 114 1 167 1 75 1 83 4 97 5
18 10 31 125 1 126 1 112 1 160 1 159 1 143 1 119 1 136 1 155 1 158 2 62 1 176 1 129 1 84 1 74 1 2 1 4 1 11 1 41 1 61 1 98 1 102 2 103 2 104 1 113 1 75 1 64 2 83 5 97 5 177 1 60 1
21 11 30 189 1 26 2 217 1 195 1 215 1 127 1 25 1 158 2 130 1 191 1 163 2 253 1 47 1 246 1 129 1 193 1 206 1 34 2 101 1 122 1 17 1 154 1 241 1 165 1 239 1 210 1 2 1 4 1 243 1 64 1
//IdTournes NbColis
3 6
//IdColis IdCommandeInColis NbProducts IdProd1 QtyProd1 IdProd2 QtyProd2 ...
24 12 35 224 1 127 1 158 1 170 1 128 1 19 2 101 1 196 1 233 1 185 1 2 1 4 3 11 3 41 3 108 1 80 2 194 1 109 1 98 1 100 2 103 2 104 1 235 1 114 1 223 1 236 1 197 1 75 1 64 4 65 1 83 5 229 1 97 5 115 1 60 1
27 13 35 144 1 69 1 231 1 184 1 19 1 47 1 122 1 196 1 228 1 187 1 230 1 165 1 210 1 2 1 4 3 11 3 41 3 166 1 162 1 100 2 103 2 104 1 221 1 66 1 235 1 181 1 220 1 226 1 222 1 197 1 65 1 83 5 229 1 97 5 177 1
16 9 21 183 1 106 1 8 2 147 1 138 1 112 2 153 1 39 1 32 1 3 1 172 1 151 1 120 1 137 1 145 1 157 1 132 1 168 1 25 1 74 1 83 1
26 13 25 138 1 81 2 234 1 140 1 146 1 232 1 188 1 203 1 208 1 212 1 3 1 213 1 192 1 198 2 199 1 207 1 46 1 202 1 224 1 155 1 225 1 43 1 191 1 98 1 65 1
22 11 25 4 2 11 3 41 3 247 2 252 1 250 1 98 1 100 3 103 3 104 1 237 1 59 2 248 1 249 1 242 1 57 1 58 2 238 1 71 1 240 1 251 1 114 1 113 1 83 8 97 8
20 11 20 244 1 245 1 254 1 126 1 186 1 81 1 12 1 190 1 234 1 140 1 118 1 20 1 149 1 232 1 201 1 218 1 171 1 211 2 219 1 64 1
//IdTournes NbColis
4 2
//IdColis IdCommandeInColis NbProducts IdProd1 QtyProd1 IdProd2 QtyProd2 ...
23 12 22 209 1 227 1 126 1 200 1 147 1 138 1 140 1 146 1 14 1 188 1 32 1 204 1 205 1 208 1 54 1 151 1 214 1 216 1 202 1 51 1 215 1 110 1
3 1 4 181 1 75 1 83 4 97 5
