//NbTournees
15
//IdTournes NbColis
1 6
//IdColis IdCommandeInColis NbProducts IdProd1 QtyProd1 IdProd2 QtyProd2 ...
57 18 29 220 1 89 1 317 1 268 1 333 1 225 1 175 1 209 1 196 2 199 1 241 1 243 1 306 1 214 1 261 1 339 1 97 1 254 1 304 1 78 1 332 2 134 1 232 1 221 1 236 1 34 1 44 1 54 1 182 1
62 20 31 310 1 225 1 175 1 288 1 274 1 209 1 203 1 315 1 248 1 323 1 309 1 257 1 230 2 219 1 304 1 78 1 139 1 326 1 232 2 221 1 336 1 35 1 44 1 181 1 54 1 59 1 26 1 32 1 2 1 3 1 5 1
1 1 26 28 1 233 1 215 1 140 1 298 1 156 1 168 1 225 1 51 1 196 2 199 2 209 2 243 1 1 1 38 1 48 1 62 1 134 1 17 1 137 1 185 1 34 1 44 1 142 1 159 1 231 1
4 2 30 8 1 175 1 225 1 61 1 71 1 196 2 203 1 209 1 1 1 38 1 178 1 219 1 27 1 43 1 14 1 17 2 74 1 224 1 236 1 34 1 44 1 54 1 59 1 26 1 32 1 75 1 130 1 3 1 5 2 6 1
7 3 16 29 1 30 1 31 1 8 1 452 1 7 1 243 1 1 1 38 1 230 1 178 1 19 1 15 1 17 1 18 1 236 1
10 4 22 25 1 8 1 28 1 13 1 156 1 12 1 168 1 225 1 9 1 288 1 196 2 199 1 209 1 259 1 262 1 263 1 267 2 295 1 1 1 38 1 40 1 41 1
//IdTournes NbColis
2 6
//IdColis IdCommandeInColis NbProducts IdProd1 QtyProd1 IdProd2 QtyProd2 ...
13 5 25 8 2 39 1 20 1 225 1 175 1 37 1 196 2 199 1 209 1 52 1 241 1 432 1 1 1 4 1 38 1 48 1 214 1 433 1 45 1 230 1 178 1 22 1 56 1 66 1 42 1
16 6 19 220 2 265 1 24 1 250 1 168 1 225 2 21 1 68 1 196 3 199 2 209 2 52 1 222 1 295 1 241 2 243 2 1 1 4 1 291 1
21 7 31 225 1 37 1 414 1 196 2 199 1 209 1 155 1 52 1 120 1 222 1 241 1 432 1 1 1 4 1 38 2 48 1 214 1 433 1 230 1 178 1 22 1 27 1 43 1 56 1 423 1 66 1 69 1 213 1 128 1 137 2 297 1
24 8 23 94 1 96 1 39 1 81 1 13 1 215 1 168 1 225 1 113 1 196 2 199 1 209 1 295 1 1 1 38 1 214 1 112 1 118 1 178 1 78 1 27 1 232 1 445 1
52 16 25 220 1 110 1 124 1 266 1 308 1 307 1 168 1 225 1 316 1 196 2 199 1 209 1 305 1 311 1 259 1 262 1 263 1 267 2 135 1 1 1 38 1 314 1 322 1 230 1 180 1
66 22 27 28 1 7 1 225 1 175 1 209 1 196 2 203 1 259 1 262 1 263 1 267 2 1 1 38 1 230 1 43 1 232 2 264 1 246 1 35 1 44 1 54 1 59 1 26 1 32 1 75 1 33 1 273 1
//IdTournes NbColis
3 6
//IdColis IdCommandeInColis NbProducts IdProd1 QtyProd1 IdProd2 QtyProd2 ...
74 26 29 28 1 233 1 215 1 298 1 338 1 51 1 243 1 1 1 38 1 62 1 327 1 230 1 78 1 27 1 69 2 17 1 224 1 35 1 44 1 54 1 59 1 318 1 65 1 340 1 33 2 42 2 47 2 58 2 331 1
85 31 28 28 1 225 1 168 1 196 2 199 1 209 1 1 1 38 1 178 1 27 1 134 1 107 1 236 1 246 1 35 1 44 1 54 1 59 1 26 1 32 1 33 2 42 2 47 2 58 2 63 1 36 1 228 2 229 2
95 36 36 28 1 1 1 38 1 230 1 18 1 74 1 334 1 185 1 236 1 280 1 35 1 44 1 54 1 59 1 75 1 318 1 33 1 42 1 47 2 58 2 63 1 36 1 228 1 234 1 237 1 238 1 239 2 244 1 319 1 320 1 325 1 330 2 321 1 331 1 147 1 180 1
11 4 37 15 1 18 1 35 1 44 1 54 1 59 1 26 1 32 1 75 1 2 1 3 1 5 2 6 1 11 1 33 1 42 1 47 2 63 1 58 2 36 1 454 1 228 1 234 1 237 1 238 1 239 2 244 1 10 1 16 2 60 1 337 2 116 1 186 2 184 1 226 1 147 1 180 2
23 7 11 16 2 60 2 162 1 91 1 49 1 426 1 435 1 55 1 111 1 77 1 431 1
28 9 29 18 1 74 1 185 1 136 1 246 1 409 1 301 1 35 1 44 1 54 2 59 2 26 1 32 2 65 1 2 1 3 1 5 2 6 2 11 2 33 2 42 2 47 2 58 2 63 1 464 1 36 1 228 2 229 3 237 1
//IdTournes NbColis
4 6
//IdColis IdCommandeInColis NbProducts IdProd1 QtyProd1 IdProd2 QtyProd2 ...
31 10 33 38 1 48 1 214 1 261 1 97 1 230 1 254 1 22 1 56 1 66 1 69 1 139 1 286 1 232 3 107 1 287 1 128 1 145 1 236 1 35 1 44 1 181 1 54 1 59 1 26 1 32 1 104 1 2 1 3 1 5 2 6 1 11 2 33 2
70 24 32 338 1 12 1 225 1 175 1 203 1 274 1 209 1 353 1 262 1 263 1 267 1 259 1 306 1 299 1 185 1 366 2 224 1 35 1 44 1 54 1 59 1 26 1 32 1 2 1 3 1 5 1 6 1 11 1 33 1 42 1 47 1 337 1
2 1 29 161 1 217 1 54 2 59 2 26 1 32 2 65 1 3 1 5 2 6 2 11 2 33 2 47 2 50 2 58 2 63 1 36 1 216 1 228 2 229 2 235 1 249 2 237 1 238 2 239 3 244 1 247 1 10 1 138 1
35 11 32 232 2 128 1 137 1 185 1 145 1 35 1 44 1 54 1 59 1 26 1 32 1 223 1 3 1 5 2 6 1 11 2 33 2 42 2 47 2 117 1 58 2 63 1 382 1 36 1 76 1 228 2 237 1 238 2 239 2 244 1 247 1 249 1
25 8 31 232 1 15 1 136 1 236 1 451 1 35 1 44 1 54 1 59 1 26 1 32 1 33 2 42 2 47 2 63 1 58 2 36 1 216 1 228 2 229 3 235 1 237 1 238 2 10 1 60 2 313 2 79 1 87 1 184 2 147 1 180 2
36 11 19 249 1 234 1 10 1 16 2 60 2 337 2 49 1 57 1 116 1 55 1 79 1 119 1 70 1 186 2 457 1 362 1 456 1 147 1 177 1
//IdTournes NbColis
5 6
//IdColis IdCommandeInColis NbProducts IdProd1 QtyProd1 IdProd2 QtyProd2 ...
30 10 16 109 1 84 1 85 1 438 1 338 1 12 1 225 1 168 1 288 1 37 1 209 1 196 2 199 1 52 1 241 3 4 1
34 11 28 333 1 123 1 225 1 175 1 68 1 196 2 203 2 209 2 449 1 52 1 120 1 248 1 4 1 108 1 214 1 339 1 45 1 230 2 463 1 219 1 22 1 56 1 66 1 69 1 294 1 326 1 256 1 458 1
40 12 43 229 1 237 1 238 2 242 2 244 1 247 1 249 2 10 1 16 2 60 2 284 1 151 1 210 1 80 1 105 1 49 1 73 1 83 1 418 1 428 1 192 1 165 1 64 1 329 2 55 1 111 1 70 1 153 1 212 1 158 2 188 1 147 1 149 1 187 1 205 1 324 1 297 3 278 1 121 1 141 1 173 1 194 2 207 1
77 27 33 241 1 248 2 446 1 243 1 4 1 38 1 230 1 254 1 257 1 22 1 27 1 56 1 66 1 69 1 332 1 326 1 221 2 128 1 137 1 185 1 236 1 35 1 44 1 54 1 59 1 26 1 32 1 86 1 33 2 42 2 47 2 53 1 158 1
60 19 25 28 1 39 1 341 1 7 1 272 1 225 1 175 1 196 2 209 1 203 1 243 1 306 1 230 1 128 1 185 1 365 1 264 1 246 1 35 1 44 1 54 1 59 1 26 1 32 1 237 1
63 20 28 6 1 11 1 33 1 42 1 47 1 58 1 63 1 36 1 216 1 228 1 229 2 235 1 269 1 270 1 271 2 242 2 244 1 247 1 249 1 10 1 313 1 60 1 337 2 182 1 197 1 186 2 158 1 324 2
//IdTournes NbColis
6 6
//IdColis IdCommandeInColis NbProducts IdProd1 QtyProd1 IdProd2 QtyProd2 ...
38 12 26 123 1 175 1 225 1 101 1 103 1 113 1 415 2 427 1 196 2 203 1 209 1 442 1 191 1 450 1 82 1 412 1 420 1 421 1 429 2 402 1 214 1 261 1 394 1 230 4 22 1 27 1
49 15 23 346 1 8 1 348 1 265 1 156 1 168 1 225 1 345 1 196 2 199 1 209 1 344 1 354 1 355 1 356 1 243 2 342 1 48 1 351 1 359 1 178 1 232 1 33 1
42 13 24 8 1 126 1 233 1 125 1 211 1 215 1 172 1 307 1 343 1 101 1 350 1 71 1 155 1 240 1 241 1 248 2 243 1 351 1 230 1 69 1 358 1 232 1 15 1 185 1
64 21 27 8 1 378 1 389 1 225 1 175 1 209 1 196 2 199 1 344 1 380 1 241 1 248 1 243 1 232 2 236 1 246 2 167 1 34 1 44 1 54 1 59 1 26 1 32 1 75 1 33 2 47 2 138 1
68 23 26 376 1 110 1 39 1 265 1 225 1 168 1 196 1 199 1 209 1 375 1 259 1 262 1 263 1 267 1 163 1 359 1 230 1 185 1 34 1 44 1 54 1 59 1 26 1 32 1 33 1 369 1
55 17 26 370 1 386 1 28 1 265 1 225 1 175 1 209 1 196 2 203 1 359 1 178 1 232 1 185 1 189 1 236 1 35 1 44 1 54 1 59 1 26 1 32 1 385 1 33 1 42 1 47 2 363 1
//IdTournes NbColis
7 6
//IdColis IdCommandeInColis NbProducts IdProd1 QtyProd1 IdProd2 QtyProd2 ...
93 35 29 28 1 303 1 390 2 384 1 274 1 209 1 371 1 374 1 359 1 230 1 18 1 302 1 185 1 35 1 44 1 54 1 59 1 318 1 33 1 42 1 47 2 58 2 63 1 36 1 269 1 270 1 271 2 242 2 244 1
79 28 29 29 1 372 1 71 1 381 1 306 1 230 1 388 1 257 1 232 2 185 1 167 1 34 1 44 1 54 1 59 1 223 1 318 1 33 1 47 1 50 1 63 1 72 1 382 1 36 1 228 1 234 1 237 1 238 1 331 1
39 12 33 232 3 128 2 137 1 419 1 264 1 167 1 44 1 35 1 417 1 443 1 54 1 59 1 26 1 32 1 223 1 75 2 127 1 86 1 47 2 33 2 42 2 425 1 117 1 58 2 63 1 440 1 36 1 216 1 235 1 76 1 228 2 229 1 426 1
61 19 24 75 1 86 1 33 1 42 1 47 1 58 1 63 1 36 1 216 1 228 1 229 1 235 1 238 1 242 1 244 1 247 1 249 1 10 1 313 1 60 1 361 1 367 1 273 1 180 1
97 37 32 373 1 215 1 265 1 168 1 379 1 196 1 199 1 209 1 356 1 306 1 178 1 185 2 35 1 44 1 387 1 54 1 59 1 26 1 32 1 75 1 33 1 42 1 47 1 58 1 63 1 36 1 234 1 10 1 313 1 60 1 182 1 147 1
20 7 15 95 1 220 2 94 1 39 2 13 1 20 1 102 1 115 2 430 1 227 1 88 1 92 1 114 1 168 1 147 1
//IdTournes NbColis
8 6
//IdColis IdCommandeInColis NbProducts IdProd1 QtyProd1 IdProd2 QtyProd2 ...
37 12 13 96 1 110 2 39 2 20 2 89 1 90 1 99 1 100 1 413 1 424 1 439 2 131 3 197 1
47 14 60 239 1 244 1 247 1 249 2 10 1 16 2 60 1 164 1 284 1 182 1 275 1 279 1 210 1 405 1 197 1 258 1 206 1 165 1 87 1 179 1 281 1 289 1 292 1 400 1 208 1 231 1 407 1 143 1 144 1 150 1 170 1 174 1 277 1 291 1 273 1 190 1 218 1 154 1 201 1 397 1 133 1 147 1 171 1 176 1 177 1 187 1 195 1 404 1 278 1 285 1 357 1 408 1 141 1 169 1 198 1 202 1 204 1 276 1 152 1 157 1
99 38 35 92 1 175 1 225 1 203 1 274 1 209 1 403 1 259 1 262 1 263 1 267 1 306 1 399 1 336 1 35 1 44 1 54 1 59 1 26 1 32 1 33 1 42 1 47 1 58 1 63 1 36 1 216 1 228 1 235 1 269 1 270 1 10 1 313 1 60 1 398 1
5 2 28 11 2 33 2 47 2 50 2 63 1 72 2 36 1 216 1 228 1 229 2 235 1 237 1 238 1 242 2 244 1 247 1 249 1 10 1 16 2 60 2 162 1 186 2 146 1 226 1 245 1 147 1 180 3 160 1
14 5 37 69 1 139 1 256 1 213 1 232 1 148 1 466 1 145 1 451 1 35 1 44 1 161 1 54 1 59 1 26 1 32 1 223 1 33 1 47 2 58 2 63 1 461 1 36 1 237 1 238 1 242 2 244 1 247 1 249 1 76 1 216 1 228 1 229 2 235 1 10 1 16 2 465 1
18 6 26 58 2 63 1 36 1 76 1 216 1 235 1 228 2 229 3 237 1 238 2 242 3 244 1 247 1 249 2 10 1 16 2 60 2 182 1 49 1 73 1 23 1 55 1 67 1 70 1 297 1 278 1
//IdTournes NbColis
9 6
//IdColis IdCommandeInColis NbProducts IdProd1 QtyProd1 IdProd2 QtyProd2 ...
22 7 27 148 2 221 2 434 1 145 1 136 1 44 1 35 1 54 2 59 2 26 1 32 2 223 1 33 2 47 2 50 2 58 2 63 1 36 1 228 2 234 1 249 2 237 1 238 2 239 3 244 1 247 1 10 1
29 9 20 238 2 242 3 244 1 247 1 249 2 216 1 235 1 10 1 60 2 313 2 460 1 106 1 281 1 468 1 293 1 300 1 143 1 147 1 180 1 195 1
32 10 29 42 2 47 2 58 2 63 1 36 1 228 1 234 1 237 1 238 1 239 2 244 1 247 1 249 1 10 1 313 2 60 2 361 1 337 2 197 1 49 1 206 1 116 1 55 1 431 1 186 2 328 1 447 1 169 1 448 1
50 15 30 236 1 246 3 34 1 44 1 54 1 59 1 26 1 32 1 47 2 50 1 63 1 72 2 36 1 216 1 228 2 229 3 235 1 237 1 238 2 242 3 244 1 247 1 249 1 10 1 16 2 60 1 252 1 147 1 180 2 251 1
54 16 9 244 1 247 1 249 2 10 1 313 2 60 1 258 2 335 1 312 1
56 17 19 58 2 63 1 36 1 216 1 228 2 229 3 235 1 269 1 270 2 271 3 242 3 244 1 247 1 249 2 10 1 313 2 60 1 138 1 180 1
//IdTournes NbColis
10 6
//IdColis IdCommandeInColis NbProducts IdProd1 QtyProd1 IdProd2 QtyProd2 ...
58 18 26 59 1 26 1 32 1 33 1 47 2 50 1 58 2 63 1 36 1 228 2 234 1 237 1 238 2 239 3 244 1 247 1 249 2 10 1 16 2 60 1 197 1 57 1 329 1 67 1 70 1 328 1
65 21 22 50 2 58 2 63 1 36 1 216 1 228 2 229 2 235 1 237 1 238 2 242 2 244 1 247 1 249 2 10 1 16 2 60 2 57 1 329 1 111 1 282 1 357 1
67 22 26 33 1 42 2 47 2 58 2 63 1 360 1 36 1 216 1 228 1 229 2 235 1 237 1 238 1 242 2 244 1 247 1 249 1 10 1 313 2 60 2 364 1 368 1 362 1 147 1 357 1 194 1
69 23 18 47 2 50 1 63 1 72 2 36 1 228 1 234 1 237 1 238 1 239 2 244 1 247 1 249 1 10 1 16 2 60 1 292 1 147 1
71 24 22 58 1 63 1 36 1 216 1 228 1 229 1 235 1 269 1 270 1 271 1 242 1 244 1 247 1 249 1 10 1 313 1 60 1 337 1 23 1 349 1 186 2 363 1
73 25 21 58 1 63 1 36 1 216 1 228 1 229 2 235 1 237 1 238 1 242 2 244 1 247 1 249 1 10 1 16 2 60 1 293 1 184 1 147 1 180 2 194 1
//IdTournes NbColis
11 6
//IdColis IdCommandeInColis NbProducts IdProd1 QtyProd1 IdProd2 QtyProd2 ...
78 27 20 58 2 63 1 36 1 228 2 237 1 238 2 239 3 244 1 247 1 249 2 234 1 10 1 16 2 60 2 49 1 192 1 55 1 70 1 297 2 180 1
82 29 15 271 1 242 2 244 1 247 1 249 1 216 1 229 2 235 1 10 1 16 2 60 1 226 1 147 1 180 1 195 1
84 30 19 58 2 63 1 36 1 228 1 229 2 235 1 237 1 238 1 242 2 244 1 247 1 249 1 216 1 10 1 313 2 60 1 164 1 106 2 397 1
86 31 12 235 1 237 1 238 2 242 2 244 1 247 1 249 2 216 1 10 1 313 2 60 2 180 2
88 32 11 237 1 238 1 242 2 244 1 247 1 249 1 216 1 235 1 10 1 313 2 60 1
90 33 9 239 2 244 1 247 1 249 1 234 1 10 1 313 2 60 1 180 2
//IdTournes NbColis
12 6
//IdColis IdCommandeInColis NbProducts IdProd1 QtyProd1 IdProd2 QtyProd2 ...
92 34 12 237 1 238 2 239 2 244 1 247 1 249 2 234 1 10 1 16 2 60 1 335 1 194 1
101 39 32 175 1 225 1 203 1 274 1 209 1 393 1 35 1 44 1 54 1 59 1 26 1 32 1 33 1 42 1 47 1 58 1 63 1 36 1 216 1 228 1 229 2 235 1 237 1 238 1 242 2 244 1 247 1 249 1 10 1 313 1 60 1 49 1
103 40 37 100 1 175 1 225 1 101 1 203 1 274 1 209 1 306 1 230 1 185 1 409 1 280 1 35 1 44 1 54 1 59 1 26 1 32 1 33 1 42 1 47 1 58 1 63 1 36 1 228 1 234 1 237 1 238 1 239 1 244 1 247 1 249 1 10 1 313 1 60 1 335 1 258 1
27 9 23 94 1 215 1 467 1 265 1 99 1 298 1 338 1 93 1 225 1 168 1 98 1 196 2 199 2 209 2 406 1 118 1 27 1 423 1 66 1 469 1 296 1 17 2 459 1
72 25 32 94 1 131 1 225 1 175 1 437 1 196 1 203 1 209 1 311 1 262 1 263 1 267 1 259 1 394 1 118 1 232 1 221 1 185 1 189 1 35 1 44 1 54 1 59 1 26 1 32 1 253 1 411 1 33 1 42 1 47 2 58 1 179 1
76 27 19 347 1 220 1 96 1 444 1 114 1 225 1 250 1 175 1 37 1 196 3 199 2 209 2 449 1 352 1 441 1 222 1 295 1 241 1 339 1
//IdTournes NbColis
13 6
//IdColis IdCommandeInColis NbProducts IdProd1 QtyProd1 IdProd2 QtyProd2 ...
81 29 32 28 1 123 1 225 1 168 1 422 1 196 1 199 1 209 1 262 1 263 1 259 1 267 1 306 1 416 1 286 1 185 1 35 1 44 1 54 1 59 1 26 1 32 1 33 1 47 2 50 1 58 2 63 1 360 1 36 1 228 1 237 1 238 1
83 30 29 308 1 114 1 225 1 175 1 196 2 199 1 209 1 262 1 263 1 267 2 241 1 259 1 306 1 402 1 230 1 232 2 290 1 236 1 35 1 44 1 54 1 59 1 26 1 32 1 75 1 33 1 42 1 47 2 331 1
89 33 31 410 1 110 1 390 1 225 1 175 1 196 1 203 1 209 1 38 1 230 1 43 1 185 2 264 1 236 1 35 1 44 1 142 1 54 1 59 1 26 1 32 1 33 1 42 1 47 2 58 2 63 1 36 1 228 1 237 1 238 1 184 1
3 1 11 16 2 60 2 164 1 151 1 64 1 183 1 218 1 171 1 180 2 297 1 152 1
17 6 31 38 1 48 1 214 1 255 1 261 1 254 1 257 1 230 1 22 1 56 1 66 1 69 1 256 1 294 1 296 1 232 2 148 1 221 2 145 1 35 1 44 1 54 1 59 1 26 1 32 1 75 1 223 1 33 2 42 2 47 2 53 1
45 14 27 124 1 129 1 132 1 168 1 225 1 391 1 196 2 199 1 209 1 135 1 163 1 262 1 263 1 267 2 323 1 259 1 406 1 243 1 392 1 395 1 359 1 394 1 118 1 230 2 43 1 139 1 260 1
//IdTournes NbColis
14 6
//IdColis IdCommandeInColis NbProducts IdProd1 QtyProd1 IdProd2 QtyProd2 ...
91 34 27 347 1 110 1 225 1 175 1 196 2 199 1 209 2 356 1 241 1 436 1 366 1 246 1 280 1 34 1 44 1 54 1 59 1 26 1 32 1 33 1 47 2 50 1 63 1 72 2 36 1 228 2 147 1
46 14 35 232 1 200 1 193 1 189 2 290 1 396 1 236 2 280 1 246 1 35 1 44 1 142 1 159 1 181 2 54 1 59 1 26 1 32 1 75 1 65 1 340 1 33 1 47 2 50 1 58 2 63 1 401 1 166 1 283 1 36 1 228 2 234 1 237 1 238 2 239 1
53 16 32 178 1 27 1 139 1 256 1 260 1 232 2 236 3 246 1 35 1 44 1 54 1 59 1 26 1 32 1 253 1 65 1 33 1 42 1 47 2 58 2 63 1 36 1 216 1 228 2 229 2 235 1 237 1 270 1 238 1 271 2 242 2 147 1
87 32 27 109 1 220 1 28 1 225 1 175 1 196 1 199 1 209 1 248 1 359 1 219 1 185 1 35 1 44 1 54 1 59 1 26 1 32 1 33 1 42 1 47 2 58 2 63 1 36 1 228 1 229 2 335 1
8 3 32 287 1 236 2 35 1 44 1 54 1 59 1 75 1 318 1 33 2 42 2 47 2 58 2 63 1 36 1 216 1 228 2 229 2 235 1 237 1 238 2 242 2 244 1 319 1 320 1 325 2 330 2 281 2 453 1 277 1 273 1 147 1 180 3
43 13 28 185 1 246 2 35 1 44 1 54 2 59 2 318 1 33 2 42 2 47 2 58 2 63 1 36 1 228 2 234 1 237 1 239 2 244 1 247 1 249 2 238 2 319 1 320 2 325 2 330 2 197 1 122 1 184 1
//IdTournes NbColis
15 5
//IdColis IdCommandeInColis NbProducts IdProd1 QtyProd1 IdProd2 QtyProd2 ...
80 28 15 239 2 244 1 247 1 249 1 319 1 320 1 325 1 330 1 162 1 206 1 192 1 377 1 147 1 180 1 383 1
75 26 18 63 1 36 1 216 1 228 2 229 3 235 1 237 1 238 2 242 3 244 1 247 1 249 2 319 1 320 1 325 2 330 2 165 1 293 1
15 5 9 60 1 462 1 57 1 455 1 329 1 55 1 46 1 70 1 328 1
94 35 10 247 1 249 1 216 1 228 1 229 2 235 1 319 1 320 1 325 1 330 2
44 13 2 226 1 180 1
