//NbTournees
10
//IdTournes NbColis
1 6
//IdColis IdCommandeInColis NbProducts IdProd1 QtyProd1 IdProd2 QtyProd2 ...
4 1 7 285 1 124 1 118 1 274 1 1 1 23 1 18 1
27 2 21 210 3 215 1 248 3 269 3 169 2 40 1 114 1 256 1 123 1 204 1 247 1 183 1 219 1 104 2 2 2 195 1 296 4 177 1 226 2 150 1 163 2
8 1 19 134 2 78 1 73 1 279 1 3 1 30 1 46 2 54 1 99 1 129 1 111 2 112 2 198 1 178 1 29 1 142 1 153 1 192 1 13 1
23 2 17 72 2 53 1 155 1 157 1 202 1 272 1 108 2 166 2 175 2 171 1 134 2 73 1 4 1 21 1 22 1 39 1 201 1
28 2 39 225 1 253 3 238 1 323 1 297 2 298 3 300 1 310 2 336 1 316 2 317 2 338 1 339 1 267 2 308 1 326 1 301 1 331 1 258 1 246 1 261 2 265 1 328 1 337 1 264 1 305 2 262 1 341 1 327 1 5 1 120 1 250 3 244 1 309 1 311 1 313 2 151 1 229 1 9 1
35 3 19 53 1 56 1 108 1 149 1 180 2 166 1 175 1 6 1 134 2 279 1 7 2 21 1 46 1 50 1 51 1 54 1 57 1 117 1 111 1
//IdTournes NbColis
2 6
//IdColis IdCommandeInColis NbProducts IdProd1 QtyProd1 IdProd2 QtyProd2 ...
14 1 22 352 1 244 1 250 3 309 1 229 1 232 2 236 2 242 2 252 2 237 2 8 2 28 1 32 1 33 3 42 2 58 1 294 1 126 1 325 3 329 1 349 2 324 1
13 1 27 332 1 297 4 298 4 300 2 316 3 317 4 338 2 351 1 339 2 267 3 308 2 217 1 10 1 12 1 34 2 331 3 326 2 301 1 328 1 264 1 305 1 303 3 11 1 283 1 262 1 327 1 19 1
38 3 31 226 1 249 1 253 3 267 2 297 2 298 3 300 1 310 1 308 1 34 1 301 1 261 1 265 1 264 1 303 2 305 3 290 1 250 1 232 1 236 1 242 1 252 1 237 1 9 1 33 2 42 2 44 1 126 2 266 3 302 2 257 1
49 4 24 316 1 317 1 34 1 288 1 258 1 261 1 265 1 305 3 263 3 19 2 290 1 244 1 250 4 309 1 311 1 313 3 242 1 252 1 231 1 9 2 33 2 42 1 103 1 113 1
6 1 9 14 2 93 6 284 2 79 1 52 1 144 1 193 1 208 1 261 1
9 1 16 192 1 13 1 80 2 70 2 102 4 239 1 307 1 342 1 138 3 205 2 320 1 234 2 254 2 216 1 55 1 292 1
//IdTournes NbColis
3 6
//IdColis IdCommandeInColis NbProducts IdProd1 QtyProd1 IdProd2 QtyProd2 ...
25 2 18 142 2 212 1 13 2 70 2 87 1 102 3 342 1 137 2 138 1 152 1 190 2 254 1 234 1 330 1 55 2 206 1 278 1 324 1
33 3 4 116 4 127 1 14 1 204 1
36 3 20 112 1 129 1 132 1 273 1 121 1 289 1 228 1 181 1 142 4 192 1 13 1 102 1 239 1 137 1 152 1 230 1 234 2 254 1 143 2 245 1
44 4 7 276 1 105 1 14 1 24 4 93 5 94 1 262 1
57 5 17 82 1 51 1 117 1 111 2 112 3 128 1 129 1 130 2 281 1 121 1 289 2 321 1 333 1 159 2 178 1 192 1 13 1
58 5 18 192 1 212 1 13 1 87 1 70 2 102 2 282 1 239 1 342 2 170 1 190 2 234 3 254 2 319 1 75 1 69 1 55 2 264 1
//IdTournes NbColis
4 6
//IdColis IdCommandeInColis NbProducts IdProd1 QtyProd1 IdProd2 QtyProd2 ...
59 5 17 55 1 176 1 200 1 184 1 206 1 207 2 278 3 140 3 146 1 196 1 318 1 74 2 77 2 92 6 67 2 314 1 15 1
1 1 4 17 2 47 2 16 1 305 1
2 1 3 47 4 16 1 305 1
3 1 3 48 4 16 1 305 1
17 2 3 17 4 16 1 303 1
18 2 3 48 4 16 1 303 1
//IdTournes NbColis
5 6
//IdColis IdCommandeInColis NbProducts IdProd1 QtyProd1 IdProd2 QtyProd2 ...
19 2 3 116 4 16 1 305 1
40 4 4 17 1 47 3 16 1 303 1
41 4 4 47 2 48 2 16 1 303 1
43 4 5 16 4 291 1 25 1 105 1 55 1
32 3 4 17 2 48 2 286 1 55 1
52 5 4 17 2 47 2 286 1 216 1
//IdTournes NbColis
6 6
//IdColis IdCommandeInColis NbProducts IdProd1 QtyProd1 IdProd2 QtyProd2 ...
21 2 7 124 1 285 1 274 1 122 1 18 1 71 1 93 3
37 3 27 207 1 213 1 278 1 146 1 92 3 277 1 220 1 26 3 62 3 109 1 110 2 106 1 240 1 275 1 20 1 27 1 248 1 269 1 169 1 173 1 268 1 247 1 183 1 167 1 177 2 222 1 224 1
62 5 31 297 1 300 2 345 1 348 2 316 3 317 4 338 2 351 1 339 2 308 1 217 1 34 1 326 2 301 3 331 1 246 2 261 1 265 1 264 2 303 3 305 4 37 1 283 1 262 1 263 1 346 1 350 1 327 1 19 2 290 2 313 1
56 5 18 72 1 100 1 108 2 133 1 141 3 175 1 95 1 119 1 73 1 22 1 30 1 35 1 38 1 39 1 46 2 65 1 76 1 57 1
5 1 9 25 1 96 1 286 1 105 1 71 1 127 3 293 1 24 2 183 1
11 1 18 314 1 188 3 220 1 26 1 59 1 106 2 62 4 109 1 110 2 340 2 135 2 158 1 148 1 189 1 191 1 201 4 215 2 248 4
//IdTournes NbColis
7 6
//IdColis IdCommandeInColis NbProducts IdProd1 QtyProd1 IdProd2 QtyProd2 ...
63 5 24 290 1 352 1 244 1 250 4 311 1 313 1 229 1 242 2 252 2 236 2 237 2 28 2 33 2 42 2 66 2 81 1 241 4 61 2 235 1 292 2 349 1 243 3 322 1 334 1
7 1 12 31 1 43 2 49 3 68 1 72 1 149 2 182 1 108 2 166 4 175 2 161 1 171 1
22 2 10 93 2 94 4 284 2 144 1 233 1 218 1 31 1 43 2 49 2 68 1
55 5 16 199 1 211 1 197 1 136 1 156 1 193 2 208 1 233 1 154 1 31 1 43 2 49 3 56 1 53 1 72 1 138 1
29 2 8 252 1 236 1 242 1 237 1 33 2 42 1 126 1 324 2
48 4 26 275 1 248 3 269 2 315 3 179 1 247 3 183 1 186 2 104 1 36 1 195 1 270 3 296 1 167 1 226 1 91 1 227 1 238 1 253 3 255 1 267 2 297 2 300 1 310 2 312 1 316 1
//IdTournes NbColis
8 6
//IdColis IdCommandeInColis NbProducts IdProd1 QtyProd1 IdProd2 QtyProd2 ...
24 2 17 39 1 41 1 46 2 60 1 76 1 89 1 90 1 101 1 121 2 271 2 111 2 295 1 112 3 281 1 228 1 142 1 69 1
26 2 21 278 1 343 1 125 1 67 2 74 1 77 2 88 2 92 4 277 1 172 1 209 1 314 1 220 1 45 1 86 1 106 1 62 3 109 2 110 3 340 1 40 1
46 4 16 134 1 95 2 98 1 78 1 279 2 41 1 46 3 85 1 89 1 90 1 111 1 112 1 178 1 142 3 307 2 138 1
60 5 23 314 2 214 1 45 1 64 1 62 5 109 1 110 1 240 1 335 1 340 1 201 1 248 4 269 1 174 1 40 1 203 1 168 1 204 3 268 1 247 3 183 2 84 1 267 1
12 1 25 248 2 269 1 169 6 174 1 83 1 203 1 168 1 187 1 179 1 204 3 247 2 186 1 84 2 63 1 260 1 195 1 167 3 177 1 221 1 226 2 344 1 163 1 223 1 253 4 349 1
47 4 24 234 1 254 1 55 1 160 1 176 1 184 1 278 1 140 1 251 1 92 3 74 1 77 1 314 2 45 1 64 1 106 2 109 2 110 2 280 1 240 2 185 1 189 1 194 1 304 1
//IdTournes NbColis
9 6
//IdColis IdCommandeInColis NbProducts IdProd1 QtyProd1 IdProd2 QtyProd2 ...
53 5 4 47 4 71 1 93 1 123 1
34 3 9 107 1 93 4 94 3 284 1 52 1 144 1 233 1 43 1 49 1
42 4 6 48 2 107 1 285 1 124 1 233 1 299 1
45 4 14 94 2 287 2 306 1 43 1 49 1 100 1 108 2 145 1 149 2 182 1 141 2 175 1 134 1 307 1
54 5 7 48 2 285 1 284 3 162 1 52 1 165 1 241 1
61 5 20 131 2 260 1 195 3 296 1 167 2 177 3 226 4 249 1 222 2 344 2 347 1 115 1 227 1 253 4 223 1 332 2 310 7 312 2 267 2 297 4
//IdTournes NbColis
10 2
//IdColis IdCommandeInColis NbProducts IdProd1 QtyProd1 IdProd2 QtyProd2 ...
10 1 19 55 2 160 3 176 1 213 1 278 2 259 2 140 1 146 1 139 1 251 1 67 1 74 1 77 1 92 4 147 3 164 1 172 2 209 1 314 1
20 2 3 116 2 97 3 52 1
