//NbTournees
2
//IdTournes NbColis
1 6
//IdColis IdCommandeInColis NbProducts IdProd1 QtyProd1 IdProd2 QtyProd2 ...
2 1 29 94 1 113 1 55 1 79 1 89 2 49 2 87 1 104 1 52 1 58 1 36 1 103 1 1 1 100 2 21 1 27 1 68 1 33 1 59 1 115 1 4 1 116 1 98 1 108 1 110 1 107 2 101 2 99 1 111 1
5 2 34 123 1 69 1 121 2 139 1 145 1 3 1 13 1 57 1 92 1 147 1 6 1 2 2 51 1 91 1 122 1 143 1 18 1 32 2 44 1 151 1 170 1 125 1 166 1 108 1 127 3 128 1 130 3 150 1 131 1 99 1 132 1 174 1 159 3 161 2
9 3 27 50 1 62 1 93 1 79 1 3 1 42 2 173 1 7 1 46 2 118 1 144 1 156 1 158 2 168 1 37 2 41 1 43 1 82 2 83 1 63 1 25 2 167 1 31 1 64 2 66 1 80 1 135 1
1 1 19 76 1 112 1 26 1 35 1 12 1 10 2 17 1 61 1 105 1 109 1 39 1 102 1 5 1 114 1 106 1 85 1 90 1 94 1 14 1
8 3 17 96 2 136 1 140 1 105 1 148 1 71 1 5 1 48 2 86 1 114 1 38 1 70 1 60 2 65 1 97 2 16 1 134 1
7 3 16 163 1 9 2 20 1 11 2 24 3 45 2 23 1 8 1 19 1 22 1 30 2 40 1 47 1 77 1 95 1 56 1
//IdTournes NbColis
2 2
//IdColis IdCommandeInColis NbProducts IdProd1 QtyProd1 IdProd2 QtyProd2 ...
4 2 18 175 1 177 1 154 1 29 1 72 1 73 1 153 1 15 1 11 2 34 1 30 1 77 1 146 1 149 1 67 1 75 1 53 1 172 1
10 3 39 84 1 88 1 137 1 78 2 155 1 165 1 28 1 81 4 162 1 164 1 74 2 32 1 117 3 134 1 116 2 129 3 151 1 126 1 152 1 157 1 108 1 169 1 128 2 138 1 141 1 150 2 120 2 171 1 124 1 176 1 99 1 119 2 160 2 132 1 133 1 159 3 161 2 54 2 142 2
