//NbTournees
9
//IdTournes NbColis
1 6
//IdColis IdCommandeInColis NbProducts IdProd1 QtyProd1 IdProd2 QtyProd2 ...
11 1 28 276 2 283 2 293 1 154 2 342 1 382 1 341 4 151 2 220 2 348 1 6 1 95 1 437 1 438 2 98 1 481 2 489 2 131 1 219 2 354 2 105 1 109 1 63 1 115 1 518 1 471 2 1 1 188 1
12 1 30 1 1 15 1 22 1 100 2 127 2 104 1 129 1 200 1 217 1 250 1 299 2 300 2 331 1 350 1 317 2 470 1 472 2 552 1 96 1 535 2 23 1 37 2 51 2 456 2 550 2 223 5 277 2 294 2 311 2 208 1
21 2 10 86 5 174 1 88 1 165 1 94 1 97 1 316 1 397 1 254 1 1 1
27 2 20 342 2 6 1 95 1 98 1 131 2 105 2 109 2 134 6 1 2 15 2 22 2 100 3 104 2 121 2 127 3 129 2 512 3 331 1 388 2 96 1
37 3 21 238 2 105 1 109 1 115 4 63 3 134 1 1 2 15 1 22 1 100 2 104 1 127 2 129 1 331 1 337 1 96 1 23 1 37 5 51 6 456 6 343 1
44 4 45 105 1 109 1 61 1 63 1 115 1 199 1 236 1 134 1 175 1 1 1 2 1 15 1 21 1 22 1 28 1 30 1 45 1 56 1 432 1 433 1 100 1 104 1 446 1 451 1 457 1 121 1 498 1 509 1 511 1 127 1 516 1 129 1 519 1 525 1 526 1 530 1 534 1 317 1 5 1 96 1 23 1 37 1 51 1 450 1 398 1
//IdTournes NbColis
2 6
//IdColis IdCommandeInColis NbProducts IdProd1 QtyProd1 IdProd2 QtyProd2 ...
56 6 32 112 1 48 1 76 1 35 1 89 1 102 1 126 1 130 1 458 1 6 1 95 1 98 1 131 1 105 1 109 1 1 1 15 1 22 1 100 1 104 1 127 1 129 1 96 1 23 1 166 2 106 1 466 1 133 1 136 1 135 1 139 1 132 1
6 1 15 97 2 478 2 397 1 178 2 254 3 295 2 155 1 176 1 3 2 17 1 26 2 72 2 403 1 133 1 136 1
45 4 49 456 1 508 1 434 1 445 1 8 1 18 1 24 1 34 1 53 1 55 1 58 1 122 1 495 1 497 1 533 1 14 1 16 1 54 1 57 1 59 1 428 1 436 1 440 1 444 1 460 1 494 1 515 1 531 1 106 1 455 1 419 1 103 1 125 1 4 1 9 1 32 1 46 1 62 1 93 1 421 1 439 1 99 1 442 1 454 1 461 1 124 1 501 1 466 1 145 1
36 3 23 408 4 410 1 468 1 237 1 258 1 70 1 118 2 119 2 120 1 415 1 416 2 487 1 507 1 523 1 242 1 279 5 467 1 342 2 338 2 6 1 95 1 98 1 131 1
43 4 34 237 1 304 1 358 1 179 1 306 1 320 1 366 1 393 1 255 1 520 1 170 1 381 1 29 1 41 1 506 1 523 1 190 1 240 1 242 1 257 1 532 1 326 1 342 1 363 1 341 1 378 1 382 1 338 1 6 1 95 1 98 1 452 1 528 1 131 1
9 1 28 162 1 183 1 280 1 346 2 370 2 339 1 345 1 408 1 469 1 10 1 74 1 75 2 427 1 430 1 462 1 479 1 480 1 484 1 490 2 147 1 410 1 318 1 322 1 237 1 351 2 7 2 73 1 231 1
//IdTournes NbColis
3 6
//IdColis IdCommandeInColis NbProducts IdProd1 QtyProd1 IdProd2 QtyProd2 ...
38 3 18 285 2 343 1 548 4 265 4 287 2 336 3 546 4 9 1 344 1 466 1 141 2 128 2 291 2 133 1 136 1 135 1 139 1 132 1
50 5 16 476 1 477 1 150 1 256 1 302 1 182 1 253 1 391 1 11 1 12 1 47 1 71 1 82 1 310 1 334 1 166 1
42 4 28 448 1 459 1 499 1 198 1 244 1 245 1 307 1 353 1 435 1 513 1 162 1 183 1 216 1 234 1 308 1 514 1 527 1 13 1 52 1 447 1 453 1 485 1 325 1 243 1 362 1 510 1 247 1 379 1
28 2 18 96 1 372 3 23 2 343 2 18 1 53 3 122 2 106 2 103 1 125 1 99 1 124 1 312 3 344 3 284 1 141 1 270 3 271 1
41 4 23 232 1 316 1 384 1 397 1 295 1 155 1 176 1 173 1 374 1 185 1 392 1 213 1 228 1 364 1 340 1 19 1 50 1 429 1 399 1 335 1 60 1 66 1 373 1
7 1 21 403 1 422 1 424 1 426 1 374 1 390 1 185 2 392 2 20 1 33 1 36 1 49 1 425 1 181 2 349 1 423 1 102 1 126 1 130 1 158 1 293 1
//IdTournes NbColis
4 6
//IdColis IdCommandeInColis NbProducts IdProd1 QtyProd1 IdProd2 QtyProd2 ...
20 2 5 67 2 76 5 86 2 94 1 128 1
48 5 8 474 1 40 1 68 1 69 1 80 1 87 1 90 1 149 1
17 2 7 79 1 84 1 91 2 25 1 327 1 133 1 135 1
18 2 6 92 2 65 2 25 1 383 1 136 1 139 1
19 2 5 25 3 42 1 48 5 77 1 128 1
1 1 4 79 2 65 2 27 1 159 1
//IdTournes NbColis
5 6
//IdColis IdCommandeInColis NbProducts IdProd1 QtyProd1 IdProd2 QtyProd2 ...
47 5 6 44 1 111 1 113 1 116 1 31 1 213 1
22 2 6 254 3 178 3 403 1 390 5 35 11 41 1
23 2 5 35 3 36 1 83 8 89 12 257 1
2 1 4 65 1 91 3 38 1 159 1
49 5 11 110 1 112 1 475 1 48 1 86 1 174 1 303 1 39 1 43 1 88 1 170 1
4 1 10 92 1 441 1 48 1 174 2 150 1 165 1 256 1 156 1 164 1 382 1
//IdTournes NbColis
6 6
//IdColis IdCommandeInColis NbProducts IdProd1 QtyProd1 IdProd2 QtyProd2 ...
10 1 26 73 1 414 2 486 1 491 1 492 1 179 2 189 1 373 2 386 2 401 2 306 1 170 1 381 1 196 1 221 2 101 1 169 2 187 2 274 2 240 1 371 2 257 2 273 1 326 2 229 1 231 1
5 1 15 177 1 161 1 352 1 153 1 186 2 409 1 168 2 192 2 413 2 77 1 232 2 316 1 418 1 94 1 272 1
13 1 36 343 2 296 2 376 1 460 2 330 2 553 2 62 2 93 1 421 2 493 1 502 2 361 2 344 3 503 1 128 2 143 1 356 3 368 2 551 1 355 1 235 2 367 1 394 1 395 1 157 1 204 1 278 1 301 2 309 2 389 2 282 2 208 1 249 2 251 3 407 3 500 1
3 1 5 84 2 92 2 78 1 228 1 139 1
32 3 7 84 1 85 2 79 1 172 1 114 1 117 1 263 1
25 2 7 339 9 345 9 514 1 268 10 81 1 107 1 106 1
//IdTournes NbColis
7 6
//IdColis IdCommandeInColis NbProducts IdProd1 QtyProd1 IdProd2 QtyProd2 ...
31 3 5 64 2 65 2 174 1 164 1 240 1
24 2 16 89 3 137 5 275 5 102 1 126 1 130 1 228 1 266 1 347 1 248 1 108 1 307 1 308 1 339 4 269 1 132 1
51 5 23 377 1 172 1 191 1 316 1 384 1 254 1 155 1 176 1 173 1 374 1 185 1 392 1 89 1 181 1 228 1 340 1 364 1 335 1 244 1 245 1 307 1 353 1 198 1
8 1 18 417 1 227 2 333 2 206 1 214 2 248 2 420 1 399 3 335 1 211 1 431 1 160 2 215 2 463 2 482 1 458 1 555 2 552 1
33 3 10 117 3 272 4 275 3 102 1 123 3 483 2 488 1 496 5 505 2 314 1
46 4 3 443 1 449 1 201 1
//IdTournes NbColis
8 6
//IdColis IdCommandeInColis NbProducts IdProd1 QtyProd1 IdProd2 QtyProd2 ...
35 3 9 473 2 458 1 268 4 339 4 345 7 504 1 547 5 408 6 517 1
14 1 15 500 1 239 2 281 1 292 2 464 2 222 4 365 1 465 2 549 2 329 2 142 2 554 1 218 1 135 1 132 1
34 3 7 505 3 126 1 267 2 228 1 333 9 227 12 291 1
52 5 34 183 1 210 1 216 1 234 1 280 1 290 1 308 1 412 1 514 1 521 1 527 1 544 1 406 1 325 1 410 1 243 1 247 1 318 1 322 1 379 1 237 1 258 1 304 1 358 1 179 1 373 1 401 1 255 1 320 1 520 1 381 1 167 1 196 1 369 1
54 5 59 202 1 225 1 311 1 321 1 375 1 522 1 529 1 246 1 241 1 312 1 400 1 402 1 141 1 144 1 405 1 260 1 539 1 259 1 356 1 368 1 286 1 235 1 261 1 323 1 367 1 148 1 328 1 538 1 540 1 203 1 263 1 309 1 357 1 212 1 146 1 207 1 224 1 208 1 251 1 262 1 407 1 152 1 163 1 230 1 239 1 252 1 298 1 315 1 387 1 171 1 365 1 222 1 205 1 209 1 319 1 380 1 524 1 541 1 218 1
53 5 40 332 1 190 1 240 1 242 1 257 1 411 1 532 1 184 1 326 1 195 1 233 1 359 1 542 1 543 1 342 1 363 1 341 1 378 1 382 1 193 1 226 1 305 1 324 1 360 1 338 1 220 1 197 1 238 1 354 1 545 1 219 1 236 1 134 1 175 1 388 1 537 1 472 1 404 1 194 1 313 1
//IdTournes NbColis
9 2
//IdColis IdCommandeInColis NbProducts IdProd1 QtyProd1 IdProd2 QtyProd2 ...
26 2 14 140 1 289 1 297 5 325 1 468 1 237 1 320 1 138 1 264 1 240 5 536 6 288 2 363 1 342 3
40 4 16 174 1 150 1 165 1 256 1 302 1 396 1 180 1 385 1 310 1 327 1 334 1 377 1 383 1 172 1 191 1 181 1
