//NbTournees
4
//IdTournes NbColis
1 6
//IdColis IdCommandeInColis NbProducts IdProd1 QtyProd1 IdProd2 QtyProd2 ...
1 1 20 162 1 176 1 275 1 8 1 22 1 6 1 177 1 167 1 279 2 12 2 19 1 61 1 74 1 29 2 59 2 42 1 114 1 247 1 268 1 182 1
2 1 19 125 2 193 1 273 1 278 2 13 1 73 1 230 2 5 1 9 1 18 2 79 1 260 1 247 1 84 1 78 2 92 2 97 1 1 1 187 1
7 2 20 158 1 162 1 176 1 8 1 33 1 150 1 262 1 279 2 29 2 34 1 42 1 86 2 94 1 142 1 161 2 232 1 13 1 163 1 247 1 156 1
8 2 22 5 1 9 1 18 1 37 1 247 1 92 2 97 2 78 3 138 2 118 1 28 1 87 1 40 1 135 1 41 2 27 1 280 1 88 1 89 1 93 1 194 1 196 1
15 3 13 5 3 46 1 18 3 260 2 69 1 203 2 298 2 247 1 92 2 97 3 78 3 118 1 222 1
17 3 29 89 1 120 1 235 2 237 2 62 1 107 1 136 3 122 2 255 1 257 1 258 1 263 1 4 1 154 1 261 1 175 1 276 1 241 1 277 1 166 2 48 2 3 1 132 1 17 1 266 1 50 1 65 1 220 3 249 1
//IdTournes NbColis
2 6
//IdColis IdCommandeInColis NbProducts IdProd1 QtyProd1 IdProd2 QtyProd2 ...
22 4 17 240 1 92 2 97 2 78 3 118 1 138 2 28 1 87 1 143 1 145 1 231 1 81 4 199 2 56 1 57 2 185 1 216 1
23 4 21 57 2 58 1 89 3 102 2 72 3 120 1 147 1 235 2 237 1 60 1 98 1 146 1 136 3 122 2 148 1 175 2 2 1 236 1 241 3 216 1 233 1
16 3 20 138 2 26 1 106 2 129 1 134 1 49 1 81 1 112 1 199 3 77 1 44 2 140 1 135 1 70 1 280 1 58 1 72 3 89 2 291 1 201 2
3 1 25 97 1 118 1 138 2 26 1 119 2 271 1 1 2 10 1 11 1 20 1 81 1 83 1 112 1 116 1 77 1 56 1 113 1 70 1 76 1 280 1 15 1 72 2 16 1 268 1 233 1
14 3 17 142 1 202 2 193 2 205 2 256 2 259 1 297 1 13 1 47 1 73 1 254 2 230 2 296 1 204 1 5 1 247 1 185 1
18 3 49 249 2 66 3 186 1 67 1 103 1 165 2 149 2 244 1 195 1 21 3 38 1 68 1 109 2 43 1 183 3 224 3 253 1 200 1 111 2 14 1 75 2 105 2 139 2 128 1 130 1 63 2 137 1 228 1 218 1 223 1 292 1 197 1 219 2 252 1 226 1 173 1 170 2 198 1 242 2 171 1 189 2 190 1 221 1 293 1 246 1 264 1 227 3 214 1 196 2
//IdTournes NbColis
3 6
//IdColis IdCommandeInColis NbProducts IdProd1 QtyProd1 IdProd2 QtyProd2 ...
12 3 12 295 1 294 2 45 1 104 1 110 1 251 1 6 5 33 1 250 1 262 3 279 1 93 1
10 2 58 17 1 266 1 31 1 36 1 23 1 157 1 152 3 220 3 35 1 96 1 32 1 149 1 165 2 244 1 195 1 30 1 21 3 38 2 25 1 39 1 224 1 14 2 90 2 75 2 128 1 85 2 137 1 159 3 164 4 228 1 288 1 284 1 223 1 218 2 285 1 282 1 289 1 151 1 270 1 173 1 281 2 252 1 226 1 219 2 242 1 290 1 287 1 153 1 171 1 215 1 246 1 221 1 264 1 227 3 283 1 243 2 229 2 196 3
5 1 60 266 1 23 1 185 1 194 1 152 3 192 2 269 1 220 3 80 1 186 1 165 2 149 2 195 1 244 1 7 1 21 3 25 1 39 1 117 1 183 1 224 1 253 1 14 1 75 2 127 3 128 3 181 1 115 1 123 1 124 1 126 2 164 2 137 1 228 1 184 1 223 1 218 2 267 2 151 1 270 1 168 1 173 2 252 1 226 1 219 2 170 1 179 2 242 1 172 1 171 1 189 1 190 3 221 1 246 1 174 2 264 1 188 1 227 3 243 1 272 4
13 3 15 279 1 12 1 61 1 64 3 29 2 19 1 59 2 42 1 71 1 108 1 131 2 133 1 125 3 256 1 265 2
24 4 51 54 1 99 1 17 1 206 2 101 2 234 1 50 1 194 1 152 2 217 2 220 3 208 1 222 1 149 2 165 2 244 1 195 1 21 3 39 1 212 1 183 1 224 3 14 1 75 2 139 1 128 1 238 1 137 1 124 1 228 1 218 2 223 1 213 1 209 1 219 2 226 1 170 2 242 1 245 1 171 2 189 2 190 1 215 1 221 1 246 1 227 4 243 1 214 1 229 1 233 1 196 2
4 1 30 58 1 89 2 120 1 235 2 237 1 24 1 60 2 121 1 169 1 122 2 155 2 136 2 263 1 274 1 178 2 4 1 154 1 261 1 82 2 175 1 276 1 2 1 191 2 241 1 277 1 166 1 3 1 17 1 180 2 196 2
//IdTournes NbColis
4 3
//IdColis IdCommandeInColis NbProducts IdProd1 QtyProd1 IdProd2 QtyProd2 ...
20 4 12 207 1 210 1 211 2 239 1 248 1 53 1 144 1 225 2 51 1 29 2 52 1 54 1
21 4 16 55 1 59 1 42 1 61 2 100 1 86 2 141 3 142 2 133 1 202 1 161 1 193 1 232 1 230 1 247 1 182 2
9 2 22 89 2 72 3 160 1 120 1 235 1 237 1 91 3 155 1 122 2 136 3 286 1 255 1 4 1 154 1 261 4 175 2 276 1 277 1 166 1 3 1 95 1 149 1
