//NbTournees
50
//IdTournes NbColis
1 6
//IdColis IdCommandeInColis NbProducts IdProd1 QtyProd1 IdProd2 QtyProd2 ...
1 1 12 5 1 12 1 4 1 7 1 3 1 6 1 269 1 254 1 282 2 369 1 391 1 268 1
185 43 13 520 1 12 1 7 1 97 1 156 1 154 1 189 1 346 1 157 1 456 1 498 1 190 1 422 1
296 73 14 7 2 351 1 156 1 306 1 475 1 134 1 154 2 346 1 293 1 354 1 282 1 157 1 294 1 511 1
4 2 8 12 2 52 1 107 1 15 1 17 1 19 1 288 1 367 1
111 25 13 19 1 98 1 161 1 167 1 227 1 395 1 385 1 228 1 218 1 151 2 386 1 459 1 411 1
306 76 13 46 1 17 1 527 1 37 1 385 1 376 1 228 1 134 1 444 1 218 1 459 1 411 1 418 1
//IdTournes NbColis
2 6
//IdColis IdCommandeInColis NbProducts IdProd1 QtyProd1 IdProd2 QtyProd2 ...
145 33 13 70 1 537 1 260 1 134 1 390 2 329 1 444 1 249 1 151 1 459 1 411 2 508 1 535 1
246 61 12 52 1 541 1 33 1 227 1 385 1 134 1 218 1 411 3 386 1 410 1 446 1 388 1
10 3 11 21 1 24 1 20 1 3 1 385 1 227 1 449 1 390 3 444 1 218 1 386 1
15 4 10 35 1 52 1 36 1 34 1 33 2 37 1 497 1 154 1 346 1 427 1
18 5 12 12 1 17 1 14 1 37 1 133 1 409 1 332 1 410 2 389 1 503 2 301 1 281 1
22 6 10 46 1 45 1 107 1 37 2 141 2 269 1 151 1 389 1 410 1 391 1
//IdTournes NbColis
3 6
//IdColis IdCommandeInColis NbProducts IdProd1 QtyProd1 IdProd2 QtyProd2 ...
87 20 12 46 1 37 1 497 1 134 2 154 1 330 1 148 1 406 1 444 1 141 1 342 2 130 1
97 22 11 52 1 543 1 70 1 24 1 33 1 167 1 385 1 227 1 228 1 386 1 151 1
135 31 11 542 1 70 1 24 1 134 3 390 1 16 1 329 1 444 1 151 1 508 1 165 1
281 69 20 52 1 14 1 37 1 154 1 346 1 157 1 294 1 323 1 185 1 191 1 152 1 184 1 378 1 290 1 380 1 9 1 55 1 10 1 11 1 30 1
292 72 13 24 1 3 1 227 1 385 1 228 3 218 1 151 1 459 1 411 1 386 1 116 1 446 1 128 1
299 74 18 52 1 37 1 33 1 228 1 116 1 254 1 354 1 303 1 187 1 171 1 268 1 432 1 353 1 168 1 56 1 132 1 239 2 271 1
//IdTournes NbColis
4 6
//IdColis IdCommandeInColis NbProducts IdProd1 QtyProd1 IdProd2 QtyProd2 ...
163 37 15 557 1 3 1 266 1 134 2 141 1 269 1 318 2 196 1 453 1 282 2 369 1 317 1 268 1 185 1 29 1
29 7 18 239 1 132 1 236 1 51 1 163 1 401 1 122 1 194 1 477 1 499 2 197 1 364 1 160 1 186 1 192 1 193 1 427 1 426 2
31 8 9 62 1 5 1 52 1 61 1 60 1 17 1 33 1 167 1 130 1
209 51 14 564 1 3 1 167 1 385 1 16 1 444 1 141 1 218 1 342 1 411 1 386 1 116 1 446 1 126 1
26 7 12 52 1 45 1 54 1 33 1 202 1 133 1 466 1 6 1 16 1 329 1 324 1 410 1
206 50 13 52 1 12 1 33 1 497 1 154 1 329 1 269 1 346 1 189 1 127 1 196 2 157 1 152 1
//IdTournes NbColis
5 6
//IdColis IdCommandeInColis NbProducts IdProd1 QtyProd1 IdProd2 QtyProd2 ...
239 59 13 52 1 12 1 14 1 227 1 167 1 385 1 228 1 444 1 151 1 411 1 386 1 116 1 194 1
331 83 13 12 1 3 1 385 1 335 1 167 1 390 1 134 1 386 2 151 1 508 1 459 1 411 1 392 1
24 6 29 379 1 44 2 576 2 373 1 381 1 283 1 423 1 401 2 48 1 302 1 296 3 355 1 437 1 210 1 265 1 155 1 457 2 284 1 424 1 146 1 270 1 197 1 431 2 364 1 183 2 160 1 436 1 267 1 117 1
38 9 21 490 1 277 1 286 1 362 1 181 2 185 1 191 1 53 1 67 2 363 1 9 1 64 1 11 2 28 2 65 2 30 1 132 1 182 1 412 2 195 2 44 1
42 10 22 354 1 463 1 422 1 119 1 247 2 268 1 191 1 185 1 68 1 9 1 23 2 11 2 28 2 30 1 71 1 49 2 182 1 132 1 188 3 44 1 423 1 69 1
85 19 28 104 1 49 2 492 1 465 1 569 1 515 1 570 1 44 1 445 3 120 1 123 1 401 1 114 1 122 1 124 1 296 3 408 1 244 2 194 1 121 1 433 1 399 1 129 1 424 2 425 2 135 1 226 1 571 1
//IdTournes NbColis
6 6
//IdColis IdCommandeInColis NbProducts IdProd1 QtyProd1 IdProd2 QtyProd2 ...
215 52 24 369 1 317 1 315 1 268 1 258 1 483 1 179 1 168 1 504 1 9 1 10 2 11 2 65 2 30 1 132 1 182 1 188 2 379 2 44 1 573 2 278 1 256 1 404 1 480 1
297 73 28 479 1 190 1 168 1 353 1 152 1 378 1 184 1 513 1 516 1 352 1 290 2 8 1 64 1 518 1 132 1 239 1 236 1 77 1 78 1 295 1 515 1 519 1 44 1 292 2 163 1 514 1 25 1 123 1
45 11 18 52 1 33 1 228 1 141 1 386 1 116 1 254 1 354 1 303 1 171 1 317 1 119 1 268 1 125 1 432 1 312 1 168 1 353 1
101 23 12 520 1 52 1 36 1 33 1 495 1 497 1 154 1 16 1 189 1 196 1 118 1 187 1
120 27 13 52 1 33 1 167 2 385 1 227 1 228 1 444 1 218 1 386 1 342 1 411 1 220 1 240 1
156 35 17 52 1 33 1 497 1 154 1 346 1 264 1 196 2 118 1 456 1 498 1 190 1 422 1 168 1 179 1 184 1 374 1 378 1
//IdTournes NbColis
7 6
//IdColis IdCommandeInColis NbProducts IdProd1 QtyProd1 IdProd2 QtyProd2 ...
164 37 21 191 1 112 1 559 1 149 1 504 1 8 2 9 1 11 1 28 2 65 1 30 1 560 1 132 1 188 2 182 1 242 1 150 2 379 4 153 4 423 1 488 1
188 44 19 33 1 156 1 154 1 151 2 216 1 293 1 346 1 460 1 282 1 456 1 585 1 584 1 190 1 294 1 168 1 179 1 419 1 184 1 426 1
194 46 14 542 1 52 1 33 1 156 1 306 1 154 1 289 1 293 1 346 1 305 1 157 1 456 1 498 1 160 1
197 47 16 52 1 33 1 156 1 154 1 330 1 309 2 346 1 293 1 157 1 498 1 294 1 190 1 179 1 168 1 53 1 132 1
225 55 15 52 1 33 1 227 1 385 1 390 1 444 1 218 1 411 1 151 1 386 1 459 1 446 1 127 1 368 1 193 1
229 56 11 52 1 98 1 33 1 497 1 154 1 228 2 466 1 481 1 410 2 389 2 184 1
//IdTournes NbColis
8 6
//IdColis IdCommandeInColis NbProducts IdProd1 QtyProd1 IdProd2 QtyProd2 ...
233 57 12 52 1 21 1 33 1 327 1 497 1 154 1 134 2 328 1 346 1 189 1 368 2 380 1
335 84 17 52 1 21 1 33 1 154 1 228 1 346 1 189 1 254 1 507 1 456 1 498 1 247 1 179 1 168 1 378 1 152 1 184 1
89 20 20 456 1 555 2 285 1 190 1 119 1 213 1 181 1 229 2 483 1 185 1 191 1 140 1 442 1 149 2 205 2 257 2 68 1 132 2 182 2 412 1
269 66 23 196 1 441 1 354 1 498 1 422 1 181 3 125 1 483 1 185 1 191 1 128 1 341 2 9 1 588 1 11 1 28 2 65 1 30 1 68 1 132 1 182 1 412 1 589 1
254 63 13 590 1 591 1 98 1 385 1 227 1 134 1 444 1 151 1 218 1 459 1 386 1 116 1 446 1
304 75 30 182 1 412 1 109 1 356 1 357 1 241 2 271 1 437 1 158 1 274 1 284 1 398 1 142 1 424 1 139 1 311 2 146 1 364 1 230 1 291 1 439 1 436 1 502 1 501 1 272 1 370 1 592 1 593 1 454 1 426 2
//IdTournes NbColis
9 6
//IdColis IdCommandeInColis NbProducts IdProd1 QtyProd1 IdProd2 QtyProd2 ...
20 5 36 660 1 492 1 42 1 281 1 147 1 114 1 278 1 437 1 355 1 298 1 155 1 200 1 158 1 274 1 210 1 284 1 398 1 142 1 424 2 331 2 139 1 146 1 270 1 364 1 183 1 160 1 439 1 267 1 38 2 41 2 117 1 370 1 489 1 367 1 43 1 517 1
257 63 8 226 1 402 1 38 3 232 1 375 1 388 1 567 3 476 1
265 65 18 114 1 173 1 408 1 428 1 194 1 457 1 458 1 135 1 252 1 226 1 131 1 430 1 402 1 38 1 316 1 388 2 186 1 476 1
49 12 31 30 1 77 2 78 1 49 4 26 1 182 1 188 1 132 1 80 2 83 1 423 1 662 1 81 1 437 1 155 1 284 1 158 1 265 1 398 1 365 1 142 1 424 1 364 1 146 1 270 1 431 1 131 1 183 1 230 1 366 1 426 1
147 33 23 191 1 396 1 184 1 374 1 505 1 149 1 464 1 8 1 536 1 132 1 182 1 188 2 77 2 534 1 195 1 242 3 165 1 379 4 492 1 484 1 206 2 373 1 283 1
256 63 31 341 1 9 1 10 2 11 1 65 1 30 1 132 1 182 1 412 2 77 1 165 1 445 1 215 1 336 1 281 1 114 1 173 1 448 2 244 1 428 2 194 1 121 1 307 1 399 1 457 1 458 1 425 1 178 1 252 1 226 1 427 1
//IdTournes NbColis
10 6
//IdColis IdCommandeInColis NbProducts IdProd1 QtyProd1 IdProd2 QtyProd2 ...
270 66 30 412 1 77 1 165 1 224 1 445 1 215 1 256 1 114 2 203 1 173 1 428 1 298 1 194 1 155 2 121 1 158 1 399 1 457 1 458 1 135 1 226 1 230 1 402 1 232 1 337 1 375 2 388 1 454 1 476 1 426 2
294 72 27 10 1 57 1 58 1 59 1 132 1 182 1 412 1 77 1 547 1 165 1 350 1 150 2 379 3 83 1 153 3 224 1 514 1 175 1 215 1 173 1 174 1 355 1 428 1 443 3 194 1 214 1 476 1
128 29 24 98 1 154 1 189 1 196 1 456 1 422 1 229 1 185 1 191 1 184 1 140 1 374 1 378 1 32 1 149 1 290 1 588 1 132 1 182 1 596 1 188 1 78 1 2 1 242 2
171 39 26 456 1 585 1 285 1 420 1 190 1 125 1 416 1 185 1 191 1 140 1 184 1 374 1 378 1 149 1 290 1 132 1 182 1 188 1 597 1 78 1 180 1 242 2 379 3 206 1 163 1 427 1
315 78 25 140 1 378 1 290 1 380 1 64 1 55 1 10 1 11 1 30 1 58 1 182 1 132 1 188 2 78 1 162 3 150 2 180 1 471 1 163 1 153 3 381 1 445 2 164 1 122 1 142 1
2 1 22 185 1 191 1 396 1 380 1 8 1 9 1 10 2 11 1 30 1 55 1 2 1 182 1 132 1 188 1 150 3 245 1 162 4 1 1 153 4 423 1 271 2 427 1
//IdTournes NbColis
11 6
//IdColis IdCommandeInColis NbProducts IdProd1 QtyProd1 IdProd2 QtyProd2 ...
12 3 26 341 1 149 1 504 1 9 1 23 1 11 2 27 1 28 2 30 1 26 1 132 1 182 1 412 1 242 2 165 1 379 3 1 1 566 1 224 1 445 1 25 1 31 2 253 1 401 1 251 1 124 1
52 13 27 479 1 181 1 229 1 125 1 169 1 432 1 185 1 191 1 222 1 89 1 234 1 55 1 10 2 30 1 57 2 88 1 58 1 132 1 182 1 188 1 165 1 485 1 1 1 83 1 87 1 175 1 176 1
126 28 26 10 1 30 1 57 1 58 1 132 1 182 1 188 2 604 1 162 2 165 1 150 2 484 1 1 1 153 3 445 1 401 3 175 1 176 1 173 1 296 2 428 1 194 1 603 1 399 1 457 1 530 1
138 31 27 1 1 83 1 259 1 163 1 373 1 283 5 445 1 256 1 145 1 421 1 278 1 404 2 365 1 425 1 424 1 458 2 237 1 199 1 139 1 146 1 226 1 430 4 183 1 201 1 434 1 454 1 427 1
176 40 28 1 2 283 4 423 1 345 1 608 1 278 1 355 1 302 1 155 1 200 1 158 1 274 1 210 1 424 1 139 1 146 3 270 1 364 1 131 1 160 1 439 1 230 1 436 1 272 1 370 1 607 1 609 1 426 1
186 43 26 168 1 179 1 184 1 378 1 290 1 380 1 55 1 10 1 57 1 58 1 59 1 182 1 188 1 132 1 108 1 521 1 522 1 162 3 150 2 180 1 1 1 153 3 163 1 381 1 122 1 198 1
//IdTournes NbColis
12 6
//IdColis IdCommandeInColis NbProducts IdProd1 QtyProd1 IdProd2 QtyProd2 ...
211 51 18 150 2 165 1 379 3 1 1 66 1 153 3 371 1 401 3 215 1 314 4 175 1 164 1 296 1 428 3 194 1 425 1 138 2 146 2
223 54 29 171 1 125 1 169 1 432 1 229 1 168 1 179 1 128 1 516 1 613 1 610 1 9 1 10 2 11 1 65 1 30 1 132 1 182 1 188 1 165 1 83 1 1 1 445 1 401 1 173 1 174 1 175 1 428 1 194 1
244 60 27 196 1 354 1 119 1 86 1 125 1 169 1 229 1 185 1 191 1 128 2 234 1 290 1 9 1 10 2 11 1 65 1 30 1 132 1 188 1 182 1 165 1 1 1 224 1 514 1 173 1 114 1 620 1
248 61 35 8 1 9 1 55 1 10 1 11 1 30 1 182 1 132 1 188 1 539 1 522 1 165 1 334 1 485 1 379 1 1 1 153 1 224 1 401 1 296 1 114 1 173 1 174 1 175 1 428 1 194 1 457 1 425 1 178 1 172 1 430 1 230 1 402 1 232 1 426 1
273 67 29 498 1 343 1 181 1 169 1 483 1 229 1 185 1 191 1 128 1 341 1 9 1 10 2 11 1 65 1 30 1 617 1 182 1 132 1 188 1 616 1 165 1 484 1 1 1 83 1 224 1 445 1 401 1 256 1 615 1
308 76 23 165 1 150 2 379 3 1 1 83 1 528 1 529 1 153 3 224 1 371 1 418 1 203 2 145 1 174 1 147 4 256 1 428 3 121 1 531 1 365 1 178 1 199 1 252 1
//IdTournes NbColis
13 6
//IdColis IdCommandeInColis NbProducts IdProd1 QtyProd1 IdProd2 QtyProd2 ...
311 77 24 181 1 483 1 191 1 185 1 128 1 234 1 380 1 132 1 182 1 188 2 150 2 165 1 405 1 379 3 485 1 1 1 153 3 371 1 488 1 215 1 314 2 174 1 147 1 429 1
322 80 26 55 1 10 2 11 2 30 1 132 1 182 1 412 2 618 1 242 1 379 2 1 1 283 1 423 1 372 1 145 1 271 1 278 1 296 2 336 2 302 1 428 2 437 1 298 1 158 1 210 2 402 1
329 82 29 599 1 229 1 432 1 125 1 185 1 191 1 126 1 128 1 140 1 234 1 32 1 9 1 55 1 10 1 11 1 30 1 579 1 598 1 132 1 182 1 412 2 165 1 1 1 224 1 373 1 445 1 173 1 296 1 388 1
333 83 30 149 1 9 1 11 1 28 2 65 1 30 1 132 1 412 1 182 1 393 3 165 1 242 2 1 1 224 1 394 1 445 1 401 1 145 1 248 1 408 1 296 1 428 1 114 1 194 1 136 1 121 1 425 1 311 1 135 1 388 1
339 85 29 1 1 83 1 423 1 153 4 435 1 355 1 437 1 278 1 302 1 215 1 271 1 298 1 265 1 284 1 155 1 424 1 142 1 364 1 139 1 225 1 270 1 436 1 183 1 366 1 160 1 267 1 370 1 272 1 601 1
16 4 25 189 1 196 1 157 1 456 1 498 1 190 1 422 1 185 1 191 1 184 1 374 1 378 1 380 1 10 1 11 1 30 1 9 1 55 1 2 1 188 1 132 1 182 1 150 2 180 1 379 2
//IdTournes NbColis
14 6
//IdColis IdCommandeInColis NbProducts IdProd1 QtyProd1 IdProd2 QtyProd2 ...
56 14 24 483 1 185 1 191 1 128 1 90 1 149 1 9 1 11 1 28 2 30 1 65 1 132 1 182 1 188 1 165 2 245 1 379 3 150 2 42 1 153 3 445 1 256 1 281 1 173 1
318 79 26 191 1 378 1 374 1 380 1 55 1 10 1 30 1 57 1 58 1 182 1 132 1 581 1 2 1 188 1 150 2 180 1 471 1 379 3 621 1 622 1 153 3 371 1 163 2 253 1 122 1 533 1
57 14 19 145 1 114 1 428 1 194 1 121 1 210 1 214 1 457 1 458 1 252 1 178 1 402 1 230 1 661 1 232 1 375 1 388 1 92 2 427 1
161 36 26 283 3 623 1 244 2 256 1 203 1 173 1 114 1 404 1 428 1 194 1 121 1 265 1 284 2 433 1 399 1 458 1 226 1 252 1 135 1 331 1 131 1 402 1 388 1 76 1 454 1 426 2
170 39 13 52 1 543 1 14 1 497 1 154 1 324 1 116 1 346 2 189 1 264 1 196 1 118 1 525 1
64 15 21 283 1 372 1 401 1 256 1 145 1 296 2 336 2 428 1 365 1 199 1 146 1 226 1 331 2 431 1 183 1 159 3 96 1 434 1 95 1 94 1 426 2
//IdTournes NbColis
15 6
//IdColis IdCommandeInColis NbProducts IdProd1 QtyProd1 IdProd2 QtyProd2 ...
86 19 8 131 2 430 1 402 1 117 1 568 1 533 1 375 1 572 1
149 33 11 146 3 226 1 331 1 183 1 509 1 538 3 533 1 434 1 454 1 427 1 426 2
117 26 24 196 1 354 1 130 1 207 1 479 2 125 1 169 1 181 1 432 1 191 1 185 1 223 2 128 1 378 1 184 1 626 1 380 1 9 1 55 1 10 2 11 1 30 1 132 1 427 1
28 7 21 440 2 299 2 387 1 490 2 286 1 282 1 317 1 498 1 179 1 168 1 152 1 184 1 378 1 50 1 53 1 55 1 10 1 57 1 58 1 59 1 56 1
48 12 20 3 1 79 1 249 1 264 1 368 1 196 1 369 1 317 1 119 2 483 1 185 1 191 1 82 1 8 2 9 1 11 1 27 1 28 2 65 1 367 1
82 19 13 3 1 227 1 461 1 133 1 134 2 390 1 409 1 342 1 151 1 386 1 459 2 411 1 116 1
//IdTournes NbColis
16 6
//IdColis IdCommandeInColis NbProducts IdProd1 QtyProd1 IdProd2 QtyProd2 ...
116 26 16 3 1 167 1 227 1 385 1 497 1 228 1 134 1 444 1 218 1 309 1 151 1 411 1 386 1 116 1 127 1 426 1
131 30 15 635 1 3 1 167 1 227 1 385 1 390 1 444 1 218 1 249 1 151 1 414 1 446 1 127 1 196 1 426 1
150 34 13 3 1 260 1 134 1 390 4 329 1 444 1 304 1 151 1 459 1 332 1 116 1 403 1 476 1
174 40 13 97 1 3 1 390 1 141 1 275 1 417 1 196 3 460 1 277 1 369 1 317 3 456 2 276 1
178 41 13 3 1 280 2 227 1 385 1 444 1 218 1 289 1 459 1 386 1 231 1 219 2 127 1 196 2
182 42 18 3 1 79 1 497 1 154 1 189 1 196 2 282 1 369 1 118 1 456 1 285 1 190 1 422 1 483 1 638 2 185 1 191 1 283 1
//IdTournes NbColis
17 6
//IdColis IdCommandeInColis NbProducts IdProd1 QtyProd1 IdProd2 QtyProd2 ...
213 52 8 93 1 3 2 319 1 466 2 116 2 410 2 389 2 115 1
250 62 13 35 1 3 1 335 2 167 1 385 1 134 1 390 1 444 1 218 1 386 1 151 1 414 1 454 1
258 64 13 21 1 3 1 134 1 409 1 390 1 151 1 218 2 386 1 508 1 503 1 446 1 500 1 417 2
262 65 14 594 1 3 1 167 1 227 1 385 1 134 1 133 1 409 1 390 1 444 1 218 1 151 1 459 1 411 1
267 66 13 93 1 3 1 167 1 227 1 385 1 390 1 444 1 218 1 151 1 386 1 411 1 116 1 127 1
272 67 16 21 1 3 1 227 1 385 1 390 1 342 1 151 1 218 1 459 1 411 1 386 1 446 1 127 1 196 1 130 1 615 1
//IdTournes NbColis
18 6
//IdColis IdCommandeInColis NbProducts IdProd1 QtyProd1 IdProd2 QtyProd2 ...
276 68 11 628 1 3 1 495 1 202 1 133 2 466 1 409 1 141 1 269 1 151 3 410 1
301 75 10 93 1 3 1 154 1 202 1 133 2 409 2 148 1 141 1 410 2 115 1
338 85 19 3 1 254 1 369 1 317 1 185 1 191 1 380 1 9 1 55 1 10 2 11 1 30 1 182 1 188 2 602 3 132 1 150 3 162 4 434 1
327 82 12 590 1 15 1 385 1 227 1 167 1 133 1 134 1 228 1 444 1 386 2 151 1 181 1
66 16 10 99 1 52 1 34 1 97 1 100 1 102 1 98 1 320 1 497 1 154 1
59 15 9 93 1 5 1 17 1 70 1 14 1 360 1 133 2 134 1 409 1
//IdTournes NbColis
19 6
//IdColis IdCommandeInColis NbProducts IdProd1 QtyProd1 IdProd2 QtyProd2 ...
180 41 27 627 1 224 1 381 1 283 3 401 1 215 1 256 1 203 1 173 1 114 1 336 1 194 1 155 1 263 2 121 1 457 1 252 1 226 2 135 1 402 1 291 2 436 2 232 1 279 1 375 1 388 1 370 1
100 22 6 170 3 177 4 447 2 544 1 427 1 426 2
129 29 24 245 1 379 3 243 1 83 1 576 1 163 1 153 3 206 1 381 1 241 1 244 1 122 1 147 3 194 1 398 1 142 1 226 1 138 1 146 3 160 1 436 1 370 1 166 1 544 1
8 2 28 147 1 251 1 355 1 437 1 298 2 155 1 284 1 142 1 129 1 424 1 425 1 146 2 197 1 331 1 431 2 160 1 183 1 230 1 436 1 611 1 117 1 568 1 272 1 13 1 620 1 645 2 427 2 426 3
95 21 28 380 1 9 1 64 1 10 1 11 1 65 1 30 1 132 1 182 1 188 1 150 2 162 3 153 3 163 1 423 1 81 1 122 1 164 1 443 1 194 1 155 1 158 1 142 1 144 1 160 1 159 2 370 1 13 1
109 24 27 251 1 241 1 336 1 469 1 404 1 437 1 200 1 210 1 424 1 425 1 458 1 199 1 146 1 331 1 430 1 183 1 230 2 413 1 201 1 523 1 204 1 434 1 13 2 558 1 454 1 427 1 426 3
//IdTournes NbColis
20 6
//IdColis IdCommandeInColis NbProducts IdProd1 QtyProd1 IdProd2 QtyProd2 ...
154 34 11 146 6 197 1 226 1 430 1 183 1 632 1 41 1 204 2 633 1 434 1 13 2
326 81 18 30 1 188 2 132 1 182 1 379 3 150 2 506 1 381 1 163 1 153 3 122 1 198 1 377 1 160 1 436 1 382 1 13 1 517 1
5 2 12 36 1 14 1 409 1 6 1 16 1 289 2 358 1 496 2 500 1 468 2 299 2 252 1
36 9 11 17 1 21 1 14 1 133 2 409 2 390 1 269 1 141 1 410 2 496 1 389 1
41 10 13 17 1 70 1 21 1 14 1 134 1 390 2 141 1 358 1 216 1 231 1 196 2 254 1 426 1
54 14 11 52 2 17 1 14 1 167 1 385 1 227 1 390 1 330 1 134 1 6 1 91 1
//IdTournes NbColis
21 6
//IdColis IdCommandeInColis NbProducts IdProd1 QtyProd1 IdProd2 QtyProd2 ...
159 36 14 52 1 21 1 14 1 227 1 385 1 390 1 444 1 264 1 231 1 127 1 196 2 354 1 130 1 182 1
288 71 15 52 1 14 1 167 1 385 1 228 1 444 1 218 1 151 1 386 1 220 1 116 1 346 1 231 1 397 1 221 1
317 79 16 52 1 14 1 497 1 154 1 325 1 346 1 189 1 196 1 354 1 305 1 118 1 498 1 190 2 362 1 422 1 185 1
320 80 11 17 1 14 1 133 2 409 1 141 1 410 2 496 2 389 1 500 2 503 2 427 1
325 81 19 52 1 14 1 376 1 497 1 383 1 196 2 456 1 498 1 384 1 185 1 191 1 378 1 639 1 380 1 9 1 11 1 28 1 65 1 194 1
70 17 10 52 1 103 1 107 1 70 1 319 1 133 2 141 1 348 2 389 1 106 1
//IdTournes NbColis
22 6
//IdColis IdCommandeInColis NbProducts IdProd1 QtyProd1 IdProd2 QtyProd2 ...
55 14 19 6 1 218 1 386 1 151 1 459 1 411 1 116 1 446 1 231 1 127 1 196 1 130 1 391 2 125 1 169 1 247 1 181 1 229 1 401 1
94 21 18 161 2 156 1 461 1 154 1 16 1 151 1 346 1 157 1 456 1 555 1 190 1 422 1 185 1 191 1 152 1 184 1 378 1 290 1
75 18 10 93 1 110 1 70 1 98 1 320 1 461 2 202 1 133 2 409 1 76 1
104 24 12 70 1 202 1 133 2 390 1 409 2 406 1 444 1 209 1 151 1 459 1 332 1 468 2
210 51 23 403 1 231 1 219 1 127 1 196 1 282 2 561 1 562 1 315 1 125 1 169 1 181 1 229 1 432 1 179 1 168 1 128 1 380 1 8 1 132 1 182 1 188 1 245 1
39 9 28 242 1 66 1 361 1 423 1 63 1 339 1 244 1 437 1 155 1 261 2 158 1 210 1 284 1 398 1 424 2 146 1 139 1 364 1 160 1 402 2 230 1 436 1 501 1 272 1 370 1 454 1 427 1 426 2
//IdTournes NbColis
23 6
//IdColis IdCommandeInColis NbProducts IdProd1 QtyProd1 IdProd2 QtyProd2 ...
7 2 21 185 1 191 1 223 1 644 1 205 1 504 1 9 1 23 2 11 2 28 2 30 1 579 1 18 1 132 1 182 2 188 3 26 1 163 2 418 3 642 1 643 2
199 47 5 201 1 233 1 586 1 370 1 548 1
280 68 7 160 1 366 1 436 1 272 1 370 1 548 1 426 2
300 74 20 236 1 150 1 262 1 445 1 423 1 271 1 296 1 302 1 355 1 174 1 298 1 121 1 274 1 424 1 225 1 430 1 217 1 221 1 388 1 548 1
142 32 22 132 1 182 1 188 2 242 2 165 1 379 3 641 1 83 1 153 1 445 2 482 1 283 2 372 1 488 1 573 2 256 1 203 1 173 1 145 1 114 1 244 4 428 1
51 13 17 85 1 227 1 385 1 228 1 444 1 151 1 386 1 459 1 411 1 116 1 231 1 397 1 453 1 354 1 171 1 479 1 86 1
//IdTournes NbColis
24 6
//IdColis IdCommandeInColis NbProducts IdProd1 QtyProd1 IdProd2 QtyProd2 ...
310 77 16 85 1 167 1 385 1 228 1 444 1 218 1 411 1 116 1 446 1 231 1 127 1 368 1 196 2 354 1 125 1 169 1
124 28 16 98 1 167 1 227 1 385 1 134 1 228 1 444 1 218 1 151 1 459 1 411 1 386 1 116 1 446 1 231 1 221 1
192 45 33 168 1 222 1 419 1 55 1 10 1 57 1 58 1 59 1 236 1 239 1 132 1 423 1 25 1 296 1 302 1 174 1 271 1 355 1 298 1 194 1 121 1 399 1 499 1 424 1 131 1 217 1 221 1 650 1 651 1 648 1 563 1 609 1 652 1
218 53 16 98 1 320 1 167 1 385 1 228 1 444 1 218 1 151 1 459 1 411 1 220 1 116 1 397 1 196 1 354 1 317 1
222 54 16 98 1 167 1 227 1 385 1 228 1 444 1 218 1 411 1 151 1 386 1 459 1 116 1 220 1 397 1 354 1 181 1
243 60 14 98 1 227 1 385 1 330 1 228 1 444 1 151 1 459 1 411 1 116 3 446 1 231 1 127 1 130 1
//IdTournes NbColis
25 6
//IdColis IdCommandeInColis NbProducts IdProd1 QtyProd1 IdProd2 QtyProd2 ...
284 70 17 98 1 167 1 227 1 385 1 228 1 444 1 151 1 141 1 218 1 411 1 220 1 231 1 368 1 397 1 354 1 171 1 426 1
342 86 12 121 1 424 1 197 1 217 1 650 1 651 1 648 1 563 1 609 1 193 1 427 1 426 1
343 87 22 360 1 304 1 656 1 179 1 168 1 55 1 10 1 57 1 58 1 59 1 236 1 239 1 132 1 404 1 654 1 650 1 651 1 648 1 655 1 563 1 609 1 427 1
72 17 23 490 1 196 1 254 1 286 1 105 1 317 1 268 1 185 1 191 1 347 1 290 1 8 2 9 1 11 2 28 2 65 1 30 1 104 1 108 1 109 1 132 1 182 1 188 2
107 24 23 213 2 247 1 113 1 312 1 181 1 416 1 452 1 185 1 191 1 396 1 374 1 378 1 505 2 470 1 82 1 205 2 290 1 464 1 8 1 9 1 23 2 11 2 203 1
293 72 22 231 1 127 1 196 1 354 1 130 1 317 3 392 1 181 1 125 1 169 1 229 1 432 1 185 1 191 1 126 1 378 2 234 1 380 1 8 1 55 1 10 1 121 1
//IdTournes NbColis
26 6
//IdColis IdCommandeInColis NbProducts IdProd1 QtyProd1 IdProd2 QtyProd2 ...
282 69 23 552 1 182 1 188 2 132 1 549 1 551 1 162 3 150 2 163 1 153 3 345 1 553 1 122 1 194 1 136 1 214 1 237 1 160 1 221 1 370 1 95 1 550 1 517 1
309 76 13 146 4 138 2 226 1 230 1 436 2 526 1 370 1 388 1 532 1 530 1 454 1 427 1 426 1
175 40 22 276 1 391 1 268 1 185 1 191 1 378 2 32 1 149 1 9 1 23 1 11 1 28 2 30 1 132 1 182 1 412 2 597 1 104 1 242 3 379 4 595 1 117 1
68 16 28 30 1 58 1 182 1 132 1 188 1 180 1 595 1 163 1 381 1 488 1 122 1 198 1 164 2 355 1 194 1 155 1 457 1 142 1 237 1 225 1 430 1 291 3 436 1 101 1 370 1 192 1 186 1 476 1
25 6 5 272 1 478 1 47 1 558 1 426 2
92 20 15 331 1 364 1 431 1 430 1 291 2 413 2 436 1 556 1 232 1 233 1 554 1 509 1 370 1 29 2 426 2
//IdTournes NbColis
27 6
//IdColis IdCommandeInColis NbProducts IdProd1 QtyProd1 IdProd2 QtyProd2 ...
227 55 26 188 1 165 1 576 1 224 1 256 1 203 1 114 1 428 1 194 1 121 1 399 1 425 1 135 2 237 1 199 1 252 1 226 1 431 2 131 2 430 3 402 1 232 1 554 1 388 1 375 1 427 1
224 54 21 121 1 261 1 158 2 136 1 399 1 284 1 433 1 178 1 172 1 226 1 131 1 217 1 611 1 232 1 221 1 382 1 388 2 612 1 614 1 454 1 427 1
189 44 32 140 1 378 1 290 1 580 1 55 1 10 1 57 1 58 1 59 1 582 1 236 1 239 1 132 1 581 1 583 1 295 1 492 1 292 1 163 1 244 1 122 1 164 1 194 1 160 1 436 1 291 1 370 1 186 1 192 1 567 1 517 1 193 1
19 5 22 301 1 490 1 440 1 491 1 305 1 369 1 317 1 268 1 185 1 191 1 82 1 32 1 9 1 11 2 28 2 30 1 65 2 39 1 40 1 182 1 132 1 188 2
113 25 27 32 1 380 1 55 1 524 1 10 2 30 1 57 1 58 1 132 1 182 1 188 1 162 3 150 2 180 1 165 1 83 1 525 1 153 3 445 1 215 1 176 1 173 1 174 1 175 1 435 1 428 1 512 1
298 73 22 278 1 122 1 443 1 194 1 477 1 265 1 263 1 313 1 308 1 197 1 139 1 431 1 160 1 291 1 436 1 473 1 370 1 474 1 478 1 517 1 512 1 476 1
//IdTournes NbColis
28 6
//IdColis IdCommandeInColis NbProducts IdProd1 QtyProd1 IdProd2 QtyProd2 ...
102 23 28 187 2 456 1 498 1 190 1 422 1 181 1 125 1 185 1 191 1 184 1 378 1 55 1 10 1 57 1 58 1 59 1 182 1 188 1 132 1 91 1 180 1 195 1 379 1 163 1 122 1 198 1 194 1 476 1
121 27 25 220 1 116 1 231 1 397 1 400 1 354 1 238 1 125 1 169 1 181 1 229 1 432 1 168 1 179 1 128 1 152 1 234 1 574 1 55 1 10 1 30 1 57 1 58 1 236 1 121 1
46 11 28 128 1 53 1 380 1 132 1 239 1 236 1 162 2 150 2 75 1 153 2 423 1 371 1 401 1 174 1 271 1 314 2 145 1 355 1 428 2 278 1 302 1 244 1 298 1 121 1 274 1 433 1 424 1 425 1
245 60 16 175 1 296 2 428 1 194 1 457 1 425 1 458 1 365 1 172 1 178 1 226 1 131 1 402 1 619 1 221 1 388 1
146 33 21 116 1 332 1 358 1 403 1 254 1 317 1 285 2 207 1 119 1 510 1 391 1 125 1 247 1 113 1 312 1 452 1 229 2 451 1 416 1 185 1 513 1
219 53 21 317 1 171 1 125 1 169 1 181 1 432 2 229 3 179 1 168 1 222 1 128 1 380 1 132 1 182 1 188 1 211 1 162 3 150 2 165 1 569 2 371 1
//IdTournes NbColis
29 6
//IdColis IdCommandeInColis NbProducts IdProd1 QtyProd1 IdProd2 QtyProd2 ...
212 51 8 146 2 178 1 226 2 431 2 402 1 221 1 388 1 563 1
303 75 23 277 1 369 1 317 1 422 1 479 1 119 1 268 1 247 1 384 3 229 1 185 1 191 1 53 1 290 1 504 1 9 1 55 1 588 1 10 2 11 2 30 1 132 1 200 1
11 3 21 151 1 459 1 411 1 414 1 446 1 127 1 354 1 118 1 113 1 181 3 125 1 229 1 323 1 483 1 185 1 191 1 140 1 128 1 22 1 32 1 426 1
137 31 23 451 1 185 1 191 1 184 1 374 1 22 1 32 1 149 1 257 1 464 1 9 1 10 2 11 1 65 1 30 1 132 1 182 1 188 2 40 1 195 1 242 3 379 4 255 1
160 36 23 143 1 113 1 125 1 229 1 185 1 191 1 126 1 22 2 516 1 606 1 149 1 9 1 588 1 10 2 11 1 65 1 30 1 132 1 412 2 242 2 165 1 379 3 445 1
152 34 23 184 1 396 1 374 1 505 1 149 1 352 1 290 1 132 1 182 1 188 1 104 1 195 1 165 2 150 3 492 1 379 4 484 1 83 1 262 2 163 1 206 2 373 1 203 1
//IdTournes NbColis
30 6
//IdColis IdCommandeInColis NbProducts IdProd1 QtyProd1 IdProd2 QtyProd2 ...
203 49 19 628 1 156 1 154 1 228 1 329 1 346 1 189 1 157 1 456 1 498 1 294 1 190 1 312 1 168 1 179 1 152 1 184 1 378 1 380 1
118 26 27 182 1 188 1 624 1 49 1 165 1 150 2 379 3 484 1 224 2 153 3 445 1 401 1 176 1 173 1 174 1 175 1 278 1 296 1 428 1 194 1 121 1 158 1 399 1 457 1 458 1 425 1 178 1
179 41 22 125 1 258 1 113 2 229 1 483 1 185 1 191 1 341 1 149 1 55 1 10 2 57 1 58 1 59 1 132 1 182 1 188 3 624 1 165 1 242 2 379 3 83 1
23 6 22 410 1 387 1 196 2 369 1 317 1 510 1 185 1 191 1 341 1 205 1 464 1 9 1 11 2 28 2 30 1 65 1 49 2 132 1 182 1 412 2 242 1 443 1
33 8 25 196 1 555 2 276 1 125 1 169 1 181 1 229 1 191 1 185 1 128 1 32 1 11 1 28 2 65 1 30 1 9 1 132 1 182 1 188 2 165 1 224 1 401 1 488 1 256 1 114 1
60 15 12 409 1 406 1 333 1 218 1 249 1 508 1 116 2 358 1 410 3 496 3 389 1 9 1
//IdTournes NbColis
31 6
//IdColis IdCommandeInColis NbProducts IdProd1 QtyProd1 IdProd2 QtyProd2 ...
78 18 22 196 1 460 1 277 1 286 1 369 1 317 1 238 2 268 1 323 1 247 1 229 2 191 1 111 1 112 1 504 1 9 1 55 1 10 2 11 2 27 1 30 1 132 1
84 19 23 440 2 490 1 118 1 130 1 119 1 113 1 125 1 451 1 483 1 185 1 191 1 126 1 128 1 341 1 9 1 11 2 28 2 65 1 30 1 132 1 182 1 412 2 454 1
98 22 25 411 1 116 1 446 1 346 1 127 1 354 1 171 1 125 1 169 1 181 1 229 1 432 1 168 1 179 1 128 1 380 1 9 1 11 1 28 1 65 1 30 1 132 1 182 1 188 1 546 1
132 30 22 354 1 130 1 317 3 285 1 392 2 119 1 246 1 247 1 113 1 229 1 185 1 191 1 140 1 128 1 149 1 9 1 11 1 28 2 65 1 30 1 132 1 182 1
141 32 19 196 1 453 2 254 3 130 1 422 2 125 2 169 1 181 1 185 1 191 1 128 1 374 1 341 1 149 1 9 1 10 2 11 1 65 1 30 1
251 62 22 446 1 231 1 127 1 196 2 354 1 130 1 119 1 246 1 181 1 113 2 229 1 451 1 483 1 185 1 191 1 128 1 9 1 23 1 11 1 28 2 30 1 567 1
//IdTournes NbColis
32 6
//IdColis IdCommandeInColis NbProducts IdProd1 QtyProd1 IdProd2 QtyProd2 ...
259 64 20 299 1 301 1 440 1 354 1 286 1 130 1 317 2 212 2 125 1 229 1 483 3 185 1 191 1 419 1 128 1 9 1 10 2 11 1 65 1 121 1
264 65 27 130 1 317 1 125 1 113 2 229 1 185 1 191 1 126 1 128 1 32 1 205 1 9 1 11 1 28 2 65 1 30 1 582 1 132 1 182 1 412 1 165 1 595 1 87 1 445 1 401 1 278 1 203 1
279 68 30 9 1 55 1 10 2 11 1 30 1 132 1 182 1 188 2 629 2 242 1 42 1 423 1 271 1 302 1 435 1 355 1 437 1 298 1 158 1 265 1 398 1 142 1 424 1 252 1 146 1 270 1 226 2 364 1 344 1 430 2
285 70 26 181 1 238 1 125 1 229 1 185 1 191 1 222 1 419 1 128 1 646 1 9 1 10 2 11 1 65 1 30 1 132 1 182 1 188 1 165 1 484 2 224 1 31 2 647 2 401 1 175 1 173 1
321 80 19 322 1 299 1 300 1 301 2 440 2 387 2 490 1 196 1 286 1 369 1 317 1 422 1 452 1 185 1 191 1 504 1 9 1 64 1 55 1
341 86 26 107 1 386 1 354 1 303 1 171 1 268 1 179 1 168 1 419 1 9 1 10 1 11 1 65 1 30 1 649 1 132 1 182 1 188 1 423 1 145 1 174 1 271 1 302 1 194 1 298 1 499 1
//IdTournes NbColis
33 6
//IdColis IdCommandeInColis NbProducts IdProd1 QtyProd1 IdProd2 QtyProd2 ...
43 10 31 357 1 278 1 302 1 271 1 355 3 435 1 121 2 158 1 274 1 284 2 398 1 462 1 424 1 146 1 270 1 364 1 183 1 160 1 402 1 436 1 230 3 366 1 267 1 72 1 117 1 272 1 370 1 367 1 73 2 74 1 426 1
90 20 18 412 1 245 1 242 3 180 1 492 2 465 1 393 5 484 1 206 2 163 1 381 1 514 1 123 1 372 2 122 1 145 1 147 6 427 1
207 50 23 456 1 565 1 498 1 190 1 168 1 179 1 184 1 140 2 82 1 380 1 55 1 10 1 30 1 57 1 58 1 182 1 132 1 188 2 150 2 180 1 379 3 566 1 153 2
114 25 17 194 1 214 2 158 2 499 1 399 1 433 1 425 1 172 2 178 1 226 1 217 1 523 1 221 1 388 1 454 1 427 1 426 2
231 56 33 323 1 168 1 179 1 378 1 290 1 64 1 55 1 10 1 30 1 57 1 58 1 578 1 579 1 132 1 182 1 188 1 162 1 180 1 163 1 381 1 423 1 31 1 164 1 235 1 122 1 428 1 194 1 155 1 284 1 160 1 436 1 370 1 186 1
336 84 24 140 1 380 1 64 1 132 1 182 1 188 1 577 1 379 3 150 2 180 1 163 1 153 3 371 1 445 1 198 1 428 2 122 1 314 3 175 1 194 1 265 1 284 1 263 1 121 1
//IdTournes NbColis
34 6
//IdColis IdCommandeInColis NbProducts IdProd1 QtyProd1 IdProd2 QtyProd2 ...
165 37 24 48 1 256 2 271 1 355 2 437 1 155 1 158 1 210 1 265 1 424 1 139 1 146 1 270 1 364 1 160 1 402 1 436 1 366 1 267 1 117 1 272 1 558 1 454 1 426 2
67 16 20 304 1 189 1 346 1 157 1 456 1 498 1 190 1 422 1 479 4 181 1 185 1 191 1 184 1 140 1 152 1 378 1 352 2 55 1 10 1 11 1
125 28 22 127 1 368 1 354 2 369 2 130 1 143 1 456 2 181 1 125 1 169 1 229 1 432 1 185 1 191 1 126 1 128 1 234 1 606 1 380 1 55 1 10 1 427 1
183 42 27 184 1 140 1 374 2 378 1 149 1 55 1 10 1 30 1 57 1 58 1 182 1 132 1 188 1 242 2 180 1 379 3 80 1 283 2 163 1 381 1 122 1 164 1 437 1 194 1 155 1 284 1 158 1
195 46 27 294 1 229 1 179 1 168 1 152 1 378 1 184 1 380 1 290 1 55 1 10 1 57 1 58 1 59 1 236 1 132 1 188 1 295 1 150 1 162 3 465 1 153 3 292 1 163 1 122 1 477 1 454 1
198 47 25 380 1 55 1 10 2 57 1 58 1 59 1 188 2 182 1 245 1 162 3 295 1 150 2 153 3 163 1 122 1 355 1 194 1 121 2 261 2 284 1 308 1 129 1 160 1 436 1 291 1
//IdTournes NbColis
35 6
//IdColis IdCommandeInColis NbProducts IdProd1 QtyProd1 IdProd2 QtyProd2 ...
201 48 26 658 1 57 1 58 1 578 1 59 1 55 1 182 1 132 1 188 1 150 2 162 2 465 1 153 2 401 1 145 1 428 2 355 1 458 2 424 1 237 1 311 1 225 1 402 1 76 1 193 1 427 1
204 49 26 10 1 57 1 58 1 59 1 55 1 182 1 132 1 188 2 295 1 150 2 162 3 153 3 292 1 163 1 122 1 278 1 198 1 194 1 313 1 308 1 197 1 364 1 183 1 160 1 436 1 370 1
226 55 24 196 1 254 1 354 1 130 1 113 1 181 1 238 1 125 1 258 1 229 1 168 1 179 1 419 1 184 2 341 1 55 1 10 2 30 1 57 1 58 1 575 2 132 1 182 1 215 1
237 58 23 156 1 154 1 329 1 346 1 189 1 157 1 599 1 498 1 190 1 422 2 168 1 179 1 184 1 378 1 380 1 10 1 57 1 58 1 59 1 55 1 182 1 132 1 426 1
240 59 24 446 1 127 1 196 1 354 2 369 1 181 1 169 1 432 1 229 1 185 1 191 1 234 1 55 1 10 2 30 1 57 1 58 1 182 1 132 1 188 1 165 1 83 1 488 2 454 1
344 88 25 466 1 410 1 322 1 299 1 300 1 490 1 354 1 286 1 168 1 353 1 55 1 57 1 58 1 59 1 10 1 236 1 239 1 132 1 616 1 245 1 525 1 313 2 172 1 366 1 233 1
//IdTournes NbColis
36 6
//IdColis IdCommandeInColis NbProducts IdProd1 QtyProd1 IdProd2 QtyProd2 ...
99 22 26 165 1 162 3 150 2 153 3 445 3 173 1 174 1 175 1 176 1 428 1 194 1 443 1 399 1 499 1 458 1 425 1 172 1 178 1 226 1 131 1 402 1 230 1 388 1 545 1 166 4 170 1
151 34 23 346 2 231 1 196 1 187 1 317 1 143 1 207 1 119 1 208 1 391 1 510 1 169 1 247 1 312 1 229 1 416 1 452 1 451 1 185 1 191 1 407 1 140 1 545 1
122 27 25 239 2 132 1 165 1 224 1 25 1 175 1 235 1 176 1 173 1 174 1 428 1 194 1 398 1 399 1 499 1 425 1 237 1 178 1 226 1 430 1 217 1 366 1 221 1 388 1 427 1
73 17 28 465 1 42 1 423 1 283 1 256 1 355 1 244 1 437 1 349 1 298 1 155 1 136 1 210 1 265 1 284 1 424 1 139 1 146 1 270 1 364 1 160 1 439 1 436 1 267 1 605 1 272 1 370 1 426 2
241 59 22 401 2 215 2 114 1 173 1 175 1 428 1 425 1 172 1 178 1 430 2 183 1 230 3 402 1 232 1 279 1 221 2 388 1 370 1 535 2 427 1 476 1 426 1
295 72 12 214 1 399 1 398 1 425 1 178 1 226 1 430 1 160 2 402 2 221 1 388 1 535 1
//IdTournes NbColis
37 6
//IdColis IdCommandeInColis NbProducts IdProd1 QtyProd1 IdProd2 QtyProd2 ...
337 84 7 142 1 138 1 225 3 160 1 436 1 370 1 535 1
260 64 27 30 1 182 1 132 1 412 2 49 2 165 1 465 1 83 1 253 1 401 1 215 1 256 1 114 1 173 1 428 1 136 2 433 1 135 1 197 1 226 1 139 1 252 1 402 3 375 1 388 1 454 1 426 2
63 15 20 416 1 452 1 185 1 191 1 407 3 374 2 184 2 505 1 205 1 10 2 11 2 65 2 30 1 132 1 182 1 188 3 195 1 165 1 163 1 373 1
200 48 22 154 1 228 1 134 1 141 1 386 1 116 1 254 1 369 1 171 1 310 1 391 1 268 1 432 1 168 1 179 1 222 1 419 1 140 1 505 1 380 1 10 1 457 1
168 38 24 149 1 290 1 132 1 188 2 182 1 604 1 180 1 150 2 379 3 153 2 163 1 381 1 371 1 198 1 256 1 122 1 147 3 404 1 428 2 194 1 155 1 284 1 142 1 138 1
289 71 23 354 1 171 1 317 2 125 1 169 1 229 1 181 1 168 1 353 1 222 1 419 1 128 1 380 1 239 2 236 1 132 1 604 1 162 3 150 2 165 1 224 1 259 1 371 1
//IdTournes NbColis
38 6
//IdColis IdCommandeInColis NbProducts IdProd1 QtyProd1 IdProd2 QtyProd2 ...
80 18 14 424 1 146 1 270 1 197 1 226 1 364 1 160 1 439 1 267 1 272 1 370 1 367 1 73 1 454 1
108 24 23 28 2 30 1 56 2 132 1 182 1 412 3 195 2 211 1 492 1 506 1 640 2 206 1 163 3 373 1 283 1 445 1 31 1 372 1 401 2 145 1 408 1 244 2 251 1
319 79 18 198 1 404 1 448 1 194 1 263 1 457 1 284 1 142 1 160 1 436 1 291 1 232 1 233 1 370 1 567 1 609 1 517 1 476 1
143 32 21 428 1 194 2 261 1 457 1 425 2 458 1 252 2 178 1 197 4 226 1 430 1 402 1 201 2 232 1 375 1 388 1 517 1 454 1 427 1 476 1 426 1
158 35 9 138 1 146 3 160 1 436 1 291 1 370 1 530 1 517 1 454 1
172 39 23 381 1 283 3 256 1 122 1 147 3 241 1 428 2 194 1 443 1 155 1 263 1 274 1 142 1 138 1 139 1 146 3 160 1 436 1 370 1 434 1 517 1 454 1 426 1
//IdTournes NbColis
39 6
//IdColis IdCommandeInColis NbProducts IdProd1 QtyProd1 IdProd2 QtyProd2 ...
184 42 9 160 1 436 1 370 1 637 1 558 1 636 1 517 1 476 1 426 1
221 53 9 430 1 217 1 221 1 388 1 370 1 517 1 193 1 427 1 426 1
13 3 23 203 1 145 1 421 1 408 1 428 2 194 1 210 1 121 1 399 1 458 1 135 1 252 1 146 3 415 3 131 1 430 1 402 1 370 1 375 1 388 1 489 2 29 2 426 1
134 30 8 430 1 413 1 230 2 117 1 232 1 375 1 388 1 558 1
268 66 13 496 2 389 2 446 1 500 1 503 1 322 1 299 2 301 2 440 2 387 1 490 2 196 1 558 1
334 83 9 415 2 139 1 131 1 430 1 413 1 230 1 291 1 232 1 558 1
//IdTournes NbColis
40 6
//IdColis IdCommandeInColis NbProducts IdProd1 QtyProd1 IdProd2 QtyProd2 ...
119 26 10 225 2 226 1 131 1 402 1 230 1 556 1 221 1 370 1 625 1 426 1
208 50 21 163 1 381 1 445 1 198 1 122 1 194 1 443 1 136 1 265 1 284 1 531 1 197 1 160 1 436 1 267 1 370 1 567 1 76 1 427 1 476 1 426 1
274 67 24 114 1 203 1 173 1 448 1 428 1 194 1 121 1 158 1 457 1 531 1 458 1 178 1 226 1 252 1 146 2 431 2 430 1 402 1 232 1 375 1 388 1 454 1 427 1 426 1
323 80 17 210 1 265 1 284 1 398 1 424 1 311 4 146 1 230 2 366 1 436 1 267 1 316 1 279 1 272 1 434 2 530 2 426 3
249 61 1 540 1
127 28 12 458 1 178 1 172 1 226 1 131 1 430 1 402 1 230 1 605 2 370 1 388 1 426 1
//IdTournes NbColis
41 6
//IdColis IdCommandeInColis NbProducts IdProd1 QtyProd1 IdProd2 QtyProd2 ...
238 58 18 188 1 162 3 150 2 180 1 153 3 292 1 163 1 122 1 175 1 198 1 194 1 263 1 261 1 230 1 160 1 436 1 370 1 546 1
50 12 6 436 1 233 1 370 1 272 1 84 1 454 1
133 30 27 412 1 547 1 242 2 165 1 393 3 484 1 345 1 248 1 124 1 203 1 114 1 408 1 244 4 428 1 298 1 194 1 158 2 399 1 457 1 365 1 425 2 135 1 197 1 250 1 146 1 415 1 426 1
252 62 31 132 1 182 1 188 2 165 1 634 1 215 1 124 1 114 1 203 1 408 1 302 2 428 1 194 1 121 1 136 1 450 1 399 1 457 1 458 1 425 1 135 1 415 1 131 1 430 1 413 1 232 1 375 1 388 1 427 1 476 1 426 2
21 5 3 76 1 454 1 426 3
47 11 13 138 1 225 3 431 1 430 1 217 1 230 1 291 1 221 1 388 1 429 1 76 1 427 1 426 1
//IdTournes NbColis
42 6
//IdColis IdCommandeInColis NbProducts IdProd1 QtyProd1 IdProd2 QtyProd2 ...
53 13 18 174 1 428 1 194 1 121 1 458 3 178 1 226 1 172 1 230 1 402 2 436 1 232 1 233 1 221 1 489 1 76 1 454 1 427 1
187 43 11 194 1 155 1 263 1 499 1 142 1 291 1 436 1 370 1 76 1 193 1 427 1
216 52 25 404 1 428 1 155 1 274 1 284 2 398 1 142 1 424 1 199 1 139 1 146 1 270 1 364 1 430 3 160 1 366 1 436 1 272 1 316 1 370 1 76 2 454 1 427 1 476 2 426 1
330 82 16 428 1 114 1 175 1 194 1 158 1 457 1 458 1 172 1 178 1 226 2 430 1 402 1 221 1 600 1 76 1 359 1
169 38 6 146 3 160 1 436 1 291 1 659 1 370 1
3 1 21 271 1 437 1 302 1 298 1 155 1 158 1 274 1 284 1 398 1 424 1 225 1 270 1 364 1 160 1 436 1 366 1 267 1 272 1 370 2 657 1 426 2
//IdTournes NbColis
43 6
//IdColis IdCommandeInColis NbProducts IdProd1 QtyProd1 IdProd2 QtyProd2 ...
112 25 20 216 2 220 1 116 1 403 1 231 1 219 1 397 1 171 1 479 1 315 1 125 1 169 1 181 1 432 1 229 1 168 1 179 1 222 1 128 1 32 2
157 35 23 149 1 182 1 132 1 188 2 150 2 180 1 379 3 153 2 163 1 381 1 371 1 587 1 198 1 122 2 147 3 428 2 404 1 448 1 194 1 155 1 263 1 365 1 226 1
290 71 23 153 3 401 1 175 1 122 1 314 4 174 1 428 3 194 1 121 1 458 1 138 2 172 1 225 4 178 1 197 1 226 1 430 1 217 1 230 1 388 1 567 2 427 1 426 2
91 20 23 248 1 203 1 164 1 408 1 302 1 469 4 355 1 437 1 435 1 194 1 136 1 158 1 155 1 487 1 142 1 458 2 424 1 137 3 138 3 139 1 144 1 146 6 426 1
103 23 9 197 1 183 1 160 1 436 1 370 1 186 1 192 1 170 1 193 1
6 2 14 300 1 301 2 322 1 440 2 491 2 490 2 196 2 286 1 287 1 143 1 190 1 181 1 213 2 229 2
//IdTournes NbColis
44 6
//IdColis IdCommandeInColis NbProducts IdProd1 QtyProd1 IdProd2 QtyProd2 ...
167 38 21 497 1 154 1 346 1 189 1 196 2 273 1 455 1 118 1 187 1 456 1 498 1 190 1 422 1 181 1 168 1 179 1 140 1 184 1 374 1 378 1 153 1
191 45 20 297 1 141 1 304 1 386 1 500 1 410 1 467 1 299 1 300 1 301 1 653 1 354 1 303 1 171 1 456 1 119 1 268 1 432 1 179 1 197 1
234 57 20 196 1 453 1 369 2 157 2 498 1 422 1 190 1 391 1 229 1 323 1 179 1 168 1 184 1 374 1 132 1 182 1 188 2 150 2 180 1 379 3
79 18 26 132 1 182 2 412 2 255 1 224 1 283 1 423 1 401 1 114 1 339 2 147 2 302 1 244 2 355 1 437 1 428 2 298 1 194 1 158 1 136 1 274 1 210 3 284 1 433 1 398 1 142 1
220 53 25 224 1 153 3 314 4 174 1 175 1 428 3 355 1 194 1 214 1 121 1 158 1 136 1 274 2 433 1 425 1 138 1 237 1 321 1 172 1 225 4 178 1 197 1 431 1 131 1 426 1
235 57 23 153 3 381 1 163 1 371 1 488 1 122 1 314 3 198 1 428 2 194 1 263 1 158 1 214 1 284 1 138 1 139 2 225 2 146 1 160 1 291 1 436 1 370 1 476 1
//IdTournes NbColis
45 6
//IdColis IdCommandeInColis NbProducts IdProd1 QtyProd1 IdProd2 QtyProd2 ...
136 31 22 116 1 403 1 346 1 127 1 196 1 254 1 317 1 240 2 207 1 420 1 119 1 208 1 212 1 391 1 510 1 181 1 125 1 258 1 247 1 113 1 452 1 265 1
278 68 20 301 2 318 1 440 1 387 1 490 1 196 1 254 1 438 1 493 1 286 1 369 1 317 1 240 2 631 1 229 1 185 1 191 1 494 1 140 1 504 1
307 76 22 446 1 417 1 231 1 127 1 196 1 254 1 354 1 391 1 125 1 169 1 191 1 185 1 419 1 128 1 505 3 341 1 352 1 380 1 132 1 182 1 188 2 194 1
34 8 19 203 1 173 1 215 1 198 1 278 1 428 1 194 1 399 1 458 1 252 1 146 1 226 1 178 1 131 1 430 1 402 1 232 1 388 1 375 1
148 33 19 283 4 445 1 372 1 486 1 401 1 256 2 145 1 147 5 244 1 278 1 428 4 210 1 365 1 458 1 425 1 138 2 199 1 252 2 146 3
153 34 20 153 5 445 1 372 1 401 1 256 2 203 1 145 1 147 5 278 1 448 2 428 4 477 1 210 1 265 1 365 1 425 1 458 1 138 2 199 1 426 1
//IdTournes NbColis
46 6
//IdColis IdCommandeInColis NbProducts IdProd1 QtyProd1 IdProd2 QtyProd2 ...
312 77 21 147 1 175 2 404 1 244 1 278 2 428 3 194 1 121 1 261 1 433 1 129 2 146 4 138 2 178 2 226 1 431 1 131 1 230 1 402 2 232 1 375 1
316 78 12 194 1 155 1 263 1 284 1 142 1 424 1 160 1 436 1 359 1 193 1 427 1 426 1
314 78 16 156 1 280 1 154 1 411 4 346 1 189 1 157 1 498 1 190 2 422 1 181 1 472 1 185 1 191 1 184 1 370 1
196 46 8 194 1 307 1 313 1 139 1 436 1 370 1 427 1 426 2
332 83 21 218 1 414 1 446 1 231 2 127 1 196 1 354 1 130 1 119 2 391 1 246 1 181 1 113 1 416 1 483 1 191 1 185 1 128 1 374 1 341 1 454 1
76 18 10 409 1 141 1 269 2 508 1 410 2 496 2 389 2 500 2 503 3 185 1
//IdTournes NbColis
47 6
//IdColis IdCommandeInColis NbProducts IdProd1 QtyProd1 IdProd2 QtyProd2 ...
140 32 13 260 1 167 1 227 1 385 1 390 1 218 1 304 2 151 1 459 1 116 3 446 1 127 1 196 1
286 70 24 174 1 355 2 428 1 194 1 477 1 121 1 284 2 433 1 399 1 499 3 425 1 458 1 178 1 226 1 172 1 131 1 430 1 230 1 402 1 221 2 388 1 370 1 427 1 426 1
88 20 16 151 1 386 2 411 1 414 1 346 3 189 1 231 1 340 1 368 1 400 1 196 1 354 1 369 1 118 1 143 1 454 1
17 4 14 379 1 163 1 153 3 381 1 122 1 198 1 194 1 155 1 291 1 160 1 436 1 279 1 375 1 370 2
27 7 14 410 1 467 2 496 2 500 1 503 2 325 1 326 1 293 1 346 1 115 1 301 2 322 1 300 1 432 1
71 17 11 389 1 496 2 500 2 503 3 325 1 387 2 300 1 301 2 322 1 440 2 490 1
//IdTournes NbColis
48 6
//IdColis IdCommandeInColis NbProducts IdProd1 QtyProd1 IdProd2 QtyProd2 ...
277 68 12 410 1 496 2 389 2 503 3 500 2 326 1 630 1 115 1 299 2 300 1 322 1 268 1
62 15 14 440 2 491 2 490 3 196 2 277 2 286 1 317 2 208 1 212 1 510 1 125 1 247 1 113 2 477 1
255 63 17 231 2 127 1 196 3 453 2 369 3 187 1 130 1 181 1 125 1 169 1 229 1 416 1 185 1 191 1 128 1 378 1 454 1
32 8 16 385 1 227 1 390 1 134 1 444 1 333 1 218 1 411 2 459 1 116 1 446 1 326 1 231 1 127 1 196 1 272 1
328 82 15 459 1 411 1 218 1 389 1 116 1 410 2 500 1 446 1 231 1 387 1 127 1 322 1 196 1 354 3 130 1
247 61 20 503 1 301 2 127 1 440 2 490 1 196 1 354 1 286 1 422 1 181 1 169 1 229 1 451 2 432 1 185 1 191 1 126 1 374 1 234 1 370 1
//IdTournes NbColis
49 6
//IdColis IdCommandeInColis NbProducts IdProd1 QtyProd1 IdProd2 QtyProd2 ...
77 18 13 338 1 127 1 340 1 322 1 115 1 299 2 300 1 301 2 440 2 368 1 491 2 490 2 196 2
83 19 13 410 2 496 2 389 2 503 2 500 1 417 1 115 1 127 1 322 1 299 2 300 1 301 1 354 1
230 56 14 500 1 496 2 346 1 383 1 322 1 115 1 299 2 301 2 300 1 440 2 196 2 157 1 190 1 422 1
263 65 15 386 1 116 1 389 1 410 1 446 1 500 1 496 2 115 1 127 1 301 2 440 1 490 2 196 2 354 1 427 1
106 24 14 301 1 299 3 440 3 491 2 490 2 196 2 317 1 207 1 479 1 208 1 212 1 391 1 510 1 184 1
214 52 13 500 2 503 1 496 2 318 1 300 1 301 2 440 2 299 2 387 1 490 2 196 1 282 1 505 1
//IdTournes NbColis
50 5
//IdColis IdCommandeInColis NbProducts IdProd1 QtyProd1 IdProd2 QtyProd2 ...
302 75 13 496 2 389 2 503 2 500 2 318 1 322 1 299 2 300 1 440 2 491 1 490 1 196 1 427 1
37 9 12 389 1 500 2 503 3 322 1 299 2 300 1 301 2 318 1 440 2 491 2 490 1 117 1
61 15 11 389 2 500 2 503 3 346 1 322 1 115 1 299 3 300 1 301 3 440 1 426 1
105 24 11 468 1 496 3 389 3 500 2 503 3 403 1 346 1 322 1 300 1 301 1 155 1
232 56 2 192 1 426 1
