//NbTournees
5
//IdTournes NbColis
1 6
//IdColis IdCommandeInColis NbProducts IdProd1 QtyProd1 IdProd2 QtyProd2 ...
3 1 12 40 3 1 1 3 1 117 1 37 1 49 4 47 2 31 3 50 3 30 3 35 2 129 1
27 5 5 71 1 75 1 27 2 107 1 52 1
9 2 11 63 1 94 1 41 2 84 1 40 2 43 3 53 1 37 4 136 1 49 2 133 1
11 2 9 95 1 135 2 73 2 14 2 2 2 7 3 90 1 97 1 99 3
16 3 27 46 1 86 1 125 1 141 2 143 2 128 2 26 1 119 1 121 1 25 1 135 1 16 1 19 3 29 1 92 1 127 2 36 1 120 1 14 1 21 2 42 2 2 2 147 1 145 1 144 1 129 1 99 1
14 3 10 27 1 20 1 104 1 131 1 40 3 3 2 18 2 101 1 103 1 37 3
//IdTournes NbColis
2 6
//IdColis IdCommandeInColis NbProducts IdProd1 QtyProd1 IdProd2 QtyProd2 ...
34 6 15 5 1 40 3 3 2 72 1 22 1 112 1 113 1 117 1 37 2 47 3 49 2 31 2 39 2 96 1 90 1
18 4 3 4 3 27 1 99 1
19 4 5 4 1 27 2 9 1 23 1 99 1
28 5 8 27 2 107 1 5 1 13 1 41 3 45 1 82 1 47 1
35 6 16 50 2 30 1 46 3 34 1 83 1 122 1 54 3 70 2 51 2 15 1 19 1 73 1 77 1 127 1 14 1 126 1
23 4 19 46 9 33 1 141 1 128 2 105 2 26 1 69 1 102 1 106 3 6 1 85 2 51 2 142 1 98 1 59 1 65 1 135 1 28 1 114 1
//IdTournes NbColis
3 6
//IdColis IdCommandeInColis NbProducts IdProd1 QtyProd1 IdProd2 QtyProd2 ...
21 4 12 63 1 66 1 107 1 13 1 45 1 93 1 40 3 22 2 55 1 18 1 80 1 100 1
1 1 5 8 1 11 2 61 1 111 1 90 1
33 6 6 8 1 61 1 62 1 64 1 116 1 118 1
20 4 5 9 2 61 1 71 1 56 1 79 1
6 2 5 9 2 17 1 58 1 74 1 46 1
26 5 5 12 1 9 1 11 1 60 1 109 1
//IdTournes NbColis
4 6
//IdColis IdCommandeInColis NbProducts IdProd1 QtyProd1 IdProd2 QtyProd2 ...
2 1 8 61 1 71 1 23 1 10 1 13 2 123 2 45 1 40 2
24 4 16 28 2 29 1 57 2 15 2 19 1 73 3 108 3 110 3 89 1 92 1 36 1 21 3 14 2 114 2 24 3 96 1
13 3 5 12 1 61 2 71 1 13 1 40 1
22 4 12 100 1 37 3 88 1 136 3 49 1 31 3 32 1 39 3 87 1 48 3 30 2 35 3
7 2 6 61 2 62 1 71 1 13 1 94 1 83 1
30 5 24 31 1 39 1 138 2 46 3 33 1 68 1 86 2 105 1 134 1 78 1 51 2 135 1 15 1 16 2 28 1 29 1 19 1 73 2 108 3 77 1 92 1 36 3 14 1 96 1
//IdTournes NbColis
5 6
//IdColis IdCommandeInColis NbProducts IdProd1 QtyProd1 IdProd2 QtyProd2 ...
31 5 4 14 3 146 2 147 2 96 1
4 1 11 35 1 46 1 128 4 115 1 130 1 15 1 16 4 29 1 73 1 108 1 124 1
8 2 4 27 2 132 1 63 2 67 1
10 2 14 49 2 47 2 31 4 32 3 139 3 48 2 35 2 128 2 91 3 76 1 67 1 51 1 130 1 95 1
29 5 9 40 4 81 1 38 7 44 1 136 3 137 1 140 1 49 2 31 3
15 3 9 136 3 49 4 47 3 31 3 32 1 39 2 50 1 48 7 46 1
