//NbTournees
42
//IdTournes NbColis
1 6
//IdColis IdCommandeInColis NbProducts IdProd1 QtyProd1 IdProd2 QtyProd2 ...
69 10 24 306 3 958 1 443 1 490 1 519 1 384 1 707 1 776 1 761 1 385 2 317 1 615 1 514 1 523 1 883 2 896 1 74 1 338 1 269 3 63 1 303 3 315 1 56 1 22 1
161 27 22 272 2 521 1 269 1 315 1 209 2 210 1 132 3 133 2 218 1 190 1 109 1 154 1 405 1 364 1 370 2 664 1 390 1 566 1 640 1 449 1 672 1 905 1
163 28 32 95 1 97 1 377 1 278 1 391 1 307 1 384 1 397 1 385 1 269 1 36 1 69 1 231 1 277 1 369 1 388 1 718 2 839 1 42 2 208 1 132 1 136 1 258 1 154 1 370 1 394 1 390 1 311 1 352 1 392 1 866 1 1 3
167 29 31 350 1 385 2 317 1 756 1 666 1 269 1 369 1 382 1 596 1 388 1 279 1 355 1 371 1 390 2 938 1 45 1 712 1 170 1 367 1 481 2 815 1 820 1 280 1 345 1 363 1 320 1 393 1 813 1 344 1 65 1 79 1
170 30 25 259 1 228 1 39 1 282 1 312 1 376 1 386 1 395 1 733 1 833 1 881 1 930 1 353 1 313 1 761 1 397 1 385 1 896 1 387 1 269 1 68 1 382 1 42 1 364 1 79 1
173 31 25 941 1 314 1 358 1 376 1 378 1 395 1 694 1 933 1 323 1 343 1 930 1 305 1 309 1 362 1 762 3 373 1 385 1 153 1 896 1 381 1 824 1 74 1 269 1 382 1 91 1
//IdTournes NbColis
2 6
//IdColis IdCommandeInColis NbProducts IdProd1 QtyProd1 IdProd2 QtyProd2 ...
288 60 35 474 1 580 1 443 2 313 1 707 1 385 3 269 2 718 2 364 1 311 1 477 1 356 1 566 1 360 2 832 1 905 1 813 1 274 1 374 1 788 1 911 1 290 1 93 1 904 1 12 1 185 1 102 1 156 2 48 1 44 2 536 2 111 1 243 1 100 1 915 1
13 2 20 791 1 836 1 444 1 574 1 618 1 735 1 391 1 830 2 602 1 899 1 930 1 479 1 398 1 400 1 412 1 307 2 501 1 517 1 159 1 79 1
81 12 23 377 1 705 1 864 1 323 1 440 1 646 2 711 1 419 1 638 1 744 1 731 1 676 1 398 1 412 1 306 1 307 1 309 1 468 1 517 1 669 1 835 2 62 1 33 1
156 26 22 265 1 650 1 487 1 551 1 95 1 590 1 671 1 628 1 399 1 308 1 486 1 465 2 497 1 469 1 588 1 496 1 578 2 733 1 826 1 946 1 13 1 123 1
177 32 22 948 1 764 1 323 1 440 1 610 1 602 1 963 1 270 1 306 1 575 1 814 1 719 1 762 2 865 1 281 1 490 1 817 1 385 2 624 1 565 1 932 1 337 1
182 33 22 673 1 853 1 859 1 323 1 610 1 618 1 899 1 901 1 631 1 716 1 398 1 517 1 575 1 362 1 592 1 696 1 818 2 902 1 313 1 315 1 47 1 123 2
//IdTournes NbColis
3 6
//IdColis IdCommandeInColis NbProducts IdProd1 QtyProd1 IdProd2 QtyProd2 ...
187 34 23 212 1 262 1 447 2 399 2 436 2 917 1 749 1 714 1 381 1 414 1 279 1 371 2 372 1 442 1 392 1 808 1 815 1 765 1 446 1 448 1 404 1 65 1 206 1
190 35 22 399 1 272 1 308 1 312 1 346 2 630 2 694 1 581 1 440 1 836 1 823 1 789 1 899 1 441 1 347 1 842 1 315 1 277 2 369 1 364 1 290 1 923 1
193 36 20 228 1 940 1 399 1 308 2 346 1 444 1 306 1 435 1 816 2 818 1 835 1 443 1 761 1 385 2 848 1 932 1 381 2 387 2 277 1 6 1
196 37 24 240 1 827 1 399 1 308 1 395 2 833 1 296 1 343 1 838 1 444 1 554 1 391 1 460 1 731 1 455 1 347 1 814 1 818 1 762 1 397 1 471 1 338 1 60 1 33 1
199 38 22 169 1 240 1 399 1 465 3 741 1 578 1 386 1 772 1 790 1 673 1 804 1 444 1 819 1 441 1 479 1 306 1 762 1 958 1 281 1 310 1 463 1 866 1
202 39 24 194 1 968 1 138 1 260 1 399 2 312 1 465 1 472 1 476 1 630 1 822 1 296 1 466 1 452 1 479 1 689 1 696 1 964 1 443 2 313 1 463 1 350 1 373 1 458 1
//IdTournes NbColis
4 6
//IdColis IdCommandeInColis NbProducts IdProd1 QtyProd1 IdProd2 QtyProd2 ...
206 40 25 663 1 941 1 854 1 97 1 260 1 474 1 399 1 465 2 346 1 493 1 395 1 440 1 711 1 930 1 709 1 550 1 669 1 719 1 443 2 840 1 81 1 456 1 387 1 303 1 17 1
210 41 23 178 1 240 2 138 1 590 1 399 1 292 1 301 1 454 1 465 2 358 1 656 1 376 1 673 1 395 1 946 1 452 1 676 1 963 1 306 2 464 1 550 1 669 1 866 1
214 42 24 240 1 138 1 260 1 399 1 469 1 472 1 476 1 376 2 343 1 610 1 697 1 716 1 468 1 816 2 573 1 707 1 668 2 894 1 761 1 68 2 414 1 369 1 382 1 62 1
218 43 23 282 1 110 1 474 1 590 1 671 1 628 1 399 1 301 1 486 1 424 1 465 1 635 1 358 1 946 1 882 1 900 1 974 1 440 2 646 1 791 1 580 1 77 1 1 1
223 44 20 254 1 178 1 95 1 255 4 399 1 308 1 494 1 496 1 498 1 656 1 764 1 351 1 751 1 760 1 743 1 676 1 306 2 348 1 488 1 79 2
290 61 12 399 2 465 1 346 1 378 1 674 1 481 2 765 1 65 1 288 1 285 1 91 1 141 1
//IdTournes NbColis
5 6
//IdColis IdCommandeInColis NbProducts IdProd1 QtyProd1 IdProd2 QtyProd2 ...
4 1 21 391 2 602 1 869 1 737 1 452 1 479 1 400 1 435 1 748 1 868 1 878 1 719 1 814 1 818 1 835 1 902 1 950 3 350 1 63 1 79 1 1 2
22 3 28 407 1 457 1 65 1 271 2 273 2 274 1 275 3 429 1 374 1 745 1 577 2 553 1 524 3 555 4 874 1 875 1 778 2 821 5 843 2 888 1 290 1 458 1 325 1 359 1 158 1 126 2 152 1 61 1
42 6 26 881 1 882 1 836 1 871 1 391 1 869 1 737 1 879 1 400 1 306 1 443 2 463 1 734 1 598 1 736 1 817 1 840 1 317 2 729 1 883 1 68 1 154 1 337 1 77 1 1 1 7 1
49 7 43 393 1 763 1 344 2 149 1 66 1 271 2 275 2 304 1 507 1 374 1 553 1 451 2 503 1 140 1 365 1 758 1 15 5 286 1 333 1 77 2 171 1 176 2 12 1 179 1 18 1 185 1 76 1 98 1 108 2 119 2 217 1 127 1 161 1 322 1 150 1 328 1 340 2 889 2 84 1 202 1 287 1 297 2 319 1
52 8 19 377 1 728 1 785 1 803 1 886 1 974 1 278 1 646 1 751 1 580 1 444 2 780 1 602 1 676 1 400 2 412 2 307 1 518 1 79 1
56 8 24 643 1 404 1 959 2 349 1 363 4 670 1 147 1 320 2 432 1 781 1 380 3 754 1 717 2 813 1 298 1 931 1 457 1 106 1 299 1 271 3 273 4 274 3 275 4 33 2
//IdTournes NbColis
6 6
//IdColis IdCommandeInColis NbProducts IdProd1 QtyProd1 IdProd2 QtyProd2 ...
76 11 26 337 1 62 1 664 1 856 2 356 1 576 1 450 3 672 2 600 1 342 1 367 2 755 1 674 1 481 2 198 2 662 1 700 1 652 2 531 1 659 1 677 1 717 4 529 2 271 3 538 1 123 2
89 13 40 477 1 640 1 480 1 450 1 556 1 774 1 481 1 755 1 715 1 834 1 820 1 198 1 732 1 461 2 147 1 401 1 813 1 677 1 106 2 271 1 316 2 375 2 553 2 524 2 857 1 288 1 325 1 866 1 758 1 910 1 286 2 185 1 76 1 96 1 102 1 119 1 127 1 145 1 156 1 123 2
92 14 23 228 1 487 1 551 1 110 1 163 1 272 1 403 1 544 1 504 1 476 1 377 1 728 1 730 1 673 1 882 1 681 1 722 1 819 1 930 1 400 1 307 1 457 1 79 1
97 15 36 471 1 338 1 387 1 315 1 190 1 136 1 382 2 839 1 922 1 279 2 370 1 812 1 337 3 45 1 856 1 354 1 597 1 155 1 238 1 461 1 349 1 147 1 320 1 432 1 380 1 710 2 813 1 457 1 271 1 341 1 288 1 325 1 126 1 60 1 326 1 1 1
102 16 34 477 1 361 1 450 3 599 1 667 1 556 1 600 1 674 1 481 1 715 1 633 1 750 1 752 1 238 1 959 1 349 2 670 1 432 1 717 1 298 1 344 1 407 1 548 2 271 1 273 1 275 2 374 1 553 1 389 1 821 1 843 2 290 1 458 1 113 1
109 17 24 363 2 670 1 147 1 401 2 320 1 380 3 754 1 717 2 931 2 407 1 408 1 529 1 457 2 324 1 271 3 274 2 275 6 304 1 341 1 375 2 379 2 524 2 389 3 888 1
//IdTournes NbColis
7 6
//IdColis IdCommandeInColis NbProducts IdProd1 QtyProd1 IdProd2 QtyProd2 ...
124 19 28 242 1 106 1 299 1 271 2 273 1 304 1 429 2 341 1 375 2 553 1 383 2 524 1 389 3 778 2 821 3 857 1 858 2 843 2 888 2 288 1 458 1 866 6 758 1 880 3 910 1 192 2 331 1 145 1
133 21 33 571 1 209 1 132 1 718 2 279 1 370 1 831 1 337 1 856 1 170 1 672 1 342 1 674 1 481 1 755 1 147 1 221 1 380 1 710 1 299 1 271 1 275 1 453 1 429 1 553 1 379 1 383 1 389 1 857 2 821 1 843 2 288 1 123 1
139 22 24 271 1 273 3 275 7 304 3 577 3 553 2 524 1 555 2 821 3 843 5 288 1 290 1 126 1 215 1 880 3 286 1 333 1 113 2 217 1 248 1 12 1 185 1 58 1 76 1
174 31 46 235 1 279 1 371 1 372 1 936 1 334 1 354 1 361 1 357 1 380 1 710 1 393 1 298 1 65 1 66 2 271 1 283 1 555 1 601 1 288 1 359 1 220 1 326 1 15 1 112 1 53 1 285 1 328 1 939 1 291 1 84 1 202 1 332 1 211 1 175 1 187 1 122 1 125 1 141 1 241 1 80 1 203 1 4 1 26 1 143 2 1 1
200 38 28 475 2 817 1 727 1 303 1 382 1 235 1 279 1 370 5 812 2 390 2 480 1 774 1 600 1 396 1 320 1 813 1 271 1 273 1 275 1 283 1 478 1 555 1 601 1 288 1 996 1 866 2 365 1 33 1
204 39 45 320 1 548 2 271 2 283 1 316 1 374 1 383 1 555 1 601 1 888 1 288 1 290 1 140 2 331 1 326 1 15 1 113 1 108 1 119 1 156 1 285 1 339 1 340 1 889 1 327 2 196 1 919 3 867 1 409 1 428 1 13 1 52 1 72 1 121 1 55 2 91 1 141 1 34 1 915 1 8 1 85 1 67 1 94 1 7 3 33 1
//IdTournes NbColis
8 6
//IdColis IdCommandeInColis NbProducts IdProd1 QtyProd1 IdProd2 QtyProd2 ...
208 40 54 271 2 273 1 283 2 453 1 438 1 577 2 553 1 383 3 555 1 601 1 288 1 458 1 462 1 333 1 77 1 93 2 185 1 164 2 150 1 953 1 130 1 289 2 10 1 38 1 291 1 327 1 421 1 295 1 422 2 332 2 124 2 409 1 427 1 3 1 921 1 30 1 52 1 961 1 225 1 54 1 55 2 91 1 141 2 19 2 965 1 34 1 85 1 143 1 139 1 117 1 1 1 123 1 7 1 33 1
228 45 49 370 1 812 1 831 1 856 1 516 1 556 1 832 1 597 1 508 1 677 1 344 1 299 1 271 1 304 1 515 1 374 1 375 1 524 1 857 2 858 1 821 2 288 1 290 1 766 1 913 1 102 1 108 1 112 1 119 1 164 1 925 1 327 1 287 1 295 1 319 1 425 1 332 1 867 1 111 1 427 1 21 1 25 1 188 2 54 1 55 1 91 1 141 1 27 1 85 1
231 46 47 777 1 765 1 349 2 363 1 271 1 274 1 341 1 577 1 857 1 821 3 843 2 458 1 325 1 359 1 866 1 880 1 60 1 326 1 93 2 113 1 230 1 102 1 44 2 285 1 328 1 327 1 332 1 919 2 111 1 124 1 410 1 427 1 336 1 16 1 25 1 47 1 71 1 195 1 225 1 91 1 92 1 141 1 46 1 80 2 50 1 35 1 33 3
235 47 32 303 2 718 1 190 1 133 1 364 1 370 1 70 1 361 2 576 1 667 2 556 1 170 1 619 1 481 1 715 1 508 2 509 1 611 1 461 1 345 1 349 1 320 2 754 1 710 1 717 1 813 1 344 1 149 1 548 1 271 1 288 1 61 1
241 48 61 147 1 324 1 548 1 106 1 271 1 273 1 274 1 304 2 553 1 383 1 555 1 821 1 288 1 537 1 462 1 866 1 766 1 331 2 145 1 420 1 322 1 285 2 535 1 329 2 10 2 339 1 84 1 318 1 534 1 425 1 332 1 867 2 111 1 428 1 335 1 3 2 951 1 52 2 195 1 107 1 122 1 225 1 984 1 91 1 141 1 955 1 960 1 86 1 197 1 17 1 50 1 27 1 35 1 59 1 200 1 206 1 929 1 1 1 123 4 7 1 33 1
246 49 27 856 1 361 2 556 1 342 1 481 2 597 2 155 1 404 1 461 2 363 2 713 1 710 2 147 1 408 1 457 1 324 1 548 1 106 1 299 2 271 1 274 4 275 3 316 2 341 1 374 1 379 2 288 1
//IdTournes NbColis
9 6
//IdColis IdCommandeInColis NbProducts IdProd1 QtyProd1 IdProd2 QtyProd2 ...
252 50 37 390 1 856 1 311 1 352 1 360 1 361 1 640 1 449 1 450 1 667 1 556 2 708 1 795 1 481 1 890 1 680 1 363 1 320 1 432 1 380 1 710 2 793 1 717 1 763 1 221 1 271 2 273 1 275 1 302 1 304 1 341 2 437 1 679 1 374 1 375 1 117 1 33 1
291 62 31 163 2 255 3 630 1 580 1 908 1 762 1 840 1 315 1 109 2 209 1 132 1 133 1 856 1 905 1 906 1 710 1 548 1 271 1 274 1 275 2 916 1 185 1 76 1 230 1 137 1 156 1 48 1 287 1 410 1 200 2 206 1
250 50 23 782 1 784 1 789 1 901 1 491 1 479 1 542 1 307 1 347 1 517 1 688 2 878 1 759 1 818 1 762 1 902 1 865 2 443 2 310 1 775 1 817 1 70 1 1 1
255 51 29 239 1 487 1 547 1 551 1 178 1 240 1 454 1 346 1 472 1 376 1 823 1 554 1 542 1 550 1 762 1 397 1 81 1 967 1 414 1 966 1 364 2 337 1 473 1 354 1 556 1 342 1 126 1 148 1 1 1
2 1 20 247 1 262 1 95 1 110 3 138 1 163 1 474 1 590 1 402 2 301 1 486 1 424 1 586 2 546 1 496 1 616 1 634 1 476 1 440 1 7 1
7 1 33 683 1 674 1 834 1 884 1 608 1 611 1 613 2 643 1 959 1 461 2 489 1 345 1 349 1 159 1 401 2 692 1 380 1 710 2 298 1 344 1 149 2 408 1 457 1 324 1 66 2 106 1 273 1 274 2 341 2 375 2 553 1 288 1 99 1
//IdTournes NbColis
10 6
//IdColis IdCommandeInColis NbProducts IdProd1 QtyProd1 IdProd2 QtyProd2 ...
11 2 14 166 1 252 1 73 1 169 1 167 1 854 2 97 3 163 1 402 2 403 1 292 1 314 1 586 1 106 1
16 2 26 643 2 732 1 750 1 651 1 363 1 670 1 401 1 432 1 692 1 754 1 717 2 677 1 763 2 298 2 407 1 273 3 274 1 275 4 375 1 553 1 383 1 524 2 389 4 821 2 857 1 94 1
19 3 21 168 1 169 1 95 1 97 1 138 1 163 1 272 2 308 2 486 1 465 1 546 1 469 1 629 1 498 1 630 1 705 1 343 1 646 1 580 1 760 1 88 1
33 5 15 169 1 266 1 39 1 854 1 95 1 110 3 628 2 272 2 308 1 544 1 486 2 434 3 358 1 552 1 498 1
51 8 15 90 1 97 2 138 1 272 1 411 2 434 5 647 1 648 1 629 3 720 2 724 1 725 1 377 2 930 1 184 1
65 9 37 884 1 155 1 280 1 643 1 489 1 345 1 622 2 349 1 670 1 147 1 221 1 401 1 320 1 754 1 717 1 407 1 529 1 548 2 106 1 274 1 304 2 341 1 375 2 524 2 389 2 821 1 973 1 888 2 288 1 290 1 458 2 980 1 182 1 192 1 758 1 406 1 175 1
//IdTournes NbColis
11 6
//IdColis IdCommandeInColis NbProducts IdProd1 QtyProd1 IdProd2 QtyProd2 ...
74 11 22 97 1 194 1 272 1 403 1 411 1 483 2 530 1 434 1 472 1 614 1 647 1 377 2 395 1 829 1 764 1 510 1 646 1 751 1 658 1 930 1 347 1 91 1
80 12 19 267 1 73 1 263 1 268 1 262 1 264 1 447 1 95 1 110 1 163 1 272 1 403 1 411 1 424 1 634 1 497 1 648 1 274 1 123 1
96 15 23 300 1 282 1 97 3 138 1 590 1 272 1 492 1 493 1 635 1 742 1 773 1 859 1 646 1 618 1 452 1 491 1 716 1 892 1 818 1 463 1 490 1 775 1 52 1
99 16 15 228 1 87 1 962 1 95 2 97 3 163 1 590 1 671 2 272 2 403 1 308 1 533 1 434 3 629 2 202 1
105 17 19 239 1 39 2 402 2 292 1 301 1 423 1 586 1 469 1 614 1 472 1 690 1 629 2 521 2 730 1 395 1 864 1 323 1 7 1 33 2
131 21 18 237 1 254 1 663 1 282 1 487 1 95 1 255 4 671 1 272 1 403 1 301 1 308 1 469 1 588 1 493 1 358 1 629 1 123 1
//IdTournes NbColis
12 6
//IdColis IdCommandeInColis NbProducts IdProd1 QtyProd1 IdProd2 QtyProd2 ...
136 22 23 87 1 39 2 97 1 272 1 486 1 630 2 757 1 882 1 764 1 580 1 460 1 306 2 455 1 347 1 550 1 362 1 818 1 762 2 865 2 443 1 457 1 200 1 123 1
145 24 18 131 1 252 1 282 1 551 1 854 1 95 1 163 2 606 1 828 1 628 1 272 1 292 1 308 1 530 1 586 1 434 3 512 1 546 1
176 32 20 90 1 282 1 487 1 95 1 97 1 628 1 272 1 292 1 301 1 308 3 312 2 346 1 630 2 803 1 772 1 581 1 881 1 296 1 206 1 123 1
181 33 20 131 1 205 1 90 1 551 1 194 1 163 1 671 1 272 1 292 1 301 1 308 1 423 1 424 1 434 2 469 1 358 1 636 1 377 1 694 1 772 1
230 46 28 267 1 272 1 308 1 472 1 377 2 510 1 440 1 762 1 463 1 475 1 519 1 520 1 893 1 135 1 338 1 231 1 303 1 218 1 279 2 370 1 394 1 477 1 361 1 450 1 556 1 342 1 834 1 79 1
238 48 23 985 1 541 1 854 1 178 1 240 1 272 1 411 1 532 1 424 1 678 1 377 2 694 1 849 1 805 1 852 1 833 1 882 1 948 1 323 1 440 1 751 1 865 1 1 1
//IdTournes NbColis
13 6
//IdColis IdCommandeInColis NbProducts IdProd1 QtyProd1 IdProd2 QtyProd2 ...
240 48 32 596 2 718 1 839 1 981 1 484 1 812 1 693 1 337 2 856 2 45 1 467 1 640 1 450 1 367 1 481 2 708 1 755 1 715 1 509 1 448 1 750 1 155 1 238 1 461 1 363 1 401 1 380 1 754 1 717 1 147 1 529 1 1 1
243 49 17 131 1 268 2 262 1 962 1 246 1 282 1 163 1 474 1 272 1 403 1 483 1 301 1 562 1 434 2 741 1 377 2 206 1
260 52 37 370 1 337 2 938 1 467 1 473 2 480 1 450 1 774 1 556 1 600 1 170 1 367 1 708 1 481 1 155 1 987 1 796 2 363 1 670 1 794 1 401 1 320 1 380 1 754 1 931 1 407 1 324 1 106 2 299 1 274 1 275 1 302 1 437 2 577 1 451 1 91 1 33 1
263 53 24 228 1 264 1 246 1 95 1 97 1 194 1 163 1 272 1 308 1 465 1 630 2 395 1 440 1 770 1 676 1 347 1 550 1 762 1 313 1 463 1 707 1 779 1 385 1 251 1
267 54 21 282 1 95 1 138 1 272 1 648 1 630 1 705 1 386 2 833 1 764 1 822 1 278 1 323 1 545 1 610 1 623 1 658 1 699 1 676 1 313 1 79 2
271 55 19 237 1 267 1 995 1 547 1 551 1 97 2 138 1 628 1 272 1 346 1 493 1 630 2 673 1 296 1 646 1 751 1 804 1 706 1 88 1
//IdTournes NbColis
14 6
//IdColis IdCommandeInColis NbProducts IdProd1 QtyProd1 IdProd2 QtyProd2 ...
293 63 37 178 1 493 1 500 1 440 1 618 1 443 1 912 1 718 2 839 2 279 1 364 1 390 1 415 1 712 1 357 1 765 1 198 1 401 1 298 1 344 1 149 1 274 1 524 1 675 1 877 1 601 2 288 1 60 1 333 1 216 1 284 1 421 1 287 1 91 1 141 1 51 1 123 1
30 4 32 508 1 349 1 432 1 692 1 710 2 717 1 813 1 763 1 298 1 344 1 931 1 407 1 299 2 570 1 273 1 274 1 275 3 568 1 453 1 304 1 341 1 437 1 438 2 375 1 553 1 379 2 389 2 863 1 857 1 858 3 821 2 111 1
43 6 34 160 1 279 1 364 2 337 1 56 1 70 1 390 1 170 1 357 2 367 1 708 1 674 1 481 1 508 1 321 1 796 1 461 1 670 1 147 1 320 1 380 1 393 1 754 1 710 1 763 1 677 1 548 1 66 1 273 1 283 2 374 1 553 2 124 1 33 2
71 10 25 299 1 273 4 274 4 275 2 283 1 302 2 304 1 429 1 341 4 437 1 438 1 617 1 374 1 553 2 451 1 524 2 555 3 778 1 601 1 843 2 458 4 325 1 537 1 140 1 33 1
77 11 37 273 1 274 3 275 2 302 1 304 1 316 1 375 1 379 4 383 1 524 2 389 4 778 1 857 2 821 1 540 1 788 1 288 1 290 1 207 1 152 1 528 1 866 4 220 1 445 1 326 1 108 1 217 1 145 1 48 1 78 1 130 1 222 2 289 1 431 1 340 1 11 1 141 1
115 18 41 481 2 715 1 643 1 700 1 652 1 704 1 349 1 713 1 569 1 531 1 380 1 393 2 324 1 299 1 273 1 274 1 276 1 451 1 555 2 601 1 788 1 288 1 290 1 126 1 152 1 866 3 215 1 220 1 880 1 60 1 15 3 77 3 145 1 156 1 58 1 102 2 48 1 322 1 130 1 954 1 7 2
//IdTournes NbColis
15 6
//IdColis IdCommandeInColis NbProducts IdProd1 QtyProd1 IdProd2 QtyProd2 ...
149 24 26 627 1 450 1 712 1 774 1 600 1 367 1 708 1 674 1 481 1 815 1 834 2 884 1 349 1 320 1 380 1 754 1 717 1 298 2 273 1 274 2 275 7 302 1 304 2 316 2 374 2 184 1
154 25 32 338 1 381 1 387 1 63 1 303 2 315 2 208 1 133 1 258 1 235 1 382 1 839 1 42 1 364 1 370 1 856 1 334 1 477 1 576 1 774 1 481 1 597 1 715 1 363 1 320 1 393 1 717 1 344 1 65 1 273 1 276 1 341 1
191 35 35 394 1 415 1 334 1 352 1 360 1 449 1 450 1 576 1 556 1 600 1 597 1 392 1 432 1 273 1 275 2 283 3 577 1 524 2 555 1 445 1 286 1 333 1 176 1 913 1 44 2 925 1 293 1 284 1 287 2 332 1 409 1 427 2 336 1 172 1 924 1
215 42 28 718 2 109 1 210 1 279 1 364 1 812 1 372 1 693 1 467 1 354 1 450 1 712 1 470 1 367 1 674 1 715 2 884 2 820 1 155 1 461 2 349 1 670 1 380 1 710 1 65 1 106 1 273 3 276 1
236 47 51 273 2 274 2 304 1 577 1 379 1 451 1 383 1 389 1 860 1 821 1 843 1 290 1 1000 1 126 1 758 1 60 1 140 1 220 1 333 1 93 1 505 1 58 1 112 1 44 1 322 1 953 1 289 1 329 1 430 1 340 1 889 1 284 1 319 1 332 2 919 1 867 2 61 1 409 1 410 1 427 1 336 1 439 1 91 1 141 1 17 1 19 2 34 2 26 1 184 1 143 1 33 2
265 53 48 344 1 273 1 275 2 304 1 341 1 577 2 553 3 524 1 555 1 778 2 821 3 843 2 288 1 482 1 152 1 758 1 406 1 331 1 77 1 543 1 179 1 58 1 230 1 156 1 925 1 99 1 285 1 289 1 10 1 421 1 146 1 287 2 297 2 425 2 236 1 330 1 24 1 122 1 54 1 49 1 91 1 101 1 141 1 232 1 88 1 17 1 34 2 6 1
//IdTournes NbColis
16 6
//IdColis IdCommandeInColis NbProducts IdProd1 QtyProd1 IdProd2 QtyProd2 ...
274 55 48 548 2 273 2 274 2 275 1 429 1 451 2 601 2 843 1 888 1 288 1 290 1 758 1 766 2 286 2 333 1 77 1 543 1 176 1 76 1 108 1 118 1 119 1 322 1 150 1 115 1 289 1 535 1 224 1 339 3 284 1 421 1 84 1 425 1 919 2 867 2 330 2 428 1 336 1 172 1 21 1 225 1 91 1 141 1 17 1 51 1 977 1 7 1 33 2
84 12 42 198 1 508 1 796 2 345 1 349 1 363 2 147 1 221 1 159 1 320 1 380 1 710 1 579 1 548 1 274 3 341 2 577 2 843 1 888 1 458 2 359 2 866 1 189 1 215 2 220 1 766 1 326 1 286 2 333 1 93 2 185 1 75 1 112 1 119 1 137 1 127 1 48 2 44 1 193 1 78 1 289 1 16 1
129 20 31 771 1 82 1 210 1 132 1 154 1 235 1 277 1 839 1 279 2 370 2 831 1 856 2 311 1 356 1 360 1 450 2 832 1 597 1 834 1 320 1 717 2 324 1 274 1 275 1 584 1 589 1 577 1 524 1 91 1 94 1 79 1
143 23 44 839 1 279 1 370 2 695 1 856 1 311 1 334 1 450 1 599 1 715 1 198 1 321 1 461 1 149 1 66 1 274 1 275 3 276 1 283 1 374 1 595 1 843 1 288 1 126 1 866 2 140 2 910 1 331 2 15 1 333 1 108 1 118 1 127 1 164 1 44 1 322 1 289 1 291 2 340 1 889 1 162 1 421 1 84 1 200 1
159 26 38 489 1 221 1 159 1 298 2 931 1 457 1 66 1 274 2 275 5 283 1 438 1 553 2 383 1 524 1 555 3 843 2 290 1 152 2 192 1 331 1 15 1 286 1 217 1 12 2 185 1 913 2 989 1 108 2 44 1 257 1 927 1 115 1 285 1 430 2 939 1 229 1 421 1 91 1
179 32 48 796 1 710 2 324 1 274 2 275 1 304 1 316 1 626 2 577 2 524 1 810 1 821 1 843 2 288 1 290 1 458 1 126 1 217 1 48 2 294 1 289 2 329 1 10 1 339 1 340 1 146 1 295 2 297 1 318 1 319 2 425 1 427 2 335 1 187 1 71 1 54 1 55 1 924 1 91 1 92 1 141 1 223 1 31 2 26 1 8 1 157 1 977 1 114 1
//IdTournes NbColis
17 6
//IdColis IdCommandeInColis NbProducts IdProd1 QtyProd1 IdProd2 QtyProd2 ...
194 36 46 369 2 718 1 839 1 938 1 70 1 334 1 360 1 342 1 597 1 432 1 710 1 717 1 677 1 931 1 106 1 274 2 275 2 433 1 341 1 451 1 383 1 843 1 888 2 288 1 406 1 326 1 98 1 420 1 322 1 289 1 329 1 38 1 291 1 340 1 40 1 287 1 919 1 61 1 409 1 64 1 427 1 52 1 28 1 200 1 7 1 33 1
211 41 29 816 1 762 1 310 1 490 1 668 1 385 1 381 1 414 2 277 1 369 1 839 1 109 1 160 1 279 3 370 1 371 1 812 1 856 2 667 1 674 1 884 1 670 1 380 1 677 1 147 1 274 1 288 1 206 1 33 1
224 44 34 759 1 762 1 934 1 443 1 495 1 746 1 736 1 761 1 385 1 749 1 666 1 303 1 718 2 364 2 739 1 357 1 753 1 198 1 404 1 461 1 380 1 754 1 393 1 763 1 324 1 299 1 274 2 275 1 283 1 304 1 438 1 79 1 1 1 123 1
277 56 45 370 2 342 1 357 1 597 1 155 1 710 1 457 1 299 1 274 1 577 1 524 1 778 1 601 2 288 1 528 1 286 1 113 1 230 2 48 1 953 1 115 1 130 1 10 1 38 1 340 1 284 1 421 2 202 1 318 1 319 1 425 1 332 1 410 1 47 1 195 1 91 1 92 1 141 1 223 1 952 1 46 1 234 1 50 1 114 1 123 1
280 57 43 600 1 470 1 957 1 461 1 432 1 380 1 579 1 66 1 274 1 283 2 302 1 451 1 555 1 601 1 288 1 866 2 406 1 286 1 113 2 543 1 48 1 322 1 257 1 285 1 10 1 291 1 889 2 293 1 202 1 287 2 295 1 124 1 335 1 439 1 3 1 16 1 21 1 25 1 91 1 141 1 46 2 51 1 85 1
57 8 35 275 2 341 1 375 3 553 1 383 1 524 3 389 4 858 2 888 2 288 1 290 1 458 1 325 1 866 3 192 1 758 1 766 1 841 1 326 1 286 1 333 2 176 1 12 1 98 1 102 3 204 1 108 3 119 1 137 1 216 1 156 1 48 2 322 2 53 2 115 1
//IdTournes NbColis
18 6
//IdColis IdCommandeInColis NbProducts IdProd1 QtyProd1 IdProd2 QtyProd2 ...
94 14 39 596 1 394 1 856 1 62 1 477 1 599 1 832 1 470 1 357 2 674 1 597 1 755 1 732 1 321 1 404 1 345 1 651 1 754 1 813 1 407 1 529 1 275 1 374 1 553 1 379 1 389 2 888 2 288 1 158 1 866 1 841 2 286 1 333 1 58 1 76 1 161 1 130 1 124 1 7 1
164 28 43 396 1 815 1 349 1 363 2 717 1 298 1 931 1 299 1 275 1 302 1 375 1 379 1 383 1 389 1 888 2 766 2 331 1 15 1 12 1 164 1 322 2 53 1 925 1 329 2 340 1 293 1 287 2 332 1 124 1 211 1 25 1 225 1 91 1 141 1 28 1 86 1 88 1 157 1 35 2 94 1 123 1 7 1 33 3
216 42 54 275 5 283 1 304 1 341 1 437 1 553 1 524 1 555 2 601 1 458 1 325 1 866 1 880 1 215 1 220 1 406 1 286 2 113 1 176 1 103 1 119 1 217 1 38 1 224 1 340 1 889 1 421 1 162 1 250 1 295 1 425 1 61 2 124 2 409 1 427 2 439 1 9 1 125 1 173 1 20 1 91 1 141 2 223 1 28 1 234 1 80 1 197 1 88 1 34 1 206 1 929 1 177 1 79 1 123 1
283 58 32 842 1 74 2 315 2 596 1 837 1 37 1 190 2 218 1 390 1 467 1 352 1 354 1 477 1 576 1 342 1 470 1 367 1 765 1 461 1 363 1 380 2 710 2 457 1 65 1 299 1 275 1 302 1 595 1 451 2 383 1 288 1 91 1
286 59 45 481 1 275 2 283 2 437 1 374 1 601 1 126 1 189 1 179 2 18 1 41 1 58 1 230 1 204 1 112 1 119 1 217 1 161 1 983 1 193 1 130 1 328 1 939 1 340 1 889 1 327 1 421 1 297 1 332 1 111 1 64 1 428 1 335 1 211 1 195 2 122 1 125 2 173 1 91 1 92 1 141 1 223 1 952 1 8 1 23 1
295 64 21 95 1 163 1 816 2 443 1 369 1 209 1 364 1 701 1 906 1 320 1 275 1 374 1 595 2 553 1 383 1 904 1 76 1 229 1 111 1 914 1 200 2
//IdTournes NbColis
19 6
//IdColis IdCommandeInColis NbProducts IdProd1 QtyProd1 IdProd2 QtyProd2 ...
296 65 41 39 1 454 1 711 1 836 1 762 1 609 1 615 1 338 1 414 2 382 1 718 1 42 1 812 2 372 1 361 1 556 2 321 1 670 1 219 1 221 1 242 1 275 1 283 1 524 1 555 1 288 1 458 1 359 1 286 1 77 1 41 1 103 1 925 1 289 1 919 2 921 1 91 1 80 1 4 2 206 1 177 1
6 1 29 133 1 136 1 144 1 235 1 277 2 596 1 839 1 484 1 405 1 364 1 685 1 370 1 831 2 337 2 45 1 390 1 856 1 57 1 415 1 506 2 467 1 473 1 627 2 480 1 556 2 600 1 832 1 357 1 159 1
14 2 25 517 1 518 1 575 2 362 1 669 1 759 1 818 1 762 1 950 1 475 1 520 1 775 1 668 2 385 1 471 1 979 1 896 1 645 2 68 1 136 1 277 1 596 1 980 1 1 2 7 1
20 3 27 306 1 620 1 347 1 550 1 518 1 592 1 818 1 865 1 443 1 573 1 520 1 373 1 384 1 817 1 385 1 471 2 74 1 303 1 82 1 132 1 133 1 144 1 277 1 596 1 718 1 457 1 91 1
28 4 20 81 1 135 1 153 1 385 1 862 1 645 3 522 1 666 2 824 1 413 1 315 1 109 1 133 1 277 3 382 1 850 3 718 2 839 1 364 3 1 2
36 5 21 385 2 317 1 738 1 756 1 567 1 848 1 74 2 645 2 303 1 571 1 315 1 37 1 132 1 144 1 277 1 837 1 839 1 364 3 370 4 337 1 72 1
//IdTournes NbColis
20 6
//IdColis IdCommandeInColis NbProducts IdProd1 QtyProd1 IdProd2 QtyProd2 ...
54 8 22 645 1 522 1 666 2 63 1 413 1 303 1 37 1 82 1 133 2 277 2 596 1 876 1 718 2 585 1 364 3 370 3 870 1 394 2 693 1 525 1 111 1 94 1
64 9 25 144 1 277 4 891 1 850 1 718 3 993 1 994 1 235 1 405 1 831 1 337 3 390 3 856 1 473 1 352 1 356 1 612 1 640 1 667 1 170 1 470 1 708 1 198 1 93 1 123 2
75 11 25 956 1 572 1 517 2 762 2 865 1 443 1 605 1 775 1 397 1 893 1 894 1 416 1 514 2 787 1 666 1 144 1 154 1 277 1 369 1 382 1 718 1 839 1 279 1 812 2 457 1
83 12 27 208 2 210 1 136 1 133 1 277 2 596 1 279 2 370 1 693 1 831 1 70 2 856 1 938 2 311 2 352 1 360 1 450 1 672 1 832 1 418 1 470 1 357 1 367 1 755 1 765 1 834 1 866 1
142 23 24 165 1 90 1 246 1 590 1 386 1 933 1 716 1 676 1 575 1 592 1 669 1 762 1 281 1 463 1 475 1 397 1 381 1 74 1 209 1 144 1 277 1 596 1 839 1 7 1
168 29 44 344 1 276 2 374 1 595 1 288 1 866 1 365 1 758 1 192 1 326 1 286 1 333 2 18 1 32 1 103 1 108 1 137 2 161 1 130 1 38 1 224 2 291 1 340 2 889 2 284 1 250 1 295 1 330 1 336 1 335 1 937 1 72 1 199 1 121 2 91 1 141 1 51 1 157 1 94 1 79 3 1 2 123 5 7 1 33 2
//IdTournes NbColis
21 6
//IdColis IdCommandeInColis NbProducts IdProd1 QtyProd1 IdProd2 QtyProd2 ...
171 30 46 210 1 366 1 371 1 812 1 372 2 356 1 556 1 342 1 715 1 321 1 796 2 380 1 393 1 710 1 324 2 106 1 276 2 341 1 555 1 288 1 325 1 189 1 326 1 137 1 48 1 322 1 327 1 202 1 146 1 162 1 295 1 318 1 319 1 332 1 47 1 91 1 141 1 955 1 88 1 19 2 51 1 26 1 6 1 94 1 206 1 79 1
178 32 27 338 1 387 1 666 1 824 1 36 1 277 1 369 1 837 1 210 1 279 1 621 1 364 2 812 1 337 1 361 2 480 1 450 1 342 1 470 2 367 2 674 1 481 2 715 1 815 1 155 1 457 1 206 1
203 39 26 397 1 385 1 338 1 74 1 303 1 315 1 277 1 718 1 839 2 364 2 695 2 831 1 354 2 477 1 356 1 449 1 450 1 470 1 357 1 367 1 619 2 597 1 481 2 820 1 155 1 813 1
207 40 25 303 1 277 2 596 1 718 1 839 4 42 1 209 1 856 1 360 1 600 1 170 2 470 1 367 1 481 2 715 1 820 1 404 1 349 1 320 1 432 1 717 3 457 2 548 2 106 1 111 1
220 43 34 414 1 315 1 388 2 718 2 839 1 210 1 364 1 394 1 337 3 390 1 938 1 70 1 354 1 360 1 576 1 480 1 667 1 198 1 321 1 796 1 461 1 797 1 320 1 432 1 380 1 710 2 393 2 763 1 548 1 106 2 276 2 302 1 79 1 123 1
227 45 26 504 1 521 1 887 1 760 1 353 1 517 1 518 1 759 1 950 1 443 1 385 2 523 1 338 1 522 1 666 1 186 1 413 2 315 1 277 1 388 1 850 1 718 1 208 1 133 1 405 1 421 1
//IdTournes NbColis
22 6
//IdColis IdCommandeInColis NbProducts IdProd1 QtyProd1 IdProd2 QtyProd2 ...
245 49 20 668 1 817 1 385 2 609 1 645 3 522 2 387 2 303 2 277 1 369 1 596 3 388 2 109 1 144 1 364 1 370 2 812 1 856 1 473 1 220 1
251 50 22 385 1 153 1 787 1 567 1 381 1 74 1 186 1 303 2 277 1 369 2 382 1 718 1 839 2 132 1 235 1 279 2 364 2 370 3 747 1 812 1 831 2 111 1
273 55 33 277 1 369 2 144 1 370 2 831 1 70 1 311 1 354 1 356 1 566 1 361 1 576 1 480 1 450 1 667 1 357 1 619 1 481 2 755 1 674 1 834 1 820 1 280 1 732 1 198 1 321 1 489 1 349 1 363 1 320 1 529 2 980 1 123 1
279 57 25 73 1 116 1 169 1 240 1 465 1 897 1 804 1 444 1 391 1 455 1 502 1 348 1 362 1 816 1 313 1 475 1 385 1 315 2 277 1 209 1 279 1 371 1 415 1 450 1 866 1
25 4 17 128 1 131 1 151 1 165 1 551 1 95 2 590 1 628 1 809 1 403 1 312 1 544 1 562 1 423 1 424 1 586 2 417 1
41 6 21 131 1 116 1 90 1 87 1 95 1 97 1 163 1 403 1 301 1 346 1 546 1 552 1 498 1 656 1 723 1 376 1 705 1 733 1 846 1 805 1 36 1
//IdTournes NbColis
23 6
//IdColis IdCommandeInColis NbProducts IdProd1 QtyProd1 IdProd2 QtyProd2 ...
128 20 23 169 1 90 1 282 1 97 2 163 1 474 1 590 1 403 1 312 1 661 1 630 1 386 1 897 1 351 1 646 1 485 1 412 1 306 1 347 1 762 1 463 1 350 1 670 1
276 56 24 73 1 941 1 403 1 546 1 578 1 581 1 395 1 946 1 580 1 574 1 942 1 491 1 572 1 575 1 313 1 840 1 63 1 68 1 315 1 388 1 109 1 364 1 695 1 123 1
15 2 26 850 1 839 1 405 2 364 1 370 2 812 3 693 1 831 1 337 4 311 1 334 1 506 1 352 2 354 1 477 1 627 2 516 1 576 1 480 1 832 1 470 2 683 1 481 1 820 1 280 1 404 1
21 3 27 364 1 370 3 525 1 337 3 390 1 354 1 477 1 361 2 449 1 667 2 470 1 619 1 367 1 708 3 674 1 715 1 884 1 820 1 155 1 280 1 321 1 404 1 622 1 349 1 363 1 298 1 1 1
37 5 29 693 2 831 2 473 2 352 1 477 2 625 1 627 2 449 1 712 2 600 1 170 3 715 1 884 1 404 1 489 1 363 1 670 2 320 1 380 1 754 1 710 2 529 2 548 1 66 1 106 1 304 1 341 1 288 1 114 1
62 9 21 853 1 764 1 822 1 440 1 580 2 851 1 558 1 564 1 574 1 644 1 706 1 871 1 391 1 602 1 307 1 517 1 362 1 696 1 759 1 36 1 79 2
//IdTournes NbColis
24 6
//IdColis IdCommandeInColis NbProducts IdProd1 QtyProd1 IdProd2 QtyProd2 ...
123 19 25 367 1 481 2 708 2 755 2 674 1 715 1 884 1 633 1 446 2 643 1 404 3 461 2 489 2 651 1 349 2 670 1 147 1 320 1 754 1 710 1 717 2 677 1 548 2 93 1 79 1
184 33 31 831 1 337 2 390 2 856 1 354 1 477 2 627 1 599 1 170 1 342 1 619 1 367 1 755 2 481 1 815 1 820 1 642 1 198 2 321 1 987 1 404 1 345 1 768 1 147 1 66 1 106 1 316 1 341 2 379 2 206 1 33 1
12 2 16 586 3 587 1 546 1 588 1 629 3 521 3 386 2 673 1 872 1 859 1 881 1 278 1 646 1 580 1 416 1 79 1
70 10 33 109 1 369 1 382 3 718 1 837 1 839 1 279 2 695 1 831 1 390 1 311 2 354 1 361 1 480 1 619 1 708 1 392 1 777 1 280 1 752 1 796 1 489 1 219 1 320 1 710 1 763 1 677 1 931 1 457 2 324 1 288 1 200 1 123 1
101 16 25 443 1 281 1 475 2 385 1 416 1 317 1 567 1 666 1 727 1 63 1 69 1 303 2 109 1 132 1 154 1 42 1 279 1 364 1 370 3 812 1 831 2 415 1 352 2 354 1 477 1
107 17 19 932 1 645 1 522 2 387 3 666 2 231 1 771 1 315 1 132 1 154 2 235 1 596 1 850 4 718 1 839 1 405 3 370 1 693 1 529 1
//IdTournes NbColis
25 6
//IdColis IdCommandeInColis NbProducts IdProd1 QtyProd1 IdProd2 QtyProd2 ...
119 19 21 826 1 846 1 872 1 790 1 852 1 859 1 900 1 822 1 970 1 278 1 323 1 343 1 440 1 580 1 838 1 466 1 632 1 657 1 722 1 819 1 893 1
122 19 27 369 3 382 1 718 1 837 1 839 2 37 1 279 2 364 2 693 1 695 1 856 2 45 1 56 1 62 1 170 1 311 1 625 1 467 1 352 1 354 2 477 1 361 1 599 1 832 3 470 1 367 1 184 1
137 22 24 463 1 490 1 520 2 384 1 736 1 817 1 385 1 565 1 523 1 381 3 387 1 74 2 231 1 303 1 109 1 209 1 210 1 235 1 369 1 382 1 839 2 279 2 337 1 91 1
148 24 25 932 1 645 4 522 2 842 1 413 1 315 1 109 1 132 1 144 1 596 2 154 1 405 3 366 1 693 1 831 1 337 1 390 1 467 1 473 1 354 2 477 1 612 2 140 1 1 2 33 1
158 26 32 303 1 208 1 209 1 133 1 136 1 144 1 154 1 484 1 279 1 812 1 665 1 831 1 390 1 45 1 56 1 467 1 354 2 640 1 600 2 357 1 619 1 597 1 674 1 280 1 613 1 643 1 198 1 155 1 796 1 461 1 141 1 33 1
183 33 23 520 2 668 1 894 1 698 1 896 1 645 1 522 3 842 1 727 1 413 2 596 1 718 2 837 1 839 2 190 1 132 1 133 1 160 1 405 1 693 1 695 1 52 1 33 2
//IdTournes NbColis
26 6
//IdColis IdCommandeInColis NbProducts IdProd1 QtyProd1 IdProd2 QtyProd2 ...
259 52 22 885 1 825 1 443 3 605 1 384 1 840 1 397 2 385 2 471 1 387 1 74 3 303 1 315 2 369 1 382 1 596 1 388 1 718 1 279 2 364 1 831 1 123 1
264 53 28 565 1 567 1 74 2 771 1 369 2 388 1 839 1 209 1 994 1 279 1 364 2 337 1 473 1 477 1 361 1 667 1 774 1 392 1 777 1 508 1 732 1 198 1 155 2 363 1 320 2 432 1 717 1 677 1
268 54 25 865 1 490 1 350 1 475 1 668 1 893 1 761 1 471 1 381 1 387 1 303 4 369 3 37 1 136 1 279 2 364 1 366 1 812 1 832 1 418 1 470 1 619 1 674 1 529 1 79 1
285 59 27 39 1 282 1 260 1 292 1 603 1 970 1 947 1 580 1 602 1 281 1 598 1 583 1 381 1 387 1 369 1 596 1 839 1 210 1 144 1 160 1 279 1 594 1 352 1 600 1 170 1 597 1 251 1
53 8 23 362 1 786 1 719 1 762 3 964 1 865 2 950 1 443 1 281 3 490 1 475 1 384 1 817 1 945 2 761 1 135 1 317 1 624 1 565 1 655 1 523 1 567 1 866 1
87 13 23 282 1 511 1 97 1 163 1 301 1 512 1 720 1 724 1 629 1 521 2 772 1 440 1 838 1 735 1 602 1 901 1 731 1 307 1 902 1 950 1 443 2 42 1 123 1
//IdTournes NbColis
27 6
//IdColis IdCommandeInColis NbProducts IdProd1 QtyProd1 IdProd2 QtyProd2 ...
88 13 28 443 1 281 1 313 1 490 1 475 1 721 1 373 1 817 1 945 1 397 1 522 1 666 1 727 1 413 2 37 1 136 1 154 1 596 1 839 1 370 1 812 2 831 1 45 1 170 1 311 2 506 1 467 1 198 1
108 17 28 693 1 337 4 390 1 334 1 467 1 352 1 356 2 473 1 627 1 640 1 480 2 450 1 832 1 470 2 619 1 367 1 674 1 481 2 884 1 198 1 280 1 508 1 643 1 321 2 959 2 651 1 363 1 113 1
113 18 22 300 1 237 1 87 1 282 1 240 1 178 1 308 1 530 1 496 1 498 1 578 1 826 1 846 1 948 1 323 1 440 1 646 1 706 1 353 1 814 1 475 1 81 1
233 47 18 73 1 205 1 940 1 90 1 282 1 95 1 240 1 138 1 828 1 628 1 486 1 434 2 546 1 661 1 377 2 772 1 790 1 764 1
234 47 22 864 1 343 1 440 1 580 1 751 1 851 1 760 1 391 1 830 1 353 1 307 2 501 1 347 1 865 3 281 1 490 1 573 1 520 1 817 2 385 1 74 1 7 1
239 48 25 466 1 681 1 554 1 709 1 491 1 307 1 347 1 682 1 443 1 281 1 350 2 734 1 972 1 81 1 135 1 684 1 523 1 749 1 567 1 381 1 387 2 315 1 369 1 596 1 1 2
//IdTournes NbColis
28 6
//IdColis IdCommandeInColis NbProducts IdProd1 QtyProd1 IdProd2 QtyProd2 ...
249 50 18 128 1 39 1 282 1 551 1 854 1 240 1 255 4 301 1 308 2 434 1 472 1 386 1 790 1 897 1 859 1 751 1 574 1 91 1
269 54 52 481 2 884 1 280 1 461 1 349 2 380 1 763 1 147 1 219 1 579 1 283 2 577 1 451 1 821 1 888 1 288 1 458 1 359 1 866 1 286 1 333 2 93 1 18 1 48 1 130 1 431 1 340 2 295 1 919 2 124 1 148 1 330 1 961 1 72 1 195 1 105 1 121 1 125 1 55 1 91 1 141 1 28 1 960 1 17 2 34 1 14 1 180 1 227 1 23 1 6 1 200 1 33 1
272 55 24 699 1 306 1 592 1 818 1 762 1 835 1 865 1 281 1 313 1 520 2 384 1 668 1 598 1 840 1 135 1 523 1 698 1 567 1 703 1 802 1 74 3 938 1 117 1 123 1
34 5 18 723 1 377 1 694 1 829 1 859 1 751 1 580 1 623 1 657 1 391 2 861 1 819 1 901 1 452 3 716 1 676 1 307 2 36 1
155 25 34 283 1 675 1 288 1 359 1 215 2 220 1 406 1 326 1 119 1 217 1 161 1 185 1 230 2 108 1 112 1 130 2 193 1 289 1 340 1 250 1 319 1 332 1 111 1 330 1 141 1 91 1 241 1 86 1 88 1 17 1 51 1 143 1 114 1 123 1
212 41 49 283 1 304 1 595 1 451 1 675 1 601 3 458 1 866 2 758 1 910 1 215 1 406 1 89 1 326 1 77 1 108 1 112 1 119 1 137 1 969 1 44 1 953 1 328 1 10 1 939 1 291 2 340 1 889 1 284 1 421 2 287 2 295 2 297 1 332 2 919 1 459 1 124 1 148 2 427 1 335 1 107 1 91 1 92 1 141 1 46 1 88 1 17 1 27 1 139 1
//IdTournes NbColis
29 6
//IdColis IdCommandeInColis NbProducts IdProd1 QtyProd1 IdProd2 QtyProd2 ...
298 66 22 255 1 308 1 454 1 376 1 580 1 306 1 310 1 520 1 209 1 311 3 361 2 599 1 283 1 374 1 553 1 918 1 365 1 904 1 48 1 285 1 111 2 26 1
258 52 20 782 1 706 1 554 1 391 1 899 1 559 1 699 1 879 1 561 1 716 1 307 2 309 1 435 1 347 1 468 1 575 1 759 1 895 1 36 1 148 1
46 7 15 212 1 237 1 1003 1 1004 1 253 1 499 1 663 1 487 1 178 1 183 1 260 1 628 1 454 2 312 2 42 1
162 27 23 906 1 788 2 907 2 909 2 126 1 152 1 758 1 910 1 903 1 119 1 12 1 58 1 913 1 76 1 230 2 44 1 322 1 222 1 536 1 11 1 421 1 287 1 29 1
8 1 40 553 3 379 4 524 1 821 3 973 1 857 4 858 2 325 1 528 1 980 2 215 1 880 1 331 1 333 2 77 1 93 1 96 1 98 1 102 1 103 1 104 1 130 2 222 1 285 1 289 1 430 2 329 1 38 1 339 1 84 1 297 2 318 2 422 1 425 2 593 1 919 4 867 1 148 2 213 1 13 1
17 2 54 857 2 288 1 290 1 758 1 766 1 326 1 286 1 75 1 127 1 142 1 164 1 44 1 322 1 53 1 78 1 115 1 130 1 285 1 430 1 339 1 340 1 327 2 40 1 146 1 162 1 284 1 421 2 295 2 297 2 319 1 919 1 111 1 64 1 16 1 24 1 30 1 47 1 71 1 107 1 125 1 54 1 91 1 141 1 43 1 51 1 26 1 29 1 129 1 35 1 85 1 120 1 94 1 114 1 33 1
//IdTournes NbColis
30 6
//IdColis IdCommandeInColis NbProducts IdProd1 QtyProd1 IdProd2 QtyProd2 ...
23 3 45 152 1 866 1 758 1 331 1 89 1 326 1 286 2 93 1 113 3 12 1 18 1 58 1 102 1 44 1 322 1 150 1 115 1 285 3 329 1 430 2 339 3 340 2 327 3 425 3 332 5 111 2 124 1 427 1 335 1 16 1 25 1 47 1 107 1 121 1 122 1 92 1 141 1 17 1 8 2 50 1 35 1 85 1 94 1 114 1 117 1
31 4 56 888 2 288 1 290 1 359 1 60 1 445 1 766 2 758 1 880 1 910 1 331 2 286 1 93 1 113 1 32 1 58 1 75 1 76 1 112 1 119 1 164 1 48 2 322 1 285 2 431 1 536 1 329 1 10 1 38 1 328 1 340 1 293 1 327 1 295 1 319 1 425 2 410 1 330 1 427 2 428 1 13 1 107 1 125 1 55 1 91 1 141 1 46 1 80 1 100 1 88 1 51 1 26 1 85 1 120 1 114 1 123 4
38 5 34 553 1 389 2 601 1 857 6 821 6 888 4 152 1 980 3 140 2 758 1 326 1 286 1 333 1 77 1 113 1 41 1 108 3 119 2 127 1 137 1 145 1 161 1 322 3 130 1 285 3 563 1 328 2 224 2 339 1 340 2 146 1 332 1 123 2 33 3
58 8 44 285 1 289 3 535 2 329 1 426 2 430 5 10 1 38 1 328 1 340 2 889 2 293 1 421 2 295 1 297 1 318 1 422 1 425 3 332 1 867 1 409 4 330 2 427 1 335 1 439 3 172 1 21 1 52 1 187 1 195 1 30 1 91 1 141 2 924 1 181 1 51 1 923 1 26 2 8 1 180 1 201 2 35 1 85 1 206 1
66 9 42 543 1 18 1 96 1 102 2 118 1 156 1 161 1 48 1 44 1 53 1 130 2 285 1 289 1 329 1 328 1 339 4 340 1 293 1 318 1 319 1 867 3 175 1 13 1 72 1 199 1 214 1 125 1 225 1 55 1 49 1 91 2 92 1 141 1 86 1 197 1 88 2 17 2 85 1 120 1 206 1 177 1 123 2
72 10 41 192 2 758 1 89 1 15 1 113 1 185 2 102 1 119 1 150 1 289 1 329 1 38 1 224 1 328 1 340 2 196 1 284 1 421 1 287 2 297 1 425 2 332 1 593 1 61 2 64 1 330 2 225 1 3 1 54 1 55 1 91 1 101 2 141 1 80 2 51 2 17 1 157 1 35 1 85 1 206 1 7 1
//IdTournes NbColis
31 6
//IdColis IdCommandeInColis NbProducts IdProd1 QtyProd1 IdProd2 QtyProd2 ...
90 13 33 161 1 12 1 18 1 913 1 48 2 285 2 289 1 426 1 340 2 889 4 202 1 287 2 425 1 919 1 867 2 409 1 330 2 336 1 335 1 439 1 121 1 125 1 91 1 141 1 234 1 8 1 23 1 85 1 120 1 143 1 206 1 7 1 33 5
98 15 32 766 1 333 1 93 1 185 1 108 1 164 1 179 1 44 1 285 1 426 1 340 1 889 2 327 1 202 1 146 1 295 1 319 1 111 1 409 1 233 1 330 1 427 1 226 1 439 1 107 1 13 1 91 1 141 1 926 1 227 1 79 1 1 1
116 18 35 285 2 426 1 430 1 328 1 10 1 38 1 340 1 229 1 421 1 287 2 295 1 409 2 439 1 107 1 3 1 175 1 951 1 24 1 188 1 72 1 105 1 54 1 91 1 141 1 955 1 86 1 234 1 28 1 197 1 17 1 19 2 94 1 114 1 7 1 33 4
125 19 58 103 1 108 3 217 1 18 1 185 1 913 1 48 2 44 2 322 1 130 1 953 1 193 1 99 1 289 2 430 3 431 1 535 1 536 1 329 1 328 3 340 1 889 4 293 1 327 2 84 3 162 2 284 1 421 1 40 1 295 1 867 2 111 1 409 1 233 1 64 3 978 1 335 1 9 2 211 2 199 1 107 1 121 1 122 1 16 1 24 1 25 1 92 1 141 1 223 1 49 1 241 1 244 1 31 1 80 1 249 1 197 3 184 1 79 1
140 22 28 130 1 99 1 539 1 430 1 10 1 340 2 889 1 327 2 284 3 425 3 319 2 919 1 459 1 867 1 236 1 64 1 330 1 428 1 336 1 335 1 439 1 141 1 49 1 251 1 17 1 23 1 139 1 117 1
150 24 41 375 1 553 2 379 4 524 3 389 4 821 1 858 2 888 2 288 1 290 1 458 1 60 2 192 1 15 1 543 1 127 1 145 1 161 1 58 1 75 1 322 1 130 1 99 1 285 1 289 2 535 1 329 1 10 1 939 1 38 2 339 1 340 2 327 2 250 1 84 1 295 1 319 2 422 2 425 1 332 2 33 2
//IdTournes NbColis
32 6
//IdColis IdCommandeInColis NbProducts IdProd1 QtyProd1 IdProd2 QtyProd2 ...
225 44 48 374 1 524 1 555 1 601 1 843 2 458 1 866 1 445 1 365 2 758 2 189 2 406 1 77 1 93 1 113 1 18 1 102 2 108 2 992 1 48 2 222 1 285 1 328 1 340 1 889 1 327 2 421 1 84 1 287 1 318 1 919 1 867 1 61 2 148 1 409 1 975 1 439 1 175 1 988 1 91 1 92 1 141 1 976 1 915 1 991 1 6 1 123 2 33 1
247 49 48 379 1 524 1 389 1 778 2 857 1 858 2 458 2 866 1 445 1 220 1 406 1 331 1 286 4 997 1 230 1 216 1 248 1 420 1 150 1 329 1 328 1 38 1 340 1 11 1 284 1 297 2 318 1 422 1 867 2 61 1 330 2 427 1 428 1 336 1 1002 1 439 1 25 1 107 1 121 1 924 1 91 1 141 1 952 1 88 2 17 1 19 1 51 1 203 1
44 6 48 383 1 555 3 675 1 877 1 863 1 288 1 290 1 126 1 758 1 406 1 15 1 102 1 112 1 118 1 156 1 44 1 322 1 78 1 130 1 431 1 291 1 340 1 889 3 11 1 327 1 421 1 332 1 867 1 124 1 409 1 410 1 330 1 427 2 336 1 9 1 72 1 91 1 101 1 141 1 31 1 88 1 26 1 129 1 59 1 6 1 143 2 114 1 139 1
103 16 33 458 1 537 1 880 1 326 1 286 1 333 1 230 1 108 2 156 1 176 1 102 1 103 1 48 1 322 1 536 1 328 3 38 1 339 2 340 1 327 2 162 2 867 1 61 2 527 1 21 2 72 1 91 1 141 1 86 1 31 1 17 1 19 1 4 1
130 20 24 778 1 601 2 843 1 359 1 866 1 406 1 286 1 112 1 137 1 75 1 322 3 224 1 328 1 332 1 919 1 330 1 427 2 335 1 439 2 141 1 17 1 4 1 79 1 33 1
144 23 24 84 1 287 1 295 1 332 1 593 1 919 2 148 2 427 1 226 1 937 1 55 1 141 1 232 1 91 1 31 1 19 1 201 2 157 1 27 1 94 1 114 1 139 1 177 1 7 1
//IdTournes NbColis
33 6
//IdColis IdCommandeInColis NbProducts IdProd1 QtyProd1 IdProd2 QtyProd2 ...
188 34 45 417 2 408 1 429 2 437 2 438 2 877 1 863 2 290 1 325 1 880 1 215 1 326 1 920 1 41 1 58 1 78 2 927 2 289 1 329 1 426 2 430 3 431 1 340 1 293 1 146 1 287 1 297 1 439 1 172 1 3 1 21 2 30 1 195 2 107 1 121 2 928 1 122 2 173 5 141 1 46 1 206 4 929 1 123 1 7 7 33 7
198 37 30 365 1 758 1 841 1 15 4 286 1 230 1 137 1 130 1 291 1 340 1 889 1 327 4 84 1 287 1 297 1 919 1 459 1 61 1 409 1 72 1 121 1 91 1 141 1 952 1 88 1 51 2 26 1 50 2 929 1 79 1
201 38 33 758 2 766 1 406 1 89 1 333 1 230 1 108 1 156 1 953 1 130 1 431 1 10 1 340 1 889 1 295 1 297 2 919 1 867 2 61 1 148 1 428 1 336 1 439 1 174 1 173 1 91 1 141 1 88 1 51 1 129 1 6 1 206 3 79 1
221 43 56 341 1 437 1 553 1 601 2 288 1 290 1 458 3 482 1 866 1 445 1 365 1 406 1 326 1 15 1 75 1 230 1 204 1 119 1 48 2 44 1 953 1 430 1 38 2 327 2 421 1 287 2 295 2 319 1 422 2 425 2 332 1 111 1 330 2 336 1 213 2 335 1 439 1 9 1 91 1 141 1 223 1 234 1 88 1 50 1 201 1 85 1 67 1 6 1 94 1 206 1 114 1 117 1 177 2 79 2 7 1 33 2
253 50 41 553 1 383 1 389 1 857 3 821 2 843 1 888 1 288 1 359 1 866 3 758 1 880 1 766 2 286 1 998 1 990 1 112 1 145 1 1001 2 44 2 322 2 289 1 328 1 340 1 889 2 327 1 421 1 202 1 425 2 867 1 124 1 148 1 988 1 125 1 243 1 55 2 173 1 924 1 141 1 43 1 915 1
256 51 28 481 1 344 1 553 1 555 1 557 1 601 1 215 1 140 2 406 1 15 3 286 1 77 1 171 1 18 1 48 1 322 2 340 1 327 2 421 2 287 1 319 1 867 1 226 2 91 1 141 1 19 1 143 2 200 1
//IdTournes NbColis
34 6
//IdColis IdCommandeInColis NbProducts IdProd1 QtyProd1 IdProd2 QtyProd2 ...
284 58 37 524 1 555 1 675 1 843 2 140 2 185 1 913 1 98 1 118 1 992 1 115 1 289 1 426 1 38 1 340 1 889 1 229 1 287 1 332 2 919 1 148 2 236 1 330 2 428 1 336 1 141 1 88 1 17 1 26 1 180 1 85 1 143 1 200 1 177 1 123 1 7 1 33 2
197 37 33 381 1 74 1 315 1 718 1 839 2 210 1 160 1 370 1 390 2 334 1 473 1 480 1 170 1 470 1 367 1 481 1 597 1 670 1 320 1 710 1 813 1 221 1 579 1 299 1 302 1 553 1 451 1 383 1 778 1 601 1 843 1 288 1 290 1
63 9 19 898 1 902 1 443 4 310 1 475 1 598 1 736 2 894 1 761 2 645 3 522 3 666 1 69 2 208 1 209 1 133 1 218 1 525 1 140 1
134 21 47 888 1 458 1 482 1 866 1 758 1 910 1 766 1 189 2 331 2 326 1 171 1 102 1 48 1 44 1 322 2 150 1 130 1 99 1 289 2 328 1 939 1 340 1 293 1 327 1 146 1 332 1 867 2 111 2 124 1 61 1 427 1 226 1 335 1 211 1 21 1 243 1 141 1 232 1 924 1 86 1 234 1 17 1 19 1 915 1 1 2 7 1 33 1
185 33 49 379 1 383 1 778 1 858 1 821 4 290 1 866 5 880 1 333 2 179 1 76 1 230 1 999 1 104 1 119 1 217 1 992 1 161 1 420 1 925 2 115 1 289 2 328 1 339 3 340 1 421 1 84 1 295 1 422 1 425 1 641 1 867 1 2 1 409 2 330 1 195 1 91 1 141 1 952 1 46 1 17 1 51 1 22 1 23 1 35 1 206 1 114 1 117 2 33 1
261 52 48 451 2 383 2 524 1 778 1 888 1 290 1 458 2 359 1 462 1 866 3 445 1 758 2 880 1 841 2 333 1 93 1 543 1 76 1 230 2 98 1 990 1 217 1 322 1 983 1 193 1 329 1 539 1 291 1 340 1 889 2 327 1 421 2 162 1 295 1 318 1 425 2 919 2 409 1 410 2 330 1 427 1 335 1 439 1 49 1 141 1 100 1 43 1 986 2
//IdTournes NbColis
35 6
//IdColis IdCommandeInColis NbProducts IdProd1 QtyProd1 IdProd2 QtyProd2 ...
117 19 15 237 1 267 1 90 1 247 2 253 1 262 1 663 1 541 1 649 1 95 2 110 1 474 1 828 1 292 1 93 1
244 49 24 730 1 846 1 853 1 343 1 610 1 618 1 391 1 855 1 479 1 501 1 347 1 348 1 517 1 518 1 740 1 696 2 762 1 865 1 526 1 573 1 384 1 747 1 1 1 33 1
110 17 40 389 1 857 5 821 6 888 2 325 1 359 1 482 1 604 2 980 1 758 1 880 1 766 1 841 1 113 1 543 1 76 2 112 1 145 1 179 2 75 1 44 1 322 3 130 1 193 1 535 1 329 1 328 1 10 1 939 1 38 1 339 2 340 2 327 2 146 1 421 1 295 1 425 1 332 4 919 1 867 1
111 17 30 919 2 61 1 409 1 236 1 64 1 410 1 427 1 336 1 527 1 9 1 214 1 225 1 13 1 21 1 24 2 25 1 982 1 52 1 72 1 91 1 141 1 232 1 46 1 80 1 88 1 51 1 201 1 120 1 143 2 206 1
160 26 15 84 1 295 1 319 1 660 1 459 1 867 4 409 1 233 1 101 2 86 1 80 1 19 1 51 2 201 1 117 2
85 12 39 426 1 430 1 939 1 889 1 84 1 425 1 867 1 111 2 124 1 410 1 428 1 975 1 978 1 9 1 211 1 195 2 122 1 125 1 921 1 91 1 141 2 223 1 976 1 960 1 80 1 197 1 19 1 34 1 5 1 184 1 157 1 8 1 35 1 85 1 6 3 94 1 139 2 79 3 7 1
//IdTournes NbColis
36 6
//IdColis IdCommandeInColis NbProducts IdProd1 QtyProd1 IdProd2 QtyProd2 ...
95 14 29 44 1 430 1 224 1 339 3 340 1 327 2 84 1 202 1 295 1 425 1 867 1 124 1 330 1 211 1 195 1 21 1 91 1 141 1 86 1 28 1 80 1 197 1 85 1 59 1 94 1 206 1 114 1 79 5 33 1
50 7 31 297 1 319 1 332 1 111 1 148 2 124 1 427 1 428 2 9 1 21 1 47 1 188 1 191 1 195 1 122 1 125 1 225 1 173 1 91 1 141 1 28 1 31 1 46 1 86 2 17 1 19 1 203 1 50 1 35 2 94 1 206 1
132 21 26 377 1 790 1 881 1 882 1 900 1 296 1 500 1 513 1 351 1 485 1 591 1 479 1 762 1 865 1 443 1 397 1 385 1 514 1 654 1 655 1 338 1 666 1 68 1 303 1 42 1 91 1
138 22 32 370 3 812 1 693 1 831 2 337 1 856 1 170 2 467 1 352 1 354 1 477 1 566 1 576 1 480 1 712 1 832 1 470 1 834 1 508 1 509 1 345 1 670 1 147 1 320 2 380 1 710 1 717 2 763 1 298 2 106 1 866 1 123 1
1 1 10 300 1 131 1 259 1 237 1 267 1 265 1 168 1 90 1 266 2 413 1
68 10 20 300 1 205 1 95 1 97 2 474 1 424 1 578 1 386 1 773 1 946 1 882 1 343 1 440 2 751 1 580 1 760 1 823 2 610 1 930 1 174 1
//IdTournes NbColis
37 6
//IdColis IdCommandeInColis NbProducts IdProd1 QtyProd1 IdProd2 QtyProd2 ...
282 58 23 300 1 260 1 483 1 582 2 578 2 829 1 833 1 836 1 591 1 554 1 391 1 830 1 550 1 362 1 818 1 762 1 463 1 707 1 385 1 416 1 381 2 56 1 123 1
118 19 16 483 1 301 1 308 3 486 2 424 1 434 2 587 1 358 1 546 1 588 1 653 1 629 2 723 1 377 3 36 1 184 1
257 52 22 165 1 254 1 487 1 95 1 240 1 255 2 628 1 301 1 434 1 546 1 469 1 661 1 846 1 859 1 882 1 323 1 440 1 792 1 618 1 869 1 1 1 123 1
100 16 17 720 1 498 1 742 1 377 2 757 1 847 1 882 1 440 1 646 1 441 1 491 1 412 1 517 3 362 1 669 4 762 1 865 1
219 43 24 485 1 466 1 632 1 618 1 699 1 731 1 479 1 716 1 963 1 412 1 572 1 740 1 688 1 816 1 958 1 350 1 373 1 384 1 840 1 385 1 666 1 727 1 457 1 1 1
5 1 20 520 1 775 2 736 2 397 2 817 1 416 1 488 1 514 1 787 1 883 2 686 2 802 2 848 2 69 1 83 1 413 3 42 1 208 1 62 1 1 2
//IdTournes NbColis
38 6
//IdColis IdCommandeInColis NbProducts IdProd1 QtyProd1 IdProd2 QtyProd2 ...
93 14 23 501 1 696 2 878 1 814 1 762 2 934 1 475 1 373 2 779 1 817 1 385 1 698 1 522 2 387 1 549 2 303 1 315 1 42 1 218 1 235 1 369 2 866 1 7 1
114 18 29 373 1 707 1 317 1 456 1 471 1 702 1 714 1 848 1 666 1 74 1 414 2 571 1 132 1 136 1 382 1 42 1 812 1 394 1 337 1 390 2 360 2 556 1 701 1 357 1 619 1 708 1 674 1 461 1 1 3
121 19 23 313 1 384 1 775 1 761 1 840 1 385 2 317 1 488 1 523 1 883 2 567 1 645 2 522 1 666 1 842 1 769 1 303 4 82 1 208 1 210 1 132 1 938 1 91 1
153 25 22 261 1 256 1 240 1 260 1 312 1 578 2 395 1 933 1 791 2 935 1 306 2 816 1 490 1 573 1 598 1 894 1 397 1 135 2 385 1 802 1 338 1 866 1
166 29 20 259 1 151 2 178 2 346 1 386 1 822 1 351 1 823 1 305 1 347 1 348 1 368 1 811 1 814 1 816 1 818 1 762 1 825 2 310 1 360 1
27 4 23 836 1 610 1 618 1 657 1 799 1 307 1 517 1 362 1 798 1 688 1 844 1 719 1 762 2 934 1 950 1 443 1 313 2 463 1 605 1 520 1 736 1 397 1 1 1
//IdTournes NbColis
39 6
//IdColis IdCommandeInColis NbProducts IdProd1 QtyProd1 IdProd2 QtyProd2 ...
35 5 20 307 1 501 1 575 1 748 2 669 2 892 1 814 1 762 2 835 1 902 1 865 2 443 3 310 2 520 1 707 1 840 1 385 1 315 1 1 2 123 1
120 19 18 460 1 901 1 767 1 731 2 716 3 963 1 307 1 347 1 572 1 517 1 575 1 696 1 814 1 762 1 835 2 885 1 958 1 902 1
147 24 17 789 1 391 1 307 1 517 3 518 1 786 1 825 1 762 3 835 1 443 3 490 1 817 1 385 4 317 1 655 1 729 1 70 1
82 12 25 964 1 885 1 958 1 310 1 490 1 573 2 637 1 721 1 736 1 971 1 972 1 135 1 153 1 416 1 317 1 471 1 624 1 639 1 698 2 932 1 549 2 36 1 69 1 190 1 144 1
106 17 20 646 1 485 1 444 2 681 1 658 1 391 1 716 1 501 1 517 1 518 1 362 1 368 1 885 1 762 1 958 1 902 1 443 2 310 1 350 1 645 1
29 4 29 370 3 800 1 812 1 394 1 695 1 831 1 337 1 134 1 390 2 856 2 311 2 334 2 352 1 354 1 477 1 356 1 612 1 627 2 576 1 450 2 806 1 556 1 774 1 832 1 808 1 481 1 597 1 755 1 324 1
//IdTournes NbColis
40 6
//IdColis IdCommandeInColis NbProducts IdProd1 QtyProd1 IdProd2 QtyProd2 ...
146 24 19 629 2 783 1 521 2 395 1 847 1 829 1 764 1 859 1 946 1 440 1 580 2 836 1 564 1 623 1 618 1 644 1 735 1 313 1 79 1
157 26 26 882 1 804 1 580 1 444 1 618 1 657 1 460 1 550 1 816 1 762 1 490 1 520 1 384 2 668 1 817 2 397 1 761 1 840 1 81 1 416 1 471 1 338 1 381 1 74 1 727 1 114 1
61 9 18 131 1 237 1 90 1 167 1 87 1 39 1 97 3 671 1 628 1 560 1 562 1 587 1 742 1 377 1 694 1 730 1 803 1 7 1
3 1 17 629 2 521 2 705 1 805 1 807 1 846 3 887 2 882 1 859 1 900 1 687 1 646 1 751 2 873 1 545 1 554 1 79 3
47 7 23 486 1 424 1 465 1 726 1 647 1 378 1 947 1 949 1 510 1 440 2 944 1 591 1 658 1 930 1 502 1 368 1 373 1 707 2 817 1 945 1 840 1 457 1 94 1
39 5 32 332 3 318 2 319 2 422 1 425 1 919 3 2 1 867 1 61 2 148 1 64 1 427 2 330 1 9 1 3 1 13 1 47 1 52 1 71 1 122 2 91 1 101 1 141 1 86 1 80 1 5 1 4 1 26 2 8 1 157 3 27 1 129 1
//IdTournes NbColis
41 6
//IdColis IdCommandeInColis NbProducts IdProd1 QtyProd1 IdProd2 QtyProd2 ...
78 11 31 327 1 84 1 162 3 318 1 332 1 660 1 867 2 111 2 124 1 148 1 213 1 427 1 428 1 226 1 9 1 47 1 52 2 121 1 122 2 174 2 223 1 924 1 86 1 88 2 17 2 34 1 26 1 157 1 114 1 123 3 33 1
48 7 33 655 1 567 1 381 1 824 1 36 1 186 1 42 1 132 1 144 1 369 1 596 1 718 1 837 1 160 1 812 1 372 1 390 1 943 1 354 1 360 1 442 2 361 1 667 1 600 1 832 1 619 1 815 1 461 1 797 1 221 1 380 2 710 1 393 1
55 8 26 695 1 337 1 856 3 354 1 477 1 356 1 627 3 361 1 480 1 450 1 667 1 556 1 712 1 600 1 832 2 470 3 357 1 619 2 481 1 755 1 815 2 884 2 155 1 643 1 461 1 33 3
151 24 18 919 2 867 3 330 1 226 1 125 1 921 1 174 1 982 1 141 1 91 1 244 1 86 1 80 1 51 1 29 1 85 1 143 1 114 1
26 4 20 586 1 607 1 546 1 494 1 498 1 629 1 521 2 801 1 395 1 733 1 829 1 970 1 946 2 887 2 646 1 691 1 845 1 792 1 99 1 79 1
126 19 11 46 1 926 1 245 1 43 1 26 3 143 2 6 1 79 3 123 4 1 2 33 2
//IdTournes NbColis
42 1
//IdColis IdCommandeInColis NbProducts IdProd1 QtyProd1 IdProd2 QtyProd2 ...
9 1 28 9 1 21 1 25 1 52 1 72 2 105 2 20 2 49 1 91 1 141 1 223 2 28 1 46 1 88 1 17 1 19 1 34 1 26 2 14 1 27 1 29 2 22 1 23 1 129 1 35 1 85 3 67 1 6 1
