//NbTournees
3
//IdTournes NbColis
1 6
//IdColis IdCommandeInColis NbProducts IdProd1 QtyProd1 IdProd2 QtyProd2 ...
15 3 22 16 1 57 1 87 3 64 1 78 2 22 1 66 1 68 1 96 1 97 3 108 2 112 1 122 1 130 2 131 1 135 1 157 1 105 2 54 1 90 3 33 1 158 1
14 3 13 75 2 14 1 20 2 74 1 104 1 140 1 141 1 148 3 58 1 71 1 143 3 16 2 39 1
12 2 16 17 1 72 1 115 1 154 1 61 1 59 1 84 1 38 1 39 2 30 2 31 1 35 1 36 1 161 1 10 1 53 1
11 2 22 139 1 69 1 117 1 60 1 147 2 13 1 101 1 137 1 142 2 77 1 95 1 93 1 51 1 159 1 22 1 108 2 112 1 122 1 130 2 131 1 135 1 157 1
10 2 14 52 1 146 2 62 1 91 1 75 1 94 2 98 2 99 1 138 1 88 1 145 1 81 1 80 1 37 1
6 1 17 130 2 135 2 157 1 76 2 100 2 54 1 82 3 90 4 25 1 26 1 40 1 102 1 103 4 109 1 115 4 63 1 1 1
//IdTournes NbColis
2 6
//IdColis IdCommandeInColis NbProducts IdProd1 QtyProd1 IdProd2 QtyProd2 ...
16 3 22 90 1 144 1 124 1 125 1 152 1 153 1 134 1 63 1 33 1 37 1 39 1 47 1 23 1 49 1 30 2 35 1 19 2 21 2 11 1 12 1 7 3 160 1
5 1 20 64 1 77 3 2 1 3 2 106 1 78 2 83 3 86 1 22 1 28 3 51 1 65 1 66 1 68 1 97 3 108 3 112 2 122 2 130 1 131 1
7 1 34 124 1 125 1 127 3 128 1 133 2 134 1 150 1 67 1 84 2 32 2 46 1 39 2 29 2 129 3 6 1 4 1 34 1 41 1 49 1 1 1 8 1 30 2 31 2 35 1 42 1 11 1 12 1 19 2 21 2 163 2 7 2 162 1 43 1 10 1
3 1 14 110 1 119 1 156 1 18 3 114 3 71 1 118 2 149 3 117 1 155 1 70 1 107 2 13 1 15 1
2 1 11 50 1 55 1 164 1 92 1 73 1 75 1 45 2 79 3 14 1 89 3 32 1
13 3 9 24 1 27 1 44 1 48 1 55 1 56 1 80 1 32 1 158 2
//IdTournes NbColis
3 3
//IdColis IdCommandeInColis NbProducts IdProd1 QtyProd1 IdProd2 QtyProd2 ...
9 2 7 27 1 44 1 48 1 50 1 55 1 56 1 85 1
4 1 14 107 1 123 3 126 1 136 3 151 3 13 1 116 1 120 1 132 3 111 1 113 3 121 1 9 1 53 1
1 1 7 24 1 27 1 44 1 48 1 56 2 45 1 5 1
