//NbTournees
53
//IdTournes NbColis
1 6
//IdColis IdCommandeInColis NbProducts IdProd1 QtyProd1 IdProd2 QtyProd2 ...
4 1 15 338 1 586 1 14 1 714 1 715 1 6 1 5 1 9 2 12 2 15 1 247 1 3 1 673 1 245 1 678 1
9 2 10 341 1 202 1 338 1 207 1 137 1 84 1 247 1 3 1 673 1 223 1
305 71 26 472 2 19 1 18 1 55 1 564 1 282 1 671 1 420 1 410 1 480 1 535 1 634 3 559 1 284 2 294 1 484 1 341 2 309 1 338 1 215 1 372 1 466 1 415 1 6 1 49 1 3 1
316 74 25 564 1 282 1 114 1 300 2 328 1 420 1 410 1 351 1 580 1 535 1 284 2 294 1 341 2 430 1 338 1 586 1 372 1 357 1 285 1 137 1 84 1 9 1 273 1 673 1 3 1
10 3 8 28 1 11 1 716 1 27 1 269 1 89 1 157 1 137 1
17 4 32 719 1 36 1 37 2 39 1 2 1 4 1 8 1 17 1 43 1 329 1 558 1 38 1 140 1 18 1 33 1 133 1 325 1 278 1 279 1 429 1 42 1 282 1 594 1 509 1 492 1 410 1 535 1 289 1 304 1 284 2 341 1 530 1
//IdTournes NbColis
2 6
//IdColis IdCommandeInColis NbProducts IdProd1 QtyProd1 IdProd2 QtyProd2 ...
22 5 26 140 2 55 1 133 1 534 1 301 1 278 1 42 1 24 1 282 1 54 1 345 1 378 1 355 1 492 1 579 1 358 1 410 1 50 1 535 1 284 2 530 2 287 1 338 1 49 2 15 1 273 1
26 6 21 398 1 590 1 271 1 64 1 529 1 518 1 395 1 583 1 629 1 528 1 592 1 514 2 556 1 349 2 65 2 82 1 684 1 2 2 4 2 59 1 7 1
31 7 17 295 2 460 1 441 2 600 1 363 1 382 1 432 1 384 1 572 1 562 1 271 1 64 1 386 1 518 1 529 1 468 2 66 1
35 8 8 92 1 69 1 74 1 72 1 73 1 269 1 143 1 64 1
276 63 25 531 1 306 1 265 1 626 1 384 1 562 1 593 1 64 1 395 1 311 1 468 1 366 1 620 1 381 1 190 1 181 1 40 1 48 1 2 1 4 1 29 1 17 1 47 1 400 1 356 1
353 84 26 643 1 263 1 108 1 64 1 540 1 491 1 510 1 424 2 367 1 650 2 22 1 2 1 4 1 8 1 17 1 37 1 558 1 101 1 211 1 18 1 224 1 429 1 564 1 199 1 331 1 54 1
//IdTournes NbColis
3 6
//IdColis IdCommandeInColis NbProducts IdProd1 QtyProd1 IdProd2 QtyProd2 ...
41 9 10 77 1 78 1 79 1 269 1 616 1 515 1 343 1 344 1 335 1 311 1
264 60 11 77 1 260 1 269 1 515 1 421 1 423 1 307 2 281 2 268 1 596 1 375 1
7 2 26 491 1 583 1 629 1 612 1 346 1 532 2 447 1 26 1 630 2 253 1 22 1 82 1 2 1 4 1 8 1 23 1 25 1 17 1 37 2 39 1 391 1 533 1 38 1 19 1 21 1 18 1
46 10 28 411 1 397 1 330 1 344 1 514 1 333 1 366 1 486 1 422 1 2 1 4 1 29 1 23 1 17 1 48 1 331 1 394 1 519 1 410 1 284 1 409 1 516 1 341 1 338 1 88 1 87 1 273 1 93 1
50 11 31 95 1 684 1 2 1 4 1 94 2 29 1 23 1 17 1 98 1 391 1 471 1 558 1 38 1 100 1 353 1 767 1 555 1 97 1 594 1 355 1 334 1 519 1 440 1 410 1 290 1 480 1 535 1 585 2 354 1 304 2 284 1
54 12 27 366 1 367 1 468 1 563 1 620 1 427 2 375 1 381 1 40 1 190 1 719 1 2 1 4 1 7 1 102 1 29 1 17 1 23 1 56 2 37 2 236 1 329 1 558 1 101 1 133 1 534 1 104 1
//IdTournes NbColis
4 6
//IdColis IdCommandeInColis NbProducts IdProd1 QtyProd1 IdProd2 QtyProd2 ...
284 65 25 339 1 593 1 342 1 288 1 643 1 609 1 554 1 620 1 367 1 468 1 366 1 327 1 532 1 276 3 567 1 680 1 2 1 4 1 23 1 29 1 17 1 47 1 48 1 682 1 289 1
294 68 29 374 1 386 1 583 1 366 1 418 1 620 2 367 1 346 1 388 1 679 1 2 1 4 1 94 1 29 1 17 1 23 1 329 1 610 1 558 1 373 1 376 1 258 1 301 1 564 1 407 1 331 1 345 1 371 1 678 1
32 7 24 327 1 26 1 70 1 381 2 728 1 713 1 702 1 2 2 4 2 7 1 29 2 17 1 48 2 329 1 431 2 533 1 18 2 534 1 564 1 292 1 218 1 308 1 266 2 287 1
58 13 12 106 1 515 1 127 2 268 2 280 2 566 1 281 2 570 1 363 1 432 1 108 1 518 1
63 14 6 234 1 10 1 110 1 166 1 69 1 106 1
71 15 24 281 2 578 1 566 1 540 1 583 1 620 1 392 1 375 1 26 1 630 1 116 1 71 1 237 1 115 1 2 1 4 1 29 1 48 2 236 1 17 1 321 1 462 1 558 1 220 1
//IdTournes NbColis
5 6
//IdColis IdCommandeInColis NbProducts IdProd1 QtyProd1 IdProd2 QtyProd2 ...
76 16 25 256 1 529 1 518 1 367 1 479 1 442 1 556 1 620 1 327 1 581 1 447 1 461 1 486 1 26 1 252 1 582 1 253 2 257 1 237 1 22 2 255 1 118 1 2 2 4 1 104 1
283 65 10 10 1 269 1 157 1 106 1 515 1 111 1 268 1 307 2 281 2 606 1
1 1 9 10 1 11 1 1 1 144 1 269 1 437 1 336 1 352 1 432 1
15 4 10 1 1 41 1 45 1 46 1 269 1 143 1 158 1 336 1 515 1 268 1
19 5 11 10 1 99 1 46 1 269 1 157 1 58 1 526 1 515 1 641 1 621 1 317 1
57 13 8 60 1 110 1 69 1 99 1 105 1 89 1 269 1 271 1
//IdTournes NbColis
6 6
//IdColis IdCommandeInColis NbProducts IdProd1 QtyProd1 IdProd2 QtyProd2 ...
80 17 7 1 1 113 1 122 1 269 1 242 1 143 3 158 1
85 18 9 62 1 74 1 1 1 132 1 269 1 756 1 539 1 515 1 344 1
89 19 11 1 1 269 1 515 1 614 1 454 1 307 2 281 2 268 2 578 1 613 1 611 1
93 20 10 60 1 1 1 91 1 105 1 269 1 127 1 310 1 280 2 295 1 139 1
96 21 9 78 1 119 1 1 1 144 1 143 1 269 1 336 1 515 1 339 1
100 22 8 10 1 92 1 1 1 261 1 89 1 348 1 154 1 399 1
//IdTournes NbColis
7 6
//IdColis IdCommandeInColis NbProducts IdProd1 QtyProd1 IdProd2 QtyProd2 ...
287 66 10 1 1 261 1 269 1 67 1 636 1 515 1 344 1 330 2 411 2 583 1
300 70 9 234 1 11 1 110 1 269 1 387 1 576 1 515 1 493 1 268 1
311 73 13 110 1 269 1 493 1 280 2 295 2 494 1 596 1 626 1 396 1 491 1 629 2 620 1 15 1
16 4 14 764 1 632 1 421 1 307 2 281 2 578 1 306 1 611 3 595 1 263 1 491 1 333 2 40 1 253 1
59 13 23 529 1 467 1 612 1 303 1 620 2 630 3 567 1 40 1 246 1 136 1 107 1 2 2 4 2 29 2 30 1 17 1 48 2 249 1 43 1 321 1 391 1 400 1 87 1
106 23 22 432 2 562 1 288 1 529 1 518 2 283 1 540 1 575 2 556 1 366 1 577 1 71 1 145 1 190 1 679 1 684 1 2 1 4 1 8 1 17 1 43 1 37 2
//IdTournes NbColis
8 6
//IdColis IdCommandeInColis NbProducts IdProd1 QtyProd1 IdProd2 QtyProd2 ...
110 24 18 460 1 343 2 344 1 496 1 600 1 570 1 411 2 359 1 424 1 461 1 392 1 623 2 145 1 40 1 168 1 48 2 2 1 12 1
114 25 23 280 1 295 2 460 1 379 1 491 1 659 1 461 1 145 1 148 1 150 1 86 1 713 2 4 1 102 1 8 1 17 1 37 2 2 1 682 1 533 1 38 1 534 1 54 1
119 26 31 346 1 620 1 390 1 392 1 388 1 326 1 40 1 86 1 48 1 153 1 155 1 2 1 4 1 29 1 17 1 391 1 329 1 533 1 373 1 376 1 707 1 534 1 279 2 564 1 331 1 300 1 394 1 420 1 358 1 410 1 285 1
123 27 27 343 1 344 1 411 1 350 1 359 1 342 1 346 1 575 1 650 1 349 1 630 1 40 1 150 1 2 1 4 1 94 1 29 1 17 1 56 1 36 1 682 1 414 1 21 1 353 1 331 1 347 1 137 1
126 28 22 295 2 531 1 441 1 538 1 560 1 540 1 597 1 467 1 514 2 556 1 367 1 272 1 427 1 443 1 326 1 406 1 40 1 713 1 82 1 2 1 4 1 161 1
130 29 21 441 2 531 1 598 1 536 1 316 1 432 1 271 1 609 1 524 1 529 1 518 1 597 1 556 1 168 1 40 1 690 1 107 1 702 1 684 1 2 2 4 1
//IdTournes NbColis
9 6
//IdColis IdCommandeInColis NbProducts IdProd1 QtyProd1 IdProd2 QtyProd2 ...
331 78 21 295 1 441 2 640 1 628 1 524 1 560 1 523 1 651 2 701 1 145 1 136 1 82 1 2 2 4 2 29 2 30 1 17 1 43 1 98 1 48 1 653 1
134 30 8 11 2 105 1 122 1 143 1 242 1 269 1 437 1 274 1
293 68 11 69 1 348 1 105 1 515 1 344 1 446 1 330 2 411 2 511 1 495 1 359 1
65 14 12 143 1 526 1 765 1 493 1 111 1 380 1 441 2 280 2 295 2 511 1 531 1 572 1
74 16 9 251 1 119 1 41 1 73 1 89 1 269 1 515 1 501 1 423 1
102 22 28 359 1 374 1 288 1 609 1 554 1 366 1 418 1 346 1 620 1 428 1 4 1 94 1 29 1 17 1 118 1 329 1 558 1 373 1 376 1 66 1 564 1 331 1 371 1 410 1 633 2 585 2 354 1 646 1
//IdTournes NbColis
10 6
//IdColis IdCommandeInColis NbProducts IdProd1 QtyProd1 IdProd2 QtyProd2 ...
104 23 10 119 1 91 1 63 1 67 1 269 1 744 1 437 1 616 1 576 1 127 1
129 29 12 91 1 269 1 291 1 539 1 515 1 666 1 127 1 111 1 310 1 280 2 295 2 311 1
141 31 26 575 1 375 2 368 1 724 1 747 1 750 1 131 1 4 1 118 1 29 2 17 1 2 1 48 2 752 1 431 1 610 1 533 1 18 1 534 1 325 1 429 1 555 2 292 1 54 1 671 1 402 2
145 32 18 441 2 536 1 432 2 572 1 288 1 518 1 283 1 581 1 131 1 16 2 4 2 118 1 8 2 17 1 43 1 126 1 37 2 2 2
148 33 5 62 1 11 2 193 1 119 1 74 1
154 34 8 10 1 92 1 74 1 119 1 178 1 269 1 437 1 530 1
//IdTournes NbColis
11 6
//IdColis IdCommandeInColis NbProducts IdProd1 QtyProd1 IdProd2 QtyProd2 ...
158 35 11 119 1 46 1 269 1 291 1 526 1 515 1 421 1 268 1 307 2 330 2 374 1
162 36 9 62 1 11 1 119 1 269 1 515 1 127 1 460 1 268 1 307 2
165 37 8 10 1 119 1 178 1 27 1 171 1 45 1 122 1 339 1
169 38 8 193 1 11 1 119 1 41 1 725 1 269 1 515 1 727 1
173 39 7 69 1 119 2 27 1 67 1 269 1 143 1 268 1
177 40 8 92 1 74 1 119 1 197 1 261 1 91 1 437 1 490 1
//IdTournes NbColis
12 6
//IdColis IdCommandeInColis NbProducts IdProd1 QtyProd1 IdProd2 QtyProd2 ...
181 41 10 78 1 166 1 119 1 269 1 515 1 439 1 127 1 416 1 423 1 307 1
186 42 8 79 1 119 1 90 1 46 2 269 1 89 1 164 1 276 1
192 43 20 111 1 441 1 280 2 295 2 303 1 479 1 442 1 272 1 443 1 447 1 422 1 201 1 37 2 4 1 102 1 8 2 17 1 2 1 730 1 471 1
297 69 14 119 1 269 1 515 1 203 1 268 1 452 1 307 2 281 2 483 1 288 1 396 1 395 1 253 1 49 1
330 78 11 157 1 736 1 293 1 526 1 515 1 652 1 111 1 521 1 522 1 280 3 295 2
338 80 27 330 1 573 1 374 1 339 1 609 1 554 1 556 1 366 1 346 1 620 1 532 1 368 1 388 1 508 1 4 1 118 1 94 1 59 1 51 1 29 1 17 1 98 1 2 1 329 1 558 1 610 1 601 1
//IdTournes NbColis
13 6
//IdColis IdCommandeInColis NbProducts IdProd1 QtyProd1 IdProd2 QtyProd2 ...
341 81 10 251 1 119 1 171 1 260 1 348 1 526 1 515 1 663 1 310 1 330 1
346 82 25 685 1 256 1 491 1 597 1 554 1 333 2 514 2 424 1 366 1 367 1 537 1 150 1 16 1 2 1 4 1 94 2 29 1 17 1 118 1 400 1 558 1 431 1 38 1 211 1 18 1
355 85 10 79 1 119 1 348 1 89 1 515 1 411 2 330 2 460 1 344 1 434 1
364 88 24 158 1 111 1 127 1 128 1 416 1 330 1 495 1 359 1 374 1 2 1 4 1 94 1 29 1 17 1 373 1 376 1 371 1 294 1 546 1 550 1 385 1 372 1 466 1 137 1
197 44 31 4 1 115 1 8 1 2 1 36 1 37 2 17 1 400 1 533 1 101 1 38 2 18 1 534 1 403 1 301 1 279 1 278 1 555 1 660 1 324 1 292 1 594 1 117 1 603 1 579 2 351 1 440 1 410 1 369 1 412 1 489 1
298 69 33 4 1 7 1 8 1 17 1 43 1 206 1 37 1 115 1 153 1 682 1 2 1 558 1 464 1 38 1 220 1 688 1 18 1 194 1 282 1 114 1 394 1 440 1 410 1 351 1 480 1 275 1 369 1 535 1 284 2 482 1 409 1 530 2 49 1
//IdTournes NbColis
14 6
//IdColis IdCommandeInColis NbProducts IdProd1 QtyProd1 IdProd2 QtyProd2 ...
304 71 27 460 1 268 1 436 1 593 1 583 1 468 1 620 1 366 1 367 1 381 1 670 1 136 1 48 1 249 1 2 1 4 1 672 1 29 1 183 1 17 1 43 1 36 1 115 1 329 1 558 1 373 1 376 1
334 79 12 692 1 260 1 269 1 387 1 515 1 307 2 281 2 268 1 288 1 524 1 491 1 338 1
358 86 10 62 1 692 1 348 1 157 1 515 1 127 1 128 1 330 2 344 1 374 1
195 44 8 193 1 62 1 11 1 73 1 122 1 269 1 712 1 442 1
200 45 11 193 1 122 1 157 1 348 1 408 1 352 1 203 1 330 2 344 1 511 1 626 1
204 46 8 92 1 74 1 73 1 122 1 143 2 348 1 515 1 344 1
//IdTournes NbColis
15 6
//IdColis IdCommandeInColis NbProducts IdProd1 QtyProd1 IdProd2 QtyProd2 ...
208 47 9 41 1 197 1 72 1 99 1 67 1 269 1 46 1 515 1 666 1
2 1 16 515 1 493 1 642 1 310 1 307 2 281 2 268 2 529 1 518 1 395 1 583 1 16 2 2 1 4 1 7 1 284 1
12 3 29 367 1 366 1 468 1 427 1 680 1 237 1 719 1 2 1 4 1 29 1 30 1 32 1 17 1 48 2 329 1 558 1 38 2 19 1 18 1 33 1 35 1 700 1 717 1 278 1 429 1 564 1 31 1 282 1 473 1
21 5 29 311 1 442 1 552 1 375 1 701 1 276 2 661 1 22 1 255 1 47 1 48 1 2 1 4 1 51 1 29 1 52 1 53 1 17 1 56 1 57 1 241 1 745 1 682 1 697 1 693 1 746 1 533 1 38 1 373 1
38 8 24 368 1 71 1 2 2 4 2 7 1 8 2 30 1 17 1 43 1 37 2 206 1 153 1 329 1 533 1 13 1 38 1 18 2 717 1 534 2 301 1 564 2 565 1 292 1 571 2
42 9 22 307 1 496 1 330 2 411 1 339 1 374 1 76 1 395 1 540 1 322 1 618 1 620 1 366 1 367 1 346 1 447 1 86 1 82 1 2 1 4 1 29 1 564 1
//IdTournes NbColis
16 6
//IdColis IdCommandeInColis NbProducts IdProd1 QtyProd1 IdProd2 QtyProd2 ...
66 14 24 491 1 112 1 704 2 2 2 4 2 102 2 8 2 17 1 98 1 37 3 745 1 471 1 431 1 533 1 13 1 38 1 191 1 170 1 534 1 594 2 114 1 117 1 426 1 239 1
77 16 25 4 1 8 2 163 1 17 1 37 2 47 1 43 1 431 1 558 1 101 2 55 1 211 1 18 1 33 1 212 1 258 1 472 2 564 1 31 1 222 1 296 1 282 1 402 5 345 1 355 1
82 17 21 496 1 306 1 596 1 436 2 339 1 340 1 524 1 514 2 424 2 366 1 575 1 556 1 375 1 428 1 125 1 2 1 4 1 8 1 17 1 126 1 763 1
86 18 18 621 1 493 1 397 1 307 2 330 2 596 1 598 1 339 1 346 1 620 2 428 1 683 1 131 1 255 1 2 1 4 1 29 1 17 1
90 19 26 382 1 432 1 512 1 271 1 529 1 518 1 612 1 405 1 366 1 349 1 136 1 107 1 2 1 4 1 7 2 8 1 17 1 37 2 558 1 431 1 101 1 133 1 18 1 278 1 24 1 282 1
94 20 24 295 1 460 1 441 1 531 1 685 1 529 1 138 1 333 2 447 1 2 1 4 1 8 1 17 1 37 2 400 1 533 1 38 1 129 1 18 1 35 1 100 1 243 1 534 1 24 1
//IdTournes NbColis
17 6
//IdColis IdCommandeInColis NbProducts IdProd1 QtyProd1 IdProd2 QtyProd2 ...
97 21 21 307 2 281 2 268 1 578 1 593 1 468 1 366 1 367 1 575 1 442 1 556 1 620 1 375 1 326 1 422 1 141 1 255 1 2 1 4 1 94 1 29 1
101 22 14 458 1 408 1 576 1 517 1 493 1 128 1 330 2 344 1 335 1 578 1 606 1 411 2 626 1 2 1
111 24 30 4 1 29 1 17 1 206 1 38 1 238 1 133 1 325 1 331 1 204 1 345 1 378 1 438 3 358 1 410 1 323 1 305 1 535 1 585 2 599 1 480 1 284 2 315 1 587 1 409 2 377 2 457 1 341 2 338 1 147 1
131 29 30 4 1 7 1 102 1 8 2 17 1 43 1 37 2 47 1 153 1 317 1 431 1 533 1 220 1 160 1 109 1 18 2 312 1 534 1 301 1 314 1 279 1 637 1 31 1 24 1 292 1 296 1 81 1 308 1 297 1 266 1
136 30 27 556 1 588 1 150 1 16 1 2 2 4 2 29 2 17 1 241 1 37 2 43 1 244 1 329 1 558 1 431 1 170 1 18 2 243 1 217 1 103 1 169 1 296 1 282 1 151 1 218 1 477 1 355 1
151 33 28 190 1 719 1 679 1 4 1 30 1 2 1 8 2 17 1 25 1 37 2 236 1 153 2 321 1 329 1 533 1 101 2 13 1 21 1 109 1 212 1 211 1 18 1 33 1 198 1 175 1 133 1 217 1 534 1
//IdTournes NbColis
18 6
//IdColis IdCommandeInColis NbProducts IdProd1 QtyProd1 IdProd2 QtyProd2 ...
156 34 29 468 1 620 1 754 1 16 1 2 1 4 1 29 1 17 1 48 1 329 2 558 1 353 1 403 1 279 1 564 1 594 1 282 1 420 2 492 1 299 1 410 1 419 1 535 1 585 2 284 2 294 2 360 1 530 1 338 1
159 35 28 631 1 374 1 339 1 518 1 491 1 322 1 620 1 367 1 346 1 366 1 349 1 181 1 136 1 2 1 4 1 94 1 179 1 29 1 183 1 17 1 98 1 329 1 558 1 373 1 160 1 564 1 565 1 338 1
163 36 28 330 2 613 1 392 1 375 1 150 1 190 1 2 1 4 1 29 1 17 1 48 1 153 1 558 1 185 1 18 1 407 1 331 1 347 1 358 1 410 1 383 1 404 1 275 1 290 1 535 1 633 2 585 2 187 1
167 37 27 333 2 514 2 612 1 575 1 563 1 556 1 326 1 349 1 630 2 4 1 29 1 17 1 2 1 57 1 48 1 558 1 109 1 191 1 198 1 723 1 325 1 301 1 564 1 331 1 635 1 332 1 319 1
170 38 16 495 1 307 2 281 2 268 1 578 1 536 1 350 2 399 1 384 2 491 1 442 1 532 1 447 1 724 1 2 1 4 1
175 39 27 593 1 361 1 76 1 529 1 190 1 168 1 2 1 4 1 179 1 29 1 17 1 48 2 206 1 329 1 558 1 431 1 38 1 160 1 196 1 18 1 564 2 282 1 622 1 195 1 355 1 420 2 410 2
//IdTournes NbColis
19 6
//IdColis IdCommandeInColis NbProducts IdProd1 QtyProd1 IdProd2 QtyProd2 ...
179 40 30 22 1 2 1 4 1 29 1 17 1 37 2 558 1 464 1 140 1 238 1 55 1 198 1 429 1 564 1 565 1 282 1 104 1 218 1 328 1 319 1 410 1 535 1 284 2 409 1 309 1 530 2 15 1 137 1 84 1 93 1
183 41 28 532 1 537 1 71 1 181 1 16 1 190 1 107 1 2 1 4 1 29 1 17 1 163 1 37 2 558 1 471 1 38 2 18 1 472 1 133 1 555 1 429 1 31 3 199 1 24 1 282 1 218 1 302 1 394 1
188 42 23 271 1 595 1 685 1 263 1 256 1 518 1 529 1 272 1 670 1 741 1 2 1 4 1 8 2 17 1 126 1 25 1 37 2 39 1 236 1 244 5 558 1 431 1 607 1
201 45 26 411 2 432 1 359 1 374 1 366 1 367 1 346 1 620 1 368 1 375 1 95 1 349 1 168 1 16 1 4 1 94 1 29 1 17 1 126 1 206 1 2 1 329 1 558 1 373 1 376 1 137 1
205 46 18 517 1 493 1 344 1 330 2 411 2 432 1 529 1 518 1 491 1 428 1 381 1 37 2 2 1 4 1 102 2 8 1 17 1 163 1
210 47 22 518 1 529 1 491 1 583 1 629 1 333 3 405 1 620 2 406 3 176 1 150 1 713 2 733 1 22 1 39 1 2 1 4 1 7 1 8 1 17 1 37 1 403 1
//IdTournes NbColis
20 6
//IdColis IdCommandeInColis NbProducts IdProd1 QtyProd1 IdProd2 QtyProd2 ...
216 48 20 454 1 397 1 280 2 538 1 531 1 573 1 595 1 263 1 491 1 453 1 367 1 575 1 563 1 442 1 618 1 136 1 37 2 2 1 4 1 179 1
220 49 21 268 1 280 2 281 2 626 1 560 1 529 1 405 1 563 1 442 1 556 1 368 2 375 1 701 1 755 1 2 1 29 1 17 1 4 1 57 1 48 1 173 1
224 50 22 281 1 496 1 578 1 613 1 631 1 593 1 311 1 424 1 556 1 366 1 368 2 630 2 2 1 29 1 17 1 4 1 48 2 533 1 18 1 217 1 534 1 565 1
227 51 27 339 1 593 1 518 1 629 1 467 1 479 1 620 1 367 1 346 1 366 1 349 1 29 1 2 1 17 1 36 1 37 1 4 1 471 1 329 1 558 1 220 1 19 1 21 2 55 2 301 1 564 1 370 1
231 52 26 281 1 268 1 536 1 512 2 612 1 532 1 190 1 4 1 29 1 2 1 17 1 98 1 206 1 48 2 533 1 38 1 534 1 314 1 123 1 146 1 394 1 535 1 404 1 445 1 490 1 12 2
236 53 17 16 1 65 1 253 6 713 4 82 1 4 1 179 1 102 5 8 2 2 1 17 1 37 2 400 1 431 1 558 1 38 1 18 1
//IdTournes NbColis
21 6
//IdColis IdCommandeInColis NbProducts IdProd1 QtyProd1 IdProd2 QtyProd2 ...
240 54 25 411 2 306 1 359 1 374 1 339 1 491 1 367 1 346 1 366 1 392 1 112 1 388 1 150 1 82 1 4 1 59 1 29 1 30 1 17 1 2 1 206 1 36 1 48 1 329 1 372 1
244 55 24 538 2 606 1 721 1 718 1 510 1 424 1 620 1 95 1 733 1 107 1 2 1 8 1 17 1 4 1 37 2 682 1 558 1 13 1 38 2 220 1 18 1 224 1 555 1 284 1
249 56 24 350 2 572 1 476 1 453 2 333 2 418 1 475 1 447 1 690 1 679 1 255 1 2 1 17 1 4 1 37 2 682 1 558 1 13 1 21 1 196 1 18 1 35 1 739 1 301 1
255 57 26 647 1 379 1 573 1 382 1 340 1 333 1 514 2 510 1 29 1 2 1 17 1 4 1 94 1 414 1 211 1 487 1 564 1 637 1 331 1 635 1 334 2 438 2 345 1 394 1 519 1 507 1
259 58 20 307 1 281 2 511 1 496 1 306 1 288 1 361 3 577 1 4 1 102 1 29 1 32 1 17 1 206 1 2 1 48 2 558 1 38 1 191 1 289 1
263 59 21 2 1 17 1 236 1 4 1 414 1 279 1 417 1 331 1 334 1 410 1 275 1 633 1 304 1 284 1 409 1 413 1 318 1 341 1 338 1 415 1 49 1
//IdTournes NbColis
22 6
//IdColis IdCommandeInColis NbProducts IdProd1 QtyProd1 IdProd2 QtyProd2 ...
265 60 30 643 1 529 1 418 1 424 1 620 1 422 1 116 1 677 1 48 2 236 1 244 1 2 1 4 1 29 1 17 1 558 1 38 1 160 1 18 1 35 1 534 1 403 1 279 1 282 1 420 1 302 1 541 1 492 1 410 1 419 1
268 61 22 411 1 432 1 340 2 529 1 518 1 427 2 375 3 428 1 683 1 701 1 4 1 29 1 17 1 2 1 48 2 431 1 558 1 38 1 18 1 33 1 175 1 279 1
272 62 17 307 1 330 2 268 1 511 1 600 1 570 1 350 3 611 1 333 2 366 1 563 1 577 1 552 1 4 1 29 1 17 1 2 1
280 64 23 411 2 536 1 399 1 359 1 374 2 467 1 367 1 346 1 366 1 575 1 620 1 704 1 705 1 4 1 94 1 29 1 17 1 2 1 329 1 317 1 431 1 558 1 429 1
288 66 26 538 1 495 1 288 1 418 1 424 1 392 1 428 2 381 1 253 1 22 1 2 1 4 1 29 1 17 1 48 1 414 1 472 2 331 1 473 1 625 1 438 2 300 1 355 1 347 1 299 1 410 1
291 67 33 16 1 4 1 179 1 29 1 17 1 98 1 2 1 48 1 400 1 329 1 533 1 21 1 18 1 700 1 534 1 564 1 282 1 699 1 420 1 299 1 410 1 369 1 599 1 535 1 284 2 445 2 315 1 277 1 294 1 360 1 484 1 409 1 457 1
//IdTournes NbColis
23 6
//IdColis IdCommandeInColis NbProducts IdProd1 QtyProd1 IdProd2 QtyProd2 ...
301 70 21 641 1 307 2 330 2 626 1 363 1 339 1 593 1 609 1 367 1 427 1 326 1 381 1 136 1 237 1 684 1 2 1 4 1 8 1 17 1 25 1 37 1
308 72 18 280 1 281 2 268 1 578 1 531 1 593 1 396 2 611 2 595 1 386 1 514 2 442 1 443 1 486 1 2 1 56 1 4 1 634 1
312 73 31 620 1 683 1 567 1 2 1 4 1 672 1 8 1 17 1 37 2 558 1 38 1 472 2 212 1 196 1 18 1 133 1 325 1 278 1 555 1 97 1 292 1 594 1 420 1 492 1 519 1 410 1 275 1 305 1 419 1 535 1 489 1
315 74 25 511 1 339 1 593 1 138 1 453 1 514 1 468 1 620 2 367 1 366 2 71 1 674 1 22 1 2 1 4 1 8 1 17 1 37 1 329 1 558 1 13 1 38 1 243 1 18 1 429 1
319 75 24 330 1 343 1 695 1 497 1 339 1 572 1 593 1 340 1 453 1 311 2 366 1 367 1 346 1 150 1 136 1 7 1 29 1 2 1 17 1 56 1 206 1 48 1 249 1 338 1
320 75 28 4 1 329 2 373 1 100 1 198 1 564 1 199 1 24 1 331 1 61 1 438 4 302 1 420 1 541 2 410 1 290 1 284 2 315 1 294 1 409 1 457 1 341 2 694 1 686 1 15 1 137 1 93 1 696 1
//IdTournes NbColis
24 6
//IdColis IdCommandeInColis NbProducts IdProd1 QtyProd1 IdProd2 QtyProd2 ...
323 76 25 606 1 436 1 483 1 339 1 593 1 366 1 367 1 346 1 620 1 392 1 125 1 706 1 4 1 29 1 30 1 17 1 2 1 48 1 329 2 558 1 431 1 353 1 18 1 707 1 564 2
327 77 26 281 1 598 1 363 1 529 1 283 1 612 1 650 2 508 1 116 1 65 1 107 1 2 1 8 1 30 1 17 1 37 2 39 1 4 1 317 1 558 1 18 1 700 1 555 1 429 1 282 1 123 1
335 79 31 563 1 327 1 29 1 2 1 17 1 43 1 37 2 4 1 431 1 317 1 558 1 13 1 38 1 109 1 278 1 282 1 345 1 302 1 579 1 358 1 410 1 485 1 535 1 284 2 341 2 219 1 49 2 15 1 207 1 137 1 84 1
342 81 24 330 1 344 1 411 2 374 1 339 1 518 1 453 1 322 1 346 1 366 1 367 1 620 1 107 1 2 1 4 1 29 1 17 1 36 1 48 1 155 1 431 1 329 1 558 1 341 1
350 83 26 365 1 274 1 483 1 665 1 703 1 399 1 340 1 685 1 518 1 333 1 428 1 630 1 670 1 94 1 29 1 2 1 183 1 17 1 57 1 4 1 400 1 391 1 558 1 331 1 635 1 308 1
356 85 30 288 1 340 1 138 1 388 1 690 1 190 1 2 1 4 1 29 1 17 1 48 1 414 1 97 1 331 1 622 1 689 1 541 1 492 1 371 1 410 1 633 2 585 1 284 2 434 1 444 1 341 2 239 1 338 1 209 1 12 1
//IdTournes NbColis
25 6
//IdColis IdCommandeInColis NbProducts IdProd1 QtyProd1 IdProd2 QtyProd2 ...
359 86 23 606 1 411 2 664 1 359 1 342 1 609 1 553 1 638 1 554 1 366 1 367 1 346 1 620 1 552 1 237 1 2 1 4 1 94 1 29 1 17 1 693 1 329 1 414 1
362 87 18 348 1 89 1 157 1 515 1 493 1 411 1 330 1 344 1 538 1 342 1 697 1 4 1 94 1 29 1 17 1 2 1 57 1 414 1
55 12 25 564 1 565 1 555 1 103 1 292 1 402 3 328 1 302 1 394 1 266 1 420 1 410 1 535 1 284 2 559 1 294 1 445 2 557 1 377 1 530 2 490 1 586 1 607 1 219 1 49 1
72 15 29 238 1 21 1 18 1 325 1 564 1 24 1 282 1 117 1 218 1 345 1 410 1 535 1 633 2 585 2 354 1 284 2 559 1 409 2 557 1 341 2 457 1 239 1 338 1 726 1 362 1 49 2 137 1 15 1 320 1
83 17 32 37 2 206 1 321 1 558 1 464 1 38 1 18 1 723 1 571 1 331 1 123 1 117 1 114 1 146 1 438 1 308 1 410 1 351 1 369 1 535 1 585 2 304 1 559 1 284 2 360 1 409 1 341 2 124 1 463 1 338 1 49 2 15 1
98 21 25 17 1 153 1 329 1 558 1 140 1 373 1 376 1 564 1 282 1 402 2 420 1 410 1 412 2 535 1 585 1 284 2 482 1 294 1 530 2 520 1 338 1 372 1 142 1 49 2 627 1
//IdTournes NbColis
26 6
//IdColis IdCommandeInColis NbProducts IdProd1 QtyProd1 IdProd2 QtyProd2 ...
103 22 13 646 1 294 1 457 2 341 2 377 1 254 1 459 1 338 1 75 1 137 1 49 1 12 1 15 1
189 42 26 220 1 18 1 742 1 278 1 279 1 637 1 31 1 282 1 602 1 266 1 509 1 410 2 275 2 535 1 480 1 284 2 277 1 530 2 44 1 490 1 49 1 9 1 137 2 273 1 270 1 624 1
211 47 30 37 1 249 1 682 1 431 2 558 1 208 1 109 1 211 1 18 1 723 1 325 1 279 1 278 1 564 1 407 1 282 1 473 1 571 1 594 1 151 1 732 1 402 3 345 2 266 1 440 1 410 2 404 1 535 1 734 1 80 1
228 51 21 564 1 24 1 282 1 218 1 420 1 410 1 323 1 369 1 535 1 585 2 284 2 482 1 294 1 457 1 341 2 338 1 372 1 313 1 615 1 219 1 49 1
237 53 29 279 1 571 1 282 1 54 1 146 2 345 1 355 1 509 2 541 1 410 2 389 2 354 1 284 2 444 2 530 1 568 2 192 1 205 1 121 1 202 1 490 1 96 1 488 2 49 3 15 2 137 1 247 1 93 1 298 1
256 57 22 440 1 410 1 633 1 646 1 450 1 551 1 484 1 364 1 341 1 546 1 547 1 548 1 549 1 550 1 607 1 227 1 49 1 137 2 761 1 228 1 229 1 231 1
//IdTournes NbColis
27 6
//IdColis IdCommandeInColis NbProducts IdProd1 QtyProd1 IdProd2 QtyProd2 ...
273 62 30 48 1 400 1 431 1 558 1 21 1 18 1 325 1 279 1 278 1 282 1 622 1 169 1 438 2 319 1 440 1 410 1 275 1 290 1 354 1 284 2 409 1 341 2 174 1 338 1 694 1 385 1 357 1 6 1 49 3 15 2
309 72 33 8 1 37 1 17 1 400 1 558 1 38 1 191 1 18 1 33 1 55 1 217 1 487 1 565 1 407 1 282 1 635 1 433 1 579 1 410 1 412 1 284 2 482 1 409 1 516 1 530 2 490 1 285 1 710 1 488 1 85 1 49 3 15 1 84 1
324 76 28 282 1 569 1 117 1 218 1 402 1 300 1 438 2 603 1 579 1 420 1 410 1 356 1 604 1 535 1 633 2 585 2 284 2 445 2 294 1 413 1 444 1 360 1 587 1 341 2 605 1 338 1 372 1 49 1
339 80 22 140 1 564 1 331 1 355 1 328 1 420 1 299 1 410 1 687 1 275 1 535 1 289 1 389 1 284 2 294 1 445 2 484 1 341 2 338 1 607 1 49 1 298 1
363 87 12 331 1 438 1 410 1 633 1 585 1 275 1 284 1 587 1 341 1 338 1 49 1 12 1
150 33 16 295 3 494 2 306 2 611 2 518 1 583 1 322 1 575 2 327 1 326 1 584 1 588 1 661 1 176 1 65 1 141 1
//IdTournes NbColis
28 6
//IdColis IdCommandeInColis NbProducts IdProd1 QtyProd1 IdProd2 QtyProd2 ...
171 38 32 179 1 8 1 17 1 47 1 37 2 153 1 329 1 558 1 38 1 18 1 194 1 565 1 31 1 282 1 569 1 594 1 351 1 358 1 440 1 410 1 535 1 412 1 284 2 294 1 444 1 587 1 530 2 192 1 338 1 726 1 15 2 120 1
332 78 19 48 1 153 1 400 1 558 1 18 2 292 1 571 1 345 1 440 1 410 2 535 1 284 2 294 3 530 3 192 1 490 1 435 1 715 1 15 2
360 86 20 472 1 688 1 564 1 279 1 331 1 625 1 371 1 410 1 633 2 585 2 284 2 294 1 434 2 341 2 192 1 44 1 338 1 456 1 147 1 15 1
266 60 11 535 1 289 1 284 2 530 2 338 1 372 1 615 1 5 1 12 2 15 1 425 1
5 2 8 20 1 10 1 11 1 197 1 269 1 143 1 291 1 12 1
113 25 10 20 1 11 1 143 1 269 1 242 1 515 1 441 1 495 1 280 1 263 1
//IdTournes NbColis
29 6
//IdColis IdCommandeInColis NbProducts IdProd1 QtyProd1 IdProd2 QtyProd2 ...
139 31 10 20 1 10 1 171 1 45 1 269 1 293 1 574 1 203 1 295 1 410 1
191 43 8 20 1 166 1 113 1 132 1 260 1 269 1 517 1 574 1
214 48 5 20 1 264 2 69 1 197 1 593 1
329 78 7 20 1 92 1 166 1 69 1 269 1 735 1 521 1
209 47 14 421 1 280 2 281 2 268 2 570 1 606 2 536 1 432 1 399 1 593 1 108 1 524 1 518 1 112 1
152 33 27 325 1 314 1 429 1 660 1 24 1 169 1 324 1 292 1 319 1 328 1 410 2 323 1 489 2 294 2 444 1 318 2 530 3 174 1 287 1 490 1 313 1 435 1 177 1 12 3 84 1 247 1 320 1
//IdTournes NbColis
30 6
//IdColis IdCommandeInColis NbProducts IdProd1 QtyProd1 IdProd2 QtyProd2 ...
164 36 13 284 2 341 2 457 1 338 1 188 1 189 1 177 1 120 1 186 1 298 2 320 5 478 1 425 5
127 28 28 8 1 17 1 163 1 37 2 153 1 236 1 533 1 21 1 160 1 18 1 472 3 534 1 564 1 565 1 103 1 292 1 602 1 378 1 402 2 410 1 535 1 489 2 294 1 444 1 409 2 530 2 370 1 490 1
217 48 31 102 1 8 1 17 1 236 1 455 1 533 1 38 1 21 1 212 1 35 1 133 1 243 1 353 1 534 1 555 2 97 1 169 1 426 1 300 2 302 1 394 1 323 1 404 1 305 1 589 2 535 1 284 2 360 1 444 1 451 1 364 1
262 59 16 11 1 348 1 89 1 408 1 344 1 411 1 335 1 416 1 330 1 311 1 418 1 701 1 94 1 29 1 30 1 412 1
61 13 14 445 1 530 2 568 2 239 1 490 1 357 1 415 2 14 1 6 1 87 1 247 1 245 1 223 1 669 1
87 18 31 130 1 48 2 558 1 38 1 464 1 129 1 403 1 564 1 97 1 331 1 34 1 328 1 420 1 492 2 579 1 299 1 410 1 404 1 290 1 535 1 284 2 444 1 364 1 457 2 341 2 338 1 393 1 6 1 15 1 673 2 262 1
//IdTournes NbColis
31 6
//IdColis IdCommandeInColis NbProducts IdProd1 QtyProd1 IdProd2 QtyProd2 ...
147 32 17 568 1 174 1 44 1 254 1 287 1 490 1 285 1 415 1 173 1 75 1 184 1 85 1 12 3 87 1 753 1 667 1 653 1
184 41 27 345 1 438 3 355 1 334 2 410 1 440 1 535 1 485 1 404 1 559 1 284 2 389 2 557 1 450 2 294 2 444 1 482 1 318 1 341 2 286 1 520 1 338 1 96 1 6 2 15 2 200 1 135 1
198 44 20 535 1 489 1 559 1 444 1 445 3 409 1 318 2 605 2 657 1 530 2 370 1 490 1 435 1 6 1 12 2 135 1 137 1 84 1 15 2 247 1
206 46 27 431 1 558 1 18 1 33 1 279 1 301 1 31 1 331 1 114 1 433 1 355 1 371 2 302 1 332 3 410 2 535 1 284 2 337 1 434 4 557 1 341 2 44 1 338 1 435 1 607 1 80 1 6 1
241 54 32 558 1 610 1 13 1 198 1 133 1 527 1 564 1 565 1 222 1 569 1 331 1 625 1 123 1 300 1 334 2 371 1 297 1 328 1 410 1 604 1 535 1 284 2 482 1 294 2 360 1 516 1 286 1 341 2 338 1 6 1 15 1 137 1
279 64 13 348 1 157 1 387 1 515 1 517 1 310 1 344 1 465 1 416 1 330 2 521 1 538 2 6 1
//IdTournes NbColis
32 6
//IdColis IdCommandeInColis NbProducts IdProd1 QtyProd1 IdProd2 QtyProd2 ...
239 54 11 193 1 72 1 348 1 164 1 439 1 515 1 330 2 344 1 496 1 521 1 497 1
107 23 29 431 1 13 1 38 1 109 1 18 1 55 1 103 1 292 1 407 1 146 1 218 1 579 3 266 1 509 1 394 1 345 2 410 2 580 1 589 1 290 2 284 1 489 1 354 1 530 2 490 1 456 1 80 1 12 1 15 2
144 32 11 27 1 99 1 269 1 291 1 293 1 515 1 421 1 280 2 295 2 613 1 529 1
219 49 10 197 1 27 1 67 1 68 1 269 1 157 1 469 1 515 1 652 1 421 1
303 71 11 27 1 269 1 143 1 526 1 515 1 352 1 517 1 642 1 307 2 281 2 339 1
160 35 22 24 1 407 1 331 1 319 1 394 1 420 2 579 1 440 1 410 1 535 1 633 2 585 2 284 2 294 1 444 1 341 2 457 1 180 1 285 1 372 1 182 1 184 1
//IdTournes NbColis
33 6
//IdColis IdCommandeInColis NbProducts IdProd1 QtyProd1 IdProd2 QtyProd2 ...
212 47 13 354 2 284 2 409 1 557 1 530 2 239 1 210 1 490 1 159 1 372 1 189 1 209 1 207 1
292 67 14 457 1 341 2 44 1 338 1 180 1 694 1 362 1 415 1 698 1 12 1 167 1 667 1 298 1 627 1
351 83 14 438 2 519 1 358 1 410 1 412 1 633 1 585 1 304 1 646 1 341 1 463 1 338 1 180 1 12 1
128 28 9 162 1 159 1 357 1 393 1 80 1 601 2 15 1 84 1 513 1
243 55 10 74 1 178 1 144 1 269 1 469 1 515 1 307 2 330 2 268 1 159 1
295 68 20 477 1 410 1 412 1 580 2 535 1 585 1 284 2 434 2 294 2 341 2 124 1 202 1 338 1 159 1 362 1 372 1 607 1 137 1 84 1 12 2
//IdTournes NbColis
34 6
//IdColis IdCommandeInColis NbProducts IdProd1 QtyProd1 IdProd2 QtyProd2 ...
354 84 18 218 1 433 1 355 1 410 1 535 1 633 2 585 2 404 1 284 2 315 2 341 2 338 1 159 1 466 1 385 1 676 1 675 1 298 1
67 14 25 266 1 358 1 290 2 535 2 559 3 337 1 360 1 444 2 445 2 409 2 202 1 490 1 481 1 415 1 743 2 235 1 216 2 233 1 12 3 15 1 200 1 137 2 167 1 186 1 93 1
115 25 29 278 1 24 1 292 1 571 1 569 1 151 1 402 2 420 2 300 1 603 1 410 1 383 1 599 1 412 1 580 1 535 1 489 2 559 2 294 1 360 1 444 1 530 2 121 1 490 1 393 1 285 2 615 1 149 1 15 1
218 48 11 377 1 530 2 205 1 96 1 743 1 601 2 149 1 15 1 207 1 120 1 262 1
247 56 7 11 1 69 2 92 1 171 1 269 1 526 1 247 1
299 69 8 174 1 338 1 481 1 233 1 15 2 87 1 247 1 678 1
//IdTournes NbColis
35 6
//IdColis IdCommandeInColis NbProducts IdProd1 QtyProd1 IdProd2 QtyProd2 ...
24 6 7 60 1 62 1 92 1 197 1 90 1 63 1 526 1
267 61 10 60 1 69 1 348 1 515 1 458 1 344 2 416 1 330 2 411 1 702 1
252 57 10 225 1 226 1 230 1 232 1 757 1 758 1 759 1 760 1 762 1 338 1
51 11 8 284 1 294 1 309 1 568 2 341 2 338 1 96 1 15 1
112 24 8 96 1 139 1 738 1 737 1 12 1 15 1 709 1 624 1
143 31 7 749 1 96 1 726 1 385 1 85 1 751 1 172 1
//IdTournes NbColis
36 6
//IdColis IdCommandeInColis NbProducts IdProd1 QtyProd1 IdProd2 QtyProd2 ...
269 61 22 222 1 331 1 117 1 195 1 426 1 355 1 302 1 394 1 308 1 347 1 410 2 404 1 535 1 284 2 341 2 254 1 338 1 214 1 313 1 607 1 15 1 655 1
226 51 12 193 1 269 1 515 1 576 1 352 1 268 1 446 1 307 2 281 2 306 1 561 1 481 1
64 14 8 113 2 90 1 99 1 67 1 269 1 89 1 143 1 469 1
233 53 6 11 1 166 1 197 1 113 2 91 1 157 1
3 1 26 8 2 17 1 98 1 241 1 36 2 37 2 533 1 431 2 13 1 38 1 18 1 175 1 258 1 534 1 278 1 403 1 282 1 195 1 355 1 334 2 410 2 535 1 284 1 294 2 409 1 530 2
27 6 24 8 2 126 1 17 1 37 2 682 1 471 1 431 1 533 1 18 2 55 1 196 1 100 1 472 2 534 1 555 2 282 1 61 1 34 2 81 1 355 1 302 1 402 4 410 2 284 1
//IdTournes NbColis
37 6
//IdColis IdCommandeInColis NbProducts IdProd1 QtyProd1 IdProd2 QtyProd2 ...
221 49 28 48 1 471 1 533 1 38 2 18 1 472 3 534 1 565 1 213 1 282 1 378 1 319 1 579 1 410 1 470 1 404 1 284 2 409 1 516 1 530 2 205 1 174 1 254 1 490 1 214 1 737 1 15 1 678 1
248 56 10 515 1 268 2 454 3 307 3 281 3 536 1 474 1 363 1 350 1 8 1
60 13 25 431 1 533 1 109 1 18 2 250 1 534 1 403 1 301 1 565 1 668 1 248 1 569 1 282 1 594 1 402 5 334 2 319 1 394 1 266 1 410 2 535 1 304 2 284 2 445 1 516 1
277 63 28 329 2 533 1 431 1 353 1 109 1 18 1 194 1 534 1 564 1 282 1 594 1 420 1 509 1 541 1 519 1 410 1 305 1 535 1 559 1 284 2 294 1 444 1 318 2 530 2 490 1 137 1 120 1 627 1
78 16 25 541 1 410 2 470 1 604 1 535 1 585 2 284 2 444 2 445 4 409 2 364 1 605 2 530 2 121 1 254 1 490 1 393 1 615 1 607 1 415 2 14 1 654 1 216 1 85 1 9 4
193 43 28 533 1 35 1 312 1 472 2 258 2 250 1 534 1 555 1 564 1 565 1 31 2 731 1 420 1 378 1 394 1 492 1 358 1 419 1 535 1 489 1 444 1 202 1 490 1 313 1 75 1 488 1 137 2 9 2
//IdTournes NbColis
38 6
//IdColis IdCommandeInColis NbProducts IdProd1 QtyProd1 IdProd2 QtyProd2 ...
347 82 21 282 1 34 1 355 1 394 1 345 1 579 2 410 1 535 1 284 2 315 1 444 1 318 2 530 2 459 1 338 1 686 1 615 1 435 1 9 2 15 1 656 1
290 67 15 269 1 515 1 268 1 335 1 423 1 307 2 281 2 306 1 339 1 593 1 629 1 620 1 366 1 468 2 181 1
45 10 9 62 1 92 1 90 1 91 1 89 1 348 1 515 1 517 1 518 1
48 11 10 62 1 69 1 99 1 45 1 269 1 616 1 291 1 526 1 515 1 333 1
69 15 6 62 1 11 2 69 1 74 1 157 1 595 1
230 52 10 264 1 62 1 143 1 269 1 515 1 128 1 531 1 280 2 281 1 174 1
//IdTournes NbColis
39 6
//IdColis IdCommandeInColis NbProducts IdProd1 QtyProd1 IdProd2 QtyProd2 ...
109 24 9 11 1 79 1 74 1 46 1 348 1 439 1 515 1 330 2 558 1
117 26 9 156 1 74 1 157 2 269 1 154 1 158 1 437 1 387 1 514 1
122 27 11 92 1 74 1 45 1 89 1 348 1 352 1 515 1 632 1 128 1 330 1 345 1
275 63 10 10 1 269 1 157 1 68 1 515 1 421 1 268 1 267 1 280 2 281 2
52 12 8 78 1 69 1 91 1 63 1 45 1 67 1 269 1 387 1
223 50 12 11 1 269 1 437 1 336 1 458 1 515 1 632 1 268 1 416 1 307 2 281 1 432 1
//IdTournes NbColis
40 6
//IdColis IdCommandeInColis NbProducts IdProd1 QtyProd1 IdProd2 QtyProd2 ...
307 72 11 69 1 11 1 269 1 165 1 387 1 526 1 515 1 335 1 397 1 280 1 536 1
314 74 11 11 1 269 1 143 1 387 1 515 1 517 1 128 1 307 2 281 2 268 1 376 1
349 83 11 11 1 69 1 144 1 348 1 408 1 538 1 411 1 330 1 344 1 613 1 333 1
352 84 9 11 1 69 1 348 1 539 1 515 1 330 2 344 1 411 2 340 2
271 62 10 79 1 269 1 157 1 68 2 616 1 439 1 526 1 515 1 307 1 306 1
33 7 22 579 2 440 2 410 2 383 1 535 1 489 2 634 3 315 1 444 3 409 2 286 1 530 2 490 1 694 1 385 2 313 3 435 1 607 1 12 2 84 1 320 1 729 1
//IdTournes NbColis
41 6
//IdColis IdCommandeInColis NbProducts IdProd1 QtyProd1 IdProd2 QtyProd2 ...
43 9 34 17 1 48 1 329 1 558 1 373 1 18 1 24 1 331 1 81 1 426 1 371 1 394 1 492 1 410 1 323 1 275 1 535 1 585 1 412 1 284 2 445 1 434 1 294 1 377 1 341 2 456 1 338 1 83 1 372 1 619 1 80 1 85 1 12 1 84 1
95 20 12 292 1 218 1 410 1 535 1 489 2 559 1 445 4 530 2 490 1 726 1 743 1 12 1
124 27 19 355 1 351 1 358 1 410 1 356 1 412 1 633 1 284 1 354 1 634 1 360 1 341 1 286 1 287 1 338 1 357 1 12 2 15 1 673 1
137 30 17 410 2 535 1 585 2 354 1 284 2 277 2 587 1 530 2 174 1 338 1 162 1 586 1 415 1 85 1 12 3 240 1 93 1
285 65 24 329 1 558 1 140 1 681 1 564 1 24 1 282 1 345 1 334 2 319 1 420 1 492 1 440 1 410 1 535 1 585 2 284 2 559 1 277 1 294 1 341 2 338 1 12 1 84 1
302 70 18 558 1 373 1 376 1 564 1 97 1 222 1 420 1 541 1 485 1 535 1 633 2 585 2 484 1 337 1 294 1 372 1 615 1 12 1
//IdTournes NbColis
42 6
//IdColis IdCommandeInColis NbProducts IdProd1 QtyProd1 IdProd2 QtyProd2 ...
328 77 16 302 1 347 1 299 2 410 1 275 1 290 1 535 1 284 2 315 1 294 1 360 1 341 2 338 1 75 1 12 1 84 1
281 64 25 564 1 565 1 31 1 331 1 345 1 371 1 319 1 492 1 299 1 410 1 290 1 305 1 535 1 633 2 585 2 284 2 294 1 587 1 341 2 338 1 466 1 313 1 15 1 137 1 673 1
313 73 9 489 1 444 1 530 2 490 1 285 1 615 1 80 1 15 1 137 1
18 4 8 430 1 44 1 338 1 285 1 619 1 607 1 601 3 15 1
28 6 16 589 2 535 1 284 1 444 2 587 1 530 2 568 2 174 2 490 1 83 1 726 1 654 1 15 1 84 1 624 1 653 1
84 17 1 15 1
//IdTournes NbColis
43 6
//IdColis IdCommandeInColis NbProducts IdProd1 QtyProd1 IdProd2 QtyProd2 ...
91 19 20 355 1 426 1 579 2 410 2 404 2 535 1 585 2 354 1 284 2 360 1 445 1 530 2 338 1 134 1 481 1 615 1 15 1 135 1 137 1 298 1
168 37 15 334 2 519 1 299 1 410 1 535 1 633 1 585 1 337 1 409 1 341 1 287 1 338 1 15 1 137 2 722 1
176 39 11 535 1 354 1 284 2 364 1 530 3 287 1 490 1 362 1 15 1 207 1 624 1
207 46 3 137 1 15 1 207 1
260 58 32 18 1 301 1 279 1 555 1 97 1 708 1 282 1 594 1 625 1 146 1 297 1 300 1 302 1 519 1 299 1 410 1 305 1 589 1 535 1 585 1 289 1 304 1 284 2 634 2 559 1 530 2 457 1 287 1 490 1 15 1 221 1 709 1
232 52 1 221 1
//IdTournes NbColis
44 6
//IdColis IdCommandeInColis NbProducts IdProd1 QtyProd1 IdProd2 QtyProd2 ...
245 55 24 199 1 331 1 81 1 509 1 394 1 332 2 410 1 383 1 404 1 305 1 589 2 580 1 535 1 585 2 284 1 309 1 341 2 338 1 162 1 601 2 488 1 137 2 478 1 627 1
202 45 28 133 1 301 1 279 1 564 1 97 1 331 1 204 1 371 1 541 1 492 1 410 1 369 2 275 1 633 2 585 2 646 2 559 1 315 1 294 2 409 1 341 2 377 1 370 1 205 2 287 1 338 1 372 1 167 1
146 32 26 431 1 533 1 18 2 175 1 534 1 564 1 555 1 708 1 292 1 296 1 602 1 104 1 266 1 410 2 275 2 290 2 589 2 480 1 535 1 284 2 289 1 294 2 413 2 286 1 530 2 568 1
326 77 12 251 1 269 1 437 1 387 1 515 1 421 1 310 1 268 1 448 1 307 2 281 1 598 1
6 2 15 515 1 517 1 421 1 127 1 268 1 448 1 423 1 281 2 307 2 613 1 363 1 396 1 524 1 283 1 491 1
81 17 9 143 2 515 1 352 1 621 1 127 2 128 2 344 1 307 2 330 2
//IdTournes NbColis
45 6
//IdColis IdCommandeInColis NbProducts IdProd1 QtyProd1 IdProd2 QtyProd2 ...
318 75 13 269 1 143 1 46 1 293 1 387 1 515 1 493 1 127 1 268 1 446 1 307 2 330 1 670 1
39 8 25 594 2 204 1 218 1 402 3 509 2 410 2 535 1 489 2 294 3 360 1 318 1 286 1 662 1 530 2 152 1 490 1 313 1 393 1 75 1 601 3 720 1 247 1 93 1 298 1 320 1
8 2 27 175 1 258 1 250 1 534 1 325 1 555 1 24 1 282 1 473 1 218 1 402 3 345 1 334 3 509 1 541 1 433 1 358 2 410 1 351 2 275 1 535 1 389 1 304 1 284 2 557 1 377 2 341 1
178 40 15 269 1 89 1 515 1 268 1 280 2 281 2 365 1 363 1 453 1 405 1 311 1 468 1 442 2 349 1 33 1
30 7 9 69 1 260 1 67 1 68 2 269 1 158 1 574 1 280 2 189 1
79 16 1 120 1
//IdTournes NbColis
46 6
//IdColis IdCommandeInColis NbProducts IdProd1 QtyProd1 IdProd2 QtyProd2 ...
185 41 2 207 1 120 1
225 50 17 555 1 282 1 541 2 410 1 535 1 304 1 284 2 409 1 309 1 341 2 338 1 215 1 83 1 372 1 285 1 216 1 120 1
13 3 19 34 1 146 1 402 2 345 1 420 1 410 1 404 1 535 1 585 2 354 1 284 2 294 1 360 1 318 2 530 2 338 1 137 1 720 1 478 1
343 81 22 691 1 564 2 331 1 324 1 635 1 371 1 394 1 519 1 358 1 410 1 580 1 535 1 633 1 585 1 284 2 294 1 341 1 338 1 372 1 607 1 137 1 93 1
215 48 10 261 1 260 1 89 1 269 1 515 1 421 1 493 2 281 2 268 1 452 1
322 76 12 260 1 269 1 89 1 387 1 515 1 128 1 268 1 446 1 307 2 281 2 606 1 588 1
//IdTournes NbColis
47 6
//IdColis IdCommandeInColis NbProducts IdProd1 QtyProd1 IdProd2 QtyProd2 ...
235 53 18 626 1 432 2 398 1 590 1 399 2 572 1 593 1 396 2 271 1 263 1 401 1 529 1 518 2 395 1 366 1 259 1 326 1 276 1
25 6 12 89 1 143 1 269 1 515 1 310 1 280 2 281 2 268 2 591 1 432 1 665 1 459 1
174 39 13 89 1 666 1 515 1 268 1 280 2 307 1 281 3 613 1 306 1 365 1 363 1 593 1 442 1
37 8 15 626 2 363 1 350 2 384 2 399 1 572 1 562 2 361 3 658 1 685 1 659 1 629 1 514 2 479 1 535 1
125 28 10 166 1 143 1 269 1 242 1 164 1 165 1 421 1 452 1 397 1 280 2
149 33 10 143 2 269 1 164 1 437 1 458 1 576 1 614 1 203 1 280 3 611 1
//IdTournes NbColis
48 6
//IdColis IdCommandeInColis NbProducts IdProd1 QtyProd1 IdProd2 QtyProd2 ...
142 31 27 402 2 378 1 334 3 449 2 266 1 420 1 492 1 433 2 410 1 748 1 275 1 290 1 369 1 535 1 412 1 389 1 354 1 489 2 634 1 450 2 444 1 294 1 377 1 457 2 530 2 568 1 490 1
157 34 3 372 1 142 1 137 1
261 58 2 186 1 298 1
11 3 14 157 1 515 1 307 2 281 2 268 1 538 1 628 1 432 1 339 1 593 2 518 1 333 2 718 1 620 1
253 57 12 157 1 143 1 348 1 499 1 503 1 504 1 505 1 506 1 542 1 543 1 544 1 501 1
258 58 13 178 1 269 1 157 1 291 1 515 1 636 1 632 1 421 1 493 1 128 1 268 1 307 1 303 1
//IdTournes NbColis
49 6
//IdColis IdCommandeInColis NbProducts IdProd1 QtyProd1 IdProd2 QtyProd2 ...
36 8 9 143 1 68 1 437 1 280 3 494 2 295 3 613 1 306 2 661 1
70 15 11 143 1 46 1 269 1 768 1 437 1 515 1 493 1 128 2 268 1 416 1 307 2
196 44 15 46 1 526 1 493 1 441 1 280 2 295 2 626 1 658 1 491 2 583 1 659 1 443 1 630 2 711 1 713 1
234 53 10 143 1 46 1 269 1 387 2 515 1 397 1 280 2 268 2 281 2 718 1
337 80 12 178 1 269 1 158 1 437 1 439 1 525 1 515 1 608 1 307 2 268 1 330 1 379 1
53 12 13 68 1 515 1 310 1 446 1 335 2 280 2 295 2 441 1 436 1 384 2 562 1 491 1 294 1
//IdTournes NbColis
50 6
//IdColis IdCommandeInColis NbProducts IdProd1 QtyProd1 IdProd2 QtyProd2 ...
345 82 12 269 1 46 1 242 1 515 1 526 1 352 1 307 2 281 2 268 1 570 1 643 1 396 1
242 54 1 223 1
132 29 19 410 2 599 1 535 1 766 1 289 1 284 2 315 1 294 3 484 1 409 1 309 1 530 2 287 1 490 1 586 1 313 2 743 1 167 1 667 1
250 56 14 565 1 407 1 282 1 410 2 535 1 304 2 284 2 294 3 530 3 338 1 740 1 362 1 435 1 137 1
289 66 9 633 1 284 2 341 2 338 1 285 1 313 1 607 1 415 1 137 1
108 23 1 84 1
//IdTournes NbColis
51 6
//IdColis IdCommandeInColis NbProducts IdProd1 QtyProd1 IdProd2 QtyProd2 ...
120 26 14 412 1 535 1 389 1 284 2 277 1 294 2 318 2 457 1 341 2 152 1 338 1 393 1 619 1 415 1
20 5 13 621 1 642 1 380 1 268 1 307 2 281 2 521 1 538 2 721 1 379 1 593 2 597 1 718 1
187 42 14 515 1 639 1 267 1 268 2 280 2 281 2 570 1 265 1 640 1 274 1 591 1 432 1 590 1 638 1
75 16 13 268 2 281 2 460 1 307 2 343 2 578 1 566 1 265 1 626 1 382 1 432 1 384 1 271 1
254 57 16 545 1 649 1 439 1 408 1 352 1 397 1 330 1 496 1 344 1 645 1 411 1 498 1 500 1 502 1 644 1 648 1
166 37 16 269 1 336 1 515 1 517 1 632 1 621 1 310 1 330 1 268 1 335 1 307 1 721 1 598 1 340 1 643 1 284 1
//IdTournes NbColis
52 6
//IdColis IdCommandeInColis NbProducts IdProd1 QtyProd1 IdProd2 QtyProd2 ...
135 30 15 291 1 515 1 397 1 307 2 268 2 281 2 379 1 316 1 432 1 288 1 271 1 529 1 518 1 540 1 424 1
140 31 16 295 1 280 2 441 2 495 1 606 1 573 1 432 1 727 1 288 2 643 1 271 1 529 1 518 1 395 1 629 1 575 1
155 34 15 437 1 526 1 515 1 421 1 397 1 307 2 281 2 268 1 596 1 436 1 339 1 593 1 595 1 386 1 366 1
49 11 14 352 1 268 1 423 1 307 2 330 2 496 1 593 2 288 1 611 2 333 1 424 1 618 3 617 1 331 1
105 23 13 517 1 458 1 515 1 525 1 291 1 293 1 295 2 280 2 578 1 511 1 441 2 628 1 431 1
118 26 15 293 1 539 1 515 1 268 1 335 1 330 2 511 1 521 1 307 2 606 1 374 1 339 1 366 1 367 1 346 1
//IdTournes NbColis
53 1
//IdColis IdCommandeInColis NbProducts IdProd1 QtyProd1 IdProd2 QtyProd2 ...
182 41 16 307 1 281 2 511 1 268 1 521 1 561 2 265 1 365 1 316 1 350 1 560 1 514 2 556 1 424 1 479 1 367 1
