//NbTournees
4
//IdTournes NbColis
1 6
//IdColis IdCommandeInColis NbProducts IdProd1 QtyProd1 IdProd2 QtyProd2 ...
2 1 27 148 1 94 1 177 1 130 1 209 1 57 1 125 1 56 2 239 1 1 1 62 1 50 1 172 1 4 1 156 1 268 1 21 1 3 1 33 1 159 1 176 2 216 1 9 2 10 3 14 2 245 1 132 1
7 2 23 150 1 158 1 160 1 1 2 250 1 52 2 62 4 172 2 69 1 90 1 203 1 21 1 43 1 151 2 176 1 123 1 2 1 274 1 169 1 9 2 10 3 14 3 16 1
11 3 33 206 1 42 1 15 1 52 1 50 1 60 2 75 1 88 1 93 1 104 1 176 1 123 1 196 1 204 1 248 1 23 1 115 1 2 1 11 1 6 1 7 1 9 1 10 2 12 2 14 2 16 1 17 1 44 1 45 2 48 1 53 1 257 1 197 1
13 4 19 26 1 28 1 112 1 18 1 20 1 107 1 118 1 25 2 30 2 39 1 61 1 70 2 78 1 103 2 22 1 38 1 92 1 67 1 3 1
17 5 34 69 1 3 2 29 1 176 1 216 1 55 1 9 2 10 2 14 2 16 1 17 1 44 2 45 2 48 1 53 2 54 1 219 1 211 1 134 1 143 1 220 2 222 2 215 1 226 1 218 1 185 1 210 1 183 1 142 1 191 1 223 1 132 5 138 1 139 5
23 7 28 258 1 99 1 72 1 119 1 262 1 145 1 146 1 237 1 91 1 144 1 124 1 131 1 77 1 97 1 90 1 106 1 274 1 9 1 10 2 14 2 16 1 17 1 44 1 45 2 48 1 53 1 54 1 135 1
//IdTournes NbColis
2 6
//IdColis IdCommandeInColis NbProducts IdProd1 QtyProd1 IdProd2 QtyProd2 ...
4 2 16 163 1 24 2 166 1 86 1 28 1 255 1 5 1 82 2 167 1 118 1 181 1 194 1 235 1 262 2 36 1 57 1
14 4 25 234 1 195 1 202 1 128 1 117 1 83 1 199 1 32 1 122 1 126 1 244 1 111 1 247 1 64 1 60 1 29 1 33 1 88 1 93 1 123 1 231 1 196 1 6 1 7 1 138 3
21 6 27 123 1 228 1 11 1 6 1 7 2 9 2 10 2 12 2 14 2 16 1 17 1 44 2 45 2 48 1 53 2 54 1 79 2 230 1 249 1 265 1 210 1 136 1 270 1 229 1 138 3 256 2 225 2
25 8 24 18 1 20 1 107 1 25 2 30 2 61 1 70 1 22 1 67 1 182 1 195 1 201 1 128 1 126 1 84 1 50 2 88 1 173 1 123 1 196 1 204 1 6 1 7 1 225 1
6 2 19 85 1 66 1 168 1 8 1 174 1 177 1 126 1 208 1 209 2 149 1 162 1 125 2 87 1 108 1 192 1 239 2 161 1 179 1 254 1
15 4 14 9 1 10 2 12 2 14 2 16 1 17 1 44 1 45 2 48 1 53 2 54 1 79 2 257 1 133 1
//IdTournes NbColis
3 6
//IdColis IdCommandeInColis NbProducts IdProd1 QtyProd1 IdProd2 QtyProd2 ...
26 8 17 9 1 10 2 12 2 14 2 16 1 17 1 44 1 45 2 48 1 53 2 54 1 79 2 73 1 133 1 212 1 210 1 224 1
1 1 21 261 1 263 1 34 2 46 1 155 1 255 1 31 1 152 1 157 1 68 1 13 1 37 1 154 1 70 1 164 1 103 1 98 1 144 1 41 1 140 1 132 1
5 2 21 152 1 13 1 39 1 61 1 102 1 165 1 40 1 78 1 59 1 103 1 19 1 47 1 74 1 38 1 98 2 153 1 182 1 202 1 207 2 170 1 95 1
3 1 30 14 1 16 1 17 1 44 2 45 3 48 1 53 3 54 1 219 1 147 1 273 1 257 1 259 1 187 1 134 1 143 1 220 2 222 2 215 1 241 1 210 1 136 1 142 1 191 1 253 1 223 1 184 1 132 3 138 3 139 5
8 2 20 17 1 44 2 45 3 48 1 53 3 54 1 134 1 143 1 220 2 222 2 188 1 241 1 266 1 210 1 142 2 132 4 137 1 138 2 139 5 252 1
9 3 21 24 1 35 1 18 1 20 1 49 1 181 1 25 2 30 2 27 1 39 1 70 1 59 2 103 1 22 1 38 1 92 1 96 1 67 1 195 1 105 1 236 1
//IdTournes NbColis
4 6
//IdColis IdCommandeInColis NbProducts IdProd1 QtyProd1 IdProd2 QtyProd2 ...
19 6 23 35 1 18 2 20 1 49 1 25 2 30 2 59 1 22 1 92 1 67 1 195 1 201 1 264 1 127 1 232 1 81 1 51 1 58 1 114 1 233 1 80 1 133 1 138 1
16 5 22 217 1 227 1 24 1 166 1 71 1 221 2 213 1 68 1 70 1 67 1 198 1 66 1 199 1 65 1 57 1 200 1 190 1 214 1 64 1 63 1 69 1 216 1
10 3 20 127 1 114 1 246 1 110 1 113 1 171 1 177 1 178 1 122 1 126 1 130 1 180 1 243 1 76 1 175 1 125 1 95 1 121 1 205 1 239 1
20 6 24 94 1 122 1 130 1 238 1 242 1 243 1 125 1 175 1 100 1 108 1 109 1 121 1 239 1 205 2 89 1 101 2 240 1 52 2 97 1 129 1 63 1 116 1 230 1 138 1
12 3 18 53 1 54 1 79 2 219 1 271 1 272 1 251 1 215 1 133 1 189 1 193 1 267 1 136 2 142 2 191 1 269 1 236 1 186 2
24 7 14 53 1 120 1 134 1 143 1 220 2 222 2 136 1 142 2 260 1 141 1 140 1 132 5 137 2 139 5
