//NbTournees
7
//IdTournes NbColis
1 6
//IdColis IdCommandeInColis NbProducts IdProd1 QtyProd1 IdProd2 QtyProd2 ...
14 3 13 85 1 89 1 78 1 45 1 161 1 33 1 60 1 41 1 69 2 66 2 157 1 166 1 81 1
23 6 13 85 1 89 1 243 1 173 1 182 1 191 1 23 2 224 1 253 1 66 1 125 1 169 1 196 1
34 9 11 255 1 85 1 89 1 60 1 215 1 69 1 229 2 196 2 38 1 257 1 112 1
20 5 18 89 1 271 1 213 1 215 1 22 1 211 1 204 1 205 1 214 1 31 1 208 1 266 1 267 1 112 1 131 1 133 1 51 1 94 1
37 10 16 273 1 60 1 276 1 69 1 181 1 333 1 38 1 257 1 112 1 131 2 133 1 51 3 332 1 109 1 84 1 73 2
40 11 14 136 2 284 2 278 1 201 1 40 2 275 1 323 1 324 2 39 2 326 2 26 1 155 2 119 1 277 2
//IdTournes NbColis
2 6
//IdColis IdCommandeInColis NbProducts IdProd1 QtyProd1 IdProd2 QtyProd2 ...
31 8 18 290 1 236 1 50 1 319 1 66 1 28 1 171 1 237 1 62 1 38 1 291 1 267 1 112 1 131 1 51 1 71 1 234 1 311 1
25 6 32 56 1 242 1 86 1 87 1 88 1 251 1 217 1 202 1 216 2 247 1 218 1 1 1 128 1 210 1 206 1 330 1 239 1 25 1 16 2 225 1 68 1 222 1 219 1 188 1 6 1 47 1 160 1 331 1 59 1 193 1 14 1 170 2
30 8 8 287 1 285 1 289 1 288 1 309 1 286 1 243 1 266 1
41 12 22 64 1 70 1 38 1 266 1 291 1 267 1 112 1 131 1 51 2 292 1 295 1 296 1 242 1 280 2 106 1 202 1 77 1 193 2 294 1 102 1 250 1 293 1
43 13 20 236 1 33 1 41 1 266 1 267 1 112 1 131 1 133 1 71 1 264 1 36 1 297 1 300 1 5 1 298 1 138 1 250 1 274 1 293 1 299 1
35 9 20 112 1 131 2 133 1 306 1 51 1 264 1 183 2 241 2 321 1 186 2 179 2 254 2 120 1 258 1 86 1 87 1 88 1 260 1 320 2 238 1
//IdTournes NbColis
3 6
//IdColis IdCommandeInColis NbProducts IdProd1 QtyProd1 IdProd2 QtyProd2 ...
21 5 25 51 1 264 1 189 3 212 1 27 1 179 1 265 1 84 2 269 1 261 1 262 1 192 1 270 1 206 1 210 1 268 1 68 1 152 2 263 1 207 1 6 1 209 1 40 2 94 2 250 2
6 1 28 39 3 170 6 26 2 172 1 174 1 7 3 55 1 103 2 102 1 147 1 30 1 100 1 114 1 99 1 113 1 115 1 118 1 12 1 178 1 80 1 138 3 94 1 117 1 119 1 140 1 101 1 139 1 141 1
12 2 31 136 1 74 1 25 1 10 2 68 1 2 1 4 1 6 1 8 1 47 1 67 1 40 1 59 1 18 1 3 1 13 1 14 1 39 2 185 2 170 1 26 1 174 1 55 1 30 1 126 1 96 1 12 1 178 2 177 3 187 1 135 2
16 3 23 37 1 43 3 82 2 158 1 40 3 67 3 153 1 154 1 160 2 39 1 26 4 155 1 96 3 80 1 90 1 165 1 97 1 91 3 94 2 95 1 163 1 32 1 164 2
11 2 24 183 4 186 1 19 1 27 1 184 1 56 2 57 1 179 1 21 1 92 1 130 1 132 2 134 1 137 1 29 1 73 1 122 1 77 1 1 1 20 1 49 1 121 1 124 1 128 2
27 7 11 303 1 191 3 66 1 227 1 229 2 53 1 226 1 169 1 181 2 233 1 292 1
//IdTournes NbColis
4 6
//IdColis IdCommandeInColis NbProducts IdProd1 QtyProd1 IdProd2 QtyProd2 ...
19 4 15 179 1 84 1 202 1 307 1 200 1 197 1 9 3 201 1 82 3 160 1 3 1 185 1 26 1 94 2 119 1
26 6 13 39 2 221 1 245 1 244 1 96 1 223 1 178 1 119 1 248 1 250 1 252 1 246 1 135 1
39 11 18 279 1 58 1 253 1 38 1 112 1 133 1 283 4 325 1 282 2 109 1 92 1 280 1 111 2 322 1 110 1 281 1 128 2 119 1
4 1 23 142 1 106 1 111 1 116 3 120 3 143 1 15 1 122 1 192 1 110 3 1 1 194 1 104 1 108 1 175 1 195 1 5 1 9 1 10 3 16 2 65 3 145 1 144 1
1 1 11 98 1 52 1 50 1 173 1 60 1 182 2 191 1 53 1 63 1 64 3 28 1
8 2 13 52 1 50 1 45 1 76 2 60 1 72 1 182 1 129 1 22 1 23 2 28 1 53 1 176 1
//IdTournes NbColis
5 6
//IdColis IdCommandeInColis NbProducts IdProd1 QtyProd1 IdProd2 QtyProd2 ...
28 7 21 233 2 267 1 306 1 51 1 230 1 292 1 93 1 228 1 202 1 77 1 301 1 110 1 302 1 304 1 25 1 59 1 193 1 231 1 155 2 305 1 232 1
38 10 11 73 1 192 1 1 2 121 1 272 1 334 1 59 1 193 1 275 2 80 1 274 1
36 9 9 239 1 263 1 240 2 188 2 172 2 7 1 259 1 256 2 94 1
15 3 20 46 1 79 1 34 1 35 1 38 1 156 1 11 1 36 3 42 1 83 1 159 1 44 1 162 1 84 1 92 5 93 1 86 1 87 1 88 1 37 1
18 4 17 173 1 45 1 308 1 151 1 166 1 62 3 203 1 38 1 257 1 112 1 131 1 133 1 51 2 183 1 198 1 179 2 199 1
32 8 29 54 1 315 1 183 1 312 1 88 1 251 1 217 1 313 1 20 1 310 1 25 1 152 1 65 1 168 1 158 2 188 1 67 2 6 2 14 1 314 1 235 1 178 1 316 1 317 2 80 3 318 1 94 1 250 1 135 1
//IdTournes NbColis
6 6
//IdColis IdCommandeInColis NbProducts IdProd1 QtyProd1 IdProd2 QtyProd2 ...
3 1 16 167 2 112 2 156 3 17 1 105 1 123 3 146 1 11 3 189 1 61 1 54 1 27 1 109 1 57 1 149 1 107 1
24 6 19 181 1 329 1 62 1 203 1 38 1 214 1 112 2 133 1 156 3 306 1 51 2 328 1 264 1 220 1 327 1 109 1 249 1 179 1 7 1
9 2 14 58 1 66 1 69 1 125 1 171 2 169 1 24 1 181 1 157 2 70 1 38 1 31 1 112 2 131 2
10 2 12 133 2 17 1 51 4 71 4 123 2 127 1 180 1 48 2 36 1 54 3 75 2 5 1
5 1 18 152 2 68 1 168 1 2 2 188 1 4 4 6 2 8 4 40 3 150 3 190 1 59 1 193 3 3 1 13 2 14 3 18 1 39 1
2 1 13 148 1 151 1 69 1 171 1 66 1 169 2 176 1 157 1 196 4 46 1 62 2 167 1 26 1
//IdTournes NbColis
7 1
//IdColis IdCommandeInColis NbProducts IdProd1 QtyProd1 IdProd2 QtyProd2 ...
17 3 1 164 3
