//NbTournees
10
//IdTournes NbColis
1 6
//IdColis IdCommandeInColis NbProducts IdProd1 QtyProd1 IdProd2 QtyProd2 ...
2 1 17 48 3 52 3 57 1 198 1 40 5 28 1 163 1 1 2 58 4 4 1 27 2 29 1 17 2 193 1 80 1 73 2 173 1
6 2 19 40 1 164 1 1 1 127 1 13 1 23 2 117 1 97 1 156 1 29 1 41 1 106 2 46 1 10 1 120 1 73 3 121 1 119 1 118 1
50 16 11 44 2 89 2 93 3 1 1 58 1 36 1 27 1 41 1 46 1 80 1 141 1
24 7 10 108 1 79 1 3 1 78 2 45 2 49 3 48 5 74 1 42 1 23 1
51 17 11 76 1 77 1 22 1 16 2 48 1 74 1 42 1 162 1 85 1 40 1 101 1
53 18 5 91 1 88 1 92 2 82 1 75 1
//IdTournes NbColis
2 6
//IdColis IdCommandeInColis NbProducts IdProd1 QtyProd1 IdProd2 QtyProd2 ...
10 3 12 60 2 40 4 186 1 192 1 127 1 13 1 26 1 105 1 17 1 200 1 2 1 189 3
14 4 10 13 1 23 1 160 1 15 1 21 1 27 1 106 2 2 2 189 1 143 1
17 5 10 44 1 38 1 59 1 93 2 30 2 13 1 58 1 41 3 2 2 10 1
21 6 20 59 1 30 1 25 1 127 1 58 1 117 1 36 1 32 2 101 1 102 2 21 1 156 1 105 1 29 1 17 2 110 2 2 1 80 1 166 1 165 1
33 10 11 43 5 57 2 51 3 52 2 54 6 40 2 44 2 36 1 50 3 2 1 166 1
19 6 10 76 1 158 1 161 1 3 2 6 1 48 2 151 1 155 1 37 1 42 2
//IdTournes NbColis
3 6
//IdColis IdCommandeInColis NbProducts IdProd1 QtyProd1 IdProd2 QtyProd2 ...
54 19 13 14 1 3 1 48 3 5 1 42 2 57 1 54 2 59 1 81 2 58 2 84 3 27 1 17 1
56 20 5 14 1 20 3 132 1 129 1 3 1
46 15 10 14 1 77 1 20 1 98 1 99 1 65 1 48 1 103 1 104 1 123 1
1 1 6 24 2 22 1 159 1 157 1 16 2 4 1
36 11 16 70 1 57 3 40 2 44 1 23 1 4 1 102 2 21 2 27 2 105 1 29 1 71 3 17 3 106 2 110 1 80 1
9 3 15 63 1 48 2 5 1 12 1 104 2 133 1 194 1 42 3 67 2 69 2 68 1 55 1 56 3 60 2 173 1
//IdTournes NbColis
4 6
//IdColis IdCommandeInColis NbProducts IdProd1 QtyProd1 IdProd2 QtyProd2 ...
13 4 19 5 1 133 1 178 1 35 1 56 4 195 1 60 1 197 1 51 4 57 2 54 1 140 1 186 1 9 2 25 1 134 1 138 1 81 1 13 1
35 11 11 7 1 108 1 6 2 48 3 5 1 42 1 69 1 53 2 55 1 51 2 111 1
59 21 6 132 1 5 1 40 1 28 1 23 1 41 2
47 15 22 107 2 68 1 56 2 51 1 54 2 33 1 44 2 38 1 115 1 113 1 127 1 58 3 34 1 15 1 114 1 125 2 128 1 46 1 109 1 100 1 73 1 72 2
4 2 6 18 1 175 1 20 2 6 2 16 1 112 1
8 3 8 14 1 18 1 20 1 176 1 6 3 64 1 63 1 156 1
//IdTournes NbColis
5 6
//IdColis IdCommandeInColis NbProducts IdProd1 QtyProd1 IdProd2 QtyProd2 ...
12 4 9 11 1 14 2 129 1 6 1 64 1 65 1 137 1 48 1 80 1
15 5 5 7 1 14 1 20 2 190 1 48 1
18 6 6 7 1 8 1 18 1 14 1 48 1 10 1
23 7 4 7 2 77 1 11 1 78 1
43 14 5 7 1 11 1 14 2 153 1 13 1
49 16 12 77 1 129 2 48 2 130 1 90 2 55 1 85 1 57 3 47 1 54 3 40 1 135 1
//IdTournes NbColis
6 6
//IdColis IdCommandeInColis NbProducts IdProd1 QtyProd1 IdProd2 QtyProd2 ...
57 20 14 129 1 48 1 42 2 69 6 53 2 55 4 70 1 54 1 139 1 145 1 148 1 127 1 142 1 102 2
60 22 10 167 1 24 1 20 1 129 1 131 1 136 1 113 1 149 1 150 1 147 1
26 7 13 59 1 9 1 58 1 101 2 102 2 156 1 86 1 17 3 110 1 96 1 10 3 80 1 95 1
52 17 9 40 2 89 2 59 2 9 1 58 1 101 1 17 2 80 1 94 1
20 6 12 42 5 69 2 35 1 43 4 57 2 52 3 70 2 54 2 40 2 163 1 164 1 10 1
62 23 11 11 1 14 1 48 2 53 1 55 1 57 1 47 1 54 2 44 2 23 1 17 1
//IdTournes NbColis
7 6
//IdColis IdCommandeInColis NbProducts IdProd1 QtyProd1 IdProd2 QtyProd2 ...
39 12 12 176 1 152 2 116 1 124 1 45 1 126 1 48 2 107 1 42 3 69 1 55 4 56 1
64 24 13 167 1 45 1 155 1 43 4 47 2 54 1 44 1 38 1 58 1 36 2 84 2 101 1 170 1
65 25 7 168 1 20 2 69 1 51 3 40 1 44 3 38 2
67 26 6 169 1 24 1 171 1 172 1 174 2 173 2
44 14 12 18 1 159 1 16 1 48 2 155 1 104 1 42 3 162 1 53 2 55 2 43 1 80 1
41 12 9 160 1 58 1 50 2 182 1 183 1 41 1 86 1 17 3 46 3
//IdTournes NbColis
8 6
//IdColis IdCommandeInColis NbProducts IdProd1 QtyProd1 IdProd2 QtyProd2 ...
45 14 8 43 1 62 2 85 2 40 1 44 1 102 1 29 1 17 3
58 20 11 102 1 21 1 27 1 156 1 32 1 144 1 146 1 95 1 119 1 187 2 173 2
38 12 6 18 1 154 1 76 1 158 1 157 1 65 1
16 5 12 48 4 19 1 42 4 57 4 51 1 52 1 47 3 54 3 33 1 40 1 44 1 46 1
68 27 10 48 2 42 2 51 1 57 1 54 1 40 1 38 1 21 1 156 1 80 2
32 10 10 24 1 77 1 180 1 48 4 177 1 42 3 69 1 181 1 55 1 56 1
//IdTournes NbColis
9 6
//IdColis IdCommandeInColis NbProducts IdProd1 QtyProd1 IdProd2 QtyProd2 ...
69 28 8 131 1 179 1 188 2 87 1 127 1 184 1 95 1 185 1
40 12 10 56 1 68 2 43 1 66 4 57 3 51 4 52 7 44 2 59 1 26 1
70 29 11 191 1 48 1 42 1 69 1 47 2 54 1 33 1 40 2 83 1 50 2 199 1
5 2 13 116 1 124 1 122 2 126 1 48 6 178 1 69 2 68 2 51 2 54 1 33 1 40 1 163 1
71 30 5 196 1 133 1 182 1 201 1 172 1
30 9 18 202 1 206 1 207 1 48 2 42 1 53 4 55 1 57 1 188 1 47 2 54 1 44 1 113 1 204 1 127 1 203 1 34 1 50 2
//IdTournes NbColis
10 4
//IdColis IdCommandeInColis NbProducts IdProd1 QtyProd1 IdProd2 QtyProd2 ...
25 7 10 42 4 69 2 53 6 55 2 31 1 52 5 33 1 44 2 83 1 87 1
28 8 16 48 1 42 3 39 1 53 2 55 1 51 2 52 2 47 2 54 3 33 1 40 1 44 1 59 1 58 3 34 1 50 1
42 13 4 61 1 48 1 51 1 54 2
31 9 6 50 1 200 2 205 1 209 1 208 1 174 1
