//NbTournees
19
//IdTournes NbColis
1 6
//IdColis IdCommandeInColis NbProducts IdProd1 QtyProd1 IdProd2 QtyProd2 ...
6 1 51 461 1 566 1 404 1 571 1 545 1 269 1 30 1 129 1 340 2 570 1 540 1 335 2 565 1 284 1 470 1 567 1 273 2 1 2 6 1 10 1 124 1 114 1 41 1 116 1 152 1 336 2 255 1 494 1 338 1 550 1 366 1 378 1 500 1 407 1 551 2 362 1 569 1 568 1 466 1 532 1 393 1 553 1 433 1 536 1 280 1 253 1 564 1 265 1 267 1 412 1 413 1
9 2 34 49 1 52 1 57 1 55 1 221 1 215 1 16 1 25 1 191 1 380 1 222 1 263 1 266 1 179 1 486 1 216 1 519 1 374 1 7 1 28 1 43 1 19 1 373 1 243 1 259 1 261 1 541 1 340 1 273 1 1 1 41 1 462 1 417 1 278 2
13 3 33 381 1 22 1 5 1 14 1 32 1 47 1 52 1 55 1 215 1 24 1 25 1 222 1 263 1 266 1 102 1 216 1 7 1 27 1 28 1 43 1 19 1 59 1 275 1 243 1 365 1 261 1 340 1 1 1 41 1 360 1 362 1 371 1 375 1
17 4 24 7 1 27 1 28 1 43 1 508 1 356 1 59 1 373 1 243 1 58 1 100 1 290 1 369 1 261 1 340 1 273 1 1 1 41 1 363 1 367 1 515 1 366 1 362 1 278 1
19 5 27 14 1 32 1 47 1 52 1 55 1 215 1 16 1 25 1 191 1 222 1 263 1 266 1 46 1 347 1 216 1 7 1 27 1 28 1 43 1 243 1 58 1 261 1 340 1 348 1 273 1 1 1 41 1
21 6 18 11 1 51 1 218 1 212 1 242 1 381 1 21 1 2 1 4 1 5 1 14 1 32 1 47 1 52 1 55 1 57 2 215 1 56 1
//IdTournes NbColis
2 6
//IdColis IdCommandeInColis NbProducts IdProd1 QtyProd1 IdProd2 QtyProd2 ...
22 6 23 16 1 25 1 380 1 222 1 263 1 266 1 46 1 286 1 216 1 361 1 28 1 43 1 373 1 243 1 261 1 396 1 340 1 384 1 273 1 3 1 41 1 278 1 398 1
27 7 30 102 1 283 1 287 1 216 1 493 1 17 1 27 1 28 1 150 1 43 1 188 1 322 1 19 1 281 1 282 1 325 1 243 1 276 1 269 1 335 1 3 1 114 1 41 1 333 1 510 1 336 1 255 1 338 1 254 1 495 1
32 8 16 405 1 373 1 243 1 183 1 414 1 408 2 269 1 340 1 273 1 3 1 69 1 41 1 440 1 74 1 278 1 256 1
36 9 10 243 1 183 1 58 1 340 1 387 1 273 1 3 1 10 1 41 1 483 1
40 10 28 196 1 264 1 266 1 321 1 271 1 68 1 174 1 45 1 27 1 28 1 43 1 354 1 56 1 243 1 370 1 319 1 276 1 377 1 269 1 340 1 273 1 3 1 75 1 41 1 99 1 342 1 378 1 279 1
44 11 20 60 1 59 1 56 1 373 1 516 1 183 1 232 1 243 1 247 1 208 1 272 1 369 1 72 1 269 1 273 1 3 1 69 1 70 1 278 1 413 1
//IdTournes NbColis
3 6
//IdColis IdCommandeInColis NbProducts IdProd1 QtyProd1 IdProd2 QtyProd2 ...
47 12 28 28 1 43 1 289 1 240 1 56 1 59 1 552 1 243 1 332 1 58 1 315 1 78 1 67 1 272 1 290 1 319 1 369 1 340 1 534 1 273 1 3 1 10 1 41 1 360 1 254 2 371 1 532 1 375 1
50 13 43 220 1 222 1 263 1 266 1 226 1 238 1 271 1 182 1 102 1 46 1 185 1 216 2 27 1 28 1 43 1 251 1 225 1 275 1 243 1 100 1 58 1 98 1 276 1 261 1 88 1 273 1 3 1 41 1 99 1 248 1 254 1 262 1 268 1 278 1 253 1 256 1 258 1 265 2 267 1 277 1 279 1 280 1 274 1
53 14 27 352 1 215 1 16 1 25 1 222 1 263 1 266 1 339 1 216 1 28 1 43 1 94 1 56 1 59 1 243 1 365 1 261 1 340 1 273 1 3 1 41 1 364 1 376 1 360 1 371 1 372 1 375 1
58 15 12 252 1 474 1 276 1 269 1 86 1 340 1 273 1 3 1 41 1 505 1 509 1 503 1
61 16 28 25 1 219 1 220 1 235 1 192 1 295 1 264 1 266 1 68 1 93 1 95 1 45 1 216 1 374 1 27 1 43 1 373 1 232 1 243 1 159 1 208 1 269 1 340 1 172 1 273 1 3 1 41 1 278 1
66 17 29 257 1 215 1 16 1 25 1 222 1 266 1 184 1 45 1 46 1 216 1 229 1 130 1 7 1 27 1 28 1 43 1 240 1 19 1 239 1 243 1 82 1 365 1 404 1 261 1 491 1 273 1 3 1 41 1 255 1
//IdTournes NbColis
4 6
//IdColis IdCommandeInColis NbProducts IdProd1 QtyProd1 IdProd2 QtyProd2 ...
73 18 38 215 1 16 1 25 1 219 1 220 1 235 1 264 1 266 1 271 1 182 1 95 1 45 1 288 1 216 1 217 1 320 1 27 1 28 1 43 1 432 1 531 1 243 1 332 1 291 1 311 1 369 1 276 1 90 1 138 1 269 1 533 1 83 1 340 1 273 1 3 1 69 1 41 1 549 1
77 19 32 32 1 47 1 49 2 52 1 55 1 215 1 24 1 25 1 222 1 498 1 263 1 266 1 504 1 216 1 28 1 113 1 43 1 507 1 19 1 243 1 58 1 115 1 340 1 273 1 3 1 41 1 360 1 502 1 371 1 267 1 411 1 412 1
81 20 33 264 1 266 1 226 1 104 1 110 1 111 1 45 1 227 3 286 1 216 1 224 1 27 2 28 1 43 1 188 2 322 1 373 1 489 1 208 1 414 1 98 1 269 1 340 1 273 1 3 1 6 1 10 1 114 1 41 1 494 1 490 1 254 1 278 1
86 21 20 45 1 216 1 27 1 137 1 150 1 43 1 148 1 243 1 359 1 261 1 340 1 3 1 41 1 116 1 99 1 360 1 371 1 267 3 411 2 412 1
92 22 23 245 1 7 2 27 1 28 1 43 1 56 1 373 1 243 1 259 1 208 1 178 1 261 1 340 1 273 1 3 1 106 1 109 1 41 1 500 1 506 1 268 1 433 1 412 1
96 23 20 8 1 218 1 181 1 200 2 214 1 236 1 327 1 5 1 14 1 32 1 47 1 52 1 55 1 382 1 221 1 231 1 64 1 25 1 219 1 3 1
//IdTournes NbColis
5 6
//IdColis IdCommandeInColis NbProducts IdProd1 QtyProd1 IdProd2 QtyProd2 ...
100 24 27 196 1 263 1 266 1 45 1 339 1 46 1 216 1 17 1 27 1 28 1 43 1 243 1 332 1 58 1 290 1 261 1 340 2 273 1 3 1 75 1 41 1 116 1 334 2 338 1 342 1 337 1 265 1
109 27 33 55 1 211 1 233 1 215 1 191 1 193 1 219 1 235 2 246 1 16 1 25 1 264 1 266 1 45 1 179 1 216 1 217 1 224 1 27 1 43 1 188 1 431 1 243 1 259 1 58 1 420 1 269 1 368 1 273 1 3 1 41 1 425 1 267 1
112 28 28 266 1 102 1 347 1 216 1 353 1 361 1 7 1 28 1 43 1 322 1 240 1 243 1 58 1 419 1 415 1 365 1 359 1 261 1 368 1 340 1 273 1 426 1 1 1 75 1 41 1 360 1 371 1 375 1
114 29 26 222 1 64 1 25 1 389 1 263 1 266 1 102 1 216 1 46 1 7 1 27 1 28 1 43 1 289 1 373 1 365 1 261 1 340 1 273 1 1 1 41 1 99 1 360 1 397 1 371 1 375 1
116 30 23 25 1 203 1 263 1 266 1 102 1 216 1 46 1 7 1 27 1 28 1 43 1 243 1 365 1 392 1 261 1 340 1 335 1 273 1 1 1 41 1 360 1 371 1 375 1
118 31 30 307 1 102 1 216 1 223 1 46 1 7 1 61 1 27 1 28 1 141 1 43 1 19 1 394 1 232 1 243 1 386 1 58 1 390 1 369 1 269 1 368 1 399 1 340 1 391 1 273 1 3 1 41 1 438 1 337 1 393 1
//IdTournes NbColis
6 6
//IdColis IdCommandeInColis NbProducts IdProd1 QtyProd1 IdProd2 QtyProd2 ...
120 32 22 266 1 45 1 344 1 216 2 443 1 7 1 27 1 28 1 43 1 322 1 19 1 243 1 401 1 365 1 261 1 340 1 273 1 3 1 41 1 360 2 371 1 375 1
122 33 21 7 1 27 1 28 1 43 1 345 1 322 1 243 1 58 1 369 1 365 1 261 1 340 1 3 1 41 1 360 1 407 1 371 1 337 1 375 1 412 1 413 1
124 34 24 62 1 27 1 28 1 43 1 322 1 400 1 243 1 58 1 415 1 365 1 404 1 410 1 261 1 340 1 335 1 273 1 3 1 41 1 254 1 371 1 409 1 416 1 417 1 375 1
125 35 15 97 1 424 1 421 1 423 1 188 1 432 1 414 1 365 1 422 1 1 1 360 1 371 1 375 1 433 1 430 1
126 36 25 39 1 210 1 218 1 177 1 242 1 429 1 381 1 22 1 5 1 47 1 215 1 25 1 222 1 102 1 216 1 217 1 7 1 27 1 28 1 43 1 58 1 98 1 273 1 1 1 41 1
129 37 21 216 1 27 1 28 1 43 1 446 1 529 1 243 1 340 1 273 1 3 1 106 1 41 1 440 1 363 1 515 1 74 1 465 1 253 1 256 1 265 1 412 1
//IdTournes NbColis
7 6
//IdColis IdCommandeInColis NbProducts IdProd1 QtyProd1 IdProd2 QtyProd2 ...
8 2 15 39 1 40 1 11 1 210 1 218 1 177 1 212 1 522 1 242 1 4 1 5 1 14 1 32 1 47 1 401 1
31 8 27 242 1 4 1 5 1 14 1 32 1 47 1 476 1 117 1 477 1 55 1 352 1 257 1 16 1 25 1 222 1 403 1 191 1 330 1 264 1 266 1 45 1 216 1 7 1 27 1 28 1 43 1 240 1
42 11 17 8 1 79 1 63 1 210 1 270 1 481 1 218 1 181 1 177 1 212 1 201 1 237 1 242 1 71 1 4 1 5 1 340 1
59 16 6 37 1 149 1 40 1 8 2 156 1 4 1
65 17 22 207 1 218 1 177 1 212 1 230 1 205 1 241 1 242 1 4 1 5 1 9 1 14 1 89 1 32 1 47 1 52 1 55 1 103 1 190 1 249 1 250 1 360 1
76 19 14 40 1 133 1 11 1 108 1 210 1 218 1 499 1 177 1 212 1 242 1 4 1 5 1 14 1 261 1
//IdTournes NbColis
8 6
//IdColis IdCommandeInColis NbProducts IdProd1 QtyProd1 IdProd2 QtyProd2 ...
80 20 24 488 1 199 1 242 1 21 1 87 1 4 1 5 1 9 1 14 1 47 1 52 1 211 1 306 1 215 1 16 1 25 2 310 1 317 1 219 1 220 1 330 1 479 1 196 1 46 1
90 22 15 8 1 160 1 162 1 210 1 497 1 218 1 177 1 189 1 194 1 212 1 199 1 242 1 21 1 4 1 58 1
130 38 18 133 1 40 1 441 1 212 1 447 1 439 1 242 1 4 1 50 1 57 2 445 1 221 1 220 1 42 1 80 1 442 1 436 1 440 1
2 1 23 308 1 242 1 514 1 237 1 241 1 327 1 21 1 173 1 142 1 5 1 9 1 12 1 13 1 14 1 15 1 23 1 32 1 33 1 35 1 121 1 127 1 144 1 535 1
15 4 16 8 1 166 1 210 1 218 1 177 1 200 2 212 1 242 1 21 1 36 1 171 1 5 2 14 1 18 1 32 1 34 1
18 5 11 37 1 149 1 53 1 210 1 218 1 177 1 212 1 54 2 242 1 5 1 45 1
//IdTournes NbColis
9 6
//IdColis IdCommandeInColis NbProducts IdProd1 QtyProd1 IdProd2 QtyProd2 ...
25 7 14 48 1 8 1 218 1 181 1 297 2 177 1 214 1 236 1 303 1 5 1 14 1 65 1 32 1 273 1
35 9 26 204 1 297 1 212 1 242 1 5 1 14 1 65 1 32 1 76 1 47 1 52 1 55 1 487 1 215 1 64 1 25 1 219 1 266 1 102 1 216 1 486 1 7 1 27 1 28 1 43 1 261 1
39 10 19 143 1 236 1 5 1 14 1 32 1 34 1 47 1 50 1 117 1 55 1 176 1 233 1 343 1 215 1 16 1 25 1 219 1 220 1 192 1
46 12 28 5 1 14 1 32 1 47 1 52 1 55 1 231 1 331 1 250 1 215 1 16 1 25 1 219 1 528 1 264 1 266 1 292 1 321 1 238 1 184 1 45 1 80 1 185 1 216 1 217 2 223 1 27 1 269 1
49 13 19 8 1 101 1 210 1 177 1 212 1 244 1 242 1 5 1 14 1 85 1 32 1 97 1 47 1 52 1 55 1 103 1 215 1 24 1 25 1
52 14 13 66 1 37 1 210 1 218 1 177 1 242 1 21 1 5 1 14 1 47 1 49 2 52 1 186 1
//IdTournes NbColis
10 6
//IdColis IdCommandeInColis NbProducts IdProd1 QtyProd1 IdProd2 QtyProd2 ...
56 15 16 143 1 181 1 177 1 214 1 228 1 236 1 5 2 14 1 65 1 32 1 34 1 47 1 50 1 117 1 168 1 55 1
60 16 20 101 1 166 1 161 1 204 1 218 1 177 1 214 1 236 1 351 1 169 1 171 1 5 1 14 1 32 1 47 1 117 1 55 1 215 1 16 1 80 1
72 18 22 218 1 177 1 214 1 488 1 199 1 236 1 304 1 84 1 171 1 173 1 87 1 5 1 14 1 23 1 32 1 34 1 47 1 50 1 165 1 117 1 55 1 130 1
85 21 24 210 1 218 1 212 1 177 1 242 1 5 1 14 1 107 1 32 1 47 1 136 1 117 1 55 1 445 1 215 1 16 1 25 1 222 1 402 1 263 1 266 1 226 1 105 1 365 1
91 22 25 5 1 14 2 32 1 163 1 47 1 52 1 55 1 186 1 231 1 215 1 64 1 25 1 202 1 206 1 219 1 220 1 246 1 198 1 263 2 501 1 266 1 227 1 102 1 216 1 223 1
99 24 20 323 1 326 1 210 1 218 1 177 1 212 1 314 1 242 1 5 1 14 1 32 1 47 1 117 1 55 1 118 1 215 1 16 1 25 1 219 1 341 1
//IdTournes NbColis
11 6
//IdColis IdCommandeInColis NbProducts IdProd1 QtyProd1 IdProd2 QtyProd2 ...
101 25 16 40 1 312 1 388 1 218 1 297 2 214 1 201 1 242 1 456 2 87 1 5 1 14 1 121 1 32 1 47 1 350 1
108 27 18 11 1 270 1 204 1 209 1 218 1 177 1 200 2 214 1 205 1 236 1 21 1 5 1 14 1 32 1 47 1 117 1 427 1 340 1
111 28 22 210 1 218 1 357 1 177 1 298 1 212 1 199 1 242 1 358 1 21 1 5 1 14 1 97 1 47 1 52 1 211 1 215 1 222 1 24 1 25 1 263 1 104 1
113 29 17 39 1 11 1 210 1 218 1 212 1 177 1 242 1 5 1 14 1 32 1 47 1 52 1 55 1 383 1 215 2 191 1 243 1
115 30 20 11 1 210 1 218 1 177 1 205 1 242 1 381 1 5 1 14 1 23 1 32 1 97 1 47 1 52 1 428 1 55 1 418 1 215 1 222 1 24 1
117 31 22 11 1 218 1 214 1 177 1 236 1 429 1 5 1 14 1 435 1 32 1 47 1 49 1 52 1 55 1 215 1 219 1 16 1 25 1 196 1 264 1 266 1 269 1
//IdTournes NbColis
12 6
//IdColis IdCommandeInColis NbProducts IdProd1 QtyProd1 IdProd2 QtyProd2 ...
119 32 20 11 1 210 1 218 1 181 1 212 1 177 1 242 1 5 1 14 1 32 1 97 1 47 1 52 1 55 1 444 1 215 1 222 1 16 1 25 1 263 1
121 33 23 39 1 218 1 177 1 212 1 242 1 22 1 5 1 14 1 97 1 47 1 52 1 215 1 222 1 16 1 25 1 203 1 263 1 266 1 321 1 45 1 216 1 46 1 273 1
123 34 24 437 1 210 1 218 1 177 1 242 1 21 1 5 1 14 1 434 1 97 1 47 1 52 1 215 1 222 1 24 1 25 1 380 1 263 1 266 1 423 1 102 1 216 1 7 1 360 1
128 37 24 210 1 218 1 177 1 212 1 314 1 242 1 21 1 5 1 14 1 32 1 47 1 117 1 55 1 215 1 16 1 25 1 317 1 219 1 220 1 264 1 266 1 45 1 504 1 269 1
132 39 18 39 1 40 1 212 1 449 1 97 1 452 1 448 1 46 1 188 1 453 1 365 1 467 1 461 1 451 4 360 1 371 2 466 1 375 1
1 1 17 8 1 166 1 210 1 556 1 218 1 499 1 357 1 177 1 298 1 301 1 212 1 521 1 230 1 244 1 31 1 305 1 543 1
//IdTournes NbColis
13 6
//IdColis IdCommandeInColis NbProducts IdProd1 QtyProd1 IdProd2 QtyProd2 ...
4 1 32 560 1 555 1 295 1 203 1 328 1 313 1 299 1 302 1 145 1 513 1 263 1 266 1 125 1 294 1 563 1 307 1 557 1 20 1 29 1 128 1 42 1 147 1 154 1 155 1 102 1 174 1 287 1 288 1 216 1 217 1 519 1 7 1
5 1 37 224 1 374 1 558 1 245 1 546 1 7 1 17 1 27 1 28 2 77 1 141 1 43 1 240 1 322 1 19 1 59 1 442 1 400 1 394 1 561 1 282 1 243 1 559 1 562 2 58 1 208 1 523 1 547 1 78 1 123 1 126 1 370 1 414 1 463 1 572 1 26 1 131 1
29 8 4 48 1 164 2 8 1 101 1
33 9 5 48 1 164 2 8 1 210 1 395 1
37 10 6 48 1 158 1 139 1 8 1 218 1 216 1
45 12 13 66 1 8 1 517 1 210 1 316 1 554 1 218 1 177 1 212 1 242 1 327 1 169 1 183 1
//IdTournes NbColis
14 6
//IdColis IdCommandeInColis NbProducts IdProd1 QtyProd1 IdProd2 QtyProd2 ...
55 15 4 164 2 143 1 8 1 166 1
84 21 5 164 2 143 1 8 1 210 1 273 1
95 23 5 164 2 143 1 8 1 388 1 370 1
97 23 27 220 1 263 1 266 1 379 1 102 1 496 1 216 1 353 1 7 1 27 1 28 1 43 1 354 1 432 1 469 1 243 1 332 1 259 1 58 1 252 1 385 1 269 1 340 1 273 1 41 1 360 1 371 1
103 25 34 525 1 530 1 120 1 110 1 45 1 344 1 46 1 179 1 346 1 216 1 223 1 119 1 77 1 137 1 43 1 345 1 431 2 56 1 537 1 243 1 232 1 100 1 369 1 538 1 539 1 359 1 269 2 368 1 544 1 340 1 348 1 273 1 41 1 267 1
11 3 5 48 1 164 2 11 1 210 1 273 1
//IdTournes NbColis
15 6
//IdColis IdCommandeInColis NbProducts IdProd1 QtyProd1 IdProd2 QtyProd2 ...
64 17 5 164 2 143 1 11 1 210 1 492 1
70 18 5 164 2 133 1 40 1 11 1 324 1
43 11 28 14 1 32 1 47 1 511 1 117 1 55 1 221 1 215 1 16 1 25 1 191 1 195 1 219 1 220 1 203 1 501 1 264 1 266 1 81 1 45 2 213 1 216 1 61 1 27 1 28 1 77 1 43 1 240 1
26 7 25 35 1 97 1 52 1 478 1 55 1 480 1 103 2 482 1 444 1 484 1 47 1 231 1 215 1 24 1 25 1 317 1 219 1 220 1 313 1 264 1 266 1 475 1 271 1 307 1 62 1
16 4 24 38 1 47 1 50 1 511 1 117 1 477 2 512 1 55 1 215 1 16 1 25 1 44 1 191 1 202 1 310 1 220 1 222 1 203 3 263 1 266 1 42 1 45 1 46 1 216 1
57 15 31 231 1 215 1 16 1 25 1 191 1 219 1 220 1 235 1 192 1 196 2 264 1 266 1 197 1 271 1 96 1 155 1 45 1 91 1 80 1 216 1 223 1 260 1 17 1 27 1 175 1 508 2 180 1 234 1 243 1 159 1 256 1
//IdTournes NbColis
16 6
//IdColis IdCommandeInColis NbProducts IdProd1 QtyProd1 IdProd2 QtyProd2 ...
102 25 25 146 1 117 1 55 1 153 1 349 1 355 2 250 1 542 1 215 1 459 1 16 1 25 1 191 1 317 1 219 1 192 1 196 2 526 1 524 1 264 1 266 1 548 1 184 1 520 2 267 1
3 1 25 47 1 151 1 52 1 454 1 168 1 55 1 480 1 249 1 211 1 527 1 122 1 285 1 306 1 329 1 221 1 231 1 215 1 24 1 25 1 44 1 296 1 309 1 310 1 219 1 220 1
23 7 3 139 1 140 2 66 1
68 18 4 139 2 143 1 66 1 375 1
88 22 5 132 1 139 1 164 1 66 1 278 1
71 18 11 134 1 135 1 157 1 518 1 92 1 166 1 312 1 293 1 300 1 481 1 250 1
//IdTournes NbColis
17 6
//IdColis IdCommandeInColis NbProducts IdProd1 QtyProd1 IdProd2 QtyProd2 ...
133 40 13 450 1 388 1 457 1 424 1 49 2 211 1 442 1 282 1 455 1 365 1 360 1 371 1 375 1
24 7 4 158 1 143 2 73 1 388 1
134 41 20 161 1 460 1 459 1 472 1 322 1 332 1 474 1 396 1 399 1 436 1 462 1 360 1 473 1 371 1 465 1 375 1 471 1 398 1 279 1 280 1
79 20 11 170 1 112 1 40 1 210 1 318 1 481 1 181 1 177 1 189 1 212 1 244 1
94 23 5 48 1 158 1 139 1 37 1 375 1
105 26 7 164 2 143 1 456 1 381 1 97 1 454 1 380 1
//IdTournes NbColis
18 6
//IdColis IdCommandeInColis NbProducts IdProd1 QtyProd1 IdProd2 QtyProd2 ...
135 42 23 39 1 40 1 314 1 456 1 97 1 49 1 211 1 458 1 46 1 320 1 43 1 453 1 311 1 463 1 365 1 470 1 468 1 360 1 254 1 464 1 371 1 416 1 375 1
12 3 7 143 1 132 1 139 1 218 1 177 1 406 1 242 1
30 8 7 143 1 132 1 139 1 210 1 218 1 212 1 215 1
34 9 6 143 1 132 1 139 1 485 1 218 2 263 1
54 15 6 48 1 132 1 139 1 167 1 218 1 416 1
63 17 5 48 1 132 1 139 1 39 1 187 1
//IdTournes NbColis
19 5
//IdColis IdCommandeInColis NbProducts IdProd1 QtyProd1 IdProd2 QtyProd2 ...
69 18 5 143 1 48 1 132 1 170 1 253 1
83 21 5 48 1 132 1 139 1 149 1 375 1
106 26 3 48 1 132 1 139 1
89 22 5 164 1 143 1 48 1 40 1 481 1
38 10 8 140 1 164 1 143 1 297 1 177 1 214 1 54 1 338 1
