//NbTournees
9
//IdTournes NbColis
1 6
//IdColis IdCommandeInColis NbProducts IdProd1 QtyProd1 IdProd2 QtyProd2 ...
35 4 6 140 3 22 2 48 1 57 3 256 3 11 1
42 5 6 150 1 140 2 243 1 22 2 48 2 57 4
29 3 9 165 1 166 1 105 1 161 1 22 2 48 1 69 1 108 1 256 2
50 6 8 168 1 169 1 173 1 171 1 243 1 22 2 63 1 48 1
11 2 6 72 1 176 1 150 1 166 1 175 1 22 4
38 4 18 223 2 98 1 99 1 80 1 77 1 149 1 82 2 141 1 143 2 145 3 147 2 75 2 28 3 40 1 42 2 21 1 195 2 191 3
//IdTournes NbColis
2 6
//IdColis IdCommandeInColis NbProducts IdProd1 QtyProd1 IdProd2 QtyProd2 ...
33 3 24 190 1 27 2 207 1 183 1 91 1 188 1 199 2 189 2 204 5 26 2 14 2 117 2 93 3 25 2 23 2 8 1 107 1 185 1 253 1 106 1 160 1 154 1 102 2 163 1
25 2 15 278 1 289 3 14 3 16 3 201 3 298 1 117 2 127 2 81 4 138 1 123 2 25 6 23 6 8 2 185 3
40 4 16 47 1 180 2 199 1 202 1 204 2 278 1 55 1 16 1 138 3 224 1 8 1 100 1 102 2 142 2 146 1 101 1
21 2 12 77 3 80 3 75 3 82 3 174 3 141 1 143 2 147 2 28 3 40 2 42 4 21 2
39 4 23 257 3 282 1 97 2 139 2 53 1 59 1 212 1 229 3 270 1 280 1 29 1 30 1 46 1 121 1 184 1 226 1 227 3 58 1 56 1 283 1 27 3 271 2 50 1
4 1 10 38 2 263 6 258 1 279 3 64 1 182 2 178 3 187 1 181 2 71 1
//IdTournes NbColis
3 6
//IdColis IdCommandeInColis NbProducts IdProd1 QtyProd1 IdProd2 QtyProd2 ...
8 1 22 124 2 47 1 62 2 180 2 188 1 189 1 204 1 278 5 35 1 251 1 255 5 117 2 130 1 294 2 25 3 23 3 167 1 8 2 33 1 43 1 134 1 185 1
58 6 22 244 1 217 1 188 1 199 1 202 2 289 3 26 2 14 3 117 2 94 1 93 4 81 4 25 3 23 3 167 1 33 1 185 1 253 1 8 1 85 2 170 2 68 2
46 5 18 151 1 141 1 143 2 147 2 75 2 82 2 158 1 40 1 42 2 21 2 195 1 191 4 282 1 290 2 257 4 155 2 111 1 193 1
9 1 4 253 1 106 1 170 3 154 2
26 2 7 253 1 288 3 36 2 177 2 100 1 170 2 78 1
47 5 28 51 2 270 2 229 1 296 1 109 1 153 1 156 1 2 2 5 1 34 1 152 1 29 1 46 1 196 1 184 1 273 2 227 1 4 1 13 2 27 2 183 1 271 2 17 1 45 1 50 1 47 1 180 2 199 1
//IdTournes NbColis
4 6
//IdColis IdCommandeInColis NbProducts IdProd1 QtyProd1 IdProd2 QtyProd2 ...
48 5 19 189 1 202 1 204 2 278 1 35 1 201 1 251 1 295 1 14 4 81 1 123 1 8 1 33 2 253 1 157 1 85 1 154 1 102 1 159 1
5 1 14 252 4 259 5 131 2 74 2 92 2 128 2 77 1 132 1 141 1 143 2 147 2 75 2 82 2 84 1
32 3 19 82 1 103 2 141 1 143 2 147 2 21 1 40 1 42 2 206 1 191 2 257 3 264 1 212 1 261 3 13 1 46 3 210 2 211 1 227 3
55 6 18 89 2 92 1 96 2 144 1 37 3 126 1 95 2 77 1 84 2 87 2 88 2 90 2 75 2 82 2 141 1 143 2 172 1 147 1
31 3 20 192 1 203 1 263 1 258 1 65 1 24 1 225 1 200 1 259 1 92 2 144 1 96 1 74 2 89 2 162 1 194 1 262 2 164 2 104 2 82 1
37 4 16 10 3 203 1 192 2 263 1 258 1 279 1 187 1 225 1 281 1 52 2 74 2 89 2 92 2 96 2 144 1 148 1
//IdTournes NbColis
5 6
//IdColis IdCommandeInColis NbProducts IdProd1 QtyProd1 IdProd2 QtyProd2 ...
6 1 17 84 1 90 2 179 2 40 1 42 2 21 2 191 4 264 1 282 1 290 2 257 4 86 1 59 2 53 4 229 2 2 1 163 1
56 6 17 147 1 21 1 28 3 40 1 42 2 195 1 220 2 240 1 191 3 282 1 290 3 264 5 257 3 86 1 215 1 212 2 237 1
54 6 16 263 1 258 1 279 1 65 1 70 1 187 1 214 3 66 2 245 3 246 3 299 1 300 1 71 1 275 2 74 2 83 1
22 2 13 21 1 191 6 257 6 290 3 267 1 73 1 79 3 114 1 51 3 120 4 237 2 270 1 50 1
20 2 11 285 3 259 3 74 3 92 2 269 1 37 3 126 2 112 4 248 3 238 3 77 2
45 5 16 20 2 203 1 192 2 38 1 263 4 258 1 70 1 49 1 187 1 200 1 92 2 74 2 112 1 194 1 198 1 110 1
//IdTournes NbColis
6 6
//IdColis IdCommandeInColis NbProducts IdProd1 QtyProd1 IdProd2 QtyProd2 ...
12 2 4 57 6 241 2 256 6 76 1
19 2 11 182 1 70 2 39 2 231 2 266 4 252 2 286 4 287 2 61 4 250 2 76 1
23 2 15 270 1 296 3 236 1 13 3 46 3 121 2 29 2 184 3 226 4 268 1 227 3 4 4 58 1 115 1 78 1
57 6 19 242 2 270 1 229 5 29 2 46 4 67 1 211 2 222 1 227 3 184 1 13 1 58 1 216 3 271 2 17 1 91 1 50 2 244 1 301 1
15 2 9 234 1 197 2 277 1 254 3 274 1 119 2 209 4 135 2 113 1
1 1 8 243 1 22 2 57 4 63 1 241 2 205 1 256 3 106 1
//IdTournes NbColis
7 6
//IdColis IdCommandeInColis NbProducts IdProd1 QtyProd1 IdProd2 QtyProd2 ...
7 1 17 5 1 34 1 129 1 4 2 30 1 46 1 67 4 184 4 227 4 293 3 115 3 190 2 1 1 183 1 186 2 50 2 124 2
24 2 17 115 1 122 4 12 1 17 2 125 1 137 2 183 1 249 3 271 4 50 1 124 2 233 2 62 3 188 2 189 2 204 3 278 2
14 2 8 11 1 54 3 116 1 118 1 136 2 232 3 218 2 234 3
52 6 12 218 1 219 1 118 1 274 3 254 1 11 3 6 1 32 1 19 2 44 1 291 1 29 1
51 6 9 69 3 221 1 241 2 256 4 228 1 265 1 41 1 218 1 64 1
18 2 7 297 5 38 6 263 3 258 1 15 3 182 2 39 1
//IdTournes NbColis
8 6
//IdColis IdCommandeInColis NbProducts IdProd1 QtyProd1 IdProd2 QtyProd2 ...
43 5 10 205 1 256 5 7 1 228 1 272 1 292 1 11 2 31 1 41 1 197 1
44 5 9 197 1 254 1 6 3 19 1 32 2 44 1 3 3 10 4 20 2
17 2 6 230 2 20 6 239 6 192 3 203 2 297 1
16 2 8 135 1 235 4 18 2 60 1 247 3 3 4 10 2 230 2
30 3 11 256 2 213 1 11 1 19 1 208 2 209 1 260 1 3 2 20 3 10 3 64 1
13 2 6 256 1 276 3 228 3 265 3 6 2 11 3
//IdTournes NbColis
9 4
//IdColis IdCommandeInColis NbProducts IdProd1 QtyProd1 IdProd2 QtyProd2 ...
36 4 10 256 1 228 1 11 4 41 1 54 1 254 1 6 1 3 2 20 4 10 1
2 1 9 256 2 276 2 7 1 284 2 272 1 292 1 6 1 9 1 11 4
3 1 10 41 1 133 1 254 1 19 1 3 3 10 4 20 4 192 2 203 1 38 1
53 6 8 291 1 20 4 203 1 192 2 3 2 10 4 38 1 263 5
