//NbTournees
26
//IdTournes NbColis
1 6
//IdColis IdCommandeInColis NbProducts IdProd1 QtyProd1 IdProd2 QtyProd2 ...
1 1 21 365 2 25 1 26 1 11 1 15 1 340 2 5 1 12 1 13 1 24 1 379 1 570 1 9 1 17 1 323 3 371 1 372 1 62 1 63 1 270 1 18 1
4 2 23 514 1 709 1 25 1 26 1 11 1 15 1 340 2 31 1 13 1 300 1 396 1 405 1 708 1 35 1 303 1 423 2 62 1 63 1 270 1 371 1 372 1 14 1 338 1
7 3 24 456 1 25 1 26 1 15 1 340 2 41 1 42 1 5 1 46 1 24 1 58 1 213 1 255 1 396 1 50 1 51 1 738 1 423 2 88 1 62 1 63 1 270 1 737 1 349 1
10 4 21 456 1 25 1 26 1 15 1 473 2 11 1 340 2 42 1 5 1 24 1 55 1 396 1 255 1 51 1 50 1 53 1 17 1 54 2 435 1 411 1 352 1
13 5 27 25 1 26 1 442 1 15 1 424 1 449 1 440 1 414 1 455 1 58 1 396 1 56 1 51 1 50 1 62 1 63 1 270 1 371 1 372 1 45 1 60 1 1 1 7 1 57 1 64 1 65 1 386 1
16 6 17 603 2 456 1 25 1 26 1 498 1 606 1 15 1 340 3 605 1 5 1 70 1 75 1 497 1 255 1 607 1 17 1 45 1
//IdTournes NbColis
2 6
//IdColis IdCommandeInColis NbProducts IdProd1 QtyProd1 IdProd2 QtyProd2 ...
20 7 22 25 1 26 1 11 1 15 1 78 1 41 1 24 1 255 1 58 1 396 1 537 1 51 1 82 1 17 1 435 1 35 1 81 1 62 1 63 1 270 1 371 1 609 1
23 8 23 26 1 650 1 442 1 11 1 15 1 340 2 83 2 51 1 50 1 90 1 54 1 423 2 88 1 270 1 267 1 62 1 63 1 14 1 89 1 1 1 49 1 27 1 84 1
26 9 18 99 1 365 1 25 1 15 1 95 1 340 2 41 1 96 1 13 1 5 1 245 1 263 2 42 2 380 1 390 1 394 1 396 1 35 1
30 10 22 456 1 25 1 26 1 442 1 15 1 11 1 340 2 107 1 31 1 5 1 58 1 396 1 51 1 109 1 50 1 108 1 303 1 423 2 88 1 62 1 63 1 270 1
34 11 22 17 1 54 2 195 1 323 1 88 1 62 1 63 1 270 2 267 1 14 1 110 1 8 1 60 2 526 1 1 1 27 2 29 1 48 2 479 1 64 1 65 1 87 1
37 12 22 111 1 157 1 340 2 41 1 42 1 70 1 5 1 266 1 413 1 396 2 56 1 405 1 90 1 17 1 54 2 323 2 67 1 62 1 63 1 93 1 357 1 349 1
//IdTournes NbColis
3 6
//IdColis IdCommandeInColis NbProducts IdProd1 QtyProd1 IdProd2 QtyProd2 ...
42 13 26 54 2 9 1 708 1 323 2 88 1 62 1 63 2 619 2 267 1 105 1 125 1 131 1 137 1 73 1 121 1 60 1 8 1 567 1 117 1 1 1 49 1 48 2 233 1 357 1 338 1 545 1
45 14 21 111 1 489 1 442 1 196 1 138 1 424 1 449 1 440 1 414 1 455 1 605 4 41 1 140 1 42 1 142 1 283 1 5 1 396 1 90 1 54 1 392 1
49 15 21 539 1 716 1 111 1 11 1 483 2 340 1 42 1 275 1 263 1 13 1 70 1 255 1 413 1 405 1 90 1 53 1 54 2 143 1 323 2 145 1 313 1
53 16 18 111 1 138 1 157 1 264 2 340 2 24 1 41 1 42 2 46 2 13 1 263 1 213 1 404 1 396 1 405 1 90 1 54 1 400 1
59 17 24 413 1 212 1 481 2 90 1 53 1 17 1 54 1 195 1 435 1 143 1 323 3 88 1 62 1 63 1 270 2 371 1 457 1 155 1 117 1 681 1 540 1 150 1 27 1 426 1
64 18 22 54 1 195 1 143 1 421 1 422 3 423 1 88 1 62 1 63 2 270 2 267 1 258 1 121 1 117 1 237 1 48 2 281 1 64 1 65 1 7 1 341 1 397 1
//IdTournes NbColis
4 6
//IdColis IdCommandeInColis NbProducts IdProd1 QtyProd1 IdProd2 QtyProd2 ...
149 42 23 25 1 26 1 11 1 15 1 340 2 299 1 300 1 41 1 5 1 751 1 193 1 24 1 435 1 90 1 17 1 422 1 423 2 88 1 62 1 63 1 270 1 426 1 349 2
152 43 23 456 1 25 1 26 1 11 1 15 1 693 1 340 2 58 1 255 1 396 1 31 1 211 1 24 1 51 1 50 1 435 1 90 1 17 1 423 2 62 1 63 1 270 1 349 1
155 44 22 456 1 25 1 26 1 11 1 15 1 138 1 340 2 497 1 5 1 214 1 13 1 24 1 447 1 176 1 54 1 305 1 423 2 62 1 63 1 270 1 267 1 357 1
159 45 25 423 2 371 1 81 1 62 1 63 1 270 1 258 1 89 1 155 1 39 2 178 1 117 1 370 1 64 1 65 1 52 1 7 1 228 1 748 1 27 1 115 1 462 1 59 1 257 1 351 1
163 46 25 303 1 323 2 371 1 372 1 62 1 63 1 270 2 60 2 224 1 131 1 121 1 159 1 577 1 64 1 65 1 7 1 228 2 57 1 52 1 748 1 181 1 241 1 27 2 357 1 349 1
174 51 20 456 1 25 1 26 1 11 1 15 1 455 2 340 2 524 2 724 1 41 1 42 1 5 1 13 1 24 1 83 1 487 1 421 1 423 2 62 1 336 1
//IdTournes NbColis
5 6
//IdColis IdCommandeInColis NbProducts IdProd1 QtyProd1 IdProd2 QtyProd2 ...
39 12 57 28 1 23 2 122 1 123 1 124 1 69 1 4 1 98 1 101 1 168 1 116 1 47 1 119 1 316 3 339 3 331 1 353 1 369 1 312 1 313 1 314 2 318 2 76 3 120 1 350 1 416 1 430 1 100 1 97 1 464 1 472 1 261 1 2 1 358 1 344 2 364 2 470 1 471 1 343 1 466 1 469 1 465 2 366 1 359 1 468 1 377 2 383 2 342 1 376 1 352 1 345 1 433 1 328 1 375 1 374 3 382 1 360 1
47 14 45 52 2 692 3 115 1 257 1 59 2 284 3 381 1 341 1 351 1 28 1 124 2 6 1 4 1 426 1 357 1 16 1 47 1 346 1 339 4 399 1 316 3 461 1 282 1 353 1 3 1 444 1 19 1 312 1 313 1 314 2 356 2 22 2 437 1 350 1 430 1 66 1 280 3 368 1 2 1 358 1 344 1 364 2 343 1 366 1 345 1
51 15 54 115 1 257 1 276 1 87 2 146 1 676 1 381 1 103 1 341 1 351 1 122 1 124 1 23 1 262 1 247 1 69 1 4 1 98 1 168 1 536 1 116 3 346 1 316 3 339 3 32 1 353 1 369 1 312 1 314 2 318 2 144 1 76 1 22 2 430 1 350 1 100 1 97 1 458 1 261 1 274 1 358 1 364 2 344 1 347 1 343 1 373 2 359 1 361 1 671 2 383 1 342 1 474 1 352 1 330 1
55 16 38 233 1 7 1 228 1 145 1 93 1 251 1 115 1 87 2 401 1 286 1 407 3 381 1 103 1 92 2 398 1 351 1 122 1 151 1 23 1 124 1 262 1 69 1 98 3 4 1 409 2 168 1 408 1 357 1 47 1 339 3 399 1 316 3 412 1 32 1 38 1 353 2 391 1 406 1
60 17 32 27 1 52 2 64 1 65 1 7 1 173 2 228 1 145 1 93 1 115 1 257 1 59 2 290 3 463 1 381 1 92 1 341 2 538 1 351 1 124 1 122 1 123 1 28 1 23 1 69 1 130 1 101 1 116 1 47 1 346 2 339 4 313 1
67 19 19 456 1 111 1 138 2 157 2 135 1 414 1 340 2 154 1 55 2 13 1 70 1 5 1 413 1 420 1 255 1 405 1 90 1 17 1 320 1
//IdTournes NbColis
6 6
//IdColis IdCommandeInColis NbProducts IdProd1 QtyProd1 IdProd2 QtyProd2 ...
69 19 55 415 1 145 1 251 2 115 1 257 1 87 1 271 1 381 1 92 1 341 3 351 1 28 2 124 1 23 1 6 1 262 1 247 1 69 1 4 1 130 1 116 1 339 3 316 3 32 1 353 1 391 1 369 1 312 1 313 1 314 2 318 2 22 2 144 1 76 1 350 2 416 1 430 1 100 1 97 1 20 1 378 1 261 1 368 1 79 1 272 1 274 1 358 1 344 1 364 2 347 1 343 1 417 1 366 1 324 1 349 1
74 20 57 124 2 6 1 238 1 247 1 28 1 4 2 166 1 37 3 47 1 339 3 316 4 38 1 167 1 697 2 618 1 499 1 19 1 312 2 313 2 314 4 318 4 162 1 163 2 10 1 144 1 33 1 556 1 430 1 416 1 326 1 18 2 20 2 573 1 620 1 261 1 550 1 368 1 523 1 2 1 21 1 272 2 594 1 358 2 309 1 666 1 344 1 496 1 502 1 434 1 364 4 347 1 466 1 548 1 417 1 562 1 469 1 663 1
79 21 39 477 1 692 3 115 1 546 1 59 2 257 1 381 1 463 1 691 1 341 9 351 1 124 1 23 1 122 1 262 1 4 1 98 2 443 2 168 1 336 1 116 1 47 1 346 1 339 3 316 3 353 1 3 1 369 1 312 1 313 1 314 2 356 2 163 1 170 1 144 1 76 1 437 1 350 1 375 1
166 47 23 307 2 741 1 440 1 500 1 210 1 211 1 191 1 193 1 192 1 200 1 380 1 253 1 505 1 197 1 504 1 204 1 506 1 739 1 203 2 198 1 281 1 124 1 312 1
82 22 34 131 1 178 1 586 1 332 1 117 1 273 1 306 1 640 1 27 1 7 1 173 1 64 1 65 1 48 1 281 1 563 1 87 1 665 1 257 1 582 1 730 1 393 1 503 1 732 1 6 1 4 1 522 1 443 1 426 1 544 1 357 1 86 1 521 1 397 1
2 1 35 14 1 8 1 370 2 602 1 1 1 7 1 27 1 29 1 57 1 64 1 65 1 257 1 59 1 341 1 351 2 6 1 23 2 28 1 4 1 601 2 357 1 16 1 581 1 346 1 316 3 354 1 339 4 335 2 337 3 353 1 3 1 19 2 369 1 367 1 352 1
//IdTournes NbColis
7 6
//IdColis IdCommandeInColis NbProducts IdProd1 QtyProd1 IdProd2 QtyProd2 ...
5 2 34 199 1 39 2 40 2 8 1 34 1 1 1 29 1 7 1 27 1 57 1 568 1 64 1 65 1 59 1 257 1 566 1 381 1 341 1 351 1 6 1 28 1 4 1 431 1 16 1 37 1 346 1 316 3 339 4 32 1 38 1 353 1 3 1 36 2 349 1
8 3 29 267 1 45 1 569 1 39 2 40 2 567 1 279 1 1 1 44 2 49 1 43 1 29 1 48 1 65 1 7 1 233 1 568 1 64 1 566 1 87 1 286 1 381 1 516 1 341 1 351 1 28 1 6 1 560 1 349 1
11 4 26 423 2 371 1 372 1 62 1 63 1 270 2 14 1 89 1 8 1 478 1 1 1 29 1 52 2 27 2 64 1 65 1 7 1 477 1 59 2 257 1 381 1 341 1 351 1 28 1 476 1 349 1
17 6 29 435 1 77 1 423 1 67 1 371 1 372 1 62 1 63 1 270 1 60 1 73 1 602 1 1 1 29 1 7 1 27 1 57 1 281 1 64 1 65 1 495 2 257 1 59 1 71 2 381 1 68 1 341 1 351 1 426 1
21 7 42 14 1 610 1 1 1 27 1 52 1 7 1 29 1 64 1 65 1 608 1 401 1 257 1 59 1 6 1 4 1 37 1 609 1 579 1 337 1 450 1 3 1 19 1 356 1 312 1 313 1 348 1 22 2 80 1 18 1 20 1 2 1 79 1 21 1 358 1 364 1 384 1 359 1 377 1 342 1 474 1 374 2 382 1
24 8 48 29 1 7 1 64 1 65 1 48 1 649 2 85 1 87 1 257 1 522 1 443 1 357 1 86 2 521 1 346 1 339 2 520 1 337 2 450 2 648 1 369 1 312 1 313 1 348 2 356 2 33 1 350 1 430 1 620 1 378 1 368 1 2 1 79 1 594 1 358 1 344 1 364 2 347 1 366 1 359 1 361 1 377 2 383 1 321 1 647 3 374 2 382 2 386 1
//IdTournes NbColis
8 6
//IdColis IdCommandeInColis NbProducts IdProd1 QtyProd1 IdProd2 QtyProd2 ...
31 10 37 371 1 14 1 301 1 39 2 8 1 1 1 27 1 29 1 52 1 7 1 64 1 65 1 710 1 59 1 257 1 401 1 381 1 395 1 341 1 351 1 28 1 6 1 4 1 357 1 37 1 47 1 316 2 579 1 339 3 32 1 335 2 337 3 353 1 3 1 19 1 369 1 312 1
85 23 27 270 2 62 1 63 1 371 1 14 1 8 1 567 1 721 1 1 1 27 2 52 2 7 1 181 1 29 1 64 1 65 1 59 1 628 1 257 1 381 1 179 1 516 1 351 1 28 2 6 1 4 1 328 1
88 24 36 267 1 457 1 89 1 155 1 121 1 183 1 117 1 453 1 220 1 27 1 48 1 29 1 7 1 228 1 64 1 65 1 451 1 115 1 257 1 582 1 381 1 341 1 351 1 28 1 6 1 4 1 452 1 336 1 431 1 578 1 16 1 37 1 47 1 581 1 346 1 331 1
91 25 24 532 1 396 1 58 1 50 1 185 1 533 1 35 1 423 2 611 1 371 1 372 1 62 1 63 1 270 1 14 1 199 1 39 2 1 1 7 1 57 1 29 1 27 1 64 1 341 1
95 26 51 7 1 65 1 29 1 27 1 64 1 186 1 59 1 257 1 381 1 516 1 6 1 123 1 4 1 452 2 443 1 166 1 431 1 86 1 47 1 521 1 346 1 316 2 339 2 644 1 520 1 335 2 337 2 444 1 19 1 312 1 313 1 348 2 356 2 22 1 475 1 642 1 437 1 513 1 20 1 358 1 364 2 389 1 359 1 377 2 321 2 646 1 345 1 589 2 328 1 374 2 386 1
98 27 23 371 1 372 1 62 1 63 1 270 2 14 1 457 1 419 1 592 1 297 1 593 1 150 1 1 1 7 1 190 2 29 1 27 2 64 1 65 1 495 1 59 2 381 1 349 1
//IdTournes NbColis
9 6
//IdColis IdCommandeInColis NbProducts IdProd1 QtyProd1 IdProd2 QtyProd2 ...
150 42 41 371 1 298 1 428 1 45 1 8 1 60 1 1 1 64 1 65 1 29 1 52 1 7 1 27 1 59 1 257 1 381 1 341 1 351 1 6 1 4 1 336 1 426 1 431 2 37 1 47 1 346 1 316 3 339 3 331 1 134 2 167 1 38 1 335 2 337 3 353 1 3 1 19 1 369 1 312 1 313 1 352 1
153 43 39 371 1 372 1 298 1 14 1 8 1 273 1 1 1 64 1 65 1 29 1 7 1 57 1 27 1 59 1 257 1 381 1 351 1 6 1 28 1 4 1 166 1 357 1 37 1 346 1 316 3 339 4 335 2 337 3 353 1 3 1 19 1 369 1 312 1 313 1 348 2 356 2 10 1 72 1 144 1
156 44 39 88 1 199 1 45 1 8 1 60 1 306 1 1 1 64 1 65 1 29 1 233 1 7 1 48 1 87 1 286 1 381 2 691 1 341 1 351 1 6 1 452 1 47 1 346 1 316 3 339 4 134 1 335 2 337 3 353 1 3 1 19 1 369 1 312 1 313 1 314 2 356 2 74 2 368 1 349 1
175 51 41 63 1 270 1 267 1 88 1 725 1 14 1 8 1 1 1 64 1 65 1 7 1 48 1 27 1 29 1 87 1 257 1 480 2 381 1 341 1 351 1 6 1 28 1 4 1 357 3 346 1 316 2 339 2 331 1 353 1 3 1 19 1 750 1 369 1 312 1 313 1 314 2 356 2 74 1 156 1 328 1 349 1
83 22 58 37 1 346 1 412 1 339 2 316 2 167 1 520 1 335 2 337 2 444 1 19 1 312 1 313 1 348 1 356 1 10 1 416 1 437 1 556 1 174 1 18 1 523 1 21 1 664 1 387 1 358 1 364 1 434 1 384 1 660 1 429 1 627 1 663 1 590 1 548 1 417 1 466 1 661 1 662 1 465 1 541 1 359 1 468 1 377 1 552 1 554 1 680 1 402 1 363 1 634 1 615 1 558 2 733 1 551 1 321 1 646 1 328 1 374 2
86 23 41 452 1 182 1 357 1 47 1 346 1 316 2 339 3 32 1 335 2 337 2 353 1 3 1 19 1 369 1 720 1 312 1 313 1 314 2 356 2 10 1 74 1 416 1 430 1 350 1 20 1 523 1 594 1 358 1 364 2 625 1 347 1 343 1 627 1 359 1 377 2 342 1 376 1 374 3 382 1 360 1 349 3
//IdTournes NbColis
10 6
//IdColis IdCommandeInColis NbProducts IdProd1 QtyProd1 IdProd2 QtyProd2 ...
101 28 19 307 6 196 1 191 1 192 1 193 1 200 1 24 1 202 1 5 1 195 1 197 1 323 2 194 1 199 1 204 1 201 1 110 1 332 1 312 1
103 29 16 685 1 157 1 645 1 473 6 206 1 191 1 193 2 200 1 208 1 210 1 211 2 202 1 684 1 687 1 423 1 168 1
105 30 21 455 1 191 1 193 1 192 1 213 1 214 1 70 1 200 1 210 1 211 1 202 1 154 2 216 1 637 1 543 1 638 1 212 2 109 1 215 1 336 1 629 1
108 31 20 670 1 111 1 340 2 42 1 217 1 211 1 24 1 263 1 5 1 13 1 70 1 413 1 51 1 90 2 143 1 303 2 88 1 62 1 63 1 121 1
112 32 16 456 2 473 6 192 1 31 1 5 1 191 1 193 1 200 1 12 1 13 1 211 1 41 2 669 1 56 1 195 1 220 1
168 48 25 473 6 5 1 211 1 191 1 193 1 13 1 200 1 212 1 82 1 180 1 204 1 194 1 205 1 203 1 198 1 333 4 337 2 450 2 369 1 312 1 313 1 348 2 356 2 342 1 322 3
//IdTournes NbColis
11 6
//IdColis IdCommandeInColis NbProducts IdProd1 QtyProd1 IdProd2 QtyProd2 ...
170 49 22 473 6 210 1 191 1 193 1 211 1 200 1 180 1 511 1 510 1 507 1 457 1 204 1 278 2 205 1 508 1 512 1 203 1 198 1 102 1 509 1 591 1 319 1
116 33 40 453 1 27 2 65 1 228 1 57 2 64 1 7 1 115 1 59 2 257 1 290 1 381 1 341 1 351 1 4 1 357 1 37 1 226 2 285 1 346 1 339 4 316 3 223 1 227 1 32 1 353 1 3 1 444 2 19 1 369 1 312 1 313 1 314 2 318 2 225 1 74 2 144 1 76 1 10 1 736 1
41 13 18 539 1 26 1 111 1 498 1 442 2 138 2 11 1 135 1 440 1 340 2 5 1 249 1 41 1 255 1 396 1 51 1 126 2 624 1
9 3 38 452 1 357 1 47 1 690 1 346 1 339 2 316 2 32 1 335 2 337 2 353 1 3 1 19 1 369 1 312 1 313 1 348 2 356 2 10 1 416 1 430 1 350 1 2 1 21 1 358 1 364 2 343 1 347 1 377 2 359 1 383 2 376 1 342 1 328 1 374 2 382 1 360 1 392 1
35 11 51 7 1 87 1 257 1 341 1 351 1 28 1 6 1 4 1 113 2 336 1 37 1 346 1 316 3 339 4 32 1 353 1 3 1 114 1 19 1 369 1 312 1 313 1 314 2 356 2 74 1 350 1 416 1 430 1 20 1 368 1 21 1 358 1 344 1 364 2 347 1 343 1 366 1 359 1 361 1 377 2 383 1 376 1 352 1 345 1 375 1 433 1 328 1 374 3 360 1 392 1 349 1
44 13 41 38 1 248 1 353 1 136 1 232 1 312 1 313 1 314 2 318 2 30 1 127 1 74 2 10 1 33 1 621 1 350 1 20 1 2 1 79 1 622 1 358 1 344 1 364 2 343 1 347 1 359 1 361 1 671 2 383 2 342 2 376 1 474 1 328 1 345 1 712 1 375 2 362 1 374 2 382 1 360 1 349 2
//IdTournes NbColis
12 6
//IdColis IdCommandeInColis NbProducts IdProd1 QtyProd1 IdProd2 QtyProd2 ...
94 26 26 25 1 26 1 11 1 645 1 641 1 58 1 46 1 41 1 5 1 487 1 423 1 88 1 270 1 62 1 371 1 63 1 14 1 8 1 60 1 643 1 187 1 640 2 1 1 639 1 52 1 522 1
119 34 52 64 1 65 1 229 1 27 1 477 2 115 1 59 1 393 2 484 1 257 1 446 1 480 1 381 2 341 1 351 1 6 1 28 1 4 1 357 1 16 1 346 1 339 3 316 3 134 1 32 1 335 2 337 3 353 1 3 1 19 1 369 1 312 1 313 1 314 2 356 2 350 1 430 1 20 1 368 1 2 1 21 1 302 1 358 1 344 1 364 2 343 1 366 1 359 1 361 1 377 2 352 1 392 1
123 35 46 316 1 339 4 32 1 335 2 337 3 353 1 3 1 444 1 231 1 19 1 232 1 312 1 313 1 348 1 314 1 356 2 33 1 430 1 437 1 350 1 416 1 368 1 550 1 2 1 21 1 358 1 344 1 364 2 347 1 343 1 366 1 389 1 359 1 361 1 377 2 614 1 342 1 433 1 328 1 345 1 375 1 374 3 382 1 360 1 392 1 349 2
126 36 55 59 1 295 1 257 1 446 1 123 1 28 1 247 1 4 1 443 1 357 1 16 1 37 1 47 1 346 1 339 3 579 3 32 1 335 1 337 3 450 1 353 1 3 1 19 1 312 1 313 1 314 2 356 2 76 1 10 1 587 1 437 1 350 1 416 1 430 1 378 1 368 1 2 1 21 1 358 1 344 1 364 2 347 1 584 1 438 1 366 1 359 1 361 1 377 2 439 1 352 1 345 1 375 1 433 1 328 1 374 2
129 37 21 63 1 270 2 14 1 258 1 236 2 297 1 1 1 233 2 48 2 7 1 64 2 65 1 87 2 295 1 286 2 276 1 393 1 503 1 616 1 357 1 718 1
130 37 49 656 1 381 3 341 1 351 1 6 1 28 1 4 1 37 1 609 3 32 1 38 1 337 3 450 2 353 1 3 1 235 1 19 1 312 1 313 1 348 2 356 2 127 2 74 2 10 1 350 1 475 2 416 1 430 1 18 1 368 1 296 1 358 1 344 1 364 2 347 1 343 1 366 1 359 1 361 1 377 2 383 2 717 1 352 1 345 1 719 1 374 2 360 1 392 1 349 2
//IdTournes NbColis
13 6
//IdColis IdCommandeInColis NbProducts IdProd1 QtyProd1 IdProd2 QtyProd2 ...
135 38 37 87 2 276 1 286 1 656 1 462 3 84 3 381 1 463 3 92 1 310 1 351 1 238 1 23 1 122 1 247 1 69 2 262 1 4 1 98 1 706 1 168 1 130 1 536 1 357 1 47 1 346 1 316 3 339 3 32 1 293 1 353 1 369 1 313 1 314 2 318 2 312 1 621 1
6 2 39 19 1 369 1 312 1 313 1 314 2 356 2 30 1 22 2 33 1 350 1 430 1 642 1 20 1 378 1 368 1 2 1 272 1 302 1 387 1 358 1 344 1 364 2 584 1 347 1 548 1 366 1 359 1 361 1 377 2 342 1 352 1 433 1 345 1 328 1 375 1 374 3 382 1 360 1 349 1
32 10 39 313 1 314 2 356 2 22 1 10 1 33 1 350 1 416 1 430 1 18 1 20 1 66 1 378 1 368 1 523 1 2 1 21 1 302 1 358 1 344 1 364 2 343 1 460 1 366 1 711 2 359 1 361 1 377 2 376 1 352 1 345 1 433 1 328 1 375 1 647 1 374 2 360 1 392 1 349 2
63 18 19 456 1 157 1 138 1 424 1 340 4 24 1 41 2 42 1 46 1 158 1 263 1 288 1 13 1 396 1 425 2 570 1 90 2 423 1 392 1
128 37 19 456 1 26 1 442 2 340 2 41 1 31 1 234 1 192 1 13 1 255 1 17 2 90 2 195 1 494 1 323 2 88 2 62 1 63 1 60 1
172 50 28 514 1 340 2 24 1 41 1 517 1 12 1 255 1 90 1 423 2 371 1 372 1 519 1 62 1 727 1 518 1 64 1 190 1 27 1 7 1 729 1 59 1 257 1 516 1 6 1 452 1 431 1 734 1 386 1
//IdTournes NbColis
14 6
//IdColis IdCommandeInColis NbProducts IdProd1 QtyProd1 IdProd2 QtyProd2 ...
71 20 16 555 1 539 1 111 1 25 1 164 1 138 1 160 2 340 2 605 2 140 1 161 2 42 2 5 1 245 1 24 1 50 1
162 46 17 574 1 485 1 456 1 239 1 747 1 160 1 340 2 255 1 41 1 5 1 96 1 142 1 24 1 487 1 56 1 303 1 352 1
124 36 23 445 1 111 1 442 1 157 1 138 1 441 1 424 1 449 1 440 1 414 1 455 1 41 1 161 1 5 1 13 1 24 1 396 1 58 1 213 1 255 1 585 1 6 1 386 1
56 16 38 369 1 312 1 313 1 314 2 318 2 144 1 76 1 152 1 22 2 350 2 430 1 97 1 573 1 261 1 272 1 274 1 358 1 344 1 403 1 364 2 343 1 347 1 366 1 359 1 361 1 377 2 658 1 383 2 402 4 376 1 352 1 345 1 375 1 433 1 374 2 360 1 392 2 349 2
102 28 36 205 1 203 1 198 1 334 1 186 1 310 1 311 1 23 1 336 1 316 3 339 3 331 1 333 5 335 2 337 3 313 1 314 2 318 2 10 1 144 1 326 1 308 1 309 1 317 1 327 1 324 1 321 1 315 1 328 1 319 1 322 3 330 3 325 1 338 1 329 1 320 1
46 14 21 17 1 143 1 421 3 88 1 62 1 63 1 270 2 371 1 121 1 117 1 139 1 141 1 44 3 27 2 281 1 64 1 65 1 7 1 228 1 488 1 352 1
//IdTournes NbColis
15 6
//IdColis IdCommandeInColis NbProducts IdProd1 QtyProd1 IdProd2 QtyProd2 ...
50 15 22 88 1 62 1 63 2 267 1 270 2 148 1 149 1 121 1 117 1 668 1 44 1 27 2 48 2 64 1 65 1 7 1 228 1 93 1 147 1 715 3 689 3 477 1
18 6 57 351 2 28 1 6 1 69 1 4 1 426 1 16 1 37 1 47 1 346 1 339 4 316 3 331 1 353 1 3 1 499 1 19 1 369 1 312 1 313 1 314 2 356 2 72 1 74 1 76 1 437 2 350 1 416 1 430 1 20 1 368 1 21 1 308 1 358 1 344 1 496 2 364 2 343 1 347 1 604 1 366 1 359 1 361 1 377 2 383 2 342 2 376 1 352 1 345 1 375 1 433 1 328 1 374 3 382 2 360 2 392 1 349 2
33 11 20 456 1 111 1 25 1 442 1 340 2 42 1 112 1 24 1 394 2 396 2 5 1 527 2 13 1 109 1 425 1 405 2 53 1 323 1 381 1 349 1
43 13 35 233 1 7 1 228 1 64 1 65 1 467 1 129 1 132 1 133 1 251 1 115 1 87 2 623 1 286 1 276 1 84 1 128 1 381 1 341 2 351 1 28 1 69 1 98 1 4 2 130 2 491 1 16 1 47 2 346 1 316 3 339 3 134 1 250 1 252 1 369 1
87 24 22 456 1 111 1 138 1 455 2 340 2 41 1 31 1 13 1 112 1 96 1 24 1 396 1 58 1 176 1 50 1 143 1 423 2 88 1 62 1 63 1 270 1 87 1
139 39 56 23 1 122 1 28 1 4 1 491 2 357 1 37 1 16 1 346 1 339 3 579 3 335 2 337 3 353 2 3 1 444 1 19 1 369 1 312 1 313 1 314 2 356 2 74 1 350 1 416 1 430 1 18 1 20 1 596 1 368 1 2 1 594 2 287 1 302 2 358 1 344 1 364 2 343 1 347 1 366 1 373 2 492 1 359 1 361 1 468 1 377 2 383 2 376 1 375 1 433 2 328 1 374 3 382 1 330 1 392 1 349 2
//IdTournes NbColis
16 6
//IdColis IdCommandeInColis NbProducts IdProd1 QtyProd1 IdProd2 QtyProd2 ...
160 45 58 381 1 463 2 68 1 341 1 6 1 28 1 4 1 388 1 336 1 130 2 357 1 16 1 37 1 346 1 316 3 461 1 339 3 335 2 337 3 353 1 3 1 19 1 369 1 312 1 313 1 314 2 356 2 10 1 416 1 430 1 459 1 280 1 749 1 378 1 368 1 523 1 525 1 2 1 21 2 358 1 344 1 364 2 343 1 460 1 366 1 359 1 361 1 377 2 342 1 352 1 345 1 375 1 433 1 328 1 374 2 382 1 392 1 349 2
164 46 63 265 1 59 2 257 1 381 1 341 1 351 1 6 1 28 1 4 1 388 1 409 1 576 1 575 2 16 1 37 1 47 1 346 1 339 4 316 3 38 2 353 1 3 1 400 1 19 1 369 1 312 1 313 1 314 2 318 2 10 1 74 1 350 1 416 1 430 1 80 1 18 1 368 1 79 1 2 1 21 1 358 1 344 1 364 2 347 1 343 1 366 1 389 2 359 1 361 1 377 2 383 2 342 1 376 1 345 1 375 1 433 1 328 1 486 1 374 3 355 7 360 1 392 1 349 1
73 20 29 48 2 233 2 7 1 64 2 65 1 415 1 147 1 129 1 132 1 102 1 93 1 246 1 268 1 509 1 477 2 563 3 608 2 704 1 286 2 87 2 616 1 84 1 463 1 179 1 516 3 311 1 351 1 339 1 560 1
72 20 22 24 1 497 1 255 1 617 1 323 2 88 2 62 2 63 2 619 2 267 1 94 1 89 1 148 1 125 1 8 1 60 1 506 1 117 1 165 1 1 1 49 1 341 1
78 21 22 323 3 371 1 88 1 62 1 63 2 270 2 155 1 60 1 148 1 121 1 370 1 169 2 27 2 52 2 64 1 65 1 7 1 228 1 145 1 572 1 268 1 341 1
97 27 18 539 1 25 1 26 1 442 2 449 3 11 1 483 1 340 2 13 1 189 1 5 1 543 1 263 1 288 1 51 1 188 1 323 2 344 1
//IdTournes NbColis
17 6
//IdColis IdCommandeInColis NbProducts IdProd1 QtyProd1 IdProd2 QtyProd2 ...
110 31 53 87 1 257 1 381 3 92 1 341 2 351 1 23 1 122 1 262 1 130 1 101 1 426 1 544 1 357 1 116 1 581 1 346 1 316 3 339 3 134 2 353 1 369 1 314 2 318 2 312 1 313 1 218 2 74 2 76 1 350 1 100 1 97 1 20 1 256 1 261 1 272 1 274 1 358 1 364 2 344 1 343 1 347 1 359 1 671 2 383 2 376 1 560 1 375 1 374 2 360 1 392 1 320 1 349 2
143 40 64 238 1 23 1 122 1 123 1 262 1 247 1 69 1 4 1 98 1 130 1 168 2 116 1 47 1 339 2 316 3 399 1 38 1 353 1 114 1 242 1 136 1 232 1 312 1 313 1 314 2 356 2 72 1 144 1 76 1 350 1 416 1 621 1 100 1 97 1 261 1 368 1 79 1 272 1 274 1 358 1 470 1 344 2 364 2 343 1 688 1 366 1 389 1 377 2 359 1 361 1 383 2 376 1 321 1 433 1 328 1 345 1 375 1 374 1 330 1 325 1 360 1 392 1 349 1 545 1
167 47 19 503 1 130 1 336 1 166 1 740 1 609 3 579 2 333 4 337 2 450 2 313 1 348 2 356 2 742 1 502 1 454 1 501 1 322 3 330 2
137 39 21 456 1 239 1 340 2 5 1 13 1 142 1 396 1 255 1 598 1 405 1 422 2 494 1 323 2 88 1 371 1 62 1 63 1 270 2 194 2 131 1 352 1
28 9 48 93 2 102 1 268 1 257 1 87 2 385 1 393 1 595 1 106 1 381 1 92 1 103 1 395 1 341 3 23 2 104 1 262 1 98 1 101 1 116 1 346 1 339 3 316 3 335 2 337 3 353 1 391 1 369 1 312 1 313 1 314 2 356 2 74 2 76 1 350 1 416 1 430 1 100 1 97 2 20 1 573 1 261 1 368 1 79 1 387 1 358 1 344 1 360 1
38 12 27 88 1 121 1 117 1 237 1 220 2 27 1 48 2 64 1 65 1 233 1 7 1 228 1 467 3 265 1 115 1 61 1 257 1 87 2 118 1 381 1 92 1 103 1 341 1 351 1 28 1 346 1 349 1
//IdTournes NbColis
18 6
//IdColis IdCommandeInColis NbProducts IdProd1 QtyProd1 IdProd2 QtyProd2 ...
61 17 52 316 3 38 3 353 1 369 1 312 1 314 2 356 2 76 1 153 1 350 1 416 1 683 1 100 1 291 1 97 1 289 1 256 1 378 1 261 1 368 1 387 3 272 1 274 1 304 1 594 1 358 1 344 1 364 2 347 1 584 1 663 1 366 1 377 2 679 1 680 1 359 1 361 2 383 1 342 1 535 1 352 1 375 1 433 1 328 1 345 4 631 1 374 3 382 2 325 1 360 1 392 1 349 2
80 21 37 430 1 416 1 97 1 573 1 256 1 261 1 368 1 79 1 272 1 274 1 358 1 344 1 364 2 343 1 347 1 548 2 688 1 627 1 366 1 389 2 377 2 359 1 361 1 383 1 376 1 352 1 345 1 433 1 328 1 374 3 677 1 382 2 360 1 392 1 386 1 571 1 349 2
136 38 40 76 1 350 1 416 4 97 1 573 1 654 1 261 1 368 1 274 1 358 1 364 2 344 1 343 1 651 1 694 1 660 2 696 1 627 2 417 1 366 1 465 1 359 1 361 1 377 2 383 2 363 1 695 1 342 1 376 1 352 1 560 3 345 1 433 1 328 2 375 1 374 2 382 1 360 1 392 1 349 1
115 33 24 13 1 217 1 565 1 56 1 481 1 435 1 143 1 423 2 371 1 372 1 62 1 63 1 270 2 45 2 105 1 155 1 224 1 121 1 117 1 159 1 237 1 453 1 495 1 536 1
104 29 26 197 1 423 1 207 1 204 1 209 1 205 1 508 1 203 2 198 2 336 1 609 2 579 2 134 1 333 5 337 2 450 2 312 1 313 1 348 2 356 2 350 1 330 2 322 3 329 1 571 1 686 1
109 31 23 63 1 270 2 267 1 89 1 278 2 155 1 117 1 139 1 279 1 181 2 48 2 64 1 65 1 277 1 7 1 233 2 145 1 93 1 251 1 268 1 115 1 87 1 560 1
//IdTournes NbColis
19 6
//IdColis IdCommandeInColis NbProducts IdProd1 QtyProd1 IdProd2 QtyProd2 ...
122 35 33 207 1 301 1 89 1 155 1 39 2 121 1 183 1 117 1 139 1 181 1 27 1 64 1 65 1 7 1 228 1 57 1 115 1 59 1 257 1 566 1 146 1 381 1 341 1 351 1 28 1 6 1 426 1 357 1 37 1 47 1 346 1 316 2 352 1
138 39 25 457 2 258 1 60 1 121 1 159 1 49 1 52 2 7 1 181 1 240 1 241 1 27 2 597 1 64 1 228 1 65 1 493 2 59 2 595 1 257 1 381 1 341 1 351 1 6 1 345 1
27 9 23 396 1 53 1 323 2 62 1 63 1 88 1 267 1 270 2 91 1 94 1 89 1 105 1 155 1 220 1 43 1 27 2 48 2 64 1 65 1 7 1 281 1 388 1 386 1
14 5 50 27 1 59 1 61 1 665 1 257 1 630 1 516 1 28 1 6 1 4 1 452 1 426 1 357 1 37 1 346 1 316 2 339 2 335 2 337 2 353 1 3 1 444 1 19 1 356 2 312 1 313 1 348 2 10 1 22 2 416 1 437 1 350 1 18 1 66 1 2 1 21 1 358 1 666 1 364 2 343 1 347 1 359 1 377 2 376 1 321 1 328 1 374 2 382 1 571 1 476 1
65 18 59 228 1 233 2 115 1 286 1 276 1 87 2 351 1 6 1 23 1 4 1 357 1 37 1 119 1 285 2 346 1 339 3 316 3 134 3 353 1 391 1 19 1 369 1 312 1 313 1 314 2 356 2 76 1 156 1 74 1 10 1 350 3 416 1 430 1 368 1 2 1 21 1 287 1 387 1 358 1 344 1 364 2 347 1 343 1 366 1 389 1 359 1 361 1 377 2 383 1 376 1 352 1 375 1 345 1 433 1 328 1 374 3 382 1 397 1 349 1
92 25 60 65 1 59 1 612 1 257 1 381 1 311 1 351 1 6 1 28 1 4 1 357 1 37 1 346 1 339 3 316 3 353 1 184 1 3 1 19 1 369 1 312 1 356 2 313 1 348 2 10 1 72 1 22 2 144 1 416 1 430 1 350 1 18 1 378 1 368 1 21 1 2 1 358 1 344 1 364 2 470 1 343 1 347 1 429 1 366 1 377 2 359 1 361 1 383 1 342 1 376 1 352 1 345 1 375 1 433 1 328 1 374 2 382 1 360 1 392 1 349 1
//IdTournes NbColis
20 6
//IdColis IdCommandeInColis NbProducts IdProd1 QtyProd1 IdProd2 QtyProd2 ...
99 27 61 257 1 591 3 538 1 351 3 6 1 23 1 28 1 4 1 542 1 544 1 357 2 37 1 47 3 346 1 339 3 461 1 316 3 353 1 3 1 19 1 369 2 312 1 313 1 314 2 318 2 22 2 10 1 350 1 416 1 430 1 18 1 20 1 280 1 368 1 21 4 2 1 387 1 358 1 384 1 364 2 347 1 343 1 429 3 590 1 541 1 366 1 359 1 361 1 377 2 383 1 342 1 376 1 345 1 375 1 589 1 432 1 328 1 501 1 374 2 382 1 360 2
171 49 15 37 1 745 1 609 2 579 2 743 1 333 4 337 2 450 2 312 1 313 1 348 2 356 2 744 1 322 3 330 2
117 33 32 350 1 416 1 430 1 18 1 20 1 378 1 368 1 21 1 302 1 358 1 344 1 364 2 347 1 584 1 366 1 389 1 377 2 361 1 359 1 383 2 342 1 535 1 352 1 345 1 375 1 433 1 328 1 374 3 382 1 360 1 392 1 349 2
147 41 53 190 1 27 1 64 1 7 1 228 1 729 1 728 1 115 1 257 1 259 1 59 1 672 1 238 1 243 1 28 2 6 1 443 1 166 1 726 1 357 1 521 2 346 1 609 1 579 2 339 1 337 2 450 2 353 1 3 1 19 1 369 1 312 1 313 1 348 2 356 2 22 1 674 1 350 1 416 1 437 1 18 1 20 1 256 1 378 1 368 1 302 1 594 1 358 1 344 1 364 2 347 1 343 1 366 1
151 42 33 314 2 356 2 74 1 350 2 416 1 430 1 18 2 368 1 2 1 21 1 358 1 344 1 364 2 434 1 347 1 343 1 427 1 429 1 366 1 359 1 361 1 377 2 383 1 342 1 376 1 345 1 375 1 432 1 433 1 328 1 374 2 360 1 392 1
157 44 30 350 1 416 1 18 1 378 1 713 1 358 1 344 1 364 2 343 1 347 1 366 1 359 1 361 1 377 2 342 1 376 1 646 1 352 1 345 1 433 2 328 1 375 1 374 3 382 1 322 1 360 1 714 1 392 1 349 1 545 1
//IdTournes NbColis
21 6
//IdColis IdCommandeInColis NbProducts IdProd1 QtyProd1 IdProd2 QtyProd2 ...
77 21 19 547 1 539 1 365 1 111 1 489 1 157 1 138 1 483 1 340 2 171 1 413 1 420 1 13 1 70 1 109 1 405 1 570 1 172 1 370 1
12 4 41 6 1 4 1 346 1 316 3 339 4 353 1 3 1 19 1 369 1 312 1 313 1 314 2 318 2 10 1 350 1 475 1 416 1 430 1 378 1 368 1 2 1 21 1 302 1 358 1 364 2 343 1 347 1 366 1 359 1 361 1 377 2 474 2 345 1 375 1 433 1 328 1 374 3 382 1 360 1 392 1 349 1
89 24 40 339 3 579 3 337 3 450 2 3 1 19 1 369 1 312 1 313 1 348 2 356 2 350 1 416 1 430 1 458 1 368 1 2 1 21 1 302 1 358 1 344 1 364 2 347 1 580 1 366 1 359 1 361 1 377 2 383 2 454 1 376 1 352 1 345 1 328 1 375 1 433 1 374 2 382 1 360 1 349 2
173 50 29 522 1 443 1 86 1 521 1 346 1 735 2 579 2 520 1 515 2 450 2 19 1 369 1 312 1 313 1 348 2 356 2 513 1 642 1 736 1 66 1 21 1 358 1 364 2 377 2 359 1 321 1 328 1 374 2 382 1
3 1 41 312 1 313 1 348 2 356 2 10 1 22 2 350 1 416 1 430 1 20 1 378 1 368 1 2 1 21 1 302 1 358 1 344 1 364 2 343 1 347 1 460 1 366 1 373 1 359 1 361 1 377 2 363 1 342 1 376 1 352 1 345 1 375 1 599 1 600 1 433 2 328 1 362 1 374 3 355 1 360 1 349 2
176 51 27 156 1 416 3 20 1 378 1 368 1 302 1 2 1 358 1 344 1 403 2 364 2 347 1 343 1 548 1 366 1 359 1 361 1 377 2 723 3 342 1 376 1 561 1 374 2 382 1 360 1 392 1 349 1
//IdTournes NbColis
22 6
//IdColis IdCommandeInColis NbProducts IdProd1 QtyProd1 IdProd2 QtyProd2 ...
142 40 32 89 1 155 2 137 1 121 1 183 1 117 1 273 1 602 1 48 1 27 1 64 1 65 1 7 1 228 1 93 1 268 1 251 1 265 1 689 1 115 1 257 1 87 1 271 1 393 1 381 1 103 1 92 1 395 1 341 1 351 1 339 1 349 1
145 41 18 111 1 675 1 489 1 254 1 138 1 340 2 41 1 46 3 24 1 255 1 5 1 191 2 42 1 13 1 394 1 396 1 497 1 328 1
146 41 23 50 3 253 1 143 1 494 1 423 3 62 1 270 1 371 1 372 1 727 1 258 1 207 1 244 1 39 2 121 1 40 2 237 1 117 1 673 1 260 1 1 1 704 1 386 1
54 16 20 410 1 659 2 411 1 143 1 323 2 62 1 88 1 63 2 270 2 267 1 258 1 657 1 301 1 139 1 150 1 48 2 64 1 65 1 233 1 341 1
68 19 27 418 1 143 1 77 1 323 2 62 1 63 1 88 1 270 1 267 1 419 1 121 1 60 1 155 1 159 1 117 1 139 1 141 1 602 1 27 1 48 1 64 1 65 1 7 1 228 1 415 1 346 1 320 1
134 38 27 177 1 323 2 294 1 88 1 63 1 619 2 267 1 62 1 89 1 652 1 105 1 155 1 121 1 237 1 233 1 48 2 7 1 228 1 64 1 65 1 93 1 251 1 265 1 268 1 115 1 536 1 349 1
//IdTournes NbColis
23 6
//IdColis IdCommandeInColis NbProducts IdProd1 QtyProd1 IdProd2 QtyProd2 ...
113 32 28 204 1 219 1 194 1 569 1 332 1 205 1 668 1 203 1 198 1 221 1 310 1 609 2 579 2 333 4 337 2 450 2 444 1 356 2 312 1 313 1 348 2 144 1 21 1 383 1 342 1 667 1 330 2 322 3
58 17 16 539 1 25 1 111 1 489 2 442 1 138 1 682 1 414 1 455 1 340 6 154 1 275 1 13 1 70 1 537 1 357 1
81 22 26 111 1 442 1 175 1 138 1 424 1 449 1 455 1 414 1 440 1 41 1 58 1 255 1 731 1 56 1 176 1 487 1 425 1 447 1 177 1 88 1 62 1 267 1 63 1 270 1 28 1 386 1
118 34 23 456 1 111 1 157 1 138 1 483 1 340 2 230 1 41 1 482 1 481 1 143 1 323 2 62 1 371 1 372 1 63 1 270 1 194 2 117 1 52 1 7 1 228 1 381 1
121 35 24 111 1 442 1 138 1 157 1 424 1 449 1 455 1 440 1 414 1 31 1 24 1 78 1 41 1 58 1 396 1 50 2 51 1 143 1 62 1 63 1 270 1 371 1 372 1 4 1
125 36 25 585 1 447 1 212 1 588 1 143 1 371 1 81 1 62 1 63 1 270 1 155 1 121 1 586 1 117 2 52 1 7 1 27 1 436 1 228 1 64 1 65 1 115 1 448 1 583 2 444 1
//IdTournes NbColis
24 6
//IdColis IdCommandeInColis NbProducts IdProd1 QtyProd1 IdProd2 QtyProd2 ...
132 38 16 613 1 531 1 528 1 529 1 530 1 539 1 138 1 264 1 693 1 340 2 41 1 42 1 5 1 24 1 233 1 349 1
133 38 17 78 1 292 1 13 1 263 1 255 1 653 1 655 3 543 1 707 1 396 1 497 1 176 3 212 1 447 1 405 1 143 1 341 1
141 40 21 269 1 111 1 138 1 157 1 41 1 42 1 24 1 5 1 58 1 396 2 497 1 482 1 435 1 143 1 267 1 88 1 62 1 63 1 270 1 690 1 352 1
158 45 17 269 2 456 1 111 1 138 1 340 2 396 1 5 1 58 1 283 1 524 1 41 1 42 1 24 1 447 1 143 1 177 1 360 1
154 43 25 144 1 416 1 430 1 368 1 304 1 2 1 358 1 344 1 364 2 347 1 343 1 366 1 359 1 361 1 377 2 383 2 352 1 345 1 375 1 433 1 328 1 374 3 360 1 392 1 349 1
84 23 18 456 1 25 1 26 1 489 1 442 2 11 1 722 2 340 2 5 1 13 1 24 1 626 1 707 1 180 1 481 1 423 3 88 1 59 1
//IdTournes NbColis
25 6
//IdColis IdCommandeInColis NbProducts IdProd1 QtyProd1 IdProd2 QtyProd2 ...
114 33 15 534 1 445 1 746 1 456 1 111 1 157 1 473 1 424 2 414 1 340 2 222 1 24 1 5 1 564 1 6 1
90 25 15 528 1 529 1 530 1 531 1 613 1 456 1 25 1 26 1 11 1 340 2 13 1 70 1 41 1 5 1 349 1
106 30 31 197 1 204 1 610 1 635 1 110 1 633 1 636 1 203 3 198 2 630 1 591 1 426 1 316 3 339 3 333 5 335 2 337 3 312 1 313 1 348 2 356 2 632 1 465 1 468 1 634 1 535 1 631 1 330 3 322 3 329 3 571 1
29 9 26 384 2 364 2 470 1 343 1 366 1 389 1 324 1 359 1 361 1 377 2 383 1 376 1 352 1 345 1 375 2 433 1 328 1 678 1 432 1 362 1 647 2 374 3 382 1 392 1 397 1 349 2
48 14 14 359 1 361 3 377 2 383 2 376 1 321 1 439 1 375 1 490 1 433 1 374 3 382 1 360 1 349 2
52 15 10 433 1 328 2 345 2 375 1 677 1 374 2 382 3 330 1 392 1 349 1
//IdTournes NbColis
26 6
//IdColis IdCommandeInColis NbProducts IdProd1 QtyProd1 IdProd2 QtyProd2 ...
70 19 16 359 1 361 1 377 2 383 2 342 1 376 1 352 1 375 1 345 2 433 1 328 1 374 3 382 1 360 1 392 1 349 1
75 20 43 700 1 694 1 590 1 702 1 703 1 660 1 429 1 705 1 627 1 541 1 553 1 698 1 661 1 604 1 552 1 554 1 361 1 468 1 359 2 658 1 671 4 549 1 558 1 614 1 615 1 634 1 701 1 363 1 551 1 559 1 439 1 345 3 557 1 561 1 375 1 667 1 374 3 382 2 322 4 360 2 392 1 699 1 349 2
120 34 9 383 1 376 1 345 1 375 1 432 1 433 1 328 1 374 2 349 2
148 41 7 359 1 361 1 377 2 321 1 474 1 319 1 374 2
100 27 3 392 1 349 1 545 3
66 18 2 360 1 349 1
