//NbTournees
43
//IdTournes NbColis
1 6
//IdColis IdCommandeInColis NbProducts IdProd1 QtyProd1 IdProd2 QtyProd2 ...
3 1 18 594 1 595 1 394 1 590 2 621 3 73 3 393 2 424 1 828 2 806 2 387 1 345 2 591 1 655 1 388 1 362 1 389 1 303 1
11 3 23 341 1 697 1 657 1 666 1 675 1 807 1 702 1 12 1 295 1 788 1 806 1 360 1 345 1 352 3 532 1 362 1 303 2 361 1 367 1 364 1 334 2 54 1 55 1
74 19 17 311 1 662 2 819 4 295 1 627 4 630 3 143 1 96 1 312 1 315 2 303 1 310 1 302 1 585 1 54 1 123 2 523 1
79 20 24 380 1 439 2 303 4 310 1 381 1 539 1 585 1 302 1 268 3 151 1 584 2 586 1 499 3 400 1 587 1 665 1 13 1 47 2 48 1 52 2 306 1 116 1 54 1 55 1
113 28 14 15 1 131 5 8 1 30 1 139 1 317 1 320 1 331 1 508 1 9 2 17 1 5 1 303 1 55 1
132 33 24 286 1 330 1 215 1 134 1 318 1 688 1 371 1 826 1 828 1 806 1 373 1 339 1 598 1 439 3 266 1 98 1 303 1 302 1 49 2 268 1 260 1 127 1 151 1 321 1
//IdTournes NbColis
2 6
//IdColis IdCommandeInColis NbProducts IdProd1 QtyProd1 IdProd2 QtyProd2 ...
155 38 26 311 1 341 1 124 1 402 2 666 1 7 1 186 2 330 1 610 2 599 1 339 1 312 1 98 3 303 1 310 1 334 1 302 1 49 1 268 1 520 1 656 1 406 1 654 1 336 1 54 1 263 1
200 52 29 325 1 291 2 697 1 285 1 330 1 535 1 339 1 576 1 352 1 303 1 661 2 322 2 302 1 127 1 253 1 695 1 654 1 656 1 406 1 175 1 316 1 13 1 72 2 47 2 48 1 20 1 54 1 263 1 636 1
218 59 22 599 1 502 1 345 1 346 2 339 1 598 1 352 1 344 2 354 1 343 1 303 2 592 1 322 2 302 1 438 2 49 1 586 1 499 1 316 1 520 1 808 2 587 1
272 77 36 722 1 420 3 362 1 673 1 303 2 49 1 527 1 665 1 47 2 48 1 52 2 20 5 313 1 446 1 54 1 263 1 150 2 693 1 33 1 405 1 32 5 37 1 45 1 248 3 254 3 640 1 34 2 190 1 21 3 2 3 3 2 280 1 213 1 224 1 692 1 93 1
274 78 25 40 1 112 1 113 1 278 1 79 1 23 1 324 1 699 1 325 1 257 1 852 1 256 1 285 1 265 1 31 1 29 1 536 1 393 1 417 1 352 1 362 1 98 1 303 1 440 1 259 1
275 78 39 303 1 364 1 253 1 849 1 643 1 252 1 637 2 72 1 20 5 624 1 63 1 700 1 54 1 250 1 374 3 423 3 378 4 297 1 6 1 293 3 545 1 294 1 165 1 32 5 202 1 227 3 516 1 45 1 77 2 167 2 2 2 70 2 71 2 220 1 76 2 169 2 170 2 58 1 692 1
//IdTournes NbColis
3 6
//IdColis IdCommandeInColis NbProducts IdProd1 QtyProd1 IdProd2 QtyProd2 ...
5 1 50 369 1 372 1 596 1 277 1 353 1 314 1 297 2 6 1 392 1 390 1 348 1 16 1 431 1 293 4 166 1 650 1 597 1 161 1 165 1 326 2 443 1 562 1 64 5 773 1 844 1 1 1 18 2 839 1 51 1 11 1 516 2 164 1 121 1 2 3 3 2 21 3 136 3 34 2 640 1 254 3 280 1 44 1 262 1 724 1 267 1 14 1 55 5 631 1 74 3 269 1
19 5 28 20 1 519 2 263 1 353 1 314 1 297 1 6 1 348 1 16 1 293 1 405 1 437 1 32 4 75 1 11 1 2 2 3 2 70 2 71 2 76 2 21 2 58 1 77 2 248 2 44 1 262 1 267 1 14 1
21 6 38 253 1 527 2 620 1 665 2 47 2 48 1 52 2 739 1 20 5 63 2 446 1 54 1 263 1 82 2 297 2 6 2 16 1 293 1 294 1 32 5 83 1 738 3 18 3 84 1 259 1 2 3 3 2 70 2 34 2 21 3 58 1 248 3 254 3 44 1 737 1 262 1 267 1 269 1
52 14 30 48 1 252 1 249 2 20 5 446 1 313 1 519 4 250 1 513 1 82 2 521 1 297 1 6 1 405 1 294 1 442 1 443 3 326 2 32 5 664 2 45 1 3 2 70 2 71 1 21 3 58 1 77 2 2 3 248 3 254 2
61 16 36 49 1 587 1 586 1 654 2 13 1 47 2 48 1 52 2 377 1 20 5 777 1 263 1 137 2 372 1 353 2 6 1 356 1 348 1 328 1 493 1 294 1 713 1 64 5 43 2 132 2 516 1 2 3 3 2 136 3 34 2 21 3 280 1 254 3 93 2 14 1 55 5
65 17 38 406 1 556 1 520 1 656 1 687 1 72 2 48 1 249 2 252 1 351 1 20 5 329 1 313 2 54 1 263 1 353 1 297 1 6 1 141 1 69 1 419 1 405 1 597 1 294 1 326 2 713 1 290 2 32 5 37 1 45 1 2 3 3 2 34 2 21 3 248 3 254 3 793 2 269 2
//IdTournes NbColis
4 6
//IdColis IdCommandeInColis NbProducts IdProd1 QtyProd1 IdProd2 QtyProd2 ...
84 21 33 47 2 48 1 52 2 20 5 497 1 155 1 54 1 263 1 150 2 374 1 369 1 353 2 158 1 297 1 6 1 714 1 33 1 716 1 405 1 157 1 290 2 32 5 37 1 160 1 156 1 11 1 516 2 21 3 2 3 3 2 34 2 254 3 248 3
87 22 32 20 3 519 4 703 1 54 1 263 1 82 2 353 1 314 1 297 2 6 1 348 1 16 1 293 1 32 5 43 1 168 1 45 1 259 1 58 1 77 2 167 3 2 3 70 2 71 3 76 2 169 3 170 2 44 1 262 1 267 1 14 1 269 1
92 23 41 837 1 72 1 48 1 252 1 249 2 174 1 20 5 63 3 581 2 173 1 263 1 374 3 372 1 353 1 177 1 297 1 356 1 348 1 172 1 293 3 580 3 405 1 294 1 290 2 64 5 160 1 18 1 43 1 51 2 11 1 719 2 21 3 58 1 2 3 3 2 149 1 34 2 248 3 254 3 799 1 55 5
107 26 34 302 1 396 1 49 1 171 1 400 1 587 1 808 2 584 1 586 1 406 1 665 1 47 1 48 1 52 2 13 1 20 5 404 1 263 2 150 1 369 1 353 1 430 3 301 2 428 1 314 1 297 1 429 1 293 1 426 2 431 1 298 1 56 1 64 3 55 1
111 27 30 330 1 318 1 134 1 371 1 355 1 373 1 339 1 598 1 396 1 322 1 302 1 53 1 49 2 644 1 400 1 586 1 13 1 47 2 48 1 52 2 20 4 777 1 116 1 263 1 372 1 521 1 353 1 297 3 314 1 515 1
133 33 43 526 1 830 1 849 1 47 2 48 1 52 2 13 1 368 1 351 2 377 1 20 5 375 2 116 1 193 1 284 1 263 1 137 2 369 2 372 1 374 1 378 1 129 2 277 1 218 1 353 1 297 1 6 1 356 1 217 1 348 2 33 1 370 1 216 1 69 1 510 1 294 1 180 1 64 5 41 1 809 1 195 1 11 1 136 2
//IdTournes NbColis
5 6
//IdColis IdCommandeInColis NbProducts IdProd1 QtyProd1 IdProd2 QtyProd2 ...
144 35 38 48 1 52 2 13 1 306 2 20 5 517 3 116 3 54 1 263 1 765 1 137 2 372 1 841 3 211 2 353 1 158 1 314 1 297 2 6 3 857 2 356 1 42 1 348 1 16 1 33 2 293 1 426 3 431 2 650 1 510 1 69 1 405 3 842 4 636 1 290 3 157 1 64 3 11 1
152 37 28 47 1 13 1 48 1 234 1 20 5 329 1 130 1 54 1 263 1 82 2 353 1 297 1 6 1 405 1 294 1 443 1 64 5 11 1 34 2 21 3 2 3 3 2 280 1 248 3 254 3 273 1 235 1 55 3
163 40 25 116 2 54 1 263 1 82 2 353 1 297 1 6 1 348 1 33 1 510 1 405 1 180 2 294 1 32 5 37 1 45 1 259 1 34 2 21 3 58 1 2 3 3 2 248 3 254 3 38 1
166 41 40 251 1 253 1 72 2 642 2 252 1 643 1 20 5 624 3 446 1 54 2 454 1 263 1 521 1 297 1 6 1 480 1 431 1 243 1 298 1 182 1 405 1 437 1 290 2 32 5 229 1 18 1 242 1 51 1 259 1 170 2 21 3 58 1 77 2 2 3 70 2 71 3 76 2 248 3 273 1 628 3
173 43 31 178 1 200 1 13 1 72 2 47 2 48 1 20 5 624 2 329 1 375 1 519 4 54 1 263 1 353 1 6 1 69 1 636 1 294 1 32 5 670 1 41 1 132 1 45 1 21 3 58 1 2 3 3 2 248 3 254 3 34 2 55 3
188 48 28 285 1 186 2 265 1 215 1 735 1 318 1 393 1 417 1 439 1 362 1 734 1 438 1 539 1 364 1 253 1 499 1 72 2 48 1 252 1 249 2 20 5 517 1 446 1 313 1 54 1 263 1 513 1 515 1
//IdTournes NbColis
6 6
//IdColis IdCommandeInColis NbProducts IdProd1 QtyProd1 IdProd2 QtyProd2 ...
198 51 32 20 2 446 1 263 1 521 1 82 2 466 1 238 1 314 1 297 2 6 1 681 1 16 1 478 1 293 1 32 5 1 1 247 1 682 2 516 1 742 1 2 3 3 2 21 3 254 3 248 3 280 1 34 2 44 1 262 1 267 1 224 3 14 1
204 54 28 30 1 264 1 101 1 139 1 67 1 5 1 17 1 256 1 257 1 324 1 325 1 265 1 339 1 266 1 260 1 253 1 268 1 48 1 249 2 252 1 72 2 20 4 270 1 54 1 263 1 353 1 261 1 14 1
209 56 31 72 2 20 5 54 1 263 1 704 1 211 1 277 1 353 1 705 1 314 1 297 2 6 1 348 1 16 1 293 1 276 1 405 1 165 1 437 1 195 1 45 1 259 1 58 1 254 3 280 1 262 1 267 1 44 1 279 1 14 1 269 1
219 59 44 52 2 47 2 48 1 13 1 351 2 20 5 329 1 600 1 111 1 54 1 372 1 521 1 129 1 353 1 88 1 342 1 314 1 297 2 6 1 356 1 348 1 16 1 293 1 99 2 326 1 294 1 64 5 11 1 280 1 254 3 640 1 136 3 34 2 21 3 2 3 3 2 262 2 273 1 267 1 44 1 55 4 128 1 14 1 269 1
223 60 32 598 1 312 1 315 1 439 1 539 1 322 2 302 1 49 3 587 1 586 1 13 1 47 2 48 1 52 2 20 4 313 1 116 1 308 1 54 1 263 1 423 2 372 1 521 1 82 2 277 1 353 1 297 1 6 1 356 1 348 1 422 5 11 1
226 61 29 72 1 642 2 252 1 643 1 20 4 359 1 404 1 54 1 263 1 137 1 353 1 297 1 348 1 144 1 405 1 437 1 32 4 45 1 640 1 76 2 170 2 21 2 58 1 77 2 167 1 2 2 70 2 71 2 248 1
//IdTournes NbColis
7 6
//IdColis IdCommandeInColis NbProducts IdProd1 QtyProd1 IdProd2 QtyProd2 ...
229 62 28 446 1 450 1 263 1 150 1 378 1 297 1 314 1 6 1 356 1 293 1 405 1 294 1 636 1 64 5 227 1 45 1 677 1 34 2 21 3 58 1 2 3 3 2 254 3 248 3 92 1 55 6 128 1 269 1
253 70 37 439 1 362 1 98 1 253 1 249 2 252 1 48 1 72 2 20 5 111 1 54 3 263 1 369 1 277 1 353 1 297 1 6 1 348 1 422 1 555 1 510 1 207 1 405 1 294 1 32 5 147 1 45 1 259 1 220 1 248 3 254 3 34 2 21 3 58 1 2 3 3 2 70 2
256 71 36 393 1 407 1 417 1 634 1 362 1 476 2 98 1 561 1 47 1 48 1 13 1 72 2 249 1 340 1 204 1 250 1 82 2 353 1 314 1 297 4 6 1 710 1 405 1 437 1 443 2 713 2 32 5 45 1 259 1 34 2 21 3 58 1 2 3 3 2 248 3 254 3
264 74 29 268 1 642 2 252 1 643 1 72 2 20 5 649 1 54 1 263 1 645 1 353 1 348 1 650 1 405 1 707 1 437 1 32 5 516 1 11 1 189 1 259 1 248 3 34 2 254 3 21 3 58 1 2 3 3 2 70 2
269 76 40 362 1 4 1 438 1 253 1 47 2 48 1 13 1 72 2 20 5 446 1 375 2 54 1 250 1 314 1 297 1 6 1 726 1 16 1 293 1 545 1 548 1 437 1 32 5 120 1 45 1 259 2 248 3 76 2 21 3 58 1 77 2 2 3 3 2 70 2 71 3 44 1 262 1 267 1 14 1 269 2
280 80 22 40 1 240 1 112 1 113 1 747 1 320 1 278 1 79 1 23 1 657 1 530 1 256 1 324 1 325 1 291 1 257 1 31 1 393 1 339 1 417 1 362 1 364 1
//IdTournes NbColis
8 6
//IdColis IdCommandeInColis NbProducts IdProd1 QtyProd1 IdProd2 QtyProd2 ...
120 29 24 20 1 454 1 284 1 263 1 301 1 314 1 6 1 293 2 298 1 69 1 64 5 84 1 11 1 686 1 149 1 201 1 34 2 21 3 58 1 2 3 3 2 254 3 248 3 629 1
232 63 36 815 1 47 2 48 1 13 1 72 2 20 5 456 1 204 1 458 1 454 2 263 1 275 1 297 2 301 1 428 1 314 1 6 1 678 1 293 1 298 1 650 1 405 1 562 1 64 5 516 1 11 1 677 1 164 1 34 2 254 3 248 3 21 3 58 1 2 3 3 2 262 1
4 1 26 310 1 361 1 592 1 4 1 589 1 585 1 438 2 843 1 49 1 19 2 587 1 527 1 845 1 336 2 13 1 47 2 48 1 52 2 20 5 517 1 340 1 308 1 54 3 263 1 395 1 55 1
71 18 48 48 1 249 2 145 1 20 4 624 1 517 2 460 1 465 1 468 1 467 1 263 1 462 1 395 1 623 1 463 2 466 1 301 1 428 1 314 1 297 1 6 2 464 1 626 3 293 1 370 1 298 1 144 1 510 1 326 1 743 2 562 1 32 5 625 1 147 1 146 1 120 1 516 1 164 1 2 3 3 2 21 3 34 2 248 3 254 3 280 1 262 4 629 1 628 1
40 11 28 315 3 362 1 471 1 364 1 800 3 268 1 685 1 321 1 406 1 526 1 654 1 13 1 47 2 48 1 52 2 306 1 368 1 20 5 456 3 204 1 263 1 372 1 301 1 314 1 297 1 6 1 293 1 43 1
60 16 18 675 2 602 2 7 1 627 2 330 1 134 1 318 1 319 3 672 1 373 1 415 1 339 1 598 1 315 1 266 1 362 1 343 1 302 1
//IdTournes NbColis
9 6
//IdColis IdCommandeInColis NbProducts IdProd1 QtyProd1 IdProd2 QtyProd2 ...
70 18 22 96 1 143 1 382 1 595 1 804 1 534 1 461 1 373 1 598 1 315 2 802 2 619 1 604 1 98 1 310 2 334 2 302 1 800 1 49 2 400 1 586 1 801 1
101 25 28 688 1 672 1 795 1 752 1 345 1 481 1 553 1 479 1 315 1 655 2 362 1 619 1 310 1 361 1 53 1 49 1 260 1 520 1 792 1 485 1 47 2 48 1 52 2 13 1 61 1 145 1 377 1 681 1
106 26 24 660 2 330 1 96 1 134 1 318 1 371 1 408 1 355 1 603 1 373 1 427 1 420 1 360 1 598 1 352 1 315 1 439 1 476 2 444 1 343 1 717 1 310 1 155 1 54 1
159 39 25 666 1 530 1 780 1 675 1 295 1 421 1 627 1 12 1 265 1 408 3 477 1 373 2 345 1 475 1 315 2 362 1 476 1 253 1 268 1 406 1 654 1 527 1 48 1 13 1 290 1
185 47 28 311 1 750 1 265 1 606 1 31 1 29 2 568 1 393 1 752 1 339 1 417 1 751 1 315 1 362 1 438 1 364 1 526 1 527 1 72 2 48 1 252 1 249 2 54 2 275 1 250 1 297 1 6 1 509 1
191 49 23 291 1 300 1 12 1 445 1 421 1 265 1 394 1 550 1 345 1 598 1 315 1 362 2 98 1 367 1 361 1 364 1 253 1 527 1 13 1 72 2 47 2 48 1 20 5
//IdTournes NbColis
10 6
//IdColis IdCommandeInColis NbProducts IdProd1 QtyProd1 IdProd2 QtyProd2 ...
243 67 22 85 1 15 1 30 1 8 1 357 1 518 1 9 1 17 1 5 1 256 1 257 1 324 1 325 1 291 1 285 1 748 1 393 2 417 1 315 1 362 1 4 1 20 1
186 47 24 754 1 753 1 99 2 405 1 597 1 437 1 443 1 183 1 32 5 528 1 45 1 259 1 77 2 2 3 21 3 70 2 71 3 58 1 248 3 76 2 170 2 525 2 66 1 523 1
97 24 44 249 1 252 1 20 5 329 1 497 1 68 1 263 1 137 1 521 1 297 1 6 1 392 1 494 1 182 1 785 3 493 1 405 1 757 1 180 1 183 1 294 1 335 1 212 1 707 1 713 1 290 1 791 1 32 5 670 1 185 1 516 2 189 1 21 3 58 1 2 3 3 2 34 2 248 3 254 3 724 3 525 1 181 1 55 3 631 3
102 25 55 368 1 20 5 63 1 456 1 111 1 193 1 263 1 284 1 374 1 423 2 796 1 88 2 314 1 297 2 6 1 681 1 16 1 478 1 293 1 480 1 99 2 69 1 405 1 335 1 791 2 294 1 32 5 152 1 194 1 192 1 528 1 625 3 798 1 860 1 132 1 195 1 51 6 516 1 11 1 677 1 190 1 34 2 254 3 640 1 248 3 21 3 2 3 3 2 280 1 44 1 273 1 799 1 267 1 628 3 14 1
156 38 32 48 1 52 2 47 2 13 1 306 1 20 4 340 3 329 1 82 2 301 1 314 1 6 1 293 1 338 2 298 1 405 1 294 1 335 2 756 2 64 5 45 1 149 1 34 2 21 3 2 3 3 2 280 1 248 3 254 3 737 1 55 5 74 1
235 64 24 324 2 325 2 311 1 291 1 530 1 531 1 256 1 533 1 295 1 486 1 330 1 534 1 603 1 345 1 491 1 352 1 532 1 475 2 362 1 361 1 364 1 488 1 45 1 529 1
//IdTournes NbColis
11 6
//IdColis IdCommandeInColis NbProducts IdProd1 QtyProd1 IdProd2 QtyProd2 ...
278 79 46 388 1 334 1 760 1 253 1 520 1 527 1 654 1 485 1 47 2 48 1 720 1 20 5 359 1 68 1 54 1 263 1 150 1 721 2 314 1 297 2 6 1 16 1 33 2 759 1 293 1 69 1 405 1 757 1 756 1 335 1 294 1 32 5 37 1 45 1 34 2 21 3 58 1 2 3 3 2 70 2 220 1 248 3 254 3 267 1 44 1 262 1
43 12 19 657 2 530 1 675 1 533 3 265 1 504 1 318 2 507 1 352 1 532 1 362 1 476 3 673 1 364 1 253 1 108 1 503 1 556 1 13 1
64 17 22 666 1 530 1 140 2 285 1 750 1 330 1 29 2 318 1 610 2 73 2 417 1 360 1 345 1 532 1 362 1 476 2 361 1 364 1 322 1 253 1 111 1 259 1
78 20 16 311 1 341 1 291 1 300 1 666 1 819 4 379 1 505 2 445 1 12 1 330 1 318 3 382 1 385 2 49 1 11 1
114 28 19 300 1 324 1 325 1 311 1 327 1 28 2 22 1 24 1 25 2 26 1 27 1 323 1 330 1 318 1 31 1 319 2 672 3 302 1 55 1
122 30 13 627 1 286 3 330 1 689 3 143 1 382 1 318 2 688 1 590 3 621 2 502 3 501 1 210 1
//IdTournes NbColis
12 6
//IdColis IdCommandeInColis NbProducts IdProd1 QtyProd1 IdProd2 QtyProd2 ...
142 35 16 748 1 630 1 7 1 330 1 318 2 595 2 289 1 134 1 371 1 590 3 73 1 424 1 603 2 611 1 339 1 373 4
175 44 22 40 1 112 1 113 1 105 2 278 1 79 2 23 1 125 1 612 1 304 1 309 1 311 1 402 1 300 1 7 1 265 1 289 1 318 1 393 1 603 1 127 1 54 1
214 58 24 330 1 289 1 318 1 536 1 73 1 535 1 538 1 345 1 352 1 362 1 361 1 322 2 438 1 287 1 253 1 48 1 252 1 249 2 72 2 368 2 20 5 308 1 290 1 259 1
217 59 18 350 1 309 2 311 1 552 1 300 2 602 2 133 1 573 1 7 3 318 1 96 1 134 1 371 1 590 1 408 1 355 1 349 1 55 2
225 61 24 641 1 30 1 78 1 365 1 79 2 23 1 300 1 324 1 325 1 311 1 285 1 436 1 265 1 318 1 31 1 393 1 417 1 439 1 438 1 4 1 253 1 644 1 72 1 259 1
239 65 35 265 1 289 1 318 1 439 1 362 1 476 1 361 1 438 1 381 1 253 1 268 1 48 1 249 2 252 1 72 2 20 5 54 1 263 1 297 1 301 1 6 1 33 1 293 1 509 1 405 1 294 1 32 5 37 1 248 3 34 2 21 3 58 1 2 3 3 2 254 3
//IdTournes NbColis
13 6
//IdColis IdCommandeInColis NbProducts IdProd1 QtyProd1 IdProd2 QtyProd2 ...
247 68 23 602 1 295 1 117 1 12 1 318 1 31 1 603 2 380 1 345 1 352 1 344 3 655 1 362 1 361 1 322 2 364 1 541 1 605 1 253 1 654 1 520 1 656 1 833 1
105 26 18 311 1 300 2 602 2 658 1 27 1 28 2 425 3 505 1 22 1 24 2 25 2 26 2 117 1 627 1 7 1 660 1 49 1 33 1
242 66 22 28 1 425 1 579 1 339 1 728 1 48 1 252 1 249 1 72 1 20 3 111 1 82 1 510 1 32 4 76 2 169 2 170 2 77 2 167 2 2 2 70 2 71 2
183 46 25 20 2 340 1 111 1 68 1 263 1 129 1 763 1 297 1 6 1 764 1 405 1 246 1 183 4 32 5 45 1 719 1 21 3 58 1 2 3 3 2 70 2 34 2 248 3 254 3 103 1
88 23 16 15 1 8 1 435 1 30 1 357 1 139 3 10 1 376 1 834 1 679 2 105 2 9 1 5 1 17 1 133 1 432 1
34 10 17 80 1 40 1 112 1 113 1 357 1 104 1 81 1 679 1 105 2 278 1 79 1 23 1 106 3 300 1 324 2 546 1 543 1
//IdTournes NbColis
14 6
//IdColis IdCommandeInColis NbProducts IdProd1 QtyProd1 IdProd2 QtyProd2 ...
194 50 29 546 1 311 1 291 1 324 2 421 1 265 1 371 1 621 1 599 1 407 1 345 1 768 1 532 1 362 1 619 1 769 1 364 1 127 1 253 1 620 1 556 1 72 2 48 1 249 2 252 1 618 1 375 1 270 1 45 1
15 4 23 12 1 401 4 330 1 550 2 776 1 373 2 598 1 362 1 701 1 604 1 367 1 361 1 364 1 549 1 322 2 49 1 268 1 654 1 520 1 656 1 620 1 13 1 521 1
20 6 22 80 1 85 1 40 1 78 1 30 1 81 1 278 1 79 1 23 1 256 1 257 1 324 1 325 1 445 1 533 1 265 1 31 1 439 1 362 1 361 1 364 1 314 1
32 9 26 373 2 553 1 345 1 349 1 352 1 532 1 362 1 554 1 673 1 674 1 98 1 361 1 253 1 260 2 406 1 556 1 557 1 527 1 620 1 47 1 48 1 52 2 13 1 20 4 68 1 55 2
36 10 29 619 1 361 1 322 2 544 1 49 1 584 1 406 1 654 1 520 1 656 1 837 1 13 1 47 2 48 1 52 2 20 5 308 2 137 2 297 2 314 1 6 1 296 2 293 1 555 2 545 1 294 1 326 1 443 3 32 2
51 14 24 531 1 675 1 445 1 140 1 12 1 533 2 330 1 441 1 672 1 360 1 447 1 362 1 444 2 98 3 361 1 322 1 364 1 440 1 648 2 253 1 406 1 656 1 72 2 54 1
//IdTournes NbColis
15 6
//IdColis IdCommandeInColis NbProducts IdProd1 QtyProd1 IdProd2 QtyProd2 ...
83 21 24 530 1 531 1 124 1 657 2 445 1 627 1 12 1 265 1 715 1 345 1 352 1 532 1 362 1 444 3 361 1 49 1 251 1 520 2 527 1 665 1 13 1 68 1 259 1 269 2
90 23 22 505 1 295 1 117 1 627 1 330 1 606 1 134 1 578 1 371 2 385 1 590 3 408 1 610 1 393 1 611 3 433 1 434 1 387 1 420 1 576 1 583 1 54 1
91 23 23 609 1 352 1 344 3 577 1 388 2 362 1 361 1 364 1 549 3 582 1 322 1 302 3 607 1 605 1 440 2 178 2 253 1 175 1 499 3 837 1 72 1 176 1 55 1
148 36 25 662 1 675 1 531 1 851 1 256 1 421 1 295 1 533 2 265 1 385 1 532 1 362 1 98 4 361 1 364 1 127 1 654 1 527 1 19 2 47 2 48 1 13 1 52 1 263 1 290 1
151 37 26 819 1 659 2 660 1 295 1 820 1 505 2 330 1 96 1 408 1 355 1 345 1 410 1 449 1 362 1 412 1 361 1 364 1 409 1 49 2 316 1 654 1 321 1 406 1 52 2 47 1 521 1
179 45 29 505 1 265 1 477 1 319 1 345 1 352 1 362 1 361 1 364 2 268 1 547 1 499 1 556 1 520 1 527 1 72 2 48 1 252 1 249 2 20 5 54 1 263 1 297 2 314 1 6 1 217 2 429 1 16 1 11 1
//IdTournes NbColis
16 6
//IdColis IdCommandeInColis NbProducts IdProd1 QtyProd1 IdProd2 QtyProd2 ...
197 51 24 265 1 29 1 594 1 393 1 611 1 567 1 420 1 439 1 362 1 701 1 361 1 4 1 438 1 364 1 409 1 49 2 251 3 171 1 228 1 13 1 52 2 47 2 48 1 20 3
210 57 23 40 1 30 1 78 2 357 1 81 1 9 1 79 1 23 1 97 1 304 1 307 1 309 1 311 1 300 1 285 1 286 1 330 1 393 1 417 1 362 1 361 1 282 1 11 1
228 62 26 666 1 286 1 748 1 330 1 828 1 835 1 345 1 449 1 362 1 361 1 364 1 253 1 316 1 448 1 520 1 656 1 406 1 47 2 48 1 52 1 13 1 72 1 20 5 359 1 54 1 629 1
231 63 25 311 1 341 1 675 1 106 1 602 1 812 1 445 1 457 1 455 2 813 1 814 1 380 1 345 1 407 1 532 1 362 1 98 2 361 1 364 1 302 1 409 1 49 2 526 1 54 1 516 1
261 73 40 362 1 361 1 4 1 364 1 438 1 648 1 253 1 642 2 643 1 252 1 72 2 20 5 54 1 272 1 263 1 513 1 647 1 372 1 645 1 428 1 297 1 6 1 405 1 696 1 294 1 32 5 516 1 11 1 76 2 170 2 21 3 58 1 77 2 167 3 2 3 70 2 71 3 149 1 646 1 55 5
265 75 26 40 1 30 1 191 1 78 1 357 1 770 1 278 1 79 1 23 1 256 1 324 1 325 1 311 1 285 1 265 1 393 1 420 1 591 1 362 1 717 1 361 1 539 1 364 1 49 1 259 1 123 1
//IdTournes NbColis
17 6
//IdColis IdCommandeInColis NbProducts IdProd1 QtyProd1 IdProd2 QtyProd2 ...
283 81 25 40 1 264 1 30 1 357 1 9 1 17 1 23 1 324 1 325 1 257 1 106 1 256 1 285 1 627 1 286 1 533 1 393 1 502 1 417 1 345 1 362 1 98 2 361 1 54 1 259 1
100 25 23 304 1 309 2 311 1 341 1 482 1 291 1 666 1 402 1 794 1 300 1 846 1 379 1 421 1 295 1 7 1 630 1 483 1 96 1 797 1 289 1 610 1 145 1 793 2
127 32 22 15 1 8 1 30 1 472 1 9 1 5 1 17 1 325 2 324 2 291 1 807 1 530 1 531 1 256 1 257 1 379 1 445 1 558 1 330 1 380 1 11 1 259 1
8 2 25 28 1 285 1 29 1 31 1 504 1 735 1 393 1 776 2 417 1 362 1 745 1 4 1 665 1 485 2 252 1 643 1 642 2 20 3 775 1 297 1 33 2 480 1 32 4 37 1 34 1
165 41 26 324 1 325 1 416 1 285 1 730 1 729 1 689 1 31 1 536 1 393 1 733 1 417 1 352 1 727 1 732 1 439 1 362 2 690 1 4 1 438 1 364 1 287 1 728 1 731 2 544 2 458 1
287 82 29 29 1 434 1 345 1 362 1 779 1 364 1 539 2 520 1 406 1 556 1 620 1 13 1 72 2 47 2 48 1 20 5 777 1 858 1 521 1 141 1 698 1 32 5 254 3 248 1 21 3 2 3 3 2 136 2 34 2
//IdTournes NbColis
18 6
//IdColis IdCommandeInColis NbProducts IdProd1 QtyProd1 IdProd2 QtyProd2 ...
248 68 31 406 1 642 2 252 1 643 1 72 2 20 5 329 1 54 4 250 1 540 3 211 1 297 1 6 1 542 3 509 1 405 1 32 5 83 1 168 1 195 1 259 1 58 1 77 2 167 3 2 3 70 2 71 3 76 2 170 2 21 3 269 2
35 10 20 495 1 309 2 311 1 341 1 291 1 666 1 421 1 445 1 12 1 143 2 134 1 289 2 836 1 776 2 380 1 345 1 407 1 362 1 544 1 250 1
128 32 23 424 1 599 2 380 3 345 1 352 1 751 1 532 1 362 1 322 2 364 1 268 1 253 1 316 1 485 1 406 1 561 2 72 2 48 1 249 2 252 1 560 1 20 3 516 1
268 76 21 524 1 112 1 113 2 472 1 633 1 278 1 23 1 79 1 256 1 324 1 325 1 311 1 286 1 7 1 483 1 29 1 31 1 393 1 380 1 420 1 354 2
38 11 14 107 1 15 1 30 1 8 1 101 3 472 1 139 3 740 1 104 1 376 1 9 1 138 1 17 1 345 1
136 34 27 324 1 291 1 666 1 667 1 675 1 219 1 505 1 286 1 7 1 563 1 688 1 420 1 339 1 345 2 352 1 802 1 532 1 362 1 854 1 4 1 253 1 225 1 13 1 47 2 48 1 54 1 128 1
//IdTournes NbColis
19 6
//IdColis IdCommandeInColis NbProducts IdProd1 QtyProd1 IdProd2 QtyProd2 ...
182 46 24 300 1 7 1 265 1 688 1 393 2 672 1 420 1 345 1 373 1 362 1 98 5 4 1 364 1 438 1 127 1 253 1 695 1 72 2 48 1 642 2 252 1 20 3 54 1 259 1
290 83 35 730 1 330 1 723 1 345 1 362 1 717 1 364 1 322 1 520 1 620 1 665 1 656 1 13 1 47 2 48 1 52 2 20 5 54 1 263 1 374 1 521 1 218 1 314 1 297 1 6 1 176 1 781 1 33 1 569 1 696 1 443 1 773 1 64 4 664 1 55 1
292 84 19 112 1 113 1 79 1 23 1 255 1 257 1 258 1 281 1 31 1 29 1 345 1 439 1 362 1 745 1 364 1 637 1 72 1 638 1 639 1
10 3 16 40 1 39 1 30 2 357 1 365 1 358 1 679 2 9 1 17 2 23 1 291 1 300 1 324 2 325 2 366 1 311 1
27 8 22 91 1 40 1 78 1 30 1 472 1 67 1 9 1 17 1 23 1 531 1 256 1 257 1 324 1 325 1 286 2 483 1 29 1 31 1 782 1 393 1 54 1 74 1
31 9 23 17 1 5 1 97 1 552 1 324 2 325 2 291 1 530 1 256 1 257 1 675 1 780 1 295 1 660 1 671 1 12 1 533 1 265 1 96 1 534 1 672 1 636 1 259 1
//IdTournes NbColis
20 6
//IdColis IdCommandeInColis NbProducts IdProd1 QtyProd1 IdProd2 QtyProd2 ...
39 11 18 5 1 291 1 324 2 325 2 311 1 531 3 256 2 818 1 421 1 286 2 817 1 265 1 143 1 469 1 470 1 474 1 54 1 521 1
42 12 17 40 1 112 1 113 1 472 1 320 1 59 1 109 3 278 1 79 1 23 1 291 1 398 2 300 1 324 2 325 2 311 1 505 1
46 13 19 118 1 40 1 676 1 112 1 113 1 472 1 115 1 317 1 331 1 320 1 278 1 79 1 23 1 307 1 325 2 311 1 566 1 324 1 565 1
47 13 23 324 1 291 1 530 1 531 1 256 1 117 1 401 1 265 1 568 1 424 3 567 1 672 1 532 1 362 1 673 2 564 1 253 1 485 1 654 1 520 1 792 1 54 1 259 1
50 14 19 40 1 112 1 113 1 357 1 278 1 79 1 23 1 124 1 125 1 126 1 324 2 325 2 311 1 291 1 780 3 530 1 256 1 259 1 269 1
55 15 20 86 2 622 1 9 1 5 1 17 1 300 2 337 3 325 1 309 1 311 1 291 1 324 2 666 1 25 2 26 1 22 1 24 1 27 1 54 1 515 1
//IdTournes NbColis
21 6
//IdColis IdCommandeInColis NbProducts IdProd1 QtyProd1 IdProd2 QtyProd2 ...
59 16 19 15 1 8 1 30 1 299 1 365 1 601 1 9 1 138 1 5 1 135 1 133 1 414 2 300 2 324 2 347 1 325 2 311 1 371 1 128 1
63 17 19 40 1 112 1 113 1 357 1 139 1 105 2 278 1 79 1 23 1 416 1 291 1 418 1 300 1 324 2 307 1 325 2 311 1 573 2 37 1
82 21 19 40 1 78 1 30 1 357 1 67 1 159 1 104 1 508 1 105 2 9 1 17 1 23 1 324 2 325 2 366 1 311 1 291 1 300 1 717 1
95 24 23 109 1 102 1 635 2 9 1 5 1 17 1 324 2 307 1 325 2 495 1 291 1 530 1 531 1 256 1 257 1 667 1 823 1 825 1 702 1 780 1 421 1 63 1 55 1
110 27 20 9 1 5 1 17 1 397 1 398 1 300 2 324 2 309 2 311 1 133 1 702 1 27 1 28 2 22 1 24 2 25 2 26 1 12 1 155 1 226 1
118 29 21 684 1 683 1 508 1 622 1 320 1 679 1 9 1 17 1 5 1 300 2 324 2 309 2 311 1 291 1 666 2 531 1 573 1 401 1 330 1 73 1 202 1
//IdTournes NbColis
22 6
//IdColis IdCommandeInColis NbProducts IdProd1 QtyProd1 IdProd2 QtyProd2 ...
121 30 20 15 1 8 1 30 1 299 1 10 1 508 1 9 1 17 1 5 1 300 2 324 2 337 1 309 2 311 1 291 1 657 2 401 1 421 1 293 1 209 1
135 34 19 162 1 15 1 8 1 30 1 357 1 633 1 376 2 508 1 81 1 9 1 5 1 17 1 552 1 300 1 309 2 311 1 341 1 324 1 364 1
147 36 19 162 1 15 1 8 1 30 1 357 1 571 1 709 1 679 2 9 1 17 1 5 1 530 1 325 2 311 1 291 1 397 1 324 2 662 1 55 1
154 38 17 236 1 15 1 8 1 30 1 333 1 9 1 17 1 5 1 237 3 291 1 332 1 300 1 324 2 337 1 325 2 20 1 74 1
158 39 15 40 1 30 1 264 1 472 1 67 5 9 1 17 1 23 2 300 1 324 2 325 2 311 1 291 1 657 1 364 1
161 40 20 40 1 113 1 112 1 299 1 403 1 320 1 278 1 79 1 23 1 402 2 300 1 324 2 325 2 311 1 341 1 291 1 124 1 666 1 155 1 195 1
//IdTournes NbColis
23 6
//IdColis IdCommandeInColis NbProducts IdProd1 QtyProd1 IdProd2 QtyProd2 ...
169 42 24 325 2 311 1 324 2 291 1 337 1 300 1 12 1 445 1 330 1 352 1 532 1 362 1 364 1 322 2 253 2 520 1 527 1 487 1 406 1 72 2 48 1 642 2 252 1 259 1
172 43 26 9 1 5 1 17 1 256 1 257 1 324 1 325 1 702 1 285 1 505 1 96 1 29 1 31 1 590 1 393 1 417 1 598 1 439 1 362 1 701 1 364 1 438 1 539 1 127 1 253 1 259 1
178 45 19 15 1 30 1 264 1 357 2 376 1 358 1 9 1 5 1 17 1 324 2 325 2 311 1 291 1 856 1 530 1 531 1 256 1 295 1 49 1
184 47 18 522 1 524 1 100 1 112 1 113 1 86 1 67 1 508 1 331 1 109 1 105 3 278 1 79 1 23 1 256 1 324 1 325 1 111 1
187 48 16 80 1 107 1 40 1 78 1 357 1 139 3 67 1 384 2 102 1 9 1 23 1 300 1 324 1 309 1 311 1 294 1
190 49 18 40 1 100 1 78 1 30 2 67 1 105 2 9 1 23 1 17 1 530 1 531 1 667 1 324 1 325 2 366 1 311 1 291 2 314 1
//IdTournes NbColis
24 6
//IdColis IdCommandeInColis NbProducts IdProd1 QtyProd1 IdProd2 QtyProd2 ...
196 51 19 680 1 15 2 30 1 264 1 357 1 10 1 740 1 635 1 9 1 5 1 17 1 256 1 257 1 741 1 324 1 325 1 7 1 437 1 269 1
199 52 19 80 1 15 1 8 1 30 1 299 1 115 1 139 1 105 2 9 1 5 1 17 1 530 1 531 1 256 1 257 1 662 1 324 2 325 1 628 1
213 58 18 40 1 30 1 264 1 357 1 139 3 104 1 9 1 17 1 23 1 300 1 324 1 325 1 311 1 341 2 140 1 421 2 445 1 539 1
230 63 17 15 1 240 1 30 1 8 1 357 1 399 1 67 1 679 2 9 1 17 2 5 1 291 1 300 1 324 2 307 2 325 2 562 1
246 68 19 652 1 653 1 40 1 112 1 113 1 357 2 740 1 358 1 59 1 278 1 79 1 23 1 300 1 324 1 347 1 325 1 311 1 603 1 651 1
255 71 21 524 1 112 1 113 1 635 1 278 1 79 1 23 1 256 1 257 1 325 1 332 1 711 1 324 1 285 1 579 4 483 1 29 1 31 1 712 1 393 1 253 1
//IdTournes NbColis
25 6
//IdColis IdCommandeInColis NbProducts IdProd1 QtyProd1 IdProd2 QtyProd2 ...
271 77 21 40 1 264 1 30 1 472 1 17 1 23 1 666 1 307 1 325 2 311 1 291 1 300 1 324 2 530 1 124 1 445 1 12 1 265 1 694 1 385 1 259 1
289 83 21 15 1 187 1 8 1 30 1 104 1 9 1 5 1 17 1 324 2 530 1 531 1 256 1 257 1 325 2 291 1 697 1 675 1 421 1 445 1 155 1 55 1
293 85 25 524 1 112 1 113 1 472 1 633 1 278 1 79 1 23 1 256 1 325 1 324 1 257 1 285 1 627 1 401 1 748 1 29 1 215 1 534 1 393 1 417 1 362 1 364 1 438 1 248 1
296 86 26 85 1 30 1 17 1 23 1 256 1 257 1 325 1 324 1 787 1 339 1 266 1 642 2 252 1 643 1 20 4 519 3 521 1 82 1 32 4 248 2 254 2 34 2 21 2 2 2 3 2 628 1
2 1 21 679 2 105 2 9 1 5 1 17 1 304 3 337 1 309 2 311 1 341 1 459 1 414 1 593 1 300 2 846 1 7 1 12 1 660 1 630 1 628 1 163 1
14 4 20 8 1 30 1 357 1 67 1 320 1 59 1 9 1 5 1 17 1 304 2 366 1 309 2 311 1 341 1 551 1 291 1 666 1 300 1 12 2 373 1
//IdTournes NbColis
26 6
//IdColis IdCommandeInColis NbProducts IdProd1 QtyProd1 IdProd2 QtyProd2 ...
24 7 22 304 2 666 1 667 2 675 1 286 1 7 1 12 2 659 1 330 1 349 2 339 1 312 1 532 1 476 1 322 2 302 1 572 1 49 2 268 1 400 1 526 1 351 1
68 18 16 264 3 101 1 365 1 299 1 633 1 622 3 508 1 9 1 17 1 23 1 124 2 125 1 291 1 459 1 304 1 752 1
69 18 20 304 1 309 2 311 1 632 2 300 2 24 1 25 2 27 1 28 2 22 1 627 1 630 1 26 1 401 1 436 1 330 1 803 2 371 1 515 1 631 2
73 19 16 8 1 30 1 299 1 139 3 10 1 102 2 5 1 17 1 124 1 291 1 292 1 300 2 304 2 307 2 309 2 123 1
77 20 19 162 1 15 1 30 1 264 1 299 1 588 1 67 1 383 1 384 1 333 1 104 1 376 1 9 1 5 1 17 1 124 1 304 2 309 2 298 1
89 23 13 304 2 337 2 347 1 309 2 311 1 300 2 608 1 612 1 124 3 819 1 579 4 505 2 176 1
//IdTournes NbColis
27 6
//IdColis IdCommandeInColis NbProducts IdProd1 QtyProd1 IdProd2 QtyProd2 ...
99 25 14 40 2 100 1 676 2 187 1 30 1 191 2 264 1 365 1 159 1 679 1 9 1 17 1 5 1 304 1
104 26 13 131 5 15 1 8 1 30 1 601 1 358 1 9 1 5 1 17 1 133 1 304 2 309 2 47 1
131 33 20 300 1 304 2 309 2 311 1 827 1 831 1 691 2 819 1 660 1 820 1 505 1 748 4 630 1 850 1 7 1 12 2 286 1 54 1 128 1 74 1
140 35 13 86 1 67 2 508 3 320 1 635 3 105 3 9 1 17 1 304 2 337 4 347 1 309 1 294 1
150 37 21 15 1 8 1 30 1 357 1 86 1 358 1 9 1 17 1 5 1 300 1 304 2 309 2 311 1 411 1 341 1 413 1 291 1 666 1 819 1 659 1 55 2
181 46 17 162 1 40 1 30 1 264 1 684 3 102 1 9 1 17 1 23 1 666 1 304 2 309 2 311 1 341 1 291 1 402 2 111 1
//IdTournes NbColis
28 6
//IdColis IdCommandeInColis NbProducts IdProd1 QtyProd1 IdProd2 QtyProd2 ...
216 59 17 80 1 162 1 15 1 30 1 8 1 299 1 601 1 320 1 508 1 834 2 679 1 9 1 5 1 17 1 304 2 347 1 671 1
221 60 19 15 1 100 1 8 1 30 1 10 1 376 1 104 1 109 1 9 1 5 1 17 2 300 2 304 2 347 1 309 2 311 1 658 1 20 1 55 1
227 62 19 162 1 15 1 30 1 8 1 357 1 383 1 67 1 376 1 834 1 9 1 5 1 17 1 300 1 304 2 309 2 311 1 341 1 291 1 295 1
238 65 19 107 2 15 1 30 1 264 1 357 1 508 1 320 1 9 1 17 1 5 1 304 1 309 1 311 1 413 1 300 1 505 1 421 1 401 1 45 1
260 73 23 15 1 30 1 8 1 357 1 633 1 67 1 81 1 9 1 5 1 17 1 304 1 307 2 309 1 311 1 300 1 7 1 265 1 323 1 393 1 420 1 352 1 439 1 55 1
277 79 22 40 1 30 1 508 1 320 1 17 1 23 1 675 1 657 1 666 1 304 2 309 2 311 1 341 1 291 1 300 1 533 1 401 1 265 1 758 1 532 1 68 1 269 1
//IdTournes NbColis
29 6
//IdColis IdCommandeInColis NbProducts IdProd1 QtyProd1 IdProd2 QtyProd2 ...
75 19 43 322 2 305 2 253 1 556 1 654 1 520 1 321 1 13 1 72 2 48 1 249 2 306 1 313 2 308 1 263 2 150 3 521 1 297 1 301 1 314 1 6 2 293 1 296 1 298 1 405 1 294 1 636 3 32 4 773 2 18 1 43 3 11 1 516 1 58 1 2 3 3 2 149 1 34 2 21 3 248 3 254 3 148 1 55 5
28 8 35 776 1 603 1 420 1 439 1 362 1 4 1 364 1 438 1 49 1 94 1 47 2 48 1 52 2 20 5 783 1 404 1 263 1 82 2 6 1 784 1 405 1 437 1 32 5 45 1 259 1 34 2 21 3 2 3 3 2 254 3 280 1 248 3 95 1 92 1 93 1
176 44 30 355 1 420 1 339 3 352 1 439 1 362 1 322 2 253 1 654 1 527 1 321 1 13 1 72 2 47 2 48 1 20 5 263 1 762 1 297 1 6 1 761 1 478 1 405 1 707 1 437 1 743 1 386 3 32 3 259 1 651 1
222 60 22 675 1 133 1 421 2 295 1 630 1 811 2 265 1 143 1 371 1 534 2 536 1 408 1 393 1 355 1 424 2 672 1 441 1 373 1 420 1 360 1 268 1 516 1
48 13 41 72 2 643 1 642 2 252 1 20 5 116 2 250 1 521 1 297 2 314 2 6 1 390 1 16 1 293 2 510 1 755 1 562 2 290 1 437 1 122 1 32 5 119 1 120 1 51 2 11 1 516 1 121 2 3 2 70 2 21 3 77 2 2 3 248 3 254 3 44 1 262 1 267 1 66 2 123 1 14 1 269 1
137 34 34 52 2 20 5 263 2 372 1 374 2 297 1 6 1 356 1 390 1 144 1 405 1 562 1 756 2 32 5 222 1 147 2 43 2 87 2 11 1 3 2 220 1 149 1 223 3 34 2 21 3 58 1 2 3 248 3 254 3 224 1 221 1 790 1 103 1 55 6
//IdTournes NbColis
30 6
//IdColis IdCommandeInColis NbProducts IdProd1 QtyProd1 IdProd2 QtyProd2 ...
16 4 41 316 1 47 2 48 1 52 2 61 1 20 5 63 2 60 1 68 1 54 1 263 1 374 3 378 3 301 1 314 1 297 1 6 1 42 3 293 1 509 2 276 1 298 1 62 1 69 2 405 1 290 2 64 5 65 1 738 1 51 1 11 1 516 2 2 3 3 2 34 2 21 3 58 1 254 3 248 3 799 1 66 1
195 50 25 20 5 766 1 263 2 765 1 374 1 6 1 767 1 757 1 405 1 437 1 32 5 90 1 616 1 87 1 233 1 259 1 58 1 2 3 3 2 70 2 21 3 34 2 248 3 254 3 523 1
1 1 14 80 1 162 1 15 1 8 1 30 1 357 1 139 4 10 1 391 1 376 1 358 1 508 2 679 1 314 1
193 50 16 203 1 617 1 40 1 78 1 30 1 472 1 139 1 105 1 9 1 79 1 23 2 615 1 530 1 256 1 325 2 564 1
25 7 45 520 1 586 1 406 1 13 1 72 2 47 2 48 1 306 1 351 2 20 5 375 3 263 1 372 1 88 2 297 1 301 1 314 1 6 1 681 1 348 1 570 1 569 1 293 1 784 1 298 1 405 1 548 1 294 1 64 5 65 1 773 2 90 3 83 2 738 1 87 1 11 1 516 1 34 2 21 3 2 3 3 2 248 3 254 3 14 1 55 4
57 15 35 321 1 526 1 47 2 48 1 52 2 306 1 197 2 20 5 130 3 263 1 129 2 463 3 301 1 314 1 297 1 6 1 298 1 294 1 756 2 290 2 636 1 32 5 37 1 809 2 11 1 516 1 2 3 3 2 34 2 21 3 280 1 640 1 248 3 254 3 651 1
//IdTournes NbColis
31 6
//IdColis IdCommandeInColis NbProducts IdProd1 QtyProd1 IdProd2 QtyProd2 ...
96 24 27 630 1 140 1 445 1 186 2 496 1 498 1 265 1 725 1 594 1 500 1 621 1 590 1 723 1 352 3 802 1 362 1 673 1 367 1 440 1 499 1 527 1 584 1 48 1 72 2 249 1 54 1 55 2
119 29 26 838 1 143 1 688 1 73 3 453 1 407 1 352 1 310 1 452 1 334 1 302 1 49 2 685 1 268 1 321 1 526 1 520 1 687 1 406 1 13 1 47 2 48 1 52 2 306 1 20 4 54 1
123 30 24 476 3 604 1 673 1 334 1 302 1 49 1 832 2 94 1 171 2 654 1 520 1 406 1 13 1 47 2 48 1 52 2 306 1 174 3 20 5 116 2 54 1 263 1 209 1 55 1
125 31 27 8 1 30 1 472 1 139 1 9 1 17 1 5 1 256 1 257 1 258 1 325 1 285 1 483 1 29 1 393 1 417 1 362 1 364 1 438 1 49 1 268 1 13 1 47 2 48 1 52 2 20 1 11 1
206 55 25 40 1 30 1 78 1 101 1 472 1 139 1 102 1 9 1 17 1 23 1 256 1 325 1 311 1 774 1 483 1 788 1 339 1 362 1 253 1 789 1 772 1 48 1 252 1 249 2 45 1
250 69 27 112 1 113 1 357 1 79 1 23 1 573 1 325 1 256 1 257 1 258 1 285 1 286 1 29 1 31 1 393 1 355 2 417 1 362 1 364 1 575 1 661 1 4 1 253 1 48 1 68 1 259 1 163 1
//IdTournes NbColis
32 6
//IdColis IdCommandeInColis NbProducts IdProd1 QtyProd1 IdProd2 QtyProd2 ...
112 27 26 6 1 356 1 348 1 16 1 33 1 293 1 405 1 198 1 64 5 37 1 18 1 664 1 199 1 2 3 3 2 136 3 34 2 21 3 640 1 254 2 280 1 44 1 262 1 267 1 55 6 269 1
205 54 25 314 1 297 2 6 1 356 1 348 1 16 1 293 1 405 1 437 1 32 4 45 1 259 1 76 2 170 2 21 2 58 1 77 2 2 2 70 2 248 2 71 2 262 1 267 1 44 1 269 1
56 15 21 28 2 401 4 12 2 533 2 811 1 96 1 382 1 810 1 373 3 364 1 396 1 322 1 302 1 127 2 49 1 251 3 520 1 665 1 33 1 515 1 128 1
170 42 26 456 1 308 1 54 1 250 1 82 1 314 1 297 2 6 1 392 1 16 1 293 1 405 1 437 1 32 5 45 1 21 3 58 1 2 3 3 2 70 2 34 2 248 3 254 3 44 1 262 1 267 1
33 9 31 20 1 54 2 263 1 297 1 314 1 16 1 293 1 555 1 338 1 99 1 405 1 64 5 625 1 51 1 11 2 153 1 34 2 21 3 58 1 2 3 3 2 248 3 254 3 44 1 262 1 267 1 103 1 628 1 55 3 14 1 269 1
94 24 16 179 1 184 1 15 1 187 1 30 1 264 1 472 1 10 1 67 1 384 1 601 1 376 2 317 1 188 2 824 1 11 1
//IdTournes NbColis
33 6
//IdColis IdCommandeInColis NbProducts IdProd1 QtyProd1 IdProd2 QtyProd2 ...
149 36 25 52 1 20 5 297 1 6 1 338 2 405 1 294 1 290 1 231 1 64 5 773 1 87 1 232 1 233 1 50 1 11 1 516 1 34 2 21 3 2 3 3 2 254 3 248 3 280 1 55 5
164 41 17 239 1 244 1 40 1 78 2 101 1 472 1 10 2 67 1 9 1 17 1 23 1 125 1 531 1 256 1 257 1 691 1 163 1
168 42 15 524 1 112 1 113 3 472 1 67 5 709 1 104 1 278 1 79 2 23 1 666 1 530 1 319 1 14 1 269 1
171 43 13 245 1 669 1 668 1 85 1 15 1 8 1 30 1 472 1 67 1 601 1 317 1 105 1 55 2
160 39 26 47 2 52 2 351 1 20 5 54 1 263 1 82 2 645 1 238 1 6 1 429 1 294 1 290 1 231 2 32 5 45 1 34 2 21 3 58 1 2 3 3 2 70 2 248 3 254 3 631 2 74 4
215 58 22 308 1 263 1 297 1 6 1 405 1 290 2 537 1 32 5 43 1 848 1 50 1 45 1 34 2 248 3 254 3 21 3 58 1 2 3 3 2 70 2 288 1 224 1
//IdTournes NbColis
34 6
//IdColis IdCommandeInColis NbProducts IdProd1 QtyProd1 IdProd2 QtyProd2 ...
281 80 44 745 1 438 1 4 1 253 1 13 1 72 2 47 2 48 1 20 5 744 2 116 1 54 1 250 1 314 1 297 2 6 1 429 1 16 1 172 1 293 1 574 2 62 1 405 2 746 1 437 1 743 1 386 1 212 1 32 5 45 1 259 1 248 3 254 3 21 3 58 1 2 3 3 2 34 2 737 1 262 1 267 1 44 1 14 1 269 1
12 3 47 53 1 49 2 654 1 520 1 406 1 316 1 13 1 47 2 48 1 52 2 20 5 57 2 359 1 263 1 46 2 297 2 314 1 363 1 42 1 16 1 293 1 56 1 756 1 32 5 773 2 41 1 805 1 43 1 50 1 514 1 511 1 51 2 45 1 2 3 3 2 34 2 21 3 58 1 254 3 248 3 38 1 44 1 267 2 262 1 14 1 55 2 269 2
143 35 22 598 1 439 1 266 1 604 2 717 1 98 3 364 1 302 1 396 1 49 4 644 3 251 4 178 2 108 3 171 1 400 1 547 2 587 1 228 2 47 2 155 1 515 1
211 57 35 539 1 322 2 364 1 438 1 253 1 772 1 48 1 252 1 249 2 72 2 20 5 340 1 771 1 54 2 284 1 263 1 211 1 277 1 297 1 6 1 405 1 443 1 32 5 65 1 283 1 259 1 76 2 170 2 21 3 58 1 77 2 167 3 2 3 70 2 71 3
244 67 36 438 1 364 1 253 1 520 1 499 1 48 1 252 1 249 2 72 2 20 4 519 4 54 1 263 1 82 2 521 1 297 1 6 1 510 1 405 1 294 1 64 5 516 1 11 1 259 1 76 2 248 3 21 3 58 1 77 2 2 3 3 2 70 2 71 3 262 1 749 1 55 6
284 81 31 364 1 438 1 302 1 4 1 253 2 175 1 252 1 249 2 72 2 48 1 20 5 116 1 519 4 263 1 82 2 6 1 510 1 405 1 294 2 442 1 32 5 45 1 254 3 248 3 58 1 2 3 3 2 70 2 34 2 21 3 38 1
//IdTournes NbColis
35 6
//IdColis IdCommandeInColis NbProducts IdProd1 QtyProd1 IdProd2 QtyProd2 ...
44 12 30 654 1 527 1 506 1 47 2 48 1 52 2 20 5 517 3 111 2 450 1 54 1 263 1 297 1 6 1 405 1 110 1 840 1 294 1 32 5 114 1 839 2 45 1 34 2 21 3 58 1 2 3 3 2 70 2 248 3 254 3
18 5 26 30 1 264 1 17 1 23 1 256 1 257 1 258 1 325 1 285 1 265 1 718 1 73 1 393 1 355 1 417 1 253 2 654 2 72 2 48 1 252 1 249 2 20 3 519 1 54 1 74 1 269 1
86 22 25 80 1 40 1 78 1 30 1 9 1 17 1 23 1 256 1 257 1 258 1 325 1 265 1 621 1 339 1 352 1 572 1 253 1 171 1 72 2 48 1 249 2 252 1 351 1 20 2 294 1
130 33 18 162 1 15 1 30 1 8 1 365 1 139 4 740 1 829 1 376 1 59 1 9 1 17 1 5 1 133 1 332 1 300 1 329 1 74 1
241 66 17 162 1 36 4 30 1 78 1 365 1 17 1 23 1 256 1 257 1 258 1 325 1 22 1 24 1 25 1 26 1 27 1 20 1
286 82 20 264 1 30 1 383 1 376 1 104 1 59 1 9 1 5 1 17 1 530 1 256 1 325 2 778 1 291 1 702 1 780 1 258 2 257 1 445 1 49 1
//IdTournes NbColis
36 6
//IdColis IdCommandeInColis NbProducts IdProd1 QtyProd1 IdProd2 QtyProd2 ...
298 87 29 112 1 113 1 105 1 79 1 23 1 256 1 257 1 258 1 325 1 598 1 252 1 48 1 72 1 642 1 20 2 519 3 450 1 82 1 32 4 76 2 170 2 190 1 21 2 77 2 2 2 70 2 71 2 248 2 790 1
41 11 23 473 1 422 1 298 2 510 3 405 1 294 1 64 5 514 1 511 1 11 2 516 1 259 1 136 3 34 2 21 3 2 3 3 2 280 1 254 3 205 2 206 1 55 6 631 3
162 40 24 675 1 401 1 265 1 407 1 310 1 396 1 322 1 302 1 832 1 253 1 268 1 321 1 406 1 556 1 526 1 654 1 520 1 687 2 13 1 47 2 48 1 52 2 20 5 404 2
141 35 16 309 1 311 1 416 1 397 3 300 2 657 3 658 1 632 1 133 1 421 1 505 3 286 1 659 2 660 1 748 2 128 1
23 7 19 89 1 30 1 8 1 299 1 633 1 571 1 86 2 333 1 59 1 9 1 17 1 5 1 300 1 309 2 311 1 341 1 291 1 292 1 349 1
208 56 24 162 1 40 1 113 1 78 1 274 1 403 1 278 1 79 1 23 1 255 1 257 1 258 1 281 1 483 1 502 1 349 1 339 1 49 2 108 1 499 1 48 1 252 1 249 2 275 1
//IdTournes NbColis
37 6
//IdColis IdCommandeInColis NbProducts IdProd1 QtyProd1 IdProd2 QtyProd2 ...
116 28 14 326 2 64 5 11 1 516 1 136 3 34 2 21 3 2 3 3 2 640 1 254 3 262 1 55 4 74 4
124 30 26 82 2 521 1 301 1 314 1 293 1 296 1 298 1 208 1 207 2 510 1 405 1 294 1 326 1 743 2 64 5 11 1 516 1 121 2 34 2 21 3 2 3 3 2 248 3 254 3 55 4 74 3
129 32 26 20 2 54 1 263 1 559 1 763 1 297 1 6 1 405 1 212 1 326 4 294 1 443 5 32 5 214 1 847 1 3 2 213 2 34 2 21 3 58 1 2 3 248 3 254 3 55 6 74 4 269 2
251 69 23 642 2 72 2 252 1 519 3 250 1 82 1 297 1 6 1 574 1 294 1 32 4 45 1 76 2 170 2 21 2 58 1 77 2 2 2 70 2 71 2 223 1 248 2 269 1
252 70 21 614 1 40 1 30 1 264 1 139 1 709 1 9 1 17 1 23 1 613 1 255 1 256 1 257 1 258 1 285 1 143 1 31 1 393 1 417 1 352 1 116 1
263 74 22 40 1 100 1 30 1 78 1 706 1 102 3 278 1 23 1 79 1 255 1 257 1 258 1 281 1 708 1 385 1 339 1 501 1 373 1 532 1 447 1 253 1 6 1
//IdTournes NbColis
38 6
//IdColis IdCommandeInColis NbProducts IdProd1 QtyProd1 IdProd2 QtyProd2 ...
224 60 22 422 1 182 1 405 1 294 1 773 2 64 5 65 1 283 1 816 1 861 1 640 1 248 3 254 3 21 3 2 3 3 2 34 2 280 1 724 1 55 5 74 5 269 1
115 28 26 322 2 49 2 644 2 648 2 200 3 316 1 321 1 406 1 526 1 13 1 47 2 48 1 52 2 20 5 329 3 68 3 54 1 263 1 297 1 301 1 314 1 6 1 328 1 293 1 298 1 855 1
207 55 30 72 2 20 5 329 1 783 1 54 1 271 1 272 1 263 1 82 2 314 1 297 2 6 1 16 1 293 1 437 1 32 5 259 1 34 2 21 3 58 1 2 3 3 2 70 2 248 3 254 3 262 2 273 1 267 1 44 1 14 1
30 9 12 15 1 100 1 676 3 30 1 8 1 101 1 357 2 104 1 376 1 102 4 9 1 47 1
234 64 17 162 1 40 1 30 1 78 1 139 3 822 1 376 1 492 1 317 1 59 1 105 2 278 1 79 1 23 1 484 1 397 1 533 1
126 31 31 20 4 517 1 467 1 54 1 263 1 211 1 762 1 314 1 297 2 6 1 16 1 293 1 405 1 294 1 64 5 516 1 259 1 34 2 21 3 2 3 3 2 248 3 254 3 280 1 640 1 262 1 267 1 44 1 515 1 14 1 269 1
//IdTournes NbColis
39 6
//IdColis IdCommandeInColis NbProducts IdProd1 QtyProd1 IdProd2 QtyProd2 ...
80 20 26 20 5 116 2 467 2 263 1 150 1 378 1 314 1 297 1 301 1 6 3 293 1 650 3 405 1 386 2 294 1 290 3 32 5 152 2 516 1 2 3 3 2 34 2 21 3 248 3 254 3 55 3
189 48 25 512 1 314 1 297 1 6 1 16 1 293 1 32 5 736 1 514 1 511 1 45 1 516 1 2 3 3 2 70 2 21 3 58 1 248 3 201 1 254 3 34 2 262 1 44 1 515 2 14 1
201 52 32 20 4 314 1 297 2 6 1 217 2 293 1 696 1 405 2 290 1 294 1 698 1 64 5 18 1 147 1 120 1 45 1 259 1 121 1 77 2 2 3 3 2 70 2 21 3 248 3 254 3 44 1 262 1 267 1 14 1 55 6 74 2 269 2
266 75 42 438 1 663 1 665 1 499 1 47 2 48 1 13 1 72 2 20 5 649 1 54 1 263 1 314 1 297 2 6 1 16 1 33 1 293 1 405 1 756 1 562 1 294 1 32 5 37 1 18 1 154 1 664 1 45 1 189 1 34 2 248 3 21 3 2 3 3 2 254 3 280 1 44 1 262 1 267 1 128 1 14 1 269 1
294 85 44 438 1 253 1 252 1 249 2 72 2 48 1 20 5 54 1 250 1 284 1 858 1 314 1 297 1 6 1 16 1 293 1 276 1 785 1 405 1 110 1 437 1 157 1 786 2 122 1 859 1 773 1 32 5 45 1 259 1 248 2 170 2 21 3 58 1 77 2 2 3 70 2 71 3 76 2 262 1 267 1 44 1 628 1 14 1 269 1
109 27 12 15 1 131 5 187 1 8 1 30 1 139 1 10 1 399 2 86 1 508 2 20 1 14 1
//IdTournes NbColis
40 6
//IdColis IdCommandeInColis NbProducts IdProd1 QtyProd1 IdProd2 QtyProd2 ...
236 64 33 821 1 322 2 485 1 316 1 487 1 171 1 406 1 48 1 252 1 249 2 72 2 20 5 489 2 490 2 54 1 263 1 297 1 6 1 294 1 212 1 32 5 227 3 677 2 259 1 248 3 254 3 34 2 21 3 2 3 3 2 70 2 163 2 269 1
117 29 10 203 1 451 1 15 2 8 1 30 1 357 1 299 1 10 2 67 2 684 2
180 45 26 293 1 216 2 548 1 294 1 290 2 786 1 122 1 32 5 152 1 664 1 50 1 516 1 259 1 121 1 21 3 58 1 2 3 3 2 34 2 248 3 254 3 44 1 262 1 267 1 14 1 269 3
192 49 23 263 1 297 2 16 1 293 1 650 1 755 1 294 3 32 5 45 1 259 1 58 1 2 3 3 2 70 2 21 3 248 3 34 2 254 3 44 1 262 1 267 1 14 1 269 1
7 2 16 36 4 35 1 30 2 264 1 23 1 255 1 256 1 257 1 258 1 774 1 22 1 24 1 25 1 26 1 27 1 20 1
54 15 10 196 1 40 1 131 5 187 1 30 1 264 1 299 1 139 2 10 1 102 1
//IdTournes NbColis
41 6
//IdColis IdCommandeInColis NbProducts IdProd1 QtyProd1 IdProd2 QtyProd2 ...
202 53 34 112 1 113 1 86 1 79 1 23 1 255 1 256 1 257 1 258 1 251 1 253 1 48 1 72 2 249 2 252 1 20 4 63 1 54 1 250 1 6 1 180 1 32 4 43 1 45 1 259 1 34 2 190 1 21 3 58 2 2 3 248 3 3 2 70 2 254 3
258 72 36 162 1 112 1 113 1 10 1 635 1 79 1 23 1 255 1 257 1 258 1 281 1 253 1 72 2 637 2 638 1 639 1 519 3 54 1 250 1 82 1 6 1 165 1 636 1 32 4 45 1 259 1 76 2 169 2 170 2 58 1 77 2 167 2 2 2 70 2 71 2 128 1
9 2 3 34 1 254 2 248 2
37 10 19 32 3 18 2 154 2 147 4 664 2 11 1 153 1 58 1 2 3 3 2 34 2 21 3 248 3 254 3 44 1 262 1 267 1 790 2 14 2
108 26 13 64 2 37 1 516 2 153 1 21 3 2 3 3 2 34 2 640 1 248 3 254 3 280 1 55 5
177 44 14 32 2 43 1 45 1 21 3 58 1 2 3 3 2 70 2 34 2 248 3 254 3 205 1 103 1 651 1
//IdTournes NbColis
42 6
//IdColis IdCommandeInColis NbProducts IdProd1 QtyProd1 IdProd2 QtyProd2 ...
291 83 12 64 1 37 1 227 3 11 1 254 3 248 3 21 3 58 1 2 3 3 2 34 2 55 4
145 35 26 64 2 65 2 230 1 231 1 37 1 229 1 168 1 43 1 853 2 227 2 136 3 34 2 640 1 21 3 2 3 3 2 280 5 199 3 262 1 267 1 44 1 628 1 515 2 55 6 14 1 74 2
134 33 10 136 1 34 2 21 3 2 3 254 3 3 2 280 1 273 2 749 1 14 5
240 65 1 273 1
67 18 10 142 1 239 1 179 1 85 1 241 1 40 1 131 2 36 3 240 1 20 1
139 35 12 617 1 85 1 15 1 187 1 30 1 8 1 274 2 139 2 633 2 10 2 86 2 853 1
//IdTournes NbColis
43 1
//IdColis IdCommandeInColis NbProducts IdProd1 QtyProd1 IdProd2 QtyProd2 ...
26 7 1 55 2
