//NbTournees
19
//IdTournes NbColis
1 6
//IdColis IdCommandeInColis NbProducts IdProd1 QtyProd1 IdProd2 QtyProd2 ...
56 13 10 477 1 45 1 369 1 375 1 72 1 7 1 314 1 155 1 299 1 315 1
63 14 11 478 1 12 1 369 1 375 1 26 1 152 1 155 1 299 1 245 1 282 1 351 1
80 18 15 47 1 369 1 5 1 72 1 375 1 197 1 163 1 200 1 201 1 161 1 159 1 136 1 142 1 165 1 2 1
116 30 16 367 1 369 1 47 1 5 1 375 1 267 1 290 1 197 1 136 1 142 1 273 1 171 1 279 1 281 1 2 1 205 1
83 19 11 47 1 380 1 5 1 375 1 461 1 416 1 479 1 215 1 197 1 118 2 159 1
86 20 9 398 1 45 1 375 1 72 1 380 1 312 1 299 3 245 1 82 1
//IdTournes NbColis
2 6
//IdColis IdCommandeInColis NbProducts IdProd1 QtyProd1 IdProd2 QtyProd2 ...
98 24 11 47 1 5 2 380 1 375 1 379 1 223 1 117 1 339 1 354 1 201 2 222 1
104 26 14 405 1 47 1 380 1 5 1 375 1 223 1 117 1 339 1 153 1 343 1 253 1 166 1 335 1 121 1
123 33 13 45 1 12 1 375 1 380 1 223 1 267 1 270 1 109 1 159 1 343 1 345 1 142 1 265 1
125 34 21 375 1 380 1 223 1 358 1 118 2 387 1 388 1 389 1 390 1 391 1 386 1 169 1 8 1 393 1 204 1 125 1 181 1 394 1 219 1 305 1 210 1
121 32 10 80 1 45 1 409 1 412 1 408 1 413 1 267 1 333 1 270 1 159 1
127 35 12 4 1 409 1 408 1 128 1 110 1 410 1 204 1 125 1 203 1 218 1 124 1 411 1
//IdTournes NbColis
3 6
//IdColis IdCommandeInColis NbProducts IdProd1 QtyProd1 IdProd2 QtyProd2 ...
130 38 8 463 1 425 1 464 2 465 1 461 1 462 1 296 1 468 1
31 8 7 80 1 482 1 483 1 12 1 45 1 6 1 330 1
32 8 12 72 1 416 1 7 1 74 1 131 1 223 1 359 1 95 1 239 1 163 3 170 1 11 1
41 10 7 80 1 482 1 483 1 45 1 12 1 72 1 155 1
42 10 15 416 1 7 1 74 1 299 1 312 1 245 1 223 1 355 1 154 1 313 1 339 1 356 1 319 1 157 1 175 1
50 12 5 4 2 482 1 478 1 12 1 45 1
//IdTournes NbColis
4 6
//IdColis IdCommandeInColis NbProducts IdProd1 QtyProd1 IdProd2 QtyProd2 ...
94 23 13 398 1 12 1 416 1 179 1 252 1 117 1 339 1 266 1 128 1 354 1 320 1 366 1 93 1
1 1 8 4 1 1 1 12 1 3 1 6 1 431 1 5 1 135 1
90 21 17 45 1 419 1 245 1 247 1 223 1 117 1 128 1 246 1 142 1 243 1 98 1 115 1 244 1 105 1 2 1 50 1 204 1
2 1 12 47 1 412 1 7 1 188 2 155 1 312 1 154 1 339 1 331 1 157 1 330 3 29 1
6 2 11 12 2 13 1 14 1 155 1 240 1 299 1 245 1 282 1 239 1 154 1 104 1
101 25 21 7 1 223 1 117 1 126 1 339 1 128 1 257 1 259 1 214 1 343 1 136 1 253 1 115 1 146 1 244 1 54 1 250 1 423 1 76 1 22 1 420 1
//IdTournes NbColis
5 6
//IdColis IdCommandeInColis NbProducts IdProd1 QtyProd1 IdProd2 QtyProd2 ...
66 14 24 374 1 368 1 370 1 371 1 310 1 199 1 144 1 113 1 99 1 151 1 147 1 321 1 357 1 220 3 203 1 141 1 111 1 149 1 158 2 123 1 143 1 306 1 362 1 59 3
91 21 16 125 1 97 1 368 1 106 1 418 1 120 1 144 1 219 1 203 1 218 1 124 1 217 1 123 1 242 1 182 2 417 1
117 30 29 204 1 125 1 181 1 187 1 368 1 370 1 374 1 371 1 373 1 199 1 350 1 249 1 208 1 287 1 288 1 103 1 210 1 372 1 203 1 218 2 124 2 289 1 158 1 269 1 182 1 242 1 291 1 292 1 71 1
3 1 22 161 1 138 1 308 1 159 1 112 2 136 1 142 1 165 1 189 1 328 1 329 1 156 1 307 1 243 1 146 1 186 1 236 1 160 3 190 1 8 1 31 1 22 1
12 3 26 307 1 156 1 265 1 146 1 236 1 160 1 244 4 234 1 31 1 8 1 22 1 2 1 32 1 35 1 36 1 97 1 233 1 145 1 125 1 276 1 41 2 27 1 29 1 33 1 34 1 106 1
44 10 24 22 1 8 1 88 1 2 1 97 3 204 2 125 1 29 1 33 1 34 1 39 1 42 1 173 3 177 3 199 1 310 1 89 2 113 1 144 1 248 2 305 1 176 1 225 1 318 2
//IdTournes NbColis
6 6
//IdColis IdCommandeInColis NbProducts IdProd1 QtyProd1 IdProd2 QtyProd2 ...
53 12 25 159 1 142 1 156 1 98 1 213 2 307 3 329 1 243 1 236 1 21 1 22 1 31 1 8 1 2 1 35 1 415 1 97 1 196 1 125 1 204 2 135 1 27 1 34 1 39 1 96 1
69 15 26 308 1 118 1 159 1 136 2 142 1 335 1 156 1 98 1 243 1 329 1 146 1 160 1 54 1 8 1 22 1 23 1 11 1 2 1 17 1 73 1 24 1 25 1 97 1 204 1 125 1 135 1
73 16 19 313 2 330 3 138 1 308 1 159 1 303 1 98 1 115 1 156 1 329 1 146 1 186 1 102 1 105 2 227 2 169 1 8 1 22 1 2 1
78 17 28 192 1 146 1 325 1 309 1 105 1 190 1 326 1 191 1 281 2 8 1 31 1 90 1 22 1 2 1 35 1 97 1 196 1 204 2 125 1 29 1 33 1 34 1 39 1 42 1 310 1 144 2 248 1 219 1
15 4 16 44 1 45 1 26 1 267 1 270 1 278 1 272 1 214 1 138 1 275 1 142 1 265 1 273 1 279 1 271 1 101 1
17 5 11 48 1 12 1 47 1 56 1 155 1 299 1 245 1 239 1 266 1 197 1 159 1
//IdTournes NbColis
7 6
//IdColis IdCommandeInColis NbProducts IdProd1 QtyProd1 IdProd2 QtyProd2 ...
51 12 10 425 1 58 1 6 1 5 1 47 1 56 1 155 1 299 1 312 1 95 1
72 16 12 425 1 47 1 179 1 185 1 152 1 155 1 299 1 312 1 180 2 197 1 154 1 331 1
25 6 23 457 1 199 1 310 1 317 1 113 1 144 1 212 1 120 2 305 1 151 1 164 1 348 1 203 1 111 1 149 1 172 1 158 1 143 2 175 1 63 3 61 1 59 1 38 1
29 7 20 68 1 69 1 106 1 134 1 120 1 249 1 344 1 225 2 318 2 203 1 218 2 124 2 133 1 116 3 123 1 289 1 182 3 130 1 63 1 66 1
36 8 11 289 1 162 1 360 1 75 1 78 1 168 1 361 1 71 2 79 3 63 2 434 1
61 13 14 158 1 316 1 143 1 258 1 451 1 401 3 79 2 62 1 63 3 71 3 92 1 402 1 100 1 302 2
//IdTournes NbColis
8 6
//IdColis IdCommandeInColis NbProducts IdProd1 QtyProd1 IdProd2 QtyProd2 ...
4 1 29 2 1 50 1 187 1 97 1 285 1 125 1 33 1 34 1 27 1 39 1 42 1 310 1 199 1 113 1 429 1 176 1 203 1 172 1 116 1 158 1 143 1 9 1 435 1 175 1 332 1 430 2 433 1 432 1 434 1
45 10 17 353 1 357 1 203 1 218 2 124 2 172 1 149 2 158 1 217 3 116 1 269 3 143 1 9 1 168 1 178 3 306 1 46 1
34 8 19 161 1 343 2 112 1 166 1 165 3 303 1 115 1 105 2 160 1 244 1 54 1 484 1 76 2 77 1 23 2 73 3 50 1 17 1 25 1
59 13 19 156 1 329 1 265 1 108 2 186 1 137 1 146 2 236 4 102 1 105 1 160 2 244 1 281 4 55 1 16 1 87 1 24 1 73 1 2 1
8 2 26 281 4 21 1 22 2 23 1 10 1 20 1 11 1 2 1 16 1 17 1 19 1 24 1 25 1 237 1 97 1 125 1 18 1 337 2 336 1 457 1 310 1 199 1 208 1 212 1 113 2 344 1
27 7 14 12 1 64 1 263 1 256 1 117 2 339 1 128 1 214 1 327 1 153 1 138 1 343 1 324 1 166 1
//IdTournes NbColis
9 6
//IdColis IdCommandeInColis NbProducts IdProd1 QtyProd1 IdProd2 QtyProd2 ...
39 9 30 343 1 136 1 115 1 244 1 60 1 83 2 21 1 23 1 81 1 20 1 11 1 2 1 84 1 17 1 87 1 25 1 97 1 125 1 129 1 204 1 122 1 135 1 15 1 85 1 18 1 106 1 350 1 120 1 127 1 361 1
77 17 20 308 1 159 1 427 1 387 2 389 2 390 1 391 1 136 2 428 1 142 1 114 1 324 1 246 1 426 1 156 1 98 1 307 1 243 1 329 1 265 1
20 5 31 18 1 37 1 51 1 199 1 310 1 53 1 113 2 144 1 211 1 132 3 212 1 248 1 429 1 210 2 357 1 164 1 203 1 141 1 111 1 149 1 158 1 143 1 52 1 175 1 306 1 46 1 62 1 93 1 59 1 434 3 453 1
81 18 27 165 2 202 1 376 1 55 1 377 1 187 1 204 1 125 1 181 1 370 1 374 1 206 1 371 1 199 1 208 1 209 1 103 1 207 1 210 1 363 1 203 1 158 1 289 1 182 1 198 1 205 1 378 1
49 11 17 91 1 225 2 121 2 101 1 348 1 203 1 218 2 124 2 123 1 133 1 230 1 289 1 143 1 242 1 94 1 93 2 92 1
10 3 10 28 1 12 1 26 1 155 1 299 1 312 1 282 2 231 2 232 1 315 1
//IdTournes NbColis
10 6
//IdColis IdCommandeInColis NbProducts IdProd1 QtyProd1 IdProd2 QtyProd2 ...
68 15 14 13 1 5 1 47 1 74 1 155 1 245 1 299 1 154 1 339 1 272 1 148 1 157 1 153 1 138 1
107 27 15 47 1 5 1 179 1 282 1 355 1 267 1 193 1 117 1 163 1 339 1 354 1 341 1 200 1 214 2 59 1
131 38 14 47 1 312 1 352 1 333 1 313 1 339 1 266 1 330 3 161 1 118 1 473 3 476 1 334 1 307 1
18 5 15 154 2 339 1 157 1 338 1 174 1 201 3 138 1 308 1 136 1 142 2 114 1 335 3 98 1 307 1 11 1
24 6 28 189 1 307 1 156 1 329 1 243 1 265 1 146 1 186 1 236 1 160 1 244 1 60 1 22 1 23 1 11 1 2 1 17 1 24 1 25 1 97 1 276 1 271 1 41 3 15 1 18 1 37 1 458 1 455 1
28 7 24 165 1 335 1 156 1 229 1 115 1 342 1 307 2 227 2 244 1 65 1 54 1 22 1 23 1 70 1 11 1 2 1 67 1 24 1 25 1 145 2 204 1 125 1 135 1 255 3
//IdTournes NbColis
11 6
//IdColis IdCommandeInColis NbProducts IdProd1 QtyProd1 IdProd2 QtyProd2 ...
48 11 31 228 1 229 1 227 1 105 1 54 1 190 1 222 1 347 1 22 1 11 1 2 1 67 1 24 1 25 1 187 1 145 1 204 1 125 1 122 1 15 1 18 1 37 1 106 1 351 1 350 1 226 1 167 1 134 1 305 2 120 1 168 1
65 14 26 159 1 389 1 427 1 387 1 364 1 142 1 114 1 98 1 156 1 329 1 265 1 137 1 108 1 146 1 236 1 309 1 322 2 393 1 55 1 11 1 2 1 377 1 97 1 145 1 150 1 455 1
84 19 28 221 1 216 1 142 1 190 1 222 1 11 1 50 1 19 1 377 1 204 1 125 1 181 1 370 1 371 1 481 1 219 3 107 1 103 1 210 1 220 1 203 1 218 2 124 2 158 1 217 1 182 1 480 1 38 1
95 23 27 341 1 153 1 343 1 136 1 251 1 216 1 253 1 165 1 335 1 156 1 229 1 115 1 309 1 105 1 244 1 54 1 22 1 23 1 11 1 2 1 415 1 67 1 25 1 204 1 125 1 122 1 130 1
102 25 31 70 1 11 1 2 1 36 1 67 1 24 1 422 1 25 1 204 1 125 1 15 1 37 1 68 1 106 1 421 1 226 1 120 1 254 2 249 2 134 1 107 1 203 1 218 2 124 2 123 1 133 1 289 1 258 1 143 1 162 1 59 1
108 27 22 214 2 308 1 159 3 343 1 112 1 253 1 166 1 115 1 146 1 227 1 244 1 54 2 281 1 23 1 11 1 2 1 436 1 437 1 67 1 24 1 439 1 25 1
//IdTournes NbColis
12 6
//IdColis IdCommandeInColis NbProducts IdProd1 QtyProd1 IdProd2 QtyProd2 ...
22 6 10 57 1 12 1 58 1 241 1 155 1 299 1 312 1 231 3 154 1 62 1
38 9 13 12 1 58 1 86 1 131 1 117 1 126 1 339 1 128 1 354 1 201 2 118 1 119 1 130 1
47 11 16 12 1 346 1 223 1 224 1 117 1 339 1 349 1 290 1 128 1 300 1 201 2 221 1 343 1 115 1 213 1 71 1
76 17 14 12 1 155 1 299 1 245 1 193 1 154 1 339 1 290 1 195 1 157 1 338 1 327 3 138 1 199 1
122 32 21 334 1 414 1 335 1 279 1 265 1 171 1 102 1 204 1 125 1 181 1 336 1 225 1 103 1 210 1 220 1 203 1 218 1 124 1 274 1 182 1 71 1
19 5 25 156 1 329 1 265 1 146 1 236 1 309 1 54 1 190 1 21 1 55 3 22 1 23 1 2 1 50 1 17 1 24 1 25 1 187 3 97 1 196 1 204 2 125 1 135 1 49 1 15 1
//IdTournes NbColis
13 6
//IdColis IdCommandeInColis NbProducts IdProd1 QtyProd1 IdProd2 QtyProd2 ...
35 8 27 24 1 2 1 125 1 204 1 135 1 18 1 37 1 106 1 350 1 167 1 132 2 134 1 226 1 248 2 120 1 305 1 429 3 456 1 121 1 164 1 348 3 203 1 133 1 116 2 217 3 123 1 289 1
60 13 26 2 1 97 1 145 1 276 1 204 2 125 1 106 1 177 2 337 1 295 3 199 1 310 1 113 1 144 1 248 3 99 1 107 1 287 2 103 1 225 2 353 1 203 1 111 1 172 1 116 3 104 1
88 20 27 265 1 243 1 236 1 146 1 186 1 105 1 160 1 190 1 55 1 2 2 404 1 187 2 97 1 204 2 125 1 399 1 199 1 310 1 144 1 113 1 363 1 203 1 218 2 124 3 158 1 149 1 402 1
99 24 25 161 1 136 1 166 1 165 1 115 1 307 2 105 1 244 1 55 1 2 1 377 1 145 2 125 1 255 1 370 1 382 1 374 1 106 1 351 1 371 1 381 1 383 2 248 1 120 1 254 3
105 26 28 229 1 115 1 105 1 227 1 244 1 406 1 222 1 459 4 395 1 393 1 2 1 377 1 407 1 125 1 204 1 122 1 135 1 370 1 34 1 374 1 106 1 295 1 371 1 350 1 211 1 134 1 120 1 167 1
113 29 17 413 1 282 2 267 1 280 1 197 1 193 1 157 1 159 2 136 1 284 1 279 1 265 1 441 1 444 1 281 2 442 1 2 1
//IdTournes NbColis
14 6
//IdColis IdCommandeInColis NbProducts IdProd1 QtyProd1 IdProd2 QtyProd2 ...
124 33 18 395 1 2 1 377 1 396 1 204 1 125 1 181 1 370 1 219 1 212 1 203 1 218 2 124 2 274 1 217 1 116 1 158 1 397 1
128 36 12 5 1 259 1 345 1 136 1 2 1 204 1 125 1 203 1 218 1 124 1 158 1 446 1
129 37 12 280 1 156 1 105 1 2 1 204 1 125 1 33 1 447 1 121 1 203 1 218 1 124 1
132 38 22 334 2 23 2 2 2 466 1 377 1 196 3 97 1 276 2 370 1 18 1 457 3 295 1 261 1 336 1 371 1 469 1 144 1 132 2 470 1 107 2 287 2 182 1
52 12 15 485 1 197 1 109 1 117 1 154 1 339 1 195 2 354 1 157 1 338 1 330 3 214 1 138 1 308 1 165 1
89 20 6 172 1 143 1 401 1 403 1 306 1 400 1
//IdTournes NbColis
15 6
//IdColis IdCommandeInColis NbProducts IdProd1 QtyProd1 IdProd2 QtyProd2 ...
74 16 29 97 1 181 1 125 1 424 2 29 1 34 1 39 1 42 1 173 1 310 1 199 1 113 1 144 1 311 1 248 1 305 3 176 1 287 2 203 1 172 1 158 1 277 1 183 1 182 2 143 1 104 1 306 1 184 1 62 1
16 4 15 204 1 125 1 150 1 276 1 33 1 103 2 210 1 203 1 218 1 124 1 274 1 217 1 277 1 205 1 43 1
13 3 20 37 1 39 1 42 1 310 1 365 1 144 1 113 1 305 1 287 1 210 2 357 1 203 1 111 1 172 1 158 2 143 1 258 2 40 1 30 1 38 1
92 22 24 431 1 245 1 223 1 117 1 128 1 165 1 213 1 243 1 98 1 229 1 115 1 244 1 105 1 250 1 204 1 125 1 97 1 106 1 248 1 120 1 249 1 344 1 225 1 203 1
40 9 13 132 1 134 2 99 2 121 1 124 2 203 1 218 2 116 2 123 1 133 1 289 1 79 1 82 1
43 10 19 331 1 174 1 330 3 161 1 138 1 308 1 159 1 323 1 142 1 114 1 171 2 115 2 98 1 156 1 329 1 146 1 31 1 21 1 90 1
//IdTournes NbColis
16 6
//IdColis IdCommandeInColis NbProducts IdProd1 QtyProd1 IdProd2 QtyProd2 ...
114 29 31 443 1 262 1 125 1 181 1 285 1 440 1 204 1 199 1 248 1 219 1 429 1 103 1 283 1 288 1 363 1 220 1 203 1 218 2 124 2 116 1 158 1 269 1 182 1 143 1 360 1 286 1 75 1 294 1 205 1 445 1 385 1
7 2 18 339 1 338 1 201 3 161 1 138 1 308 1 136 2 246 1 335 1 460 1 156 1 98 1 171 2 329 1 243 1 146 2 309 1 15 1
70 15 21 15 1 18 1 199 1 310 1 144 1 99 2 363 1 348 1 203 1 218 2 124 2 158 1 141 1 149 1 143 1 258 1 40 1 104 1 306 1 362 1 59 1
96 23 20 135 1 15 1 18 1 106 1 249 1 167 1 134 1 120 1 203 1 218 2 124 2 217 1 123 1 133 1 230 1 289 1 269 1 130 1 93 1 62 1
109 27 24 204 1 125 1 15 1 18 1 37 2 106 1 261 1 350 1 438 1 132 1 134 1 167 1 120 1 305 3 249 4 344 1 147 1 225 2 340 2 121 4 363 1 101 1 203 1 218 2
126 34 9 203 1 218 2 124 2 274 1 116 1 158 1 392 1 384 1 385 2
//IdTournes NbColis
17 6
//IdColis IdCommandeInColis NbProducts IdProd1 QtyProd1 IdProd2 QtyProd2 ...
54 12 27 42 1 33 1 199 2 310 1 448 1 113 1 144 1 254 2 305 1 287 2 121 2 357 1 164 1 203 1 218 2 124 2 172 3 116 1 111 1 158 1 269 1 143 1 198 1 292 1 79 1 38 1 449 1
58 13 14 330 3 161 1 138 2 308 1 159 1 387 2 112 3 450 1 114 1 452 1 98 1 110 3 171 2 101 1
133 38 24 287 3 103 1 207 1 210 2 225 1 318 2 121 1 288 1 220 3 101 1 164 1 203 1 472 1 172 1 116 1 474 1 217 1 182 2 475 1 286 1 471 1 467 1 59 1 434 1
23 6 17 313 1 339 1 333 1 272 1 157 1 331 1 330 3 214 1 161 1 138 1 308 1 159 1 112 1 136 2 114 1 246 1 21 1
79 17 12 101 1 203 1 218 1 116 4 141 1 158 1 143 1 104 1 194 1 306 1 362 1 38 1
110 27 7 124 2 123 1 133 1 289 1 168 1 361 1 62 3
//IdTournes NbColis
18 6
//IdColis IdCommandeInColis NbProducts IdProd1 QtyProd1 IdProd2 QtyProd2 ...
64 14 15 266 1 154 1 339 1 128 1 148 1 319 1 140 1 157 1 338 1 139 3 320 1 201 3 138 1 308 1 454 1
87 20 16 352 1 355 1 154 1 339 1 333 1 235 1 157 1 330 3 214 2 161 1 138 1 308 1 159 1 156 1 98 1 329 1
111 28 25 263 1 267 1 264 1 266 1 268 1 159 1 136 1 265 1 213 1 262 1 204 1 125 1 233 1 181 1 219 1 103 1 203 1 218 2 124 2 123 1 116 1 158 1 269 1 258 1 182 1
100 24 14 167 1 132 1 134 1 121 1 363 3 101 1 203 1 123 1 116 2 289 1 162 2 130 1 168 1 362 1
33 8 11 301 1 304 3 154 1 278 1 339 1 349 3 128 1 272 3 354 1 201 1 169 1
9 2 10 287 1 203 1 141 1 111 1 158 1 143 1 175 1 306 1 362 1 238 1
//IdTournes NbColis
19 5
//IdColis IdCommandeInColis NbProducts IdProd1 QtyProd1 IdProd2 QtyProd2 ...
93 22 8 218 1 124 1 123 1 116 1 242 1 182 1 130 1 362 1
57 13 9 355 2 109 5 301 3 197 1 232 1 154 1 339 1 290 1 354 1
119 31 26 296 1 299 1 267 1 197 1 300 1 153 1 159 1 142 1 265 1 293 1 204 1 125 1 181 1 295 1 297 1 298 1 207 1 203 1 218 1 124 1 116 1 269 1 182 1 242 1 294 1 198 1
106 26 11 249 1 121 1 260 1 218 2 124 2 203 1 123 1 133 1 230 1 289 1 168 1
11 3 16 154 1 313 1 339 2 148 1 331 1 330 3 161 1 138 1 308 1 323 1 112 1 136 2 364 1 246 1 229 1 189 1
