//NbTournees
9
//IdTournes NbColis
1 6
//IdColis IdCommandeInColis NbProducts IdProd1 QtyProd1 IdProd2 QtyProd2 ...
10 1 12 423 1 201 3 21 1 296 2 298 2 385 1 401 2 419 2 215 1 221 3 223 1 152 1
48 3 16 423 1 201 2 296 1 298 2 385 1 401 1 419 1 215 1 216 1 226 2 227 1 238 1 251 1 271 2 276 1 31 1
46 3 12 282 2 291 2 293 1 306 2 317 1 321 1 325 2 340 1 347 2 351 1 364 2 216 1
54 3 30 363 1 338 1 205 2 240 1 151 5 335 1 337 1 217 2 120 2 242 1 124 5 237 2 58 2 64 2 35 2 37 2 38 2 40 1 89 2 121 3 184 2 210 2 46 3 109 2 247 1 112 1 14 3 243 1 10 1 2 1
14 1 23 73 2 123 2 430 2 437 2 250 1 19 3 51 1 63 2 74 2 95 2 173 1 180 3 141 2 50 2 67 2 122 2 193 2 218 1 315 1 326 3 345 1 333 1 15 1
30 2 21 73 2 123 2 229 2 19 3 51 2 74 2 95 2 180 3 90 4 218 2 315 1 326 3 333 1 334 2 345 1 366 2 381 2 332 1 152 1 40 1 1 1
//IdTournes NbColis
2 6
//IdColis IdCommandeInColis NbProducts IdProd1 QtyProd1 IdProd2 QtyProd2 ...
13 1 22 414 1 421 1 31 1 266 1 411 1 142 2 245 1 220 1 233 1 313 1 290 1 327 3 328 1 354 3 355 3 356 1 365 1 375 3 393 3 441 1 33 1 2 1
22 2 12 139 1 172 1 165 1 170 1 171 1 175 1 137 1 138 1 174 1 149 2 206 1 219 1
23 2 20 206 1 449 1 450 1 219 1 225 2 249 1 252 1 254 1 255 2 256 1 257 1 259 2 261 2 262 1 263 1 267 2 273 1 283 1 118 1 79 3
29 2 24 394 1 402 1 407 1 417 1 418 1 424 2 303 2 305 1 331 1 378 1 414 1 421 1 31 1 266 1 411 1 415 2 4 1 9 2 68 1 96 1 142 1 264 1 220 1 92 1
50 3 26 424 1 286 1 300 1 303 1 305 1 331 1 378 1 414 1 421 1 31 1 266 1 369 2 4 2 9 2 96 1 142 1 264 1 220 1 233 2 290 1 313 1 327 2 328 1 354 2 355 1 33 1
28 2 15 319 1 221 2 223 2 238 1 271 2 307 2 324 2 343 1 368 1 376 1 380 2 386 2 394 1 265 1 99 1
//IdTournes NbColis
3 6
//IdColis IdCommandeInColis NbProducts IdProd1 QtyProd1 IdProd2 QtyProd2 ...
7 1 11 222 3 224 3 228 1 258 1 260 1 282 3 294 2 306 1 291 3 124 1 79 1
45 3 16 435 1 436 1 416 1 438 1 440 2 420 2 422 1 443 1 444 1 445 1 348 1 222 2 224 2 260 1 21 2 10 1
3 1 17 149 1 206 2 449 1 47 1 225 2 249 2 252 2 254 1 255 2 268 1 269 1 273 1 277 1 259 3 261 2 21 1 79 2
11 1 14 227 1 271 2 276 1 307 3 324 2 343 1 358 2 368 1 370 1 376 1 380 3 386 1 402 1 303 1
41 3 16 225 2 248 1 249 1 252 1 253 2 254 1 255 2 273 1 256 2 274 1 257 1 275 1 277 2 259 2 135 1 13 2
6 1 18 410 2 413 1 425 1 427 1 429 1 436 2 438 1 440 1 442 1 422 1 443 1 445 1 304 2 330 2 348 1 228 1 13 1 33 1
//IdTournes NbColis
4 6
//IdColis IdCommandeInColis NbProducts IdProd1 QtyProd1 IdProd2 QtyProd2 ...
51 3 22 355 1 356 1 365 1 393 2 441 1 447 2 73 2 123 2 229 2 250 1 235 1 19 3 51 3 63 2 74 2 95 2 141 2 173 3 180 3 50 1 67 2 212 1
55 3 48 14 2 239 2 241 1 94 5 99 5 154 5 230 1 204 3 116 2 117 1 232 1 236 2 110 5 54 2 55 2 27 2 61 1 77 1 104 1 177 2 211 2 234 2 244 2 11 1 32 2 7 2 52 4 30 1 76 1 81 1 98 1 182 1 3 2 71 2 72 2 102 2 103 2 106 2 187 2 15 1 20 2 59 2 41 2 111 1 97 2 100 1 33 1 2 1
16 1 31 338 3 151 4 359 1 337 1 124 2 35 2 37 2 38 2 58 2 60 1 89 3 121 2 184 2 210 1 247 1 112 1 14 5 243 2 241 1 94 5 99 5 154 5 204 3 44 1 117 1 232 2 236 3 270 2 110 5 54 1 7 1
32 2 53 94 2 99 4 154 5 204 3 232 1 236 2 270 2 54 2 55 2 27 2 77 1 234 2 244 2 32 2 52 5 30 1 76 1 98 1 182 1 3 2 15 2 20 2 41 2 97 2 100 2 126 2 34 2 82 2 150 2 147 1 8 1 25 1 39 1 190 1 83 2 92 2 118 2 143 3 189 3 86 2 87 2 93 2 125 2 56 2 6 2 127 5 145 5 144 5 1 2 2 4 17 5 36 5 88 3
52 3 20 90 5 122 1 193 2 281 2 297 2 315 1 329 2 345 1 357 2 333 1 334 2 366 2 367 1 381 2 387 1 388 1 397 2 403 1 231 1 112 1
53 3 20 403 1 231 1 332 2 105 1 134 2 203 1 152 5 153 4 48 2 65 2 178 1 272 2 360 2 101 1 108 1 113 5 115 2 148 2 288 2 33 1
//IdTournes NbColis
5 6
//IdColis IdCommandeInColis NbProducts IdProd1 QtyProd1 IdProd2 QtyProd2 ...
17 1 45 54 2 55 3 27 3 61 2 77 1 104 1 177 1 211 3 234 3 244 1 279 1 11 2 32 3 7 1 52 5 30 2 76 2 81 2 98 2 182 1 3 2 15 1 20 2 41 2 126 2 97 2 100 2 34 1 57 1 82 2 150 2 22 1 28 2 8 2 25 3 119 3 186 1 190 1 83 2 10 2 29 1 45 3 49 3 80 1 92 3
31 2 24 332 1 202 4 448 1 272 2 148 2 288 2 338 2 151 5 309 1 335 1 337 1 35 1 58 2 64 2 89 3 121 3 184 2 247 1 14 5 243 2 241 1 94 2 1 1 2 1
39 3 11 114 3 138 1 160 1 163 1 164 1 168 1 174 1 198 1 179 1 208 1 242 1
36 3 6 188 5 139 1 166 1 167 1 157 1 243 1
40 3 10 213 1 161 1 130 4 352 2 149 2 206 5 449 1 246 1 47 1 304 1
25 2 15 384 2 416 2 420 2 422 1 428 2 304 2 330 2 348 1 201 3 258 1 260 1 291 1 21 1 90 1 1 1
//IdTournes NbColis
6 6
//IdColis IdCommandeInColis NbProducts IdProd1 QtyProd1 IdProd2 QtyProd2 ...
42 3 14 278 2 261 2 262 1 263 1 267 2 268 2 283 2 284 2 285 2 287 2 292 2 301 1 312 1 79 5
4 1 18 261 1 263 2 280 1 283 2 284 1 295 1 299 1 301 2 302 1 314 2 316 1 287 1 292 2 320 1 342 2 124 1 13 2 79 1
12 1 15 405 2 408 3 417 1 418 1 446 3 424 3 426 1 265 1 303 1 305 1 331 1 378 2 414 1 31 1 33 1
49 3 16 289 1 307 2 324 2 343 1 368 1 376 1 380 2 402 1 408 2 394 1 417 1 418 1 446 2 424 1 265 1 112 1
2 1 11 137 2 138 1 168 1 174 1 179 1 208 2 213 1 130 3 439 1 149 1 272 1
15 1 17 361 1 334 3 366 3 399 1 412 1 332 3 152 4 153 4 202 1 48 2 65 2 178 2 272 2 288 3 151 1 124 1 33 1
//IdTournes NbColis
7 6
//IdColis IdCommandeInColis NbProducts IdProd1 QtyProd1 IdProd2 QtyProd2 ...
24 2 18 283 1 299 1 301 1 308 2 310 1 312 2 314 2 318 1 323 2 336 1 339 1 341 1 344 2 350 1 379 2 94 1 13 2 79 2
43 3 16 302 1 310 1 311 2 312 1 316 2 318 1 322 1 323 2 339 1 341 1 342 1 353 1 336 1 362 1 304 1 135 1
26 2 12 291 2 294 2 321 1 325 2 351 1 364 2 372 1 377 1 396 3 398 2 21 1 51 1
8 1 11 293 1 321 1 325 3 347 2 351 1 364 3 371 3 374 1 377 2 423 1 2 1
27 2 12 404 1 423 2 431 2 432 2 434 1 296 2 298 2 385 1 401 2 419 2 31 1 40 1
44 3 15 373 1 382 1 384 2 389 1 391 1 395 1 379 2 406 2 409 1 410 2 427 1 429 1 433 1 330 1 118 1
//IdTournes NbColis
8 6
//IdColis IdCommandeInColis NbProducts IdProd1 QtyProd1 IdProd2 QtyProd2 ...
5 1 13 346 1 349 1 353 2 336 2 379 2 384 3 390 1 391 1 341 1 406 3 409 1 118 1 79 1
47 3 11 371 2 374 1 383 2 377 1 396 2 398 2 400 2 404 1 432 2 434 1 423 1
9 1 10 383 2 392 1 396 3 398 2 400 3 404 1 432 3 434 1 423 1 10 1
18 1 42 80 2 118 2 131 3 140 1 189 3 191 3 143 3 42 1 43 3 70 1 86 3 87 3 93 3 125 3 129 1 132 1 56 2 6 2 66 1 185 1 24 1 62 1 75 2 78 1 146 3 183 1 18 1 212 1 127 5 145 5 53 1 144 4 33 1 1 5 2 2 17 5 36 5 88 5 176 5 84 4 91 5 85 5
56 3 67 100 1 126 2 26 2 199 2 5 1 12 1 16 1 23 1 57 2 69 1 34 2 107 2 82 2 128 1 133 1 150 2 22 2 147 1 8 1 25 1 39 1 119 2 155 1 190 1 83 2 10 1 29 3 49 3 80 3 45 3 92 3 118 2 131 3 140 3 191 3 143 3 189 3 70 2 42 2 86 2 87 2 93 2 129 2 132 2 125 2 56 2 6 2 185 2 24 1 62 1 78 2 183 1 192 1 146 2 18 2 127 5 145 5 53 5 33 1 1 5 17 5 36 5 88 5 176 5 84 4 91 5 85 1
1 1 8 188 3 207 1 214 1 175 1 114 2 157 1 136 1 6 1
//IdTournes NbColis
9 4
//IdColis IdCommandeInColis NbProducts IdProd1 QtyProd1 IdProd2 QtyProd2 ...
37 3 11 169 1 194 1 172 1 197 1 200 1 207 1 209 1 214 1 156 1 136 1 33 1
33 2 5 88 2 176 5 84 4 91 5 85 5
57 3 1 85 4
38 3 12 158 1 159 1 162 1 165 1 171 1 181 1 195 1 196 1 175 1 114 1 130 1 212 1
