//NbTournees
22
//IdTournes NbColis
1 6
//IdColis IdCommandeInColis NbProducts IdProd1 QtyProd1 IdProd2 QtyProd2 ...
23 7 24 89 1 53 1 201 1 94 1 117 1 121 1 126 1 140 1 148 1 179 1 133 1 98 1 146 1 171 1 99 1 158 1 183 1 190 1 143 1 137 1 197 1 182 1 188 1 14 1
25 8 22 209 1 227 1 228 1 243 2 607 1 161 1 460 1 130 1 94 1 118 1 125 1 129 1 140 1 148 1 160 1 212 1 214 1 218 1 131 1 553 1 39 1 653 1
33 9 25 641 1 565 1 102 1 117 1 126 1 127 1 129 1 140 1 148 1 151 1 174 1 376 1 289 1 510 1 97 1 478 1 566 1 111 1 147 1 185 1 95 1 74 1 483 1 21 2 39 1
39 10 18 448 2 239 2 468 1 95 1 207 1 211 3 168 1 217 2 233 1 275 2 197 1 501 1 122 1 123 1 134 2 206 2 61 1 27 1
42 11 21 203 1 101 1 114 1 117 1 126 1 129 1 132 1 140 1 148 1 159 1 246 1 249 1 112 1 202 2 241 2 250 2 478 1 139 1 157 1 95 1 483 1
141 39 24 130 1 537 1 474 1 174 1 249 1 524 1 293 1 372 1 342 1 184 1 190 1 481 1 198 1 527 1 95 1 233 2 501 1 62 1 229 1 240 1 388 1 33 1 69 1 483 1
//IdTournes NbColis
2 6
//IdColis IdCommandeInColis NbProducts IdProd1 QtyProd1 IdProd2 QtyProd2 ...
10 3 17 202 2 133 2 241 1 384 1 339 1 237 1 427 1 235 2 309 1 139 1 374 1 506 1 527 3 204 1 305 1 31 1 43 2
26 8 15 220 1 223 3 232 1 272 1 273 2 276 1 428 1 461 1 249 2 450 3 113 1 202 2 56 2 651 1 22 1
37 10 16 238 1 438 1 424 1 462 2 246 1 280 1 428 2 399 1 561 1 202 2 133 2 241 2 142 1 208 1 583 1 576 1
46 12 25 643 1 180 1 677 1 176 1 117 1 126 1 132 1 172 1 164 1 170 1 187 1 534 1 96 1 115 1 152 1 181 1 194 1 169 1 182 1 186 1 189 2 191 2 192 1 110 1 21 1
50 13 18 372 1 185 1 190 1 479 1 96 1 239 1 541 1 468 1 207 1 211 3 216 1 305 1 310 1 247 2 564 1 217 2 233 2 86 1
53 14 21 209 1 227 1 228 1 243 1 219 1 224 1 117 1 126 1 127 1 129 1 140 1 148 1 399 1 202 1 133 1 236 1 237 1 440 1 283 1 443 1 76 1
//IdTournes NbColis
3 6
//IdColis IdCommandeInColis NbProducts IdProd1 QtyProd1 IdProd2 QtyProd2 ...
57 15 19 540 1 376 1 202 1 259 1 97 1 312 1 324 1 156 1 164 1 335 1 339 1 454 1 477 1 478 1 595 1 293 1 318 1 594 1 319 1
61 16 21 219 1 148 1 476 1 289 1 202 2 133 1 241 1 142 1 324 1 335 1 489 1 235 2 295 1 372 1 183 1 292 1 196 1 204 1 207 1 48 1 61 1
63 17 23 227 1 243 1 262 1 176 1 118 1 125 1 129 1 140 1 148 1 272 1 273 1 155 1 280 1 289 1 670 1 202 1 282 1 489 1 583 2 251 1 67 1 21 2 22 1
143 40 25 500 3 117 1 121 1 126 1 140 1 148 1 364 1 174 1 510 1 202 1 133 1 477 1 508 1 292 1 196 1 207 1 211 1 216 1 247 1 122 1 169 1 186 1 189 2 498 1 21 3
68 18 14 237 2 454 2 526 2 433 1 254 1 566 1 251 1 99 1 269 1 279 1 284 1 183 1 196 1 235 4
75 19 18 97 1 208 1 451 1 452 1 456 1 427 1 454 2 526 1 508 1 478 1 545 1 32 1 326 1 251 2 268 2 269 1 629 1 22 1
//IdTournes NbColis
4 6
//IdColis IdCommandeInColis NbProducts IdProd1 QtyProd1 IdProd2 QtyProd2 ...
19 6 23 34 1 91 1 71 1 161 1 296 1 306 1 117 1 126 1 127 1 129 1 320 1 140 1 148 1 330 1 212 1 222 1 223 1 232 2 97 1 142 1 515 1 39 1 21 1
49 13 19 438 1 272 1 428 1 280 1 241 1 97 1 142 1 156 1 164 1 335 1 478 1 230 1 144 1 235 2 439 1 457 1 286 1 448 2 573 1
80 20 22 90 1 500 1 299 1 117 1 126 1 129 1 140 1 148 1 332 1 178 1 289 1 260 1 133 1 97 1 282 1 545 2 449 1 111 1 311 1 292 1 21 1 39 1
84 21 23 180 1 267 1 126 1 129 1 140 1 148 1 174 1 289 1 97 1 313 1 323 1 338 1 343 1 649 1 295 1 344 1 292 1 446 1 173 1 546 1 569 1 65 1 483 1
86 22 23 93 1 176 1 308 1 117 1 125 1 127 1 129 1 140 1 148 1 329 1 280 1 172 1 289 1 97 1 478 1 326 1 583 1 303 1 309 1 311 1 333 1 104 1 21 2
124 33 18 427 1 454 1 97 1 278 1 335 1 477 1 478 1 277 1 230 2 235 1 457 1 372 1 184 1 190 1 479 1 198 1 204 2 207 2
//IdTournes NbColis
5 6
//IdColis IdCommandeInColis NbProducts IdProd1 QtyProd1 IdProd2 QtyProd2 ...
89 23 28 114 1 117 1 126 1 129 1 140 1 360 1 148 1 370 1 379 1 350 1 293 1 171 1 566 1 352 1 268 1 606 1 115 1 181 1 509 1 513 1 169 1 182 1 186 1 189 1 119 1 660 1 655 1 39 1
93 24 23 283 1 293 1 463 1 566 1 268 1 144 1 372 1 183 1 479 1 567 1 514 1 106 1 168 1 398 1 563 1 501 1 402 2 229 1 405 1 298 1 105 1 388 1 394 1
98 25 15 133 3 236 1 241 1 323 1 278 1 237 2 427 2 430 1 433 1 283 1 293 1 326 1 99 1 268 2 43 1
103 26 25 93 1 165 1 348 1 117 1 126 1 129 1 140 1 148 1 289 1 545 1 293 1 254 1 99 1 139 1 359 1 150 1 183 1 633 1 479 1 305 1 351 1 116 1 618 1 6 1 21 1
85 21 33 169 1 182 1 186 1 189 2 191 1 192 1 317 1 619 1 48 1 81 1 298 1 322 1 661 1 316 1 72 1 294 1 6 1 12 1 14 2 600 1 18 2 26 1 28 1 42 2 51 1 57 2 497 1 3 1 50 1 54 1 21 5 20 5 4 1
76 19 20 230 1 235 2 144 1 277 2 163 1 396 2 413 1 175 1 286 1 606 1 190 1 446 1 196 1 534 1 252 1 207 3 564 1 530 1 515 1 21 2
//IdTournes NbColis
6 6
//IdColis IdCommandeInColis NbProducts IdProd1 QtyProd1 IdProd2 QtyProd2 ...
14 4 22 365 1 133 1 241 2 543 1 56 1 142 1 523 1 343 1 545 1 32 1 354 1 326 1 99 1 150 1 242 1 163 1 505 1 190 1 479 1 528 1 31 1 21 2
20 6 17 408 1 237 2 427 2 431 2 282 1 478 1 545 1 254 1 556 1 99 1 158 1 235 2 163 1 505 1 31 1 491 1 553 1
38 10 14 451 1 427 3 339 1 478 1 433 1 99 2 135 1 144 1 153 1 163 1 184 1 235 4 284 1 286 1
106 27 22 371 1 565 1 132 1 148 1 336 1 285 1 172 1 376 1 264 1 324 1 282 1 375 1 508 1 99 1 346 1 374 1 377 1 292 1 622 1 45 1 490 1 39 1
145 41 22 521 1 539 1 126 1 129 1 336 1 178 1 214 1 266 1 420 1 461 1 384 1 164 1 480 1 259 1 451 1 525 1 526 1 99 1 175 1 275 1 483 1 21 1
109 28 21 371 1 596 1 296 1 347 1 117 1 126 1 129 1 391 1 140 1 148 1 397 1 399 1 172 1 593 1 379 1 390 1 543 1 278 1 369 1 283 1 592 1
//IdTournes NbColis
7 6
//IdColis IdCommandeInColis NbProducts IdProd1 QtyProd1 IdProd2 QtyProd2 ...
7 2 33 189 1 191 2 199 1 380 1 255 1 48 5 66 3 78 1 86 1 87 1 298 1 109 1 37 1 520 1 345 1 80 1 88 1 57 3 3 1 50 1 54 3 29 1 10 1 2 3 24 1 5 1 44 2 52 1 58 2 63 3 21 5 20 5 4 1
81 20 24 471 1 196 1 211 2 216 1 31 1 415 1 513 1 569 2 169 1 199 1 200 1 186 1 189 2 191 2 409 1 48 2 297 1 302 1 105 1 321 1 322 1 325 1 33 1 647 1
6 2 25 82 1 381 1 111 1 389 1 374 1 466 1 467 1 471 1 230 1 116 2 319 1 459 1 194 1 207 1 211 1 31 1 67 1 458 1 275 1 169 1 182 1 186 2 189 1 48 1 21 2
112 29 21 261 1 117 1 126 1 129 1 140 1 148 1 336 1 285 1 172 1 403 1 312 1 313 1 283 2 135 1 144 1 333 2 184 1 185 1 173 1 186 1 382 1
116 30 10 3 1 54 2 382 1 44 1 52 1 58 1 63 2 613 1 21 4 20 4
142 39 27 41 1 493 1 100 1 61 5 19 1 6 1 12 1 8 1 486 1 60 1 14 2 18 2 23 1 26 1 42 2 51 2 485 1 488 1 494 1 495 1 24 1 382 1 44 1 52 1 58 1 63 2 484 1
//IdTournes NbColis
8 6
//IdColis IdCommandeInColis NbProducts IdProd1 QtyProd1 IdProd2 QtyProd2 ...
147 42 29 201 1 306 1 117 1 126 1 127 1 129 1 140 1 148 1 330 1 475 1 399 1 174 1 354 1 150 1 169 1 182 1 188 1 189 1 191 1 192 1 166 1 464 1 482 1 345 2 473 1 6 1 12 1 14 2 18 2
78 19 36 628 1 263 1 120 1 270 1 400 1 612 1 30 2 25 1 73 1 75 1 678 1 38 1 72 2 253 1 647 1 532 1 104 3 128 1 486 1 674 1 602 1 57 1 64 1 1 1 568 2 35 1 495 1 580 1 2 3 44 1 52 1 58 1 63 2 21 1 20 4 4 2
104 26 36 355 1 361 1 373 1 514 1 106 1 356 1 169 1 182 1 188 1 189 1 191 1 192 1 107 1 618 2 66 1 464 1 37 1 73 2 645 1 77 1 253 1 12 1 638 1 639 1 14 2 18 2 26 1 28 1 42 2 51 2 495 1 54 2 522 2 49 1 21 3 20 3
144 40 20 191 2 199 1 200 1 248 1 511 1 503 1 519 1 253 1 6 1 12 1 14 2 18 2 26 1 28 1 42 2 51 2 3 1 54 1 21 2 20 5
16 4 24 263 1 482 1 33 1 30 1 37 1 41 2 84 1 75 1 345 1 36 1 38 1 65 1 6 1 12 1 8 1 14 2 26 1 28 1 42 2 51 2 18 2 17 1 57 1 20 4
146 41 21 377 1 340 1 275 1 122 1 169 1 186 2 189 2 191 2 199 1 200 1 314 1 345 1 491 1 19 1 65 1 497 1 64 1 2 2 63 2 21 4 20 4
//IdTournes NbColis
9 6
//IdColis IdCommandeInColis NbProducts IdProd1 QtyProd1 IdProd2 QtyProd2 ...
149 43 33 83 1 367 1 117 1 126 1 178 1 156 1 369 1 502 1 505 1 513 1 169 1 182 1 186 1 189 2 191 1 199 1 512 1 304 1 37 1 25 1 345 1 76 1 517 1 57 1 3 1 54 2 2 2 44 2 52 1 58 2 63 2 21 5 20 5
87 22 37 279 1 334 1 342 1 190 1 196 1 319 1 514 1 599 1 186 1 189 1 191 1 291 1 199 1 200 1 314 1 103 1 341 1 298 1 30 2 37 1 41 1 84 1 77 1 6 1 12 1 14 2 18 2 23 1 26 1 42 2 51 2 602 1 497 2 35 2 54 1 21 2 20 3
100 25 21 274 2 414 3 340 1 569 1 356 1 206 1 409 2 240 2 444 1 405 1 66 1 298 1 362 1 388 1 400 2 406 1 30 1 84 1 9 1 43 4 418 1
118 31 37 137 1 398 1 199 1 200 1 186 1 189 2 191 2 291 1 16 1 134 2 341 1 78 1 298 1 362 1 177 1 406 1 33 1 11 1 625 1 629 1 517 1 57 2 64 1 1 2 568 1 35 1 581 1 10 1 2 3 44 1 52 1 58 1 63 2 614 1 21 5 20 4 27 1
31 8 46 404 2 464 1 470 1 612 1 586 1 119 1 37 1 73 1 74 3 684 1 658 1 38 1 213 1 498 1 100 1 43 1 108 1 76 2 85 1 80 1 221 1 104 2 128 1 65 1 6 1 12 1 662 1 652 1 14 2 18 2 656 1 23 1 657 1 26 1 51 2 42 2 516 2 615 1 57 2 64 1 35 1 495 1 574 1 21 4 627 1 20 4
36 10 19 590 1 91 1 587 1 578 1 228 1 243 2 165 1 371 1 539 1 127 1 148 1 155 1 178 1 214 1 223 1 238 1 56 1 100 1 49 1
//IdTournes NbColis
10 6
//IdColis IdCommandeInColis NbProducts IdProd1 QtyProd1 IdProd2 QtyProd2 ...
94 24 28 400 2 404 2 482 1 406 1 586 1 69 1 73 2 124 1 77 1 383 1 385 1 61 5 386 1 487 1 647 1 6 1 12 1 14 2 18 2 26 1 28 1 42 2 51 2 1 1 35 1 54 1 584 1 572 1
17 5 24 79 1 148 1 327 1 336 1 172 1 131 1 56 1 142 1 282 1 170 1 477 1 318 1 346 1 303 1 359 1 158 1 372 1 342 1 305 1 168 1 515 1 61 1 60 1 483 2
59 15 22 563 1 300 1 48 2 270 1 586 1 69 2 84 1 73 1 38 1 61 5 533 1 573 1 6 1 12 1 14 2 18 2 23 1 26 1 42 2 51 2 603 1 35 1
110 28 36 477 1 254 1 387 1 153 1 157 1 284 1 534 1 415 1 597 1 599 1 169 1 182 1 186 1 189 1 191 1 192 1 103 1 123 1 378 1 74 1 6 1 12 1 14 2 600 2 18 2 26 1 28 1 42 2 57 2 64 1 3 1 50 1 54 1 21 5 20 4 484 1
120 32 21 681 1 328 1 596 1 306 1 148 1 327 1 336 1 172 1 170 1 343 1 56 1 254 1 359 1 157 1 413 1 183 1 184 1 196 1 534 1 204 1 207 1
69 18 19 439 1 457 1 448 1 479 1 534 1 410 1 541 1 468 1 152 1 204 1 207 2 211 2 216 1 168 1 217 4 680 1 107 1 255 1 623 1
//IdTournes NbColis
11 6
//IdColis IdCommandeInColis NbProducts IdProd1 QtyProd1 IdProd2 QtyProd2 ...
114 30 23 228 1 371 1 102 1 118 1 125 1 129 1 360 1 364 1 224 1 272 1 249 1 131 1 271 1 384 1 282 1 339 1 426 1 604 1 354 1 326 1 594 1 2 1 21 1
51 13 35 301 1 414 1 48 1 302 1 105 1 378 1 304 1 69 1 589 1 577 1 25 1 84 1 75 2 38 1 61 5 210 1 221 1 6 1 12 1 14 2 18 2 26 1 28 1 42 2 51 2 582 1 57 2 497 1 35 1 49 1 580 1 29 2 574 1 10 1 558 1
11 3 41 247 2 542 2 234 1 507 1 16 1 62 1 240 1 48 4 66 3 404 1 304 1 504 1 33 1 69 2 37 1 41 1 84 1 520 1 73 3 75 1 9 1 43 2 557 2 554 1 15 1 205 1 215 1 104 1 46 1 555 1 6 1 12 1 14 2 18 2 23 1 26 1 42 2 51 2 4 1 22 1 27 1
3 1 25 187 1 361 1 173 2 211 3 216 1 194 1 200 1 186 2 189 2 191 2 291 1 199 1 16 2 55 1 407 1 411 1 45 4 48 2 78 1 166 1 13 1 69 1 84 1 11 2 19 1
13 4 23 536 1 367 1 262 1 165 1 102 1 347 1 117 1 353 1 126 1 129 1 357 1 140 1 148 1 364 1 366 1 214 1 220 1 223 1 455 1 289 1 131 1 47 1 21 1
72 19 18 209 3 227 1 228 1 243 1 607 1 102 1 256 1 257 1 261 1 118 1 267 1 125 1 129 1 212 2 214 1 140 1 32 1 483 1
//IdTournes NbColis
12 6
//IdColis IdCommandeInColis NbProducts IdProd1 QtyProd1 IdProd2 QtyProd2 ...
128 34 35 278 1 339 1 235 2 216 1 168 1 415 1 288 1 191 2 291 1 199 1 200 1 189 2 255 1 409 1 25 1 493 1 77 1 6 1 12 1 14 2 18 2 26 1 28 1 42 2 51 2 602 1 57 2 603 1 54 1 522 1 21 5 20 4 4 1 22 1 27 1
131 35 38 190 1 196 1 534 1 31 1 331 1 636 1 199 1 200 1 186 1 189 2 191 1 291 1 255 1 302 1 421 1 167 1 337 1 482 1 25 1 9 1 519 1 65 1 6 1 12 1 14 2 18 2 26 1 28 1 42 2 51 2 616 1 57 2 640 1 495 1 54 2 614 1 21 5 20 5
151 44 37 518 1 201 1 127 1 148 1 323 1 324 1 339 1 56 1 183 1 479 1 196 1 319 1 514 1 31 1 509 1 515 1 255 1 66 1 25 1 124 1 61 5 519 1 104 1 6 1 12 1 8 2 14 2 18 2 26 1 28 1 51 2 516 1 488 1 497 1 64 1 54 1 10 1
30 8 26 414 1 472 1 546 1 169 1 186 2 199 1 200 1 189 2 191 2 103 1 107 1 206 1 229 1 444 2 469 1 659 1 618 2 48 3 66 1 628 1 78 1 109 1 141 1 177 1 404 1 21 1
40 10 34 206 1 229 1 444 2 405 2 570 1 78 1 86 3 120 1 166 1 177 1 400 2 119 1 520 1 585 1 61 4 579 1 575 1 65 1 6 1 12 1 14 2 18 2 26 1 28 1 42 2 51 2 571 1 494 1 57 1 568 2 35 1 581 1 4 1 22 3
77 19 22 137 2 507 1 610 1 529 1 597 1 611 1 513 1 288 1 169 1 182 1 186 2 189 2 191 2 192 1 55 1 206 1 444 1 550 1 618 1 48 3 66 3 552 1
//IdTournes NbColis
13 6
//IdColis IdCommandeInColis NbProducts IdProd1 QtyProd1 IdProd2 QtyProd2 ...
15 4 26 468 1 358 1 143 1 207 2 211 1 544 1 234 1 274 2 331 1 162 1 546 1 288 1 182 1 188 1 189 1 192 1 193 1 195 1 314 1 103 1 48 2 66 1 78 2 81 1 86 1 21 2
21 6 25 342 1 506 1 479 1 481 1 344 1 207 1 211 2 216 1 331 1 233 1 122 1 182 1 169 1 186 1 189 2 191 1 192 1 314 1 432 1 45 3 68 1 548 1 302 1 109 1 72 1
29 8 16 650 1 239 2 468 1 152 1 207 1 211 1 648 1 514 1 106 1 137 1 217 3 233 4 331 2 162 1 62 1 8 1
43 11 22 163 1 175 1 196 1 198 1 231 1 242 1 609 1 190 1 481 1 622 1 115 1 116 1 207 1 211 2 216 1 247 2 162 1 529 1 513 1 245 1 618 1 49 1
48 13 18 538 1 209 1 228 1 243 1 328 1 165 1 565 1 212 1 214 1 222 1 223 1 232 1 315 1 148 1 327 1 178 1 246 1 207 1
54 14 24 478 1 56 1 445 1 666 1 667 1 668 1 671 1 672 1 230 1 163 1 372 1 342 1 446 1 190 1 479 1 207 1 247 1 137 1 398 1 169 1 182 1 186 1 189 1 191 1
//IdTournes NbColis
14 6
//IdColis IdCommandeInColis NbProducts IdProd1 QtyProd1 IdProd2 QtyProd2 ...
99 25 18 144 1 359 1 158 1 342 1 235 1 242 1 286 1 190 1 344 1 196 1 468 1 207 3 211 1 216 2 564 1 233 3 274 1 66 1
121 32 31 207 1 305 1 216 2 247 1 233 1 274 1 414 1 415 1 288 1 107 1 16 1 45 3 48 1 307 1 263 1 337 1 400 1 290 1 612 1 30 2 84 1 75 1 493 1 61 5 210 2 76 1 6 1 12 1 14 2 18 2 26 1
67 18 15 223 2 224 1 420 1 232 1 238 1 246 1 561 1 249 2 271 1 278 1 283 1 208 2 408 1 412 1 437 2
1 1 19 89 1 90 1 93 1 71 1 209 1 227 1 180 1 176 1 565 1 117 1 126 1 140 1 336 1 266 1 420 1 276 1 424 1 428 1 62 1
56 15 17 209 1 227 1 228 1 243 2 565 1 212 2 214 1 266 1 232 1 276 1 127 1 148 1 336 1 172 1 246 1 131 1 39 1
66 18 16 676 1 683 1 209 2 228 2 243 3 165 1 127 1 285 1 172 1 174 1 212 1 266 1 222 1 483 2 4 1 22 1
//IdTournes NbColis
15 6
//IdColis IdCommandeInColis NbProducts IdProd1 QtyProd1 IdProd2 QtyProd2 ...
96 25 14 83 1 209 1 227 1 453 1 243 3 165 1 148 1 364 1 280 1 212 1 214 2 226 2 246 1 483 1
123 33 18 209 1 225 1 227 1 228 1 453 1 371 1 220 1 226 1 232 1 238 1 148 1 336 1 172 1 241 2 237 1 427 1 210 1 490 1
64 17 30 269 1 235 1 281 1 286 1 292 1 190 2 152 1 275 1 186 1 291 1 199 1 200 1 189 2 191 1 103 1 55 1 134 1 287 1 669 1 675 1 86 1 105 1 265 1 59 1 72 1 673 1 647 2 128 1 6 1 12 1
115 30 29 147 1 396 1 333 1 175 1 286 1 374 1 446 1 247 1 331 1 414 1 507 1 169 1 186 1 189 2 191 1 199 1 200 1 103 1 134 1 618 1 265 1 37 2 74 1 77 1 487 1 626 1 57 2 64 1 2 1
133 36 23 34 1 165 1 417 1 118 1 125 1 129 1 391 1 132 1 140 1 148 1 422 1 155 1 423 1 280 1 260 1 416 1 419 1 164 1 562 1 333 1 37 1 21 1 39 1
136 37 26 114 1 117 1 121 1 126 1 140 1 148 1 364 1 397 1 442 1 416 1 449 1 56 4 311 1 413 1 372 1 342 1 466 1 447 1 599 1 169 1 182 1 188 1 189 1 6 1 21 1 39 1
//IdTournes NbColis
16 6
//IdColis IdCommandeInColis NbProducts IdProd1 QtyProd1 IdProd2 QtyProd2 ...
107 27 36 115 1 152 1 194 1 45 2 48 2 78 3 378 1 632 1 586 1 33 1 30 2 37 1 25 1 84 1 75 1 493 1 38 1 585 2 61 5 11 1 15 2 646 1 104 1 6 1 12 1 637 1 644 1 14 2 18 2 26 1 28 1 42 2 51 2 497 1 64 1 3 1
47 12 22 107 1 66 1 105 1 167 2 512 1 33 2 69 1 30 1 37 1 84 1 549 1 57 1 64 1 54 1 580 1 2 2 44 1 52 1 58 1 63 2 21 4 20 4
140 38 25 628 1 86 2 105 1 167 1 464 1 69 1 25 2 74 1 19 1 6 1 12 1 14 2 18 2 23 1 26 1 42 2 51 2 615 1 57 2 497 2 64 1 572 1 624 1 21 4 20 5
134 36 29 471 1 106 1 137 2 169 1 186 1 189 2 191 1 199 1 200 1 123 2 406 1 368 1 25 1 84 1 588 1 124 1 6 1 12 1 14 2 18 2 23 1 26 1 42 2 51 2 57 2 1 1 54 2 21 4 20 4
62 16 30 211 1 216 1 247 2 288 1 107 1 317 1 48 1 66 1 37 1 496 1 72 1 124 1 61 4 11 1 487 1 492 1 65 1 6 1 12 1 14 2 18 2 23 1 26 1 42 2 51 2 499 1 57 1 497 1 3 1 10 1
90 23 35 189 1 191 1 192 1 107 2 263 1 512 1 612 1 37 1 145 2 368 1 84 1 75 1 74 3 658 1 585 2 665 1 9 1 124 1 76 1 8 1 60 1 654 1 28 1 57 1 50 1 522 1 574 1 2 2 44 1 52 1 58 1 63 2 21 5 20 4 22 2
//IdTournes NbColis
17 6
//IdColis IdCommandeInColis NbProducts IdProd1 QtyProd1 IdProd2 QtyProd2 ...
5 2 19 7 1 53 2 328 1 521 1 257 1 118 1 353 1 125 1 129 1 392 1 393 1 155 1 327 1 148 1 330 1 276 1 56 2 156 1 304 1
130 35 21 642 1 643 1 621 1 565 1 257 1 261 1 117 1 126 1 129 1 140 1 148 1 113 1 429 1 635 1 313 1 156 1 164 1 389 1 311 1 333 1 66 1
70 18 36 598 1 601 1 48 1 66 2 290 1 33 1 69 1 37 1 41 1 84 2 73 1 75 1 258 1 213 1 682 1 124 1 43 2 61 3 210 2 221 2 6 1 12 1 552 1 14 2 18 2 23 1 26 1 42 2 51 2 602 1 517 1 584 1 44 1 52 1 58 1 63 2
82 20 26 337 1 37 1 520 1 74 1 258 3 210 1 519 1 418 1 533 1 6 1 12 1 14 2 18 2 26 1 28 1 42 2 51 2 602 1 57 2 1 2 3 1 640 2 54 2 21 4 20 5 4 3
125 33 12 211 3 216 1 244 1 402 1 409 1 229 2 240 3 444 1 388 1 400 2 404 2 154 1
55 14 15 192 1 436 2 48 1 434 1 337 1 37 1 77 1 679 5 499 1 57 1 35 2 50 1 54 2 21 5 20 4
//IdTournes NbColis
18 6
//IdColis IdCommandeInColis NbProducts IdProd1 QtyProd1 IdProd2 QtyProd2 ...
9 3 18 79 1 92 1 83 1 225 1 228 2 219 1 212 1 214 1 220 1 222 1 223 1 226 1 148 1 246 1 540 2 56 1 70 1 43 1
2 1 23 349 1 350 1 131 2 271 1 40 1 142 1 156 1 164 1 339 1 425 1 426 1 430 1 433 1 32 1 144 1 163 1 230 1 235 1 286 1 185 1 74 1 21 2 39 1
92 24 20 53 1 630 1 685 1 591 1 363 1 367 1 148 1 280 1 246 1 172 1 349 1 131 1 271 1 142 2 324 1 156 1 369 1 283 1 560 1 39 1
153 45 28 538 1 262 1 148 1 424 1 236 1 339 1 32 1 111 1 389 1 139 1 153 1 184 1 534 1 541 1 507 1 244 1 469 1 30 1 43 5 532 1 6 1 12 1 14 2 18 2 23 1 26 1 42 2 39 1
139 38 24 236 1 283 1 449 1 326 1 389 1 439 1 144 1 147 1 292 1 198 1 448 1 216 1 199 1 200 1 186 1 189 2 191 2 291 1 314 1 515 1 229 1 444 1 619 1 48 1
22 6 23 307 1 69 1 119 1 37 2 84 1 25 1 9 1 70 1 77 1 76 1 85 1 547 2 549 2 552 1 57 2 49 1 2 2 44 1 52 1 58 1 63 2 21 4 20 4
//IdTournes NbColis
19 6
//IdColis IdCommandeInColis NbProducts IdProd1 QtyProd1 IdProd2 QtyProd2 ...
73 19 13 224 3 226 2 220 1 222 3 223 2 232 1 393 1 438 2 272 1 422 1 238 1 260 1 21 1
117 31 21 7 1 621 1 620 1 630 1 371 1 126 1 129 1 393 1 140 1 148 1 364 1 395 1 178 1 403 1 605 1 389 1 185 1 31 1 501 1 74 1 483 1
58 15 19 566 1 277 1 175 1 342 1 457 1 185 1 190 1 481 1 292 1 196 1 448 1 534 1 67 1 217 3 233 1 274 3 340 1 569 1 576 1
74 19 17 423 1 397 1 370 1 246 1 455 1 428 2 462 3 540 1 249 1 112 1 264 1 131 1 133 3 271 1 241 2 21 1 22 1
155 46 35 117 1 121 1 126 1 140 1 148 1 113 1 115 1 530 1 398 1 509 1 529 1 169 1 186 1 189 1 191 1 199 1 200 1 535 1 531 1 6 1 12 1 14 2 18 2 26 1 28 1 42 2 51 2 488 1 17 1 57 2 497 1 3 1 54 2 21 4 20 4
34 9 38 634 1 292 1 115 1 138 1 143 1 152 1 173 1 199 1 200 1 186 1 189 2 191 2 291 1 619 1 66 1 87 1 136 1 149 1 154 1 145 1 41 1 647 1 6 1 12 1 14 2 18 2 26 1 42 2 51 2 57 2 497 1 495 1 580 1 21 3 627 1 20 5 4 1 27 2
//IdTournes NbColis
20 6
//IdColis IdCommandeInColis NbProducts IdProd1 QtyProd1 IdProd2 QtyProd2 ...
138 38 23 621 1 631 1 243 1 118 1 220 1 125 1 129 1 224 1 438 1 140 1 148 1 441 1 397 1 280 1 172 1 450 1 608 1 435 1 133 2 82 1 49 1 21 1 27 1
127 34 21 53 1 243 1 328 1 262 1 130 1 118 1 125 1 129 1 140 1 148 1 327 1 159 1 280 1 172 1 178 1 420 1 232 1 133 2 156 1 56 1 186 1
97 25 18 226 1 220 1 222 2 223 1 224 1 438 1 276 1 272 1 424 1 428 1 249 2 285 1 172 1 399 1 289 1 131 1 271 1 32 1
44 11 37 244 1 169 1 182 1 199 1 186 1 189 2 191 1 248 1 62 1 618 1 48 3 66 3 69 1 589 1 59 1 493 3 585 1 9 1 124 1 221 1 6 1 12 1 14 2 18 2 23 1 26 1 42 2 51 2 616 1 57 1 574 1 624 1 617 1 21 5 627 1 20 4 22 1
113 29 27 513 1 189 2 191 2 291 1 199 1 200 1 167 1 401 1 69 1 37 1 623 1 124 1 6 1 12 1 14 2 18 2 26 1 28 1 42 2 51 2 602 2 57 2 1 1 35 2 54 2 21 5 20 4
156 47 6 53 1 125 1 510 1 501 1 69 1 589 1
//IdTournes NbColis
21 6
//IdColis IdCommandeInColis NbProducts IdProd1 QtyProd1 IdProd2 QtyProd2 ...
27 8 11 133 2 241 2 142 1 156 1 451 2 454 3 278 1 335 1 430 3 465 1 449 1
28 8 16 431 2 595 2 604 2 605 1 463 1 583 1 144 1 150 1 230 1 163 1 281 1 175 1 286 1 471 1 198 1 62 1
137 37 28 189 1 191 2 192 1 62 1 421 1 586 1 30 2 25 1 74 2 38 1 623 1 665 1 77 1 12 1 14 2 18 2 23 1 26 1 42 2 51 2 517 1 57 2 3 1 640 2 54 1 522 1 21 4 20 4
18 5 20 415 1 341 1 48 1 78 1 86 1 69 1 25 1 41 1 59 1 61 4 12 1 6 1 14 2 23 1 26 1 42 2 51 2 18 2 64 1 50 1
24 7 18 192 1 193 1 195 1 189 1 62 2 48 1 663 1 664 1 6 1 12 1 14 1 18 2 26 1 28 1 42 2 51 2 21 4 20 3
157 48 7 40 2 292 1 69 1 75 1 43 5 686 1 42 2
//IdTournes NbColis
22 6
//IdColis IdCommandeInColis NbProducts IdProd1 QtyProd1 IdProd2 QtyProd2 ...
65 17 20 8 1 14 2 18 2 23 1 26 1 42 2 51 2 615 1 57 1 497 1 1 1 3 1 35 1 54 2 576 1 613 1 21 3 627 3 20 5 4 1
4 1 13 76 1 57 2 1 1 35 2 10 1 2 3 44 1 52 1 58 1 63 2 21 3 20 4 22 1
101 25 14 11 1 6 1 12 1 8 1 14 2 18 2 26 1 28 1 42 2 51 2 57 2 1 1 568 1 35 1
154 45 5 51 2 64 1 54 2 559 1 551 1
122 32 5 28 1 42 2 51 2 35 2 54 1
12 3 2 57 2 522 2
