//NbTournees
26
//IdTournes NbColis
1 6
//IdColis IdCommandeInColis NbProducts IdProd1 QtyProd1 IdProd2 QtyProd2 ...
3 1 22 92 1 70 1 73 1 228 2 117 2 372 2 102 1 216 2 375 1 40 1 1 1 197 3 75 2 74 1 82 1 83 2 78 1 402 1 120 1 394 3 226 3 405 1
5 2 6 9 2 13 1 18 1 19 2 101 1 1 1
14 3 28 241 1 256 2 259 1 298 1 255 1 432 1 109 2 103 2 145 1 253 1 189 2 2 1 139 1 220 1 326 1 348 1 199 2 271 1 366 2 393 1 336 1 7 1 433 1 437 1 321 1 204 2 286 2 249 2
16 4 7 13 1 15 1 18 1 19 2 10 1 3 1 185 1
20 5 6 9 2 11 2 13 1 18 1 3 1 185 1
25 6 7 10 2 13 1 15 1 18 1 19 1 3 1 116 1
//IdTournes NbColis
2 6
//IdColis IdCommandeInColis NbProducts IdProd1 QtyProd1 IdProd2 QtyProd2 ...
30 7 6 156 1 10 2 12 1 15 1 18 1 3 1
36 8 7 9 2 13 1 15 1 18 1 19 1 3 1 279 1
40 9 5 9 2 11 3 13 1 3 1 279 1
44 10 7 9 2 13 1 25 1 18 1 19 1 3 1 73 1
45 10 6 61 2 11 2 50 1 89 1 3 1 140 1
13 3 21 243 2 246 2 242 1 245 1 211 1 210 1 72 2 122 1 212 2 193 2 208 2 274 1 4 1 110 2 111 1 112 2 270 1 261 1 269 1 228 2 179 1
//IdTournes NbColis
3 6
//IdColis IdCommandeInColis NbProducts IdProd1 QtyProd1 IdProd2 QtyProd2 ...
15 3 12 161 3 162 2 95 2 190 1 258 1 198 1 84 1 5 1 173 1 179 1 352 1 205 1
33 7 28 193 2 208 1 6 1 110 2 111 1 112 1 228 2 241 1 358 1 255 1 109 1 103 2 250 3 233 2 361 1 354 1 285 2 40 1 21 1 309 1 283 1 291 1 79 2 74 1 75 2 82 1 83 1 443 1
52 11 42 334 1 349 1 354 1 225 1 191 1 281 1 80 1 247 1 40 1 21 1 172 1 328 1 317 1 318 1 75 2 74 1 82 1 83 2 360 1 104 1 78 1 219 1 249 2 286 2 161 2 162 1 95 2 190 1 198 1 204 1 84 1 149 2 27 1 365 1 351 1 353 1 272 1 282 1 284 1 236 1 293 1 205 1
57 12 25 208 1 24 1 110 2 111 1 112 1 241 1 244 1 332 4 363 1 298 1 228 3 117 2 103 2 109 1 253 1 233 1 447 1 214 1 280 1 176 1 327 1 354 2 102 1 225 1 21 1
27 6 18 133 1 70 1 222 1 388 1 290 2 211 1 72 1 73 1 208 1 212 1 193 2 6 1 110 2 111 1 112 1 267 1 228 2 40 1
63 13 25 436 1 224 2 58 1 250 2 253 2 233 2 29 3 96 1 98 1 252 2 366 2 225 2 216 1 178 1 40 1 154 2 74 1 75 2 82 1 83 2 78 1 84 1 149 2 445 1 324 3
//IdTournes NbColis
4 6
//IdColis IdCommandeInColis NbProducts IdProd1 QtyProd1 IdProd2 QtyProd2 ...
67 14 36 211 1 279 2 72 1 73 1 193 1 208 1 212 1 110 1 111 1 112 1 114 1 306 1 228 1 241 1 224 1 109 1 428 1 431 1 29 1 333 1 430 1 344 1 160 1 74 1 75 1 82 1 83 1 286 1 161 2 162 1 95 2 190 1 257 1 198 1 204 1 219 1
71 15 19 119 2 185 2 73 2 140 2 151 1 36 2 203 1 228 2 241 1 255 1 32 1 67 1 143 1 147 1 234 1 253 1 29 1 144 1 127 1
76 16 18 389 3 224 1 175 1 189 1 214 1 221 1 199 2 235 1 40 1 75 2 74 1 82 1 83 2 202 1 78 1 84 1 30 3 120 2
34 7 23 83 1 443 1 277 1 22 1 444 1 78 1 299 1 286 2 161 2 162 1 95 1 190 1 258 2 198 1 204 1 84 2 179 3 311 1 441 1 272 1 438 1 284 1 374 1
81 17 19 170 1 408 1 224 1 175 1 221 1 199 2 102 1 216 2 235 1 159 1 40 1 291 1 75 1 74 1 82 1 83 2 22 1 179 2 335 2
48 11 6 23 2 10 2 12 1 15 1 222 1 331 1
//IdTournes NbColis
5 6
//IdColis IdCommandeInColis NbProducts IdProd1 QtyProd1 IdProd2 QtyProd2 ...
65 14 7 23 1 35 1 15 1 19 1 28 1 12 1 38 1
83 18 7 23 1 10 2 12 1 15 1 28 1 222 1 34 1
88 19 8 23 1 10 1 12 1 15 1 19 1 28 1 169 1 185 2
172 38 8 23 2 10 1 12 1 15 1 28 1 116 1 343 1 292 1
86 18 28 228 2 241 1 189 1 250 1 253 1 440 1 359 1 102 1 225 1 71 1 80 1 40 1 85 1 154 1 74 1 82 1 83 2 75 1 435 1 31 1 84 2 63 1 352 2 205 1 324 1 236 1 278 1 442 1
93 20 28 119 1 210 1 211 1 279 2 73 1 212 1 193 1 208 1 110 1 111 1 112 1 228 2 241 1 103 1 109 1 102 1 387 1 281 1 41 2 307 1 262 1 321 1 79 2 75 1 74 1 82 1 83 2 31 1
//IdTournes NbColis
6 6
//IdColis IdCommandeInColis NbProducts IdProd1 QtyProd1 IdProd2 QtyProd2 ...
22 5 20 119 1 290 1 169 1 182 1 210 1 211 1 185 2 8 1 72 1 73 2 231 1 193 2 208 2 212 2 110 2 111 1 112 2 174 1 449 1 352 1
97 21 15 119 2 44 1 355 1 369 1 367 1 279 2 8 1 122 1 73 1 42 2 228 2 241 1 252 3 354 1 277 1
11 3 6 9 2 13 1 20 2 89 1 310 1 230 1
54 12 7 9 2 13 1 15 1 18 1 19 1 222 1 210 1
60 13 6 9 2 13 1 18 1 19 2 222 1 47 1
69 15 7 9 2 13 1 18 1 19 1 65 1 196 1 183 1
//IdTournes NbColis
7 6
//IdColis IdCommandeInColis NbProducts IdProd1 QtyProd1 IdProd2 QtyProd2 ...
78 17 7 9 2 13 1 15 1 18 1 19 1 248 1 125 1
91 20 6 9 2 13 1 15 1 18 1 19 1 141 1
95 21 6 9 2 13 1 18 1 19 1 65 1 141 1
100 22 9 9 1 13 1 15 1 18 1 19 1 20 1 37 1 185 1 207 1
103 23 7 142 1 9 2 13 1 18 1 19 1 48 1 40 1
109 24 6 9 2 11 2 13 1 18 1 64 1 73 1
//IdTournes NbColis
8 6
//IdColis IdCommandeInColis NbProducts IdProd1 QtyProd1 IdProd2 QtyProd2 ...
113 25 6 55 1 9 2 13 1 60 2 251 1 78 1
118 26 7 9 2 13 1 25 1 18 1 19 1 54 1 382 1
122 27 7 9 1 13 1 18 1 19 1 20 2 222 1 182 1
126 28 7 9 2 13 1 25 1 18 1 19 1 185 2 229 1
130 29 7 9 2 13 1 60 1 20 1 92 1 196 1 59 1
175 39 11 9 1 13 1 15 1 18 1 19 1 222 1 302 1 342 1 292 1 298 1 158 1
//IdTournes NbColis
9 6
//IdColis IdCommandeInColis NbProducts IdProd1 QtyProd1 IdProd2 QtyProd2 ...
177 40 8 65 1 66 1 92 1 133 2 9 1 125 1 185 1 73 1
178 40 15 13 1 15 1 18 1 19 1 60 1 341 1 40 1 160 1 74 1 75 1 82 1 83 1 350 2 78 1 84 1
1 1 7 10 2 12 1 15 1 18 1 19 1 17 1 355 1
17 4 7 10 1 60 2 65 1 92 1 133 1 64 1 185 1
73 16 7 10 2 13 1 15 1 18 1 19 1 248 1 125 1
135 30 7 10 2 12 1 15 1 28 1 62 1 222 1 125 1
//IdTournes NbColis
10 6
//IdColis IdCommandeInColis NbProducts IdProd1 QtyProd1 IdProd2 QtyProd2 ...
142 31 5 10 2 13 1 60 3 209 1 230 1
146 32 6 10 2 12 1 60 2 92 1 222 1 232 1
151 33 7 10 2 12 1 15 1 28 1 62 1 251 1 125 1
156 34 7 10 2 12 1 15 1 18 1 19 1 279 2 122 1
159 35 9 10 1 12 1 15 1 18 1 19 1 62 1 290 1 210 1 109 1
163 36 8 10 1 12 1 62 1 60 1 92 1 133 1 184 1 109 1
//IdTournes NbColis
11 6
//IdColis IdCommandeInColis NbProducts IdProd1 QtyProd1 IdProd2 QtyProd2 ...
164 36 19 14 1 230 1 240 1 290 2 232 2 237 2 243 2 246 2 242 1 245 1 86 1 210 1 211 1 88 1 72 1 90 1 193 1 208 1 87 1
119 26 8 61 1 11 2 89 1 65 1 50 1 222 1 228 1 398 1
127 28 6 61 2 11 2 65 1 50 1 72 2 73 1
167 37 6 61 2 11 2 13 1 25 1 222 1 72 1
6 2 5 11 3 66 2 50 1 222 1 125 1
61 13 6 11 2 66 2 50 1 89 1 222 1 122 1
//IdTournes NbColis
12 6
//IdColis IdCommandeInColis NbProducts IdProd1 QtyProd1 IdProd2 QtyProd2 ...
106 23 21 43 1 135 1 76 1 47 1 51 1 185 2 229 1 73 2 140 2 228 2 241 1 46 1 49 2 171 1 448 1 253 2 144 1 167 1 168 3 178 1 172 1
72 15 15 102 2 41 2 247 1 40 1 33 1 74 1 75 2 82 1 83 2 146 1 78 1 149 3 226 1 254 2 186 1
96 21 6 66 1 20 3 50 1 89 1 248 1 34 1
111 24 18 119 1 222 1 302 1 52 1 411 1 228 2 241 1 189 3 113 1 40 1 409 1 75 1 74 1 82 1 83 2 78 1 420 1 392 1
12 3 11 119 2 14 1 310 1 339 1 148 1 230 1 240 2 290 2 232 2 237 2 147 1
114 25 8 92 1 133 2 14 1 239 3 230 2 240 2 290 1 387 1
//IdTournes NbColis
13 6
//IdColis IdCommandeInColis NbProducts IdProd1 QtyProd1 IdProd2 QtyProd2 ...
128 28 26 89 1 274 1 332 2 256 1 340 1 228 2 241 1 244 1 368 1 53 1 199 1 366 1 378 1 167 1 41 3 375 1 379 1 40 1 318 3 319 1 289 1 291 2 74 1 75 2 82 1 83 2
131 29 9 133 2 14 1 339 1 230 2 240 2 287 2 290 2 232 2 237 2
143 31 10 92 1 133 2 14 1 240 1 290 2 232 2 237 2 243 2 242 1 278 1
147 32 12 133 2 14 1 230 1 240 1 290 2 232 1 237 2 243 2 246 2 242 1 245 1 210 1
18 4 12 133 1 70 2 16 1 166 1 196 1 165 1 76 1 185 1 73 1 228 3 241 1 79 1
104 23 6 19 1 20 2 50 1 89 1 65 1 45 1
//IdTournes NbColis
14 6
//IdColis IdCommandeInColis NbProducts IdProd1 QtyProd1 IdProd2 QtyProd2 ...
41 9 9 18 1 19 1 89 1 65 1 66 1 50 1 279 1 122 1 270 1
42 9 24 119 2 418 1 228 2 241 1 416 1 407 1 150 1 250 1 419 1 422 1 281 1 375 1 285 1 40 1 26 1 79 2 75 1 74 1 82 1 83 2 115 1 78 1 138 1 293 1
168 37 7 18 1 19 1 99 2 65 1 50 1 222 1 73 1
85 18 14 105 1 106 1 92 1 222 1 310 2 37 1 68 1 107 1 76 1 72 1 73 1 81 1 273 1 228 1
21 5 8 19 1 89 1 65 1 66 1 50 1 119 1 290 2 40 1
105 23 4 65 1 66 2 119 3 38 1
//IdTournes NbColis
15 6
//IdColis IdCommandeInColis NbProducts IdProd1 QtyProd1 IdProd2 QtyProd2 ...
110 24 8 19 1 89 1 65 1 66 1 50 1 119 1 222 1 140 1
49 11 5 28 1 62 3 105 2 222 1 187 1
23 5 29 241 1 228 3 147 1 97 1 103 2 163 1 109 2 250 1 91 2 364 1 102 1 225 1 216 1 235 1 281 1 275 1 75 2 74 2 82 1 83 2 396 1 443 2 294 1 161 3 162 2 286 2 190 1 258 2 453 1
2 1 6 62 2 60 1 65 1 106 2 185 2 72 1
31 7 5 62 2 105 1 106 3 118 1 315 1
66 14 8 62 2 92 1 69 1 70 1 337 2 290 2 210 1 286 1
//IdTournes NbColis
16 6
//IdColis IdCommandeInColis NbProducts IdProd1 QtyProd1 IdProd2 QtyProd2 ...
84 18 6 69 1 70 2 62 2 105 1 222 1 72 1
89 19 11 62 2 92 1 69 1 70 1 344 1 74 1 75 1 82 1 83 1 84 1 205 1
123 27 8 50 1 89 1 65 1 66 1 119 2 403 1 56 1 73 1
136 30 6 62 1 105 2 106 2 92 1 222 1 182 1
152 33 6 62 1 69 1 70 2 105 2 196 1 121 1
157 34 7 62 1 60 2 65 1 92 1 70 1 228 2 241 1
//IdTournes NbColis
17 6
//IdColis IdCommandeInColis NbProducts IdProd1 QtyProd1 IdProd2 QtyProd2 ...
160 35 13 62 1 106 1 92 1 69 1 70 1 211 1 279 1 73 1 193 1 208 1 212 1 110 1 266 1
171 38 8 62 2 105 1 92 1 69 1 70 1 313 1 279 1 205 1
174 39 7 65 1 66 1 20 1 92 1 119 2 118 1 56 1
115 25 21 290 1 232 2 243 2 237 2 242 1 245 1 210 1 211 1 185 2 229 1 57 2 72 1 193 2 208 1 212 1 110 2 111 1 112 1 228 2 244 1 179 1
32 7 13 92 1 69 1 70 1 39 3 355 1 290 2 316 1 211 1 210 1 185 2 157 1 72 1 212 1
74 16 7 60 2 65 1 66 1 92 1 133 1 209 1 39 1
//IdTournes NbColis
18 6
//IdColis IdCommandeInColis NbProducts IdProd1 QtyProd1 IdProd2 QtyProd2 ...
75 16 21 133 1 217 1 239 1 39 1 59 1 200 1 287 1 206 1 185 2 122 1 73 1 223 1 194 1 213 1 215 1 227 1 228 2 238 1 241 1 244 2 427 1
116 25 30 241 1 256 1 340 1 137 1 109 1 103 2 58 1 250 1 216 2 429 1 289 1 291 2 202 1 190 1 198 1 204 1 249 2 161 2 162 1 434 1 95 2 286 2 84 1 138 3 131 2 218 2 201 1 335 1 205 3 236 1
38 8 22 119 1 337 1 72 1 231 1 228 2 241 1 46 1 406 2 412 1 413 1 139 1 308 2 199 1 268 1 40 1 75 1 74 1 82 1 83 2 410 1 78 1 84 1
124 27 28 362 1 228 1 241 1 332 1 46 1 366 1 216 1 285 1 40 1 132 1 134 1 309 1 283 1 318 1 319 1 289 1 291 1 74 1 75 1 82 1 83 1 404 1 78 1 402 1 84 1 338 1 205 1 236 2
138 30 26 211 1 210 1 206 1 195 2 126 1 423 1 73 1 426 1 151 1 212 2 223 1 231 1 193 2 208 1 110 2 111 1 112 1 203 1 227 1 228 2 215 1 241 1 244 1 358 1 49 1 305 1
8 2 20 383 2 183 1 135 1 388 3 136 2 206 1 73 1 140 1 223 1 231 1 391 2 295 1 215 1 227 1 228 3 241 1 189 3 233 1 139 1 63 1
//IdTournes NbColis
19 6
//IdColis IdCommandeInColis NbProducts IdProd1 QtyProd1 IdProd2 QtyProd2 ...
9 2 24 308 2 214 1 220 1 176 3 354 3 366 2 387 1 235 1 395 1 265 2 40 1 74 1 75 2 82 1 83 2 294 1 312 1 78 1 400 1 84 1 63 1 100 3 205 1 293 1
19 4 16 253 1 233 1 77 1 113 1 178 1 40 1 79 1 75 2 82 1 74 1 83 2 78 1 400 1 84 1 63 1 205 1
153 33 11 106 3 92 1 217 1 239 1 183 1 128 1 187 1 195 1 206 1 185 2 79 1
26 6 6 60 3 65 1 92 1 133 1 222 1 210 1
139 30 27 346 1 171 1 175 1 103 2 109 1 253 3 250 2 233 1 252 1 214 3 221 1 176 1 326 1 348 1 356 2 359 1 364 1 366 1 235 2 178 1 40 1 283 1 309 1 291 1 429 1 75 2 129 1
120 26 24 119 1 222 1 48 1 388 1 369 1 228 1 389 1 364 3 266 3 40 1 79 2 75 1 74 1 82 1 83 2 401 1 78 1 84 1 149 3 380 1 93 1 397 2 398 4 399 1
//IdTournes NbColis
20 6
//IdColis IdCommandeInColis NbProducts IdProd1 QtyProd1 IdProd2 QtyProd2 ...
137 30 11 69 1 70 2 310 2 48 1 217 1 239 1 183 1 355 1 287 1 290 2 361 1
140 30 21 74 1 82 1 83 2 130 2 78 1 198 1 204 1 286 2 219 1 249 2 161 2 162 1 95 2 190 1 84 2 347 2 272 1 352 2 284 1 205 1 236 1
7 2 8 89 1 65 1 119 2 222 2 310 2 296 1 217 1 354 1
46 10 23 65 1 381 1 222 2 209 1 90 1 384 1 228 2 241 1 250 1 253 1 386 1 113 1 280 1 354 1 102 2 264 1 266 2 191 1 373 1 265 1 40 1 79 1 277 1
70 15 6 66 1 20 3 50 1 89 1 239 1 153 1
101 22 11 89 1 65 1 66 1 119 2 185 1 122 1 73 1 228 2 241 1 150 1 276 1
//IdTournes NbColis
21 6
//IdColis IdCommandeInColis NbProducts IdProd1 QtyProd1 IdProd2 QtyProd2 ...
169 37 22 89 1 302 1 323 1 228 2 241 1 189 1 372 2 220 1 280 1 366 2 216 2 40 1 74 1 75 1 82 1 83 2 78 1 84 1 179 1 376 1 335 1 371 2
59 12 9 155 1 453 3 179 2 450 1 272 2 284 1 324 1 236 3 325 1
37 8 7 65 1 66 1 20 2 92 1 119 1 337 1 279 1
55 12 7 65 1 66 1 20 2 92 1 133 1 222 1 211 1
62 13 12 65 1 119 2 310 2 239 1 76 1 152 2 439 1 228 2 241 1 49 3 137 1 179 1
79 17 7 65 1 66 1 20 2 92 1 119 1 217 1 414 1
//IdTournes NbColis
22 6
//IdColis IdCommandeInColis NbProducts IdProd1 QtyProd1 IdProd2 QtyProd2 ...
92 20 7 65 1 66 1 20 2 92 1 119 1 290 2 40 1
144 31 28 245 1 210 1 211 1 279 2 122 1 73 1 193 1 208 1 212 1 110 1 111 1 112 1 228 2 241 1 255 1 67 2 170 1 147 1 175 1 109 1 103 2 177 2 263 1 216 1 285 1 132 1 78 1 161 2
154 33 29 72 1 122 1 73 1 223 1 231 1 215 1 227 1 228 2 241 1 256 2 123 1 117 1 253 2 233 1 214 1 220 1 252 1 192 1 235 1 124 1 40 1 79 1 74 1 82 1 83 2 75 1 84 1 205 1 236 1
50 11 9 92 1 69 1 70 2 222 1 357 1 310 2 107 1 68 1 330 1
148 32 23 182 1 211 1 72 2 193 2 208 1 212 1 223 1 110 1 111 1 112 1 228 2 241 1 332 2 109 1 103 2 250 1 91 2 94 1 177 2 180 1 176 2 188 3 199 1
158 34 10 108 1 253 1 424 3 268 1 40 1 74 1 75 1 82 1 83 2 350 1
//IdTournes NbColis
23 6
//IdColis IdCommandeInColis NbProducts IdProd1 QtyProd1 IdProd2 QtyProd2 ...
80 17 19 119 1 296 1 209 1 200 1 355 1 287 1 195 1 206 1 73 1 223 1 323 3 215 1 227 1 228 3 238 1 241 1 273 3 170 1 214 1
165 36 24 212 1 110 1 111 1 112 1 228 2 241 1 103 1 253 1 421 1 221 1 181 1 132 1 415 1 78 1 190 1 198 1 204 1 249 2 161 2 162 1 95 2 286 2 84 1 205 1
129 28 5 294 1 300 1 78 1 84 1 120 1
56 12 12 133 1 451 1 248 3 166 1 425 2 290 3 140 2 212 2 322 1 193 3 208 1 325 1
149 32 22 199 2 102 1 225 3 191 1 124 1 289 1 291 1 197 1 164 1 78 1 95 2 161 2 162 1 190 1 198 1 204 1 219 1 249 2 286 2 173 1 179 1 207 1
51 11 23 290 1 210 1 211 1 122 1 73 2 212 2 193 2 208 2 110 2 111 1 112 1 241 1 362 1 363 1 228 3 255 1 224 1 109 1 103 2 253 2 139 1 333 1 149 1
//IdTournes NbColis
24 6
//IdColis IdCommandeInColis NbProducts IdProd1 QtyProd1 IdProd2 QtyProd2 ...
132 29 24 243 2 242 1 245 1 210 1 211 1 279 1 185 1 122 1 140 1 193 2 208 2 274 1 212 2 261 1 270 1 110 2 111 1 112 1 259 1 269 1 273 1 228 2 241 1 256 1
28 6 29 241 1 103 2 109 1 94 1 102 1 281 1 247 2 285 1 289 1 291 1 79 2 75 1 74 1 82 1 83 2 78 1 258 2 198 1 204 1 286 2 190 1 161 2 162 1 95 2 84 1 93 1 272 1 284 1 205 1
133 29 28 109 1 103 2 390 1 220 1 252 1 199 2 271 1 326 1 348 1 268 1 216 2 393 1 124 1 262 1 277 1 78 1 257 1 198 1 204 1 219 1 249 2 286 2 161 2 162 1 95 2 190 1 338 1 179 1
161 35 36 111 1 112 1 259 1 292 1 298 1 213 1 215 1 228 1 241 1 103 1 150 1 221 1 280 1 40 1 74 1 75 1 82 1 83 1 300 1 161 2 162 1 95 2 190 1 198 1 204 1 219 1 249 2 286 2 84 1 377 1 272 1 282 1 201 1 284 1 374 2 205 1
47 10 15 79 1 74 1 75 1 82 1 83 2 396 1 78 1 385 2 84 1 149 1 138 1 288 2 282 1 205 1 392 1
58 12 24 225 1 216 1 393 2 329 3 247 3 265 1 40 1 79 2 75 2 74 2 82 1 83 2 443 2 202 2 78 1 299 2 286 2 161 3 162 2 190 1 258 3 198 1 204 2 84 1
//IdTournes NbColis
25 6
//IdColis IdCommandeInColis NbProducts IdProd1 QtyProd1 IdProd2 QtyProd2 ...
98 21 19 320 2 373 1 264 1 285 1 40 1 307 1 314 3 74 1 75 1 82 1 83 2 277 1 78 1 179 1 226 1 201 1 293 3 205 1 370 1
102 22 9 281 1 275 1 40 1 197 2 74 1 75 1 82 1 83 2 78 1
107 23 13 446 2 314 2 75 2 74 1 82 1 83 2 78 1 84 1 452 1 370 1 392 1 398 1 454 1
173 38 22 269 1 213 1 301 1 303 1 227 1 306 1 241 1 259 1 304 1 305 1 285 1 40 1 317 1 318 1 319 1 289 1 291 1 74 1 75 1 83 1 82 1 84 1
176 39 17 213 1 301 1 228 1 241 1 259 1 297 1 264 1 40 1 74 1 75 1 83 1 82 1 294 1 300 1 78 1 84 1 345 1
94 20 13 277 1 417 1 78 1 219 1 249 2 286 2 161 2 162 1 95 2 190 1 198 1 204 1 236 1
//IdTournes NbColis
26 3
//IdColis IdCommandeInColis NbProducts IdProd1 QtyProd1 IdProd2 QtyProd2 ...
24 5 10 258 1 198 1 204 2 299 2 84 2 453 2 272 2 284 1 205 1 455 1
68 14 7 249 2 84 1 272 1 282 1 284 1 205 1 236 1
145 31 10 162 1 95 2 190 1 257 1 198 1 204 1 219 1 249 2 286 2 260 1
