//NbTournees
27
//IdTournes NbColis
1 6
//IdColis IdCommandeInColis NbProducts IdProd1 QtyProd1 IdProd2 QtyProd2 ...
1 1 22 178 1 183 1 200 1 38 1 42 1 173 1 93 1 98 2 109 1 117 1 157 1 218 1 219 1 82 1 190 1 161 2 165 1 199 1 142 1 3 1 45 1 27 1
3 2 19 33 1 38 1 42 1 98 2 109 2 117 1 157 1 162 1 166 1 168 1 169 1 136 1 47 1 154 2 48 1 81 1 132 1 159 1 52 1
15 8 20 221 1 228 2 140 1 251 1 258 1 13 1 242 1 381 1 248 1 368 1 568 1 68 1 47 2 223 1 245 1 259 1 84 1 160 1 82 1 54 1
24 11 21 433 1 572 1 13 1 207 1 291 1 324 1 219 1 342 1 82 2 91 1 190 1 148 1 156 1 161 1 383 1 197 1 159 1 102 1 15 1 150 1 420 1
31 14 34 111 1 585 1 81 1 152 1 593 1 130 1 164 1 584 1 588 1 515 1 603 1 70 1 139 1 155 1 564 1 587 1 167 1 105 1 115 1 379 1 52 2 392 1 420 1 569 1 92 1 79 2 113 1 110 1 104 1 121 1 88 1 443 1 120 1 26 3
42 19 27 87 1 568 1 94 1 462 2 116 1 118 1 142 1 81 1 159 1 102 1 131 1 385 1 46 1 99 1 51 1 25 1 14 1 504 1 581 1 26 5 466 1 9 2 469 1 57 1 578 1 386 1 423 1
//IdTournes NbColis
2 6
//IdColis IdCommandeInColis NbProducts IdProd1 QtyProd1 IdProd2 QtyProd2 ...
45 20 27 83 1 86 1 146 2 545 1 81 1 144 1 149 1 377 1 501 1 471 1 125 1 45 1 288 1 482 1 555 2 114 1 455 1 560 1 56 1 104 1 100 1 108 1 26 4 389 1 557 1 414 1 20 1
48 21 18 160 1 145 1 158 1 161 1 165 1 138 1 146 1 81 1 506 1 6 1 51 1 14 3 638 1 108 1 26 4 557 1 29 2 539 1
50 22 17 129 1 241 1 510 1 219 1 84 1 82 1 148 2 159 1 112 1 52 1 559 1 122 1 108 1 26 4 22 1 8 1 538 1
51 23 20 78 1 181 1 89 1 101 1 103 1 106 1 140 2 214 1 536 1 206 1 209 1 213 1 493 1 218 1 68 1 47 1 189 1 82 1 607 1 2 1
53 24 20 78 1 183 1 173 1 89 1 184 1 211 1 254 1 373 2 605 1 153 1 344 1 219 2 399 1 160 1 82 1 91 1 194 1 102 1 123 1 5 1
57 25 20 84 1 342 1 160 1 82 1 192 1 194 1 195 1 202 1 322 1 161 1 350 1 380 1 138 2 149 1 295 1 150 1 115 1 393 3 423 1 415 1
//IdTournes NbColis
3 6
//IdColis IdCommandeInColis NbProducts IdProd1 QtyProd1 IdProd2 QtyProd2 ...
60 26 23 82 1 187 1 190 1 204 1 148 1 210 1 364 1 460 1 570 1 592 1 595 1 146 1 159 1 365 1 201 1 593 1 186 1 191 1 299 1 590 1 71 1 175 1 34 2
62 27 20 89 1 228 1 117 1 232 1 244 1 253 1 261 1 262 1 621 1 119 1 128 1 236 1 239 1 255 1 219 1 82 1 190 1 257 1 400 1 27 1
65 28 22 248 1 510 1 331 1 170 1 342 1 82 1 91 1 190 2 148 1 552 1 116 1 582 1 48 1 553 2 608 1 227 1 400 1 550 1 222 1 551 1 15 2 45 1
125 54 21 28 1 90 1 109 1 246 1 219 1 374 1 194 1 320 1 364 1 138 1 316 1 81 1 152 1 365 1 102 1 150 1 167 1 6 1 385 1 392 1 26 5
127 55 21 109 1 246 1 286 1 376 1 371 1 382 1 35 1 242 1 381 1 82 1 257 1 380 1 278 1 197 1 199 1 314 1 81 1 375 1 302 1 358 1 393 4
129 56 12 307 1 140 1 369 1 160 1 383 2 81 1 132 2 159 1 150 1 379 1 34 1 393 5
//IdTournes NbColis
4 6
//IdColis IdCommandeInColis NbProducts IdProd1 QtyProd1 IdProd2 QtyProd2 ...
130 57 21 109 1 246 1 157 1 254 1 378 1 35 1 38 1 42 1 342 1 194 1 322 1 350 1 234 1 81 1 231 1 150 1 167 1 104 1 65 1 26 5 19 1
131 58 26 394 1 89 1 166 1 388 1 248 1 82 1 322 1 161 1 45 1 150 1 167 1 179 1 114 1 99 1 34 1 100 1 14 2 108 1 226 1 26 5 2 1 8 1 390 1 387 1 391 1 386 1
132 59 20 78 1 106 1 140 1 315 1 328 1 388 1 87 2 128 1 342 1 82 1 138 1 377 1 52 1 7 1 11 1 226 1 27 5 389 1 384 1 19 1
47 21 22 78 1 489 1 32 1 452 1 107 1 147 1 93 1 98 1 117 1 133 1 157 1 163 1 38 1 42 1 153 1 219 2 47 1 170 1 84 1 116 1 637 1 5 1
68 29 21 85 1 183 1 247 1 101 1 109 2 246 2 157 1 261 1 35 1 38 1 42 1 119 1 293 1 241 1 84 1 160 1 154 1 395 1 83 1 501 1 65 1
71 30 15 219 1 210 1 383 1 83 1 112 1 227 1 231 1 482 1 591 1 71 1 597 1 175 1 516 2 600 1 27 3
//IdTournes NbColis
5 6
//IdColis IdCommandeInColis NbProducts IdProd1 QtyProd1 IdProd2 QtyProd2 ...
73 31 14 204 1 165 1 263 1 83 1 138 1 139 1 150 1 167 1 115 1 34 2 220 1 123 1 504 1 27 5
75 32 21 544 1 248 1 153 1 344 1 510 1 219 1 403 1 265 1 84 1 190 1 194 1 148 1 156 1 257 1 165 1 570 1 86 1 413 1 48 2 273 1 546 1
133 60 25 43 1 109 1 203 1 246 1 157 1 382 1 42 1 381 1 351 1 419 1 403 1 154 1 380 1 83 1 48 1 424 1 215 1 179 1 420 1 250 1 100 1 27 5 409 1 1 1 19 1
135 61 27 77 1 43 1 285 1 382 1 128 1 399 1 402 1 188 1 148 1 398 1 83 1 413 1 229 1 237 1 150 1 416 1 52 1 100 1 271 1 27 5 17 1 406 1 411 1 414 1 390 1 5 1 19 1
136 62 24 28 1 397 1 266 1 117 1 367 1 261 1 84 1 311 2 202 1 396 1 350 1 303 1 400 1 283 1 185 1 150 1 167 1 108 2 27 4 30 1 1 1 404 1 415 1 408 1
138 63 21 89 1 101 2 109 1 307 2 140 1 246 1 376 1 157 1 84 1 311 1 156 1 322 1 138 1 346 1 197 1 152 1 216 1 11 1 88 1 27 4 408 1
//IdTournes NbColis
6 6
//IdColis IdCommandeInColis NbProducts IdProd1 QtyProd1 IdProd2 QtyProd2 ...
140 64 21 418 1 98 2 228 1 109 2 117 1 140 1 157 1 261 1 42 1 190 1 195 1 202 1 395 1 142 1 377 1 424 1 220 1 26 4 421 1 423 1 412 1
142 65 29 109 1 246 1 262 1 35 1 242 1 351 1 87 1 213 1 301 1 68 1 195 1 401 1 405 1 407 1 179 1 71 1 34 2 7 1 220 1 26 5 36 1 410 1 20 1 425 1 386 1 417 1 1 1 384 1 422 1
5 3 22 28 1 32 1 284 1 21 1 37 1 172 1 90 1 230 1 127 1 281 1 293 1 300 1 301 1 275 1 287 1 154 1 297 1 269 1 278 1 6 1 27 1 5 1
23 11 19 60 1 85 1 37 1 38 1 42 1 93 2 98 2 106 1 117 2 196 1 140 1 203 1 376 1 157 1 328 1 566 1 45 1 404 1 412 1
30 14 22 63 2 85 1 143 1 163 1 583 1 565 1 21 1 96 1 141 1 343 1 137 1 151 1 47 2 134 1 91 1 156 1 460 1 350 1 97 1 507 1 468 1 19 1
59 26 21 77 1 78 1 172 1 174 1 106 1 193 1 198 1 140 1 205 1 217 1 166 1 168 1 209 1 153 1 219 1 594 1 399 1 402 1 599 1 393 1 384 1
//IdTournes NbColis
7 6
//IdColis IdCommandeInColis NbProducts IdProd1 QtyProd1 IdProd2 QtyProd2 ...
78 33 20 601 1 172 1 93 2 98 2 267 1 117 1 157 1 38 1 42 1 87 1 190 1 279 1 156 1 263 1 270 1 116 1 377 1 102 1 227 1 27 2
80 34 20 77 1 292 1 43 1 172 1 98 2 109 2 282 1 286 1 157 1 261 1 35 1 38 1 42 1 87 1 128 1 209 1 291 1 47 1 393 2 19 1
143 66 25 183 1 172 1 117 1 211 1 428 1 430 1 369 1 261 1 21 1 87 1 126 1 276 1 219 1 194 1 161 1 270 1 150 1 435 1 450 1 18 1 442 1 27 5 9 1 410 2 19 1
83 35 18 436 1 86 1 234 1 542 1 295 1 302 1 45 1 150 1 71 1 298 1 122 1 271 1 108 1 27 5 421 1 386 2 10 1 19 1
145 67 25 452 1 173 1 98 1 205 1 433 1 35 1 434 1 68 1 331 1 374 1 204 1 287 1 436 1 150 1 167 1 441 1 52 1 99 1 51 1 18 1 443 1 49 1 27 5 448 1 30 1
147 68 19 28 1 452 1 173 1 109 1 427 1 246 1 169 1 388 1 35 1 419 1 68 1 342 1 102 1 150 1 167 1 420 1 180 1 445 1 27 5
//IdTournes NbColis
8 6
//IdColis IdCommandeInColis NbProducts IdProd1 QtyProd1 IdProd2 QtyProd2 ...
148 69 16 109 1 246 1 157 1 431 1 432 1 438 1 35 1 342 1 86 1 314 1 451 1 45 1 185 1 7 1 27 5 415 1
149 70 19 72 1 426 1 109 1 246 1 437 1 75 1 38 1 42 1 439 1 47 1 194 1 197 1 100 1 393 7 446 1 57 1 447 1 444 1 449 1
84 36 18 224 1 174 1 89 1 98 2 228 1 268 1 109 2 140 1 285 1 157 1 262 1 373 1 35 1 37 1 38 1 42 1 68 1 630 1
87 37 20 174 1 304 1 305 1 307 1 140 1 312 1 328 1 208 1 323 1 330 1 594 1 331 1 334 1 399 1 320 1 401 1 463 1 383 1 97 1 27 1
89 38 17 624 1 98 2 282 1 333 1 438 1 35 2 87 1 274 3 327 1 336 1 47 1 279 1 202 1 322 1 257 1 495 1 54 1
91 39 20 634 1 90 1 315 1 388 1 136 1 242 2 325 1 293 1 381 1 87 1 128 1 248 1 324 1 219 1 403 1 47 1 243 1 148 1 350 1 197 2
//IdTournes NbColis
9 6
//IdColis IdCommandeInColis NbProducts IdProd1 QtyProd1 IdProd2 QtyProd2 ...
150 71 18 78 1 109 2 280 1 246 2 376 1 378 1 373 1 35 1 87 1 274 1 219 1 259 1 188 1 440 1 270 1 429 1 102 1 299 1
152 72 18 472 1 89 1 98 1 228 1 117 1 21 1 208 2 87 1 202 1 154 1 138 1 15 1 51 1 34 1 18 1 226 1 393 6 404 1
13 7 28 63 1 461 1 228 1 182 1 232 1 124 1 315 1 317 1 258 1 279 1 145 1 156 1 459 1 462 1 463 1 3 1 471 1 155 1 385 1 34 2 468 1 100 1 14 1 88 1 108 1 226 1 65 1 23 1
17 8 17 468 1 11 1 18 1 88 1 108 1 579 1 26 5 512 1 520 1 410 1 53 1 577 1 390 3 1 1 23 2 415 1 408 1
25 11 11 288 1 569 1 571 1 34 1 11 1 123 1 88 1 579 1 65 1 27 5 469 1
52 23 20 188 1 398 1 592 1 383 1 212 1 197 2 400 1 155 1 179 1 71 1 99 1 34 2 559 1 504 1 88 1 18 1 26 5 469 1 389 1 557 1
//IdTournes NbColis
10 6
//IdColis IdCommandeInColis NbProducts IdProd1 QtyProd1 IdProd2 QtyProd2 ...
66 28 25 233 1 191 3 235 1 358 1 288 1 299 1 590 1 591 1 500 2 455 1 46 1 99 1 547 1 113 1 110 1 504 1 88 1 18 1 616 1 108 1 602 1 226 1 26 5 390 1 29 3
82 35 19 264 1 109 2 280 1 246 2 211 1 251 1 157 1 388 1 21 1 35 1 38 1 42 1 276 1 511 1 296 1 192 1 603 1 88 1 580 1
94 40 18 213 1 300 1 439 2 188 1 311 1 156 1 322 1 582 1 222 1 139 1 150 1 167 1 88 1 108 1 393 7 30 1 444 1 10 1
96 41 28 194 2 195 1 279 1 322 1 350 2 380 1 197 1 111 1 171 1 558 1 400 1 222 1 45 1 313 1 541 1 562 1 41 1 104 1 88 1 18 1 561 1 26 5 444 1 410 1 20 1 29 3 556 1 417 1
100 42 18 152 1 159 2 370 1 573 1 574 1 424 2 70 1 306 1 191 1 313 1 105 1 11 1 14 1 88 1 18 1 26 5 633 1 29 3
103 43 17 309 1 335 1 370 1 15 1 45 1 150 1 167 1 99 1 51 1 34 1 468 1 41 1 88 1 27 2 393 2 9 1 512 1
//IdTournes NbColis
11 6
//IdColis IdCommandeInColis NbProducts IdProd1 QtyProd1 IdProd2 QtyProd2 ...
153 73 21 341 1 454 1 98 2 453 1 261 1 35 1 293 1 300 1 152 1 400 2 235 1 313 1 150 1 167 1 179 1 104 1 88 1 393 7 421 1 465 1 54 1
154 74 16 397 1 266 1 109 1 246 1 285 1 376 1 157 1 328 1 35 1 464 1 255 1 322 1 138 1 455 1 88 1 393 6
20 10 20 28 1 31 1 69 1 452 1 341 1 89 1 135 1 312 1 315 1 285 1 251 1 328 1 13 1 293 1 126 2 276 1 344 1 405 1 26 1 23 1
37 17 17 78 1 74 1 35 1 89 2 109 2 246 2 157 1 456 1 458 1 261 1 457 1 324 1 187 1 311 1 322 1 467 1 76 1
49 22 18 394 1 89 1 90 1 93 2 95 1 98 2 103 1 117 1 127 1 376 1 157 1 38 1 42 1 126 1 128 2 554 1 71 1 23 1
98 42 16 28 1 78 1 32 1 292 1 89 1 93 2 98 2 117 2 280 1 319 1 286 1 157 2 565 1 38 1 42 1 34 1
//IdTournes NbColis
12 6
//IdColis IdCommandeInColis NbProducts IdProd1 QtyProd1 IdProd2 QtyProd2 ...
104 44 16 89 1 93 2 98 2 117 2 205 1 157 2 258 1 333 1 536 1 38 1 42 1 300 1 594 1 91 1 194 1 114 1
106 45 20 284 1 89 1 98 2 109 2 117 2 307 1 140 1 157 1 388 1 38 1 42 1 343 1 351 1 381 1 259 1 554 1 342 1 202 1 34 1 27 1
109 46 9 380 1 144 1 159 1 102 1 222 1 150 1 114 1 392 1 26 5
155 75 15 394 1 473 1 89 1 109 2 246 2 261 1 274 1 207 1 338 1 460 1 380 1 125 1 150 1 105 1 393 7
156 76 20 89 1 228 1 109 1 427 1 476 1 246 1 35 1 91 1 311 1 350 1 429 1 471 1 235 1 71 1 34 1 488 1 65 1 393 5 485 1 423 2
157 77 26 77 1 489 1 107 1 98 2 266 1 261 1 388 1 35 1 208 1 255 1 194 1 249 1 483 1 309 1 222 1 235 1 150 1 167 1 105 1 71 1 34 1 18 1 442 1 484 1 404 1 23 1
//IdTournes NbColis
13 6
//IdColis IdCommandeInColis NbProducts IdProd1 QtyProd1 IdProd2 QtyProd2 ...
4 2 18 171 1 150 1 167 1 92 1 100 1 123 2 18 1 108 1 49 1 50 1 26 5 9 1 17 1 12 1 36 1 8 1 1 1 10 1
7 4 21 13 1 90 1 140 1 312 1 477 1 168 1 438 2 262 1 439 1 189 1 296 1 243 1 480 1 383 1 152 1 329 1 15 3 155 1 412 1 19 2 23 1
11 6 19 31 1 43 1 24 1 38 1 42 1 90 1 93 2 352 1 98 2 304 1 117 1 376 1 157 1 369 1 366 1 160 1 165 1 383 1 16 1
33 15 18 394 1 73 3 90 1 109 1 246 1 254 4 481 1 35 1 475 1 71 1 110 1 176 1 14 1 27 5 465 1 36 1 80 1 23 1
41 19 18 78 1 90 1 93 2 98 2 101 1 117 2 124 1 135 1 140 1 157 2 371 1 169 1 24 1 38 1 42 1 34 1 387 1 580 1
44 20 21 147 1 93 2 98 2 106 1 117 2 140 1 157 1 369 1 13 1 21 1 119 1 293 1 381 1 91 1 148 1 294 1 383 1 413 1 26 1 23 1 408 1
//IdTournes NbColis
14 6
//IdColis IdCommandeInColis NbProducts IdProd1 QtyProd1 IdProd2 QtyProd2 ...
70 30 19 224 1 225 1 90 1 93 2 98 2 230 1 117 1 182 1 193 1 157 1 254 1 38 1 42 1 252 1 126 1 240 1 344 1 68 1 27 1
72 31 16 641 1 627 1 98 2 103 2 254 1 261 1 536 2 388 1 35 1 141 1 419 1 255 1 256 1 91 1 194 1 156 1
81 34 9 91 1 194 1 294 1 436 2 407 1 102 1 283 1 299 1 393 3
95 41 20 452 1 147 1 98 2 101 1 109 2 117 2 307 1 140 1 157 1 217 1 388 1 38 1 42 1 248 1 47 1 189 1 91 1 48 1 123 1 412 1
99 42 23 208 1 366 1 47 1 160 1 91 1 279 1 145 1 332 1 249 1 287 1 161 1 567 2 165 1 570 1 592 1 636 1 234 1 316 1 582 1 48 1 303 1 5 1 408 1
105 44 19 148 1 395 1 257 1 350 1 495 1 383 1 277 1 270 1 302 1 155 1 92 1 99 1 34 1 7 1 226 1 120 1 50 1 26 5 618 1
//IdTournes NbColis
15 6
//IdColis IdCommandeInColis NbProducts IdProd1 QtyProd1 IdProd2 QtyProd2 ...
110 47 22 147 1 307 1 135 1 140 1 254 1 208 1 381 1 128 1 344 1 399 1 91 1 195 1 311 1 145 1 348 1 383 1 346 1 337 1 144 1 171 1 450 1 65 1
112 48 17 32 1 93 2 98 2 117 1 140 1 360 1 157 1 367 1 168 1 13 1 38 1 42 1 128 1 153 2 620 1 91 1 48 1
113 48 16 192 1 161 1 270 1 542 1 125 1 283 1 150 1 179 1 420 1 92 1 34 1 393 7 30 1 20 1 626 1 423 1
159 78 18 90 1 474 1 98 2 109 2 117 1 157 1 166 1 38 1 42 1 332 1 306 1 150 1 46 1 108 1 226 1 393 7 17 1 444 1
160 79 13 98 1 35 1 248 1 434 1 403 1 91 1 350 1 309 1 159 1 34 1 27 5 36 1 23 1
161 80 29 418 1 43 1 452 1 140 1 431 1 494 1 388 1 47 1 91 1 436 1 263 1 507 1 15 1 506 1 45 1 500 1 44 1 420 1 46 1 504 1 502 1 499 1 49 2 26 5 9 1 17 1 447 1 410 1 414 1
//IdTournes NbColis
16 6
//IdColis IdCommandeInColis NbProducts IdProd1 QtyProd1 IdProd2 QtyProd2 ...
162 81 17 78 1 166 1 68 1 495 1 132 1 302 1 479 1 139 1 288 1 215 1 71 1 92 1 34 1 18 1 488 1 26 5 20 1
21 10 30 327 1 296 1 311 1 462 2 197 1 606 1 303 1 337 1 612 1 615 1 227 1 400 1 237 1 235 1 155 1 71 1 51 1 435 1 533 1 34 1 7 2 610 1 26 4 2 1 410 1 414 1 20 1 66 1 29 3 386 1
64 28 18 619 1 224 1 284 1 93 2 98 2 117 1 182 1 135 1 198 1 140 1 251 1 157 1 214 1 254 1 433 1 136 1 497 1 128 1
74 32 16 601 1 93 3 98 3 266 1 117 2 140 1 285 1 157 2 162 1 252 1 128 2 240 1 47 1 11 1 387 1 5 1
92 39 13 316 1 303 1 216 1 112 1 603 1 313 1 155 1 215 1 71 1 51 1 596 1 27 5 422 1
163 82 18 109 1 307 1 140 1 491 1 246 1 492 1 157 1 162 1 75 1 330 1 94 1 496 1 424 1 179 1 122 1 27 4 417 1 408 1
//IdTournes NbColis
17 6
//IdColis IdCommandeInColis NbProducts IdProd1 QtyProd1 IdProd2 QtyProd2 ...
35 16 21 73 1 109 2 315 1 246 2 376 1 430 1 261 1 438 1 35 1 497 1 493 1 219 1 300 1 279 1 171 1 179 1 114 1 46 1 490 1 393 4 503 1
107 45 12 350 1 380 1 97 1 45 1 288 2 347 1 349 1 27 4 498 1 487 1 448 1 614 1
108 46 18 32 1 98 2 228 1 109 2 117 2 307 1 140 1 157 1 328 1 38 1 42 1 300 1 265 1 188 1 294 1 350 1 25 1 404 1
93 40 19 225 1 109 2 246 2 317 1 318 1 157 1 261 1 388 1 75 1 38 1 42 1 308 1 208 1 589 1 497 1 274 1 310 1 209 1 227 1
114 49 19 58 1 352 1 106 1 232 2 357 1 140 2 359 1 369 1 24 1 293 1 351 1 276 1 354 1 153 1 259 1 331 1 537 1 353 1 412 1
12 6 13 478 1 479 1 486 1 358 1 155 1 99 1 226 1 26 5 487 1 22 1 30 1 29 2 39 1
//IdTournes NbColis
18 6
//IdColis IdCommandeInColis NbProducts IdProd1 QtyProd1 IdProd2 QtyProd2 ...
26 12 28 62 1 64 1 98 1 117 1 286 1 261 1 388 1 368 1 399 1 160 1 190 1 161 1 138 1 501 1 471 1 237 1 15 1 67 1 70 1 424 1 185 1 150 1 288 1 167 1 504 1 226 1 50 1 27 2
118 50 20 383 1 197 1 370 1 171 1 355 1 235 1 139 1 155 1 167 1 590 1 555 1 115 2 71 1 602 1 226 1 488 1 27 5 598 1 389 2 604 1
164 83 16 78 1 109 1 246 1 376 1 157 1 35 1 274 1 68 1 509 1 335 1 516 1 108 1 226 1 26 5 22 1 30 1
165 84 19 394 1 522 1 508 2 109 2 312 1 254 1 437 1 75 1 38 1 42 1 47 1 48 1 517 1 393 7 513 1 57 1 444 1 523 1 29 2
56 25 18 77 1 63 1 98 2 109 2 117 2 182 1 193 1 157 2 162 1 38 1 42 1 208 1 242 1 126 1 189 1 15 1 393 2 1 1
119 51 20 292 1 98 2 109 2 307 1 361 1 328 1 261 1 371 1 373 1 35 1 381 1 331 1 192 1 320 1 346 1 146 1 365 1 370 1 51 1 19 1
//IdTournes NbColis
19 6
//IdColis IdCommandeInColis NbProducts IdProd1 QtyProd1 IdProd2 QtyProd2 ...
121 52 17 628 1 418 1 98 2 109 2 117 2 307 1 140 1 157 1 38 1 42 1 366 1 368 1 189 1 311 2 364 1 34 1 23 1
166 85 11 98 1 307 1 140 1 282 1 285 1 388 1 35 1 243 1 216 1 518 1 393 4
167 86 23 43 1 98 1 109 1 117 1 135 1 211 1 251 1 157 1 388 1 38 1 42 1 366 1 327 1 344 1 334 1 322 1 161 1 197 1 515 1 500 1 516 1 51 3 393 1
169 87 15 292 1 98 1 109 1 117 1 157 1 431 1 38 1 42 1 327 1 334 1 364 1 383 1 102 1 393 5 19 2
170 88 27 117 1 205 1 261 1 153 1 510 1 511 1 219 1 287 1 278 1 152 1 295 1 235 2 150 1 289 1 167 1 353 1 99 1 442 1 26 3 27 2 512 1 520 1 521 1 519 2 5 1 422 1 415 1
54 24 26 194 1 202 1 148 1 154 1 440 1 216 1 177 1 424 1 185 1 155 1 167 1 179 1 99 1 113 1 34 4 100 1 176 1 122 1 602 1 180 1 579 1 617 1 65 1 26 5 30 1 538 1
//IdTournes NbColis
20 6
//IdColis IdCommandeInColis NbProducts IdProd1 QtyProd1 IdProd2 QtyProd2 ...
69 29 25 116 1 234 1 197 1 199 1 142 1 582 1 112 1 45 1 482 1 44 1 105 1 179 1 560 1 569 1 99 1 250 1 49 1 50 1 27 5 421 1 512 1 12 1 576 1 20 1 422 1
76 32 26 152 1 377 1 295 1 609 1 237 1 283 1 515 1 603 2 313 1 288 2 549 1 455 1 548 1 420 1 56 1 99 1 272 1 25 1 450 1 611 1 49 1 26 5 613 1 614 1 29 3 415 1
79 33 16 586 1 185 1 191 1 235 1 139 1 288 1 289 1 290 1 549 1 299 1 590 1 99 1 27 3 469 1 17 1 389 1
151 71 5 441 1 99 1 34 1 26 5 22 1
172 89 13 418 1 109 1 307 1 140 1 491 1 246 1 35 1 279 1 380 1 179 1 99 1 27 4 447 1
9 5 18 461 1 527 1 35 2 101 1 109 2 307 1 140 1 246 2 376 1 293 1 274 1 526 1 219 1 529 1 380 2 407 1 45 1 412 1
//IdTournes NbColis
21 6
//IdColis IdCommandeInColis NbProducts IdProd1 QtyProd1 IdProd2 QtyProd2 ...
123 53 17 627 1 101 1 109 2 135 1 140 1 246 2 251 1 328 1 258 1 261 1 35 1 276 1 366 1 526 1 342 1 311 2 108 1
16 8 27 243 1 148 1 249 1 165 1 496 1 462 1 159 1 329 1 501 1 563 1 55 1 229 1 237 1 67 1 288 1 289 1 290 1 564 1 549 2 482 1 535 1 238 1 52 1 455 1 56 1 46 1 250 1
88 37 15 316 1 146 1 582 1 329 1 405 1 102 1 67 1 150 1 321 1 326 1 482 1 535 1 175 1 27 4 66 1
122 52 15 383 2 316 1 48 1 152 1 102 1 400 1 67 1 45 1 191 1 235 1 591 1 52 1 46 1 443 1 26 5
63 27 9 383 1 260 1 622 1 150 1 167 1 175 1 34 1 623 1 27 4
111 47 9 150 1 167 1 179 1 115 1 175 1 632 1 393 5 633 1 635 1
//IdTournes NbColis
22 6
//IdColis IdCommandeInColis NbProducts IdProd1 QtyProd1 IdProd2 QtyProd2 ...
8 4 7 167 1 482 1 34 2 468 1 176 1 108 1 27 5
10 5 6 237 1 34 1 25 1 176 1 14 2 27 5
102 43 22 77 1 628 1 292 1 345 1 205 1 246 2 261 1 35 1 274 1 153 1 338 1 190 1 195 1 165 1 270 1 234 1 339 1 314 1 142 1 582 1 340 1 27 1
85 36 27 242 1 274 1 219 1 68 1 47 1 380 1 277 1 234 1 540 1 3 1 501 1 424 1 139 1 155 1 167 1 500 1 105 1 51 1 625 1 14 1 108 1 442 1 488 1 393 7 629 4 66 1 39 1
124 53 10 350 1 358 1 313 1 150 1 167 1 179 1 52 2 11 1 27 5 421 1
117 50 21 356 1 147 1 106 1 357 1 140 1 369 1 432 1 21 1 308 1 252 1 325 1 207 1 248 1 153 1 493 1 219 1 334 1 342 2 188 1 383 1 5 1
//IdTournes NbColis
23 6
//IdColis IdCommandeInColis NbProducts IdProd1 QtyProd1 IdProd2 QtyProd2 ...
6 3 14 197 1 199 1 152 1 191 1 150 1 167 1 7 1 108 1 27 4 36 2 2 1 20 1 40 1 16 1
18 9 17 59 1 61 1 58 1 35 1 38 1 42 1 109 2 182 1 477 1 246 2 157 1 430 1 261 1 374 1 187 1 395 1 44 1
28 13 21 78 1 72 1 284 1 35 1 38 1 109 2 246 2 157 1 430 1 261 1 42 1 208 1 68 1 156 1 155 1 167 1 52 1 71 2 516 1 46 1 26 5
39 18 24 77 1 75 1 38 1 42 1 109 1 246 1 254 2 261 1 437 1 153 1 342 1 396 1 483 1 413 1 309 1 329 1 471 1 358 1 541 1 516 1 392 1 46 1 34 1 27 1
116 49 16 313 1 591 1 569 1 113 1 11 1 108 1 26 5 446 1 17 1 421 1 12 1 8 1 414 1 29 3 505 1 415 1
120 51 11 608 1 363 1 45 1 372 1 14 1 108 1 445 1 639 1 27 5 640 1 415 1
//IdTournes NbColis
24 6
//IdColis IdCommandeInColis NbProducts IdProd1 QtyProd1 IdProd2 QtyProd2 ...
173 90 25 109 1 307 1 140 1 246 1 157 1 388 1 35 1 38 1 42 1 308 1 497 1 240 1 380 1 377 1 451 1 125 1 235 1 392 1 14 1 108 1 49 1 393 4 446 1 512 1 444 1
175 91 10 530 1 109 2 246 2 157 1 367 1 35 1 38 1 42 1 150 1 393 5
176 92 11 473 1 109 1 246 1 376 1 254 2 35 1 524 1 194 1 528 1 393 5 30 1
177 93 22 43 1 345 1 247 2 530 1 109 2 135 1 246 2 285 1 157 1 261 1 35 1 38 1 42 1 351 1 631 1 381 1 219 1 364 1 197 1 422 1 19 1 23 1
179 94 22 394 1 543 1 193 1 251 1 166 1 213 1 401 1 234 1 70 1 139 1 150 1 167 1 500 1 110 1 65 1 393 5 498 1 414 1 387 1 391 1 539 1 19 1
180 95 25 532 1 418 1 251 1 166 1 536 1 24 1 381 1 219 1 189 1 188 1 192 1 194 1 540 1 150 1 167 1 535 1 385 1 34 1 110 1 14 1 271 1 27 5 466 1 538 1 408 1
//IdTournes NbColis
25 6
//IdColis IdCommandeInColis NbProducts IdProd1 QtyProd1 IdProd2 QtyProd2 ...
19 9 12 531 1 149 1 370 1 400 1 150 1 167 1 535 1 71 1 533 1 113 1 34 1 27 5
182 96 18 117 1 203 1 315 1 261 1 534 1 323 1 537 1 146 1 542 1 159 1 451 1 215 2 535 2 71 1 34 1 122 1 26 5 505 1
168 86 9 79 1 41 1 123 1 393 5 469 1 513 1 17 1 421 1 514 1
178 93 16 309 1 144 1 45 1 185 1 525 1 347 1 500 1 71 1 597 1 34 2 65 1 393 5 498 1 466 1 57 2 444 1
115 49 21 296 1 342 1 192 1 311 1 148 1 156 2 161 1 398 1 350 1 436 1 462 1 575 1 199 1 362 1 159 2 377 1 370 1 139 1 71 1 46 1 16 1
90 38 14 570 1 380 1 314 1 309 1 149 1 335 1 295 1 405 1 313 1 150 1 167 1 393 5 1 1 5 1
//IdTournes NbColis
26 6
//IdColis IdCommandeInColis NbProducts IdProd1 QtyProd1 IdProd2 QtyProd2 ...
38 17 4 150 1 167 1 393 5 54 1
40 18 2 250 1 27 4
2 1 11 44 1 215 1 46 1 51 1 4 1 11 1 41 1 14 1 27 4 8 1 1 1
29 13 1 538 1
36 16 2 498 1 505 1
61 26 7 14 1 596 1 393 4 389 1 22 1 29 3 16 1
//IdTournes NbColis
27 4
//IdColis IdCommandeInColis NbProducts IdProd1 QtyProd1 IdProd2 QtyProd2 ...
14 7 10 49 1 50 1 470 1 26 5 57 1 466 1 9 1 469 2 17 1 444 1
32 14 2 26 2 29 3
27 12 1 27 3
158 77 1 393 7
