//NbTournees
12
//IdTournes NbColis
1 6
//IdColis IdCommandeInColis NbProducts IdProd1 QtyProd1 IdProd2 QtyProd2 ...
24 1 12 333 1 336 1 338 2 347 1 10 2 32 1 178 3 184 2 251 3 1 5 2 1 379 1
25 1 9 2 3 8 2 12 3 25 3 35 3 52 3 55 3 58 2 525 1
47 1 20 528 1 578 1 585 2 592 1 605 1 851 1 854 2 331 1 3 1 9 1 53 3 56 2 104 1 108 3 123 2 128 3 133 3 156 2 158 1 109 1
56 1 18 706 1 4 2 33 2 39 4 70 1 76 2 78 2 91 2 124 2 125 3 145 2 147 3 150 2 151 3 154 3 433 1 439 2 627 1
62 1 17 50 2 240 3 418 3 434 3 479 2 598 3 786 4 146 1 382 1 428 1 445 3 447 3 449 2 643 2 693 3 727 2 5 1
66 1 18 131 2 183 1 197 3 231 3 266 2 303 2 647 2 707 4 802 4 803 5 94 1 280 1 342 3 348 1 806 3 663 5 682 1 5 1
//IdTournes NbColis
2 6
//IdColis IdCommandeInColis NbProducts IdProd1 QtyProd1 IdProd2 QtyProd2 ...
52 1 18 584 1 595 2 599 1 609 2 621 2 622 1 624 2 679 1 709 2 710 2 753 1 767 3 770 2 848 3 891 3 893 2 813 3 6 1
53 1 16 694 1 725 2 764 1 345 2 6 2 7 3 18 3 24 3 27 1 28 2 30 2 34 3 36 4 47 2 135 4 139 1
60 1 19 430 1 435 2 499 4 581 1 588 1 660 4 387 2 432 3 636 3 728 1 141 2 343 1 21 3 64 2 65 2 80 2 96 2 100 2 107 2
5 1 4 344 2 290 1 841 2 81 1
6 1 6 844 2 81 1 122 1 144 1 149 2 752 1
68 1 29 719 1 785 1 836 1 858 2 859 3 668 1 866 1 11 1 23 2 26 2 41 3 43 2 44 3 54 3 59 3 60 3 61 2 62 1 63 2 69 2 71 4 82 3 83 2 90 1 102 1 132 3 190 2 191 2 229 1
//IdTournes NbColis
3 6
//IdColis IdCommandeInColis NbProducts IdProd1 QtyProd1 IdProd2 QtyProd2 ...
22 1 13 632 2 633 2 490 2 505 3 523 1 571 3 410 1 411 2 19 1 92 1 13 1 20 2 650 1
33 1 11 359 1 360 3 361 3 362 3 364 1 366 2 367 2 830 1 831 2 833 4 85 1
63 1 21 727 1 819 3 881 2 884 2 894 3 118 2 130 2 140 1 789 2 15 1 17 2 84 2 99 2 159 3 162 2 164 2 199 2 200 3 278 1 293 1 670 1
18 1 9 138 1 165 3 209 3 213 3 233 2 245 2 254 4 255 2 14 1
19 1 10 263 2 264 3 297 2 304 3 306 3 324 1 350 2 352 1 380 3 14 1
65 1 26 448 2 795 2 880 2 101 2 103 1 177 2 196 2 642 1 837 2 664 3 737 3 793 2 829 3 868 2 247 1 353 1 365 2 655 4 662 2 700 3 31 2 37 1 46 1 86 2 98 3 183 1
//IdTournes NbColis
4 6
//IdColis IdCommandeInColis NbProducts IdProd1 QtyProd1 IdProd2 QtyProd2 ...
26 1 10 87 4 88 3 95 1 97 1 112 3 117 3 126 2 129 2 134 3 615 1
35 1 11 527 1 560 2 618 2 629 3 16 1 89 2 491 3 539 4 550 2 563 3 93 1
20 1 8 412 3 422 3 438 2 463 2 493 4 495 3 503 3 19 1
21 1 9 517 2 518 4 524 1 530 1 543 3 569 3 597 4 602 2 19 1
50 1 17 591 1 625 1 832 2 799 3 109 1 883 3 452 3 66 2 73 1 74 2 106 2 157 2 168 3 179 3 296 2 309 3 890 1
16 1 12 564 1 572 3 586 2 593 1 596 2 601 2 603 1 620 2 635 1 827 2 395 2 93 1
//IdTournes NbColis
5 6
//IdColis IdCommandeInColis NbProducts IdProd1 QtyProd1 IdProd2 QtyProd2 ...
17 1 10 395 2 561 3 562 2 480 3 487 1 519 3 22 3 49 1 127 2 371 1
37 1 12 888 3 370 4 408 2 437 4 375 1 389 1 397 1 414 3 441 3 455 2 458 1 94 1
48 1 14 158 2 170 2 171 3 175 2 176 1 189 3 207 4 211 1 218 3 221 3 224 3 227 2 228 3 232 1
29 1 10 216 2 217 3 219 3 223 2 225 3 226 3 230 1 238 2 239 3 29 1
30 1 11 244 2 248 3 249 2 250 2 253 3 257 2 260 1 270 3 271 2 273 2 29 1
31 1 11 273 1 288 2 294 3 308 2 310 2 313 2 316 2 317 5 318 2 320 1 29 1
//IdTournes NbColis
6 6
//IdColis IdCommandeInColis NbProducts IdProd1 QtyProd1 IdProd2 QtyProd2 ...
32 1 12 320 1 322 2 327 2 328 1 329 3 332 4 334 3 335 3 354 1 358 1 359 1 29 1
9 1 8 340 1 121 2 319 1 349 1 287 2 105 2 206 2 640 1
61 1 21 107 1 163 1 166 1 174 2 185 2 193 2 195 2 715 3 720 2 778 2 787 4 788 4 818 2 835 1 870 2 872 3 879 4 42 3 50 1 670 1 878 1
46 1 17 846 1 847 3 849 1 850 1 855 2 873 2 110 3 393 3 413 1 426 3 427 1 450 2 454 1 465 2 483 1 500 2 452 1
23 1 9 38 3 57 1 68 1 120 2 143 2 282 3 285 1 336 1 399 1
1 1 4 208 2 281 1 40 1 740 1
//IdTournes NbColis
7 6
//IdColis IdCommandeInColis NbProducts IdProd1 QtyProd1 IdProd2 QtyProd2 ...
2 1 3 284 3 40 1 740 1
3 1 4 286 2 843 1 40 1 820 1
43 1 15 573 2 607 1 415 1 429 2 436 2 440 3 529 2 534 1 536 3 555 2 556 3 608 3 111 2 212 2 220 1
39 1 14 756 1 757 2 783 2 794 2 810 3 867 3 205 1 305 2 114 1 115 3 116 1 186 2 258 3 446 1
44 1 14 301 2 113 2 444 4 758 4 763 2 220 2 275 2 276 1 302 3 314 1 351 2 363 2 748 2 402 2
27 1 13 134 1 136 3 148 1 152 2 153 1 155 2 160 3 167 2 173 2 180 1 181 2 182 2 615 1
//IdTournes NbColis
8 6
//IdColis IdCommandeInColis NbProducts IdProd1 QtyProd1 IdProd2 QtyProd2 ...
54 1 18 139 2 142 3 161 1 203 3 222 2 242 2 256 4 298 3 326 3 357 1 391 1 400 1 470 2 630 1 443 2 689 1 733 2 895 2
36 1 12 563 1 566 3 568 1 616 3 169 3 234 3 236 1 321 2 330 2 865 2 869 3 315 1
7 1 5 243 3 246 1 279 2 283 1 119 1
8 1 6 283 2 292 2 325 1 337 1 339 1 119 1
4 1 5 172 1 194 1 241 2 290 1 247 1
42 1 16 594 3 809 2 815 1 742 1 751 2 828 2 892 2 838 2 790 1 798 2 409 1 481 2 541 2 551 3 607 1 45 1
//IdTournes NbColis
9 6
//IdColis IdCommandeInColis NbProducts IdProd1 QtyProd1 IdProd2 QtyProd2 ...
67 1 24 682 3 721 2 762 3 774 3 776 4 791 2 814 1 874 2 885 3 457 2 486 1 492 2 511 1 514 1 515 1 637 3 651 2 653 2 686 2 698 2 704 1 708 1 719 2 45 1
28 1 9 187 1 188 3 192 3 198 3 202 2 210 3 214 4 215 3 615 1
69 1 29 204 3 229 1 265 2 269 2 274 2 295 3 311 3 639 4 677 2 688 2 701 2 659 3 718 2 781 1 856 2 857 4 860 2 887 1 638 2 696 3 699 3 713 3 735 1 749 2 875 2 882 1 48 1 702 1 784 1
70 1 24 77 2 702 3 649 2 691 4 711 4 784 1 807 4 817 3 821 2 672 3 779 2 797 2 822 2 823 4 876 2 51 3 67 2 72 3 674 4 680 3 681 4 692 2 703 2 716 1
14 1 11 604 1 631 2 137 2 277 2 453 3 459 3 468 1 494 2 376 1 416 1 656 1
49 1 15 232 2 235 2 237 3 252 3 259 2 261 2 262 3 267 2 268 2 272 2 312 3 323 2 356 2 368 1 591 2
//IdTournes NbColis
10 6
//IdColis IdCommandeInColis NbProducts IdProd1 QtyProd1 IdProd2 QtyProd2 ...
12 1 9 641 1 648 2 201 2 289 1 291 3 385 2 419 3 497 2 654 1
10 1 8 206 1 300 2 341 2 477 1 513 1 516 3 845 2 388 2
59 1 19 683 2 665 1 667 3 669 2 690 1 695 1 714 2 726 2 396 2 404 3 626 2 75 2 79 4 697 3 717 3 801 3 384 2 430 2 668 1
34 1 12 833 1 834 3 839 3 840 3 723 1 744 1 745 2 424 3 476 1 478 2 482 1 527 2
57 1 15 627 1 645 2 646 4 687 2 736 2 761 3 804 3 805 3 896 1 656 1 658 2 346 3 374 1 377 1 665 1
64 1 23 299 2 307 1 369 1 373 3 394 1 842 2 675 3 684 4 685 4 712 1 729 2 738 2 739 4 741 2 796 1 800 2 812 1 705 2 731 2 405 1 654 2 446 4 448 1
//IdTournes NbColis
11 6
//IdColis IdCommandeInColis NbProducts IdProd1 QtyProd1 IdProd2 QtyProd2 ...
45 1 13 565 1 589 3 600 3 610 1 611 3 644 2 666 4 772 2 780 4 782 3 816 3 846 1 355 1
55 1 14 895 1 371 1 372 1 472 3 473 3 567 3 587 3 590 3 606 3 612 3 652 3 853 3 650 2 706 3
58 1 20 383 2 386 3 390 1 431 2 451 1 471 1 496 1 507 3 570 4 583 3 613 4 614 2 617 2 623 2 628 2 634 1 852 1 683 3 665 1 878 1
40 1 11 378 1 381 4 392 1 403 3 407 2 421 4 423 2 442 4 460 3 502 3 406 1
15 1 13 420 1 425 1 456 1 474 3 475 1 485 1 488 2 504 1 522 1 526 2 542 3 564 2 820 1
38 1 15 458 1 462 1 506 2 537 1 544 2 554 4 574 2 576 1 579 1 619 1 743 1 746 3 755 3 756 2 387 1
//IdTournes NbColis
12 6
//IdColis IdCommandeInColis NbProducts IdProd1 QtyProd1 IdProd2 QtyProd2 ...
51 1 16 398 3 461 2 464 1 466 3 467 3 484 2 489 3 508 2 509 2 510 2 540 1 545 4 580 3 582 1 584 2 433 1
11 1 9 401 1 417 1 469 1 498 2 532 2 533 2 547 2 640 2 641 2
13 1 7 497 1 501 3 531 3 538 2 546 4 553 3 558 1
41 1 12 512 1 520 2 521 4 535 2 548 2 549 5 552 3 557 2 559 1 575 2 577 3 406 1
71 1 31 716 2 722 1 732 3 747 1 754 2 773 2 775 5 777 3 792 3 808 2 877 4 750 2 657 4 671 6 771 5 863 4 864 4 826 3 871 2 878 1 661 4 673 2 676 2 678 3 724 2 730 1 734 3 759 4 760 2 765 2 766 1
72 1 11 766 4 768 4 769 5 811 3 824 3 825 2 861 2 862 2 886 4 889 4 890 1
