//NbTournees
27
//IdTournes NbColis
1 6
//IdColis IdCommandeInColis NbProducts IdProd1 QtyProd1 IdProd2 QtyProd2 ...
3 1 25 4 1 20 1 394 1 6 1 86 1 454 1 498 1 589 1 302 1 519 1 5 1 7 1 11 1 16 1 17 1 19 1 21 1 23 1 24 1 28 2 369 1 311 1 455 1 80 2 12 1
4 1 31 14 1 315 1 788 1 12 1 160 1 2 1 103 1 60 2 469 1 406 2 319 1 729 1 10 2 13 1 18 2 26 1 732 1 659 1 161 1 496 1 508 1 435 1 780 1 573 1 173 1 155 1 497 1 397 1 470 1 733 1 193 1
9 2 23 16 1 36 1 21 1 37 1 23 1 24 1 368 1 369 2 172 1 320 1 30 1 63 3 601 1 40 1 667 1 472 1 12 2 305 1 27 2 103 1 366 2 668 1 406 1
14 3 26 271 1 556 1 253 1 6 1 540 1 468 1 28 1 44 1 7 1 5 1 46 1 50 1 23 1 24 1 369 1 342 1 311 1 30 1 535 2 839 1 12 1 305 1 356 1 306 1 27 1 193 1
20 4 21 347 1 315 1 55 1 472 1 12 3 56 2 305 2 27 3 346 1 107 1 319 1 366 2 406 3 668 1 10 2 13 1 53 1 18 2 545 1 515 2 229 2
24 5 26 337 1 420 1 344 1 591 1 228 1 357 1 402 1 65 1 6 1 806 1 61 1 7 1 5 1 16 1 24 1 311 1 46 1 358 1 504 1 30 1 63 1 64 1 784 1 790 1 12 1 386 1
//IdTournes NbColis
2 6
//IdColis IdCommandeInColis NbProducts IdProd1 QtyProd1 IdProd2 QtyProd2 ...
25 5 34 12 1 305 1 59 1 67 1 60 2 386 1 366 2 516 1 406 1 10 2 31 1 18 2 26 1 467 1 161 1 47 1 229 4 791 1 191 5 66 1 32 1 48 1 110 1 198 4 108 2 25 2 783 1 437 1 739 2 205 1 566 1 570 1 190 1 193 5
29 6 25 71 2 23 1 24 1 98 2 7 1 46 1 28 1 455 1 311 1 369 1 30 1 14 2 464 1 55 1 40 1 73 1 187 1 12 2 305 1 59 1 306 1 103 1 307 1 27 2 198 1
34 7 25 44 1 7 1 98 2 28 1 368 1 369 1 455 1 320 1 311 1 14 1 64 1 185 1 55 1 40 1 73 1 187 1 472 1 574 1 12 3 56 1 160 1 59 2 2 2 406 1 576 1
39 8 23 302 1 824 1 7 1 5 1 16 1 23 1 24 1 339 1 44 1 28 1 342 2 311 1 63 3 30 1 40 2 55 1 12 2 56 3 160 1 297 2 60 1 2 1 193 1
44 9 31 80 1 472 1 447 1 790 1 12 2 160 1 2 2 60 2 386 1 319 1 26 1 10 2 13 1 18 2 385 1 614 1 161 1 442 1 635 1 440 1 227 1 88 1 82 1 634 1 816 1 633 1 229 4 656 1 191 5 817 1 193 1
17 4 15 54 1 38 2 128 1 109 1 323 2 350 2 399 1 489 1 547 1 231 2 567 3 58 1 344 1 476 1 193 1
//IdTournes NbColis
3 6
//IdColis IdCommandeInColis NbProducts IdProd1 QtyProd1 IdProd2 QtyProd2 ...
37 8 16 54 1 22 2 81 1 128 1 109 1 323 2 350 1 399 1 180 1 512 1 194 2 197 3 9 1 58 1 351 1 613 1
47 10 26 518 1 236 1 65 1 352 1 556 1 4 2 20 1 394 1 6 1 28 1 7 1 5 1 16 1 74 1 23 1 24 1 44 1 369 1 46 1 311 1 464 1 393 1 472 1 56 1 10 1 712 1
50 11 15 769 1 274 1 38 2 350 2 128 1 109 1 323 2 399 1 231 2 567 3 742 1 58 1 590 1 16 1 193 1
52 11 25 23 1 24 1 311 1 504 1 455 1 347 1 80 1 30 1 14 2 64 1 315 1 212 1 55 1 667 1 56 3 160 1 356 1 298 3 2 1 60 1 107 1 355 1 103 1 10 2 198 1
59 12 22 187 2 99 1 56 2 305 2 59 1 27 2 103 1 406 2 438 1 366 2 10 1 31 2 18 3 480 1 161 1 235 1 695 1 508 1 435 1 686 1 43 2 733 1
61 13 16 202 1 70 2 81 2 128 1 109 1 474 2 399 1 231 2 567 2 9 1 58 1 310 1 680 1 737 1 229 1 198 1
//IdTournes NbColis
4 6
//IdColis IdCommandeInColis NbProducts IdProd1 QtyProd1 IdProd2 QtyProd2 ...
40 8 38 60 1 2 1 107 1 386 1 564 1 10 2 13 1 18 2 324 1 515 1 611 1 582 1 612 3 614 1 161 1 433 1 585 1 616 1 560 1 227 1 77 1 513 1 343 1 229 4 76 1 610 1 191 5 32 1 341 1 79 1 48 1 1 1 110 1 198 4 78 1 340 1 8 2 367 1
48 10 36 160 1 356 1 2 2 60 2 319 1 729 1 516 1 10 1 13 1 18 2 385 1 312 1 582 1 161 1 391 1 687 1 616 1 496 1 695 1 435 1 94 1 588 1 267 1 162 1 229 4 191 5 91 1 823 1 395 1 728 1 606 1 32 1 90 1 95 1 49 1 630 1
70 14 28 610 1 191 5 91 2 104 1 111 1 694 1 48 1 110 1 861 1 198 4 243 1 108 2 25 3 437 2 555 1 599 1 852 1 857 1 859 1 597 1 853 1 768 1 675 2 651 1 714 1 190 2 763 2 193 3
76 15 43 27 1 387 1 366 2 502 1 161 1 235 1 797 1 695 1 451 1 112 1 115 1 29 1 490 1 229 3 314 1 333 1 261 5 91 2 111 1 189 1 113 1 32 2 48 1 110 1 626 1 198 3 117 1 500 1 108 2 25 2 245 1 285 1 248 1 408 2 437 1 409 2 246 1 192 1 259 1 631 1 714 1 755 1 193 4
80 16 38 124 1 2 2 355 1 10 2 31 1 18 2 126 1 161 1 450 1 451 1 119 1 440 1 453 1 609 3 762 2 121 1 47 1 404 1 604 3 608 1 229 3 200 1 610 1 191 5 199 2 91 1 606 1 125 1 427 1 341 1 48 1 1 1 779 1 110 1 257 1 817 1 198 3 243 1
84 17 31 286 1 10 2 13 1 18 2 130 1 614 1 611 2 161 1 686 1 687 1 585 1 127 1 588 1 115 1 229 3 261 5 91 1 48 1 1 1 110 1 257 1 198 4 349 1 108 2 97 1 25 2 465 1 437 1 675 1 774 1 193 4
//IdTournes NbColis
5 6
//IdColis IdCommandeInColis NbProducts IdProd1 QtyProd1 IdProd2 QtyProd2 ...
88 18 35 407 1 103 2 27 2 406 2 366 2 10 2 13 1 18 2 130 1 612 1 161 1 435 1 780 1 43 1 77 1 404 1 269 1 229 4 191 5 334 1 48 1 110 1 198 4 132 1 349 1 8 2 367 1 25 2 15 1 555 1 715 1 570 1 794 1 190 1 193 5
1 1 13 419 1 655 1 22 2 81 2 128 1 109 1 323 2 399 1 3 1 313 1 231 2 567 2 2 1
90 19 14 627 1 35 1 38 2 322 1 323 2 109 1 350 2 3 1 133 1 531 1 638 1 194 2 197 3 198 1
19 4 24 394 1 6 1 389 1 326 1 498 1 820 1 580 1 7 1 5 1 16 1 21 1 23 1 24 1 61 1 44 1 46 2 28 1 369 2 455 2 311 2 63 2 30 1 229 1 566 1
28 6 22 518 1 159 1 466 1 520 1 272 2 273 1 87 1 68 1 188 1 221 1 271 1 452 1 69 2 20 1 72 2 4 1 6 1 517 1 519 1 5 1 16 1 262 1
33 7 25 578 1 579 1 68 1 188 1 65 1 69 1 72 2 394 1 75 1 6 1 473 1 475 1 580 1 5 1 16 1 17 1 74 1 71 2 36 1 21 1 37 1 23 1 24 1 44 1 576 1
//IdTournes NbColis
6 6
//IdColis IdCommandeInColis NbProducts IdProd1 QtyProd1 IdProd2 QtyProd2 ...
43 9 22 256 1 87 1 445 1 228 1 736 1 238 1 218 1 394 1 6 1 86 1 441 1 443 1 446 1 398 1 215 1 629 2 7 1 5 1 16 1 311 1 368 1 30 1
51 11 23 466 2 252 1 213 1 300 1 228 1 676 1 463 1 744 1 558 1 218 1 766 1 351 1 352 1 452 1 4 1 20 1 6 1 589 1 602 1 28 1 7 1 5 2 193 1
62 13 24 738 1 466 1 704 1 68 1 188 1 309 1 556 1 69 2 20 1 72 2 4 1 6 1 602 1 718 1 629 1 7 2 16 1 71 2 23 1 24 1 5 1 229 1 698 1 193 1
74 15 24 228 1 251 1 300 1 432 1 328 1 327 1 421 2 556 1 116 1 118 1 224 1 6 1 86 1 389 2 798 1 468 1 7 1 120 1 37 1 23 1 5 1 28 1 311 1 756 1
79 16 24 123 2 378 1 523 1 251 1 252 1 236 1 452 1 271 1 449 1 441 1 398 1 454 1 156 1 7 1 16 1 50 1 24 1 5 1 369 1 311 1 160 1 60 2 296 1 698 1
83 17 25 688 2 383 1 423 1 689 1 482 1 445 1 228 1 432 1 530 1 479 1 156 1 5 1 44 1 7 1 16 1 36 1 37 1 24 1 311 1 160 1 60 2 2 2 564 1 229 1 193 1
//IdTournes NbColis
7 6
//IdColis IdCommandeInColis NbProducts IdProd1 QtyProd1 IdProd2 QtyProd2 ...
87 18 23 518 1 669 1 809 1 658 1 402 1 6 1 396 1 446 1 131 1 5 1 7 1 16 1 23 2 24 1 28 2 376 1 311 1 455 1 30 1 600 1 212 1 305 1 67 1
92 19 29 436 1 629 1 7 1 16 1 5 1 37 1 23 1 24 1 28 1 311 1 30 1 63 1 40 1 160 1 2 2 103 1 60 2 10 2 18 2 31 1 324 1 582 1 161 1 635 1 557 1 179 1 94 1 57 1 630 1
96 20 23 590 1 648 1 149 1 300 1 68 1 188 1 65 1 69 2 20 1 72 2 4 1 394 2 6 1 7 1 16 1 5 1 71 2 21 1 23 1 24 1 98 2 229 1 193 1
101 21 25 674 1 538 1 785 1 181 1 445 1 754 1 777 1 778 1 530 1 421 2 4 1 20 1 394 1 156 1 468 1 44 1 7 1 50 1 5 1 23 1 24 1 28 1 311 1 359 1 193 1
105 22 24 466 1 251 1 591 1 752 1 221 1 748 1 351 1 253 1 6 1 398 2 389 1 580 1 751 1 734 1 44 1 7 1 21 1 37 2 5 1 23 1 24 1 28 1 564 1 198 1
109 23 22 370 1 461 1 335 1 273 1 362 1 253 2 460 1 457 1 156 1 302 1 746 1 483 1 44 2 7 1 146 1 23 1 5 1 28 1 455 1 311 1 459 1 600 1
//IdTournes NbColis
8 6
//IdColis IdCommandeInColis NbProducts IdProd1 QtyProd1 IdProd2 QtyProd2 ...
115 24 25 23 1 5 1 28 1 311 1 30 1 600 1 241 1 784 1 416 1 671 1 672 2 673 1 226 3 574 1 160 1 60 2 107 1 2 2 486 1 668 1 161 1 649 1 158 1 391 1 296 1
120 25 24 39 1 216 1 253 1 6 1 389 1 475 1 483 2 528 1 602 1 580 1 7 1 11 1 152 1 5 1 146 2 21 1 28 1 44 1 311 1 63 2 30 1 414 1 297 1 198 1
125 26 25 45 1 157 1 159 1 487 1 688 1 543 1 213 1 300 1 676 1 558 1 700 1 701 1 556 1 156 1 7 2 5 1 311 1 14 1 464 1 416 1 160 1 2 1 229 1 698 1 193 1
129 27 26 197 1 258 2 256 1 336 1 383 2 251 1 252 1 676 1 253 1 421 1 629 1 326 1 156 1 446 1 7 1 16 1 5 1 37 1 23 1 24 1 28 1 311 1 55 1 160 1 13 1 193 1
133 28 29 7 1 21 1 24 1 5 1 678 1 376 1 311 1 455 1 30 1 601 1 160 1 2 2 103 1 60 2 386 1 406 1 10 2 13 1 165 2 611 1 161 1 682 1 41 1 440 1 840 1 229 3 261 4 198 1 193 1
136 29 28 300 1 690 1 351 1 271 1 156 1 86 1 169 1 7 1 16 1 21 1 24 1 5 1 311 1 393 1 535 1 160 1 2 1 60 1 469 1 10 2 13 1 165 2 161 1 695 1 847 1 458 1 229 4 261 1
//IdTournes NbColis
9 6
//IdColis IdCommandeInColis NbProducts IdProd1 QtyProd1 IdProd2 QtyProd2 ...
139 30 21 264 3 288 2 466 1 251 1 34 1 463 1 744 1 283 1 327 1 271 1 20 1 4 1 6 1 468 1 86 1 7 1 16 1 23 1 24 1 5 1 467 1
144 31 28 44 1 7 2 172 1 5 1 16 1 24 1 369 1 311 1 212 1 510 1 464 1 472 1 226 1 160 1 60 2 2 2 10 2 18 2 31 1 204 1 813 1 161 1 508 1 391 1 119 1 227 1 209 1 229 1
147 32 27 374 1 815 1 228 1 708 1 6 1 707 1 475 1 396 1 7 1 16 1 5 1 21 1 24 1 311 1 455 1 63 1 667 1 705 1 160 1 60 1 2 1 103 1 13 1 10 1 165 2 851 1 193 1
150 33 26 264 1 418 1 491 1 466 1 624 1 546 1 683 1 421 1 6 1 7 1 16 1 5 1 21 1 23 1 24 1 28 1 311 1 368 2 455 1 80 2 30 1 527 1 305 1 60 1 229 1 198 1
154 34 24 477 1 251 1 624 1 445 1 68 1 188 1 530 1 218 1 351 1 253 1 421 1 69 2 72 2 156 1 718 1 720 1 7 1 16 1 71 2 21 1 5 1 23 1 633 1 625 1
159 35 25 213 1 300 1 365 1 445 2 177 1 216 1 357 1 328 1 363 1 530 1 362 1 351 1 681 1 6 1 302 1 473 1 7 1 16 1 21 1 37 1 5 1 23 1 24 1 28 1 55 1
//IdTournes NbColis
10 6
//IdColis IdCommandeInColis NbProducts IdProd1 QtyProd1 IdProd2 QtyProd2 ...
164 36 26 228 1 747 1 4 1 20 1 394 1 6 1 396 1 326 1 746 1 131 1 7 1 16 1 37 1 23 1 5 1 24 1 28 1 44 2 311 1 678 1 30 1 64 1 55 1 472 1 160 1 229 1
169 37 35 16 1 5 1 24 1 311 1 368 1 369 1 667 1 359 1 160 1 2 2 103 1 60 2 10 2 18 2 13 1 545 1 161 1 666 1 684 1 560 1 179 1 497 1 29 1 229 2 656 1 200 1 261 5 163 1 32 1 83 1 110 1 817 1 198 3 349 1 193 1
172 38 27 122 1 223 1 466 1 538 1 669 1 539 1 351 1 377 1 118 1 6 1 86 1 7 1 16 1 21 1 5 1 37 2 23 1 24 1 28 1 376 1 311 1 44 1 380 2 381 1 382 1 55 1 756 1
53 11 42 13 1 18 2 161 1 741 1 143 1 96 1 767 1 229 4 262 1 333 1 261 5 646 1 95 1 83 1 1 2 354 1 110 1 198 3 348 1 349 1 136 1 353 1 331 1 743 1 8 2 765 1 97 1 25 2 594 1 285 1 484 1 15 1 525 2 770 1 664 1 768 1 249 1 723 1 651 1 661 1 727 1 193 3
130 27 34 59 1 2 2 60 2 255 1 10 2 18 2 26 1 161 1 544 1 41 1 209 1 497 1 162 1 229 3 333 1 261 5 163 1 32 1 49 1 48 1 257 1 198 3 8 2 25 2 248 1 390 1 437 1 233 1 246 1 247 1 249 1 259 1 675 1 193 4
178 39 33 749 1 573 1 560 1 276 1 179 1 587 1 229 3 333 1 191 5 791 1 583 1 163 1 113 2 48 1 110 1 198 3 430 1 108 2 765 1 586 1 25 2 594 1 89 1 542 1 437 1 282 1 434 1 792 1 281 1 246 1 562 1 550 1 193 5
//IdTournes NbColis
11 6
//IdColis IdCommandeInColis NbProducts IdProd1 QtyProd1 IdProd2 QtyProd2 ...
10 2 37 10 2 31 1 18 2 732 1 161 1 292 1 665 1 235 2 666 2 41 1 276 1 33 1 733 2 29 1 229 4 333 1 663 1 191 5 32 1 341 1 48 1 400 2 110 1 198 4 108 2 367 1 25 2 289 1 371 1 437 1 372 1 434 1 664 1 570 2 190 2 727 1 193 5
15 3 36 27 1 107 1 386 1 366 2 516 1 406 1 10 2 31 1 18 2 26 1 312 1 324 1 515 1 161 1 536 1 635 1 235 1 666 1 643 1 43 1 51 1 142 1 227 1 47 1 373 1 229 4 191 5 791 1 427 1 49 1 48 1 52 1 110 1 817 1 198 4 599 1
102 21 30 393 1 784 1 667 1 99 1 160 1 60 2 2 2 319 1 516 1 10 2 18 2 102 1 138 1 126 1 31 1 312 1 161 1 391 1 508 1 435 1 780 1 235 1 643 1 88 2 404 1 424 1 47 1 397 1 343 1 193 1
116 24 31 235 1 847 1 147 1 127 2 112 1 229 4 656 1 148 1 150 1 485 1 191 5 32 2 211 1 48 1 110 1 198 4 141 1 151 1 349 1 488 1 108 2 367 1 25 2 484 1 526 1 437 1 205 1 550 1 661 1 714 1 193 3
126 26 28 2 1 60 2 545 1 161 1 158 1 557 1 227 1 155 1 229 3 261 5 699 2 32 1 48 1 85 1 110 1 198 4 108 2 25 2 287 1 437 1 551 1 552 1 555 1 696 1 550 1 559 1 554 1 193 4
156 34 45 435 1 291 1 41 1 127 1 47 1 497 1 229 3 262 1 333 1 191 5 171 1 338 1 242 1 32 2 334 1 83 1 1 1 110 1 198 4 331 1 8 2 367 1 25 2 618 1 15 1 644 1 622 1 281 1 623 1 712 1 632 1 268 1 715 2 621 2 295 2 711 1 217 1 280 1 651 1 713 1 714 1 566 2 630 3 193 5 716 5
//IdTournes NbColis
12 6
//IdColis IdCommandeInColis NbProducts IdProd1 QtyProd1 IdProd2 QtyProd2 ...
161 35 46 406 1 10 2 18 2 126 1 31 1 385 1 161 1 292 1 301 1 291 1 176 1 41 1 633 1 229 4 656 1 191 5 32 1 49 1 48 1 1 1 110 1 198 3 117 1 175 1 360 1 108 2 25 2 289 1 290 1 245 1 287 1 285 1 542 1 437 1 726 1 722 1 294 1 295 1 293 1 249 1 259 1 723 1 278 1 299 2 190 1 193 4
30 6 31 516 2 386 2 366 2 10 2 13 1 18 2 161 1 235 1 41 1 453 1 276 1 51 1 304 1 308 1 267 1 269 1 229 3 191 5 48 1 110 1 198 3 348 1 8 2 25 2 15 1 265 1 268 1 201 1 263 1 270 1 193 4
35 7 38 60 2 406 1 319 1 564 1 13 1 18 2 10 2 161 1 557 2 186 1 573 1 41 1 229 4 191 5 341 1 83 1 110 1 198 4 243 1 8 2 25 2 289 1 15 1 563 1 581 1 246 1 561 1 565 1 568 1 571 1 562 1 577 1 576 2 566 2 570 2 190 1 569 2 193 5
63 13 27 98 2 311 1 44 1 131 1 28 1 455 1 30 1 464 1 73 1 187 1 160 1 103 1 2 2 60 2 284 1 406 1 286 1 10 2 13 1 18 2 102 1 312 2 161 1 665 1 235 1 229 1 261 1
95 20 14 202 1 135 1 70 2 81 2 128 1 109 1 474 2 399 1 194 2 567 3 258 2 505 1 325 1 13 1
106 22 25 311 1 368 1 342 2 455 1 80 1 30 1 735 1 753 1 305 1 103 2 27 2 366 2 516 1 406 2 13 1 10 2 18 2 324 1 161 1 687 1 749 1 41 1 440 1 860 1 817 1
//IdTournes NbColis
13 6
//IdColis IdCommandeInColis NbProducts IdProd1 QtyProd1 IdProd2 QtyProd2 ...
140 30 30 28 1 44 1 455 1 311 1 63 1 30 1 825 2 462 1 464 1 305 1 27 1 284 1 286 1 469 1 406 1 366 1 10 2 13 1 53 1 18 2 161 1 41 1 470 1 115 1 229 3 656 1 261 4 90 1 48 1 626 1
151 33 23 60 1 406 2 366 2 685 1 13 1 10 2 165 2 161 1 684 1 41 1 121 1 267 1 229 3 314 1 191 5 83 1 110 1 198 3 8 2 25 2 15 1 865 1 193 5
155 34 29 24 1 98 2 28 1 311 1 455 1 212 1 717 1 719 1 40 1 73 1 187 1 574 1 160 1 60 2 307 1 2 2 564 1 10 2 13 1 18 2 721 1 582 1 614 1 161 1 332 1 619 1 695 1 229 1 200 1
165 36 31 160 1 103 2 2 2 60 2 319 1 668 1 406 1 10 2 13 1 18 2 126 1 385 1 732 1 161 1 745 3 397 1 229 3 610 1 261 5 83 1 110 1 132 1 178 1 42 1 8 2 25 2 595 1 15 1 249 2 566 1 193 5
173 38 26 504 1 455 1 30 1 40 2 375 1 305 1 27 2 103 2 366 2 255 1 406 1 284 1 10 2 18 2 13 1 379 1 775 3 161 1 508 1 741 1 41 1 560 1 267 1 229 4 333 1 198 1
177 39 29 540 1 46 1 16 1 23 1 24 1 28 1 311 1 504 1 30 1 55 1 790 1 160 1 124 1 2 2 60 2 438 1 286 1 10 2 18 2 13 1 582 1 161 1 433 1 435 1 585 1 235 1 508 1 587 1 592 1
//IdTournes NbColis
14 6
//IdColis IdCommandeInColis NbProducts IdProd1 QtyProd1 IdProd2 QtyProd2 ...
75 15 21 800 1 804 1 805 1 30 1 63 3 14 3 64 1 40 1 801 1 667 1 416 1 672 2 802 1 803 1 671 2 673 2 305 1 103 1 27 1 209 1 193 1
160 35 23 28 1 358 2 44 1 311 1 30 1 14 2 212 1 64 1 359 2 725 1 160 1 59 2 297 2 298 2 306 1 2 2 286 1 303 1 60 2 486 1 406 1 724 1 193 1
27 6 14 266 1 274 1 70 2 81 2 128 1 109 1 399 1 474 2 231 2 264 3 275 1 383 2 229 1 193 1
32 7 15 70 2 81 2 474 2 109 1 128 1 399 1 572 2 575 1 231 2 567 3 335 1 383 1 476 1 477 1 69 1
42 9 16 759 1 81 1 70 2 399 1 128 1 109 1 323 1 194 2 197 3 84 1 425 1 174 1 122 1 214 1 815 1 24 1
56 12 15 843 1 808 1 70 2 128 1 109 1 81 2 399 1 474 2 239 1 180 1 522 1 231 2 264 2 466 1 193 1
//IdTournes NbColis
15 6
//IdColis IdCommandeInColis NbProducts IdProd1 QtyProd1 IdProd2 QtyProd2 ...
98 20 27 643 1 635 1 404 1 229 3 262 1 647 1 261 5 646 1 596 1 95 1 48 1 52 1 1 1 110 1 198 4 117 1 42 1 8 2 444 2 25 2 285 1 506 1 15 1 644 1 645 1 278 1 193 3
104 22 15 828 1 70 2 399 1 128 1 109 1 81 2 323 2 139 1 401 1 194 2 197 3 750 1 543 1 16 1 193 1
111 23 32 191 5 49 1 48 1 110 1 257 1 198 4 243 1 141 1 117 2 78 1 8 2 444 1 25 2 289 1 542 1 437 1 282 1 144 1 145 1 246 1 597 1 711 1 259 1 768 1 249 2 675 2 774 1 723 2 862 1 794 2 237 2 193 5
118 25 14 419 1 844 1 845 2 70 2 81 1 128 1 109 1 323 1 399 1 431 1 522 1 529 1 194 2 412 1
128 27 13 260 1 254 1 250 1 109 1 70 2 81 2 323 2 128 1 399 1 677 1 194 2 197 2 110 1
132 28 19 841 1 109 1 70 2 81 1 128 1 399 1 474 1 231 2 264 2 164 1 105 1 680 1 466 1 213 1 676 1 681 1 6 1 16 1 198 1
//IdTournes NbColis
16 6
//IdColis IdCommandeInColis NbProducts IdProd1 QtyProd1 IdProd2 QtyProd2 ...
135 29 17 166 1 168 1 128 1 109 1 70 2 81 1 399 1 474 1 264 3 231 2 167 1 344 1 325 1 477 1 251 1 692 1 33 1
138 30 13 277 1 279 1 828 1 70 2 81 2 109 1 128 1 323 2 399 1 239 1 231 2 288 1 193 1
146 32 17 850 1 81 1 128 1 109 1 70 2 399 1 474 1 239 1 231 2 264 2 848 1 9 1 174 1 704 1 405 1 706 1 193 1
163 36 16 274 1 70 2 128 1 109 1 81 2 474 2 399 1 239 1 231 2 567 1 9 1 325 1 383 1 122 1 466 1 149 1
175 39 14 789 1 593 1 584 2 70 1 22 1 81 2 399 1 128 1 109 1 323 2 182 1 431 1 194 2 588 1
184 40 18 191 2 171 1 66 1 101 1 79 1 48 1 85 1 110 1 198 5 117 1 360 1 108 2 25 3 837 1 437 2 670 1 190 3 193 7
//IdTournes NbColis
17 6
//IdColis IdCommandeInColis NbProducts IdProd1 QtyProd1 IdProd2 QtyProd2 ...
5 1 36 343 1 633 1 229 4 656 1 314 1 261 5 113 1 211 1 49 1 334 1 48 1 1 1 110 1 198 4 170 1 349 1 392 1 8 2 652 3 25 2 618 1 248 1 15 1 650 1 657 1 599 1 653 1 621 1 662 2 654 1 651 1 661 1 631 1 566 1 570 1 193 3
41 8 17 25 2 289 1 248 1 832 1 15 1 372 1 835 3 770 1 831 1 263 1 714 1 190 1 203 2 554 1 833 1 755 1 193 4
45 9 14 83 1 85 1 110 1 198 4 243 1 360 1 8 2 444 1 25 2 526 1 15 1 715 1 568 1 193 4
64 13 25 557 2 435 1 740 1 643 1 41 1 261 3 189 1 772 1 83 1 110 1 198 2 141 1 8 2 25 2 15 1 739 2 471 1 771 1 551 1 555 1 294 1 654 1 259 1 554 1 193 3
122 25 32 261 2 699 1 596 1 83 1 110 1 198 2 353 1 8 2 25 2 595 1 245 2 248 1 526 1 465 1 15 1 409 2 525 2 835 2 205 2 555 1 599 1 603 1 653 2 715 2 597 2 598 1 654 1 723 1 755 1 630 3 193 5 716 4
134 28 11 261 1 772 1 83 1 110 1 198 1 349 1 8 2 25 2 15 1 679 1 193 4
//IdTournes NbColis
18 6
//IdColis IdCommandeInColis NbProducts IdProd1 QtyProd1 IdProd2 QtyProd2 ...
137 29 22 261 4 694 1 83 1 110 1 198 4 349 1 500 1 8 2 25 2 618 1 15 1 868 1 552 1 295 1 641 1 664 1 675 1 869 1 713 1 691 1 193 5 693 2
148 32 22 161 1 643 1 173 1 51 1 88 1 404 1 229 4 261 4 83 1 110 1 198 4 710 1 8 1 586 1 25 1 709 1 15 1 205 1 603 1 621 1 849 1 193 2
170 37 15 349 1 8 2 367 1 25 2 15 1 225 1 702 1 761 1 568 1 859 1 865 1 664 2 661 1 278 1 193 4
174 38 20 191 5 48 1 110 1 198 3 243 1 8 2 25 2 289 1 15 1 372 1 246 1 603 1 628 1 295 1 664 1 259 1 776 1 280 1 833 1 193 5
13 3 19 122 3 425 1 538 1 541 1 543 1 757 1 617 1 838 2 251 1 252 1 228 1 309 1 384 1 429 1 539 1 236 1 766 1 537 1 16 1
58 12 23 389 1 473 1 468 1 806 1 707 1 98 3 16 1 74 1 71 3 23 1 24 1 28 1 311 1 30 1 64 1 241 1 315 1 719 1 642 1 40 1 73 2 10 1 566 1
//IdTournes NbColis
19 6
//IdColis IdCommandeInColis NbProducts IdProd1 QtyProd1 IdProd2 QtyProd2 ...
100 21 15 867 1 35 1 38 2 350 2 109 1 322 1 403 2 197 3 194 2 137 1 422 1 423 1 316 1 16 1 193 1
8 2 19 466 1 251 1 252 2 445 1 432 1 34 1 39 1 362 1 507 1 65 1 6 1 589 1 707 1 528 2 468 2 446 1 475 1 28 2 670 1
91 19 22 532 1 325 1 123 1 310 1 466 1 579 1 34 2 328 1 530 1 327 1 271 1 637 1 4 1 20 1 6 1 326 1 498 1 528 1 534 1 446 1 7 1 198 1
49 10 30 48 1 52 1 110 1 817 1 198 4 42 1 93 1 78 1 392 1 141 1 331 1 430 1 8 2 765 1 444 1 92 1 25 2 289 1 866 1 89 1 390 1 437 1 471 1 857 1 571 1 577 1 862 1 727 1 630 2 193 5
7 2 14 35 1 38 2 350 2 109 1 322 1 403 2 194 2 197 3 167 1 361 1 370 1 669 1 706 1 730 1
12 3 14 35 1 38 2 109 1 322 1 350 2 403 2 194 2 197 3 45 1 423 1 174 1 428 1 418 1 425 1
//IdTournes NbColis
20 6
//IdColis IdCommandeInColis NbProducts IdProd1 QtyProd1 IdProd2 QtyProd2 ...
23 5 16 607 1 35 1 38 2 350 1 403 1 109 1 322 1 522 1 231 2 264 3 62 1 425 1 426 1 422 1 423 1 579 1
46 10 14 35 1 38 2 109 1 322 1 323 2 350 2 313 1 529 1 197 3 194 2 383 1 223 1 617 1 149 1
66 14 13 419 1 819 1 109 1 35 1 38 2 322 1 350 2 403 2 489 1 180 1 194 2 197 2 103 1
78 16 15 607 1 819 1 448 1 35 1 38 2 109 1 322 1 350 1 403 1 239 1 194 2 197 3 45 1 122 1 445 1
86 18 16 35 1 38 2 350 2 403 2 109 1 322 1 231 2 264 2 337 1 405 1 123 1 388 1 137 1 466 1 578 1 693 1
113 24 14 759 1 846 1 35 1 38 2 109 1 322 1 350 2 403 2 758 1 194 2 197 3 848 1 482 1 193 2
//IdTournes NbColis
21 6
//IdColis IdCommandeInColis NbProducts IdProd1 QtyProd1 IdProd2 QtyProd2 ...
142 31 19 202 1 207 1 109 1 35 1 38 2 322 1 350 1 403 1 194 1 197 1 105 1 45 1 214 1 220 1 222 1 223 1 159 1 388 1 213 1
158 35 16 35 1 38 2 109 1 322 1 350 2 403 2 364 1 194 2 197 3 361 1 538 1 514 1 543 1 251 1 296 1 198 1
167 37 14 759 1 846 1 166 1 109 1 35 1 38 2 350 1 322 1 323 1 180 1 239 1 758 2 194 2 197 3
171 38 14 846 1 35 1 38 2 350 2 109 1 322 1 403 2 529 1 194 2 197 3 848 1 374 1 378 1 373 1
68 14 22 327 1 236 2 748 1 271 1 760 2 6 1 589 2 17 1 21 1 23 1 28 1 311 1 494 1 455 1 678 1 30 1 671 1 673 1 672 1 574 1 305 2 764 1
181 40 21 567 1 532 1 183 1 383 2 105 1 388 1 345 1 674 1 680 1 706 1 541 1 426 1 543 1 478 1 87 1 624 1 591 1 228 1 546 1 153 1 2 1
//IdTournes NbColis
22 6
//IdColis IdCommandeInColis NbProducts IdProd1 QtyProd1 IdProd2 QtyProd2 ...
97 20 26 28 1 44 1 320 1 504 1 455 1 311 1 30 1 315 1 642 1 601 1 73 1 187 1 503 1 160 1 319 1 103 1 60 2 2 2 107 1 406 2 10 2 18 2 318 1 161 1 649 1 193 1
69 14 32 356 1 107 1 27 2 366 2 284 1 406 2 730 2 161 1 508 2 665 1 687 1 619 1 585 1 855 1 856 1 616 1 291 1 858 1 41 2 854 1 762 1 106 1 112 1 397 1 492 2 267 1 490 1 860 1 634 1 229 4 314 1 193 1
73 15 20 174 1 335 2 410 1 405 1 378 1 428 1 499 1 388 1 501 1 476 1 590 1 757 1 706 1 796 1 523 1 466 1 87 1 754 1 228 1 119 1
82 17 14 773 1 593 1 250 1 81 1 128 1 109 1 22 2 323 1 399 1 194 2 197 3 123 1 410 1 129 1
183 40 24 535 1 801 1 672 1 673 1 725 1 160 1 305 1 59 1 2 1 103 1 386 2 60 2 387 1 284 2 729 1 614 3 161 1 635 1 41 1 112 1 229 5 333 1 191 5 184 1
93 19 32 639 1 640 1 29 1 633 2 634 1 229 4 321 1 191 5 125 1 48 1 52 1 110 1 626 1 198 2 134 1 330 2 108 2 25 2 533 1 437 1 329 1 555 1 599 1 628 1 632 1 268 1 636 1 201 1 641 1 631 1 630 2 193 5
//IdTournes NbColis
23 6
//IdColis IdCommandeInColis NbProducts IdProd1 QtyProd1 IdProd2 QtyProd2 ...
107 22 21 142 1 227 1 229 4 656 1 191 5 48 1 400 1 110 1 861 1 198 3 134 1 42 1 8 2 25 2 289 1 287 1 437 1 281 1 192 1 280 1 193 4
182 40 22 384 1 221 1 736 1 271 1 6 1 389 1 734 1 475 1 50 1 146 1 21 1 37 1 23 1 28 1 311 1 504 1 455 1 30 1 80 5 735 1 671 1 229 1
60 12 29 209 1 100 1 458 1 229 3 140 1 191 5 101 1 189 1 242 1 48 1 1 1 110 1 198 4 243 1 108 2 92 1 25 3 245 1 542 1 437 2 233 1 246 1 722 1 715 1 232 1 570 2 190 1 237 2 193 3
18 4 23 345 1 114 1 378 1 336 1 325 1 411 1 405 1 549 1 234 1 821 1 149 1 546 1 445 1 272 1 624 1 558 1 65 2 351 1 421 1 4 1 20 1 229 1 198 1
124 26 14 240 1 553 1 697 1 54 1 128 1 109 1 38 1 22 1 323 1 350 1 399 1 194 2 197 3 560 1
141 30 23 110 1 198 3 132 1 170 1 8 2 25 2 287 1 285 1 465 1 390 1 830 1 437 1 282 1 471 2 827 2 281 1 246 1 247 1 826 1 280 1 278 1 829 1 193 3
//IdTournes NbColis
24 6
//IdColis IdCommandeInColis NbProducts IdProd1 QtyProd1 IdProd2 QtyProd2 ...
57 12 22 264 1 137 1 234 1 478 1 796 1 68 1 188 1 479 1 309 1 357 1 236 1 238 1 481 1 351 1 377 1 69 2 72 2 6 1 475 1 389 1 229 1 698 1
72 15 14 593 1 38 2 109 1 322 1 323 2 350 2 799 1 180 2 194 2 197 3 114 1 45 1 229 1 198 1
180 40 12 202 1 38 2 128 1 109 1 323 2 350 2 399 1 194 5 197 2 567 2 385 1 198 1
108 23 12 863 1 759 1 274 2 81 2 109 1 22 2 128 1 323 2 399 1 194 2 197 3 142 1
149 33 12 773 1 864 1 202 1 81 2 109 1 22 2 323 2 128 1 399 1 231 2 264 2 573 1
153 34 14 620 1 22 2 323 2 81 2 128 1 109 1 399 1 194 2 197 3 335 1 336 1 337 1 590 1 162 1
//IdTournes NbColis
25 6
//IdColis IdCommandeInColis NbProducts IdProd1 QtyProd1 IdProd2 QtyProd2 ...
16 3 19 42 1 500 1 108 2 25 2 594 1 542 1 830 1 437 1 657 1 555 1 857 1 653 1 696 1 598 2 293 1 566 1 818 2 756 1 193 4
21 4 30 822 1 582 1 161 2 158 1 544 1 548 1 450 1 508 1 451 1 43 1 41 2 142 1 495 1 57 1 424 1 191 5 823 1 48 1 110 1 198 3 141 1 108 2 25 2 437 1 282 1 551 1 770 1 696 1 756 1 193 4
81 16 12 108 2 25 2 89 1 437 1 771 1 653 1 632 1 723 1 278 1 818 2 605 2 193 5
103 21 20 296 1 229 4 261 5 48 1 779 1 110 1 198 4 136 1 108 2 25 2 866 2 595 1 618 1 287 1 285 1 783 1 782 1 437 1 781 1 193 2
145 31 33 762 1 397 1 219 1 267 1 76 1 200 1 191 1 199 1 171 1 211 1 48 1 196 1 1 1 110 1 198 1 108 2 25 2 437 1 225 1 810 1 644 1 192 1 205 1 201 1 217 1 190 1 203 1 756 1 208 1 206 1 193 1 195 1 812 1
119 25 19 567 3 154 1 411 1 415 1 418 1 420 1 383 1 422 1 501 1 477 1 523 1 466 1 234 1 214 1 365 1 591 1 300 1 153 1 452 1
//IdTournes NbColis
26 6
//IdColis IdCommandeInColis NbProducts IdProd1 QtyProd1 IdProd2 QtyProd2 ...
114 24 24 487 1 336 1 834 1 87 1 149 1 445 1 251 1 213 1 300 1 39 1 479 1 384 1 752 1 238 1 766 1 683 1 6 1 483 1 473 1 519 1 824 1 44 1 7 1 767 1
121 25 27 417 2 527 1 64 1 600 1 601 1 393 2 521 1 416 1 305 1 356 1 297 2 27 1 103 1 366 1 406 1 286 1 10 1 161 1 391 1 524 1 413 1 41 1 588 1 229 3 261 3 699 1 716 1
110 23 27 600 1 212 1 793 1 784 1 416 1 671 1 672 1 673 1 160 1 103 2 60 2 2 2 387 1 438 1 324 1 795 1 161 1 456 1 557 1 585 1 143 1 127 1 404 2 458 1 229 4 140 1 791 1
67 14 19 197 1 105 1 9 1 418 1 491 1 425 2 493 1 337 1 669 1 538 1 731 1 834 1 674 1 87 1 272 2 300 2 591 1 579 2 193 1
38 8 21 122 1 511 1 325 2 374 1 482 1 514 1 615 1 617 1 834 1 213 1 579 1 481 1 327 1 836 1 271 2 460 1 6 1 86 1 443 1 11 1 613 2
176 39 19 197 3 45 1 405 1 428 1 439 1 122 1 336 1 590 1 222 1 706 1 181 1 252 1 591 1 445 1 432 1 6 1 436 1 589 1 629 1
//IdTournes NbColis
27 4
//IdColis IdCommandeInColis NbProducts IdProd1 QtyProd1 IdProd2 QtyProd2 ...
168 37 21 383 1 423 1 688 2 590 1 256 1 658 1 811 1 251 1 273 1 228 1 479 1 429 1 236 1 760 3 156 1 454 1 446 1 589 1 703 1 7 1 229 1
2 1 21 567 1 660 1 9 1 122 1 316 1 374 1 425 1 422 1 423 1 361 1 214 1 658 1 786 2 466 1 149 1 787 1 432 1 317 1 681 1 11 1 193 1
143 31 20 336 2 509 1 361 1 811 1 543 1 228 1 216 1 530 1 218 1 221 1 507 1 327 2 814 1 421 1 224 1 156 1 215 1 468 1 162 1 210 1
55 12 8 230 1 240 1 244 1 419 1 807 1 842 1 166 1 193 1
