//NbTournees
9
//IdTournes NbColis
1 6
//IdColis IdCommandeInColis NbProducts IdProd1 QtyProd1 IdProd2 QtyProd2 ...
8 1 9 39 1 52 1 56 1 381 2 1 1 35 1 45 3 135 2 209 1
32 1 14 369 2 532 2 534 3 537 2 597 4 602 4 474 1 581 4 603 4 2 3 7 2 10 3 20 1 350 1
1 1 6 129 1 142 1 144 1 148 1 3 1 14 1
2 1 6 151 1 172 1 173 1 174 1 3 1 14 1
4 1 8 150 1 171 1 3 1 32 1 73 1 79 1 482 1 340 1
36 1 13 610 2 399 2 484 2 269 3 270 5 355 2 371 4 401 3 404 5 405 4 409 5 583 2 4 1
//IdTournes NbColis
2 6
//IdColis IdCommandeInColis NbProducts IdProd1 QtyProd1 IdProd2 QtyProd2 ...
39 1 18 201 2 596 3 74 3 98 1 104 3 187 1 277 3 456 4 364 1 522 3 543 3 4 2 28 1 49 2 62 3 63 3 66 3 68 1
23 1 13 188 1 211 3 218 1 223 3 419 2 422 4 426 3 436 2 580 2 5 3 11 4 21 2 474 1
27 1 14 607 1 611 3 71 3 88 3 202 3 206 2 292 1 568 4 6 3 15 3 17 3 24 1 37 2 364 1
41 1 19 397 3 542 2 557 5 8 1 181 2 606 2 283 4 487 3 490 2 491 1 495 2 496 3 497 3 498 1 499 1 500 2 93 2 191 3 214 2
45 1 20 298 3 302 1 306 3 517 3 541 4 416 4 508 4 335 3 159 1 203 3 208 3 9 1 288 1 177 4 197 4 314 3 13 3 29 3 36 1 488 1
28 1 13 37 2 47 3 48 1 54 3 55 4 58 2 60 1 69 3 138 3 139 3 157 3 163 3 189 2
//IdTournes NbColis
3 6
//IdColis IdCommandeInColis NbProducts IdProd1 QtyProd1 IdProd2 QtyProd2 ...
43 1 20 525 1 527 3 550 3 554 3 370 6 412 3 535 6 43 1 256 1 344 1 12 1 25 3 65 3 67 1 76 3 81 3 91 3 97 2 125 2 471 1
11 1 6 598 1 70 2 83 2 84 3 96 3 432 1
20 1 13 72 1 75 3 86 3 87 3 89 3 90 3 92 3 106 3 107 3 108 1 111 3 113 1 331 1
44 1 21 125 1 205 3 226 3 258 3 261 1 296 3 308 1 342 3 575 2 420 3 16 3 18 1 46 3 110 3 115 3 117 3 136 2 199 3 221 2 286 3 517 1
15 1 10 494 1 464 4 95 3 365 1 19 1 27 3 162 3 229 3 236 3 354 1
19 1 12 492 2 548 2 77 3 85 1 105 3 386 2 391 3 472 3 578 1 579 1 588 3 23 2
//IdTournes NbColis
4 6
//IdColis IdCommandeInColis NbProducts IdProd1 QtyProd1 IdProd2 QtyProd2 ...
24 1 15 21 1 33 3 53 1 192 1 193 1 194 3 216 3 217 3 228 3 253 1 274 4 294 3 316 3 352 1 471 1
33 1 13 20 1 41 3 42 3 44 4 50 3 133 3 146 4 149 4 158 4 219 1 227 2 232 2 245 2
13 1 8 502 5 565 3 458 2 31 3 127 3 137 1 141 1 78 1
16 1 10 263 1 301 1 310 4 311 3 570 3 466 3 78 2 112 3 122 1 196 2
17 1 12 196 1 593 1 604 2 367 1 559 3 22 2 30 2 40 3 82 3 94 1 100 2 153 1
6 1 6 168 1 182 1 184 1 101 3 128 1 23 1
//IdTournes NbColis
5 6
//IdColis IdCommandeInColis NbProducts IdProd1 QtyProd1 IdProd2 QtyProd2 ...
5 1 9 102 2 126 1 130 1 131 1 152 1 26 1 339 1 341 1 337 1
40 1 17 80 3 109 2 118 2 119 3 121 3 155 3 178 3 210 3 290 2 304 3 322 2 328 3 332 2 345 3 279 4 377 2 397 2
7 1 6 128 1 147 1 169 3 170 1 34 2 324 1
46 1 21 36 2 51 2 57 2 61 3 64 3 99 3 103 3 161 3 164 2 305 1 309 3 312 1 313 3 329 2 465 2 469 2 555 5 564 5 573 1 198 2 488 1
3 1 6 175 1 176 1 38 1 143 1 145 1 357 1
18 1 13 132 1 153 2 307 2 321 3 343 1 366 2 480 1 235 3 273 2 280 3 359 2 403 2 443 2
//IdTournes NbColis
6 6
//IdColis IdCommandeInColis NbProducts IdProd1 QtyProd1 IdProd2 QtyProd2 ...
21 1 12 113 2 134 3 234 3 238 4 240 3 244 4 251 3 252 3 259 3 260 1 265 1 331 1
12 1 6 96 1 156 3 413 3 414 5 423 4 366 1
9 1 8 135 2 140 3 154 1 353 2 562 1 576 4 582 1 346 1
22 1 13 265 2 266 3 271 3 272 3 275 3 276 3 278 3 282 3 572 3 165 1 167 2 188 1 317 1
38 1 15 538 4 590 1 609 2 116 1 179 1 299 3 303 3 433 3 434 4 444 3 446 4 460 5 504 5 120 3 201 1
31 1 12 585 2 59 3 160 3 180 3 185 3 213 3 220 3 242 4 257 3 320 3 222 3 369 1
//IdTournes NbColis
7 6
//IdColis IdCommandeInColis NbProducts IdProd1 QtyProd1 IdProd2 QtyProd2 ...
29 1 15 189 1 195 3 225 3 230 1 231 3 233 3 237 3 239 3 250 1 254 2 262 1 267 2 268 3 281 1 284 3
14 1 10 183 2 207 1 241 3 243 3 249 1 361 3 533 1 552 1 584 3 494 3
42 1 15 214 1 291 3 396 5 601 2 186 1 190 3 200 1 212 2 215 3 333 3 349 4 384 5 406 5 505 3 525 4
25 1 14 360 4 392 2 467 1 114 2 326 3 383 3 389 2 407 2 411 2 429 1 431 2 459 2 470 4 577 1
47 1 24 198 1 204 2 124 3 450 3 507 2 567 3 488 2 518 4 544 2 563 3 350 1 410 2 376 4 521 5 545 2 551 5 425 3 560 3 356 3 358 3 378 5 379 3 382 5 435 1
34 1 15 245 1 246 2 247 4 248 3 255 2 264 3 295 3 297 1 318 3 336 1 571 2 574 4 430 3 486 1 592 3
//IdTournes NbColis
8 6
//IdColis IdCommandeInColis NbProducts IdProd1 QtyProd1 IdProd2 QtyProd2 ...
30 1 13 285 3 287 3 289 3 293 3 300 3 315 3 323 1 334 3 338 1 347 3 483 3 608 3 585 1
35 1 14 478 5 589 3 600 4 424 2 591 3 363 3 372 3 319 1 330 1 448 3 457 2 468 2 481 2 566 1
49 1 22 408 2 569 6 324 3 327 5 362 2 387 3 402 2 418 4 437 4 442 4 451 3 455 5 461 5 506 3 509 3 513 5 519 3 556 4 123 3 530 3 549 4 385 4
50 1 21 385 1 540 3 166 7 325 5 351 3 373 3 374 1 375 4 380 3 394 5 400 3 415 3 417 4 428 5 439 3 452 4 453 4 489 4 512 7 515 3 516 5
48 1 26 435 3 440 5 445 3 447 5 449 3 454 3 529 2 539 4 566 2 224 3 348 4 390 2 438 3 441 3 462 2 463 2 514 2 520 2 547 1 558 4 561 2 388 3 398 7 503 4 408 1 362 1
37 1 12 583 2 605 5 546 2 586 3 427 3 493 6 594 4 354 2 368 3 395 4 523 2 524 2
//IdTournes NbColis
9 3
//IdColis IdCommandeInColis NbProducts IdProd1 QtyProd1 IdProd2 QtyProd2 ...
51 1 4 528 3 531 5 536 4 393 3
26 1 13 473 2 475 2 476 2 477 2 479 3 485 3 501 2 510 1 511 2 587 2 595 5 599 3 607 3
10 1 5 582 2 421 2 526 3 553 5 598 3
