//NbTournees
4
//IdTournes NbColis
1 6
//IdColis IdCommandeInColis NbProducts IdProd1 QtyProd1 IdProd2 QtyProd2 ...
1 1 18 254 1 1 2 56 1 187 1 155 1 26 1 143 1 11 1 226 1 4 1 202 1 69 1 160 1 23 1 28 1 73 1 195 1 99 1
6 2 20 20 1 138 1 1 1 42 1 51 1 22 1 69 1 73 1 146 1 253 1 62 1 66 1 111 1 158 1 243 1 259 2 103 1 106 1 134 1 140 2
10 3 8 54 1 182 1 52 1 46 1 1 2 13 1 185 1 84 1
15 4 11 55 1 138 1 267 1 1 1 13 2 56 1 187 1 78 1 159 1 42 3 22 1
19 4 28 244 1 230 2 232 2 199 1 204 1 217 1 2 3 6 1 17 1 32 1 34 1 44 2 48 1 193 1 197 1 80 1 82 1 170 2 162 1 263 1 266 1 37 1 242 1 76 1 79 1 83 1 92 2 81 2
20 4 24 131 1 148 3 175 2 154 4 117 1 126 1 16 1 209 1 222 1 211 2 238 2 227 1 75 1 221 1 3 1 14 3 63 3 64 3 65 2 224 3 95 1 116 1 129 1 173 1
//IdTournes NbColis
2 6
//IdColis IdCommandeInColis NbProducts IdProd1 QtyProd1 IdProd2 QtyProd2 ...
16 4 18 51 1 130 1 74 1 265 1 143 1 184 1 38 1 167 1 180 2 192 1 205 1 215 1 226 2 4 1 69 2 262 1 145 1 88 1
17 4 22 160 2 23 2 25 1 49 1 73 1 195 1 200 1 212 2 19 2 39 1 188 2 190 1 66 2 234 1 236 1 210 1 243 1 5 1 10 1 18 2 27 1 85 1
18 4 26 178 1 198 1 213 1 216 1 220 1 77 1 93 2 94 1 103 1 106 1 140 3 147 1 168 1 134 2 7 1 12 1 31 1 40 1 41 1 47 1 179 1 189 2 194 2 196 1 206 2 72 1
14 4 7 50 1 53 1 20 1 21 1 45 1 46 1 8 1
8 2 35 238 1 33 1 58 2 252 1 9 1 14 2 63 1 64 2 65 2 224 2 116 2 129 1 59 2 153 2 164 2 247 2 173 1 61 2 214 2 219 2 163 1 124 1 123 1 85 1 245 1 57 1 225 1 104 1 108 1 71 1 70 1 135 1 248 1 128 1 72 1
4 1 33 16 1 222 1 211 2 238 2 58 2 98 1 75 1 14 2 63 2 64 2 65 1 224 2 95 1 59 1 133 1 153 2 156 1 164 2 173 1 61 1 214 2 219 2 240 1 255 2 85 2 112 1 30 1 169 1 260 1 174 1 229 1 251 1 141 1
//IdTournes NbColis
3 6
//IdColis IdCommandeInColis NbProducts IdProd1 QtyProd1 IdProd2 QtyProd2 ...
12 3 27 250 1 148 1 154 1 175 1 222 1 91 1 211 2 238 2 98 1 221 1 14 2 63 2 64 2 65 2 224 2 59 2 133 1 153 2 156 1 164 2 173 1 176 1 163 1 67 2 68 2 239 2 246 2
21 4 34 59 2 153 4 164 4 173 1 133 2 156 1 163 1 67 2 68 2 246 3 239 3 264 1 124 1 123 1 15 1 218 1 207 1 261 1 181 1 201 1 100 1 104 1 108 1 71 1 70 1 165 1 135 1 86 1 109 1 90 1 105 3 114 2 84 1 96 1
7 2 29 147 1 93 2 94 1 172 2 31 1 232 1 118 1 121 1 125 1 150 1 43 1 60 2 235 1 132 1 29 1 35 1 37 1 242 2 144 1 131 1 142 1 175 3 115 1 117 1 16 1 222 1 211 2 238 1 165 1
11 3 25 78 1 130 1 166 2 110 1 145 1 73 1 39 2 188 1 93 2 134 1 140 2 147 1 233 1 232 1 127 1 113 1 150 1 137 1 48 1 35 1 92 1 152 1 76 1 81 1 16 1
2 1 26 200 1 203 1 146 1 253 1 19 1 39 1 188 1 190 1 234 1 236 1 111 2 243 2 259 3 18 1 27 1 213 1 220 1 119 1 161 1 168 1 231 1 94 1 172 2 31 1 47 1 33 1
3 1 31 179 1 186 1 189 1 194 1 196 1 228 1 230 1 232 1 127 1 199 1 150 1 137 2 17 1 32 1 34 2 36 1 43 1 48 1 177 1 183 1 191 1 208 1 80 1 157 2 24 1 29 1 171 2 223 1 148 1 175 2 126 1
//IdTournes NbColis
4 4
//IdColis IdCommandeInColis NbProducts IdProd1 QtyProd1 IdProd2 QtyProd2 ...
13 3 14 123 1 112 1 201 1 169 1 88 1 149 1 87 1 114 1 229 1 84 1 101 3 237 1 141 1 89 1
9 2 14 256 1 102 1 109 1 136 1 139 1 249 1 257 1 174 2 122 1 251 1 84 1 258 2 107 1 241 1
22 4 4 97 2 101 1 141 1 241 1
5 1 2 120 1 151 1
