//NbTournees
4
//IdTournes NbColis
1 6
//IdColis IdCommandeInColis NbProducts IdProd1 QtyProd1 IdProd2 QtyProd2 ...
1 1 6 1 1 5 1 6 1 10 1 11 1 42 1
8 2 6 1 1 5 1 6 1 10 1 11 1 162 1
18 3 29 112 3 115 1 93 2 75 2 2 1 139 1 66 1 60 1 102 1 117 1 50 2 65 1 107 1 141 2 100 1 111 1 87 2 88 1 151 1 13 1 135 2 168 1 78 1 81 1 46 1 160 1 72 1 159 1 70 2
16 3 7 136 1 4 1 20 2 7 2 12 1 96 1 72 1
20 4 7 4 2 7 3 18 2 17 1 46 1 160 1 70 1
24 4 18 118 1 3 3 137 2 54 5 75 1 93 2 35 1 52 3 60 1 102 1 105 1 117 3 32 1 58 3 152 1 163 1 140 1 76 1
//IdTournes NbColis
2 6
//IdColis IdCommandeInColis NbProducts IdProd1 QtyProd1 IdProd2 QtyProd2 ...
10 2 7 41 1 169 1 20 1 43 1 7 1 9 1 85 1
25 4 25 145 1 127 1 92 1 119 1 123 3 122 1 128 1 138 1 155 1 162 1 8 1 45 1 94 1 151 1 13 2 74 1 130 1 98 1 73 1 79 3 76 1 78 1 81 1 106 1 161 1
14 2 33 44 1 51 1 59 1 61 1 63 1 153 2 71 2 92 1 146 1 97 1 167 2 113 2 120 1 82 2 158 1 156 1 157 1 128 1 77 1 147 1 94 1 56 1 151 1 13 1 143 1 83 1 84 1 98 1 133 2 81 1 76 1 165 3 70 2
22 4 10 121 1 14 1 30 2 90 2 24 1 110 4 114 4 154 5 72 1 159 1
3 1 7 41 1 34 1 20 2 15 1 22 1 33 1 39 1
12 2 5 15 1 25 3 22 2 40 2 108 1
//IdTournes NbColis
3 6
//IdColis IdCommandeInColis NbProducts IdProd1 QtyProd1 IdProd2 QtyProd2 ...
5 1 20 25 1 16 1 101 1 89 2 126 1 27 1 54 1 148 1 103 2 75 1 66 1 60 1 80 1 102 1 49 2 65 1 19 1 59 2 61 1 151 1
11 2 7 18 2 28 1 29 1 125 3 31 1 166 1 46 1
17 3 10 18 1 125 1 28 1 29 1 134 1 142 1 114 2 109 3 104 3 162 1
2 1 6 21 1 23 1 26 1 37 1 20 1 45 1
9 2 6 23 1 26 1 21 1 37 1 20 1 147 1
13 2 24 129 1 33 1 110 1 149 1 54 1 57 1 67 2 48 1 64 1 93 2 75 1 60 2 102 1 144 1 49 1 55 2 58 1 164 1 50 2 19 2 36 1 160 1 72 2 159 1
//IdTournes NbColis
4 4
//IdColis IdCommandeInColis NbProducts IdProd1 QtyProd1 IdProd2 QtyProd2 ...
4 1 7 22 2 38 1 40 2 129 1 25 2 53 1 56 1
21 4 6 28 1 29 2 125 4 31 1 74 1 72 1
6 1 27 61 1 63 1 68 1 71 3 36 1 153 2 69 4 132 2 128 1 124 1 91 1 99 1 47 1 62 1 150 1 131 2 86 2 130 2 95 1 133 1 81 2 78 1 46 1 160 1 72 2 159 1 70 2
23 4 9 154 1 109 5 104 5 112 5 116 5 115 2 118 1 84 1 70 1
