//NbTournees
26
//IdTournes NbColis
1 6
//IdColis IdCommandeInColis NbProducts IdProd1 QtyProd1 IdProd2 QtyProd2 ...
13 1 7 90 2 108 1 110 2 111 1 151 1 1 1 303 1
14 1 9 46 1 71 2 114 1 1 1 5 2 9 1 60 2 107 1 310 1
44 2 4 2 3 13 2 39 1 159 1
54 2 5 108 1 86 3 87 3 1 1 289 1
55 2 6 113 2 151 2 111 1 62 2 1 1 289 1
56 2 8 62 1 157 2 41 1 46 1 114 2 71 1 1 1 289 1
//IdTournes NbColis
2 6
//IdColis IdCommandeInColis NbProducts IdProd1 QtyProd1 IdProd2 QtyProd2 ...
93 3 7 39 2 56 1 62 2 65 1 45 1 1 1 375 1
118 4 6 56 2 45 1 65 2 62 2 1 1 289 1
119 4 6 68 2 90 2 110 2 111 1 1 1 375 1
144 5 6 96 1 37 2 54 2 80 1 1 1 405 1
151 5 5 86 2 110 3 87 2 1 1 289 1
153 5 7 46 1 71 3 114 2 1 1 5 1 9 1 107 2
//IdTournes NbColis
3 6
//IdColis IdCommandeInColis NbProducts IdProd1 QtyProd1 IdProd2 QtyProd2 ...
28 1 25 219 2 201 2 479 3 130 2 160 1 379 2 322 2 3 2 8 1 19 1 25 2 26 2 36 2 52 1 53 2 132 2 214 2 223 2 199 1 206 2 212 2 264 1 547 2 423 1 520 1
66 2 16 469 2 475 3 535 2 356 2 360 2 552 1 530 1 43 3 120 3 183 2 177 2 179 3 191 3 230 2 235 1 3 1
72 2 25 447 3 496 2 18 1 138 1 207 2 266 2 133 1 350 1 366 1 426 1 428 2 219 2 201 2 479 3 130 2 160 1 379 2 322 2 3 2 12 1 8 2 19 1 25 3 26 1 524 1
107 3 36 479 2 130 1 160 1 379 2 322 2 3 1 12 2 53 1 132 1 199 1 212 1 214 1 223 1 206 1 264 1 547 1 291 1 339 2 423 1 513 2 135 1 527 1 55 1 85 1 189 1 209 1 551 1 267 1 300 2 357 2 443 1 486 1 473 1 196 1 236 1 529 1
127 4 29 380 2 394 3 465 2 510 2 441 1 468 1 474 2 333 1 342 2 368 2 436 1 447 2 466 1 496 1 491 1 138 1 165 1 207 1 277 1 266 1 201 1 219 1 479 3 130 1 160 1 379 2 3 2 12 1 414 1
154 5 8 117 2 60 3 307 2 464 2 435 2 440 1 480 2 3 1
//IdTournes NbColis
4 6
//IdColis IdCommandeInColis NbProducts IdProd1 QtyProd1 IdProd2 QtyProd2 ...
161 5 17 231 2 211 2 284 3 265 2 313 3 397 2 364 2 281 2 316 1 330 1 354 2 356 2 386 1 381 3 419 2 390 1 3 1
94 3 5 66 3 72 3 68 1 5 1 289 1
95 3 6 68 1 92 2 90 2 110 2 5 1 414 1
125 4 20 463 1 492 2 172 1 193 1 203 1 253 1 285 1 326 2 471 2 497 1 290 2 438 1 445 1 318 1 335 1 425 1 4 6 17 3 38 2 263 1
1 1 5 59 2 61 1 47 1 6 1 42 1
37 2 5 16 2 47 1 61 1 6 1 248 1
//IdTournes NbColis
5 6
//IdColis IdCommandeInColis NbProducts IdProd1 QtyProd1 IdProd2 QtyProd2 ...
38 2 5 61 1 78 2 93 1 6 1 188 1
64 2 16 460 2 413 2 7 1 27 1 28 3 29 2 81 2 143 1 140 3 173 1 231 3 211 3 213 2 284 3 265 2 370 1
114 4 7 89 2 91 2 6 2 270 1 269 1 271 1 268 1
134 5 5 47 1 61 2 78 1 6 1 145 1
135 5 4 78 2 93 2 6 1 222 1
165 5 14 471 2 497 2 505 4 290 3 457 2 445 2 495 1 456 1 318 1 335 2 543 1 17 5 34 4 263 1
//IdTournes NbColis
6 6
//IdColis IdCommandeInColis NbProducts IdProd1 QtyProd1 IdProd2 QtyProd2 ...
169 5 24 219 1 201 2 479 4 130 2 160 1 379 3 12 1 8 2 19 1 25 2 26 2 36 2 53 2 57 1 94 1 132 2 175 1 199 2 214 2 223 2 206 2 212 2 238 1 274 1
27 1 23 394 2 465 3 510 2 525 3 355 2 511 1 468 1 484 3 474 2 478 1 333 2 436 1 447 3 496 3 368 3 18 1 138 1 133 1 245 1 207 2 266 2 550 1 23 1
106 3 30 450 1 254 1 255 2 308 1 334 2 355 1 374 1 377 2 380 2 394 2 465 2 510 1 525 2 511 2 468 1 478 2 484 1 474 1 333 1 368 2 436 1 447 2 18 1 133 1 138 1 207 1 266 1 350 1 219 1 201 1
16 1 15 31 2 32 2 77 1 123 1 134 1 168 1 169 2 198 3 227 1 455 1 467 1 149 1 506 1 332 3 20 1
20 1 19 210 3 256 2 221 1 387 1 407 2 417 1 420 2 448 1 460 1 352 1 413 1 21 1 27 1 28 3 29 2 76 2 81 2 140 3 143 1
24 1 20 518 1 418 1 463 2 492 2 20 2 73 2 74 3 82 1 101 2 105 2 161 1 172 3 216 1 193 3 229 2 203 1 242 2 253 2 295 1 282 2
//IdTournes NbColis
7 6
//IdColis IdCommandeInColis NbProducts IdProd1 QtyProd1 IdProd2 QtyProd2 ...
68 2 19 492 1 20 3 74 3 105 2 161 1 172 3 193 3 216 1 229 2 232 1 203 1 242 2 253 2 282 3 285 2 288 1 295 1 548 3 326 1
103 3 30 475 1 476 1 469 2 535 1 84 1 195 1 241 1 244 1 204 1 250 1 258 1 286 1 449 1 533 1 401 1 382 1 146 1 148 1 208 1 347 1 393 1 518 2 418 1 463 2 492 2 20 1 74 1 101 1 105 1 182 1
164 5 20 20 3 74 2 101 1 105 2 193 3 216 1 229 1 242 2 203 1 253 2 282 2 285 2 295 1 172 2 541 1 548 3 326 3 327 1 344 2 471 1
129 4 27 209 1 200 1 267 2 300 2 341 2 357 3 443 1 446 3 473 2 22 1 50 1 79 2 42 2 49 1 118 2 137 1 202 1 278 3 279 3 422 2 218 3 205 3 196 1 280 1 391 1 402 1 292 2
171 5 21 267 1 300 4 357 5 443 3 454 1 486 1 473 3 512 2 458 1 490 1 104 2 125 3 187 3 23 2 402 1 391 2 487 5 289 1 303 2 375 2 351 1
22 1 14 475 2 535 2 354 1 356 2 360 1 530 3 24 2 84 4 120 3 177 2 179 3 230 2 233 5 511 1
//IdTournes NbColis
8 6
//IdColis IdCommandeInColis NbProducts IdProd1 QtyProd1 IdProd2 QtyProd2 ...
73 2 19 26 1 36 3 52 3 53 3 132 3 214 3 223 3 199 2 238 1 206 3 212 3 287 4 291 1 264 2 544 3 545 2 547 3 339 1 135 1
101 3 28 239 1 240 1 363 1 408 1 459 1 470 1 141 1 174 1 158 1 210 1 224 1 228 2 246 1 256 1 352 1 387 1 407 2 413 1 417 1 420 2 448 1 460 1 27 1 28 1 29 1 76 1 81 1 414 1
160 5 16 352 1 387 2 407 3 417 2 420 3 448 2 460 2 413 2 27 1 28 2 29 2 81 2 143 1 140 3 213 2 231 1
60 2 13 332 2 516 4 15 1 33 1 51 1 64 2 319 4 147 3 194 2 283 2 261 2 312 1 303 1
100 3 21 472 2 332 2 516 2 51 1 64 2 131 1 139 1 329 2 147 1 194 1 261 1 283 1 312 1 361 1 384 1 424 1 483 1 493 1 500 1 237 1 358 1
128 4 26 12 2 52 4 53 2 57 1 132 2 199 1 206 2 212 2 214 2 223 2 238 1 287 2 291 1 264 1 544 3 547 2 339 3 423 1 513 3 135 1 527 1 55 1 85 1 142 2 209 1 477 1
//IdTournes NbColis
9 6
//IdColis IdCommandeInColis NbProducts IdProd1 QtyProd1 IdProd2 QtyProd2 ...
9 1 8 54 2 58 2 121 1 136 1 14 1 269 1 271 1 268 1
88 3 6 162 1 98 2 184 1 54 1 396 1 269 1
90 3 5 115 2 96 1 54 1 48 2 75 1
11 1 6 30 1 62 2 65 1 56 1 44 2 63 1
29 1 24 513 4 339 4 135 1 527 1 481 1 499 2 523 2 524 3 532 1 536 2 55 1 85 1 142 1 189 1 209 2 267 2 300 3 443 2 486 2 473 2 531 2 357 4 226 1 477 1
51 2 5 44 1 45 1 30 3 56 2 63 1
//IdTournes NbColis
10 6
//IdColis IdCommandeInColis NbProducts IdProd1 QtyProd1 IdProd2 QtyProd2 ...
74 2 19 339 4 423 2 513 5 527 2 499 2 481 1 532 1 536 2 523 3 524 2 55 2 85 2 142 3 209 3 267 2 300 4 434 3 443 1 129 1
147 5 5 170 2 171 1 30 3 56 1 75 1
148 5 5 56 1 65 2 44 3 45 1 63 1
170 5 22 274 1 275 1 264 2 544 1 547 2 339 5 423 2 513 5 135 1 527 2 481 1 499 2 523 3 524 3 532 1 536 2 55 2 85 2 142 2 209 2 267 2 402 1
12 1 5 45 1 68 2 86 2 87 2 63 1
47 2 4 115 3 156 2 44 1 271 1
//IdTournes NbColis
11 6
//IdColis IdCommandeInColis NbProducts IdProd1 QtyProd1 IdProd2 QtyProd2 ...
50 2 6 164 1 170 3 171 1 44 1 14 1 367 1
96 3 9 127 1 111 1 14 1 46 1 41 1 71 2 114 1 60 1 15 1
120 4 9 46 1 71 2 114 2 9 1 60 1 83 1 107 2 117 1 361 1
4 1 5 126 1 154 2 155 1 48 1 137 1
5 1 5 155 1 116 2 153 1 48 1 222 1
43 2 6 59 1 154 1 155 1 184 1 48 1 202 1
//IdTournes NbColis
12 6
//IdColis IdCommandeInColis NbProducts IdProd1 QtyProd1 IdProd2 QtyProd2 ...
48 2 5 48 2 80 3 106 1 14 1 268 1
115 4 4 48 2 37 2 80 2 14 1
136 5 5 93 1 98 3 48 1 422 1 271 1
137 5 5 126 3 116 1 48 1 422 1 268 1
138 5 4 116 2 97 2 48 1 422 1
10 1 7 136 1 164 1 170 2 171 1 30 1 14 1 296 1
//IdTournes NbColis
13 6
//IdColis IdCommandeInColis NbProducts IdProd1 QtyProd1 IdProd2 QtyProd2 ...
92 3 6 164 1 170 1 171 1 10 2 30 2 67 1
117 4 6 164 1 171 1 170 2 39 1 30 2 289 1
15 1 13 307 2 464 1 502 1 310 1 324 1 88 1 444 1 309 2 331 1 345 2 346 3 31 1 456 1
58 2 9 307 1 464 2 310 3 324 1 383 1 309 3 331 4 31 2 322 1
156 5 9 309 3 331 4 31 2 32 1 198 1 455 1 467 6 521 2 333 1
17 1 18 516 3 33 2 64 1 319 2 329 1 147 3 194 2 283 2 261 2 312 1 384 1 424 1 483 1 493 1 500 1 361 1 237 1 421 1
//IdTournes NbColis
14 6
//IdColis IdCommandeInColis NbProducts IdProd1 QtyProd1 IdProd2 QtyProd2 ...
59 2 14 32 2 77 3 99 2 119 1 123 2 168 1 169 3 198 1 455 1 467 1 521 2 388 1 332 1 304 1
121 4 9 117 1 307 1 464 1 310 2 383 5 389 4 32 1 77 1 148 1
39 2 5 93 1 97 2 98 1 35 1 188 1
104 3 24 172 1 193 1 216 1 242 1 203 1 253 1 285 1 541 1 326 1 327 2 344 1 497 1 471 2 505 2 260 2 438 1 445 1 457 1 456 1 318 1 335 1 425 1 34 4 38 4
126 4 15 38 3 34 5 185 5 257 1 489 2 534 1 399 1 371 1 431 1 450 3 488 1 255 2 334 2 374 1 377 3
166 5 11 34 1 38 5 70 5 185 5 257 2 321 1 325 3 328 4 399 2 489 3 255 1
//IdTournes NbColis
15 6
//IdColis IdCommandeInColis NbProducts IdProd1 QtyProd1 IdProd2 QtyProd2 ...
2 1 4 78 2 93 2 37 1 118 1
3 1 5 100 1 98 2 126 1 37 1 118 1
40 2 4 98 2 116 2 37 1 222 1
41 2 5 116 1 126 2 153 1 37 1 226 1
86 3 6 78 1 93 2 100 1 37 1 422 1 271 1
87 3 5 116 2 126 2 37 1 422 1 268 1
//IdTournes NbColis
16 6
//IdColis IdCommandeInColis NbProducts IdProd1 QtyProd1 IdProd2 QtyProd2 ...
139 5 4 59 3 154 1 37 1 422 1
25 1 22 282 1 285 2 541 3 548 3 326 2 344 2 497 2 471 3 505 3 522 1 457 1 445 1 290 2 318 2 335 2 38 1 185 1 540 1 263 1 257 1 321 1 226 1
7 1 5 91 2 103 2 109 1 39 1 159 1
8 1 6 109 1 96 1 115 2 156 1 39 1 270 1
42 2 4 153 2 59 2 40 1 202 1
45 2 5 91 3 96 1 103 1 39 1 270 1
//IdTournes NbColis
17 6
//IdColis IdCommandeInColis NbProducts IdProd1 QtyProd1 IdProd2 QtyProd2 ...
46 2 4 103 2 109 3 39 1 269 1
113 4 5 13 2 96 1 115 2 39 1 159 1
141 5 5 91 2 103 2 109 1 39 1 159 1
142 5 4 109 2 89 3 39 1 270 1
143 5 4 115 3 156 2 39 1 269 1
57 2 7 71 2 9 1 83 3 107 2 117 3 307 1 444 1
//IdTournes NbColis
18 6
//IdColis IdCommandeInColis NbProducts IdProd1 QtyProd1 IdProd2 QtyProd2 ...
97 3 11 60 1 9 1 107 1 166 1 307 1 502 1 435 4 485 1 440 2 480 1 530 1
152 5 8 87 1 151 2 157 1 111 1 163 1 14 1 41 1 400 1
85 3 5 59 2 61 1 78 1 11 1 262 1
89 3 5 13 1 91 2 89 2 10 1 159 1
6 1 5 153 1 184 1 13 1 89 2 310 1
140 5 5 155 1 184 1 13 2 91 1 310 1
//IdTournes NbColis
19 6
//IdColis IdCommandeInColis NbProducts IdProd1 QtyProd1 IdProd2 QtyProd2 ...
49 2 4 106 2 121 1 136 3 14 1
91 3 6 58 2 121 1 124 1 136 2 14 1 270 1
116 4 5 106 2 121 1 136 2 164 1 14 1
145 5 5 80 1 106 2 121 1 136 2 14 1
146 5 5 136 1 58 2 164 2 170 1 14 1
18 1 16 237 2 243 2 247 2 251 3 239 2 240 1 276 1 297 3 408 1 358 1 363 1 459 2 470 2 75 3 67 3 304 1
//IdTournes NbColis
20 6
//IdColis IdCommandeInColis NbProducts IdProd1 QtyProd1 IdProd2 QtyProd2 ...
62 2 15 358 2 363 2 459 2 470 3 67 3 75 3 95 1 141 2 158 2 174 1 190 3 192 2 215 2 217 1 224 1
123 4 23 506 3 332 2 516 2 64 1 102 1 131 1 139 1 147 1 194 1 283 1 261 1 470 1 75 1 67 1 158 1 256 1 174 1 352 1 460 1 143 1 211 1 213 1 316 1
155 5 8 480 1 310 2 324 1 186 1 383 4 389 6 444 1 75 1
159 5 16 408 2 358 2 363 2 459 2 470 3 75 1 67 2 141 2 158 2 174 1 224 2 246 2 210 3 256 2 221 1 352 1
122 4 11 77 2 123 3 272 2 299 1 314 2 467 2 521 1 388 3 472 4 506 1 470 1
52 2 4 65 2 68 3 69 2 63 1
//IdTournes NbColis
21 6
//IdColis IdCommandeInColis NbProducts IdProd1 QtyProd1 IdProd2 QtyProd2 ...
53 2 4 69 1 90 3 110 3 63 1
149 5 3 62 3 68 4 63 1
150 5 5 69 2 90 3 108 1 86 1 63 1
30 1 29 279 1 422 3 104 2 125 2 187 2 236 1 402 1 391 1 487 4 375 2 289 2 176 1 414 3 461 3 509 2 351 2 301 1 501 1 503 1 430 3 416 4 462 1 477 3 504 2 517 2 519 2 305 4 311 2 378 2
75 2 19 443 2 473 3 486 2 357 5 202 2 279 3 422 4 104 3 125 3 187 2 196 2 280 1 537 1 391 2 402 2 487 5 292 2 273 1 303 1
157 5 8 472 5 506 5 332 3 516 4 319 4 147 2 194 1 104 1
//IdTournes NbColis
22 6
//IdColis IdCommandeInColis NbProducts IdProd1 QtyProd1 IdProd2 QtyProd2 ...
99 3 15 345 2 346 2 128 1 134 1 167 1 168 1 198 1 234 1 455 1 467 5 388 1 112 1 526 1 472 2 311 1
162 5 17 390 1 395 2 437 2 439 2 469 4 475 3 535 2 360 2 530 1 120 2 150 1 177 2 179 3 230 2 204 2 252 1 289 1
63 2 15 224 2 228 3 246 2 249 2 210 3 256 2 122 1 221 1 352 2 407 3 387 2 417 2 420 3 448 2 267 1
105 3 13 70 5 152 4 185 5 263 1 257 1 321 3 325 1 328 2 399 1 534 1 489 2 371 2 450 2
168 5 20 465 2 510 3 525 4 511 1 468 2 484 2 474 3 478 1 333 1 368 4 436 2 447 4 491 1 496 3 133 1 138 1 207 2 277 1 266 2 219 1
61 2 17 312 1 384 1 424 2 493 2 483 1 361 1 500 1 237 3 243 2 247 2 251 3 239 2 240 1 276 1 297 3 408 2 135 1
//IdTournes NbColis
23 6
//IdColis IdCommandeInColis NbProducts IdProd1 QtyProd1 IdProd2 QtyProd2 ...
167 5 14 534 2 371 1 450 4 488 2 254 2 255 4 294 5 308 2 334 4 374 2 380 4 394 5 465 2 135 1
19 1 12 141 2 174 1 178 1 180 4 158 2 190 4 192 3 220 5 224 3 228 3 246 2 292 1
102 3 29 140 1 143 1 144 1 173 1 211 1 213 1 225 1 265 1 313 2 364 1 397 1 539 1 284 2 306 1 316 1 330 1 354 1 356 1 360 1 386 1 390 1 395 1 398 1 381 2 419 1 437 1 439 1 475 1 479 1
23 1 19 244 2 204 3 241 2 258 1 298 1 538 3 286 3 449 1 533 1 401 1 382 1 148 2 146 2 181 1 208 3 542 1 453 2 482 3 322 1
67 2 16 244 2 204 3 241 2 258 1 286 3 449 2 533 2 382 2 401 1 148 2 208 3 482 3 518 2 418 1 463 3 492 2
163 5 16 241 2 244 2 258 1 286 3 449 2 533 2 401 1 382 2 148 2 208 3 347 2 482 3 518 2 418 1 492 3 463 3
//IdTournes NbColis
24 6
//IdColis IdCommandeInColis NbProducts IdProd1 QtyProd1 IdProd2 QtyProd2 ...
130 4 34 197 1 429 2 414 1 461 2 509 1 301 1 503 1 416 3 462 1 477 2 519 1 504 1 311 1 337 5 338 3 378 2 451 3 529 2 362 1 514 2 508 2 372 1 340 5 392 2 259 3 507 3 400 3 320 2 546 2 421 2 302 1 336 3 373 2 376 2
21 1 22 231 1 211 3 213 2 265 2 313 2 397 1 284 2 549 1 364 1 316 1 330 2 386 1 381 2 390 1 395 1 398 1 419 1 437 1 439 1 469 3 475 1 479 1
158 5 17 283 1 261 2 312 2 384 1 424 2 483 1 493 2 500 1 361 1 247 2 251 3 237 2 239 2 240 1 276 1 243 2 297 2
124 4 29 354 1 356 1 360 1 381 2 390 1 395 1 419 1 437 1 439 1 469 2 475 2 535 1 386 1 398 1 530 1 204 1 241 1 244 1 258 1 286 1 449 1 533 1 382 1 401 1 208 1 518 2 418 1 463 1 255 1
26 1 18 321 1 325 2 328 3 399 1 489 3 534 1 371 2 450 4 488 1 254 2 255 4 308 1 334 3 374 2 377 4 380 3 394 2 304 1
70 2 15 328 3 399 2 489 3 534 2 371 3 450 4 488 2 254 2 255 5 294 2 308 2 334 4 374 2 377 3 304 1
//IdTournes NbColis
25 6
//IdColis IdCommandeInColis NbProducts IdProd1 QtyProd1 IdProd2 QtyProd2 ...
69 2 18 326 2 327 2 344 2 497 2 471 3 505 4 290 3 457 2 445 2 495 1 318 2 335 2 263 1 257 2 321 2 325 3 328 1 474 1
31 1 25 529 2 403 1 415 3 442 1 508 3 514 3 362 1 392 3 409 4 507 4 259 4 400 4 494 6 320 2 520 1 546 2 421 1 302 2 373 2 376 3 404 2 406 4 336 4 410 2 412 3
77 2 26 508 2 372 1 304 1 392 4 259 5 409 5 411 1 507 5 400 5 433 1 320 3 369 1 546 3 520 3 421 3 302 2 336 5 349 1 373 3 376 4 410 3 404 2 406 5 412 4 343 1 515 1
108 3 39 391 1 402 1 487 2 461 2 301 1 501 1 503 1 416 2 462 1 477 2 517 1 519 1 504 1 378 1 528 1 362 1 403 1 415 2 442 1 514 2 353 1 392 2 259 2 409 2 400 2 320 1 546 1 520 1 421 1 302 1 336 1 359 3 373 1 385 1 376 2 404 1 406 2 410 1 412 2
173 5 21 392 4 259 5 409 5 507 6 400 4 320 3 520 3 546 3 421 3 293 1 302 2 336 5 349 5 373 3 376 4 404 2 406 5 410 3 412 4 498 2 405 1
65 2 18 313 3 397 2 364 2 281 1 316 1 330 2 354 2 381 3 386 1 390 2 395 2 432 1 398 1 419 2 437 2 439 2 469 2 456 1
//IdTournes NbColis
26 4
//IdColis IdCommandeInColis NbProducts IdProd1 QtyProd1 IdProd2 QtyProd2 ...
76 2 28 375 2 351 2 414 4 461 4 509 2 301 2 365 1 501 2 503 2 315 2 430 2 416 5 462 2 477 5 517 2 519 2 504 2 305 5 348 2 378 3 529 3 427 1 403 2 415 4 442 1 514 4 362 2 508 2
172 5 27 351 1 414 4 461 4 509 2 301 2 501 2 503 2 315 4 416 5 462 2 477 5 517 2 519 2 504 2 305 5 348 2 378 3 452 1 529 2 323 2 403 2 415 2 442 2 514 4 508 4 362 2 304 3
98 3 8 310 2 317 1 324 1 389 4 383 6 444 1 309 1 526 1
71 2 16 380 4 394 5 465 4 510 3 525 4 511 3 441 1 468 2 474 2 478 1 484 2 333 2 368 4 436 2 447 1 379 1
