//NbTournees
6
//IdTournes NbColis
1 6
//IdColis IdCommandeInColis NbProducts IdProd1 QtyProd1 IdProd2 QtyProd2 ...
3 1 34 180 1 164 5 2 1 20 1 21 1 170 1 5 1 22 1 6 1 13 1 157 2 1 1 174 1 26 1 114 2 15 1 110 1 171 1 178 1 94 1 86 2 91 3 92 2 93 3 166 2 169 2 130 1 160 3 181 3 98 6 107 1 96 1 149 1 154 1
7 2 32 134 3 167 4 179 2 180 2 199 1 200 2 27 3 28 2 71 1 132 2 119 2 69 1 75 2 5 1 116 1 34 1 118 3 194 1 72 1 139 1 79 2 81 1 82 2 135 1 129 2 137 2 204 1 201 1 196 1 120 1 128 2 202 3
33 10 19 212 3 319 1 58 1 144 1 5 1 250 1 15 1 317 2 320 1 94 1 160 3 181 3 166 2 169 2 322 1 86 2 91 3 92 2 93 3
22 6 23 23 1 330 2 18 1 302 1 264 1 328 1 265 2 256 2 269 2 43 2 175 2 267 2 17 1 272 1 165 1 273 1 167 3 134 3 179 2 180 2 194 1 183 1 209 1
13 3 49 39 1 41 2 44 1 48 1 57 1 64 2 28 2 58 1 119 1 191 2 36 1 38 1 45 2 47 1 54 1 21 1 190 1 88 1 49 1 22 1 141 2 99 1 194 1 157 1 90 1 26 1 15 2 104 1 68 1 155 1 97 1 94 1 86 2 91 3 92 2 93 3 130 1 160 3 166 2 169 2 181 3 162 1 142 4 98 1 143 1 95 2 96 1 149 1 154 3
5 2 17 136 4 7 2 8 1 12 1 31 1 33 1 23 2 25 2 124 1 126 2 32 1 11 2 77 2 80 1 121 1 133 2 130 1
//IdTournes NbColis
2 6
//IdColis IdCommandeInColis NbProducts IdProd1 QtyProd1 IdProd2 QtyProd2 ...
15 4 23 215 1 218 1 163 1 214 1 7 2 8 1 277 1 260 1 33 2 23 2 173 1 254 1 161 1 259 1 148 1 55 1 175 2 35 2 289 1 291 1 19 1 205 1 153 1
18 5 19 115 2 108 2 316 1 76 1 315 1 172 1 225 2 124 1 8 1 33 2 12 1 277 1 260 1 23 1 263 2 296 1 226 1 96 1 154 2
21 6 13 73 2 187 1 329 4 108 1 76 1 172 2 7 2 8 1 33 2 270 2 271 1 23 1 221 1
24 7 18 243 1 240 1 275 1 193 1 163 1 8 1 277 1 33 2 260 1 62 1 23 2 263 2 238 4 18 2 276 1 278 1 274 1 279 1
27 8 16 73 4 108 1 163 4 244 1 158 1 246 1 8 1 23 1 263 1 33 1 46 1 11 1 165 1 222 2 134 2 179 1
29 9 24 187 1 163 1 8 1 12 1 277 1 260 1 33 2 23 1 263 2 124 1 18 1 161 1 251 1 308 1 303 1 17 1 304 1 229 2 273 1 123 1 167 2 134 2 179 1 183 1
//IdTournes NbColis
3 6
//IdColis IdCommandeInColis NbProducts IdProd1 QtyProd1 IdProd2 QtyProd2 ...
31 10 17 337 1 318 1 321 2 73 1 85 1 136 1 8 1 33 2 12 1 260 1 23 1 263 2 254 1 257 1 326 1 238 1 255 1
34 11 24 12 1 284 1 33 1 23 1 263 1 18 1 255 1 283 1 274 1 282 1 335 1 9 1 24 1 55 2 165 2 134 2 222 1 179 1 180 1 336 1 281 1 212 4 144 1 94 1
36 12 25 300 1 172 1 8 1 12 1 277 1 33 2 260 1 301 1 23 1 263 2 124 1 18 1 302 1 77 1 17 1 66 1 165 1 111 1 179 1 180 1 222 2 134 2 164 1 212 1 236 1
2 1 27 112 1 124 1 173 1 151 1 18 1 176 1 11 1 121 1 9 1 16 1 24 1 113 2 175 2 177 1 10 1 17 1 133 1 14 2 19 1 111 2 165 1 168 1 167 2 134 2 179 1 144 1 183 1
16 4 41 66 2 286 2 165 1 207 2 217 1 287 1 167 2 134 2 179 1 180 1 212 4 213 1 220 1 41 1 206 1 221 1 205 4 210 1 174 1 82 1 290 3 26 1 129 1 288 1 104 1 208 1 68 1 211 1 183 1 166 2 169 2 86 2 91 3 92 2 93 3 160 3 181 3 216 2 219 1 156 1 209 1
1 1 13 109 1 115 2 108 2 182 1 172 3 136 1 3 1 7 2 8 1 12 1 23 2 25 3 4 1
//IdTournes NbColis
4 6
//IdColis IdCommandeInColis NbProducts IdProd1 QtyProd1 IdProd2 QtyProd2 ...
10 3 14 184 1 85 2 51 2 53 1 84 1 103 1 193 2 163 3 25 3 7 2 8 1 12 1 62 2 161 1
11 3 23 63 1 23 2 124 1 158 1 105 1 151 1 59 1 18 1 65 1 46 1 147 1 161 2 146 1 150 1 40 1 56 1 148 1 43 1 55 2 35 1 71 1 183 1 153 2
32 10 26 258 1 18 1 261 1 253 2 262 1 327 1 259 1 323 2 146 1 256 1 325 1 324 1 251 1 43 1 252 1 17 1 133 1 165 1 134 2 179 1 180 1 222 2 164 1 212 2 245 1 183 1
38 13 35 284 1 23 1 263 1 310 1 18 1 283 1 311 1 165 1 134 2 179 1 180 1 222 2 212 4 144 1 49 1 22 1 221 1 99 1 26 1 15 1 129 2 235 1 94 1 183 1 160 2 181 2 166 2 169 2 86 2 91 2 92 2 93 2 128 1 96 1 154 1
19 5 23 18 1 283 1 293 1 223 1 292 1 297 1 295 2 175 4 66 1 106 1 294 1 298 1 165 1 217 1 230 1 229 1 273 1 222 2 134 2 179 1 180 1 212 5 94 1
12 3 26 55 1 61 2 83 1 102 1 24 1 189 2 50 1 52 1 17 1 66 1 106 2 37 1 165 1 60 1 89 1 145 1 188 1 134 2 167 2 179 1 180 1 42 1 164 1 152 2 144 1 156 1
//IdTournes NbColis
5 6
//IdColis IdCommandeInColis NbProducts IdProd1 QtyProd1 IdProd2 QtyProd2 ...
23 6 21 212 5 331 2 236 1 220 2 71 1 232 1 221 2 266 2 157 2 268 2 15 1 68 1 237 2 235 1 94 1 234 1 233 1 92 1 128 3 209 3 95 3
4 2 8 197 2 73 3 187 1 70 1 74 2 76 1 29 4 68 1
37 12 28 212 4 236 1 319 1 299 1 144 1 227 1 332 1 116 2 221 1 205 1 118 1 99 2 334 1 129 3 333 1 235 1 94 1 183 1 181 3 166 2 169 2 86 2 91 3 92 2 93 3 160 3 149 1 154 3
20 5 29 48 1 58 1 314 2 144 2 227 1 224 1 228 1 312 1 313 1 49 1 22 1 221 1 99 1 157 1 174 1 288 4 15 1 104 2 317 1 231 1 183 1 166 2 169 2 160 3 181 3 86 2 91 3 92 2 93 3
28 8 22 180 1 212 5 245 1 144 1 49 1 22 1 221 1 99 1 90 1 94 1 183 1 181 3 166 2 169 2 86 2 160 3 91 3 92 2 93 3 107 1 96 1 154 1
35 11 19 212 1 144 1 285 1 280 1 26 1 129 1 15 1 183 1 160 3 169 2 181 3 166 2 86 2 91 3 92 2 93 3 216 1 196 2 149 1
//IdTournes NbColis
6 4
//IdColis IdCommandeInColis NbProducts IdProd1 QtyProd1 IdProd2 QtyProd2 ...
6 2 17 131 1 30 2 125 2 67 1 78 3 17 1 66 1 122 1 117 3 127 3 138 2 165 2 203 4 123 2 198 3 195 2 134 1
25 7 27 55 2 175 4 165 2 241 1 273 2 167 1 222 1 134 2 179 1 180 1 236 2 220 3 144 1 242 1 239 3 221 1 90 1 15 1 68 2 183 1 166 2 169 2 86 2 91 3 92 1 160 3 181 3
30 9 25 180 1 212 5 71 1 144 2 221 1 194 1 305 1 306 1 307 1 309 2 129 3 68 1 248 1 249 1 94 1 235 1 181 3 166 2 169 2 86 2 91 3 247 2 93 3 160 3 202 3
9 3 9 192 1 87 1 101 1 159 2 185 2 100 1 186 1 187 1 140 1
