//NbTournees
3
//IdTournes NbColis
1 6
//IdColis IdCommandeInColis NbProducts IdProd1 QtyProd1 IdProd2 QtyProd2 ...
4 1 27 3 1 77 2 135 1 143 4 134 2 56 1 49 1 24 1 142 1 104 2 105 1 115 1 168 2 147 1 162 2 211 1 85 1 172 2 235 1 1 1 96 4 126 1 158 2 121 1 141 2 189 1 200 2
8 2 33 136 1 174 1 231 1 65 1 3 1 47 1 75 1 77 1 54 1 134 1 2 2 49 1 56 1 73 1 166 2 12 1 142 1 173 1 104 2 115 2 227 1 94 1 234 1 103 1 159 1 79 1 133 1 85 1 169 2 158 2 61 1 199 2 123 1
3 1 18 46 1 19 1 190 2 205 1 84 1 4 1 6 3 20 4 25 3 58 1 69 3 191 2 88 1 118 1 132 1 160 3 3 2 95 1
13 3 30 3 2 15 1 26 1 48 1 77 1 201 1 71 1 135 1 143 2 57 1 204 1 166 3 24 1 129 2 111 1 113 1 117 1 164 1 94 1 226 1 149 1 225 1 78 2 146 2 159 1 85 1 169 1 158 2 237 2 148 1
17 4 23 80 2 83 1 180 1 184 1 198 1 84 1 4 1 6 2 20 3 25 2 69 2 195 1 209 1 118 1 144 2 182 1 3 1 26 2 48 1 183 1 192 1 77 1 28 1
12 3 23 51 1 236 1 150 1 17 1 34 1 52 1 46 1 19 1 53 1 63 1 67 1 72 1 205 2 4 1 6 2 20 2 25 2 64 1 69 2 206 1 70 2 136 1 160 1
//IdTournes NbColis
2 6
//IdColis IdCommandeInColis NbProducts IdProd1 QtyProd1 IdProd2 QtyProd2 ...
2 1 15 13 2 16 1 39 1 151 2 152 1 139 1 5 2 30 1 41 2 175 2 224 1 10 1 37 1 83 1 19 1
1 1 8 29 2 9 1 8 1 193 1 27 1 7 1 32 1 101 1
16 4 12 177 1 33 1 7 1 35 1 32 1 161 1 14 2 131 2 152 1 171 1 41 1 81 1
7 2 20 31 1 32 1 30 1 62 1 230 1 203 1 217 1 44 1 224 1 10 1 37 1 60 1 36 1 213 2 233 1 45 2 219 1 145 1 68 1 114 1
11 3 9 29 1 50 1 18 2 212 1 38 1 43 1 171 1 40 1 11 1
18 4 34 77 1 119 1 185 1 207 1 134 1 181 1 229 1 12 1 142 1 94 2 156 2 153 1 196 1 208 2 85 1 169 1 158 2 154 2 23 1 215 1 220 1 176 1 87 3 21 1 22 1 178 1 186 1 98 3 112 1 116 1 93 2 107 2 221 2 92 1
//IdTournes NbColis
3 4
//IdColis IdCommandeInColis NbProducts IdProd1 QtyProd1 IdProd2 QtyProd2 ...
14 3 35 237 1 126 1 154 3 66 1 210 1 42 1 59 1 74 1 87 3 76 1 55 1 112 1 116 1 165 3 98 4 170 1 93 2 107 2 148 1 92 2 123 3 124 1 138 2 202 2 95 4 137 1 97 2 102 2 90 1 238 1 239 2 81 1 232 4 110 1 157 1
5 1 29 188 2 87 3 194 2 112 1 116 1 98 4 187 1 93 2 107 2 179 4 123 3 124 3 167 2 223 1 95 3 202 4 100 1 102 2 163 2 97 1 106 1 99 1 128 1 228 1 81 1 86 2 120 1 125 2 155 2
9 2 25 214 1 87 3 218 2 197 1 112 1 116 1 98 4 216 1 107 2 221 1 93 2 123 2 92 2 124 3 222 1 109 1 202 4 95 4 97 2 102 2 110 1 122 3 130 1 86 1 127 1
19 4 16 92 1 108 1 123 2 148 3 95 3 138 3 97 2 102 2 90 1 89 1 91 3 99 1 128 1 140 2 110 1 82 2
