//NbTournees
13
//IdTournes NbColis
1 6
//IdColis IdCommandeInColis NbProducts IdProd1 QtyProd1 IdProd2 QtyProd2 ...
1 1 9 1 1 7 1 8 1 9 1 11 1 13 1 122 1 76 1 151 1
7 2 7 1 1 9 1 122 2 136 1 3 2 92 1 118 1
14 3 12 1 1 61 1 48 2 63 1 125 1 109 1 144 1 149 1 53 1 97 1 99 1 140 1
9 2 34 149 1 145 1 93 1 23 1 2 1 69 1 110 1 102 1 54 2 56 1 70 1 77 2 114 1 94 1 106 1 68 1 85 1 55 1 96 1 98 1 104 1 28 1 10 1 101 1 147 1 20 1 15 1 129 1 119 1 86 1 100 1 25 1 26 1 17 2
70 11 18 134 1 211 1 50 1 207 2 75 3 76 1 80 3 144 3 149 3 201 1 97 1 204 1 23 1 235 1 189 2 2 2 18 1 14 1
11 3 8 4 1 5 1 38 1 31 1 3 1 76 1 15 1 25 1
//IdTournes NbColis
2 6
//IdColis IdCommandeInColis NbProducts IdProd1 QtyProd1 IdProd2 QtyProd2 ...
12 3 8 31 1 49 1 46 1 64 1 3 1 137 1 15 1 26 1
17 4 5 4 1 12 2 31 1 58 1 28 1
18 4 8 31 1 51 1 49 2 3 1 81 1 19 1 27 1 17 1
19 4 8 46 1 47 1 65 2 3 1 81 1 25 2 26 1 17 1
24 5 10 4 1 12 2 5 1 3 1 67 1 27 1 19 1 25 1 26 1 17 1
25 5 5 31 2 46 1 47 1 3 1 142 1
//IdTournes NbColis
3 6
//IdColis IdCommandeInColis NbProducts IdProd1 QtyProd1 IdProd2 QtyProd2 ...
31 6 10 4 1 12 2 31 1 3 1 40 1 27 1 19 1 25 1 26 1 17 1
32 6 5 31 1 49 2 51 1 3 1 67 1
37 7 6 4 1 5 1 31 2 3 1 75 1 20 1
38 7 8 49 1 47 1 64 1 65 1 3 1 76 1 15 1 25 1
43 8 8 4 1 12 2 31 1 3 1 134 1 19 1 27 1 17 1
44 8 8 31 1 51 1 46 1 47 1 3 1 138 1 25 1 26 1
//IdTournes NbColis
4 6
//IdColis IdCommandeInColis NbProducts IdProd1 QtyProd1 IdProd2 QtyProd2 ...
49 9 8 4 1 12 2 31 1 3 1 81 1 19 1 27 1 17 1
50 9 8 31 1 51 1 46 1 47 1 3 1 75 1 73 1 25 1
56 10 8 4 1 5 1 31 2 3 1 112 1 19 1 27 1 25 1
57 10 7 49 2 46 1 47 1 3 1 123 1 89 1 26 1
68 11 5 136 1 122 3 3 3 30 1 98 1
77 12 7 65 2 58 1 3 2 30 1 109 1 98 1 25 1
//IdTournes NbColis
5 6
//IdColis IdCommandeInColis NbProducts IdProd1 QtyProd1 IdProd2 QtyProd2 ...
54 9 30 29 1 42 1 66 3 23 1 32 1 74 3 54 2 56 1 77 2 70 1 158 2 173 1 106 1 115 2 186 1 95 1 44 1 24 1 169 1 55 1 96 1 28 1 10 1 39 1 129 1 124 1 119 1 187 1 178 2 181 1
79 12 24 80 2 166 1 144 2 149 2 192 1 200 1 34 1 201 1 93 2 243 1 29 2 202 1 205 1 206 1 209 1 235 1 189 2 18 1 35 1 54 2 56 1 70 1 77 2 10 1
21 4 21 63 1 75 1 76 1 80 2 144 1 149 2 97 1 66 1 23 1 103 1 189 1 6 1 74 1 35 2 170 1 54 2 56 1 77 2 78 1 70 1 150 5
6 2 6 60 1 65 2 128 1 7 1 76 1 25 1
67 11 6 210 1 7 1 9 2 11 2 136 1 239 1
82 13 7 7 1 9 1 11 2 136 1 122 2 223 1 234 1
//IdTournes NbColis
6 6
//IdColis IdCommandeInColis NbProducts IdProd1 QtyProd1 IdProd2 QtyProd2 ...
13 3 9 128 1 65 1 133 2 41 1 80 1 86 1 19 1 27 1 17 1
8 2 8 30 2 63 1 120 3 164 1 80 2 144 2 149 1 24 1
20 4 7 128 1 30 2 48 3 52 1 50 1 62 1 104 1
26 5 4 49 2 65 2 30 1 142 1
27 5 8 128 1 30 1 48 3 63 1 131 1 148 1 75 1 163 1
33 6 5 46 1 47 1 65 2 30 1 43 1
//IdTournes NbColis
7 6
//IdColis IdCommandeInColis NbProducts IdProd1 QtyProd1 IdProd2 QtyProd2 ...
34 6 7 128 1 30 1 48 3 63 1 131 1 72 1 53 1
39 7 7 127 2 128 1 46 1 30 1 80 1 117 1 26 1
40 7 16 30 1 48 2 63 1 125 1 80 1 144 1 149 1 53 1 97 1 23 1 103 3 35 1 54 1 56 1 70 1 141 1
45 8 6 49 1 128 1 65 1 30 2 48 1 54 1
51 9 7 47 1 49 2 65 1 30 1 76 1 73 1 26 1
52 9 5 65 1 128 2 30 2 48 1 163 1
//IdTournes NbColis
8 6
//IdColis IdCommandeInColis NbProducts IdProd1 QtyProd1 IdProd2 QtyProd2 ...
58 10 6 47 1 65 2 128 1 30 1 80 1 20 1
59 10 6 128 1 127 2 30 2 48 1 54 1 17 1
69 11 9 30 2 63 1 120 2 164 2 92 1 190 1 134 1 145 1 25 1
78 12 7 30 2 63 1 213 1 120 3 164 1 75 2 105 1
46 8 20 48 1 131 1 63 1 121 1 33 1 112 1 123 2 75 1 76 1 80 1 144 1 149 1 53 1 97 1 42 1 18 1 143 1 56 1 77 1 157 1
83 13 18 48 1 197 1 236 1 112 1 211 2 229 1 43 1 241 1 123 1 196 1 75 2 80 2 166 1 144 2 149 2 93 1 199 2 95 1
//IdTournes NbColis
9 6
//IdColis IdCommandeInColis NbProducts IdProd1 QtyProd1 IdProd2 QtyProd2 ...
60 10 19 48 2 63 1 131 1 75 1 166 1 144 1 149 1 97 1 82 1 23 1 18 1 56 1 70 1 77 1 107 1 45 1 126 2 113 3 168 1
2 1 29 137 1 80 1 144 1 149 1 97 1 16 1 18 1 14 2 150 1 113 4 115 1 162 3 24 1 152 1 98 1 28 1 10 1 101 1 156 1 165 1 20 1 15 1 100 1 146 1 19 1 27 1 25 1 26 1 17 1
15 3 15 99 1 54 1 56 1 77 1 70 1 132 1 113 1 24 1 98 1 28 1 10 1 101 1 100 1 146 1 89 1
22 4 24 106 2 113 1 115 1 79 1 95 1 24 1 85 1 10 1 59 1 101 2 20 1 21 2 15 1 129 1 182 1 157 1 172 1 100 1 116 2 174 1 179 1 105 1 118 1 180 1
29 5 12 28 1 10 1 101 1 153 1 155 1 20 1 15 1 139 1 129 2 188 3 100 1 146 1
35 6 30 176 1 177 1 183 2 97 1 23 1 184 1 22 1 54 1 56 1 70 1 135 1 77 2 185 1 91 1 95 1 160 2 24 1 130 2 98 1 28 2 10 1 101 1 20 1 21 1 15 1 188 2 171 1 100 1 146 1 89 1
//IdTournes NbColis
10 6
//IdColis IdCommandeInColis NbProducts IdProd1 QtyProd1 IdProd2 QtyProd2 ...
41 7 22 135 1 77 2 91 1 111 1 95 1 24 1 130 1 104 2 28 1 10 1 129 1 124 1 119 1 84 1 116 1 90 3 105 2 83 1 88 1 19 1 27 1 17 1
47 8 18 70 1 91 1 126 1 115 1 95 1 24 1 130 1 28 1 10 1 101 4 20 1 15 1 117 2 100 1 159 2 146 1 89 1 88 1
61 10 13 95 2 24 1 130 1 87 1 108 1 28 1 10 1 101 1 15 1 167 1 100 1 146 2 89 1
84 13 29 23 1 32 1 194 1 18 1 163 1 195 1 214 1 135 1 150 1 238 1 94 4 126 2 106 3 115 2 79 1 212 1 234 1 198 1 24 1 169 2 130 1 220 1 55 1 28 2 10 1 233 1 226 1 101 1 21 1
4 2 5 12 2 31 2 11 1 75 1 19 1
5 2 6 46 1 47 1 49 2 11 1 75 1 27 1
//IdTournes NbColis
11 6
//IdColis IdCommandeInColis NbProducts IdProd1 QtyProd1 IdProd2 QtyProd2 ...
63 11 4 31 3 12 1 191 1 215 1
74 12 4 31 2 12 2 193 1 28 1
64 11 5 12 2 46 1 47 1 193 1 28 1
65 11 5 47 1 60 1 203 2 193 1 28 1
66 11 5 49 2 65 2 193 1 101 1 26 1
75 12 5 46 1 60 1 47 2 193 1 28 1
//IdTournes NbColis
12 6
//IdColis IdCommandeInColis NbProducts IdProd1 QtyProd1 IdProd2 QtyProd2 ...
76 12 4 203 2 49 2 193 1 215 1
28 5 30 76 1 80 2 144 1 149 1 34 1 53 1 97 1 23 1 189 1 35 1 154 1 37 1 102 1 161 1 54 1 56 1 70 1 135 1 77 2 158 1 94 2 113 1 95 3 160 3 57 1 24 1 130 1 36 1 87 1 28 1
71 11 30 18 1 35 1 216 1 170 1 14 2 54 3 56 2 135 1 77 4 70 1 158 2 217 1 94 1 132 1 91 2 106 1 240 2 24 2 130 1 220 1 242 1 245 1 246 1 55 1 101 2 139 1 100 1 159 1 146 1 174 1
53 9 10 48 2 63 1 131 1 71 1 175 3 80 2 144 1 149 2 145 1 93 1
80 12 34 150 1 114 1 208 1 224 1 132 1 115 2 222 1 95 1 24 1 130 1 98 2 233 1 141 2 165 3 20 1 15 2 117 1 129 1 221 1 182 1 188 1 119 1 244 1 230 1 146 1 105 2 89 1 231 1 232 1 19 1 27 1 25 1 26 1 17 2
85 13 19 15 1 73 1 139 1 129 2 221 1 188 1 119 2 172 1 225 1 228 1 146 1 219 1 180 2 237 1 19 1 27 1 25 2 26 1 17 2
//IdTournes NbColis
13 1
//IdColis IdCommandeInColis NbProducts IdProd1 QtyProd1 IdProd2 QtyProd2 ...
72 11 11 90 1 218 1 227 1 151 5 89 6 180 5 231 1 19 1 27 1 25 1 17 2
