//NbTournees
50
//IdTournes NbColis
1 6
//IdColis IdCommandeInColis NbProducts IdProd1 QtyProd1 IdProd2 QtyProd2 ...
1 1 6 2 1 5 1 10 1 4 2 211 3 200 1
5 2 11 12 1 13 2 4 1 341 1 180 1 253 1 315 1 198 1 394 1 434 1 229 1
10 3 9 27 1 13 2 352 1 244 3 404 2 413 1 220 1 398 1 486 1
14 4 8 27 2 13 1 342 1 211 3 377 1 375 1 443 2 8 1
151 32 9 517 1 27 1 213 3 377 1 375 1 443 2 220 1 454 1 200 1
330 77 10 27 1 13 1 211 3 377 1 375 1 485 1 443 2 220 1 398 1 390 1
//IdTournes NbColis
2 6
//IdColis IdCommandeInColis NbProducts IdProd1 QtyProd1 IdProd2 QtyProd2 ...
348 82 17 27 1 188 1 396 1 391 2 358 2 231 1 214 2 226 1 513 1 189 1 395 1 403 1 8 1 9 1 18 1 29 1 20 1
18 5 11 10 1 43 1 211 3 377 1 404 2 375 1 229 1 446 1 188 1 396 1 461 1
22 6 11 10 2 54 1 253 1 229 1 232 2 337 1 217 1 557 1 358 1 231 1 209 1
25 7 7 57 1 58 1 10 1 59 1 244 3 404 2 179 1
29 8 20 10 1 315 1 232 1 381 1 380 1 231 1 376 1 249 1 188 1 214 1 195 1 189 1 9 1 18 1 29 1 20 1 23 1 44 1 45 1 199 1
31 9 7 5 2 10 1 65 1 342 1 253 3 25 1 198 1
//IdTournes NbColis
3 6
//IdColis IdCommandeInColis NbProducts IdProd1 QtyProd1 IdProd2 QtyProd2 ...
36 10 9 10 1 59 1 211 3 377 1 404 2 375 1 253 2 26 1 179 1
281 63 10 10 1 59 1 213 3 377 1 443 2 375 1 220 1 454 1 217 1 229 1
325 75 14 10 1 377 1 213 2 375 1 443 1 315 1 358 2 231 1 200 1 188 1 396 1 195 1 401 1 9 1
40 11 7 57 1 73 1 520 1 13 2 288 3 244 1 9 1
47 12 10 75 1 12 1 78 1 211 3 432 1 377 1 375 1 220 1 398 1 3 1
269 60 10 524 1 527 1 213 3 377 1 375 1 443 2 224 1 198 1 232 1 399 1
//IdTournes NbColis
4 6
//IdColis IdCommandeInColis NbProducts IdProd1 QtyProd1 IdProd2 QtyProd2 ...
354 84 14 520 1 98 1 521 1 377 1 213 1 375 1 443 1 315 1 188 1 380 1 231 1 376 1 249 1 523 1
356 85 19 524 1 528 1 315 1 232 1 337 1 529 1 488 1 380 1 195 1 8 1 9 1 18 1 29 1 20 1 51 1 47 2 52 1 274 1 305 1
51 13 7 81 1 80 1 84 1 288 1 413 2 416 1 244 3
58 14 9 5 1 85 1 180 1 211 3 404 2 377 1 413 1 375 1 420 1
8 2 23 367 1 345 1 230 1 411 2 374 1 412 1 177 1 15 1 22 1 267 1 291 3 17 1 589 1 219 1 185 4 458 1 491 1 338 1 293 2 199 2 16 1 447 1 21 1
67 15 29 272 1 230 1 386 1 411 2 374 1 412 1 177 1 22 3 291 1 414 1 94 1 610 1 436 1 93 1 233 2 240 1 228 2 172 1 173 1 243 1 293 1 290 1 171 1 96 1 178 2 181 1 170 1 209 1 360 1
//IdTournes NbColis
5 6
//IdColis IdCommandeInColis NbProducts IdProd1 QtyProd1 IdProd2 QtyProd2 ...
19 5 20 391 2 231 1 474 2 226 1 484 1 9 1 18 1 29 1 20 2 46 2 51 1 53 1 44 1 45 1 47 2 49 1 50 2 52 2 33 1 48 1
71 16 21 189 2 473 1 399 2 31 1 481 1 281 1 162 1 164 1 373 1 340 1 95 1 9 2 29 1 143 1 417 2 97 1 101 1 3 1 7 2 100 2 104 1
78 17 17 20 1 417 2 106 1 53 3 32 2 3 1 7 2 19 2 30 2 587 3 163 1 161 3 345 1 411 2 374 1 412 1 230 3
85 18 13 399 6 479 1 285 2 373 1 428 2 452 1 284 1 9 2 95 2 287 1 53 1 51 4 46 2
180 38 24 226 1 532 1 373 1 9 2 29 1 530 1 257 1 53 1 3 1 7 1 19 2 30 2 32 1 161 2 411 1 374 1 412 1 79 2 531 1 255 1 258 2 186 2 256 1 237 1
216 46 28 20 1 101 1 3 1 7 1 30 2 32 1 33 1 212 2 176 2 317 1 411 1 374 1 412 1 38 1 500 1 6 1 255 1 169 1 314 1 371 1 228 1 313 2 241 1 184 1 199 1 35 1 187 1 360 4
//IdTournes NbColis
6 6
//IdColis IdCommandeInColis NbProducts IdProd1 QtyProd1 IdProd2 QtyProd2 ...
64 15 8 92 1 89 1 244 3 180 1 404 2 413 2 420 1 167 1
237 52 10 92 1 244 3 180 1 413 2 404 2 416 1 420 1 167 1 198 1 3 1
92 19 31 383 1 456 1 186 1 326 2 278 1 329 1 169 1 330 2 335 2 210 1 256 1 409 1 458 1 515 1 328 1 293 2 384 1 199 1 184 1 333 1 331 1 327 1 209 1 379 3 449 1 118 1 108 1 110 3 37 1 496 1 121 1
96 20 28 197 2 212 2 411 1 374 1 412 1 48 1 128 1 514 1 255 1 186 1 515 1 228 1 239 2 499 1 241 1 501 2 184 1 203 1 24 1 360 1 209 1 361 1 187 1 129 1 126 1 34 1 118 1 611 1
307 70 23 23 1 459 3 533 1 3 1 7 1 45 1 52 2 33 1 193 1 176 2 212 2 317 1 230 2 411 1 374 1 255 1 191 1 499 2 384 1 184 1 534 1 209 1 187 3
20 5 23 63 1 212 2 176 2 197 1 317 1 411 1 374 1 412 1 429 1 255 1 228 1 501 1 199 1 184 1 309 2 41 1 42 1 24 1 209 1 187 1 453 1 37 1 40 1
//IdTournes NbColis
7 6
//IdColis IdCommandeInColis NbProducts IdProd1 QtyProd1 IdProd2 QtyProd2 ...
39 10 13 359 1 371 1 228 1 476 1 501 1 199 1 184 2 42 1 24 1 209 1 360 1 70 1 69 1
98 21 9 5 1 132 1 280 1 211 3 377 1 404 2 375 2 315 1 103 1
101 21 25 587 1 621 1 176 2 212 2 230 2 411 2 374 1 412 1 177 1 291 1 168 4 173 1 293 1 419 1 96 3 42 1 209 1 453 2 131 1 130 1 133 1 72 1 37 1 516 1 69 2
267 59 31 32 1 317 1 367 1 161 2 411 1 374 1 412 1 48 1 542 1 332 1 397 1 366 1 350 1 186 2 228 1 270 1 471 1 184 1 283 1 534 1 42 1 540 1 537 1 24 1 209 2 467 2 360 2 536 1 110 1 539 2 541 1
305 70 8 5 1 136 1 132 1 213 3 377 1 375 1 443 2 167 1
340 79 11 228 1 173 1 501 1 199 1 184 1 42 1 111 1 209 1 187 1 360 2 72 1
//IdTournes NbColis
8 6
//IdColis IdCommandeInColis NbProducts IdProd1 QtyProd1 IdProd2 QtyProd2 ...
342 80 19 224 1 201 1 434 1 259 2 179 1 396 1 410 2 188 1 175 2 226 1 399 1 475 1 403 1 9 1 29 1 3 1 7 1 19 1 42 1
3 1 25 406 1 347 1 373 1 8 1 9 1 18 1 29 1 20 1 1 3 3 1 7 1 19 1 30 2 193 1 176 2 197 1 212 2 317 1 411 1 374 1 38 1 48 1 6 1 168 2 553 1
304 69 18 63 1 192 1 193 1 388 2 183 2 374 1 82 1 227 1 397 1 168 1 235 1 219 1 456 1 186 1 191 1 209 1 453 1 544 1
7 2 22 164 1 428 3 264 1 340 1 403 1 8 1 9 2 18 1 20 2 29 1 287 1 14 1 11 1 3 1 7 1 19 1 32 1 30 2 163 2 339 1 161 2 445 1
12 3 27 29 1 20 1 11 1 3 1 7 1 30 2 32 1 33 1 161 2 230 1 411 1 374 1 412 1 227 1 397 1 240 2 235 1 219 1 185 2 186 1 228 1 476 1 293 2 290 1 482 2 199 1 28 1
66 15 19 435 1 164 1 373 1 8 1 9 2 18 1 91 1 20 2 29 1 287 1 90 1 11 5 3 1 7 2 32 2 33 2 30 2 161 2 181 1
//IdTournes NbColis
9 6
//IdColis IdCommandeInColis NbProducts IdProd1 QtyProd1 IdProd2 QtyProd2 ...
266 59 19 188 1 396 1 410 2 465 2 226 1 479 2 428 1 370 1 9 1 95 1 368 1 538 1 3 1 7 1 19 1 30 2 47 2 11 2 50 2
11 3 20 25 1 26 1 394 1 229 1 390 1 179 1 188 1 396 1 391 2 474 1 175 1 189 1 473 1 31 1 285 1 487 1 23 1 9 1 18 1 24 1
27 7 26 403 1 9 1 18 1 29 1 20 2 3 1 7 1 45 1 50 2 161 2 317 1 411 1 374 1 412 1 48 1 255 1 186 2 228 1 293 3 241 1 199 1 292 1 184 1 24 1 209 1 360 1
49 12 29 7 1 30 1 47 2 50 2 32 1 33 1 176 2 212 2 230 1 411 1 374 1 412 1 76 1 48 1 79 1 225 1 397 1 168 1 219 1 255 1 41 1 616 1 24 1 581 1 209 1 72 2 615 1 37 1 61 1
56 13 27 255 1 185 2 438 1 350 1 468 1 186 3 335 2 371 1 326 1 338 1 268 2 290 2 305 2 471 1 172 1 173 1 236 2 283 2 178 1 181 1 24 1 609 1 170 1 209 1 431 1 360 2 37 1
87 18 23 240 1 468 2 239 1 476 2 241 1 172 1 293 2 290 2 305 2 236 1 283 1 96 1 178 2 111 1 181 1 24 2 170 1 209 1 110 1 40 3 115 1 116 1 585 1
//IdTournes NbColis
10 6
//IdColis IdCommandeInColis NbProducts IdProd1 QtyProd1 IdProd2 QtyProd2 ...
106 22 10 371 1 184 1 462 1 96 1 35 1 24 1 209 1 187 1 360 1 453 1
109 23 22 193 1 197 1 212 2 183 2 317 1 411 1 374 1 48 1 168 1 450 1 456 1 191 1 384 1 199 1 184 1 24 1 209 1 187 1 360 1 131 1 138 1 496 1
117 24 7 462 3 41 2 24 1 360 1 449 1 453 3 139 1
119 25 12 141 1 119 1 140 1 198 1 201 1 232 1 188 1 200 2 396 1 358 3 231 1 24 1
123 26 12 167 1 217 1 229 1 232 3 448 1 249 1 188 2 200 1 231 1 376 2 380 4 24 1
130 27 17 228 1 172 1 290 1 305 1 199 1 292 1 184 1 171 1 96 1 146 1 178 2 181 1 24 1 170 1 467 2 360 1 40 1
//IdTournes NbColis
11 6
//IdColis IdCommandeInColis NbProducts IdProd1 QtyProd1 IdProd2 QtyProd2 ...
178 37 8 456 1 216 1 237 1 173 1 24 1 209 1 453 1 553 1
198 42 12 5 1 213 3 377 1 375 1 443 1 273 1 220 1 454 1 217 1 229 1 232 1 24 1
234 51 20 188 1 396 1 358 3 231 1 195 1 189 1 469 1 353 3 8 1 9 1 18 1 29 1 20 1 44 1 45 1 47 2 50 2 52 1 33 1 24 1
262 58 20 365 1 179 1 188 1 396 1 391 2 474 2 226 1 399 1 475 1 23 1 9 1 18 1 29 1 20 2 459 1 51 1 7 1 30 2 47 2 24 1
274 61 18 249 1 378 1 380 4 231 1 376 2 214 2 195 1 182 1 265 1 452 1 460 1 461 1 9 1 18 1 29 1 20 1 23 1 24 1
289 65 20 33 1 192 1 193 1 190 2 183 3 374 1 230 1 551 1 48 1 227 1 397 1 168 2 219 1 191 1 35 1 548 1 24 1 209 1 453 1 549 1
//IdTournes NbColis
12 6
//IdColis IdCommandeInColis NbProducts IdProd1 QtyProd1 IdProd2 QtyProd2 ...
324 74 7 456 1 186 1 191 1 309 1 24 1 209 1 453 1
349 82 26 20 1 44 1 45 1 47 2 49 1 74 2 52 2 33 1 63 1 176 2 212 2 317 1 230 1 411 1 412 1 374 1 36 1 48 1 514 1 267 1 185 1 510 1 292 1 24 1 187 1 40 2
357 85 9 48 1 430 1 186 1 199 1 184 1 24 1 379 1 187 1 209 1
155 33 9 58 1 54 1 377 1 213 3 375 1 443 1 224 2 220 1 222 1
179 38 12 54 1 244 2 413 1 416 1 404 2 434 1 259 2 179 1 396 1 474 2 188 1 181 1
273 61 11 54 1 213 3 377 1 375 1 443 2 502 1 253 1 316 1 232 1 254 1 439 1
//IdTournes NbColis
13 6
//IdColis IdCommandeInColis NbProducts IdProd1 QtyProd1 IdProd2 QtyProd2 ...
319 73 29 189 1 393 1 285 1 395 1 9 1 18 1 29 1 20 1 23 1 558 1 44 1 45 1 52 1 33 1 63 1 161 2 411 1 374 1 412 1 559 1 397 1 219 1 346 1 186 1 111 1 204 1 209 1 453 1 560 1
351 83 16 561 1 425 1 377 1 213 1 375 1 443 1 315 1 198 1 232 1 250 1 427 1 248 1 424 1 426 1 506 1 171 1
111 24 8 57 1 58 1 5 1 577 1 280 1 211 3 404 1 408 1
225 49 11 5 1 57 1 485 1 217 1 198 1 229 1 232 2 464 2 179 1 188 1 312 1
314 72 10 57 1 211 3 377 1 404 2 375 1 205 1 198 2 390 1 448 1 175 1
202 43 9 566 1 113 1 244 3 404 2 413 1 416 1 198 1 259 2 245 1
//IdTournes NbColis
14 6
//IdColis IdCommandeInColis NbProducts IdProd1 QtyProd1 IdProd2 QtyProd2 ...
135 28 22 298 2 86 1 32 2 3 1 7 2 55 1 30 2 33 2 272 1 274 1 176 2 212 2 411 2 374 1 412 1 177 1 154 2 512 1 153 1 296 1 168 2 185 1
240 52 16 414 2 153 1 221 1 240 1 219 2 185 2 478 2 186 2 371 2 491 1 173 1 243 1 293 1 290 5 209 1 37 1
165 35 20 411 1 374 1 412 1 177 1 569 2 291 1 414 4 240 1 185 3 366 1 468 3 238 2 237 1 239 2 499 2 241 2 172 1 173 1 243 1 293 4
328 76 24 188 1 396 1 358 2 231 1 226 1 189 1 9 1 18 1 29 1 20 1 23 1 143 1 44 1 45 1 60 1 52 1 568 1 33 1 63 1 176 2 212 2 411 1 374 1 230 1
147 31 10 570 1 211 3 377 1 375 1 443 2 205 1 232 1 208 1 200 2 188 1
69 16 11 98 1 244 2 180 1 404 2 413 2 416 1 315 1 420 1 25 1 167 1 179 1
//IdTournes NbColis
15 6
//IdColis IdCommandeInColis NbProducts IdProd1 QtyProd1 IdProd2 QtyProd2 ...
89 19 8 5 1 119 1 98 1 377 1 213 3 375 1 443 2 249 1
223 48 29 9 1 18 1 29 1 20 1 574 1 3 1 7 1 55 1 30 1 32 1 33 1 193 1 163 1 176 2 212 2 411 1 230 1 76 1 225 2 227 1 397 1 235 1 219 1 468 1 216 1 186 1 228 1 209 1 360 1
243 53 28 214 1 195 1 484 1 401 1 29 1 202 1 7 1 45 1 52 1 33 1 3 1 183 2 317 1 190 2 192 1 193 1 197 1 374 1 160 1 154 1 185 1 450 2 456 1 510 1 191 1 173 1 290 2 99 1
82 18 7 112 1 113 1 520 1 114 1 244 3 180 1 432 2
15 4 18 198 1 250 1 200 2 188 1 396 1 358 2 231 1 214 2 195 1 484 2 9 1 18 1 29 1 20 2 3 1 7 1 30 1 184 1
16 4 27 30 1 32 1 33 1 272 1 176 2 197 3 212 2 317 1 411 1 374 1 412 1 36 2 38 1 218 1 6 1 255 1 456 1 238 1 203 2 39 1 35 1 331 1 209 1 360 1 34 1 37 1 40 2
//IdTournes NbColis
16 6
//IdColis IdCommandeInColis NbProducts IdProd1 QtyProd1 IdProd2 QtyProd2 ...
33 9 26 9 1 18 1 29 1 20 2 23 1 257 1 3 1 7 1 32 1 33 1 52 2 193 1 176 2 212 2 317 1 411 1 374 1 592 1 215 1 344 1 466 3 618 1 436 1 343 1 255 1 66 1
38 10 25 20 1 51 1 3 1 67 1 45 1 47 2 50 2 52 2 63 1 33 1 317 1 176 2 197 1 212 2 230 1 411 1 374 1 412 1 48 1 174 2 218 1 466 2 614 1 468 1 238 1
44 11 22 29 1 143 1 3 1 7 1 74 3 32 1 19 2 30 2 176 2 161 2 230 1 411 2 374 1 412 1 177 1 71 1 174 1 291 1 414 1 240 1 185 5 490 1
45 11 12 366 3 173 1 293 2 290 6 419 1 171 1 178 2 181 2 170 1 34 3 72 1 490 1
54 13 16 175 3 226 1 399 3 277 1 269 1 302 1 435 3 265 1 348 1 373 1 415 1 9 2 95 2 417 2 459 1 3 1
60 14 20 166 1 469 1 511 2 162 1 164 1 373 1 415 2 8 1 9 2 18 1 29 2 20 2 492 1 86 1 46 1 88 1 33 2 3 1 7 2 52 2
//IdTournes NbColis
17 6
//IdColis IdCommandeInColis NbProducts IdProd1 QtyProd1 IdProd2 QtyProd2 ...
86 18 21 46 1 3 1 7 2 19 2 30 3 47 2 50 2 32 2 161 2 272 1 274 1 374 1 411 2 412 1 36 1 177 1 102 1 48 3 291 1 286 1 117 1
94 20 13 12 1 113 1 127 1 125 1 232 1 337 1 381 1 231 1 200 2 188 1 396 1 358 1 484 1
95 20 22 358 1 214 2 465 2 399 1 8 1 9 1 18 1 29 1 20 2 257 1 51 1 3 1 7 1 19 1 30 2 47 2 590 1 32 1 317 1 176 2 197 1 360 1
100 21 19 474 3 226 1 312 1 402 1 399 1 276 1 164 1 428 2 9 1 18 1 29 1 20 2 234 2 134 1 3 1 7 1 19 2 30 2 135 1
115 24 21 134 1 607 1 3 1 7 2 50 2 19 2 30 2 47 2 32 2 272 1 301 1 176 2 212 2 230 1 411 2 374 1 412 1 177 1 554 2 48 2 173 1
120 25 26 182 1 195 1 189 1 484 1 23 1 9 1 18 1 29 1 20 1 51 1 33 1 7 1 45 1 47 2 142 1 3 1 52 1 183 2 190 2 192 1 193 1 194 1 197 1 374 1 68 1 103 1
//IdTournes NbColis
18 6
//IdColis IdCommandeInColis NbProducts IdProd1 QtyProd1 IdProd2 QtyProd2 ...
124 26 22 380 1 465 1 195 1 372 1 164 1 144 1 8 1 9 1 18 1 29 1 20 2 143 1 202 2 51 1 33 1 7 1 30 2 47 2 142 2 50 2 32 1 3 1
128 27 20 289 1 179 1 188 1 396 1 391 2 474 2 175 2 226 1 31 1 276 1 373 1 9 1 18 1 29 1 20 2 148 1 51 1 565 1 3 1 181 1
138 29 9 156 1 43 1 280 1 211 3 377 1 404 2 375 2 485 1 168 1
141 29 23 3 1 7 1 19 1 30 2 158 1 272 1 176 2 197 3 161 2 345 1 230 2 412 1 411 2 374 1 38 1 177 1 68 1 79 2 159 1 174 1 291 2 6 1 422 1
142 29 14 278 1 169 1 260 4 239 3 172 1 419 1 199 1 171 1 178 2 206 1 181 1 360 1 157 1 34 1
145 30 24 358 1 231 1 214 2 195 1 189 1 484 1 435 1 8 1 9 1 18 1 29 1 20 1 32 1 33 1 3 1 7 1 52 1 192 1 193 1 190 2 183 2 374 1 225 1 160 1
//IdTournes NbColis
19 6
//IdColis IdCommandeInColis NbProducts IdProd1 QtyProd1 IdProd2 QtyProd2 ...
149 31 26 573 2 3 1 193 1 176 2 197 1 212 2 317 1 411 1 374 1 225 1 6 1 571 1 185 3 165 1 210 3 172 1 501 1 184 1 203 1 171 1 572 1 207 2 206 2 170 1 204 1 209 1
157 33 33 3 1 7 1 30 1 556 1 32 1 33 1 193 1 176 2 212 2 411 1 374 1 227 1 397 1 555 1 221 1 168 1 223 1 219 1 165 1 186 1 470 1 458 1 191 1 172 1 309 1 171 1 486 1 207 1 206 1 170 1 209 1 400 1 553 1
164 35 17 164 3 373 1 9 2 18 1 29 2 20 2 202 2 134 2 567 1 97 1 7 2 30 2 32 2 33 2 3 1 161 2 411 1
171 36 23 373 1 9 1 18 1 29 1 20 1 530 1 7 2 19 2 3 1 30 2 32 2 176 2 197 1 161 2 230 1 411 2 374 1 412 1 177 1 38 1 584 1 48 1 79 2
184 39 24 7 1 3 1 30 2 32 1 33 1 161 2 317 1 367 2 411 1 374 1 412 1 230 3 291 1 245 2 240 2 255 1 185 2 366 2 350 1 383 1 169 1 228 1 476 2 172 1
189 40 18 19 1 30 2 3 1 32 1 161 2 272 2 274 3 176 2 197 3 317 1 230 2 411 1 374 1 412 1 554 1 430 5 466 2 185 1
//IdTournes NbColis
20 6
//IdColis IdCommandeInColis NbProducts IdProd1 QtyProd1 IdProd2 QtyProd2 ...
195 41 22 47 2 50 2 52 2 32 2 3 1 33 2 161 3 367 2 345 2 411 2 374 1 412 1 48 1 6 1 397 1 227 1 512 1 240 1 255 1 366 2 478 1 178 1
200 42 27 7 1 45 1 47 2 50 2 52 1 33 1 3 1 190 2 192 1 193 1 183 2 230 1 374 1 48 1 514 1 304 1 6 1 227 1 397 1 245 1 168 1 219 1 216 1 186 1 209 1 360 1 379 1
203 43 21 179 1 188 1 396 1 410 2 175 1 226 1 475 1 303 1 307 3 9 1 18 1 29 1 530 2 567 1 3 1 7 1 19 1 30 2 32 1 161 1 169 1
204 43 24 161 1 411 1 374 1 412 1 317 1 38 1 559 1 210 1 228 1 476 2 305 1 173 1 306 2 290 3 199 1 309 3 462 2 184 1 96 1 209 1 360 1 149 1 37 2 34 1
207 44 27 265 1 18 1 29 1 20 1 23 1 459 1 7 1 3 1 45 1 47 2 52 1 33 1 212 2 193 1 176 2 411 1 374 1 227 1 397 1 185 3 219 1 456 1 186 1 216 1 228 1 309 1 209 1
211 45 22 312 2 164 1 594 1 403 2 8 1 9 1 18 1 29 1 20 2 234 1 300 1 503 2 459 1 595 1 51 3 597 1 7 1 45 1 3 1 52 2 33 1 209 1
//IdTournes NbColis
21 6
//IdColis IdCommandeInColis NbProducts IdProd1 QtyProd1 IdProd2 QtyProd2 ...
227 49 24 347 1 348 1 8 1 9 1 18 1 29 1 20 1 565 2 3 1 7 1 19 1 30 2 32 1 345 1 176 3 197 1 336 1 212 3 374 1 412 1 411 2 48 1 227 1 209 1
228 49 18 227 1 397 1 219 1 321 1 185 4 255 1 456 1 346 1 186 1 371 1 313 2 290 3 471 1 187 1 360 1 449 1 400 1 34 2
231 50 27 588 1 30 2 3 1 590 1 32 1 33 1 176 2 212 2 411 1 374 1 412 1 76 1 215 1 227 1 397 1 589 1 117 1 350 3 219 1 185 2 456 1 346 1 330 2 335 1 228 1 96 1 453 1
247 54 18 391 2 358 3 231 1 214 1 226 1 402 2 164 1 403 1 9 1 18 1 29 1 20 2 7 1 3 1 19 1 30 2 32 1 176 2
252 55 22 175 1 226 1 423 1 357 1 275 1 269 1 310 1 285 2 348 1 9 1 18 1 29 1 20 2 583 1 7 1 3 1 30 1 526 3 52 1 32 1 33 1 176 2
256 56 29 29 1 20 1 23 1 7 1 30 1 3 1 32 1 33 1 587 1 192 1 193 1 194 1 183 2 190 2 374 1 291 1 233 1 515 1 191 1 290 1 305 2 384 1 199 1 184 1 41 1 66 1 379 1 187 1 586 1
//IdTournes NbColis
22 6
//IdColis IdCommandeInColis NbProducts IdProd1 QtyProd1 IdProd2 QtyProd2 ...
258 57 12 213 2 375 1 443 2 377 1 576 1 200 2 396 1 358 2 231 1 188 1 195 3 3 1
260 57 12 364 1 422 1 456 1 169 1 191 1 384 1 242 1 199 1 184 3 187 1 34 1 62 2
263 58 29 50 2 3 1 32 1 33 1 317 1 301 1 176 2 197 1 212 2 411 1 374 1 412 1 68 1 48 1 267 2 500 1 286 1 233 1 263 1 169 1 326 1 228 1 293 1 290 1 501 1 199 1 184 2 360 1 453 1
271 60 27 23 1 3 1 7 1 19 1 30 2 526 1 32 1 192 1 193 1 194 1 190 2 183 2 374 1 38 1 6 1 196 1 456 1 371 2 359 1 515 1 173 1 184 1 295 1 525 1 187 1 209 1 360 1
293 66 16 3 1 52 1 33 1 192 1 193 1 190 2 183 2 374 1 227 1 397 1 168 1 219 1 186 1 191 1 209 1 453 1
295 67 25 195 1 484 1 265 1 9 1 18 1 29 1 20 2 23 1 368 1 7 1 3 1 19 1 30 2 32 1 192 1 193 1 194 1 197 1 190 2 183 2 374 1 542 1 185 2 456 1 169 1
//IdTournes NbColis
23 6
//IdColis IdCommandeInColis NbProducts IdProd1 QtyProd1 IdProd2 QtyProd2 ...
298 68 18 358 2 231 1 396 1 214 2 465 3 195 1 399 1 484 1 265 2 415 1 8 1 9 1 18 1 29 1 20 2 579 1 3 1 48 1
300 68 15 169 2 191 1 290 3 313 1 199 1 292 1 184 1 209 1 361 2 360 4 578 1 37 1 34 1 40 3 385 1
311 71 24 20 1 23 1 492 1 7 1 3 1 30 2 32 1 33 1 193 1 176 2 197 2 212 2 317 1 411 1 374 1 36 1 168 1 255 1 185 3 450 3 456 1 169 1 239 2 191 1
316 72 30 20 1 23 1 7 1 19 1 30 1 32 1 3 1 176 1 197 2 212 2 317 1 411 1 374 1 412 1 103 1 291 1 563 1 255 1 468 2 450 1 169 1 515 1 501 1 199 1 184 1 35 1 96 2 467 1 360 1 564 1
321 74 10 156 1 213 3 375 1 377 1 443 2 220 1 398 1 217 1 229 1 232 1
331 77 18 217 1 229 1 232 2 200 2 188 1 396 1 358 2 231 1 465 1 195 1 189 1 8 1 9 1 18 1 29 1 20 1 3 1 7 1
//IdTournes NbColis
24 6
//IdColis IdCommandeInColis NbProducts IdProd1 QtyProd1 IdProd2 QtyProd2 ...
335 78 21 232 1 200 2 188 1 396 1 358 2 231 1 214 1 226 1 189 1 406 1 265 1 395 1 9 1 18 1 29 1 20 1 23 1 7 1 3 1 52 1 32 1
339 79 27 226 1 399 1 484 1 9 1 18 1 29 1 20 2 3 1 7 1 19 1 30 1 142 1 32 1 339 1 176 2 212 2 317 1 411 1 374 1 412 1 38 1 225 1 466 1 6 1 405 1 543 1 169 1
346 81 22 410 2 188 1 226 1 399 1 475 1 354 1 406 1 487 2 9 2 95 1 19 1 3 1 30 2 32 1 367 1 345 1 161 2 317 1 230 1 411 1 374 1 412 1
355 84 21 8 1 9 1 18 1 29 1 20 1 3 1 7 1 52 1 32 1 33 1 183 1 374 1 190 1 192 1 193 1 169 1 384 1 184 1 129 1 139 1 522 1
127 27 10 5 1 145 1 244 3 404 2 413 1 416 1 253 1 140 1 232 1 291 1
214 46 10 13 1 280 1 211 3 377 1 404 2 375 1 253 1 315 1 316 1 464 2
//IdTournes NbColis
25 6
//IdColis IdCommandeInColis NbProducts IdProd1 QtyProd1 IdProd2 QtyProd2 ...
294 67 12 13 1 213 2 375 1 443 2 377 1 217 1 232 1 200 2 396 1 358 2 231 1 188 1
55 13 24 46 1 51 1 67 1 7 1 19 2 50 2 550 1 47 2 60 1 32 1 30 2 161 3 411 2 374 1 412 1 345 1 82 1 83 1 48 2 414 1 430 1 397 1 483 1 343 1
168 36 9 520 1 43 2 247 1 211 3 180 1 377 1 404 2 375 1 353 1
345 81 13 43 1 244 2 404 2 413 1 485 1 416 1 198 1 381 1 390 1 259 2 179 1 396 1 7 1
341 80 9 5 1 113 1 535 1 244 3 413 1 404 2 416 1 502 1 37 1
24 6 18 212 2 411 1 374 1 412 1 48 1 225 1 227 1 397 1 219 1 450 1 456 1 216 1 292 1 41 1 35 1 449 1 619 1 37 1
//IdTournes NbColis
26 6
//IdColis IdCommandeInColis NbProducts IdProd1 QtyProd1 IdProd2 QtyProd2 ...
190 40 16 185 2 366 1 450 2 270 2 172 1 292 2 184 2 199 1 171 1 35 1 178 2 181 2 170 1 209 1 467 1 453 1
212 45 22 190 2 272 1 192 2 193 1 183 2 374 1 177 1 596 1 174 1 291 1 589 1 296 1 235 2 515 1 173 1 293 1 419 1 290 2 184 1 35 1 431 1 379 2
329 76 9 412 1 397 1 168 1 219 1 456 1 515 1 290 1 35 1 209 1
162 35 12 244 2 180 1 404 2 413 2 416 1 315 1 420 1 25 1 198 1 394 1 434 1 259 1
169 36 16 375 1 315 1 420 1 25 1 167 1 198 1 316 1 394 1 229 1 232 1 446 1 248 1 426 1 246 2 179 1 9 1
318 73 15 535 1 485 1 392 1 394 1 229 1 381 1 557 1 391 2 179 1 188 1 396 1 474 2 175 2 226 1 227 1
//IdTournes NbColis
27 6
//IdColis IdCommandeInColis NbProducts IdProd1 QtyProd1 IdProd2 QtyProd2 ...
122 26 9 5 1 280 1 377 1 213 3 375 2 443 2 253 1 315 1 420 1
245 54 9 5 1 280 1 211 3 404 2 377 1 375 2 420 1 167 1 217 1
250 55 7 5 1 211 4 377 1 404 3 375 2 220 1 167 1
261 58 10 5 1 288 1 211 3 404 2 377 1 375 1 229 1 232 2 381 1 209 1
265 59 9 58 1 244 3 369 1 404 2 413 1 434 2 509 1 259 2 179 1
297 68 9 5 1 577 1 377 1 213 3 443 2 375 1 232 1 200 2 188 1
//IdTournes NbColis
28 6
//IdColis IdCommandeInColis NbProducts IdProd1 QtyProd1 IdProd2 QtyProd2 ...
334 78 11 5 1 211 3 377 1 404 2 375 1 220 1 398 1 217 1 229 1 232 1 591 1
75 17 11 253 3 105 1 198 1 394 1 229 1 434 1 266 2 259 3 179 1 410 3 270 1
209 45 10 59 1 280 1 213 3 375 2 443 2 377 1 420 1 315 1 167 1 217 1
277 62 12 59 1 213 3 432 1 377 1 375 1 485 1 443 1 220 1 454 1 217 1 229 1 232 1
309 71 10 59 1 377 1 211 3 375 1 443 2 167 2 232 1 389 2 504 1 200 1
116 24 17 608 3 174 1 291 1 6 1 512 1 168 1 185 3 495 1 186 3 335 3 409 3 256 2 494 2 491 3 293 5 290 3 462 1
//IdTournes NbColis
29 6
//IdColis IdCommandeInColis NbProducts IdProd1 QtyProd1 IdProd2 QtyProd2 ...
347 81 12 466 2 512 1 255 1 169 1 313 1 290 1 199 1 582 1 209 1 360 1 549 2 516 1
103 22 8 136 1 137 1 211 3 377 1 404 2 375 1 502 2 255 1
222 48 13 136 1 229 1 232 2 217 1 200 2 188 1 358 2 231 1 396 1 214 2 195 1 285 1 340 1
23 6 23 188 1 396 1 391 2 474 1 226 1 189 1 8 1 9 1 18 1 29 1 20 1 56 1 51 2 44 1 55 1 45 1 47 2 33 1 63 1 52 1 230 1 176 2 332 1
91 19 25 565 1 44 1 120 1 45 1 613 1 33 1 63 1 52 2 190 2 192 1 193 1 194 1 336 1 183 3 374 1 332 1 430 4 614 1 123 1 124 1 296 1 252 2 223 1 196 1 334 1
105 22 26 322 1 18 1 29 1 20 2 51 1 33 1 63 1 44 1 45 1 47 2 50 2 52 1 212 2 317 1 176 2 197 1 445 1 230 1 411 1 374 1 412 1 48 1 321 1 185 1 169 1 371 1
//IdTournes NbColis
30 6
//IdColis IdCommandeInColis NbProducts IdProd1 QtyProd1 IdProd2 QtyProd2 ...
108 23 21 358 1 231 1 214 2 195 1 319 1 472 1 484 1 428 1 23 1 9 1 18 1 29 1 20 2 51 1 33 1 63 1 44 1 45 1 47 2 50 2 52 2
153 32 23 44 1 45 1 52 1 33 1 63 1 183 2 192 1 193 1 212 2 230 1 374 1 215 1 218 1 227 1 397 1 168 2 219 1 185 1 456 1 165 3 216 1 515 1 453 1
160 34 30 44 1 45 1 47 2 604 1 49 1 52 1 33 1 63 1 230 1 176 2 212 2 411 1 374 1 412 1 15 1 48 1 225 1 227 1 397 1 233 1 235 1 219 1 450 1 165 1 216 1 228 1 203 1 41 1 209 1 72 1
177 37 26 20 1 90 2 63 1 44 1 45 1 47 2 49 1 50 2 52 1 33 1 190 2 192 1 193 1 230 1 183 2 374 1 83 1 554 1 48 1 364 1 227 1 397 1 168 1 252 2 235 1 219 1
219 47 21 323 1 605 1 249 1 378 1 380 3 231 1 376 2 195 1 18 1 29 1 20 1 23 1 9 1 300 1 60 1 44 1 52 1 33 1 63 1 45 1 193 1
275 61 27 234 2 51 1 44 1 45 1 47 2 50 2 52 1 33 1 63 1 192 1 193 1 194 1 190 2 183 3 374 1 48 1 168 1 450 1 169 1 515 1 191 1 184 1 209 1 187 2 379 1 104 1 69 1
//IdTournes NbColis
31 6
//IdColis IdCommandeInColis NbProducts IdProd1 QtyProd1 IdProd2 QtyProd2 ...
279 62 28 63 1 44 1 192 1 193 1 190 1 212 1 183 2 230 1 374 1 599 1 602 1 227 1 397 1 296 1 168 2 196 1 235 1 219 1 186 1 330 2 335 1 458 1 270 1 191 1 462 1 463 1 209 2 361 1
283 63 24 423 2 372 2 373 1 9 1 18 1 29 1 20 1 23 1 44 1 45 1 52 1 33 1 63 1 192 1 193 1 190 2 183 3 374 1 230 1 518 2 227 1 397 1 168 1 133 1
286 64 16 257 1 44 1 52 1 45 1 33 1 63 1 374 1 192 1 190 1 193 1 183 2 172 1 207 1 206 1 170 1 209 1
288 65 20 380 4 231 1 376 2 195 1 370 1 23 1 9 1 18 1 29 1 20 1 51 1 63 1 44 1 45 1 550 1 47 2 552 1 60 1 50 2 52 1
303 69 20 455 1 249 1 378 1 380 2 231 1 376 2 214 2 195 1 189 1 285 1 9 1 18 1 29 1 20 1 23 1 44 1 45 1 49 1 52 1 33 1
323 74 28 298 1 106 1 51 1 63 1 44 1 45 1 47 2 547 1 50 2 52 1 33 1 212 2 193 1 230 1 411 1 374 1 176 2 546 1 48 1 225 1 466 1 227 1 397 1 168 1 219 1 185 1 233 1 235 1
//IdTournes NbColis
32 6
//IdColis IdCommandeInColis NbProducts IdProd1 QtyProd1 IdProd2 QtyProd2 ...
326 75 21 18 1 29 1 20 1 23 1 56 1 44 1 45 1 49 1 52 1 33 1 63 1 212 1 183 1 192 1 230 1 374 1 193 1 519 1 173 1 184 1 400 1
358 86 24 213 1 377 1 464 1 231 1 376 1 249 1 188 1 603 1 9 1 18 1 29 1 20 1 23 1 44 1 45 1 49 1 52 1 33 1 63 1 374 1 190 1 192 1 193 1 183 1
129 27 23 7 1 47 2 50 2 74 1 52 2 32 1 33 1 620 1 161 2 176 2 317 1 230 2 411 1 374 1 412 1 38 1 48 1 466 2 414 1 240 3 255 1 468 2 147 1
148 31 21 396 1 358 2 231 1 214 2 195 1 484 1 479 1 451 1 452 2 415 1 8 1 9 1 18 1 29 1 20 1 202 1 7 1 19 1 30 2 32 1 573 1
188 40 15 474 2 175 2 226 1 275 3 276 1 479 2 395 3 373 1 428 2 8 1 9 1 18 1 29 1 20 2 7 1
194 41 16 474 3 179 1 465 2 226 1 399 3 269 1 373 1 353 1 8 1 9 2 18 1 29 2 20 2 51 1 7 2 181 1
//IdTournes NbColis
33 6
//IdColis IdCommandeInColis NbProducts IdProd1 QtyProd1 IdProd2 QtyProd2 ...
230 50 17 351 1 229 1 232 1 217 1 179 1 188 1 396 1 391 2 474 2 214 2 226 1 9 1 18 1 29 1 20 2 23 1 7 1
239 52 21 175 3 465 1 226 1 399 1 354 1 164 1 437 1 395 2 487 1 95 1 7 1 19 1 30 2 32 1 161 2 411 2 374 1 412 1 177 1 159 1 291 1
259 57 22 484 1 348 2 8 1 9 1 18 1 29 1 20 2 7 1 45 1 52 2 33 1 575 1 192 1 193 1 194 1 197 1 183 2 190 2 374 1 159 1 344 3 364 2
292 66 18 232 1 446 2 200 2 188 1 396 1 358 3 231 1 214 1 195 1 9 1 18 1 29 1 20 1 23 1 148 1 51 1 7 1 45 1
299 68 20 7 1 45 1 52 1 33 1 193 1 176 2 197 1 386 1 212 2 317 1 230 1 411 1 374 1 218 2 505 3 196 1 185 4 450 4 186 3 169 2
90 19 19 337 1 232 1 188 1 376 2 380 3 231 1 214 1 195 1 439 1 8 1 9 1 18 1 29 1 20 2 151 1 122 1 287 1 51 1 56 1
//IdTournes NbColis
34 6
//IdColis IdCommandeInColis NbProducts IdProd1 QtyProd1 IdProd2 QtyProd2 ...
134 28 17 396 1 391 3 358 3 231 1 214 1 226 1 418 1 164 1 294 1 151 1 8 1 9 2 18 1 29 2 155 1 20 2 291 1
140 29 19 188 1 396 1 391 3 474 3 175 1 465 1 226 1 277 1 507 1 164 1 8 1 9 1 18 1 29 1 20 2 287 1 32 1 33 1 170 1
152 32 17 217 1 229 1 232 2 446 1 200 1 188 1 396 1 358 3 231 1 214 2 195 1 8 1 9 1 18 1 29 1 20 1 516 1
159 34 19 229 1 232 1 217 1 188 1 231 1 396 1 391 2 474 2 214 2 226 1 189 1 8 1 9 1 18 1 29 1 20 1 234 1 51 1 228 1
199 42 18 232 1 254 1 249 1 200 2 188 1 380 2 358 2 231 1 195 1 399 2 303 1 8 1 9 1 18 1 29 1 20 1 459 1 51 1
215 46 17 232 1 179 1 188 1 396 1 391 2 474 2 214 2 465 2 226 1 435 2 164 1 162 1 8 1 9 1 18 1 29 1 20 1
//IdTournes NbColis
35 6
//IdColis IdCommandeInColis NbProducts IdProd1 QtyProd1 IdProd2 QtyProd2 ...
251 55 13 398 1 337 1 394 1 229 1 355 2 390 1 444 1 179 1 188 2 396 1 391 3 474 3 8 1
34 9 13 185 4 321 3 456 1 169 1 228 1 476 1 199 1 184 1 39 1 28 1 209 1 187 1 64 1
136 28 16 468 1 172 1 173 1 293 1 290 1 419 1 171 1 152 1 41 1 295 1 178 2 206 2 170 1 149 1 150 1 622 1
62 14 13 165 2 169 1 260 1 499 2 172 1 173 1 419 1 290 4 171 1 178 1 181 2 170 1 87 1
73 16 17 243 1 293 1 305 2 482 1 199 1 171 1 96 1 41 1 178 2 181 2 170 1 209 1 467 1 282 1 99 2 37 1 62 1
125 26 19 190 2 301 1 192 2 193 1 183 2 374 1 177 1 48 1 174 1 291 1 168 1 450 2 456 1 173 1 293 1 290 3 419 1 209 1 99 1
//IdTournes NbColis
36 6
//IdColis IdCommandeInColis NbProducts IdProd1 QtyProd1 IdProd2 QtyProd2 ...
185 39 11 290 3 482 1 184 5 171 1 96 1 178 2 181 2 170 1 209 1 467 1 99 1
132 28 9 137 1 280 1 211 3 404 2 377 1 375 2 273 1 253 1 420 1
173 36 9 242 1 462 1 171 1 178 2 181 2 170 1 37 2 539 1 585 1
37 10 17 337 1 201 1 232 1 381 1 188 1 396 1 391 2 474 2 226 1 423 3 399 1 475 1 9 1 18 1 29 1 20 1 68 1
79 17 15 230 2 367 4 107 3 68 1 48 1 267 3 397 3 483 1 261 1 438 2 478 4 255 1 185 4 186 4 40 1
278 62 20 455 1 200 2 188 1 396 1 358 3 231 1 214 1 195 1 189 1 469 1 9 1 18 1 29 1 20 1 23 1 600 1 601 1 45 1 52 1 33 1
//IdTournes NbColis
37 6
//IdColis IdCommandeInColis NbProducts IdProd1 QtyProd1 IdProd2 QtyProd2 ...
332 77 22 45 1 52 1 33 1 176 2 212 2 230 1 411 1 374 1 412 1 218 1 227 1 397 1 168 1 219 1 456 1 216 1 186 1 335 1 228 1 293 1 209 1 453 1
352 83 26 297 1 378 1 421 1 231 1 376 1 380 1 279 1 249 1 428 1 373 1 9 1 18 1 29 1 20 1 23 1 46 1 45 1 52 1 562 1 33 1 63 1 386 1 183 1 374 1 190 1 207 1
43 11 15 391 1 474 3 175 4 226 1 507 1 166 1 469 1 164 1 373 1 428 2 407 3 9 1 18 1 20 2 172 1
48 12 20 217 1 229 1 200 2 188 1 396 1 358 2 231 1 214 1 195 1 189 1 402 1 9 1 18 1 29 1 20 1 257 2 77 1 51 1 617 1 227 1
77 17 14 479 1 262 1 469 3 435 3 265 2 348 1 264 2 353 3 415 4 9 2 18 1 29 2 20 1 209 1
104 22 17 253 1 318 1 320 1 477 1 179 1 188 1 396 1 391 2 474 2 214 1 175 1 226 1 319 1 189 1 475 1 461 2 9 1
//IdTournes NbColis
38 6
//IdColis IdCommandeInColis NbProducts IdProd1 QtyProd1 IdProd2 QtyProd2 ...
114 24 16 474 1 226 1 402 1 275 2 302 1 303 1 164 1 265 2 348 2 284 4 9 2 95 2 300 1 417 1 51 3 134 1
156 33 17 454 1 217 2 229 1 232 1 200 2 188 1 396 1 358 2 231 1 214 1 195 1 349 1 23 1 9 1 18 1 29 1 20 1
176 37 18 232 1 455 1 250 1 446 1 254 1 249 1 378 1 231 1 376 2 380 3 214 1 195 1 23 1 9 1 18 1 29 1 20 1 191 1
183 39 17 259 2 179 1 474 2 396 1 188 1 226 1 423 1 475 1 162 1 428 3 373 1 9 1 18 1 29 1 20 2 459 2 51 2
206 44 16 311 1 229 1 217 1 464 1 232 2 308 1 200 2 188 1 396 1 358 2 231 1 195 1 399 1 303 1 310 1 9 1
238 52 13 394 1 434 2 229 1 493 1 446 1 259 1 179 1 396 1 188 2 391 2 474 3 175 2 9 1
//IdTournes NbColis
39 6
//IdColis IdCommandeInColis NbProducts IdProd1 QtyProd1 IdProd2 QtyProd2 ...
242 53 13 213 2 280 1 375 1 377 1 443 2 232 1 509 1 188 1 200 2 358 2 231 1 396 1 9 1
255 56 17 362 1 363 2 253 1 198 1 222 1 249 1 380 1 231 1 376 2 378 1 214 1 195 1 439 1 395 1 9 1 18 1 209 1
270 60 17 455 1 497 1 446 1 200 2 396 1 358 3 231 1 188 1 214 1 195 1 399 1 484 1 9 2 18 1 29 1 20 2 498 1
285 64 18 213 2 375 1 377 1 443 1 232 1 231 1 376 1 249 1 378 1 380 2 195 1 373 1 18 1 29 1 20 1 23 1 9 1 171 1
306 70 15 232 1 455 3 200 2 188 1 396 1 358 2 231 1 214 2 195 1 428 1 294 1 9 1 18 1 29 1 20 2
310 71 18 200 1 188 1 396 1 358 2 231 1 214 2 465 3 195 1 441 1 484 1 269 1 469 1 294 2 9 1 18 1 29 1 20 1 168 1
//IdTournes NbColis
40 6
//IdColis IdCommandeInColis NbProducts IdProd1 QtyProd1 IdProd2 QtyProd2 ...
315 72 20 448 1 179 1 188 1 396 1 391 2 474 2 319 2 226 1 402 1 399 1 475 1 469 1 294 1 264 1 415 1 9 1 18 1 29 1 20 1 176 1
322 74 18 232 1 200 2 188 1 396 1 358 2 231 1 214 2 465 1 195 1 189 2 399 1 285 1 353 1 23 1 9 1 18 1 29 1 20 1
360 87 20 217 1 324 1 232 1 380 1 376 1 18 1 29 1 20 1 23 1 9 1 52 1 325 1 606 1 227 1 397 1 168 1 235 1 216 1 191 1 453 1
172 36 21 159 1 291 1 430 1 218 1 225 1 489 3 17 1 245 1 168 2 185 4 366 3 468 1 186 1 237 1 260 4 612 1 172 1 173 1 290 3 293 2 419 1
72 16 24 19 2 30 2 32 2 161 2 411 2 374 1 412 1 177 1 102 1 103 1 291 1 414 1 466 2 512 1 240 3 433 1 185 1 383 1 278 1 371 3 256 1 612 1 172 1 173 1
196 41 14 478 1 186 2 173 1 305 1 313 1 471 1 171 2 178 1 181 1 170 1 449 1 360 3 209 1 72 1
//IdTournes NbColis
41 6
//IdColis IdCommandeInColis NbProducts IdProd1 QtyProd1 IdProd2 QtyProd2 ...
254 55 10 96 1 581 1 582 1 327 1 209 1 431 1 467 1 360 1 449 1 72 3
112 24 11 404 1 377 1 375 2 420 1 299 3 167 1 217 1 198 1 229 1 232 3 554 1
248 54 22 197 2 212 2 411 2 412 1 374 1 177 1 38 3 554 1 542 3 291 1 168 1 185 2 186 2 330 2 491 1 173 1 293 1 290 2 419 1 327 1 440 1 356 1
343 80 19 30 2 32 1 161 2 317 1 411 1 374 1 412 1 48 1 185 1 330 2 260 1 169 1 359 1 491 1 228 1 501 1 199 2 184 1 209 1
182 39 9 598 1 244 3 404 2 413 1 416 1 271 3 198 2 434 1 162 1
80 17 19 263 3 237 2 260 1 371 3 476 1 268 1 290 3 305 3 471 1 482 1 313 3 462 3 309 3 41 1 209 1 360 1 37 1 108 1 109 1
//IdTournes NbColis
42 6
//IdColis IdCommandeInColis NbProducts IdProd1 QtyProd1 IdProd2 QtyProd2 ...
166 35 12 290 2 305 2 242 2 292 1 236 1 382 1 178 2 181 1 170 1 209 1 360 3 37 3
253 55 22 176 1 197 1 212 3 345 1 411 2 374 1 412 1 551 1 227 1 397 1 252 3 255 3 185 2 478 1 186 2 476 2 173 1 305 1 482 2 471 1 242 3 96 2
30 8 20 60 1 49 1 52 1 33 1 63 1 230 2 374 1 192 1 193 1 190 1 183 1 383 1 169 1 184 1 382 1 379 1 209 1 187 1 62 1 61 1
291 66 11 593 1 213 3 375 1 377 1 443 2 220 1 454 1 217 1 229 1 232 1 446 1
121 25 12 48 1 505 1 185 1 196 1 165 1 186 3 169 1 191 1 184 1 199 1 187 1 360 1
61 14 19 32 2 161 2 163 2 176 2 442 1 230 1 411 2 374 1 412 1 177 1 174 3 430 2 291 1 512 1 168 1 185 4 366 2 468 4 178 1
//IdTournes NbColis
43 6
//IdColis IdCommandeInColis NbProducts IdProd1 QtyProd1 IdProd2 QtyProd2 ...
99 21 12 420 1 271 2 217 1 229 1 232 2 493 1 222 2 179 1 188 2 396 1 391 3 32 1
181 38 14 237 1 260 2 228 1 172 1 173 2 171 1 41 1 178 2 181 1 170 1 209 1 360 1 467 1 40 1
296 67 13 371 1 510 1 191 1 499 2 290 2 305 1 384 1 199 1 184 1 209 1 187 1 360 1 580 1
336 78 22 33 1 176 2 212 2 230 1 411 1 374 1 412 1 592 1 174 1 227 1 397 1 235 1 219 1 168 1 216 1 186 1 228 1 501 1 184 1 96 1 209 1 453 1
235 51 18 63 1 545 1 190 2 192 1 193 1 183 2 230 1 374 1 174 2 397 1 227 1 219 1 450 3 456 1 191 1 290 2 209 1 453 1
53 13 10 493 1 446 3 289 1 410 3 259 3 179 1 188 2 396 1 465 4 178 1
//IdTournes NbColis
44 6
//IdColis IdCommandeInColis NbProducts IdProd1 QtyProd1 IdProd2 QtyProd2 ...
52 13 12 244 1 404 3 315 1 220 1 398 1 201 1 394 1 198 1 434 3 229 1 167 1 181 1
163 35 13 434 1 229 1 509 1 446 1 259 2 179 1 188 2 396 1 474 3 175 1 226 4 481 1 181 1
210 45 12 229 1 232 1 249 1 200 3 380 4 231 1 188 2 465 1 195 1 423 3 312 1 162 1
218 47 11 213 3 377 1 375 1 443 2 220 2 454 1 217 1 324 1 318 1 198 1 232 1
32 9 13 198 2 229 3 232 1 444 1 200 2 188 1 396 1 358 2 231 1 195 1 312 2 484 1 428 1
226 49 11 188 1 391 3 474 3 396 1 465 3 349 2 226 1 423 1 312 1 399 2 435 3
//IdTournes NbColis
45 6
//IdColis IdCommandeInColis NbProducts IdProd1 QtyProd1 IdProd2 QtyProd2 ...
233 51 12 213 2 352 1 377 1 375 1 443 2 220 1 454 1 217 1 229 1 232 2 200 2 215 1
2 1 16 443 2 377 1 375 1 315 1 337 1 198 1 200 1 188 1 396 1 358 2 231 1 214 1 195 1 189 1 484 1 406 1
246 54 11 337 1 198 1 229 1 464 3 232 4 355 1 289 2 200 1 188 2 396 1 327 1
170 36 12 188 2 421 2 396 1 480 1 391 3 474 3 175 3 226 1 507 1 469 2 164 1 395 1
146 30 10 227 1 397 1 168 1 219 1 186 2 191 1 309 3 333 1 209 1 453 1
220 47 17 325 2 183 3 230 2 374 1 457 1 505 1 227 1 397 1 168 1 235 1 219 1 456 1 216 1 458 1 191 1 209 2 453 2
//IdTournes NbColis
46 6
//IdColis IdCommandeInColis NbProducts IdProd1 QtyProd1 IdProd2 QtyProd2 ...
133 28 12 217 1 198 2 229 1 509 1 446 1 248 1 427 1 297 2 426 2 279 2 421 2 188 2
139 29 17 485 1 420 1 167 1 198 1 394 1 229 1 232 1 250 1 248 1 427 1 279 1 246 1 179 1 421 2 480 1 188 1 185 1
282 63 14 248 1 427 1 297 2 426 2 506 2 279 1 249 1 188 1 421 1 231 1 376 2 380 3 465 1 172 1
287 65 12 213 3 375 1 443 2 377 1 220 1 454 1 217 1 229 1 232 2 249 1 188 1 304 1
42 11 15 167 1 205 1 198 1 394 1 229 1 232 1 446 1 248 1 246 1 179 1 421 2 188 2 396 1 480 1 391 2
59 14 13 167 1 394 1 229 1 509 1 446 1 179 1 188 2 396 1 391 3 474 3 175 2 226 1 441 1
//IdTournes NbColis
47 6
//IdColis IdCommandeInColis NbProducts IdProd1 QtyProd1 IdProd2 QtyProd2 ...
83 18 13 404 2 413 2 485 1 416 1 420 1 167 1 198 1 394 1 229 1 434 2 509 1 508 1 210 1
192 41 9 244 4 404 3 413 2 416 1 485 1 398 1 220 1 167 1 348 1
353 83 10 192 1 193 1 185 1 172 1 199 1 184 1 242 1 206 1 187 1 170 1
187 40 11 211 2 404 2 377 1 375 1 273 2 232 1 455 2 179 1 188 1 396 1 391 2
175 37 12 377 1 213 2 443 2 375 1 253 2 220 1 454 1 251 1 217 1 229 1 464 1 232 1
41 11 9 244 2 180 1 404 2 413 2 416 1 420 1 315 1 271 4 246 1
//IdTournes NbColis
48 6
//IdColis IdCommandeInColis NbProducts IdProd1 QtyProd1 IdProd2 QtyProd2 ...
193 41 13 205 1 229 1 316 1 394 1 446 1 248 2 506 1 246 2 421 2 188 2 396 1 391 3 172 1
4 1 12 450 2 255 1 172 1 199 1 184 1 171 1 207 2 206 2 170 1 209 1 187 1 360 2
284 63 8 219 1 186 4 290 2 171 1 207 1 206 1 170 1 379 1
113 24 10 232 2 493 1 266 3 557 3 179 1 188 2 396 1 391 3 474 2 226 1
144 30 13 213 2 377 1 375 1 443 2 220 1 454 1 217 1 229 1 232 1 200 2 188 1 396 1 358 1
302 69 10 213 2 377 1 375 1 443 2 220 1 454 1 217 1 387 3 229 1 232 2
//IdTournes NbColis
49 6
//IdColis IdCommandeInColis NbProducts IdProd1 QtyProd1 IdProd2 QtyProd2 ...
327 76 11 211 3 375 1 443 2 377 1 220 1 398 1 217 1 229 1 232 2 200 2 227 1
65 15 14 198 1 394 1 434 1 229 1 464 2 396 1 179 1 188 2 391 3 474 2 175 1 226 1 275 1 340 1
312 71 12 499 2 173 4 290 1 305 2 384 1 313 2 242 3 199 1 184 1 209 1 187 1 360 3
6 2 14 232 1 464 1 446 1 179 1 188 2 396 1 391 3 474 3 175 1 226 1 423 1 189 1 475 2 435 1
26 7 13 413 1 416 1 198 3 188 1 396 1 391 2 474 2 175 2 226 1 423 2 473 1 472 1 475 1
70 16 11 198 1 394 1 434 2 229 1 188 2 396 1 391 3 474 3 175 3 226 1 399 1
//IdTournes NbColis
50 5
//IdColis IdCommandeInColis NbProducts IdProd1 QtyProd1 IdProd2 QtyProd2 ...
76 17 11 188 2 396 1 175 3 465 3 349 2 226 1 423 4 189 2 475 1 269 1 479 1
84 18 10 508 2 259 3 179 1 396 1 410 3 188 2 175 2 465 3 226 2 402 1
107 23 11 213 3 375 1 377 1 443 2 198 1 232 1 200 2 188 1 396 1 358 3 487 1
338 79 12 211 3 404 2 375 1 377 1 198 1 232 1 188 1 474 2 396 1 391 2 231 1 403 1
244 53 6 290 1 184 1 199 1 187 1 209 1 360 1
