//NbTournees
1
//IdTournes NbColis
1 6
//IdColis IdCommandeInColis NbProducts IdProd1 QtyProd1 IdProd2 QtyProd2 ...
1 1 21 98 1 21 1 69 1 74 1 14 1 26 2 51 1 55 1 60 1 106 1 29 1 37 1 43 1 62 1 72 1 85 1 1 1 17 1 30 1 112 1 99 1
5 2 19 109 1 111 1 78 1 16 1 73 1 74 1 2 1 8 2 12 1 19 1 24 1 25 1 32 1 47 1 58 1 61 1 112 1 56 1 114 1
4 1 15 117 4 118 1 70 1 44 1 9 1 95 1 102 1 10 1 3 1 116 2 11 1 104 1 113 1 101 1 100 1
3 1 27 20 1 49 1 88 1 89 1 91 1 28 2 48 2 50 1 86 1 81 1 103 3 18 1 31 1 33 1 36 1 38 1 41 1 59 1 65 1 75 1 82 1 93 1 4 1 108 1 115 2 117 1 97 1
6 2 24 71 1 45 1 46 1 63 2 90 1 83 1 52 1 53 1 13 1 42 1 5 1 87 1 54 1 27 1 28 1 50 1 23 1 76 1 105 1 110 2 11 1 34 1 96 1 107 1
2 1 21 35 1 57 1 64 1 66 1 67 1 79 1 80 1 92 1 56 1 83 1 7 1 22 1 39 1 40 1 68 1 77 1 84 1 94 1 6 1 15 1 115 1
