//NbTournees
4
//IdTournes NbColis
1 6
//IdColis IdCommandeInColis NbProducts IdProd1 QtyProd1 IdProd2 QtyProd2 ...
4 1 14 97 2 87 2 134 2 108 3 1 1 61 2 81 2 143 2 182 1 153 1 78 3 88 4 112 3 14 1
3 1 19 181 1 235 1 173 1 237 1 183 2 47 3 203 1 177 2 140 2 76 1 79 1 80 1 82 3 84 2 132 3 178 1 186 1 233 1 85 1
19 3 23 12 1 271 2 115 1 69 1 169 1 131 1 137 2 46 1 41 6 104 1 105 1 107 1 136 3 66 1 109 1 83 3 35 1 218 1 230 1 191 2 102 2 17 2 14 6
23 4 20 260 1 207 2 212 1 265 1 138 1 203 1 140 1 209 1 245 1 90 1 82 2 84 1 98 1 101 1 132 2 215 3 97 1 254 1 1 1 174 1
8 2 16 44 1 117 1 120 1 127 2 148 1 149 2 113 1 188 1 229 1 128 1 16 2 40 3 33 1 122 1 160 1 14 1
11 2 21 189 2 202 1 1 1 29 1 45 2 255 2 143 2 153 1 88 3 125 1 150 1 112 2 184 2 204 1 118 1 121 1 93 1 156 1 172 1 201 1 14 1
//IdTournes NbColis
2 6
//IdColis IdCommandeInColis NbProducts IdProd1 QtyProd1 IdProd2 QtyProd2 ...
17 3 18 167 1 222 1 189 1 272 1 1 1 45 2 166 2 171 2 174 1 269 1 255 2 29 2 143 2 111 1 170 1 88 3 112 2 5 1
24 4 20 174 1 71 3 143 2 91 3 95 2 88 1 112 2 204 1 206 3 185 1 77 3 93 3 205 1 250 2 70 1 94 2 139 1 68 2 100 1 42 2
18 3 23 112 1 168 1 219 3 277 1 65 1 165 1 172 1 205 1 227 2 228 1 274 1 2 1 275 1 75 2 13 4 5 1 103 1 158 1 175 1 10 1 42 6 12 7 17 1
12 2 44 205 2 248 2 253 1 250 1 116 1 94 1 129 1 154 1 158 1 155 2 42 3 157 1 247 1 43 1 12 5 36 2 251 1 119 1 147 1 161 1 131 1 124 1 152 1 146 1 137 1 46 1 41 4 89 1 136 2 246 1 35 1 83 2 123 1 244 1 191 1 17 1 32 1 39 2 37 1 38 2 34 2 249 2 14 3 257 1
25 4 24 42 2 267 2 12 3 147 1 69 1 131 1 99 1 146 1 137 2 41 4 89 1 96 2 141 1 136 3 213 1 83 3 268 1 261 1 191 2 216 1 262 1 17 2 52 2 14 4
5 1 22 112 1 184 2 185 2 232 1 204 1 77 5 93 4 2 2 3 2 8 1 19 1 231 2 205 1 236 1 54 1 13 3 5 1 238 2 10 1 42 4 21 1 14 1
//IdTournes NbColis
3 6
//IdColis IdCommandeInColis NbProducts IdProd1 QtyProd1 IdProd2 QtyProd2 ...
16 3 19 164 1 223 3 225 1 173 1 176 1 224 2 47 5 140 1 217 1 106 1 82 2 110 1 114 2 151 1 220 2 270 1 97 2 108 1 14 1
10 2 24 193 1 203 1 140 1 187 1 245 1 256 1 90 1 82 2 110 1 114 1 151 1 163 1 194 1 198 1 97 1 27 2 134 1 197 1 200 1 254 1 31 1 189 1 29 1 257 1
6 1 37 43 1 12 7 131 2 137 3 46 1 49 2 41 2 96 2 136 4 66 1 15 1 58 1 83 5 218 2 191 3 53 1 62 2 26 1 4 1 11 1 17 1 55 2 57 2 60 1 63 3 240 1 25 1 50 2 51 2 24 2 18 2 20 1 22 1 48 1 52 1 239 1 14 5
1 1 10 9 1 241 1 56 1 64 1 86 4 113 3 148 1 149 2 180 1 16 1
14 3 11 86 3 113 2 148 1 149 2 188 1 229 1 273 1 16 8 7 1 67 1 14 1
21 4 13 72 1 92 1 86 3 113 2 148 1 149 2 188 1 229 1 142 1 263 1 16 4 40 1 68 1
//IdTournes NbColis
4 4
//IdColis IdCommandeInColis NbProducts IdProd1 QtyProd1 IdProd2 QtyProd2 ...
9 2 21 126 1 130 1 159 1 144 1 162 1 195 1 196 1 243 1 28 1 223 2 252 1 242 1 30 1 190 1 192 1 199 1 258 1 237 1 183 1 42 1 257 2
2 1 12 188 2 229 2 6 1 234 1 16 4 40 5 7 3 133 1 135 1 179 1 59 1 23 1
22 4 13 40 4 144 2 145 1 135 2 210 2 211 1 214 1 266 2 208 1 259 2 264 2 242 1 14 1
15 3 11 16 2 73 1 40 6 74 5 7 3 144 1 221 1 195 1 226 1 276 1 75 1
