//NbTournees
4
//IdTournes NbColis
1 6
//IdColis IdCommandeInColis NbProducts IdProd1 QtyProd1 IdProd2 QtyProd2 ...
17 5 15 81 1 82 1 83 1 175 1 89 1 88 2 90 2 91 2 92 1 121 1 84 2 85 1 87 1 174 1 94 1
13 3 13 31 1 47 4 167 1 1 1 40 1 39 1 172 1 181 1 96 1 98 1 163 2 12 1 156 2
12 3 22 88 1 90 2 91 2 121 1 92 1 166 2 104 2 108 1 109 1 110 1 168 1 33 2 180 5 43 1 171 1 76 1 35 1 20 1 15 2 23 1 42 1 26 3
18 5 7 164 1 178 1 176 1 177 1 86 1 93 1 173 1
5 1 22 90 2 91 2 121 1 92 1 114 2 115 1 2 1 127 1 59 1 160 1 7 1 8 1 76 1 15 1 18 1 75 1 1 1 116 1 159 1 73 1 12 2 156 4
19 6 10 120 1 113 1 88 1 90 2 91 2 121 1 92 1 87 1 119 1 122 1
//IdTournes NbColis
2 6
//IdColis IdCommandeInColis NbProducts IdProd1 QtyProd1 IdProd2 QtyProd2 ...
20 7 16 128 1 124 1 123 1 132 1 88 1 90 2 91 2 121 1 92 1 125 1 127 1 129 1 130 1 133 1 131 1 126 1
14 4 15 136 1 134 1 138 1 52 2 54 1 49 1 13 1 57 1 21 1 19 1 11 2 29 3 112 1 97 1 101 1
4 1 21 11 1 29 3 112 1 97 1 100 2 101 2 102 1 106 3 143 1 147 2 161 1 148 1 99 1 103 1 111 1 142 1 149 1 56 1 88 1 117 1 118 1
7 2 17 30 3 28 1 27 1 69 1 13 1 21 1 19 1 11 2 29 3 106 2 141 1 112 1 143 1 144 1 97 1 147 1 101 1
15 4 27 102 1 106 2 141 1 143 1 144 1 147 1 148 1 137 1 103 1 111 1 142 1 149 1 140 1 105 1 107 1 146 1 56 1 88 1 90 1 91 2 121 1 92 1 84 1 135 1 165 1 162 1 164 1
22 8 14 82 1 124 1 154 1 88 1 90 2 91 2 121 1 92 1 151 1 125 1 127 1 153 1 150 1 152 1
//IdTournes NbColis
3 6
//IdColis IdCommandeInColis NbProducts IdProd1 QtyProd1 IdProd2 QtyProd2 ...
1 1 10 95 2 3 2 6 1 10 1 80 1 113 1 63 1 27 2 64 2 11 1
10 3 15 95 1 44 1 170 2 69 2 45 1 36 1 46 2 38 2 13 1 34 1 37 1 21 1 11 2 29 1 41 1
11 3 20 29 2 97 1 100 2 101 2 102 1 106 3 143 1 147 2 169 1 161 1 148 1 99 1 103 1 111 1 142 1 149 1 105 1 107 2 146 2 56 1
16 4 13 119 1 55 2 50 2 20 1 15 2 53 2 47 4 48 1 26 3 31 1 139 1 51 1 163 1
8 2 26 148 1 102 1 111 1 142 1 99 1 149 1 103 1 105 1 107 1 146 1 140 1 56 1 88 1 90 1 91 2 121 1 92 1 145 1 32 4 24 1 25 1 22 1 20 1 15 2 23 1 179 2
2 1 13 67 3 68 1 77 2 78 1 155 2 62 1 74 1 16 1 4 1 5 1 14 2 17 1 21 1
//IdTournes NbColis
4 2
//IdColis IdCommandeInColis NbProducts IdProd1 QtyProd1 IdProd2 QtyProd2 ...
3 1 15 17 1 60 2 61 1 65 1 66 2 71 1 72 2 79 2 69 1 58 1 13 1 158 2 9 1 70 2 157 1
9 2 4 179 1 26 3 31 1 47 4
