//NbTournees
3
//IdTournes NbColis
1 6
//IdColis IdCommandeInColis NbProducts IdProd1 QtyProd1 IdProd2 QtyProd2 ...
3 1 22 139 1 168 1 107 1 18 1 62 1 108 3 110 1 118 1 173 1 1 1 8 2 10 1 13 1 53 1 44 1 55 1 58 1 60 1 19 1 121 1 4 1 164 1
4 1 23 4 1 65 2 6 2 56 1 2 2 5 2 57 2 116 1 172 1 63 3 64 2 109 1 164 1 52 2 120 1 159 2 169 1 170 2 225 1 167 1 163 1 126 1 211 1
5 1 41 150 2 126 1 184 4 227 1 220 1 158 5 228 1 17 1 221 1 54 1 61 1 102 1 3 1 119 1 226 1 144 4 130 2 115 1 99 3 155 1 224 1 113 1 114 1 100 2 166 1 11 2 51 1 111 1 112 3 132 1 171 1 204 1 216 1 219 1 176 1 157 1 211 1 165 2 175 2 152 3 156 5
10 2 38 72 1 65 1 2 2 27 1 5 1 21 1 63 2 64 2 52 1 83 1 136 1 25 1 76 1 90 1 20 1 131 1 184 4 28 2 158 5 29 1 102 1 119 1 144 4 130 2 99 2 100 1 125 1 124 1 210 1 132 1 203 1 204 1 123 1 207 1 215 1 211 1 199 1 156 5
15 3 28 56 1 2 2 5 2 97 1 172 1 196 1 40 1 63 3 64 2 179 1 45 2 73 1 93 1 96 2 177 1 170 1 103 1 106 1 153 1 150 1 46 1 126 2 188 1 76 1 184 4 158 5 38 1 152 1
9 2 22 81 1 85 1 22 1 138 1 80 1 88 1 62 1 133 2 208 2 23 1 8 1 13 1 32 1 137 1 209 1 19 1 87 2 134 1 135 1 142 1 65 1 211 1
//IdTournes NbColis
2 6
//IdColis IdCommandeInColis NbProducts IdProd1 QtyProd1 IdProd2 QtyProd2 ...
14 3 21 198 1 66 2 75 1 62 1 94 1 8 2 10 1 13 1 44 2 68 1 53 1 92 1 19 2 36 1 43 1 189 1 72 1 95 1 65 2 39 1 2 1
16 3 27 42 1 61 1 102 1 41 1 71 1 119 1 144 4 35 2 67 3 130 2 99 3 178 1 100 2 149 1 181 1 182 1 187 1 146 1 180 1 186 1 147 1 151 1 148 1 157 1 152 1 175 1 156 5
12 3 13 185 1 7 2 15 1 16 1 48 1 89 3 98 2 78 1 105 1 197 1 143 2 145 2 37 1
8 2 22 202 1 214 1 24 1 26 1 31 1 33 1 47 1 82 1 129 1 141 1 201 1 205 1 34 1 140 1 86 1 50 1 122 1 127 1 128 1 139 1 10 1 200 1
1 1 10 217 1 218 1 223 1 7 3 15 2 16 1 48 2 117 3 89 3 160 1
7 2 15 212 1 213 1 206 1 7 2 15 1 16 1 48 1 89 2 117 2 30 1 84 1 143 2 145 1 202 1 126 1
//IdTournes NbColis
3 2
//IdColis IdCommandeInColis NbProducts IdProd1 QtyProd1 IdProd2 QtyProd2 ...
2 1 18 89 1 143 2 145 3 160 1 9 1 12 1 14 1 47 1 154 1 174 1 140 1 50 1 59 1 161 1 49 2 162 1 168 1 222 1
13 3 19 145 1 183 1 9 1 69 1 70 1 77 1 79 1 91 1 190 1 194 1 195 1 101 1 191 1 74 1 49 2 104 1 192 2 193 1 152 1
