//NbTournees
7
//IdTournes NbColis
1 6
//IdColis IdCommandeInColis NbProducts IdProd1 QtyProd1 IdProd2 QtyProd2 ...
6 1 29 309 1 315 1 322 1 419 1 401 1 106 4 121 9 313 1 119 1 274 2 428 1 52 1 271 1 423 1 117 1 99 2 147 1 13 1 18 1 53 2 57 2 65 3 123 3 118 1 30 1 20 1 39 1 47 1 9 1
9 2 18 85 1 436 1 91 1 249 1 165 1 209 1 282 1 285 1 300 1 326 1 158 1 126 2 136 1 166 1 168 1 203 2 210 1 123 1
15 2 40 322 1 355 1 375 1 388 1 81 1 121 11 3 2 100 1 113 1 119 2 52 1 53 3 57 1 58 1 123 2 118 3 8 1 30 2 10 1 41 1 2 1 28 1 96 1 73 1 44 1 32 1 105 3 83 1 1 2 36 1 102 1 6 2 11 1 21 1 110 1 109 1 5 2 37 5 48 2 61 3
18 3 21 87 1 88 1 94 1 15 1 326 1 104 1 122 1 136 1 171 2 183 2 199 1 212 1 175 1 221 1 230 1 244 1 103 1 55 1 5 1 37 1 19 1
33 4 36 419 1 216 2 121 7 98 1 100 1 3 1 432 1 56 1 113 1 119 2 54 1 52 3 116 1 99 2 57 1 407 1 18 1 53 2 65 1 123 3 80 1 97 1 434 1 430 1 30 1 46 1 114 1 431 1 43 1 435 1 79 1 433 4 72 1 6 1 7 1 11 2
39 5 17 368 1 401 1 106 2 121 7 54 1 116 1 99 2 57 1 123 2 80 1 63 1 64 1 411 1 83 1 5 2 95 1 61 1
//IdTournes NbColis
2 6
//IdColis IdCommandeInColis NbProducts IdProd1 QtyProd1 IdProd2 QtyProd2 ...
26 4 14 86 1 88 1 60 1 92 1 414 3 426 1 318 1 165 1 69 1 126 3 166 1 168 1 199 1 103 1
28 4 18 359 1 138 1 259 2 328 1 367 1 371 1 374 1 427 1 161 1 425 2 321 1 392 1 125 1 139 1 142 1 163 1 68 1 45 1
30 4 20 383 1 190 2 191 2 124 2 162 1 283 1 286 2 243 2 310 1 143 1 228 2 193 1 304 1 319 1 369 1 387 1 149 1 192 1 59 1 48 1
40 6 18 414 1 126 2 133 1 136 1 140 1 152 1 168 1 199 1 200 1 201 1 208 1 213 1 214 1 221 1 182 1 183 2 250 1 238 1
42 6 19 246 1 248 2 258 1 324 1 328 2 380 1 384 1 395 1 125 1 139 1 142 1 146 2 219 1 224 1 256 1 237 1 325 1 99 1 95 1
5 1 23 382 2 385 2 393 2 394 2 402 1 403 1 192 1 127 1 134 1 202 1 239 1 240 1 14 2 16 1 35 1 59 2 78 2 93 1 55 2 155 1 235 1 81 1 17 1
//IdTournes NbColis
3 6
//IdColis IdCommandeInColis NbProducts IdProd1 QtyProd1 IdProd2 QtyProd2 ...
14 2 24 387 1 402 1 403 1 382 2 385 2 393 2 394 2 192 2 127 1 68 1 215 1 176 1 40 1 59 2 75 1 78 1 90 1 93 1 188 1 235 1 299 1 309 1 18 1 74 1
23 3 27 157 1 239 1 16 1 130 1 155 1 178 1 235 1 263 1 306 1 322 1 335 1 366 1 368 1 375 1 388 1 391 1 376 1 115 1 216 1 121 9 3 1 54 1 56 2 113 1 52 1 18 1 128 1
44 6 24 127 1 215 1 176 1 239 2 40 1 59 2 78 1 111 2 169 2 235 1 309 1 322 2 335 1 344 1 366 1 376 1 381 1 399 2 216 1 106 2 120 1 121 8 63 1 62 1
45 6 16 81 1 54 2 56 2 52 1 116 1 271 1 129 2 407 1 97 2 410 1 406 1 108 1 6 1 74 1 109 1 61 2
31 4 20 289 1 176 1 239 3 240 1 348 2 356 1 59 1 75 1 93 1 130 1 155 2 169 1 206 2 207 2 178 2 222 1 255 3 188 2 106 1 95 1
38 5 24 340 1 189 1 193 1 319 1 369 1 379 1 382 2 385 1 393 1 394 2 402 1 403 1 192 1 131 1 176 1 239 1 59 2 78 1 67 1 130 1 188 1 329 1 106 1 28 1
//IdTournes NbColis
4 6
//IdColis IdCommandeInColis NbProducts IdProd1 QtyProd1 IdProd2 QtyProd2 ...
48 7 29 191 1 339 1 304 1 192 1 68 1 131 1 176 1 239 2 240 1 352 1 365 1 198 1 408 1 14 1 40 1 59 3 75 1 78 2 252 1 67 1 121 9 3 1 100 1 56 1 113 1 412 1 18 2 53 1 57 2
24 3 19 420 1 423 1 80 2 63 2 132 1 29 1 30 1 12 1 77 1 82 1 22 1 112 1 26 1 62 1 79 2 102 1 34 1 42 1 21 1
49 7 8 65 2 80 1 132 1 38 1 196 1 413 1 73 1 110 1
1 1 20 234 1 136 1 159 1 166 1 182 1 183 2 210 1 221 1 230 2 236 1 245 1 250 1 284 1 290 1 334 1 429 1 342 1 184 1 103 1 38 1
13 2 21 397 1 241 1 191 1 298 1 333 1 154 1 164 1 172 1 194 1 286 1 310 2 339 1 400 2 340 2 135 1 150 1 228 2 319 1 369 1 51 1 17 1
20 3 18 277 2 301 1 320 1 328 2 374 1 395 1 398 1 321 1 312 2 137 1 142 1 186 1 219 1 224 2 229 1 84 1 37 1 50 1
//IdTournes NbColis
5 6
//IdColis IdCommandeInColis NbProducts IdProd1 QtyProd1 IdProd2 QtyProd2 ...
2 1 21 247 1 267 1 101 1 103 1 328 1 370 1 377 1 269 1 276 1 273 1 141 1 160 1 268 1 139 1 142 2 144 1 186 1 205 1 233 2 325 1 4 1
11 2 19 184 1 211 1 227 1 247 1 267 1 291 1 363 1 101 1 167 2 259 1 270 1 308 1 25 2 361 2 312 2 139 1 142 1 145 1 66 1
19 3 19 245 1 250 1 278 1 284 1 287 1 290 1 302 1 346 2 347 1 404 1 295 1 180 1 184 1 267 1 138 1 167 1 246 1 260 1 240 1
36 5 21 89 1 409 1 177 1 300 1 151 1 156 1 175 1 386 1 342 1 295 1 345 1 107 2 138 1 179 1 296 1 377 1 273 1 139 1 173 1 63 1 74 1
29 4 16 163 3 195 1 197 1 205 1 174 1 186 2 256 1 233 1 261 1 265 2 288 1 336 2 373 1 405 1 241 1 46 1
22 3 18 143 1 170 1 204 2 223 1 228 1 319 1 379 1 418 1 393 2 394 2 402 1 403 1 382 2 385 2 218 1 192 1 416 1 99 1
//IdTournes NbColis
6 6
//IdColis IdCommandeInColis NbProducts IdProd1 QtyProd1 IdProd2 QtyProd2 ...
4 1 23 397 1 241 1 190 3 333 1 148 1 154 1 164 1 181 3 172 1 217 1 243 1 194 1 281 1 339 1 24 1 340 2 266 1 337 1 319 1 323 1 51 1 37 1 48 1
21 3 16 293 2 294 2 331 1 389 1 390 1 397 2 350 2 383 1 191 1 241 2 190 2 148 1 283 1 340 2 111 1 61 1
41 6 20 250 1 230 1 284 1 290 2 292 1 278 1 305 1 316 1 332 1 334 1 338 1 341 1 180 1 184 1 267 1 103 3 153 1 187 1 25 1 59 1
43 6 21 251 1 330 1 349 1 378 1 383 1 241 1 190 1 191 1 164 2 283 1 243 1 170 1 228 2 304 1 369 2 387 1 396 1 192 1 68 1 58 1 95 1
27 4 21 201 1 221 1 254 1 230 1 262 2 275 1 280 1 305 2 311 1 314 1 351 1 353 1 358 1 364 1 372 1 184 1 267 2 291 1 257 1 37 1 19 1
37 5 20 174 1 185 1 297 1 331 1 293 2 294 1 350 1 389 1 390 1 397 2 190 2 191 1 241 1 333 1 172 1 194 1 283 1 286 1 400 1 70 1
//IdTournes NbColis
7 6
//IdColis IdCommandeInColis NbProducts IdProd1 QtyProd1 IdProd2 QtyProd2 ...
47 7 21 213 1 182 1 232 2 238 1 253 1 314 1 357 1 332 1 362 1 231 1 248 1 370 1 25 1 237 1 251 1 325 1 241 1 190 2 51 1 95 1 19 1
10 2 19 220 2 226 1 242 1 250 1 236 1 262 2 279 1 238 1 284 1 303 1 305 1 307 1 354 1 332 1 362 1 422 1 342 1 99 1 45 1
12 2 18 185 1 224 1 225 1 233 1 264 1 237 2 251 1 293 2 294 2 327 1 331 1 350 2 383 1 389 1 390 1 397 1 84 1 5 1
3 1 17 233 1 265 1 293 2 294 2 327 1 331 1 343 1 350 2 415 1 421 1 383 1 424 2 389 1 390 1 397 1 191 1 30 1
32 4 18 263 2 272 2 306 1 317 2 335 3 344 3 329 1 360 1 366 1 388 3 391 1 399 1 376 1 417 1 419 2 121 1 63 1 61 1
7 1 16 46 1 43 1 27 1 112 2 76 1 9 1 23 1 32 1 1 2 49 1 71 2 33 1 7 1 11 2 31 1 72 1
