//NbTournees
3
//IdTournes NbColis
1 6
//IdColis IdCommandeInColis NbProducts IdProd1 QtyProd1 IdProd2 QtyProd2 ...
1 1 4 237 2 250 1 281 1 89 1
15 1 31 299 1 101 2 61 1 183 1 212 1 253 1 297 1 46 1 53 4 74 1 77 2 87 3 147 2 306 1 39 2 63 1 289 1 1 3 2 2 22 4 99 5 108 2 110 4 238 1 8 1 86 2 249 1 159 1 208 1 10 1 218 2
70 2 20 213 1 236 1 231 1 17 1 127 1 19 2 246 1 288 1 104 1 64 1 32 1 241 1 146 1 156 1 77 1 228 1 1 1 245 1 224 1 221 1
10 1 19 163 4 220 1 251 1 260 1 284 1 148 1 155 3 268 1 135 1 142 1 13 1 15 2 18 2 19 2 56 2 60 6 96 1 109 1 240 1
11 1 30 109 1 112 1 197 1 199 1 216 1 219 1 239 1 258 1 301 1 122 1 20 1 103 1 132 1 76 1 16 1 201 1 215 1 262 1 274 1 225 1 6 4 11 1 3 1 145 1 235 1 23 2 33 2 229 1 275 1 45 1
8 1 13 67 2 123 2 127 1 164 1 202 1 175 2 176 2 181 2 234 1 182 2 200 3 214 1 90 1
//IdTournes NbColis
2 6
//IdColis IdCommandeInColis NbProducts IdProd1 QtyProd1 IdProd2 QtyProd2 ...
3 1 7 95 1 94 1 233 2 252 1 282 1 308 1 42 1
9 1 16 214 1 115 1 98 1 160 4 180 6 254 1 12 1 105 2 107 1 217 1 243 1 244 1 294 1 152 1 21 2 52 1
4 1 7 4 3 236 1 177 1 309 1 296 1 55 2 135 1
13 1 27 209 1 211 1 259 3 295 1 133 1 106 1 279 1 32 1 38 1 52 6 185 4 190 1 191 2 196 1 307 1 66 2 85 5 278 1 24 2 136 1 232 1 257 1 40 3 35 3 80 1 124 2 192 1
6 1 12 286 1 118 1 91 1 137 1 128 1 273 1 120 2 14 1 17 4 100 1 113 4 141 4
7 1 12 285 1 9 4 97 2 139 3 138 2 255 1 5 2 179 1 198 2 26 1 67 1 164 1
//IdTournes NbColis
3 6
//IdColis IdCommandeInColis NbProducts IdProd1 QtyProd1 IdProd2 QtyProd2 ...
12 1 27 292 1 305 1 161 1 68 2 154 4 227 1 287 1 310 1 73 1 102 1 140 1 58 1 104 3 194 2 242 2 280 1 31 4 72 1 189 1 272 2 303 1 162 1 64 2 88 1 143 3 173 1 32 1
5 1 10 92 1 93 2 42 2 130 1 30 1 49 3 204 1 267 1 125 1 27 3
2 1 5 283 1 7 3 178 1 57 1 81 1
14 1 24 170 2 172 2 266 2 290 2 192 1 261 1 302 1 25 5 43 8 121 4 146 2 151 1 156 5 169 3 256 1 298 1 300 1 304 1 149 1 171 1 264 1 277 1 28 1 59 1
16 1 53 218 1 150 1 206 1 270 1 114 2 210 1 44 3 65 1 174 1 195 2 226 1 50 2 158 1 186 2 187 3 193 2 207 2 51 1 75 2 84 2 222 2 223 1 311 1 126 1 157 1 203 1 263 1 48 5 54 2 131 2 29 1 34 1 37 1 47 2 62 1 83 2 111 1 116 2 119 1 134 1 144 1 168 2 224 1 230 2 269 1 276 1 293 1 153 1 184 1 36 1 41 2 69 2 70 1
17 1 18 70 1 78 1 79 1 82 1 129 1 165 3 166 1 167 2 188 1 205 1 221 1 247 2 248 1 265 1 271 1 291 1 117 2 71 1
