//NbTournees
5
//IdTournes NbColis
1 6
//IdColis IdCommandeInColis NbProducts IdProd1 QtyProd1 IdProd2 QtyProd2 ...
17 4 8 90 1 107 1 147 1 175 2 111 4 146 3 249 1 269 1
26 5 12 72 1 147 1 134 2 180 1 111 2 140 1 146 1 162 1 119 1 123 2 281 1 98 1
13 3 14 219 1 232 1 112 3 196 1 258 1 163 3 181 2 187 2 267 2 218 3 265 2 171 1 225 2 10 1
7 2 14 72 1 45 1 81 1 108 1 109 1 110 1 161 1 206 1 124 2 178 1 184 1 113 1 200 1 10 1
9 2 31 36 1 226 1 213 1 200 2 228 1 231 1 235 1 114 1 156 3 129 1 47 1 142 2 199 1 220 1 236 1 237 1 135 1 122 1 96 1 54 2 59 2 95 1 83 2 99 2 101 1 103 1 9 1 71 2 2 1 98 4 5 1
12 3 15 247 1 177 1 119 1 123 3 209 1 124 1 184 1 94 2 115 2 141 3 136 1 139 1 211 1 219 1 133 1
//IdTournes NbColis
2 6
//IdColis IdCommandeInColis NbProducts IdProd1 QtyProd1 IdProd2 QtyProd2 ...
28 5 30 278 1 151 1 190 1 205 1 168 1 221 1 275 1 132 2 279 1 34 2 280 1 116 1 128 1 228 1 185 1 208 1 56 1 68 1 129 3 194 1 203 1 220 1 222 1 236 1 237 1 276 1 131 1 122 2 96 1 25 1
8 2 19 144 1 157 2 118 1 215 1 141 2 117 1 182 2 210 2 224 2 158 2 137 1 138 1 139 1 179 1 198 2 152 1 30 1 98 1 5 1
2 1 11 62 1 140 3 162 2 119 1 123 3 124 1 184 1 86 4 230 1 37 1 12 1
18 4 12 249 1 49 2 119 2 123 4 243 3 248 1 121 2 143 1 252 1 136 1 214 1 271 1
14 3 20 225 1 234 3 168 1 44 3 186 2 132 5 120 2 127 3 130 1 165 2 11 2 169 2 231 1 228 2 185 1 204 1 208 1 8 1 75 1 5 1
4 1 32 231 2 208 2 126 1 145 1 68 2 129 2 63 1 18 1 26 1 38 1 197 1 203 1 236 1 238 1 131 1 135 3 207 1 122 1 32 1 76 1 80 3 3 1 174 1 51 2 96 1 54 2 59 3 95 1 282 3 99 2 101 1 39 1
//IdTournes NbColis
3 6
//IdColis IdCommandeInColis NbProducts IdProd1 QtyProd1 IdProd2 QtyProd2 ...
23 4 17 245 1 236 3 255 1 256 1 257 2 259 3 238 3 18 2 131 1 135 5 207 1 122 4 17 2 89 3 48 1 59 1 74 1
29 5 20 122 1 54 2 59 2 95 1 83 2 99 2 101 1 42 2 103 1 69 1 13 2 272 2 23 1 79 1 104 1 22 1 43 1 274 1 98 3 5 3
27 5 18 123 1 212 1 172 2 170 1 188 1 263 2 150 1 268 2 277 1 258 1 223 1 164 1 201 1 239 2 251 2 262 1 266 1 98 1
1 1 10 90 1 81 2 283 1 108 1 110 2 147 1 166 1 62 1 124 1 1 1
11 3 10 90 1 81 1 110 1 108 1 109 1 147 1 140 3 162 2 124 1 16 1
21 4 17 154 1 65 2 66 1 105 3 11 3 125 2 155 4 169 2 228 7 56 2 77 1 159 1 176 1 183 2 208 1 126 4 85 1
//IdTournes NbColis
4 6
//IdColis IdCommandeInColis NbProducts IdProd1 QtyProd1 IdProd2 QtyProd2 ...
20 4 15 264 1 152 1 240 1 41 3 266 2 151 2 205 1 244 2 260 2 168 2 216 2 241 3 261 1 130 1 54 1
3 1 21 141 3 149 1 189 1 40 1 139 1 217 2 202 1 46 1 191 1 227 1 27 1 168 1 132 1 11 2 21 4 34 1 65 1 66 2 228 3 229 1 89 1
22 4 14 160 3 84 1 271 3 33 3 35 2 133 1 153 2 192 2 193 6 194 4 195 2 203 1 54 1 98 2
19 4 16 214 4 148 1 173 2 198 2 242 1 217 2 219 1 250 2 28 2 29 1 31 2 64 1 264 1 152 1 96 1 53 2
15 3 32 233 3 167 1 153 1 193 1 194 1 195 1 246 2 254 1 255 1 256 1 257 2 237 2 8 1 17 1 96 1 54 2 59 2 95 1 83 2 99 2 101 1 15 1 42 3 103 1 39 2 55 3 60 2 23 4 82 1 12 1 98 5 5 4
24 4 35 48 1 58 1 51 3 59 1 95 1 83 2 99 2 101 1 61 3 70 2 93 2 273 2 103 1 52 2 69 2 91 2 19 7 253 1 55 2 106 2 78 3 102 1 88 2 20 2 270 1 6 2 73 2 23 2 97 5 104 1 100 1 22 1 98 5 10 1 12 3
//IdTournes NbColis
5 1
//IdColis IdCommandeInColis NbProducts IdProd1 QtyProd1 IdProd2 QtyProd2 ...
5 1 29 61 3 93 4 103 1 57 1 7 2 19 3 52 3 69 1 13 1 67 1 24 1 78 2 87 1 92 1 88 1 14 4 20 1 4 1 6 3 25 2 73 1 50 1 74 2 79 1 9 1 22 1 43 1 12 2 98 8
