//NbTournees
31
//IdTournes NbColis
1 6
//IdColis IdCommandeInColis NbProducts IdProd1 QtyProd1 IdProd2 QtyProd2 ...
3 1 30 144 1 163 1 6 1 7 1 19 1 21 1 25 1 38 1 141 1 12 1 18 1 153 1 580 1 188 1 189 1 33 1 32 1 157 1 5 1 16 1 24 1 31 1 164 1 73 1 192 1 1 1 30 1 86 1 181 1 262 1
8 2 16 157 1 16 1 24 1 31 1 10 1 89 1 164 1 39 1 192 1 201 1 196 1 1 1 30 1 181 1 262 1 268 1
10 3 25 38 1 142 1 15 1 18 1 232 1 188 1 194 1 9 1 32 1 34 1 157 1 5 1 16 1 24 1 31 1 10 1 199 1 164 1 192 1 201 1 196 1 1 1 22 1 30 1 250 1
12 4 32 163 1 2 1 4 1 7 1 19 1 21 1 37 1 56 1 13 1 15 1 153 1 188 1 191 1 34 1 157 1 5 1 24 1 31 1 10 1 199 1 164 1 182 1 192 1 201 1 196 1 1 1 20 1 30 1 181 1 262 1 571 1 268 1
15 5 31 6 1 7 1 19 1 21 1 25 1 38 1 213 1 12 1 18 1 232 1 188 1 194 1 283 3 157 1 5 1 24 1 31 1 10 1 164 1 39 1 264 1 192 1 272 1 1 1 23 1 30 1 596 1 340 1 181 1 262 1 268 1
18 6 33 25 1 38 1 142 1 12 1 18 1 211 1 232 1 188 1 194 1 193 1 32 2 157 1 5 1 16 1 24 1 31 1 10 1 164 1 73 1 146 1 148 1 154 1 264 1 192 1 201 1 196 1 1 1 22 1 30 1 572 1 262 1 378 1 268 1
//IdTournes NbColis
2 6
//IdColis IdCommandeInColis NbProducts IdProd1 QtyProd1 IdProd2 QtyProd2 ...
21 7 33 38 1 142 1 13 1 15 1 18 2 130 1 153 1 161 1 188 1 189 1 585 1 591 1 34 1 54 1 157 1 24 1 31 1 241 1 523 1 10 1 46 1 199 1 299 1 164 2 39 1 60 1 192 1 201 1 196 1 1 1 30 2 198 1 268 1
24 8 32 8 1 6 1 7 1 42 1 37 1 575 1 38 1 576 1 518 1 142 1 581 1 15 1 18 1 153 1 188 1 189 1 32 1 34 1 157 1 5 1 16 1 24 1 31 1 164 1 248 1 39 1 192 1 196 1 1 1 30 1 181 1 262 1
27 9 33 43 1 19 1 21 1 50 1 25 1 38 1 142 1 12 1 18 1 211 1 232 1 568 1 188 1 194 1 32 1 157 1 5 1 16 1 24 1 31 1 565 1 164 1 71 1 73 1 264 1 201 1 196 1 1 1 40 1 30 2 181 1 262 1 268 1
30 10 32 59 2 142 1 13 1 15 1 232 1 188 1 189 1 193 1 229 1 157 1 31 1 240 1 242 1 49 1 195 1 164 1 47 1 197 1 264 1 237 1 192 1 254 1 201 1 269 1 206 1 196 1 1 1 40 2 30 2 239 1 180 1 251 2
33 11 24 25 1 38 1 586 1 142 1 12 1 18 1 232 1 188 1 189 1 55 1 157 1 5 1 24 1 31 1 267 1 164 1 201 1 196 1 1 1 258 1 341 1 588 1 548 1 347 1
35 12 24 19 1 21 1 37 1 56 1 173 1 142 1 13 1 15 1 153 1 188 1 189 1 157 1 24 1 31 1 46 1 199 1 200 1 164 1 192 1 204 1 201 1 196 1 1 1 198 1
//IdTournes NbColis
3 6
//IdColis IdCommandeInColis NbProducts IdProd1 QtyProd1 IdProd2 QtyProd2 ...
38 13 34 449 1 70 1 142 1 15 1 18 1 211 1 137 1 232 1 171 1 587 1 307 1 194 1 225 1 282 1 34 1 157 1 24 1 31 1 235 1 10 1 164 1 71 1 39 1 462 1 264 1 192 1 201 1 196 1 1 1 30 1 181 1 589 1 262 1 268 1
41 14 32 141 1 15 1 18 1 153 1 188 1 189 1 193 1 62 1 75 1 323 1 157 2 5 1 63 1 65 1 24 1 31 1 10 1 49 1 195 1 164 1 39 1 312 1 197 1 179 1 192 1 590 1 201 1 196 1 1 2 30 1 392 1 262 1
44 15 22 74 1 56 1 143 1 152 1 142 1 15 1 18 1 232 1 188 1 189 1 373 1 157 1 5 1 24 1 31 1 49 1 320 1 299 1 164 1 39 1 196 1 1 1
46 16 23 12 1 18 1 232 1 188 1 194 1 67 1 34 1 157 1 5 1 24 1 31 1 39 1 348 1 264 1 192 1 201 1 272 1 1 1 30 1 181 2 358 1 262 1 268 1
48 17 31 50 1 25 1 72 1 58 1 142 1 12 1 18 1 232 1 307 1 194 1 283 2 294 1 295 1 157 1 5 1 24 1 31 1 286 1 298 1 10 1 195 1 164 1 221 1 146 1 281 1 197 1 192 1 201 1 196 1 1 1 30 1
51 18 22 44 2 68 1 32 1 34 1 157 1 5 1 16 1 24 1 31 1 164 1 73 1 264 1 308 1 192 1 201 1 196 1 1 1 30 1 181 1 262 1 268 1 187 1
//IdTournes NbColis
4 6
//IdColis IdCommandeInColis NbProducts IdProd1 QtyProd1 IdProd2 QtyProd2 ...
53 19 25 157 1 5 1 24 1 31 1 267 1 235 2 275 1 46 1 164 2 39 1 259 1 279 1 264 1 192 1 201 1 196 1 1 1 30 1 181 1 273 1 262 1 268 1 280 1 260 1 266 1
55 20 33 13 2 15 1 211 1 153 2 161 1 188 1 189 1 225 1 34 1 121 1 157 1 278 1 31 1 241 1 169 1 199 1 164 1 182 1 39 1 210 1 270 1 81 1 192 1 201 1 246 1 196 1 1 1 76 1 80 1 30 1 271 1 198 1 274 1
58 21 33 18 1 232 1 188 1 194 2 263 1 265 1 34 1 157 1 5 1 31 1 247 1 267 1 10 1 89 1 164 1 73 1 148 1 264 1 192 1 201 1 253 1 196 1 1 1 30 1 181 1 273 1 262 1 245 1 268 1 280 1 249 1 250 1 266 1
61 22 37 236 1 142 1 12 1 18 1 153 1 188 1 189 1 34 1 209 1 157 1 238 1 5 1 16 1 31 1 10 2 87 1 164 1 73 1 264 2 255 1 277 1 192 1 261 1 201 1 272 1 1 1 77 1 30 1 86 1 257 1 258 1 181 1 273 1 262 1 198 1 268 2 276 1
64 23 26 7 1 25 1 38 1 142 1 12 1 18 1 232 1 188 1 194 1 579 1 157 1 63 1 24 1 31 2 10 1 199 1 321 1 164 1 79 1 192 1 201 1 196 1 1 1 30 1 198 1 190 1
67 24 35 4 1 7 1 50 1 37 1 56 1 15 1 18 1 232 1 475 1 188 1 189 1 34 1 157 1 5 1 24 1 31 1 10 1 566 1 164 1 395 1 39 1 312 1 264 1 573 1 201 1 196 1 1 1 30 1 181 1 273 1 180 1 313 1 262 1 268 1 280 1
//IdTournes NbColis
5 6
//IdColis IdCommandeInColis NbProducts IdProd1 QtyProd1 IdProd2 QtyProd2 ...
70 25 27 21 1 50 1 37 1 56 1 58 1 449 1 168 1 224 1 142 1 15 1 18 1 232 1 171 1 484 1 567 1 508 1 209 1 157 1 5 1 24 1 31 1 39 1 496 1 103 1 196 1 1 1 30 1
75 26 26 188 1 194 1 111 1 114 1 32 1 557 1 5 1 16 1 24 1 31 1 164 1 73 1 264 1 377 1 192 1 201 1 196 1 1 1 30 1 116 1 181 1 262 1 268 1 186 2 190 2 276 1
78 27 34 21 1 25 1 38 1 142 1 12 1 18 1 232 1 188 1 189 1 34 1 157 1 542 2 5 1 24 1 31 1 10 1 431 1 165 1 164 1 429 1 433 1 192 1 564 1 335 1 476 1 196 1 1 1 80 1 30 2 569 1 562 1 519 1 198 1 250 2
82 28 24 157 1 5 1 24 1 31 1 10 1 169 2 101 1 164 1 39 2 256 1 264 1 192 1 428 1 201 1 196 1 1 1 30 1 481 1 181 1 106 1 262 1 268 1 249 1 190 1
86 29 15 555 1 164 1 177 1 342 1 154 1 192 1 196 1 558 1 559 1 1 1 30 1 86 1 116 1 181 1 262 1
90 30 21 232 1 191 1 32 1 282 1 157 1 5 1 16 1 24 1 31 1 89 1 199 2 299 1 164 1 221 1 192 1 317 1 196 1 1 1 30 1 262 1 198 1
//IdTournes NbColis
6 6
//IdColis IdCommandeInColis NbProducts IdProd1 QtyProd1 IdProd2 QtyProd2 ...
95 31 24 114 1 91 1 229 1 157 1 5 1 16 1 24 1 31 1 10 1 164 1 342 1 264 1 192 1 201 1 1 1 30 1 181 1 180 1 360 1 313 1 362 1 262 1 363 1 268 1
97 32 15 26 1 28 1 3 1 218 1 227 1 243 1 223 1 233 1 134 1 107 1 6 1 7 1 42 1 21 1 192 1
109 36 33 56 2 58 1 152 1 175 1 141 1 130 1 153 1 161 1 15 1 18 1 470 1 373 1 193 1 155 1 157 1 34 1 5 1 24 1 31 1 469 1 195 1 471 1 122 1 162 1 164 1 39 1 148 1 132 1 192 1 196 1 476 1 1 1 30 1
112 37 30 194 1 135 1 125 1 157 1 34 1 184 1 5 1 24 1 31 1 156 1 10 1 49 1 165 1 164 1 418 1 128 1 71 1 154 1 386 1 264 1 179 1 192 1 178 1 201 1 196 1 1 1 30 1 181 1 262 1 268 1
114 38 36 140 1 149 1 153 1 172 1 15 1 18 1 110 1 188 1 189 1 176 1 157 1 34 1 184 1 5 1 24 1 31 1 267 1 10 1 164 1 182 1 177 1 348 1 154 1 264 1 192 1 201 1 196 1 1 1 30 1 181 1 273 1 262 1 268 1 280 1 187 1 260 1
117 39 36 58 1 133 1 152 1 141 1 153 1 161 1 13 1 15 1 160 1 188 1 191 1 193 1 121 1 147 1 157 1 402 1 403 1 31 1 431 1 165 1 124 1 164 1 435 2 442 1 197 1 192 1 261 1 196 1 1 1 438 1 30 1 430 1 446 1 202 1 180 1 186 2
//IdTournes NbColis
7 6
//IdColis IdCommandeInColis NbProducts IdProd1 QtyProd1 IdProd2 QtyProd2 ...
120 40 33 15 1 188 1 191 1 158 1 193 1 157 1 183 1 34 1 402 1 403 1 16 1 24 1 31 1 169 1 365 1 164 1 39 1 146 1 348 1 197 1 192 1 201 1 196 1 1 1 30 1 86 1 419 1 410 1 349 1 186 3 190 1 203 1 417 1
123 41 40 318 1 153 1 13 1 15 1 311 1 322 1 188 1 189 1 306 1 157 1 34 1 31 1 10 1 320 1 199 1 315 1 124 1 300 1 164 1 71 1 434 1 312 1 192 1 428 1 201 1 196 1 1 1 23 1 30 1 430 2 302 2 181 1 319 1 262 1 310 1 245 1 251 1 198 1 268 1 314 1
126 42 34 232 1 12 1 18 1 188 1 194 1 125 1 157 1 34 1 5 1 24 1 31 1 267 1 10 1 199 1 321 1 164 1 301 1 305 1 124 1 73 1 264 1 192 1 201 1 463 1 196 1 1 1 30 1 316 1 181 1 273 2 313 1 262 1 268 1 280 1
129 43 23 189 1 32 1 323 1 157 1 5 1 437 1 16 1 24 1 31 1 298 1 164 1 221 1 342 1 264 1 201 1 272 1 1 1 30 1 86 1 181 1 343 1 262 1 268 1
131 44 29 232 1 450 1 18 1 188 1 189 1 324 1 157 1 5 1 24 1 31 1 421 1 49 1 199 1 164 1 336 1 462 1 348 1 281 1 192 1 201 1 337 1 196 1 459 1 1 1 30 1 338 1 345 2 198 1 347 1
133 45 32 153 1 333 1 15 1 18 1 188 1 191 1 32 1 147 1 157 1 16 1 24 1 31 1 10 1 49 1 431 1 339 1 199 1 164 1 336 1 344 1 154 1 201 1 196 1 1 2 30 1 86 1 341 1 349 1 198 1 186 1 190 1 347 2
//IdTournes NbColis
8 6
//IdColis IdCommandeInColis NbProducts IdProd1 QtyProd1 IdProd2 QtyProd2 ...
136 46 27 232 1 12 1 18 1 329 1 188 1 194 1 330 1 157 1 54 1 5 1 24 1 31 1 267 1 164 1 264 1 192 1 452 1 201 1 334 1 335 1 196 1 1 1 30 1 181 1 262 1 453 1 268 1
138 47 28 213 1 232 1 12 1 18 1 188 1 194 2 157 2 5 1 24 1 31 1 10 1 431 1 299 1 164 1 73 1 264 1 192 1 201 1 272 1 1 1 40 1 30 1 445 1 350 1 181 1 262 1 268 1 186 1
140 48 21 18 1 188 1 189 1 157 1 34 1 5 1 24 1 31 1 267 1 164 1 39 1 264 1 192 1 201 1 1 1 30 1 340 1 181 1 343 1 262 1 268 1
142 49 23 213 1 232 1 12 1 18 1 307 1 194 1 157 1 5 1 24 1 31 1 424 1 164 1 259 1 264 1 192 1 201 1 196 1 1 1 30 1 343 1 262 1 268 1 266 1
144 50 23 211 1 137 1 188 1 194 1 354 1 355 1 157 1 34 1 5 1 24 1 31 1 10 1 164 1 192 1 201 1 359 1 196 1 1 1 30 1 181 1 273 1 262 1 268 1
145 51 21 26 1 218 1 292 1 285 1 353 1 233 1 8 1 6 1 7 1 440 1 50 1 25 1 38 1 447 1 213 1 333 1 12 1 18 1 284 1 188 1 1 1
//IdTournes NbColis
9 6
//IdColis IdCommandeInColis NbProducts IdProd1 QtyProd1 IdProd2 QtyProd2 ...
148 52 21 12 1 18 1 188 1 194 1 157 1 34 1 5 1 24 1 31 1 10 1 431 1 164 1 124 1 441 1 192 1 201 1 356 1 272 1 1 1 30 1 366 1
150 53 25 142 1 232 1 15 1 18 1 188 1 194 1 352 1 157 1 361 1 5 1 24 1 31 1 10 1 364 1 365 1 164 1 264 1 192 1 201 1 196 1 1 1 30 1 181 1 262 1 268 1
152 54 28 18 1 188 1 189 1 32 1 265 1 157 1 5 1 16 1 24 1 31 1 275 1 10 1 299 1 164 1 73 1 458 1 264 2 192 1 201 1 196 1 1 1 30 1 86 1 181 1 273 2 262 2 268 1 280 1
154 55 22 114 1 282 1 157 1 34 1 5 1 24 1 31 1 10 1 374 1 164 1 264 1 433 1 192 1 201 1 1 1 30 1 181 1 343 1 262 1 268 1 376 1 266 2
156 56 26 188 1 194 1 306 1 229 1 157 1 34 1 5 1 24 1 31 1 10 1 431 1 374 1 195 1 164 1 264 1 433 1 201 1 196 1 1 1 420 1 30 1 181 1 372 1 262 1 378 1 268 1
158 57 19 194 1 158 1 91 1 157 1 34 1 16 1 24 1 31 1 10 1 412 1 164 1 73 1 146 1 192 1 201 1 196 1 1 1 30 1 262 1
//IdTournes NbColis
10 6
//IdColis IdCommandeInColis NbProducts IdProd1 QtyProd1 IdProd2 QtyProd2 ...
160 58 19 157 1 5 1 16 1 24 1 31 1 421 1 199 1 164 1 385 1 429 1 386 1 423 1 192 1 196 1 1 1 30 2 432 1 262 1 198 1
162 59 22 194 1 370 1 157 1 121 1 283 1 5 1 24 1 31 1 49 1 364 1 164 1 71 1 39 1 264 1 192 1 201 1 1 1 22 1 30 1 181 1 262 1 268 1
164 60 27 32 1 157 1 5 1 16 1 24 1 31 1 379 1 10 1 164 1 39 1 384 1 281 1 192 1 254 1 201 1 196 1 1 1 451 1 30 1 383 1 319 1 262 2 378 1 268 1 186 1 249 1 260 1
166 61 28 188 1 189 1 32 1 157 2 5 1 16 1 24 1 31 1 10 1 195 1 164 1 73 1 270 1 465 1 312 1 264 1 192 1 201 1 272 1 1 1 466 1 30 1 86 1 181 2 273 1 262 1 268 1 280 1
168 62 20 155 1 157 1 394 1 34 1 31 1 46 1 493 1 164 1 39 1 490 1 192 1 428 1 201 1 1 1 30 1 181 1 262 1 378 1 268 1 387 1
170 63 22 34 1 5 1 405 1 24 1 31 1 10 1 164 1 39 1 264 1 192 1 317 1 204 1 201 1 1 1 400 1 23 1 30 1 389 1 181 1 262 1 268 1 280 1
//IdTournes NbColis
11 6
//IdColis IdCommandeInColis NbProducts IdProd1 QtyProd1 IdProd2 QtyProd2 ...
172 64 17 18 1 188 1 194 1 193 1 157 1 5 1 24 1 31 1 240 2 195 1 164 1 197 1 487 1 192 1 201 1 1 1 30 1
174 65 19 32 1 157 1 34 1 5 1 16 1 24 1 31 1 10 1 199 1 164 1 73 1 201 1 272 1 1 1 30 1 392 1 262 1 391 1 198 1
176 66 19 194 1 157 1 34 1 5 1 24 1 31 1 264 1 478 1 192 1 390 1 201 1 196 1 1 1 80 1 30 1 481 1 181 1 262 1 268 1
178 67 20 16 1 24 1 31 1 164 1 221 1 73 1 462 1 264 1 485 1 192 1 201 1 272 1 1 1 466 1 30 1 302 1 181 1 262 1 198 1 268 1
180 68 13 24 1 31 1 199 1 321 1 164 1 73 1 201 1 272 1 1 1 22 1 30 1 343 1 198 1
182 69 18 24 1 31 1 89 1 164 1 71 1 73 1 264 1 192 1 201 1 269 1 396 1 272 1 1 1 30 1 181 1 262 1 268 1 314 1
//IdTournes NbColis
12 6
//IdColis IdCommandeInColis NbProducts IdProd1 QtyProd1 IdProd2 QtyProd2 ...
184 70 16 31 1 10 1 89 1 395 1 164 1 73 1 264 1 478 1 192 1 201 1 196 1 1 1 30 1 181 1 262 2 268 1
186 71 10 31 1 10 1 164 1 39 1 477 1 192 1 201 1 196 1 1 1 30 1
188 72 13 483 1 10 1 164 1 39 1 192 1 201 1 272 1 1 1 30 1 383 1 262 1 391 1 187 1
190 73 17 16 1 24 1 31 1 379 1 164 1 264 1 192 1 178 1 201 1 397 1 272 1 398 1 1 1 30 1 432 1 181 1 262 1
192 74 19 31 1 10 1 49 1 164 1 73 1 264 1 425 1 192 1 201 1 594 1 196 1 1 1 30 1 595 1 181 1 239 1 262 1 378 1 268 1
193 75 26 464 1 219 1 208 1 205 1 474 1 163 1 8 1 2 1 6 1 25 1 38 1 142 1 12 1 18 1 232 1 475 1 91 1 157 1 5 1 16 1 24 1 31 1 164 1 196 1 1 1 30 2
//IdTournes NbColis
13 6
//IdColis IdCommandeInColis NbProducts IdProd1 QtyProd1 IdProd2 QtyProd2 ...
196 76 13 31 1 10 1 164 1 192 1 201 1 196 1 1 1 23 1 488 1 30 1 181 1 262 1 268 1
198 77 14 31 1 10 1 124 1 164 1 73 1 264 1 237 1 192 1 272 1 1 1 30 1 181 1 262 1 268 1
200 78 15 31 1 10 1 164 1 39 1 264 1 192 1 178 1 196 1 1 1 30 1 507 1 181 1 180 1 262 1 268 1
9 3 16 27 1 28 1 219 1 208 1 291 2 289 1 290 1 293 1 163 1 8 1 2 1 6 1 7 1 14 1 25 1 198 1
20 7 16 27 1 28 1 136 1 252 1 150 1 205 1 220 1 353 1 163 1 8 1 2 1 4 1 7 1 41 1 37 1 61 1
34 12 13 27 1 28 1 3 1 136 2 150 1 120 1 144 1 163 1 11 1 2 1 4 1 7 1 143 1
//IdTournes NbColis
14 6
//IdColis IdCommandeInColis NbProducts IdProd1 QtyProd1 IdProd2 QtyProd2 ...
54 20 19 17 1 78 1 226 1 205 1 144 1 163 1 222 1 11 1 2 2 4 1 7 1 19 1 21 1 37 1 56 1 143 1 214 1 142 1 244 1
63 23 12 574 1 27 1 28 1 219 1 208 1 448 2 223 1 233 1 11 1 2 1 6 1 5 1
77 27 14 28 1 27 1 3 1 104 1 219 1 208 1 205 1 163 1 2 1 6 1 7 1 93 1 19 1 570 1
89 30 21 3 1 136 1 205 1 163 1 303 1 11 1 2 1 6 1 7 1 97 1 98 1 19 1 21 1 25 1 38 1 142 1 15 1 18 1 211 1 130 1 188 1
102 33 10 2 1 110 1 583 1 34 1 577 1 199 1 390 1 522 1 198 1 186 1
116 39 16 48 1 136 1 150 1 123 1 120 1 127 1 144 1 163 1 166 1 11 1 2 1 4 1 94 1 50 1 37 2 56 1
//IdTournes NbColis
15 6
//IdColis IdCommandeInColis NbProducts IdProd1 QtyProd1 IdProd2 QtyProd2 ...
128 43 21 69 1 328 1 136 1 408 1 208 1 205 1 163 1 11 1 444 1 2 1 6 1 7 1 25 1 443 1 38 1 142 1 232 1 12 1 18 1 188 1 192 1
130 44 18 17 1 219 1 208 1 223 1 332 1 346 2 163 1 11 1 2 1 4 1 7 1 43 1 19 1 21 1 37 1 56 1 460 1 142 1
132 45 19 468 1 136 1 472 1 150 1 331 2 144 1 120 1 163 1 11 1 2 1 4 1 7 1 83 1 37 1 56 1 58 1 141 1 325 1 5 1
159 58 22 3 1 218 1 292 1 285 1 145 1 233 1 2 1 6 1 401 1 21 1 25 1 117 1 38 1 213 1 12 1 18 1 284 1 307 1 194 1 91 1 265 1 201 1
167 62 21 17 1 489 1 150 1 120 1 144 1 163 1 2 1 4 1 7 1 19 1 21 1 37 1 56 1 380 1 153 1 13 1 15 1 325 1 188 1 191 1 196 1
179 68 22 3 1 218 1 292 1 285 1 353 1 233 1 2 1 6 1 7 1 19 1 21 1 25 1 38 1 213 1 12 1 18 1 284 1 307 1 194 1 157 1 5 1 192 1
//IdTournes NbColis
16 6
//IdColis IdCommandeInColis NbProducts IdProd1 QtyProd1 IdProd2 QtyProd2 ...
201 79 23 27 1 252 1 150 1 220 1 291 1 167 1 409 1 2 2 102 1 50 2 171 1 34 1 125 1 516 1 71 1 476 1 181 1 180 1 313 1 262 1 391 1 268 1 250 1
7 2 21 3 1 136 1 205 1 220 1 163 1 444 1 6 1 7 1 19 1 21 1 25 1 38 1 457 1 142 1 12 1 18 1 232 1 188 1 194 2 32 1 264 1
11 4 11 27 1 28 1 3 1 561 1 563 1 136 1 150 1 331 1 120 1 144 1 141 1
14 5 12 26 1 29 1 592 1 3 1 218 1 597 1 292 1 285 1 291 1 233 1 414 1 593 1
17 6 15 27 1 28 1 3 1 219 1 408 1 208 1 223 1 293 1 233 1 11 1 6 1 7 1 19 1 21 1 181 1
26 9 13 28 1 26 1 3 1 53 1 219 1 208 1 228 1 205 1 163 1 8 1 6 1 7 1 192 1
//IdTournes NbColis
17 6
//IdColis IdCommandeInColis NbProducts IdProd1 QtyProd1 IdProd2 QtyProd2 ...
29 10 17 28 1 3 1 136 1 150 1 228 1 205 1 220 1 163 1 4 1 7 1 19 1 21 1 50 1 37 1 56 1 58 1 44 1
37 13 15 27 1 28 1 3 1 136 1 150 1 205 1 220 1 163 1 4 1 7 1 19 1 21 1 37 1 56 1 5 1
40 14 16 66 1 3 1 136 1 150 1 120 1 144 1 163 1 4 1 7 1 19 1 21 1 50 1 37 1 56 1 58 1 34 1
45 16 16 26 1 29 1 3 1 227 1 223 1 233 1 8 1 6 1 7 1 19 1 21 1 50 1 25 1 38 1 213 1 164 1
47 17 15 27 1 3 1 69 1 219 1 227 1 131 2 223 1 233 1 288 1 8 1 6 1 7 1 19 1 21 1 193 1
69 25 15 28 1 27 1 3 1 136 1 208 1 123 1 205 1 163 1 8 1 4 1 7 1 94 1 96 1 19 1 164 1
//IdTournes NbColis
18 6
//IdColis IdCommandeInColis NbProducts IdProd1 QtyProd1 IdProd2 QtyProd2 ...
72 26 5 36 1 115 2 3 1 136 1 375 1
80 28 8 553 1 27 1 28 1 3 1 99 1 119 1 136 1 150 1
93 31 6 35 1 118 1 536 1 3 1 218 1 272 1
135 46 18 3 1 454 1 57 1 218 1 227 1 223 1 326 1 233 1 8 1 6 1 7 1 19 1 21 1 25 1 38 1 457 1 213 1 211 1
137 47 17 3 1 439 1 218 1 327 1 227 1 223 1 220 1 233 1 436 1 6 1 7 1 21 1 25 1 117 1 38 1 449 1 212 1
139 48 19 3 1 480 1 219 1 208 1 223 1 163 1 6 1 7 1 19 1 21 1 83 1 25 1 38 1 457 1 142 1 130 1 232 1 12 1 196 1
//IdTournes NbColis
19 6
//IdColis IdCommandeInColis NbProducts IdProd1 QtyProd1 IdProd2 QtyProd2 ...
141 49 15 26 1 28 1 3 1 218 1 226 1 227 1 223 1 233 1 6 1 7 1 19 1 21 1 25 1 38 1 181 1
153 55 20 3 1 136 1 150 2 205 1 220 1 163 1 4 1 7 1 19 1 21 1 37 1 56 1 494 1 142 1 13 1 15 1 475 1 188 1 194 1 196 1
155 56 18 82 1 3 1 219 1 227 1 223 1 233 1 6 1 7 1 19 1 21 1 25 1 38 1 175 1 142 1 232 1 12 1 18 1 192 1
171 64 20 3 1 492 1 218 1 227 1 223 1 233 1 388 1 393 1 6 1 7 1 19 1 21 1 50 1 25 1 38 1 58 1 213 1 232 1 12 1 272 1
175 66 21 3 1 218 1 292 1 223 1 233 1 482 1 6 1 7 1 108 1 42 1 19 1 21 1 25 1 72 1 38 1 213 1 232 1 12 1 18 1 188 1 164 1
177 67 23 3 1 218 1 448 1 223 1 233 1 6 1 7 1 21 1 50 1 25 1 117 1 38 1 213 1 232 1 12 1 18 1 188 1 194 1 91 1 294 1 157 1 5 1 335 1
//IdTournes NbColis
20 6
//IdColis IdCommandeInColis NbProducts IdProd1 QtyProd1 IdProd2 QtyProd2 ...
183 70 23 3 1 219 1 208 1 223 1 233 1 6 1 7 1 19 1 21 1 25 1 38 1 486 1 142 1 232 1 12 1 18 1 211 1 188 1 194 1 157 1 5 1 24 1 399 1
43 15 12 45 1 27 1 52 1 150 2 205 1 220 1 163 1 11 1 4 1 64 1 7 1 37 1
52 19 21 136 1 252 1 150 2 205 1 220 1 163 1 11 1 4 1 7 1 83 1 84 1 88 1 37 1 56 1 142 1 13 1 15 1 232 1 215 1 188 1 189 1
74 26 21 552 1 220 1 205 1 163 1 368 1 8 1 92 1 100 1 4 1 7 1 95 1 19 1 21 1 37 1 56 1 556 1 142 2 15 1 18 1 232 1 186 1
81 28 23 351 1 144 1 120 1 163 1 166 1 551 1 11 1 4 1 7 1 19 1 21 1 102 1 50 1 105 1 37 1 56 1 560 1 141 1 13 1 15 1 153 1 188 1 189 1
85 29 27 144 1 120 1 163 1 288 1 11 1 6 1 7 1 19 1 21 1 56 1 143 1 141 1 15 1 18 1 153 1 371 1 172 1 188 1 373 1 370 1 32 1 278 1 5 1 16 1 31 1 10 1 201 1
//IdTournes NbColis
21 6
//IdColis IdCommandeInColis NbProducts IdProd1 QtyProd1 IdProd2 QtyProd2 ...
98 32 30 25 1 117 1 38 1 212 1 213 1 12 1 18 1 232 1 188 1 194 1 207 1 121 1 157 1 5 1 24 1 31 1 10 1 164 1 248 1 221 1 39 1 256 1 264 1 204 1 201 1 196 1 30 1 181 1 262 1 268 1
108 36 18 17 1 136 1 151 1 139 1 150 1 120 1 144 1 145 1 163 1 129 1 11 1 4 2 7 1 19 1 21 1 50 1 37 1 251 1
111 37 21 136 1 367 1 139 1 150 1 120 1 131 1 144 1 163 1 167 2 8 1 4 1 50 1 37 1 56 1 185 1 153 1 171 1 15 1 18 1 188 1 366 1
113 38 17 52 1 136 1 422 1 150 2 120 1 144 1 163 1 166 1 174 1 134 1 11 1 4 1 7 1 37 1 56 1 141 1 126 1
119 40 23 150 1 120 1 144 1 170 1 159 1 163 1 174 1 11 1 4 1 50 1 37 1 56 1 58 1 411 1 168 1 133 1 152 1 141 1 137 1 138 1 153 1 13 1 32 1
122 41 20 17 1 136 1 150 1 144 1 163 1 287 1 11 1 4 1 7 1 42 1 14 1 426 1 19 1 21 1 37 1 56 1 152 1 297 1 304 1 141 1
//IdTournes NbColis
22 6
//IdColis IdCommandeInColis NbProducts IdProd1 QtyProd1 IdProd2 QtyProd2 ...
146 51 22 194 1 32 1 229 1 157 1 5 1 16 1 24 1 31 1 10 1 164 1 128 1 221 1 264 1 192 1 201 1 196 1 30 1 181 1 239 1 358 1 262 1 268 1
157 57 20 29 1 218 1 408 1 227 1 223 1 416 1 233 1 8 1 6 1 401 1 406 1 25 1 38 1 236 1 213 1 232 1 12 1 18 1 188 1 5 1
161 59 21 404 1 136 1 150 1 413 1 205 1 220 1 163 1 11 1 4 1 7 1 37 1 56 1 168 1 381 1 380 1 142 1 232 1 13 1 15 1 188 1 196 1
165 61 18 51 1 136 2 467 1 150 1 205 1 220 1 163 1 167 1 11 1 4 1 7 1 37 1 56 1 381 2 142 1 232 1 15 1 18 1
181 69 26 292 1 223 1 353 1 233 1 414 1 8 1 409 1 6 1 7 1 50 1 25 1 38 1 415 1 213 1 232 1 12 1 18 1 211 1 307 1 194 1 407 1 32 1 157 1 5 1 16 1 198 1
185 71 24 219 1 208 1 205 1 163 2 8 1 6 1 7 1 479 1 25 1 38 1 212 1 142 1 232 1 12 1 18 1 188 1 194 1 484 1 32 1 157 1 34 1 5 1 16 1 24 1
//IdTournes NbColis
23 6
//IdColis IdCommandeInColis NbProducts IdProd1 QtyProd1 IdProd2 QtyProd2 ...
187 72 25 218 1 285 1 436 1 290 1 233 1 414 1 8 1 6 1 7 1 25 1 38 1 415 1 143 1 213 1 232 1 12 1 18 1 307 1 194 1 32 1 157 1 5 1 16 1 24 1 31 1
189 73 20 48 1 218 1 227 1 223 1 233 1 8 1 6 1 50 1 25 1 38 1 213 2 232 1 12 1 18 1 307 1 194 1 91 1 157 1 5 1 268 1
191 74 24 136 1 208 1 205 1 163 1 11 1 4 1 7 1 93 1 37 1 56 1 143 2 142 1 15 1 18 1 211 1 130 1 232 1 427 1 188 1 189 1 157 1 5 1 24 1 221 1
195 76 24 218 1 227 1 448 1 223 1 491 1 233 1 8 1 6 1 7 1 25 1 38 1 212 2 213 1 12 1 18 1 232 1 188 1 194 1 34 1 497 1 157 1 5 1 24 1 496 1
197 77 26 218 1 292 1 285 1 233 1 8 1 6 1 7 1 50 1 25 1 38 1 213 1 12 1 18 1 284 1 495 1 211 1 149 1 307 1 194 1 158 1 91 1 157 1 5 1 16 1 24 1 201 1
199 78 25 219 1 227 1 511 1 223 1 233 1 134 1 8 1 4 1 7 1 42 1 37 1 56 1 142 1 13 1 15 1 232 1 311 1 188 1 194 1 591 1 515 1 34 1 157 1 24 1 201 1
//IdTournes NbColis
24 6
//IdColis IdCommandeInColis NbProducts IdProd1 QtyProd1 IdProd2 QtyProd2 ...
203 80 24 505 1 226 1 150 1 220 1 498 1 102 1 50 1 506 1 58 1 518 1 133 2 193 1 510 1 513 1 504 1 34 1 241 1 235 1 523 1 195 1 256 1 103 1 519 1 245 1
32 11 14 45 1 52 1 17 1 57 1 150 1 220 1 353 1 163 1 287 1 6 1 7 1 19 1 21 1 366 1
50 18 18 26 1 29 1 218 1 292 1 285 1 233 1 8 1 6 1 7 1 50 1 25 1 38 1 213 1 12 1 18 1 284 1 307 1 194 1
57 21 17 27 1 28 1 219 1 208 1 123 1 205 1 163 1 8 1 6 1 25 1 38 1 231 1 216 1 217 1 224 1 142 1 12 1
60 22 17 48 1 136 1 90 1 150 1 120 1 131 1 144 1 230 1 163 1 234 1 11 1 6 1 41 1 50 1 25 1 38 1 91 1
94 31 24 227 1 223 1 233 1 8 1 409 1 6 1 7 1 108 1 42 1 14 1 19 1 21 1 50 1 25 1 72 1 38 1 213 1 12 1 18 1 232 1 211 1 307 1 194 1 357 1
//IdTournes NbColis
25 6
//IdColis IdCommandeInColis NbProducts IdProd1 QtyProd1 IdProd2 QtyProd2 ...
125 42 17 27 1 28 1 219 1 208 1 170 1 205 1 163 1 8 1 6 1 50 1 25 1 38 1 473 1 460 1 309 1 142 1 296 1
143 50 18 26 1 28 1 218 1 227 1 223 1 233 1 8 1 6 1 7 1 50 1 37 1 443 1 56 1 213 1 232 1 15 1 18 1 264 1
147 52 16 26 1 28 1 218 1 227 1 223 1 448 1 233 1 167 1 8 1 6 1 7 1 25 1 38 1 236 1 213 2 232 1
149 53 16 26 1 29 1 219 1 208 1 139 1 351 1 205 1 163 1 234 1 288 1 8 1 6 1 37 1 455 1 38 1 236 1
151 54 17 45 1 456 1 136 1 150 1 144 1 120 1 163 1 11 1 6 1 7 1 50 1 25 1 38 1 168 1 141 1 153 1 15 1
163 60 21 27 1 136 1 150 1 461 1 120 1 144 1 163 1 8 1 6 1 37 1 38 1 381 1 382 1 141 1 153 1 15 1 18 1 137 1 188 1 191 1 181 1
//IdTournes NbColis
26 6
//IdColis IdCommandeInColis NbProducts IdProd1 QtyProd1 IdProd2 QtyProd2 ...
169 63 19 26 1 29 1 218 1 227 1 223 1 233 1 8 1 6 1 7 1 25 1 38 1 213 1 232 1 12 1 18 1 307 1 194 1 157 1 196 1
173 65 20 26 1 218 1 292 1 285 1 233 1 414 1 8 1 6 1 25 1 38 2 381 1 415 1 212 1 213 1 172 1 12 1 284 1 307 1 194 1 81 1
66 24 12 82 1 28 1 27 1 85 1 136 1 150 1 205 1 448 1 220 1 163 1 8 1 192 1
205 81 16 422 1 50 3 457 1 394 1 199 1 264 1 397 1 181 1 273 1 358 1 520 1 313 1 262 1 363 1 268 1 274 1
104 34 5 36 1 118 1 536 1 29 1 109 1
206 82 24 52 1 505 1 456 1 144 1 42 1 501 1 512 1 504 1 508 1 282 1 157 1 514 1 164 1 146 1 264 1 308 1 499 1 524 1 521 1 517 1 181 1 522 1 262 1 268 2
//IdTournes NbColis
27 6
//IdColis IdCommandeInColis NbProducts IdProd1 QtyProd1 IdProd2 QtyProd2 ...
208 83 16 220 1 509 1 234 1 500 1 14 1 296 1 502 1 34 1 148 1 476 1 503 1 181 1 262 1 268 1 190 1 276 1
209 84 13 26 1 29 1 50 1 212 1 207 1 34 1 49 1 79 1 264 1 103 1 181 1 262 1 268 1
1 1 6 35 1 36 1 118 1 17 1 136 1 196 1
84 29 5 115 2 35 1 17 1 369 1 157 1
23 8 9 45 1 48 1 574 1 51 1 136 1 150 1 205 1 220 1 163 1
210 85 13 26 1 29 1 50 1 525 1 34 1 279 1 264 1 535 1 181 1 527 1 262 1 349 1 268 1
//IdTournes NbColis
28 6
//IdColis IdCommandeInColis NbProducts IdProd1 QtyProd1 IdProd2 QtyProd2 ...
211 86 13 220 1 526 1 531 1 168 1 135 1 533 1 34 1 283 1 122 1 264 1 181 1 262 1 268 1
212 87 14 26 1 29 1 528 1 293 1 50 1 534 1 34 1 121 1 195 1 386 1 264 1 181 1 262 1 268 1
213 88 10 26 1 29 1 528 1 171 1 248 1 264 1 181 1 262 1 245 1 268 1
107 35 10 118 1 536 1 112 1 34 1 113 1 537 1 374 1 546 1 378 1 347 1
214 89 17 290 1 414 1 50 1 143 1 532 1 211 1 130 1 510 1 91 1 516 1 530 1 146 1 264 1 529 1 181 1 262 1 268 1
215 90 18 27 1 28 1 220 1 482 1 161 1 114 1 209 1 49 1 199 1 462 1 264 1 30 1 181 1 343 1 262 1 198 1 268 1 190 1
//IdTournes NbColis
29 6
//IdColis IdCommandeInColis NbProducts IdProd1 QtyProd1 IdProd2 QtyProd2 ...
216 91 15 292 1 491 1 50 1 72 1 168 1 156 1 264 1 60 1 181 1 262 1 268 1 547 1 417 1 548 1 399 1
217 92 17 539 1 509 1 293 1 166 1 50 1 152 1 34 1 146 1 264 1 441 1 545 1 181 1 262 1 245 1 268 1 543 1 203 1
218 93 13 26 1 28 1 414 1 50 1 541 1 415 1 34 1 264 1 550 1 445 1 181 1 262 1 268 1
219 94 21 26 1 28 1 123 1 170 1 474 1 234 1 50 1 58 1 211 1 538 1 193 1 34 1 542 1 89 1 195 1 549 1 462 1 197 1 192 1 389 1 521 1
6 2 6 115 1 118 1 536 1 28 1 150 1 180 1
73 26 6 35 1 118 1 536 1 119 1 150 1 157 1
//IdTournes NbColis
30 6
//IdColis IdCommandeInColis NbProducts IdProd1 QtyProd1 IdProd2 QtyProd2 ...
83 29 5 36 1 118 1 536 1 554 1 268 1
88 30 6 35 1 118 1 536 1 28 1 220 1 201 1
101 33 6 36 1 118 1 536 1 119 1 578 1 211 1
100 33 4 115 2 35 1 26 1 226 1
103 34 5 115 2 35 1 26 1 228 1 266 1
5 2 5 35 1 36 1 115 1 27 1 327 1
//IdTournes NbColis
31 5
//IdColis IdCommandeInColis NbProducts IdProd1 QtyProd1 IdProd2 QtyProd2 ...
87 30 5 36 1 115 2 27 1 150 1 239 1
92 31 4 36 1 115 2 27 1 367 1
106 35 9 115 1 35 1 36 1 105 1 415 1 217 1 540 1 371 1 544 1
2 1 6 115 2 536 1 582 1 150 1 120 1 584 1
105 34 3 143 1 34 1 361 1
