//NbTournees
23
//IdTournes NbColis
1 6
//IdColis IdCommandeInColis NbProducts IdProd1 QtyProd1 IdProd2 QtyProd2 ...
23 7 24 88 1 52 1 202 1 93 1 122 1 127 1 134 1 152 1 160 1 187 1 141 1 97 1 158 1 181 1 98 1 170 1 189 1 193 1 155 1 147 1 198 1 188 1 192 1 14 1
25 8 22 103 1 215 1 144 1 229 2 630 1 174 1 459 1 138 1 93 1 123 1 133 1 137 1 152 1 160 1 173 1 112 1 113 1 210 1 139 1 553 1 39 1 652 1
33 9 25 641 1 563 1 101 1 122 1 134 1 135 1 137 1 152 1 160 1 163 1 183 1 375 1 287 1 511 1 96 1 477 1 591 1 114 1 159 1 191 1 94 1 73 1 482 1 21 2 39 1
37 10 16 420 1 461 2 283 1 274 1 424 2 398 1 560 1 203 2 141 2 224 2 154 1 206 1 217 1 423 1 94 1 4 1
42 11 21 243 1 100 1 119 1 122 1 134 1 137 1 140 1 152 1 160 1 172 1 283 1 286 1 117 1 203 2 224 2 291 2 477 1 151 1 169 1 94 1 482 1
141 39 24 138 1 536 1 473 1 183 1 286 1 524 1 292 1 371 1 341 1 190 1 193 1 480 1 199 1 527 1 94 1 267 2 500 1 61 1 216 1 270 1 387 1 33 1 68 1 482 1
//IdTournes NbColis
2 6
//IdColis IdCommandeInColis NbProducts IdProd1 QtyProd1 IdProd2 QtyProd2 ...
10 3 17 203 2 141 2 224 1 383 1 338 1 220 1 423 1 218 2 308 1 151 1 373 1 506 1 527 3 204 1 304 1 31 1 43 2
26 8 15 213 1 130 3 148 1 221 1 222 2 269 1 424 1 460 1 286 2 449 3 118 1 203 2 55 2 649 1 22 1
48 12 18 371 1 191 1 193 1 478 1 95 1 171 1 542 1 467 1 102 1 110 3 115 1 304 1 309 1 233 2 562 1 116 2 150 2 85 1
51 13 25 643 1 231 1 678 1 230 1 122 1 134 1 140 1 228 1 225 1 227 1 236 1 534 1 95 1 120 1 164 1 232 1 240 1 180 1 188 1 235 1 238 2 239 2 194 1 209 1 21 1
53 14 21 103 1 215 1 144 1 229 1 211 1 214 1 122 1 134 1 135 1 137 1 152 1 160 1 398 1 203 1 141 1 219 1 220 1 440 1 278 1 444 1 75 1
56 15 21 211 1 160 1 475 1 287 1 203 2 141 1 224 1 154 1 323 1 334 1 488 1 218 2 294 1 371 1 189 1 290 1 197 1 204 1 102 1 47 1 60 1
//IdTournes NbColis
3 6
//IdColis IdCommandeInColis NbProducts IdProd1 QtyProd1 IdProd2 QtyProd2 ...
58 16 23 215 1 229 1 212 1 230 1 221 1 222 1 123 1 133 1 137 1 152 1 160 1 167 1 274 1 287 1 670 1 203 1 277 1 488 1 579 2 218 1 66 1 572 1 22 1
62 17 19 456 1 375 1 203 1 252 1 96 1 311 1 323 1 168 1 225 1 334 1 338 1 452 1 476 1 477 1 590 1 292 1 317 1 589 1 318 1
143 40 25 499 3 122 1 127 1 134 1 152 1 160 1 363 1 183 1 511 1 203 1 141 1 476 1 508 1 290 1 197 1 102 1 110 1 115 1 233 1 129 1 180 1 235 1 238 2 497 1 21 3
59 16 30 234 1 241 1 262 1 275 1 290 1 193 2 164 1 223 1 235 1 289 1 200 1 201 1 238 2 239 1 104 1 54 1 142 1 284 1 669 1 675 1 85 1 207 1 257 1 58 1 71 1 674 1 645 2 136 1 6 1 8 1
68 18 16 220 2 452 2 526 1 431 1 245 1 591 1 241 1 98 1 262 1 273 1 279 1 189 1 197 1 218 4 439 1 620 1
75 19 17 96 1 206 1 450 1 454 1 423 1 452 2 526 1 508 1 477 1 546 1 32 1 325 1 241 2 260 2 262 1 146 1 615 1
//IdTournes NbColis
4 6
//IdColis IdCommandeInColis NbProducts IdProd1 QtyProd1 IdProd2 QtyProd2 ...
19 6 23 34 1 90 1 70 1 174 1 295 1 305 1 122 1 134 1 135 1 137 1 319 1 152 1 160 1 329 1 112 1 128 1 130 1 148 2 96 1 154 1 517 1 39 1 21 1
47 12 19 438 1 221 1 424 1 274 1 224 1 96 1 154 1 168 1 225 1 334 1 477 1 146 1 156 1 218 2 439 1 455 1 234 1 448 2 569 1
80 20 22 89 1 499 1 298 1 122 1 134 1 137 1 152 1 160 1 331 1 186 1 287 1 253 1 141 1 96 1 277 1 546 2 430 1 114 1 310 1 290 1 21 1 39 1
84 21 23 231 1 259 1 134 1 137 1 152 1 160 1 183 1 287 1 96 1 312 1 322 1 337 1 342 1 671 1 294 1 343 1 290 1 447 1 182 1 547 1 565 1 64 1 482 1
86 22 23 92 1 230 1 307 1 122 1 133 1 135 1 137 1 152 1 160 1 328 1 274 1 228 1 287 1 96 1 477 1 325 1 579 1 302 1 308 1 310 1 332 1 105 1 21 2
124 33 20 423 2 452 1 96 1 272 1 334 1 476 1 477 1 271 1 146 2 218 1 455 1 371 1 190 1 193 1 478 1 199 1 204 1 102 1 109 1 489 1
//IdTournes NbColis
5 6
//IdColis IdCommandeInColis NbProducts IdProd1 QtyProd1 IdProd2 QtyProd2 ...
89 23 25 92 1 177 1 347 1 122 1 134 1 137 1 152 1 160 1 287 1 546 1 292 1 245 1 98 1 151 1 358 1 162 1 189 1 631 1 478 1 304 1 350 1 121 1 615 1 6 1 21 1
92 24 28 119 1 122 1 134 1 137 1 152 1 359 1 160 1 369 1 378 1 349 1 292 1 181 1 591 1 351 1 260 1 629 1 120 1 232 1 510 1 515 1 180 1 188 1 235 1 238 1 125 1 660 1 654 1 39 1
96 25 23 278 1 292 1 462 1 591 1 260 1 156 1 371 1 189 1 478 1 593 1 516 1 106 1 179 1 397 1 587 1 500 1 401 2 216 1 404 1 297 1 207 1 387 1 393 1
101 26 15 141 3 219 1 224 1 322 1 272 1 220 2 423 2 426 1 431 1 278 1 292 1 325 1 98 1 260 2 43 1
85 21 33 180 1 188 1 235 1 238 2 239 1 194 1 316 1 616 1 47 1 80 1 297 1 321 1 677 1 315 1 71 1 293 1 6 1 12 1 14 2 597 1 18 2 26 1 28 1 42 2 50 1 56 2 496 1 3 1 49 1 53 1 21 5 20 5 4 1
76 19 20 218 2 156 1 271 2 176 1 395 2 412 1 184 1 234 1 629 1 193 1 447 1 197 1 534 1 242 1 102 3 562 1 529 1 147 1 517 1 21 1
//IdTournes NbColis
6 6
//IdColis IdCommandeInColis NbProducts IdProd1 QtyProd1 IdProd2 QtyProd2 ...
14 4 22 364 1 141 1 224 2 544 1 55 1 154 1 503 1 342 1 546 1 32 1 353 1 325 1 98 1 162 1 276 1 176 1 505 1 193 1 478 1 509 1 31 1 21 2
20 6 17 407 1 220 2 423 2 427 2 277 1 477 1 546 1 245 1 556 1 98 1 170 1 218 2 176 1 505 1 31 1 490 1 553 1
38 10 17 423 2 338 1 477 1 431 1 579 1 98 2 143 1 156 1 165 1 176 1 190 1 218 4 279 1 234 1 448 1 500 1 22 3
106 27 21 370 1 563 1 140 1 160 1 335 1 280 1 228 1 375 1 256 1 323 1 277 1 374 1 508 1 98 1 345 1 373 1 376 1 290 1 619 1 47 1 489 1
145 41 22 537 1 539 1 134 1 137 1 335 1 186 1 113 1 258 1 417 1 460 1 383 1 225 1 479 1 252 1 217 1 525 1 526 1 98 1 184 1 223 1 482 1 21 1
109 28 21 370 1 592 1 295 1 346 1 122 1 134 1 137 1 390 1 152 1 160 1 396 1 398 1 228 1 588 1 378 1 389 1 544 1 272 1 368 1 278 1 586 1
//IdTournes NbColis
7 6
//IdColis IdCommandeInColis NbProducts IdProd1 QtyProd1 IdProd2 QtyProd2 ...
7 2 33 238 1 239 2 200 1 379 1 247 1 47 5 65 3 77 1 85 1 86 1 297 1 111 1 37 1 535 1 344 1 79 1 87 1 56 3 3 1 49 1 53 3 29 1 10 1 2 3 24 1 5 1 44 2 51 1 57 2 62 3 21 5 20 5 4 1
81 20 24 470 1 197 1 110 2 115 1 31 1 414 1 515 1 565 2 180 1 200 1 201 1 235 1 238 2 239 2 408 1 47 2 296 1 301 1 207 1 320 1 321 1 324 1 33 1 645 1
6 2 25 81 1 380 1 114 1 388 1 373 1 465 1 466 1 470 1 146 1 121 2 318 1 458 1 240 1 102 1 110 1 31 1 66 1 457 1 223 1 180 1 188 1 235 2 238 1 47 1 21 2
114 29 10 3 1 53 2 381 1 44 1 51 1 57 1 62 2 610 1 21 4 20 4
115 30 21 254 1 122 1 134 1 137 1 152 1 160 1 335 1 280 1 228 1 402 1 311 1 312 1 278 2 143 1 156 1 332 2 190 1 191 1 182 1 235 1 381 1
142 39 27 41 1 492 1 99 1 60 5 19 1 6 1 12 1 8 1 485 1 59 1 14 2 18 2 23 1 26 1 42 2 50 2 484 1 487 1 493 1 494 1 24 1 381 1 44 1 51 1 57 1 62 2 483 1
//IdTournes NbColis
8 6
//IdColis IdCommandeInColis NbProducts IdProd1 QtyProd1 IdProd2 QtyProd2 ...
147 42 29 202 1 305 1 122 1 134 1 135 1 137 1 152 1 160 1 329 1 474 1 398 1 183 1 353 1 162 1 180 1 188 1 192 1 238 1 239 1 194 1 178 1 463 1 481 1 344 2 472 1 6 1 12 1 14 2 18 2
78 19 35 126 1 264 1 399 1 637 1 30 2 25 1 72 1 74 1 686 1 38 1 71 2 244 1 645 1 532 1 105 3 136 1 485 1 552 1 684 1 601 1 56 1 63 1 1 1 564 2 35 1 494 1 2 3 44 1 51 1 57 1 62 2 21 3 20 4 4 2 22 1
90 23 36 354 1 360 1 372 1 516 1 106 1 355 1 180 1 188 1 192 1 238 1 239 1 194 1 107 1 615 2 65 1 463 1 37 1 72 2 644 1 76 1 244 1 12 1 638 1 639 1 14 2 18 2 26 1 28 1 42 2 50 2 494 1 53 2 523 2 48 1 21 3 20 3
144 40 20 239 2 200 1 201 1 285 1 512 1 502 1 521 1 244 1 6 1 12 1 14 2 18 2 26 1 28 1 42 2 50 2 3 1 53 1 21 2 20 5
16 4 24 255 1 481 1 33 1 30 1 37 1 41 2 83 1 74 1 344 1 36 1 38 1 64 1 6 1 12 1 8 1 14 2 26 1 28 1 42 2 50 2 18 2 17 1 56 1 20 4
146 41 21 376 1 339 1 223 1 129 1 180 1 235 2 238 2 239 2 200 1 201 1 313 1 344 1 490 1 19 1 64 1 496 1 63 1 2 2 62 2 21 4 20 4
//IdTournes NbColis
9 6
//IdColis IdCommandeInColis NbProducts IdProd1 QtyProd1 IdProd2 QtyProd2 ...
149 43 33 82 1 366 1 122 1 134 1 186 1 168 1 368 1 501 1 505 1 515 1 180 1 188 1 235 1 238 2 239 1 200 1 514 1 303 1 37 1 25 1 344 1 75 1 519 1 56 1 3 1 53 2 2 2 44 2 51 1 57 2 62 2 21 5 20 5
87 22 37 273 1 333 1 341 1 193 1 197 1 318 1 516 1 596 1 235 1 238 1 239 1 289 1 200 1 201 1 313 1 104 1 340 1 297 1 30 2 37 1 41 1 83 1 76 1 6 1 12 1 14 2 18 2 23 1 26 1 42 2 50 2 601 1 496 2 35 2 53 1 21 2 20 3
103 26 21 268 2 413 3 339 1 565 1 355 1 205 1 408 2 270 2 445 1 404 1 65 1 297 1 361 1 387 1 399 2 405 1 30 1 83 1 9 1 43 4 416 1
118 31 31 388 1 191 1 31 1 147 1 397 1 500 1 200 1 201 1 235 1 238 2 239 2 289 1 16 1 142 2 340 1 540 1 285 1 468 1 77 1 297 1 361 1 185 1 405 1 33 1 11 1 622 1 626 1 519 1 56 2 63 1 611 1
31 8 46 403 2 463 1 469 1 637 1 603 1 125 1 37 1 72 1 73 3 685 1 657 1 38 1 208 1 497 1 99 1 43 1 108 1 75 2 84 1 79 1 124 1 105 2 136 1 64 1 6 1 12 1 661 1 650 1 14 2 18 2 655 1 23 1 656 1 26 1 50 2 42 2 518 2 612 1 56 2 63 1 35 1 494 1 570 1 21 4 624 1 20 4
36 10 19 584 1 90 1 581 1 573 1 144 1 229 2 177 1 370 1 539 1 135 1 160 1 167 1 186 1 113 1 130 1 438 1 55 1 99 1 48 1
//IdTournes NbColis
10 6
//IdColis IdCommandeInColis NbProducts IdProd1 QtyProd1 IdProd2 QtyProd2 ...
97 25 28 399 2 403 2 481 1 405 1 603 1 68 1 72 2 132 1 76 1 382 1 384 1 60 5 385 1 486 1 645 1 6 1 12 1 14 2 18 2 26 1 28 1 42 2 50 2 1 1 35 1 53 1 602 1 598 1
17 5 24 78 1 160 1 326 1 335 1 228 1 139 1 55 1 154 1 277 1 227 1 476 1 317 1 345 1 302 1 358 1 170 1 371 1 341 1 304 1 179 1 517 1 60 1 59 1 482 2
64 17 22 587 1 299 1 47 2 264 1 603 1 68 2 83 1 72 1 38 1 60 5 533 1 569 1 6 1 12 1 14 2 18 2 23 1 26 1 42 2 50 2 604 1 35 1
110 28 36 476 1 245 1 386 1 165 1 169 1 279 1 534 1 414 1 594 1 596 1 180 1 188 1 235 1 238 1 239 1 194 1 104 1 131 1 377 1 73 1 6 1 12 1 14 2 597 2 18 2 26 1 28 1 42 2 56 2 63 1 3 1 49 1 53 1 21 5 20 4 483 1
120 32 21 681 1 327 1 592 1 305 1 160 1 326 1 335 1 228 1 227 1 342 1 55 1 245 1 358 1 169 1 412 1 189 1 190 1 197 1 534 1 204 1 102 1
69 18 19 455 1 448 1 478 1 534 1 409 1 542 1 467 1 164 1 204 1 102 2 110 2 115 1 179 1 116 4 680 1 107 1 247 1 595 1 682 1
//IdTournes NbColis
11 6
//IdColis IdCommandeInColis NbProducts IdProd1 QtyProd1 IdProd2 QtyProd2 ...
123 33 17 103 1 261 1 215 1 144 1 451 1 370 1 213 1 263 1 148 1 456 1 286 1 160 1 335 1 228 1 224 2 220 1 204 1
112 29 23 144 1 370 1 101 1 123 1 133 1 137 1 359 1 363 1 214 1 221 1 286 1 139 1 266 1 383 1 277 1 338 1 422 1 606 1 353 1 325 1 589 1 2 1 21 1
49 12 35 300 1 413 1 47 1 301 1 207 1 377 1 303 1 68 1 583 1 577 1 25 1 83 1 74 2 38 1 60 5 109 1 124 1 6 1 12 1 14 2 18 2 26 1 28 1 42 2 50 2 578 1 56 2 496 1 35 1 48 1 575 1 29 2 570 1 10 1 558 1
11 3 41 233 2 543 2 267 1 507 1 16 1 61 1 270 1 47 4 65 3 403 1 303 1 504 1 33 1 68 2 37 1 41 1 83 1 535 1 72 3 74 1 9 1 43 2 557 2 554 1 15 1 246 1 251 1 105 1 45 1 555 1 6 1 12 1 14 2 18 2 23 1 26 1 42 2 50 2 4 1 22 1 27 1
3 1 25 236 1 360 1 182 2 110 3 115 1 240 1 201 1 235 2 238 2 239 2 289 1 200 1 16 2 54 1 406 1 410 1 47 2 65 4 77 1 178 1 13 1 68 1 83 1 11 2 19 1
13 4 23 522 1 366 1 212 1 177 1 101 1 346 1 122 1 352 1 134 1 137 1 356 1 152 1 160 1 363 1 365 1 113 1 213 1 130 1 453 1 287 1 139 1 46 1 21 1
//IdTournes NbColis
12 6
//IdColis IdCommandeInColis NbProducts IdProd1 QtyProd1 IdProd2 QtyProd2 ...
72 19 18 103 3 215 1 144 1 229 1 630 1 101 1 248 1 249 1 254 1 123 1 259 1 133 1 137 1 112 2 113 1 152 1 32 1 482 1
128 34 35 272 1 338 1 218 2 115 1 179 1 414 1 237 1 239 2 289 1 200 1 201 1 238 2 247 1 408 1 25 1 492 1 76 1 6 1 12 1 14 2 18 2 26 1 28 1 42 2 50 2 601 1 56 2 604 1 53 1 523 1 21 5 20 4 4 1 22 1 27 1
131 35 38 193 1 197 1 534 1 31 1 330 1 635 1 200 1 201 1 235 1 238 2 239 1 289 1 247 1 301 1 418 1 226 1 336 1 481 1 25 1 9 1 521 1 64 1 6 1 12 1 14 2 18 2 26 1 28 1 42 2 50 2 613 1 56 2 640 1 494 1 53 2 611 1 21 5 20 5
151 44 37 520 1 202 1 135 1 160 1 322 1 323 1 513 1 55 1 189 1 478 1 197 1 318 1 516 1 31 1 510 1 517 1 247 1 65 1 25 1 132 1 60 5 521 1 105 1 6 1 12 1 8 2 14 2 18 2 26 1 28 1 50 2 518 1 487 1 496 1 63 1 53 1 10 1
30 8 26 413 1 471 1 547 1 180 1 235 2 200 1 201 1 238 2 239 2 104 1 107 1 205 1 216 1 445 2 468 1 658 1 615 2 47 3 65 1 625 1 77 1 111 1 153 1 185 1 403 1 21 1
39 10 17 448 1 171 2 467 1 102 1 110 3 179 1 116 2 150 1 223 2 198 1 129 1 131 1 142 2 205 3 216 1 445 1 14 1
//IdTournes NbColis
13 6
//IdColis IdCommandeInColis NbProducts IdProd1 QtyProd1 IdProd2 QtyProd2 ...
77 19 25 147 1 507 1 633 1 528 1 594 1 636 1 515 1 237 1 180 1 188 1 235 2 238 2 239 2 194 1 54 1 205 1 445 1 568 1 47 3 65 3 625 1 255 1 626 1 21 1 22 1
15 4 26 467 1 357 1 155 1 102 2 110 1 545 1 267 1 268 2 330 1 175 1 547 1 237 1 188 1 192 1 238 1 194 1 195 1 196 1 313 1 104 1 47 2 65 1 77 2 80 1 85 1 21 2
21 6 25 341 1 506 1 478 1 480 1 343 1 102 1 110 2 115 1 330 1 150 1 129 1 188 1 180 1 235 1 238 2 239 1 194 1 313 1 428 1 67 1 549 1 65 3 301 1 111 1 71 1
29 8 16 648 1 171 2 467 1 164 1 102 1 110 1 647 1 516 1 106 1 147 1 116 3 150 4 330 2 175 1 61 1 8 1
43 11 22 176 1 184 1 197 1 199 1 265 1 276 1 609 1 193 1 480 1 619 1 120 1 121 1 102 1 110 2 115 1 233 2 175 1 528 1 515 1 282 1 615 1 48 1
46 12 18 538 1 103 1 144 1 229 1 327 1 177 1 563 1 112 1 113 1 128 1 130 1 148 1 314 1 160 1 326 1 186 1 283 1 102 1
//IdTournes NbColis
14 6
//IdColis IdCommandeInColis NbProducts IdProd1 QtyProd1 IdProd2 QtyProd2 ...
54 14 24 477 1 55 1 446 1 666 1 667 1 668 1 672 1 673 1 146 1 176 1 371 1 341 1 447 1 193 1 478 1 102 1 233 1 147 1 397 1 180 1 188 1 235 1 238 1 239 1
102 26 18 156 1 358 1 170 1 341 1 218 1 276 1 234 1 193 1 343 1 197 1 467 1 102 3 110 1 115 2 562 1 150 3 268 1 65 1
121 32 31 102 1 304 1 115 2 233 1 150 1 268 1 413 1 414 1 237 1 107 1 16 1 47 1 65 3 306 1 255 1 336 1 399 1 288 1 637 1 30 2 83 1 74 1 492 1 60 5 109 2 75 1 6 1 12 1 14 2 18 2 26 1
125 33 13 102 1 110 3 115 1 281 1 401 1 408 1 216 2 270 3 445 1 387 1 399 2 403 2 166 1
67 18 15 130 2 214 1 417 1 148 1 283 1 560 1 286 2 266 1 272 1 278 1 206 2 407 1 411 1 437 2 526 1
1 1 19 88 1 89 1 92 1 70 1 103 1 215 1 231 1 230 1 563 1 122 1 134 1 152 1 335 1 258 1 417 1 269 1 420 1 424 1 61 1
//IdTournes NbColis
15 6
//IdColis IdCommandeInColis NbProducts IdProd1 QtyProd1 IdProd2 QtyProd2 ...
61 17 17 103 1 215 1 144 1 229 2 563 1 112 2 113 1 258 1 148 1 269 1 135 1 160 1 335 1 228 1 283 1 139 1 39 1
66 18 16 676 1 683 1 103 2 144 2 229 3 177 1 135 1 280 1 228 1 183 1 112 1 258 1 128 1 482 2 4 1 22 1
99 26 14 82 1 103 1 215 1 451 1 229 3 177 1 160 1 363 1 274 1 112 1 113 2 263 2 283 1 482 1
113 29 29 159 1 395 1 332 1 184 1 234 1 373 1 447 1 233 1 330 1 413 1 507 1 180 1 235 1 238 2 239 1 200 1 201 1 104 1 142 1 615 1 257 1 37 2 73 1 76 1 486 1 623 1 56 2 63 1 2 1
133 36 26 119 1 122 1 127 1 134 1 152 1 160 1 363 1 396 1 419 1 415 1 430 1 55 4 310 1 412 1 371 1 341 1 465 1 429 1 596 1 180 1 188 1 192 1 238 1 6 1 21 1 39 1
135 37 23 34 1 177 1 432 1 123 1 133 1 137 1 390 1 140 1 152 1 160 1 441 1 167 1 443 1 274 1 253 1 415 1 436 1 225 1 561 1 332 1 37 1 21 1 39 1
//IdTournes NbColis
16 6
//IdColis IdCommandeInColis NbProducts IdProd1 QtyProd1 IdProd2 QtyProd2 ...
107 27 37 120 1 164 1 240 1 47 1 65 3 77 3 377 1 646 1 603 1 33 1 30 2 37 1 25 1 83 1 74 1 492 1 38 1 580 2 60 5 11 1 15 2 665 1 105 1 6 1 12 1 651 1 659 1 14 2 18 2 26 1 28 1 42 2 50 2 496 1 63 1 3 1 39 1
52 13 22 107 1 65 1 207 1 226 2 514 1 33 2 68 1 30 1 37 1 83 1 550 1 56 1 63 1 53 1 575 1 2 2 44 1 51 1 57 1 62 2 21 4 20 4
140 38 25 625 1 85 2 207 1 226 1 463 1 68 1 25 2 73 1 19 1 6 1 12 1 14 2 18 2 23 1 26 1 42 2 50 2 612 1 56 2 496 2 63 1 598 1 621 1 21 4 20 5
136 37 29 470 1 106 1 147 2 180 1 235 1 238 2 239 1 200 1 201 1 131 2 405 1 367 1 25 1 83 1 582 1 132 1 6 1 12 1 14 2 18 2 23 1 26 1 42 2 50 2 56 2 1 1 53 2 21 4 20 4
57 15 30 110 1 115 1 233 2 237 1 107 1 316 1 47 1 65 1 37 1 495 1 71 1 132 1 60 4 11 1 486 1 491 1 64 1 6 1 12 1 14 2 18 2 23 1 26 1 42 2 50 2 498 1 56 1 496 1 3 1 10 1
93 24 35 238 1 239 1 194 1 107 2 255 1 514 1 637 1 37 1 157 2 367 1 83 1 74 1 73 3 657 1 580 2 664 1 9 1 132 1 75 1 8 1 59 1 653 1 28 1 56 1 49 1 523 1 570 1 2 2 44 1 51 1 57 1 62 2 21 5 20 4 22 2
//IdTournes NbColis
17 6
//IdColis IdCommandeInColis NbProducts IdProd1 QtyProd1 IdProd2 QtyProd2 ...
5 2 19 7 1 52 2 327 1 537 1 249 1 123 1 352 1 133 1 137 1 391 1 392 1 167 1 326 1 160 1 329 1 269 1 55 2 168 1 303 1
130 35 21 642 1 643 1 618 1 563 1 249 1 254 1 122 1 134 1 137 1 152 1 160 1 118 1 425 1 634 1 312 1 168 1 225 1 388 1 310 1 332 1 65 1
70 18 35 600 1 47 1 65 2 288 1 33 1 68 1 37 1 41 1 83 2 72 1 74 1 250 1 208 1 599 1 132 1 43 2 60 3 109 2 124 2 6 1 12 1 552 1 14 2 18 2 23 1 26 1 42 2 50 2 601 1 519 1 602 1 44 1 51 1 57 1 62 2
82 20 26 336 1 37 1 535 1 73 1 250 3 109 1 521 1 416 1 533 1 6 1 12 1 14 2 18 2 26 1 28 1 42 2 50 2 601 1 56 2 1 2 3 1 640 2 53 2 21 4 20 5 4 3
55 14 15 194 1 435 2 47 1 433 1 336 1 37 1 76 1 679 5 498 1 56 1 35 2 49 1 53 2 21 5 20 4
9 3 18 78 1 91 1 82 1 261 1 144 2 211 1 112 1 113 1 213 1 128 1 130 1 263 1 160 1 283 1 456 2 55 1 69 1 43 1
//IdTournes NbColis
18 6
//IdColis IdCommandeInColis NbProducts IdProd1 QtyProd1 IdProd2 QtyProd2 ...
2 1 23 348 1 349 1 139 2 266 1 40 1 154 1 168 1 225 1 338 1 421 1 422 1 426 1 431 1 32 1 156 1 176 1 146 1 218 1 234 1 191 1 73 1 21 2 39 1
95 25 20 52 1 627 1 687 1 605 1 362 1 366 1 160 1 274 1 283 1 228 1 348 1 139 1 266 1 154 2 323 1 168 1 368 1 278 1 585 1 39 1
153 45 28 538 1 212 1 160 1 420 1 219 1 338 1 32 1 114 1 388 1 151 1 165 1 190 1 534 1 542 1 507 1 281 1 468 1 30 1 43 5 532 1 6 1 12 1 14 2 18 2 23 1 26 1 42 2 39 1
139 38 24 219 1 278 1 430 1 325 1 388 1 439 1 156 1 159 1 290 1 199 1 448 1 115 1 200 1 201 1 235 1 238 2 239 2 289 1 313 1 517 1 216 1 445 1 616 1 47 1
22 6 23 306 1 68 1 125 1 37 2 83 1 25 1 9 1 69 1 76 1 75 1 84 1 548 2 550 2 552 1 56 2 48 1 2 2 44 1 51 1 57 1 62 2 21 4 20 4
73 19 12 214 3 263 2 213 1 128 3 130 2 148 1 392 1 438 2 221 1 441 1 443 1 253 1
//IdTournes NbColis
19 6
//IdColis IdCommandeInColis NbProducts IdProd1 QtyProd1 IdProd2 QtyProd2 ...
63 17 19 591 1 271 1 184 1 341 1 455 1 191 1 193 1 480 1 290 1 197 1 448 1 534 1 66 1 116 3 150 1 268 3 339 1 565 1 572 1
74 19 16 396 1 369 1 283 1 453 1 424 1 461 3 456 2 286 1 117 1 256 1 139 1 141 3 266 1 224 2 217 1 575 1
155 46 35 122 1 127 1 134 1 152 1 160 1 118 1 120 1 529 1 397 1 510 1 528 1 180 1 235 1 238 1 239 1 200 1 201 1 531 1 530 1 6 1 12 1 14 2 18 2 26 1 28 1 42 2 50 2 487 1 17 1 56 2 496 1 3 1 53 2 21 4 20 4
34 9 38 632 1 290 1 120 1 149 1 155 1 164 1 182 1 200 1 201 1 235 1 238 2 239 2 289 1 616 1 65 1 86 1 145 1 161 1 166 1 157 1 41 1 645 1 6 1 12 1 14 2 18 2 26 1 42 2 50 2 56 2 496 1 494 1 575 1 21 3 624 1 20 5 4 1 27 2
138 38 23 618 1 628 1 229 1 123 1 213 1 133 1 137 1 214 1 438 1 152 1 160 1 442 1 396 1 274 1 228 1 449 1 608 1 434 1 141 2 81 1 48 1 21 1 27 1
127 34 21 52 1 229 1 327 1 212 1 138 1 123 1 133 1 137 1 152 1 160 1 326 1 172 1 274 1 228 1 186 1 417 1 148 1 141 2 168 1 55 1 235 1
//IdTournes NbColis
20 6
//IdColis IdCommandeInColis NbProducts IdProd1 QtyProd1 IdProd2 QtyProd2 ...
100 26 18 263 1 213 1 128 2 130 1 214 1 438 1 269 1 221 1 420 1 424 1 286 2 280 1 228 1 398 1 287 1 139 1 266 1 32 1
44 11 37 281 1 180 1 188 1 200 1 235 1 238 2 239 1 285 1 61 1 615 1 47 3 65 3 68 1 583 1 58 1 492 3 580 1 9 1 132 1 124 1 6 1 12 1 14 2 18 2 23 1 26 1 42 2 50 2 613 1 56 1 570 1 621 1 614 1 21 5 624 1 20 4 22 1
40 10 32 445 1 404 2 566 1 77 1 85 3 126 1 178 1 185 1 399 2 125 1 535 1 580 1 60 5 574 1 571 1 64 1 6 1 12 1 14 1 18 2 26 1 28 1 42 2 50 2 567 1 493 1 56 1 564 2 35 1 576 1 572 1 27 1
116 30 27 515 1 238 2 239 2 289 1 200 1 201 1 226 1 400 1 68 1 37 1 620 1 132 1 6 1 12 1 14 2 18 2 26 1 28 1 42 2 50 2 601 2 56 2 1 1 35 2 53 2 21 5 20 4
156 47 6 52 1 133 1 511 1 500 1 68 1 583 1
117 31 18 7 1 618 1 617 1 627 1 370 1 541 2 539 1 134 1 137 1 392 1 152 1 160 1 363 1 394 1 186 1 402 1 607 1 73 1
//IdTournes NbColis
21 6
//IdColis IdCommandeInColis NbProducts IdProd1 QtyProd1 IdProd2 QtyProd2 ...
27 8 11 141 2 224 2 154 1 168 1 217 2 452 3 272 1 334 1 426 3 464 1 430 1
28 8 16 427 2 590 2 606 2 607 1 462 1 579 1 156 1 162 1 146 1 176 1 275 1 184 1 234 1 470 1 199 1 61 1
134 36 28 238 1 239 2 194 1 61 1 418 1 603 1 30 2 25 1 73 2 38 1 620 1 664 1 76 1 12 1 14 2 18 2 23 1 26 1 42 2 50 2 519 1 56 2 3 1 640 2 53 1 523 1 21 4 20 4
18 5 20 414 1 340 1 47 1 77 1 85 1 68 1 25 1 41 1 58 1 60 4 12 1 6 1 14 2 23 1 26 1 42 2 50 2 18 2 63 1 49 1
24 7 18 194 1 195 1 196 1 238 1 61 2 47 1 662 1 663 1 6 1 12 1 14 1 18 2 26 1 28 1 42 2 50 2 21 4 20 3
157 48 7 40 2 290 1 68 1 74 2 43 5 688 1 42 2
//IdTournes NbColis
22 6
//IdColis IdCommandeInColis NbProducts IdProd1 QtyProd1 IdProd2 QtyProd2 ...
60 16 19 12 1 14 2 18 2 23 1 26 1 42 2 50 2 612 1 56 1 496 1 1 1 3 1 35 1 53 2 610 1 21 5 624 3 20 5 4 1
119 31 14 1 2 564 1 35 1 576 1 10 1 2 3 44 1 51 1 57 1 62 2 482 1 21 5 20 4 27 1
4 1 13 75 1 56 2 1 1 35 2 10 1 2 3 44 1 51 1 57 1 62 2 21 3 20 4 22 1
104 26 14 11 1 6 1 12 1 8 1 14 2 18 2 26 1 28 1 42 2 50 2 56 2 1 1 564 1 35 1
154 45 5 50 2 63 1 53 2 559 1 551 1
122 32 5 28 1 42 2 50 2 35 2 53 1
//IdTournes NbColis
23 1
//IdColis IdCommandeInColis NbProducts IdProd1 QtyProd1 IdProd2 QtyProd2 ...
12 3 2 56 2 523 2
