//NbTournees
14
//IdTournes NbColis
1 6
//IdColis IdCommandeInColis NbProducts IdProd1 QtyProd1 IdProd2 QtyProd2 ...
79 31 35 211 1 363 1 187 1 99 1 106 1 110 1 194 1 182 1 78 1 139 1 207 1 58 1 235 1 176 1 47 1 60 1 65 1 69 1 36 1 43 1 82 1 45 1 56 1 64 1 68 1 73 1 48 1 191 1 83 1 126 1 142 1 137 1 138 1 145 1 210 1
1 1 21 40 1 51 1 16 1 29 1 24 1 20 1 99 1 106 1 22 1 23 1 250 1 110 1 114 2 117 2 1 1 8 1 34 1 61 1 62 1 121 1 124 2
61 22 24 6 1 209 1 99 1 106 1 117 2 110 1 114 2 208 1 121 1 130 2 132 1 124 2 78 1 197 1 102 1 47 1 60 1 65 1 69 1 36 1 43 1 82 1 45 1 93 1
81 32 35 99 1 106 1 110 1 114 1 182 1 1 1 239 1 19 1 47 1 60 1 65 1 69 1 36 1 43 1 45 1 56 1 68 1 73 1 222 1 48 1 126 1 137 1 138 1 142 1 145 1 147 1 151 1 153 1 155 1 157 1 159 1 14 1 67 1 70 1 234 1
2 1 31 132 1 170 2 193 1 2 1 50 1 139 1 13 1 47 1 60 1 65 1 69 1 36 1 43 1 45 2 56 2 64 2 68 2 73 1 48 1 126 1 137 2 138 2 142 1 145 1 147 2 151 2 153 2 155 1 157 1 159 1 14 1
4 2 21 6 1 51 1 119 1 123 1 125 1 99 1 106 1 23 1 110 1 114 2 117 2 77 1 121 1 124 2 130 2 132 1 2 1 50 1 78 1 102 1 31 1
//IdTournes NbColis
2 6
//IdColis IdCommandeInColis NbProducts IdProd1 QtyProd1 IdProd2 QtyProd2 ...
21 7 23 88 1 51 1 16 1 9 1 99 1 106 1 109 1 217 1 110 1 114 2 117 2 152 1 158 2 2 1 50 1 107 1 139 1 37 1 58 1 214 1 18 1 225 1 156 1
27 9 23 6 1 141 1 106 1 99 1 114 2 117 2 127 1 110 1 121 1 124 2 130 2 132 1 136 1 143 1 152 1 2 1 50 1 262 1 58 1 135 1 18 1 25 2 105 1
34 12 21 51 1 141 1 123 1 249 1 148 1 245 1 106 1 99 1 250 1 114 2 117 2 110 2 121 2 124 2 130 2 132 1 2 1 50 1 139 1 257 1 91 1
37 13 23 6 1 119 1 125 1 169 1 177 1 106 1 99 1 217 1 114 2 117 2 110 2 2 1 50 1 139 1 37 1 58 1 175 2 116 1 171 1 18 1 226 1 91 1 176 1
42 15 27 211 1 41 1 213 1 164 1 99 1 221 1 114 2 117 1 110 1 121 1 124 1 132 1 170 2 229 1 2 1 50 1 162 1 102 1 212 1 214 1 26 1 134 1 122 1 47 1 60 1 65 1 166 1
58 21 24 6 1 123 1 99 1 106 1 216 1 117 1 110 1 114 2 218 1 121 1 130 2 132 1 124 1 2 1 50 1 215 1 161 2 139 1 226 1 134 3 156 1 47 1 60 1 65 1
//IdTournes NbColis
3 6
//IdColis IdCommandeInColis NbProducts IdProd1 QtyProd1 IdProd2 QtyProd2 ...
77 30 32 40 1 254 1 99 1 106 1 110 1 114 2 117 1 8 1 143 1 152 1 252 1 2 1 19 1 78 1 241 1 243 1 116 1 134 1 47 1 60 1 65 1 69 1 36 1 43 1 45 1 56 1 64 1 68 1 73 1 48 1 190 1 258 1
7 3 20 41 1 46 1 51 1 29 1 119 1 283 1 347 1 187 1 15 1 164 1 99 1 22 1 30 1 59 1 114 3 117 2 110 2 3 1 8 1 175 1
11 4 22 51 1 201 1 119 1 27 1 169 1 9 1 20 1 99 1 106 1 72 1 217 1 221 2 194 1 110 2 114 1 182 2 4 1 17 1 349 1 130 2 132 1 143 1
69 26 28 10 1 99 1 106 1 110 1 194 2 182 1 130 2 203 1 132 1 152 1 124 1 266 1 240 1 19 1 161 1 246 1 134 1 47 1 60 1 251 1 65 1 69 1 36 1 43 1 82 1 45 1 56 1 64 1
30 10 31 41 1 209 1 106 1 99 1 271 1 59 1 114 1 117 1 110 1 121 1 124 1 130 1 132 1 78 1 277 1 212 1 140 1 291 1 244 1 81 1 91 1 156 1 47 1 60 1 65 1 69 1 36 1 43 1 45 1 56 1 64 1
44 16 27 39 1 209 1 125 1 164 1 99 1 114 2 117 2 110 1 281 1 160 1 5 1 116 1 179 1 91 1 156 1 47 1 60 1 279 1 65 1 69 1 36 1 43 1 82 1 268 1 45 1 56 1 64 1
//IdTournes NbColis
4 6
//IdColis IdCommandeInColis NbProducts IdProd1 QtyProd1 IdProd2 QtyProd2 ...
49 18 23 242 1 41 1 141 1 209 1 123 1 99 1 106 1 248 1 114 2 117 1 110 1 121 1 130 2 132 1 152 1 158 1 124 1 19 1 215 1 139 1 116 1 189 1 91 1
52 19 19 51 1 209 1 125 2 273 1 148 1 99 1 106 1 57 1 114 2 117 2 110 1 121 1 124 2 130 2 132 1 158 2 78 1 212 1 116 1
55 20 18 33 1 183 1 41 1 209 1 287 1 187 1 99 1 106 1 114 2 182 2 110 1 121 1 124 2 130 2 132 1 152 1 193 1 270 1
75 29 30 41 1 209 1 164 1 99 1 272 1 110 1 114 1 117 1 132 1 170 1 121 1 124 1 78 1 139 1 91 1 47 1 60 1 65 1 69 1 36 1 43 1 45 1 56 1 64 2 68 2 73 1 48 1 137 1 138 1 100 1
8 3 30 17 1 152 1 348 1 350 1 85 1 5 1 78 1 345 1 13 1 18 1 179 1 91 2 308 1 176 1 235 1 131 1 98 1 47 1 60 1 94 1 65 2 69 2 36 1 43 2 82 1 101 1 45 2 56 2 64 2 73 1
24 8 25 6 1 123 1 149 1 275 1 148 1 245 1 283 1 106 1 99 1 23 1 280 1 114 2 117 1 110 1 121 1 124 1 130 2 132 1 50 1 284 1 139 1 102 1 116 1 131 1 128 1
//IdTournes NbColis
5 6
//IdColis IdCommandeInColis NbProducts IdProd1 QtyProd1 IdProd2 QtyProd2 ...
56 20 38 184 1 139 1 116 1 156 1 122 1 47 1 60 1 65 1 69 1 36 1 43 1 45 1 56 1 64 2 68 2 73 1 48 1 126 1 137 1 138 2 142 1 145 1 147 1 151 2 153 2 155 1 157 1 14 1 67 2 70 1 285 1 278 1 267 1 7 1 104 1 76 1 180 1 93 1
83 33 33 6 1 16 1 125 1 313 1 99 1 106 1 110 1 114 1 117 1 19 1 47 1 60 1 65 1 69 1 36 1 43 1 45 1 56 1 64 1 68 1 73 1 48 1 126 1 137 1 138 1 142 1 145 1 14 1 67 1 70 1 205 1 306 1 263 1
46 17 27 41 1 149 1 283 1 99 1 106 1 292 1 114 2 117 1 110 1 121 1 130 2 132 1 124 1 193 2 78 1 102 1 314 1 176 1 315 1 131 1 134 1 156 1 47 1 60 1 94 1 311 1 48 1
13 4 34 126 1 137 2 138 2 142 1 145 1 147 2 151 2 153 2 155 1 157 1 159 2 14 1 66 1 67 2 70 2 199 1 236 2 7 1 28 1 286 1 178 1 358 1 196 1 180 1 186 1 188 2 258 2 228 1 103 2 265 1 195 1 165 1 263 2 355 1
85 34 38 99 1 106 1 110 1 194 1 182 1 304 1 124 1 266 1 130 1 132 1 71 1 241 1 47 1 60 1 65 1 69 1 36 1 43 1 45 1 56 1 68 1 73 1 222 1 318 1 48 1 126 1 137 1 138 1 142 1 145 1 147 1 151 1 14 1 67 1 70 1 310 1 205 1 173 1
15 5 16 10 1 38 1 35 1 41 1 42 1 12 1 99 1 106 1 49 1 57 1 217 2 110 1 114 2 117 1 152 1 19 1
//IdTournes NbColis
6 6
//IdColis IdCommandeInColis NbProducts IdProd1 QtyProd1 IdProd2 QtyProd2 ...
45 16 20 64 1 68 2 73 1 48 1 126 1 137 2 138 2 142 1 145 1 150 2 153 2 155 1 157 1 159 2 14 1 67 2 70 1 269 2 93 2 103 2
53 19 36 291 1 131 1 47 1 60 1 65 1 69 1 36 1 43 1 45 1 56 1 64 2 68 2 73 1 48 1 190 1 191 1 126 1 137 1 138 2 142 1 145 1 147 1 151 2 153 2 155 1 157 1 159 1 14 1 67 2 70 1 269 1 173 1 192 1 93 1 103 1 185 1
71 27 34 148 1 293 1 99 1 106 1 110 1 194 1 182 1 300 1 130 1 132 1 124 1 266 1 19 1 305 1 295 1 91 1 308 1 47 1 60 1 65 1 69 1 36 1 43 1 45 1 56 1 68 1 73 1 222 1 48 1 137 1 138 2 142 1 145 1 195 1
16 5 34 71 1 161 1 102 1 171 1 134 3 341 1 362 1 47 1 60 1 69 1 65 1 36 1 43 1 45 1 56 1 68 1 73 1 222 1 48 1 191 1 83 2 126 1 137 1 138 2 142 1 145 1 147 1 151 2 153 2 14 1 70 1 67 1 89 1 11 1
38 13 31 47 1 60 1 65 1 69 1 36 1 43 1 227 1 45 2 56 2 64 2 68 2 73 1 48 1 126 1 137 2 138 3 142 1 145 1 147 2 151 3 153 3 14 1 67 2 70 2 144 1 236 1 11 1 174 1 173 1 264 1 165 1
6 2 20 147 2 151 1 153 2 155 1 157 1 159 2 14 1 67 2 70 2 144 1 118 2 120 1 174 2 178 1 198 1 76 1 93 1 103 2 97 3 112 1
//IdTournes NbColis
7 6
//IdColis IdCommandeInColis NbProducts IdProd1 QtyProd1 IdProd2 QtyProd2 ...
9 3 32 73 1 68 2 290 3 48 2 126 1 137 2 138 3 142 1 145 1 147 2 151 3 153 3 155 1 157 1 159 2 14 2 70 2 67 2 118 1 44 1 336 1 174 1 178 1 352 1 351 1 186 1 188 1 93 1 228 1 357 1 356 1 112 1
19 6 31 58 1 80 1 171 1 13 1 25 1 26 2 91 1 47 1 60 1 65 1 69 1 43 1 45 2 52 1 56 2 64 2 68 2 73 1 48 1 83 1 126 1 142 1 137 2 138 2 145 1 147 2 153 2 155 1 157 1 159 2 14 1
22 7 28 47 1 60 1 65 2 69 2 36 1 43 2 45 2 56 2 64 2 68 2 73 1 48 1 126 1 137 2 138 2 142 1 145 1 147 2 153 2 155 1 157 1 159 2 14 1 67 2 70 2 89 1 223 1 154 1
25 8 34 134 1 115 1 47 1 60 1 65 2 69 2 36 1 43 2 101 1 45 2 56 2 68 2 73 1 222 2 290 1 48 1 126 1 137 1 138 2 142 1 145 1 147 1 14 1 67 2 70 2 100 2 282 1 105 3 288 1 289 1 76 1 103 1 146 1 220 1
28 9 37 244 1 47 1 60 1 65 1 69 1 36 1 43 1 82 1 45 2 56 2 64 2 68 2 73 1 48 1 126 1 137 1 138 2 142 1 145 1 147 1 151 2 153 2 155 1 157 1 14 1 67 2 70 2 144 1 100 2 89 1 255 1 105 1 256 1 129 1 259 1 260 1 103 1
31 10 23 64 1 68 2 73 1 48 1 126 1 137 1 138 2 142 1 145 1 150 1 153 2 155 1 157 1 159 1 83 2 14 1 67 2 70 1 276 1 274 1 133 1 93 1 103 1
//IdTournes NbColis
8 6
//IdColis IdCommandeInColis NbProducts IdProd1 QtyProd1 IdProd2 QtyProd2 ...
33 11 22 64 2 68 2 73 1 328 1 48 1 126 1 137 1 138 2 142 1 145 1 147 1 151 2 153 2 155 1 157 1 159 1 14 1 67 2 70 1 236 1 322 1 90 1
35 12 32 91 1 134 1 168 1 47 1 60 1 65 1 69 1 36 1 43 1 45 2 56 2 64 2 68 2 73 1 48 1 126 1 137 2 138 3 142 1 145 1 147 2 151 3 153 1 83 1 14 1 67 2 70 2 236 1 247 1 93 1 103 1 261 1
41 14 21 68 2 73 1 48 1 126 1 137 1 138 2 142 1 145 1 147 1 151 2 153 2 155 1 157 1 159 1 14 1 67 2 70 1 104 1 231 1 93 1 103 1
43 15 27 69 1 36 1 43 1 45 1 56 1 64 2 68 2 73 1 48 1 126 1 137 1 138 2 142 1 145 1 147 1 153 2 155 1 157 1 159 1 14 1 67 2 70 1 219 1 178 1 90 1 93 1 238 1
47 17 36 65 1 69 1 36 1 43 1 82 1 163 1 45 1 56 1 64 2 68 2 73 1 126 1 137 1 138 1 142 1 145 1 147 1 151 1 153 1 155 1 157 1 159 1 14 1 67 2 70 1 89 1 301 1 174 1 173 1 129 1 192 1 93 1 103 1 316 1 181 1 306 1
50 18 41 91 1 176 1 134 1 47 1 60 1 65 1 69 1 36 1 43 1 82 1 45 1 56 1 64 1 68 1 73 1 79 1 48 1 191 1 126 1 137 1 138 1 142 1 145 1 147 1 153 1 155 1 157 1 159 1 14 1 67 1 70 1 154 1 173 1 178 1 192 1 180 1 93 1 103 1 265 1 220 1 263 1
//IdTournes NbColis
9 6
//IdColis IdCommandeInColis NbProducts IdProd1 QtyProd1 IdProd2 QtyProd2 ...
59 21 30 69 1 36 1 43 1 82 1 227 1 45 1 56 1 64 2 68 2 73 1 48 1 126 1 137 2 138 2 142 1 145 1 147 2 151 2 153 2 155 1 157 1 159 2 14 1 67 2 70 1 120 1 224 1 228 1 103 2 220 1
62 22 19 56 1 64 2 68 2 73 1 48 1 126 1 137 1 138 2 142 1 145 1 150 1 153 2 155 1 157 1 159 1 14 1 67 2 70 1 103 1
64 23 19 68 2 73 1 48 1 126 1 137 2 138 2 142 1 145 1 147 2 151 2 153 2 155 1 157 1 159 2 14 1 67 2 70 1 310 1 324 1
66 24 21 48 1 137 1 138 1 145 1 150 1 153 1 155 1 157 1 159 1 83 2 126 1 142 1 14 1 67 1 70 1 325 1 219 1 173 1 192 1 103 1 316 1
68 25 17 142 1 147 1 151 2 153 2 155 1 157 1 159 1 126 1 14 1 67 2 70 1 44 1 298 1 302 1 312 1 93 1 103 1
70 26 18 253 1 68 1 73 1 48 1 137 1 138 1 145 1 147 1 151 1 153 1 155 1 157 1 159 1 126 1 142 1 14 1 67 1 70 1
//IdTournes NbColis
10 6
//IdColis IdCommandeInColis NbProducts IdProd1 QtyProd1 IdProd2 QtyProd2 ...
72 27 16 147 1 151 2 153 2 155 1 157 1 159 1 126 1 14 1 67 1 70 1 317 1 303 1 307 1 312 1 258 1 103 3
74 28 13 155 1 157 1 159 1 126 1 138 2 142 1 14 1 67 1 70 1 310 1 302 1 206 1 306 1
76 29 19 138 1 142 1 145 1 147 1 151 2 153 2 155 1 157 1 159 1 126 1 14 1 67 2 70 1 100 1 205 1 105 2 286 1 258 1 103 1
78 30 15 137 1 138 2 145 1 147 1 151 2 153 2 155 1 157 1 159 1 126 1 142 1 14 1 67 1 70 1 103 1
80 31 18 147 1 151 1 153 1 155 1 157 1 159 1 14 1 67 1 70 1 232 1 230 1 236 1 89 1 233 1 231 2 93 1 103 1 237 1
87 35 29 51 1 294 1 296 1 99 1 106 1 110 1 114 2 117 1 78 1 139 1 58 1 47 1 60 1 65 1 69 1 36 1 43 1 45 1 56 1 64 2 68 2 73 1 48 1 126 1 138 2 142 1 14 1 67 2 70 1
//IdTournes NbColis
11 6
//IdColis IdCommandeInColis NbProducts IdProd1 QtyProd1 IdProd2 QtyProd2 ...
89 36 38 329 1 99 1 106 1 110 1 114 1 182 1 321 1 58 1 122 1 47 1 60 1 65 1 69 1 36 1 43 1 45 1 56 1 68 1 73 1 222 1 48 1 191 1 126 1 137 1 138 1 142 1 145 1 147 1 151 1 153 1 155 1 157 1 159 1 14 1 67 1 70 1 327 1 166 1
91 37 37 148 1 99 1 106 1 110 1 114 1 117 1 121 1 124 1 130 1 132 1 47 1 60 1 65 1 69 1 36 1 43 1 45 1 56 1 68 1 73 1 222 1 48 1 126 1 137 1 138 1 142 1 145 1 147 1 151 1 153 1 155 1 157 1 159 1 14 1 67 1 70 1 331 1
93 38 37 99 1 106 1 110 1 114 1 182 1 121 1 124 1 130 1 132 1 19 1 91 1 47 1 60 1 65 1 69 1 36 1 43 1 45 1 56 1 64 1 68 1 73 1 48 1 126 1 137 1 138 1 142 1 145 1 147 1 151 1 153 1 155 1 157 1 14 1 67 1 70 1 263 1
95 39 36 125 1 99 1 106 1 110 1 114 2 117 1 334 1 19 1 197 1 332 1 139 1 116 1 341 1 47 1 60 1 65 1 69 1 36 1 43 1 45 1 56 1 64 1 68 1 73 1 48 1 126 1 137 1 138 1 142 1 145 1 150 1 14 1 67 1 70 1 306 1 263 1
97 40 34 330 1 99 1 106 1 335 1 110 1 194 1 182 1 124 1 266 1 130 1 19 1 333 1 91 1 338 1 47 1 60 1 65 1 69 1 36 1 43 1 340 1 45 1 56 1 68 1 73 1 222 1 48 1 126 1 137 1 138 1 142 1 14 1 67 1 70 1
99 41 36 125 1 245 1 99 1 106 1 57 1 110 1 114 2 117 1 19 1 323 1 116 1 134 1 122 1 47 1 60 1 65 1 69 1 36 1 43 1 82 1 45 1 56 1 68 1 73 1 222 1 48 1 126 1 137 1 138 1 142 1 14 1 67 1 70 1 199 1 166 1 339 1
//IdTournes NbColis
12 6
//IdColis IdCommandeInColis NbProducts IdProd1 QtyProd1 IdProd2 QtyProd2 ...
101 42 35 41 1 125 1 27 1 337 1 296 1 99 1 164 1 110 1 114 1 117 1 19 1 139 1 47 1 60 1 65 1 69 1 36 1 43 1 45 1 56 1 64 1 68 1 73 1 48 1 126 1 137 1 138 2 142 1 145 1 14 1 67 1 70 1 236 1 276 1 263 1
103 43 34 123 1 125 1 99 1 106 1 335 1 110 1 194 1 182 1 17 1 124 1 266 1 130 1 91 1 308 1 47 1 60 1 65 1 69 1 36 1 43 1 45 1 56 1 68 1 73 1 222 1 48 1 126 1 137 1 138 1 142 1 14 1 67 1 70 1 336 1
105 44 30 361 1 125 1 99 1 106 1 110 1 114 2 117 1 78 1 341 1 47 1 60 1 65 1 69 1 36 1 43 1 45 1 56 1 64 2 68 2 73 1 48 1 126 1 137 1 138 2 142 1 145 1 14 1 67 2 70 1 344 1
73 28 32 319 1 125 1 342 1 99 1 106 1 346 1 57 1 110 1 114 1 117 1 19 1 91 1 131 1 134 1 47 1 60 1 65 1 69 1 36 1 43 1 343 1 45 1 56 1 68 1 73 1 222 1 48 1 137 1 145 1 147 1 151 2 153 2
32 11 28 41 1 51 1 16 1 27 1 106 1 99 1 114 2 117 1 110 1 152 1 78 1 161 1 326 1 257 1 134 2 98 1 47 1 60 1 65 1 69 1 36 1 43 1 82 1 227 1 163 1 45 1 56 1 167 1
63 23 26 41 1 177 1 96 1 99 1 106 1 110 1 114 2 117 1 130 2 132 1 152 1 121 1 124 1 19 2 102 2 189 1 47 1 60 1 65 1 69 1 36 1 43 1 45 1 56 1 64 2 93 1
//IdTournes NbColis
13 6
//IdColis IdCommandeInColis NbProducts IdProd1 QtyProd1 IdProd2 QtyProd2 ...
12 4 31 158 1 124 2 266 2 353 1 360 1 53 1 63 1 161 1 21 1 359 1 91 1 134 1 98 1 47 1 54 1 55 1 60 1 65 1 69 1 36 1 43 1 82 1 74 1 45 2 56 2 64 2 68 2 73 1 200 1 290 1 48 1
5 2 34 102 1 32 1 37 1 116 1 25 1 81 1 91 1 75 1 176 1 134 1 156 1 98 1 122 2 47 1 60 1 94 1 65 1 69 1 36 1 43 1 82 1 45 2 56 2 64 2 68 2 73 1 79 1 48 1 126 1 142 1 137 2 138 2 145 1 151 1
18 6 18 33 1 39 1 86 1 108 1 96 1 99 1 106 1 110 2 114 2 117 2 85 1 121 2 124 2 130 2 132 1 50 1 37 1 36 1
40 14 24 330 1 41 1 319 2 169 1 99 1 106 1 114 2 117 1 110 1 78 1 172 1 134 1 168 1 47 1 60 1 65 1 69 1 36 1 43 1 82 1 227 1 45 1 56 1 64 2
65 24 29 39 1 320 1 96 2 164 1 99 1 127 1 110 1 114 2 117 1 193 1 323 1 78 1 58 1 171 1 202 1 140 1 176 1 134 1 47 1 60 1 65 1 69 1 36 1 43 1 45 1 56 1 64 1 68 1 73 1
67 25 31 309 1 297 1 99 1 106 1 110 1 114 1 117 1 130 1 132 1 152 1 121 1 124 1 299 1 78 1 91 1 134 1 47 1 60 1 65 1 69 1 36 1 43 1 45 1 56 1 64 2 68 2 73 1 48 1 137 1 138 2 145 1
//IdTournes NbColis
14 3
//IdColis IdCommandeInColis NbProducts IdProd1 QtyProd1 IdProd2 QtyProd2 ...
3 1 7 159 1 67 2 70 2 224 1 354 1 93 1 103 2
20 6 16 67 2 70 2 100 2 120 2 105 2 87 1 92 1 84 1 90 1 104 1 93 1 95 1 103 2 111 1 113 1 204 1
57 20 1 103 1
