//NbTournees
3
//IdTournes NbColis
1 6
//IdColis IdCommandeInColis NbProducts IdProd1 QtyProd1 IdProd2 QtyProd2 ...
1 1 11 205 1 1 1 3 3 5 3 6 1 7 3 35 3 21 2 85 3 86 3 140 1
7 2 15 134 1 1 1 3 2 5 2 6 1 7 2 16 1 21 2 32 2 35 2 85 2 86 2 87 2 92 1 9 1
13 3 23 45 1 47 1 157 1 161 2 197 1 39 1 52 1 68 1 76 1 131 1 156 1 2 1 177 1 153 1 141 1 12 1 30 2 147 1 192 1 155 3 154 3 142 1 174 1
15 4 23 202 1 201 1 26 1 16 1 8 1 25 1 55 1 72 1 37 1 51 1 132 1 138 1 4 1 9 1 61 1 69 1 73 1 28 1 45 1 47 1 48 1 66 1 194 1
17 5 24 184 1 16 1 25 1 33 1 34 1 62 1 72 1 37 1 42 1 40 1 78 1 79 1 80 1 4 1 61 1 28 1 45 1 47 1 70 1 157 2 161 2 196 2 197 1 151 1
3 1 21 113 3 117 1 120 1 123 1 34 1 81 1 25 2 89 1 38 1 44 1 49 2 18 1 17 1 10 1 98 1 102 1 129 1 180 2 84 1 94 1 197 1
//IdTournes NbColis
2 6
//IdColis IdCommandeInColis NbProducts IdProd1 QtyProd1 IdProd2 QtyProd2 ...
20 6 23 115 1 172 1 9 1 54 1 105 1 126 1 28 1 45 1 47 1 53 1 29 1 128 1 178 2 12 1 159 1 192 2 193 2 164 1 146 1 152 1 191 1 194 1 174 1
4 1 31 91 1 100 1 53 1 106 1 104 1 133 1 157 2 161 2 197 1 158 1 190 1 206 2 82 1 97 1 52 1 108 1 109 3 68 1 139 1 204 1 149 1 195 1 74 1 176 1 162 1 90 2 31 1 11 1 179 3 203 3 192 1
8 2 18 93 2 95 1 99 2 101 2 103 2 107 2 111 2 112 1 113 2 117 1 120 1 123 1 20 1 23 1 83 1 25 1 44 1 12 1
16 4 22 75 1 59 1 136 1 199 1 204 1 173 1 74 1 200 1 171 1 15 1 141 1 14 1 175 2 12 1 31 1 166 1 187 1 192 2 193 2 160 1 168 1 182 1
18 5 24 197 1 77 1 181 1 56 1 71 1 163 1 173 1 195 1 162 1 153 1 141 1 12 1 27 1 179 3 203 3 150 1 192 2 145 1 170 1 189 1 155 3 154 3 185 1 174 1
10 2 27 88 1 28 1 45 2 47 1 157 2 161 2 196 2 198 1 143 1 36 1 96 1 110 1 116 1 71 1 204 1 173 1 195 1 13 1 179 3 203 3 192 2 193 2 189 1 191 1 155 3 154 3 148 1
//IdTournes NbColis
3 5
//IdColis IdCommandeInColis NbProducts IdProd1 QtyProd1 IdProd2 QtyProd2 ...
12 3 22 183 1 186 1 188 1 16 1 19 1 22 1 25 1 34 1 41 1 60 1 65 1 72 1 121 1 37 1 46 1 58 1 64 1 130 1 63 1 24 1 157 1 192 1
19 6 22 16 1 20 1 23 1 25 1 38 1 44 1 49 1 50 1 67 1 60 1 127 1 72 1 121 1 135 2 122 1 37 1 137 1 43 1 51 1 57 1 165 1 169 1
9 2 20 49 1 60 1 67 1 119 1 72 1 121 1 122 1 124 1 125 1 135 1 18 1 37 1 43 1 51 1 57 1 114 1 115 1 105 1 118 1 197 1
2 1 11 87 2 32 3 92 1 93 3 95 1 99 2 101 3 103 3 107 3 111 2 112 1
5 1 7 192 1 145 1 155 3 154 2 207 1 144 1 167 1
