//NbTournees
5
//IdTournes NbColis
1 6
//IdColis IdCommandeInColis NbProducts IdProd1 QtyProd1 IdProd2 QtyProd2 ...
7 2 17 105 1 33 1 203 1 211 1 48 2 9 1 245 1 12 1 38 2 98 5 3 2 1 1 102 2 72 5 242 1 243 1 239 1
3 1 23 41 1 53 1 8 1 52 1 20 1 33 2 76 1 29 1 6 3 48 2 9 1 11 1 28 1 45 1 50 1 84 1 23 1 86 1 30 2 31 2 43 2 44 1 95 1
2 1 18 17 1 18 1 21 1 25 1 35 1 39 1 40 1 55 2 56 1 77 1 78 1 80 3 81 1 36 4 58 1 27 1 34 1 91 1
6 2 21 99 1 18 1 21 1 103 1 17 1 104 1 25 1 246 1 78 1 172 1 248 1 101 1 247 1 97 1 34 1 100 1 106 1 244 1 53 1 37 1 231 1
8 3 17 109 1 296 1 107 1 18 1 21 1 17 2 104 1 114 1 116 1 25 1 219 1 40 1 222 1 78 2 248 1 217 2 98 1
10 3 18 1 1 112 1 113 3 154 1 220 1 169 1 72 5 111 1 224 2 110 2 108 1 47 2 225 1 239 1 297 2 200 1 293 1 283 1
//IdTournes NbColis
2 6
//IdColis IdCommandeInColis NbProducts IdProd1 QtyProd1 IdProd2 QtyProd2 ...
11 4 19 238 1 25 1 118 1 18 1 21 1 17 1 122 1 78 1 119 1 34 1 241 2 53 1 33 1 20 2 120 3 125 1 48 1 123 2 121 1
14 5 23 61 1 131 1 25 1 118 1 18 1 21 1 17 1 132 1 246 1 78 1 172 1 34 1 159 1 257 1 53 1 181 1 128 1 129 1 33 1 127 1 126 1 48 1 59 1
17 6 22 255 1 140 1 139 1 135 1 137 1 18 1 21 1 141 1 104 1 17 1 248 1 34 1 53 1 249 1 250 1 253 1 142 1 33 1 136 1 76 1 183 1 252 1
22 8 22 290 1 157 1 292 2 153 1 18 1 155 1 21 1 103 1 17 1 104 1 25 1 78 1 172 1 248 1 53 1 34 1 33 1 48 2 9 1 86 1 98 1 288 1
24 9 25 165 1 164 1 78 1 21 1 166 1 17 1 104 1 25 1 159 1 168 1 160 1 12 1 37 1 38 1 98 4 162 1 3 2 14 2 1 1 167 1 24 1 163 1 72 4 158 1 161 1
26 10 25 78 1 172 1 21 1 17 1 25 1 173 1 150 1 58 2 174 1 170 1 178 1 12 1 177 1 37 1 38 1 98 5 3 2 175 1 1 1 113 1 167 1 169 1 72 5 176 1 171 1
//IdTournes NbColis
3 6
//IdColis IdCommandeInColis NbProducts IdProd1 QtyProd1 IdProd2 QtyProd2 ...
9 3 25 115 1 208 2 34 1 100 1 294 1 8 1 216 1 33 1 218 1 221 1 295 2 6 1 48 2 9 1 117 1 223 1 226 1 12 1 37 1 38 2 98 4 87 1 3 3 1 1 198 1
12 4 18 45 3 233 1 138 1 124 1 86 1 12 1 37 1 38 2 98 5 162 1 3 2 1 1 112 1 154 4 72 5 239 1 240 4 161 2
15 5 28 126 1 211 1 258 1 261 1 9 1 50 1 260 2 45 1 262 1 12 1 37 1 38 2 98 5 162 1 263 1 3 2 1 1 19 2 112 1 264 1 22 2 133 1 72 5 256 3 130 1 198 4 63 1 259 1
18 6 16 48 1 138 1 184 1 12 1 37 1 38 2 98 5 3 2 1 1 254 1 143 1 235 1 72 5 134 1 47 1 251 1
19 7 22 148 1 145 1 25 1 18 1 147 1 21 1 116 2 78 1 228 1 236 1 150 1 34 1 115 1 53 1 100 1 52 2 33 1 203 1 6 1 98 1 237 1 231 1
20 7 25 48 2 144 1 149 2 9 1 233 1 86 1 151 1 234 1 49 1 12 1 37 1 38 2 98 4 87 1 3 2 152 1 1 1 230 1 146 1 235 1 72 5 227 1 198 1 232 1 229 1
//IdTournes NbColis
4 6
//IdColis IdCommandeInColis NbProducts IdProd1 QtyProd1 IdProd2 QtyProd2 ...
23 8 20 12 1 37 1 38 2 98 4 162 1 87 1 263 1 3 2 1 1 154 1 287 2 72 5 60 1 156 1 285 1 47 1 289 1 291 1 279 3 286 5
28 11 22 298 1 299 1 302 1 301 1 172 1 185 1 104 1 180 1 186 1 181 1 115 1 253 1 76 2 183 2 184 2 270 1 31 1 12 1 37 1 38 2 98 1 300 1
29 11 14 98 4 87 1 3 2 1 1 15 1 167 1 182 1 24 1 133 1 300 1 187 1 72 5 179 1 229 2
31 12 23 144 2 23 1 270 1 271 1 12 1 268 1 37 1 88 1 38 2 98 4 87 1 263 1 188 1 3 2 1 1 167 1 24 2 146 1 191 2 72 4 267 2 265 1 266 1
34 13 26 276 1 12 1 37 1 88 1 193 1 38 2 98 5 280 2 3 2 1 1 112 1 5 5 167 1 230 3 24 1 274 1 72 5 60 1 198 1 275 2 272 3 279 3 282 2 283 1 273 1 65 1
36 14 25 116 1 25 1 21 1 201 1 80 1 197 1 53 1 100 1 203 1 144 1 12 1 37 1 38 2 98 5 3 2 1 1 199 1 22 2 204 2 72 5 134 1 202 1 205 1 198 1 200 1
//IdTournes NbColis
5 6
//IdColis IdCommandeInColis NbProducts IdProd1 QtyProd1 IdProd2 QtyProd2 ...
4 1 25 46 1 49 1 54 1 12 1 4 2 7 1 37 2 88 2 38 2 79 5 73 3 87 1 82 3 3 3 10 2 14 1 1 2 71 1 5 1 15 3 19 1 64 1 92 1 66 1 62 1
30 12 21 85 1 192 1 18 1 21 1 25 1 246 1 222 1 77 2 78 1 172 1 269 1 53 1 34 1 52 1 33 1 189 1 48 1 190 1 9 1 144 1 64 1
32 13 15 207 1 284 1 148 1 140 3 194 1 281 2 18 1 21 1 195 1 104 1 196 1 25 1 213 1 78 1 172 1
5 1 23 22 3 24 1 69 1 13 3 72 5 60 1 16 3 26 1 89 3 90 1 68 1 32 2 47 2 42 1 66 1 67 1 63 2 93 1 94 2 75 1 65 2 59 1 83 1
1 1 9 57 2 61 2 96 4 85 1 74 2 51 1 70 2 2 1 38 1
33 13 21 277 1 81 1 278 1 236 1 206 2 208 1 34 1 209 1 53 1 181 1 215 1 33 1 214 3 120 1 211 1 212 1 6 1 48 2 9 1 210 1 198 1
