//NbTournees
30
//IdTournes NbColis
1 6
//IdColis IdCommandeInColis NbProducts IdProd1 QtyProd1 IdProd2 QtyProd2 ...
75 25 36 273 1 644 1 234 1 269 1 272 1 665 1 202 1 253 1 7 1 42 2 142 1 674 1 106 1 270 1 494 1 663 1 669 1 489 1 75 1 97 1 277 1 673 1 107 1 204 2 208 2 232 2 275 2 155 2 670 1 550 1 145 1 93 1 6 2 53 2 160 1 9 1
79 26 32 210 1 452 1 364 1 618 1 457 1 628 1 454 1 426 2 240 1 202 1 209 1 242 1 218 1 247 1 256 1 438 1 270 1 274 1 85 1 123 1 222 1 212 1 369 1 659 1 493 1 207 1 216 1 208 2 232 2 275 2 310 1 11 1
49 14 28 315 1 311 1 205 1 239 1 305 1 271 1 408 1 382 1 353 1 260 1 616 1 613 1 272 1 203 1 209 1 218 1 256 2 268 1 301 1 306 1 274 1 348 1 75 2 166 1 212 1 307 1 77 1 1 1
82 27 27 223 1 239 2 305 1 271 1 668 1 206 1 121 1 260 1 479 1 357 1 661 1 316 1 272 1 203 1 142 1 674 1 106 1 218 1 268 1 256 1 301 1 589 1 274 1 348 1 138 1 212 2 563 1
86 28 29 305 1 271 2 375 1 382 1 485 1 260 1 683 1 582 1 272 1 203 1 516 1 218 1 268 3 256 1 250 1 264 1 301 1 389 1 306 1 274 1 348 1 97 1 207 1 204 1 246 2 248 2 262 1 145 1 24 1
90 29 25 272 1 654 1 475 2 132 1 203 1 218 1 256 1 446 1 301 2 306 1 348 2 222 1 212 1 642 1 594 1 652 1 653 1 216 1 204 2 231 3 304 3 314 2 383 1 347 3 39 1
//IdTournes NbColis
2 6
//IdColis IdCommandeInColis NbProducts IdProd1 QtyProd1 IdProd2 QtyProd2 ...
92 30 22 658 1 255 1 567 1 233 1 498 1 157 1 185 1 127 1 229 2 281 2 228 1 238 1 205 1 280 1 283 2 258 1 272 1 203 1 209 1 214 1 278 1 204 1
94 31 24 567 1 211 2 221 1 312 1 303 2 352 2 315 1 279 1 223 1 308 1 318 1 210 1 36 1 240 1 302 1 203 1 106 1 306 1 222 1 317 1 204 2 246 2 248 2 16 1
97 32 45 532 1 475 1 132 1 203 1 516 1 42 1 142 1 218 1 268 1 301 1 306 1 274 1 348 1 101 1 212 1 178 1 204 1 208 2 232 2 275 2 173 1 310 1 347 1 119 1 102 1 53 2 148 1 78 2 150 1 71 1 98 1 50 1 156 1 25 1 26 1 39 1 51 2 103 1 49 1 24 3 68 2 8 1 9 5 74 5 5 3
100 33 45 382 1 633 1 568 1 478 1 260 1 272 1 203 1 253 1 142 1 218 1 268 1 301 1 306 1 274 1 348 1 123 1 75 1 212 1 307 1 527 1 354 1 534 1 207 1 204 1 231 1 304 2 314 2 155 1 347 1 574 1 76 1 29 1 53 1 78 2 18 1 544 1 77 2 172 3 639 1 153 1 118 1 38 1 1 4 8 2 9 4
2 1 27 315 1 223 1 239 1 382 1 503 1 210 1 35 1 44 1 47 1 381 1 234 1 256 1 389 1 370 1 97 2 101 1 56 1 369 1 204 2 246 2 248 2 262 2 304 2 309 2 21 1 1 2 110 1
5 2 31 605 1 204 1 246 1 248 1 262 1 304 1 309 1 314 1 310 2 41 1 93 4 3 1 53 2 78 2 29 1 98 1 88 2 94 1 25 1 26 1 18 1 17 1 23 1 24 3 77 2 52 3 1 3 8 2 9 5 12 1 5 1
//IdTournes NbColis
3 6
//IdColis IdCommandeInColis NbProducts IdProd1 QtyProd1 IdProd2 QtyProd2 ...
9 3 51 212 2 369 1 354 1 322 1 480 1 204 1 231 2 304 2 314 2 46 1 4 1 436 1 310 1 41 3 347 3 550 1 11 2 19 1 76 1 79 1 6 1 29 1 53 2 78 2 64 1 61 2 91 2 22 1 71 1 96 1 98 1 25 1 26 2 28 1 39 1 51 2 82 1 641 1 103 1 49 1 87 1 66 3 68 2 14 1 15 1 2 1 30 1 84 1 38 2 8 1 9 2
13 4 36 31 1 488 1 501 1 286 1 288 1 366 1 272 1 451 1 496 1 319 1 387 1 482 1 285 1 326 1 253 1 448 1 278 1 106 1 287 1 470 1 297 1 250 1 401 1 389 1 494 1 444 1 489 1 348 1 75 1 97 2 329 1 69 1 107 1 395 1 204 2 24 1
19 5 31 204 2 231 3 304 3 314 3 383 1 310 2 433 1 347 1 332 1 19 1 67 1 81 1 6 1 62 1 3 1 29 1 53 2 78 2 50 1 25 2 26 1 27 1 83 1 90 1 24 3 68 2 105 1 2 2 38 2 9 3 74 5
21 6 24 346 1 211 1 221 1 54 1 217 1 303 2 350 1 352 1 223 1 339 1 353 1 351 1 344 1 334 1 42 1 268 1 204 1 246 2 248 2 262 2 304 2 309 2 314 2 26 1
26 7 29 126 1 475 1 326 1 253 1 450 1 142 1 106 1 268 1 438 1 250 1 446 1 301 1 389 1 666 1 151 1 75 1 222 1 328 1 212 2 216 1 107 1 204 2 246 3 248 3 262 3 304 3 309 3 314 2 3 1
32 8 32 319 1 482 1 387 1 209 1 285 1 214 1 326 1 253 1 448 1 278 1 147 1 287 1 256 3 268 1 438 1 470 1 297 1 250 1 389 1 494 1 489 1 348 1 97 1 101 1 222 1 212 2 329 1 418 2 534 1 480 2 204 2 9 2
//IdTournes NbColis
4 6
//IdColis IdCommandeInColis NbProducts IdProd1 QtyProd1 IdProd2 QtyProd2 ...
35 9 21 157 5 323 1 221 1 224 1 217 1 219 2 350 2 267 1 149 1 223 1 239 1 308 1 408 1 422 1 60 1 256 1 138 1 204 1 246 1 115 1 8 1
37 10 23 137 1 233 1 498 1 217 1 241 2 281 2 263 1 205 1 382 1 318 1 592 1 384 1 283 1 272 1 126 2 343 1 264 1 97 1 107 1 204 1 208 2 53 1 94 1
41 11 36 85 1 75 1 212 1 204 1 246 2 248 2 262 2 304 2 309 2 314 2 155 1 46 1 310 1 347 1 143 1 134 1 53 2 78 2 3 1 29 1 57 1 59 1 32 2 160 1 50 1 39 2 26 2 18 1 610 1 141 1 68 2 24 3 15 1 8 5 1 5 9 5
44 12 34 216 2 204 2 246 2 248 2 262 2 304 2 309 2 314 2 310 1 4 1 347 1 11 1 78 1 3 1 29 1 53 2 64 1 140 1 32 1 71 1 98 1 160 1 22 1 50 1 25 2 26 1 103 1 68 2 24 3 153 1 38 1 1 3 8 2 9 5
47 13 28 380 1 207 1 69 1 204 1 231 2 304 2 314 2 310 1 145 1 19 1 542 1 93 1 78 2 150 1 53 2 115 1 59 1 32 1 180 1 51 1 66 3 68 2 139 1 105 1 80 1 63 2 74 5 9 5
50 14 25 518 1 207 1 204 1 231 2 304 2 314 2 310 1 347 1 11 1 78 2 3 1 29 1 53 2 64 1 171 1 94 1 49 1 77 1 172 3 118 1 14 1 1 3 8 1 9 5 5 3
//IdTournes NbColis
5 6
//IdColis IdCommandeInColis NbProducts IdProd1 QtyProd1 IdProd2 QtyProd2 ...
51 15 26 211 1 341 1 37 1 303 1 352 1 223 1 305 1 271 1 124 1 513 1 587 1 169 1 502 1 585 1 343 1 42 2 438 2 270 1 579 1 500 1 204 1 246 1 248 1 262 1 67 1 1 2
53 16 23 184 1 335 1 211 1 498 1 217 1 241 2 352 2 205 1 382 1 124 1 595 1 47 1 475 2 142 1 106 1 518 1 216 1 174 1 204 1 231 2 304 2 314 1 61 1
55 17 24 211 1 221 1 217 1 303 2 352 2 223 1 35 1 126 1 509 1 343 1 511 1 256 1 268 1 101 1 204 1 246 2 248 2 262 2 304 2 309 2 314 2 173 1 188 1 347 2
58 18 31 294 1 167 1 205 1 220 1 293 1 375 1 408 1 382 1 492 1 612 1 368 1 240 1 272 2 302 1 285 1 326 1 106 1 470 1 297 1 250 1 446 1 389 1 348 1 204 1 231 2 304 2 314 2 383 1 95 1 436 1 93 1
60 19 28 227 1 249 1 154 1 211 1 298 1 498 1 185 1 365 1 241 1 352 1 315 1 89 1 205 1 239 1 124 1 597 1 591 1 75 1 212 1 192 1 204 1 231 1 304 1 314 1 310 1 347 1 542 1 79 1
62 20 24 154 1 157 1 211 1 341 1 185 1 312 1 217 1 303 2 352 2 228 1 263 1 223 1 593 1 368 1 47 1 272 1 348 1 45 2 204 1 246 2 248 2 262 2 304 1 71 1
//IdTournes NbColis
6 6
//IdColis IdCommandeInColis NbProducts IdProd1 QtyProd1 IdProd2 QtyProd2 ...
64 21 24 476 1 235 1 211 1 221 1 127 1 217 1 303 2 350 2 136 1 223 1 40 1 582 1 501 1 387 1 516 1 204 1 246 2 248 2 262 2 304 2 309 2 314 1 77 1 1 1
68 22 32 288 1 240 1 366 1 272 1 451 1 387 1 482 1 285 1 326 1 253 1 278 1 73 1 7 1 320 1 287 1 430 1 268 1 438 1 297 1 250 1 389 1 494 1 178 1 212 2 69 2 187 1 204 2 208 3 232 3 275 3 383 1 1 3
70 23 26 190 1 292 1 233 1 498 1 229 2 281 2 43 1 89 1 205 1 234 1 501 1 272 1 132 1 197 1 218 1 256 2 268 1 338 1 274 1 178 1 212 1 194 1 69 2 204 1 208 1 196 1
72 24 27 221 1 224 1 189 1 217 1 219 2 350 2 223 1 44 1 428 1 272 1 285 1 106 1 256 1 75 1 186 1 584 1 69 2 204 1 246 2 248 2 262 2 304 2 309 2 314 2 155 1 95 1 77 1
77 26 12 165 3 455 1 137 1 658 1 227 1 340 1 407 1 456 1 554 1 244 1 388 1 204 1
78 26 19 388 1 442 1 439 1 377 1 567 1 233 2 498 1 312 1 229 2 281 2 237 1 245 1 267 1 279 1 251 1 453 1 205 1 215 1 204 1
//IdTournes NbColis
7 6
//IdColis IdCommandeInColis NbProducts IdProd1 QtyProd1 IdProd2 QtyProd2 ...
83 27 38 518 1 166 1 207 1 204 1 246 2 248 2 262 2 304 2 309 2 314 2 173 1 188 2 243 4 310 1 473 1 347 2 11 1 588 1 6 1 3 1 29 1 176 2 548 2 26 1 28 1 39 1 90 1 672 1 49 1 24 3 68 2 116 1 525 1 30 1 8 3 9 5 12 1 74 5
104 34 29 644 1 358 1 501 1 632 1 272 1 654 1 209 1 214 1 253 1 278 1 106 1 218 1 268 1 250 1 301 1 306 1 274 1 370 1 317 1 45 1 695 1 207 1 484 1 204 2 231 3 304 3 309 2 314 3 24 1
108 35 40 482 1 285 1 326 1 242 1 287 1 430 1 268 2 438 1 297 1 250 1 270 1 494 1 338 1 370 1 222 1 534 1 207 1 395 1 204 2 208 3 232 3 275 3 188 1 41 1 433 1 119 1 542 1 67 1 3 1 29 1 53 2 26 2 28 1 49 1 66 3 68 2 560 1 8 3 9 5 5 1
113 36 42 493 1 500 1 687 1 676 1 69 1 395 1 480 1 204 2 208 3 232 3 275 3 436 1 310 2 347 1 332 2 542 1 67 1 145 1 79 1 62 1 3 1 29 1 176 2 548 2 64 1 57 1 686 1 91 1 50 1 540 1 39 2 522 1 66 3 68 2 153 1 30 1 8 4 9 5 12 1 63 1 74 5 5 3
117 37 29 366 1 490 1 122 1 302 1 475 1 387 1 326 1 7 2 147 1 256 3 438 1 470 1 446 1 301 2 270 1 370 1 328 1 212 2 354 1 581 1 518 1 69 1 204 2 231 2 246 1 248 2 262 1 193 1 1 1
120 38 27 340 1 211 1 221 1 345 1 217 1 303 1 350 1 313 1 223 1 271 2 349 1 356 1 692 1 206 1 342 1 357 1 343 1 209 1 142 1 256 1 192 1 204 1 246 1 248 1 262 1 574 1 77 1
//IdTournes NbColis
8 6
//IdColis IdCommandeInColis NbProducts IdProd1 QtyProd1 IdProd2 QtyProd2 ...
123 39 30 123 1 97 1 354 1 207 2 204 1 208 2 232 2 275 2 155 1 310 1 67 2 145 1 81 1 53 2 148 1 78 2 150 1 667 2 25 1 39 2 90 1 672 2 547 1 24 3 68 2 15 1 80 1 8 4 9 5 74 5
124 40 27 211 1 341 1 241 2 352 2 228 1 266 1 223 1 337 1 318 2 358 1 40 1 316 1 272 1 122 1 242 1 218 1 256 1 301 1 274 1 348 1 212 1 207 1 216 1 204 1 231 2 3 1 5 1
127 41 32 132 1 621 1 338 1 212 1 216 1 676 1 204 2 208 3 232 3 275 3 383 1 173 1 310 1 347 1 332 1 67 1 53 2 148 1 78 2 150 1 32 1 25 2 26 1 39 3 640 1 547 1 66 3 68 2 105 2 2 1 9 5 74 5
130 42 34 386 1 679 1 516 1 268 1 652 1 107 1 187 1 204 1 208 2 232 2 275 2 361 1 347 1 81 1 623 1 53 1 148 1 78 2 150 1 160 1 50 1 156 1 25 2 26 2 39 1 146 1 23 1 24 3 68 2 1 4 8 2 9 5 12 1 63 2
132 43 36 374 1 316 1 272 1 367 1 326 1 218 1 256 1 268 2 338 1 97 1 328 1 212 1 362 1 380 1 675 2 107 2 204 1 208 2 232 2 275 2 53 2 148 1 78 2 150 1 64 1 50 1 537 1 26 1 28 1 24 3 522 1 68 2 639 1 9 4 74 5 110 1
135 44 30 371 1 187 1 204 1 246 2 248 2 262 2 304 2 309 2 314 2 347 3 81 1 102 1 3 1 29 1 53 2 78 2 115 1 32 1 25 1 103 1 159 1 24 3 77 2 525 1 15 1 38 1 1 5 8 1 9 5 110 1
//IdTournes NbColis
9 6
//IdColis IdCommandeInColis NbProducts IdProd1 QtyProd1 IdProd2 QtyProd2 ...
137 45 27 274 1 75 1 581 2 207 1 204 1 246 2 248 2 262 2 304 2 309 2 314 2 310 1 62 1 3 1 29 1 53 2 78 2 64 1 32 1 87 1 24 3 77 2 38 1 1 3 8 1 9 4 110 1
139 46 38 272 1 502 1 402 1 132 1 218 1 274 1 348 1 207 1 398 1 187 1 204 1 231 2 262 2 304 2 309 2 314 2 310 2 93 1 3 1 29 1 53 2 78 2 32 1 98 1 160 1 537 1 25 1 26 2 39 2 51 1 49 1 77 2 172 3 2 1 1 5 8 2 9 5 12 1
142 47 36 348 1 101 1 212 1 534 1 207 1 187 1 204 1 246 2 248 2 262 2 304 2 309 2 314 2 188 1 310 3 41 2 347 1 623 1 53 1 148 1 78 2 150 1 624 1 98 1 50 1 537 1 25 1 565 1 622 1 24 3 68 2 1 4 8 2 9 5 12 1 110 1
145 48 36 353 1 124 1 655 1 210 1 649 1 643 1 130 1 532 1 535 1 10 1 405 1 516 1 256 1 250 1 212 1 398 1 204 2 231 2 304 2 314 2 636 1 53 2 148 1 78 2 150 1 25 1 26 2 28 1 39 2 51 2 640 1 657 1 24 3 68 2 14 1 1 3
148 49 34 272 1 502 1 218 1 401 1 621 1 348 2 212 1 207 1 69 1 204 1 246 2 248 2 262 2 304 2 309 2 314 2 95 1 46 1 310 1 41 1 6 1 3 1 29 1 53 2 78 2 64 1 115 1 50 1 24 2 77 2 14 1 1 4 8 1 9 5
151 50 41 215 1 260 1 397 1 280 1 406 1 357 1 501 1 240 1 268 1 256 1 438 1 301 1 494 1 348 1 222 1 212 1 600 1 178 1 216 1 395 1 204 1 246 1 248 1 262 1 304 1 309 1 314 1 95 1 41 1 3 1 29 1 176 1 548 2 50 1 156 1 26 1 24 2 77 2 1 4 8 1 9 4
//IdTournes NbColis
10 6
//IdColis IdCommandeInColis NbProducts IdProd1 QtyProd1 IdProd2 QtyProd2 ...
154 51 26 204 1 246 2 248 2 262 2 304 2 309 2 314 2 310 1 347 1 332 1 81 1 3 1 29 1 53 2 78 2 64 2 115 1 25 1 39 1 177 1 24 3 68 2 639 1 1 5 8 3 9 5
156 52 25 218 1 250 1 75 1 411 1 204 1 208 2 232 2 275 2 310 2 347 2 542 1 81 1 3 1 29 1 53 2 78 2 26 1 28 1 39 2 51 2 24 3 68 2 1 4 9 5 110 1
158 53 33 348 1 380 1 677 1 69 1 204 1 231 2 304 2 314 2 188 2 41 2 347 1 11 1 145 1 81 1 134 1 53 2 148 1 78 2 150 1 198 1 50 1 25 1 26 1 678 1 24 2 522 1 68 2 116 1 105 1 8 1 9 5 74 5 5 1
160 54 28 424 1 645 1 343 1 142 1 282 2 317 1 69 1 204 2 231 2 304 2 314 2 41 1 550 1 3 1 29 1 53 2 78 2 140 1 115 1 32 1 25 1 39 2 24 3 68 2 1 5 8 1 9 5 5 1
162 55 37 343 2 270 1 370 1 97 1 637 1 398 1 480 1 204 2 231 2 262 2 304 2 309 2 314 2 243 1 310 3 41 1 19 1 636 1 21 1 3 1 29 1 53 2 78 2 115 1 198 1 32 1 26 1 39 1 640 1 24 3 77 2 437 1 30 1 8 1 9 5 12 2 74 5
164 56 23 442 1 233 2 498 1 217 1 241 2 281 2 279 1 205 1 360 1 305 2 169 1 272 2 106 1 438 1 389 1 75 1 212 1 440 1 575 1 322 1 69 1 204 1 208 1
//IdTournes NbColis
11 6
//IdColis IdCommandeInColis NbProducts IdProd1 QtyProd1 IdProd2 QtyProd2 ...
165 56 20 204 1 232 2 275 2 314 1 155 1 93 1 3 1 29 1 53 2 78 2 160 1 25 2 39 2 24 3 68 2 153 1 9 5 74 5 110 1 5 2
168 58 37 211 1 341 1 185 1 241 1 352 1 205 1 521 1 519 1 135 1 169 1 343 1 511 1 516 1 418 1 354 1 512 1 518 1 204 1 231 1 262 1 304 1 309 1 314 1 310 1 347 1 19 1 145 1 3 1 29 1 53 2 50 1 18 1 52 3 523 2 1 5 8 1 9 5
170 59 32 407 1 211 1 498 1 241 1 352 1 315 1 205 1 360 1 507 1 510 1 125 1 520 1 269 1 133 1 366 1 302 1 511 1 348 1 204 1 231 1 304 1 314 1 310 1 41 1 332 1 3 1 29 1 53 2 115 1 1 4 8 2 9 4
172 60 29 227 1 211 1 221 1 217 1 303 2 352 2 311 1 223 1 506 1 240 1 204 1 246 2 248 2 262 2 304 2 309 2 314 2 188 1 310 1 347 3 3 1 29 1 50 1 515 1 51 2 49 2 1 5 8 3 9 5
174 61 30 211 2 498 1 241 2 352 2 228 1 279 1 205 1 408 1 381 1 269 1 240 1 272 1 301 1 216 1 484 1 204 2 231 2 304 2 309 2 314 2 53 2 514 1 26 2 39 2 24 3 118 1 15 1 38 1 9 5 5 1
176 62 43 225 1 211 1 341 1 303 1 352 1 223 1 508 1 215 1 40 1 451 1 509 1 387 1 142 1 494 1 204 1 246 1 248 1 262 1 304 1 309 1 314 1 155 1 144 1 81 1 53 2 148 1 78 2 150 1 114 1 50 1 171 1 117 1 517 1 26 2 196 1 17 1 24 3 522 1 77 2 525 1 1 5 8 1 9 5
//IdTournes NbColis
12 6
//IdColis IdCommandeInColis NbProducts IdProd1 QtyProd1 IdProd2 QtyProd2 ...
178 63 35 211 1 221 1 303 1 350 1 267 1 223 1 424 1 425 1 412 1 479 1 513 1 524 1 422 1 504 1 450 1 505 1 101 1 204 1 246 1 248 1 262 1 304 1 309 1 314 1 102 1 3 1 29 1 53 1 78 2 198 1 32 1 24 2 77 2 1 4 9 4
180 64 40 211 1 221 1 219 1 350 1 223 1 434 1 260 1 531 1 464 1 501 1 387 1 212 1 527 1 534 1 480 1 204 1 246 1 248 1 262 1 304 1 309 1 314 1 155 1 243 2 310 2 93 1 3 1 29 1 53 2 78 2 544 1 49 1 17 1 77 2 172 2 105 1 1 5 8 1 9 5 5 1
182 65 50 211 1 221 1 219 1 350 1 223 1 126 1 10 1 256 1 97 1 212 1 526 1 204 1 246 1 248 1 262 1 304 1 309 1 314 1 188 1 310 1 119 2 550 1 542 1 6 1 53 2 148 1 78 2 150 1 13 1 114 1 545 1 537 1 25 1 26 2 28 1 82 1 546 1 539 1 544 1 541 1 549 1 547 1 159 1 177 1 17 1 24 3 77 2 1 5 8 3 9 5
184 66 37 543 1 211 1 221 1 303 1 352 1 223 1 125 1 529 1 391 1 358 1 532 1 106 1 218 1 494 1 123 1 107 2 204 1 246 1 248 1 262 1 304 1 309 1 314 1 332 1 3 1 29 1 176 2 548 2 59 1 25 1 24 3 77 2 118 1 38 1 1 5 8 2 9 5
186 67 38 388 1 236 1 211 1 341 1 365 1 241 1 352 1 205 1 260 1 528 1 385 1 535 1 132 1 438 1 107 1 204 1 231 1 262 1 304 1 309 1 314 1 155 1 347 2 3 1 29 1 53 2 78 2 64 1 538 1 537 1 26 1 28 1 159 1 77 2 172 3 1 5 8 2 9 5
188 68 41 154 2 211 1 341 1 241 1 352 1 223 1 533 1 343 1 326 1 516 1 42 1 142 1 256 1 250 1 301 1 123 1 75 1 500 1 398 1 204 1 231 1 262 1 304 1 309 1 314 1 41 1 3 1 29 1 53 2 78 2 540 1 25 2 28 1 49 1 77 2 172 3 15 1 8 2 9 5 74 5 5 1
//IdTournes NbColis
13 6
//IdColis IdCommandeInColis NbProducts IdProd1 QtyProd1 IdProd2 QtyProd2 ...
190 69 38 233 1 498 1 241 1 352 1 205 1 492 1 342 1 530 1 35 1 381 1 536 1 511 1 401 1 348 1 97 1 69 1 204 1 231 1 304 1 314 1 188 1 310 1 347 1 332 1 3 1 29 1 53 2 78 2 115 1 25 1 551 1 49 1 77 2 172 3 38 1 1 5 8 2 9 5
192 70 37 233 1 498 1 229 2 281 2 290 1 228 1 213 1 271 1 42 1 218 1 256 1 268 1 274 1 212 1 204 1 208 2 232 2 275 2 347 1 11 1 564 1 53 2 148 1 78 2 150 1 115 1 114 1 28 1 39 2 51 2 20 1 24 3 77 2 1 5 8 3 9 5 5 1
194 71 39 249 1 211 1 221 1 157 1 189 1 303 1 350 1 223 1 124 1 555 1 256 1 553 1 204 1 246 1 248 1 262 1 304 1 309 1 314 1 188 1 41 1 332 1 144 1 3 1 29 1 53 2 78 2 569 1 25 2 26 1 28 1 34 1 566 1 565 1 77 2 172 3 1 5 9 5 12 1
196 72 33 211 1 221 1 303 1 350 1 263 2 223 1 521 1 558 1 557 1 552 1 247 1 204 1 246 1 248 1 262 1 304 1 309 1 314 1 93 4 3 1 29 1 53 1 78 2 32 1 537 1 25 2 26 1 571 1 77 2 172 2 1 4 8 2 9 4
197 73 37 221 1 224 1 219 1 350 1 223 1 394 1 492 1 556 1 568 1 373 1 60 1 142 1 97 1 69 1 204 1 246 1 248 1 262 1 304 1 309 1 314 1 561 1 3 1 29 1 53 2 78 2 198 1 50 1 537 1 25 1 103 1 24 3 77 2 560 1 38 1 1 4 9 4
198 74 39 567 1 336 1 221 1 224 1 108 1 219 1 350 1 223 1 562 1 129 1 491 1 563 1 204 1 246 1 248 1 262 1 304 1 309 1 314 1 559 1 143 1 3 1 29 1 53 2 78 2 64 1 115 2 114 1 98 1 160 1 26 1 94 1 570 1 24 3 77 2 105 1 1 5 8 2 9 5
//IdTournes NbColis
14 6
//IdColis IdCommandeInColis NbProducts IdProd1 QtyProd1 IdProd2 QtyProd2 ...
200 75 35 554 1 211 1 341 1 303 1 352 1 223 1 428 1 513 1 511 1 268 1 207 1 204 1 246 1 248 1 262 1 304 1 309 1 314 1 67 1 53 1 148 1 78 2 150 1 64 1 115 1 50 1 25 2 26 1 51 2 24 3 77 2 1 5 8 2 9 5 110 1
201 76 32 211 1 341 1 92 1 241 1 352 1 223 1 33 1 355 1 519 1 572 1 166 1 575 1 69 1 204 1 246 1 248 1 262 1 304 1 309 1 314 1 310 2 41 1 53 1 148 1 78 2 150 1 537 1 24 2 77 2 8 2 9 4 74 4
202 77 33 233 1 498 1 241 1 352 1 417 1 149 2 205 1 283 1 501 1 256 1 370 1 69 1 204 1 231 1 304 1 314 1 188 1 145 1 265 1 53 2 148 1 78 2 150 1 114 1 537 1 25 2 26 1 77 2 172 3 1 5 8 4 9 5 110 1
203 78 32 233 1 498 1 229 1 281 1 205 1 576 1 36 1 151 1 123 1 212 1 282 1 204 1 208 1 232 1 275 1 41 1 6 1 3 1 29 1 53 1 78 2 32 1 537 1 25 1 28 1 24 3 77 2 38 1 1 5 8 3 9 5 5 2
204 79 25 221 1 224 1 219 1 350 1 149 4 223 1 527 1 186 1 187 1 204 1 246 1 248 1 262 1 304 1 309 1 314 1 3 1 29 1 53 1 78 2 28 1 77 2 172 2 1 4 9 4
205 80 30 154 1 221 1 224 1 127 1 219 1 350 1 223 1 406 1 343 1 500 1 204 1 246 1 248 1 262 1 304 1 309 1 314 1 574 1 3 1 29 1 53 1 78 2 64 1 77 2 172 2 15 1 105 1 1 4 8 2 9 4
//IdTournes NbColis
15 6
//IdColis IdCommandeInColis NbProducts IdProd1 QtyProd1 IdProd2 QtyProd2 ...
206 81 31 72 1 233 1 498 1 217 1 229 2 281 2 263 2 205 1 382 1 136 1 124 1 343 1 348 1 282 1 204 1 208 2 232 2 275 2 243 1 573 1 3 1 29 1 53 2 25 1 26 2 28 1 24 3 560 1 8 2 9 5 12 1
208 82 36 580 1 211 1 221 1 312 1 219 1 350 1 577 1 223 1 239 1 583 1 427 1 343 1 586 1 581 1 204 1 246 1 248 1 262 1 304 1 309 1 314 1 243 1 310 1 559 1 347 1 332 1 574 1 3 1 29 1 53 2 537 1 25 1 15 1 1 5 8 2 9 5
210 83 34 211 1 341 1 152 1 92 1 217 1 303 1 352 1 223 1 382 1 125 1 339 1 318 1 44 1 132 1 268 1 470 1 589 1 138 1 101 1 590 1 362 1 178 1 411 1 69 1 204 1 246 1 248 1 262 1 304 1 309 1 314 1 347 1 588 1 25 1
212 84 27 233 1 498 1 599 1 92 1 229 1 281 1 417 1 279 1 149 3 205 1 596 1 583 1 521 1 693 1 124 1 392 1 501 1 516 1 222 1 594 1 600 1 107 1 204 1 208 1 232 1 275 1 1 2
7 3 24 228 1 238 1 460 1 472 1 279 1 311 1 205 1 293 1 471 1 382 2 583 1 339 1 215 1 260 1 452 1 327 1 483 1 36 1 44 1 324 1 466 1 629 1 330 1 3 1
12 4 21 498 1 92 1 325 1 409 1 477 1 229 3 281 3 290 1 376 1 279 1 294 1 431 1 205 1 331 1 271 1 408 1 318 1 429 1 368 1 381 1 102 1
//IdTournes NbColis
16 6
//IdColis IdCommandeInColis NbProducts IdProd1 QtyProd1 IdProd2 QtyProd2 ...
17 5 23 352 3 290 2 267 1 376 1 279 2 294 1 431 1 263 1 89 1 205 1 408 1 492 1 33 1 206 1 429 1 40 1 428 1 454 1 286 1 288 1 366 1 272 1 99 1
25 7 24 271 2 375 1 408 1 33 1 206 1 210 1 259 1 260 3 280 1 406 1 425 1 597 1 135 1 660 1 644 1 595 1 133 1 631 1 333 1 240 2 366 1 387 1 144 1 8 2
30 8 20 233 1 498 1 284 1 108 1 325 1 409 1 477 1 241 3 352 3 228 1 267 1 376 1 279 1 294 1 431 1 205 1 458 1 271 1 408 1 6 1
46 13 25 183 1 340 1 226 1 211 1 498 1 241 2 352 2 228 1 168 1 205 1 271 1 607 1 272 1 126 1 60 1 104 1 256 1 274 1 348 1 123 1 97 1 101 1 178 1 212 1 148 1
67 22 22 409 1 229 3 281 3 290 1 228 1 363 1 279 1 294 1 431 1 263 1 205 1 408 1 614 1 206 1 210 2 351 1 429 1 368 1 422 1 286 1 53 1 1 1
89 29 22 251 1 266 1 267 1 311 2 205 1 220 2 230 1 305 1 408 1 276 1 492 1 503 1 656 1 33 1 355 1 478 1 210 1 461 1 647 1 252 1 240 1 314 1
//IdTournes NbColis
17 6
//IdColis IdCommandeInColis NbProducts IdProd1 QtyProd1 IdProd2 QtyProd2 ...
96 32 21 249 1 233 1 498 1 299 1 300 1 261 1 217 1 229 2 281 2 205 1 271 1 276 1 382 1 125 1 478 1 260 3 316 1 632 1 272 1 532 1 81 1
99 33 21 455 1 249 1 233 1 498 1 299 1 300 1 261 1 120 1 92 1 217 1 241 2 281 2 266 1 313 1 315 1 205 1 305 1 271 1 276 1 3 1 1 1
103 34 21 352 2 279 1 315 1 294 1 205 1 239 1 293 1 308 1 474 1 651 1 215 1 372 1 124 1 478 1 260 1 465 1 464 1 647 1 289 1 467 1 422 1
107 35 23 281 3 290 1 245 1 363 1 279 1 294 2 431 1 205 1 305 1 408 1 492 1 424 1 260 1 615 1 429 1 368 1 591 1 286 1 288 1 366 1 272 2 451 1 387 1
111 36 19 300 1 120 1 92 1 325 1 477 1 229 3 281 3 228 1 237 1 238 1 245 1 266 1 279 1 205 1 408 1 276 1 492 1 318 2 491 1
122 39 23 58 1 249 1 233 1 498 1 127 1 229 2 281 2 228 1 315 1 263 1 311 1 205 1 271 1 276 1 355 1 272 1 142 1 218 1 256 1 268 1 338 2 274 1 50 1
//IdTournes NbColis
18 6
//IdColis IdCommandeInColis NbProducts IdProd1 QtyProd1 IdProd2 QtyProd2 ...
126 41 17 682 1 158 1 680 1 390 1 233 2 345 1 498 1 229 3 281 3 205 1 260 1 368 1 373 1 366 1 272 1 387 1 30 1
138 46 21 403 1 296 1 211 1 323 1 341 1 300 2 477 1 241 2 352 2 228 1 279 1 205 1 220 1 568 1 260 1 604 1 634 1 468 1 391 1 632 1 198 1
144 48 18 543 1 403 1 340 1 335 1 255 1 404 1 233 2 498 1 261 1 312 1 241 2 352 2 267 1 279 1 205 1 646 1 392 1 1 1
157 53 21 421 1 233 1 400 2 498 1 217 1 241 2 352 2 263 1 205 1 308 1 382 1 356 1 419 1 616 1 35 1 427 1 426 1 302 1 101 1 24 1 110 1
159 54 18 225 1 249 1 388 1 233 2 498 1 299 1 648 1 217 1 241 2 352 2 228 1 279 2 205 1 337 1 305 1 423 1 276 1 216 1
161 55 20 638 1 249 1 388 1 211 2 498 1 241 2 352 2 315 1 279 1 205 1 432 1 434 1 271 1 342 1 608 1 519 1 635 1 269 1 490 1 8 1
//IdTournes NbColis
19 6
//IdColis IdCommandeInColis NbProducts IdProd1 QtyProd1 IdProd2 QtyProd2 ...
6 3 17 112 1 225 1 459 1 462 1 435 1 481 1 291 1 233 1 345 1 498 1 37 1 299 1 463 1 241 2 352 2 290 1 207 1
18 5 34 451 1 502 1 10 1 482 1 285 1 326 1 253 1 278 3 42 1 60 1 73 1 320 2 287 1 256 1 268 2 470 1 297 1 250 1 389 1 494 1 348 3 85 1 370 1 101 1 212 1 487 1 354 1 500 1 207 1 216 1 484 1 395 1 9 2 5 1
153 51 25 658 1 481 1 388 1 211 1 341 1 303 2 352 2 228 1 223 1 271 1 339 1 272 2 420 1 343 1 218 1 256 1 268 1 274 1 348 1 97 1 212 1 416 1 418 1 207 1 565 1
14 4 25 208 3 232 3 275 3 383 1 436 1 310 1 433 1 347 1 332 1 3 1 29 1 53 2 78 2 57 1 32 1 50 1 39 2 20 1 24 2 68 2 80 1 2 1 8 1 9 5 74 5
71 23 31 208 1 232 2 275 2 310 1 201 1 199 1 78 2 3 1 29 1 53 2 140 1 13 1 99 1 200 1 609 1 50 1 39 1 25 1 26 1 541 1 177 1 77 2 24 3 195 1 105 1 52 3 523 2 74 5 8 1 9 5 5 2
93 30 32 106 1 218 1 256 1 274 1 97 1 212 1 282 1 687 1 694 1 178 1 107 1 208 2 232 2 275 2 265 1 102 1 29 1 53 2 148 1 78 2 98 1 25 1 26 1 39 1 159 1 24 3 68 2 8 1 9 5 12 1 74 5 5 1
//IdTournes NbColis
20 6
//IdColis IdCommandeInColis NbProducts IdProd1 QtyProd1 IdProd2 QtyProd2 ...
8 3 30 357 1 428 1 316 2 631 1 286 1 288 1 272 2 625 1 532 1 475 1 55 1 482 1 100 1 209 1 326 1 253 1 448 1 42 1 218 1 256 1 86 1 264 1 274 1 348 1 321 1 75 1 101 2 328 1 45 1 107 1
16 5 17 58 1 292 1 295 1 226 1 257 1 439 1 211 2 323 1 445 1 498 1 499 1 92 1 325 1 409 1 477 1 241 3 210 1
116 37 25 352 1 228 1 238 1 245 1 315 1 279 1 294 1 223 1 293 1 239 1 305 2 375 1 382 1 492 1 210 2 259 1 452 1 449 1 406 1 425 1 373 1 47 1 486 1 272 1 1 2
134 44 22 58 1 691 1 236 1 211 1 221 1 217 1 303 2 352 2 266 1 376 1 223 1 379 1 684 1 210 1 595 1 557 1 272 2 100 1 320 1 256 1 268 1 41 1
150 50 23 227 1 388 1 211 1 221 1 303 1 352 1 290 1 228 1 245 1 267 1 376 1 315 1 279 1 149 1 263 1 220 1 223 1 394 1 305 1 271 1 89 1 617 1 210 1
166 57 25 227 1 378 1 388 1 441 1 290 1 228 1 245 1 363 1 267 1 279 1 305 1 271 1 276 1 210 1 260 1 269 1 240 2 256 1 268 1 438 1 301 1 270 1 222 1 212 1 216 1
//IdTournes NbColis
21 6
//IdColis IdCommandeInColis NbProducts IdProd1 QtyProd1 IdProd2 QtyProd2 ...
1 1 11 113 3 111 2 335 1 211 2 341 1 303 2 352 2 228 2 267 1 279 1 1 1
4 2 27 70 1 211 1 221 1 92 1 108 1 303 1 352 1 376 1 43 1 220 1 223 1 360 1 469 1 289 1 373 1 601 1 283 1 109 1 343 1 285 1 326 1 7 1 104 1 256 1 362 1 69 1 1 2
23 7 16 158 1 72 1 235 1 442 1 291 1 439 1 154 2 236 1 404 1 211 2 336 1 445 1 298 2 341 1 345 1 159 1
39 11 18 164 1 249 1 211 1 221 1 261 1 299 1 127 1 152 1 217 1 303 2 350 2 228 1 266 1 267 1 315 1 254 1 223 1 535 1
42 12 16 161 1 476 1 291 1 346 1 211 2 341 1 120 1 299 1 477 2 217 1 303 2 352 2 417 1 125 1 136 2 78 1
85 28 19 403 1 249 1 211 1 341 1 261 1 299 1 300 1 477 1 217 2 241 2 352 2 228 1 266 1 315 1 263 1 223 1 239 2 384 1 1 1
//IdTournes NbColis
22 6
//IdColis IdCommandeInColis NbProducts IdProd1 QtyProd1 IdProd2 QtyProd2 ...
102 34 16 697 1 225 1 340 1 421 1 442 1 296 1 439 1 211 2 298 1 498 1 284 1 299 1 300 1 241 3 352 1 53 1
112 36 32 497 2 429 1 368 1 36 1 688 1 316 1 501 1 366 1 272 1 451 1 685 1 387 1 285 1 448 1 142 1 106 1 287 1 256 1 297 1 389 2 494 1 495 1 621 1 689 1 338 2 151 1 370 1 222 1 443 1 212 2 329 1 8 1
115 37 15 690 1 72 1 235 1 249 1 435 1 388 1 291 1 236 1 447 1 211 2 341 1 325 1 241 3 352 2 348 1
136 45 25 249 1 377 1 211 1 221 1 261 1 303 2 350 2 228 1 223 1 271 1 633 1 617 1 372 1 650 1 40 1 269 1 367 1 163 1 285 1 218 1 256 1 268 2 389 1 103 1 1 1
141 47 25 407 1 211 1 341 1 300 1 217 1 303 2 352 2 228 1 376 1 223 1 396 1 305 1 271 1 619 1 620 1 272 1 343 1 393 1 516 1 218 1 256 1 268 1 274 1 542 1 1 1
147 49 23 388 1 211 1 336 1 221 1 189 1 409 1 217 1 303 2 352 2 228 1 263 1 223 1 239 1 408 1 521 1 260 1 399 1 419 1 618 1 582 1 7 1 24 1 1 1
//IdTournes NbColis
23 6
//IdColis IdCommandeInColis NbProducts IdProd1 QtyProd1 IdProd2 QtyProd2 ...
40 11 24 239 1 305 1 271 1 308 1 603 1 260 1 604 1 131 2 414 1 602 1 272 2 606 1 343 1 132 1 285 2 106 1 218 1 268 2 256 1 301 1 306 1 274 1 348 1 5 1
43 12 27 223 1 396 1 382 1 424 1 626 1 627 1 260 1 630 1 130 1 412 1 628 1 427 1 422 1 486 1 122 1 302 1 163 1 410 1 42 1 301 1 494 1 123 1 45 1 282 1 216 1 1 2 110 1
31 8 25 492 1 664 1 121 1 124 1 355 1 260 1 662 1 469 1 429 1 368 1 47 1 373 1 468 1 283 1 334 1 286 1 288 1 366 1 272 2 451 1 496 1 532 1 502 1 395 2 433 1
29 8 17 165 1 403 1 225 1 292 1 435 1 481 1 295 1 390 1 335 1 226 1 257 1 439 1 255 1 404 1 323 1 233 1 42 1
74 25 18 681 1 225 1 257 1 236 1 233 2 498 1 499 1 92 1 152 2 229 2 281 2 279 1 254 1 213 1 271 1 276 1 259 1 119 1
129 42 22 340 1 378 1 233 1 498 1 359 1 365 1 217 1 229 2 281 2 311 1 213 1 360 1 375 1 382 1 43 1 89 1 617 1 215 1 384 1 391 1 53 1 1 1
//IdTournes NbColis
24 6
//IdColis IdCommandeInColis NbProducts IdProd1 QtyProd1 IdProd2 QtyProd2 ...
131 43 22 182 1 658 1 681 1 388 1 233 1 498 1 152 1 229 2 281 2 228 1 363 1 311 1 213 1 521 1 260 1 364 1 385 1 36 1 130 1 62 1 8 1 9 1
155 52 22 70 1 388 1 233 1 498 1 413 1 54 1 152 1 409 1 217 1 229 2 281 2 213 1 379 1 276 1 382 1 425 1 283 1 428 1 415 1 142 1 550 1 1 1
52 15 23 304 1 309 1 314 1 332 1 578 1 93 1 78 2 3 1 29 1 53 2 64 1 25 1 27 1 177 1 77 2 24 3 105 2 52 2 38 1 1 3 9 5 110 1 5 1
24 7 18 152 1 92 1 312 1 409 1 217 1 303 3 352 3 228 1 237 1 238 1 315 2 279 1 311 1 220 1 223 1 293 1 305 2 129 1
48 14 18 181 1 182 1 72 1 249 1 442 1 291 1 233 1 498 1 299 1 300 1 261 1 217 1 241 2 352 2 228 1 266 1 84 1 1 1
57 18 19 292 1 295 1 226 1 291 1 257 1 439 1 236 1 255 1 233 1 400 1 498 1 127 1 409 1 477 1 217 1 241 2 352 2 266 1 49 1
//IdTournes NbColis
25 6
//IdColis IdCommandeInColis NbProducts IdProd1 QtyProd1 IdProd2 QtyProd2 ...
81 27 18 476 1 235 1 249 1 390 1 226 1 221 1 224 1 299 1 300 1 261 1 217 2 219 2 350 2 228 1 266 1 315 1 263 1 15 1
88 29 17 249 1 340 1 421 1 442 1 233 2 498 1 299 1 300 2 261 1 409 1 217 1 241 3 352 3 245 1 53 1 30 1 8 1
11 4 16 403 1 72 1 225 1 292 1 435 1 481 1 65 1 295 1 390 1 226 1 257 1 439 1 255 1 404 1 233 2 400 1
110 36 14 638 1 403 1 225 1 227 2 292 1 435 1 481 2 390 1 257 1 255 1 404 1 233 2 498 1 667 1
66 22 17 403 1 249 1 292 1 407 1 295 1 226 1 257 1 439 2 255 1 233 2 400 1 345 1 498 1 189 1 152 1 325 1 198 1
106 35 17 235 1 292 1 388 1 295 1 226 1 257 1 439 1 236 1 255 1 233 2 400 1 498 1 325 1 409 1 477 1 229 3 6 1
//IdTournes NbColis
26 6
//IdColis IdCommandeInColis NbProducts IdProd1 QtyProd1 IdProd2 QtyProd2 ...
214 85 10 227 1 267 1 608 1 475 1 69 1 560 1 38 1 611 5 8 1 5 2
33 8 36 231 3 304 3 314 3 436 1 310 1 41 3 347 1 332 1 119 1 145 1 542 1 3 1 53 2 78 2 29 1 64 1 91 1 114 1 128 1 50 1 156 1 39 2 94 2 667 1 25 1 26 1 146 1 18 1 103 1 23 2 68 2 24 3 30 1 9 3 74 5 5 2
38 10 16 232 2 275 2 347 3 53 1 78 2 3 1 29 1 32 1 598 1 117 1 77 2 23 1 24 3 116 1 1 5 9 5
118 37 26 262 2 304 3 309 3 314 3 310 1 361 1 347 2 332 1 201 1 79 1 3 1 29 1 53 2 78 2 115 1 25 2 51 2 546 1 24 3 77 2 2 1 437 2 1 2 8 4 9 5 12 1
36 9 25 246 1 248 2 262 2 304 2 309 2 314 2 310 1 347 2 145 1 6 2 53 2 148 1 78 2 150 1 156 1 537 1 25 1 28 1 77 2 24 3 118 1 8 3 9 5 1 6 5 1
27 7 30 314 1 310 1 347 2 332 1 162 1 81 1 29 1 53 2 78 2 64 1 115 1 114 1 99 1 50 1 28 1 39 1 51 3 49 1 66 3 68 2 153 1 139 2 80 1 437 1 8 3 9 5 12 1 74 5 110 1 5 1
//IdTournes NbColis
27 6
//IdColis IdCommandeInColis NbProducts IdProd1 QtyProd1 IdProd2 QtyProd2 ...
69 22 22 436 2 433 1 332 1 53 1 78 2 3 1 29 1 22 1 50 1 39 2 537 1 25 2 26 2 28 1 103 1 77 2 24 3 560 1 1 1 8 1 9 5 110 1
121 38 19 304 1 309 1 314 1 347 1 332 1 102 1 3 1 29 1 53 2 78 2 51 1 77 1 172 3 525 1 118 2 38 1 1 5 8 3 9 5
87 28 27 262 1 304 2 309 2 314 2 173 2 310 3 561 1 347 2 3 1 29 1 53 2 78 2 25 1 28 1 39 1 51 2 24 2 77 2 15 1 105 1 80 1 30 1 1 4 8 2 9 5 63 1 110 1
95 31 23 262 2 304 2 309 2 314 2 173 1 310 1 559 1 102 1 3 1 29 1 78 2 176 2 115 1 98 1 598 1 25 2 39 1 77 2 172 3 195 1 1 5 8 3 9 5
125 40 20 262 2 304 2 309 2 314 2 173 1 310 1 29 1 53 2 78 2 50 1 25 1 26 2 39 2 51 2 546 1 24 3 68 2 8 4 9 5 74 5
105 34 29 436 1 310 2 41 1 347 3 119 1 623 1 53 1 148 1 78 2 150 1 13 1 59 1 32 1 696 1 156 1 26 2 39 2 180 1 641 1 547 1 159 2 49 1 24 2 77 2 105 1 84 2 8 5 9 5 74 5
//IdTournes NbColis
28 6
//IdColis IdCommandeInColis NbProducts IdProd1 QtyProd1 IdProd2 QtyProd2 ...
63 20 24 304 1 309 2 314 2 347 1 11 1 102 1 6 1 148 1 78 2 150 1 53 2 64 2 99 1 103 1 177 1 77 2 24 3 52 3 523 2 1 5 8 1 9 5 12 2 5 1
22 6 17 95 1 310 1 347 3 3 1 29 1 53 2 78 2 13 1 34 1 48 1 66 3 68 2 105 1 2 1 9 5 63 1 74 5
213 84 26 310 1 119 1 542 1 93 3 3 1 29 1 53 2 78 2 99 1 50 1 200 1 569 1 117 1 517 1 25 2 26 1 20 1 159 1 49 1 87 1 24 3 77 2 525 1 1 3 8 1 9 5
3 1 25 314 2 41 1 347 1 11 1 76 1 3 1 29 1 53 2 78 2 64 1 59 1 22 1 32 1 50 1 26 1 28 1 94 1 16 2 23 1 24 3 68 2 2 1 1 2 8 2 9 5
54 16 21 314 1 155 1 170 1 559 1 347 3 145 1 102 1 78 2 176 1 3 1 29 1 179 1 128 1 28 1 49 2 77 2 172 3 560 1 1 5 8 1 9 5
65 21 16 314 1 347 2 193 1 102 1 78 2 3 1 29 1 53 1 198 1 49 1 77 1 172 3 38 1 1 4 9 5 5 1
//IdTournes NbColis
29 6
//IdColis IdCommandeInColis NbProducts IdProd1 QtyProd1 IdProd2 QtyProd2 ...
59 18 16 347 1 6 1 148 1 78 2 150 1 53 2 175 1 39 1 51 2 77 2 24 3 560 1 38 3 74 5 8 4 9 5
73 24 23 188 2 559 1 347 1 67 1 145 1 144 1 6 1 78 2 3 1 29 1 53 2 64 1 50 1 517 1 25 1 26 1 28 1 49 1 77 1 172 3 1 5 9 5 5 1
61 19 24 79 1 81 1 6 2 78 2 3 1 29 1 53 2 140 2 198 1 179 1 156 1 537 1 25 1 26 1 141 1 191 1 68 2 24 3 560 1 523 2 38 1 1 5 8 2 9 5
56 17 18 143 1 162 1 78 2 3 1 29 1 53 2 64 2 115 1 39 2 25 1 26 1 51 1 177 1 77 2 172 3 1 5 8 3 9 5
146 48 5 2 1 1 1 8 2 9 5 12 1
211 83 17 53 2 148 1 78 2 150 1 198 1 25 1 26 2 28 1 547 1 87 1 24 3 68 2 116 1 523 2 1 5 8 3 9 5
//IdTournes NbColis
30 5
//IdColis IdCommandeInColis NbProducts IdProd1 QtyProd1 IdProd2 QtyProd2 ...
80 26 19 561 1 550 1 67 1 145 1 623 1 102 1 134 1 3 1 29 1 53 2 78 2 59 1 98 1 24 3 68 2 84 1 8 2 9 5 74 5
76 25 23 6 1 148 1 78 2 150 1 71 1 50 1 25 2 26 2 39 3 88 1 640 1 539 1 159 1 24 2 66 1 68 2 139 1 671 1 105 1 80 1 30 1 9 4 74 5
91 29 7 53 1 50 1 51 2 49 1 24 3 8 4 9 5
10 3 2 9 3 74 5
101 33 1 9 1
