//NbTournees
2
//IdTournes NbColis
1 6
//IdColis IdCommandeInColis NbProducts IdProd1 QtyProd1 IdProd2 QtyProd2 ...
2 1 18 72 1 55 1 9 2 33 1 36 1 83 4 135 1 24 1 28 2 44 1 49 1 52 1 87 2 100 2 102 1 103 2 112 1 108 1
7 1 47 57 1 127 1 92 1 90 1 89 1 88 1 144 1 6 1 31 3 131 1 145 1 1 1 113 1 117 2 128 4 129 1 13 1 45 1 96 1 115 1 126 2 18 2 150 1 15 1 16 1 20 1 69 1 99 2 123 2 133 1 147 2 121 5 148 1 124 2 139 2 146 1 60 1 74 1 78 1 80 2 81 1 11 1 30 2 75 1 77 1 85 2 98 1
1 1 12 58 1 134 1 118 1 140 1 10 2 12 1 14 1 29 3 65 1 37 1 104 2 43 1
5 1 15 8 1 40 1 79 1 4 1 3 1 21 1 23 1 42 1 34 6 7 4 17 2 25 1 50 5 2 1 116 1
4 1 11 46 2 56 2 59 1 19 2 22 2 35 1 47 4 68 4 130 5 8 3 94 1
6 1 24 53 1 67 3 71 1 26 1 66 2 84 1 95 2 125 1 32 2 41 1 51 1 61 1 73 1 76 1 82 1 86 1 101 1 105 2 107 1 110 1 120 2 5 2 38 1 114 1
//IdTournes NbColis
2 2
//IdColis IdCommandeInColis NbProducts IdProd1 QtyProd1 IdProd2 QtyProd2 ...
3 1 21 106 1 111 2 136 1 137 1 138 1 142 1 143 1 54 1 141 2 64 3 27 1 39 1 48 2 62 1 63 1 70 2 109 1 122 1 132 1 112 2 26 1
8 1 5 119 2 149 2 91 4 97 1 93 2
