//NbTournees
41
//IdTournes NbColis
1 6
//IdColis IdCommandeInColis NbProducts IdProd1 QtyProd1 IdProd2 QtyProd2 ...
47 13 22 730 1 112 1 84 1 98 1 99 1 106 1 111 1 130 1 146 1 212 1 464 1 465 1 88 1 672 1 395 1 350 1 32 1 87 1 440 2 179 1 290 1 492 1
51 14 21 709 1 148 1 288 1 399 1 84 1 106 1 111 1 135 1 136 1 146 1 147 1 149 1 150 1 287 1 131 1 416 1 347 1 513 1 103 1 113 1 492 2
58 15 34 580 1 85 1 123 1 153 1 168 1 181 1 555 1 417 1 115 1 165 1 54 1 58 1 65 1 91 1 120 1 163 2 55 1 9 1 589 1 525 2 61 1 755 1 78 1 34 5 109 1 753 1 546 1 482 1 20 1 22 1 29 1 35 1 41 2 484 1
65 17 15 157 2 476 1 350 1 425 3 162 1 154 2 199 1 247 1 249 1 159 1 351 1 164 1 348 2 85 1 695 1
227 64 23 639 1 84 1 99 1 106 1 111 1 212 1 227 1 103 1 476 1 349 1 32 2 474 1 440 1 159 1 254 1 17 1 85 1 123 1 479 1 102 2 181 2 492 4 19 1
10 4 16 154 3 390 2 461 3 229 2 343 1 291 1 249 1 533 1 512 1 351 1 376 1 86 1 168 1 102 3 39 1 34 1
//IdTournes NbColis
2 6
//IdColis IdCommandeInColis NbProducts IdProd1 QtyProd1 IdProd2 QtyProd2 ...
17 5 18 187 1 104 1 284 1 249 1 404 1 390 1 154 1 159 1 348 3 512 1 164 1 376 1 661 1 86 1 168 1 102 4 53 1 559 1
28 7 33 374 1 11 1 191 1 187 1 199 1 211 1 317 1 289 1 86 1 198 1 548 1 129 1 151 1 23 1 74 2 27 1 77 1 54 2 253 1 9 1 61 1 493 2 50 1 34 5 487 1 68 1 540 1 542 2 541 1 33 1 36 1 76 1 484 1
62 16 33 408 1 164 1 376 1 86 1 126 1 139 2 233 1 409 2 659 1 655 1 90 1 121 1 646 1 27 2 54 1 55 1 525 1 61 1 731 1 539 1 79 1 47 1 34 5 643 1 499 2 12 1 43 1 538 1 585 1 45 1 33 2 42 1 566 1
66 17 39 348 1 86 1 279 1 129 1 155 1 39 1 692 1 27 2 77 1 54 1 65 1 460 3 72 1 493 1 545 1 61 1 37 1 693 1 93 1 34 4 96 4 97 1 483 1 495 1 686 1 109 1 486 1 33 1 56 2 566 1 30 1 62 1 76 2 647 1 35 1 22 1 29 1 41 2 494 1
68 18 20 288 1 436 1 136 1 234 1 344 1 185 1 134 1 349 1 350 1 472 1 509 1 162 1 199 1 250 1 86 1 102 2 128 2 233 1 481 1 519 1
71 19 18 179 1 182 1 260 1 266 1 104 1 440 1 645 1 86 1 145 2 168 1 102 2 181 2 198 1 624 1 151 2 276 1 225 1 492 2
//IdTournes NbColis
3 6
//IdColis IdCommandeInColis NbProducts IdProd1 QtyProd1 IdProd2 QtyProd2 ...
78 20 19 86 2 168 2 181 2 126 1 276 1 139 2 225 1 283 1 252 1 121 2 428 1 160 3 161 1 27 1 197 1 158 1 245 1 557 1 49 1
83 21 18 226 1 351 1 376 1 154 3 86 1 168 2 102 3 198 1 279 1 362 1 370 1 548 1 175 1 126 2 240 2 129 1 139 1 39 1
90 22 17 179 3 394 1 348 3 738 1 86 2 133 1 456 1 362 1 444 1 624 1 338 1 128 3 283 1 451 1 417 1 524 1 487 1
134 32 24 421 1 295 1 32 4 87 1 191 1 187 1 226 1 247 1 179 1 17 1 86 1 310 1 128 1 151 1 244 1 255 2 252 1 301 1 23 1 27 1 54 1 270 1 316 1 323 1
175 45 23 355 1 280 1 286 1 162 1 478 1 199 1 278 1 376 2 17 1 86 1 268 1 277 1 153 1 364 1 102 1 181 2 420 1 587 1 300 1 307 1 403 1 161 1 519 1
221 61 20 280 1 432 1 286 1 445 1 533 1 351 1 408 1 702 1 86 1 145 2 477 1 101 1 479 1 555 1 151 2 244 2 255 2 377 1 711 1 492 1
//IdTournes NbColis
4 6
//IdColis IdCommandeInColis NbProducts IdProd1 QtyProd1 IdProd2 QtyProd2 ...
230 65 20 613 1 367 1 288 1 203 1 360 1 222 1 227 1 234 1 88 1 134 1 224 1 235 1 350 1 179 1 284 1 229 1 86 2 422 1 358 1 644 1
4 2 13 512 1 277 1 524 1 115 1 23 1 54 1 114 1 50 1 59 1 34 4 184 1 15 1 519 1
5 3 27 3 1 31 1 522 2 99 1 106 1 111 1 212 1 507 1 508 1 368 1 103 1 305 1 185 1 228 1 510 1 297 1 186 1 442 1 244 1 393 1 252 1 255 1 377 1 378 1 23 1 57 1 492 1
15 5 18 105 2 136 1 234 1 416 1 177 1 452 1 344 1 347 1 513 1 342 3 171 1 185 1 132 1 224 1 231 1 497 1 18 1 515 1
25 6 40 535 1 587 1 39 1 121 2 365 1 5 1 23 2 27 4 58 2 28 1 55 1 401 1 158 1 460 1 114 1 669 1 48 1 51 1 189 1 44 1 398 1 400 1 208 1 47 1 34 4 495 1 708 1 13 1 184 1 45 1 514 1 640 1 56 1 15 2 26 1 488 1 188 1 558 1 658 1 494 1
36 10 13 210 1 342 1 657 1 185 1 100 1 213 2 134 1 224 1 415 4 125 1 127 2 455 1 228 1
//IdTournes NbColis
5 6
//IdColis IdCommandeInColis NbProducts IdProd1 QtyProd1 IdProd2 QtyProd2 ...
44 12 19 70 1 543 1 83 1 215 1 227 1 287 1 242 1 185 1 132 1 235 1 295 1 32 2 127 1 248 1 421 1 509 1 199 1 104 1 72 1
70 19 25 116 2 180 1 183 1 99 1 201 1 106 1 111 1 212 1 135 1 149 1 227 1 234 1 242 1 267 1 113 1 185 1 272 1 224 1 295 1 32 1 497 1 162 1 1 1 26 1 19 1
98 23 21 161 2 23 1 27 3 195 1 197 1 202 1 245 1 206 1 172 2 34 4 96 3 483 2 641 1 109 1 184 1 677 1 678 1 42 1 29 1 35 1 41 2
102 24 17 54 1 525 1 493 1 61 1 48 1 550 1 34 5 483 1 80 1 184 1 486 1 514 1 36 2 42 1 482 2 15 1 20 1
104 25 19 386 1 210 1 672 1 554 1 185 1 205 1 216 1 134 1 235 1 171 1 125 1 127 1 406 3 421 1 295 1 32 1 191 1 39 1 78 1
106 25 24 115 2 90 2 121 2 195 1 221 1 72 2 581 1 61 1 48 3 50 1 78 1 59 1 34 5 96 2 184 1 43 1 565 1 36 2 42 1 712 2 22 1 29 1 35 1 41 2
//IdTournes NbColis
6 6
//IdColis IdCommandeInColis NbProducts IdProd1 QtyProd1 IdProd2 QtyProd2 ...
108 26 19 629 1 591 1 735 1 169 1 140 1 178 1 196 1 99 1 201 1 106 1 111 1 212 1 136 1 242 1 513 1 185 1 132 1 184 1 492 1
111 27 21 713 1 223 1 238 1 183 1 185 1 213 1 132 1 214 1 231 1 235 1 421 1 350 1 446 1 472 1 32 2 497 1 11 1 209 1 217 1 162 1 481 1
115 28 23 288 1 296 1 99 1 106 1 212 1 215 1 136 1 232 1 242 1 294 1 185 1 295 1 286 1 257 1 199 1 269 1 247 1 249 1 159 1 671 1 252 1 261 1 492 2
119 29 13 185 1 213 1 134 1 125 3 157 1 350 2 446 1 298 1 421 3 32 1 660 1 87 2 390 1
195 52 17 347 1 183 1 125 2 406 2 346 1 185 1 231 1 176 1 404 1 229 1 289 1 247 1 534 1 154 3 390 2 55 1 519 1
204 55 17 59 1 34 3 190 1 184 1 506 1 516 1 517 1 518 2 520 1 8 1 36 2 42 1 30 2 22 1 29 1 35 1 41 2
//IdTournes NbColis
7 6
//IdColis IdCommandeInColis NbProducts IdProd1 QtyProd1 IdProd2 QtyProd2 ...
232 66 21 523 1 222 1 227 1 234 1 242 1 205 1 350 1 249 1 268 1 72 2 527 1 34 4 526 1 529 1 184 1 516 1 517 1 520 1 8 1 15 1 30 2
233 67 22 136 1 232 1 242 1 294 1 185 1 32 2 229 1 250 1 370 1 89 1 365 1 27 2 551 1 59 1 549 1 34 4 547 1 544 1 56 1 482 1 15 2 20 1
23 6 21 157 1 463 1 235 1 371 1 579 1 295 1 374 1 298 1 705 1 87 1 191 1 162 1 186 1 200 1 204 1 211 1 219 1 220 1 229 1 250 1 484 1
121 29 18 159 1 394 1 512 1 351 1 408 1 164 1 17 1 256 1 168 1 364 1 555 1 240 1 175 3 129 3 417 1 151 2 466 1 592 1
126 30 17 127 1 421 2 350 1 295 1 191 1 628 1 186 1 187 1 211 1 290 1 176 2 179 3 394 1 623 1 17 1 580 1 39 1
130 31 20 346 1 421 1 295 1 32 3 217 1 286 1 162 1 186 2 199 1 314 1 247 1 249 1 441 1 348 1 289 1 394 1 623 1 512 1 408 1 549 1
//IdTournes NbColis
8 6
//IdColis IdCommandeInColis NbProducts IdProd1 QtyProd1 IdProd2 QtyProd2 ...
157 39 23 223 1 339 1 347 1 201 1 136 1 232 1 344 1 324 1 171 1 127 1 346 1 231 1 295 1 329 1 87 1 179 1 104 1 229 1 289 1 256 1 34 1 484 1 519 1
234 68 21 537 1 501 1 502 1 618 1 620 1 201 1 203 1 227 1 234 1 344 1 452 1 295 1 32 1 346 1 186 1 187 1 104 1 229 2 533 1 550 1 26 1
3 2 21 10 1 511 1 2 1 136 1 234 1 344 1 242 1 513 1 205 1 228 1 350 1 11 1 191 1 280 1 17 1 187 1 104 1 219 1 250 1 34 1 519 3
9 4 18 134 1 125 1 127 1 455 2 156 1 224 1 228 1 510 1 295 1 87 1 218 1 162 1 187 1 199 2 278 1 282 1 441 1 174 1
37 10 17 455 2 231 1 374 1 425 2 87 1 191 1 209 1 218 2 286 1 162 1 187 1 282 1 176 1 229 2 343 1 247 1 78 1
89 22 20 216 1 134 1 458 1 346 1 157 1 231 1 295 1 374 1 425 1 350 1 87 1 286 2 187 1 337 1 211 1 284 1 229 1 249 1 39 1 492 1
//IdTournes NbColis
9 6
//IdColis IdCommandeInColis NbProducts IdProd1 QtyProd1 IdProd2 QtyProd2 ...
112 27 18 218 1 187 1 199 1 229 1 247 1 254 1 250 1 394 1 512 1 17 1 168 1 102 3 181 3 420 1 175 1 239 1 240 1 139 2
136 33 24 504 1 112 1 99 1 203 1 106 1 111 1 275 1 212 1 227 1 345 1 443 1 32 2 87 1 191 1 217 1 162 1 187 1 199 1 269 1 308 1 317 1 179 1 47 1 19 2
140 34 20 347 1 183 1 294 1 100 1 312 1 235 1 171 1 346 2 157 2 32 1 87 1 191 1 217 1 162 1 187 1 199 1 204 1 75 1 34 1 519 1
143 35 22 498 1 713 1 502 2 480 1 222 1 234 1 320 1 132 1 134 1 235 1 349 1 32 1 724 1 87 1 191 1 217 1 567 1 679 1 187 1 260 1 82 1 519 1
148 36 16 162 2 187 1 199 2 104 1 220 1 390 2 229 1 249 1 351 1 254 1 376 1 154 3 461 1 394 2 17 1 370 1
152 37 20 498 1 223 1 275 1 227 1 234 1 344 1 116 1 183 1 194 1 132 1 340 1 349 1 446 1 87 1 191 1 280 1 631 1 619 1 187 1 50 1
//IdTournes NbColis
10 6
//IdColis IdCommandeInColis NbProducts IdProd1 QtyProd1 IdProd2 QtyProd2 ...
155 38 21 685 1 296 1 118 1 227 1 234 1 238 1 344 1 242 1 132 1 224 1 235 1 349 1 350 1 295 1 187 1 229 1 343 1 159 1 351 1 39 1 594 1
213 58 18 346 2 192 1 553 1 228 1 176 1 390 1 187 1 159 1 348 1 555 1 420 1 422 1 175 3 129 2 139 2 151 1 27 1 34 1
237 69 29 213 1 371 1 32 1 171 2 455 1 187 1 204 1 250 1 159 1 555 1 562 1 168 1 102 1 126 1 424 1 485 1 307 1 365 1 39 1 160 1 34 5 96 2 109 1 516 1 517 1 486 2 520 1 8 1 42 1
161 40 14 158 1 61 1 37 1 539 1 327 1 34 4 96 2 708 1 325 1 328 1 109 1 748 2 536 1 15 1
86 22 19 64 1 169 1 140 1 143 3 178 2 502 1 326 1 148 1 288 1 293 1 296 1 112 1 173 1 99 1 49 1 740 1 481 2 492 1 704 2
162 41 23 680 1 361 1 326 1 367 1 148 1 352 1 99 1 111 1 356 1 212 1 369 1 443 1 132 1 231 1 32 1 191 1 260 1 199 1 266 1 357 1 290 1 283 1 19 1
//IdTournes NbColis
11 6
//IdColis IdCommandeInColis NbProducts IdProd1 QtyProd1 IdProd2 QtyProd2 ...
239 70 28 571 1 326 1 285 1 436 1 296 1 136 1 232 1 294 1 132 1 216 1 87 1 17 1 466 1 570 1 95 1 23 1 27 2 568 1 569 1 525 1 545 1 550 1 59 1 34 5 495 1 438 1 15 1 30 2
241 71 37 326 1 243 1 99 1 201 1 106 1 111 1 385 1 212 1 227 1 210 1 235 1 32 1 280 1 200 1 269 1 198 1 133 1 244 1 393 1 252 1 255 1 557 1 189 1 43 1 516 1 517 1 518 2 520 1 8 1 33 2 36 2 42 1 30 1 76 1 492 4 491 3 519 1
16 5 14 235 2 125 3 476 1 421 3 295 1 425 1 472 1 660 1 87 1 191 1 209 1 17 1 176 2 168 1
42 11 22 69 1 7 1 71 1 227 1 216 1 224 1 579 1 350 1 582 1 497 1 87 1 17 1 260 1 200 1 337 1 250 1 279 1 39 1 54 2 58 1 27 2 34 1
57 15 15 134 1 171 1 346 2 421 3 152 1 166 1 87 1 162 1 159 2 164 1 176 2 348 2 27 1 558 1 519 1
96 23 17 350 1 497 1 87 1 191 1 218 1 162 1 628 1 226 1 229 1 249 1 176 2 404 1 390 2 154 3 461 3 289 1 181 1
//IdTournes NbColis
12 6
//IdColis IdCommandeInColis NbProducts IdProd1 QtyProd1 IdProd2 QtyProd2 ...
101 24 19 248 2 127 1 350 1 446 1 295 1 374 1 87 2 217 1 631 1 722 1 250 1 182 1 512 1 351 1 128 1 165 1 27 4 592 1 706 1
109 26 25 237 1 157 1 425 1 32 2 87 1 441 1 179 1 348 1 101 1 225 1 244 1 252 1 255 2 121 2 161 1 603 2 27 2 91 1 108 1 230 1 246 1 251 1 253 1 492 1 19 1
147 36 14 213 1 216 1 228 2 235 2 298 1 455 3 350 1 374 1 11 1 87 1 209 1 218 2 280 2 587 1
165 42 19 402 1 131 1 347 1 294 1 342 2 228 1 125 1 406 2 157 1 371 1 350 1 295 1 374 1 87 1 191 1 209 1 280 1 682 1 519 1
209 57 19 169 2 143 1 178 2 124 1 232 1 344 1 305 1 113 1 554 1 157 1 425 1 134 1 350 1 87 1 162 1 104 1 19 1 484 2 519 1
243 72 21 501 1 564 1 288 1 242 1 513 1 248 1 87 1 509 1 567 1 219 1 394 1 254 1 145 1 128 1 417 1 151 2 23 1 27 2 65 1 253 1 569 1
//IdTournes NbColis
13 6
//IdColis IdCommandeInColis NbProducts IdProd1 QtyProd1 IdProd2 QtyProd2 ...
245 73 26 591 1 584 1 296 1 596 1 227 1 180 1 443 1 32 1 87 1 394 1 580 1 158 1 72 1 61 1 48 1 592 2 50 1 34 5 516 1 517 1 518 2 520 1 8 1 15 1 76 1 519 1
246 74 23 590 1 584 2 227 1 87 1 191 1 199 1 229 1 250 1 95 1 207 1 5 1 589 1 51 1 16 1 539 1 34 5 516 1 517 1 520 1 8 1 30 1 583 1 488 1
84 21 36 139 2 570 1 457 1 90 1 121 2 160 1 462 1 27 2 299 1 372 1 375 1 411 1 55 2 72 1 493 1 61 1 51 2 593 2 16 1 172 1 34 5 96 1 666 1 261 1 499 1 536 1 490 1 33 2 42 1 56 1 563 1 15 1 30 2 40 1 754 1 558 1
141 34 18 226 1 291 1 247 1 249 1 441 1 154 2 394 1 17 1 168 1 181 1 126 2 424 2 239 1 90 2 160 2 462 1 27 1 299 1
210 57 21 250 1 408 1 17 1 181 1 417 2 151 2 552 1 23 2 27 1 158 2 9 1 61 1 16 1 50 1 59 1 34 5 538 1 556 1 565 1 42 1 15 1
247 75 27 537 1 573 1 98 1 99 1 106 1 111 1 212 1 146 1 227 1 242 1 577 1 430 1 166 1 123 1 283 1 244 1 393 1 252 1 255 1 377 1 378 1 552 1 107 1 208 2 516 1 492 4 491 3
//IdTournes NbColis
14 6
//IdColis IdCommandeInColis NbProducts IdProd1 QtyProd1 IdProd2 QtyProd2 ...
170 43 26 257 1 104 1 278 1 343 1 408 1 437 1 358 1 444 1 225 1 283 2 240 1 447 1 602 1 244 1 393 1 252 1 255 1 377 1 378 1 207 1 587 1 23 2 27 1 91 1 49 1 492 3
172 44 24 613 1 223 1 600 1 353 1 99 1 106 1 111 1 212 1 227 1 363 1 242 1 210 1 349 1 209 1 286 1 257 1 282 1 247 1 373 1 394 1 366 1 276 1 603 1 26 1
249 76 37 361 1 99 1 106 1 111 1 212 1 146 1 576 1 513 1 394 1 512 1 574 1 524 1 244 1 578 1 252 1 255 1 377 1 378 1 581 1 588 1 493 1 49 1 572 1 593 1 18 1 575 1 516 1 517 1 597 1 518 1 520 1 8 1 595 1 36 1 20 1 492 4 491 3
123 29 10 15 2 20 2 40 1 62 1 706 1 188 1 22 1 29 1 35 1 41 2
196 52 28 459 1 461 2 168 1 362 1 175 3 233 1 485 1 23 1 27 1 58 1 110 1 638 1 525 1 669 1 61 1 51 1 755 1 16 3 50 1 34 5 495 1 43 1 486 1 21 1 546 1 20 3 30 1 188 1
244 72 16 493 1 18 1 78 1 34 5 561 1 190 1 13 1 566 1 30 1 647 1 188 1 558 1 22 1 29 1 35 1 41 2
//IdTournes NbColis
15 6
//IdColis IdCommandeInColis NbProducts IdProd1 QtyProd1 IdProd2 QtyProd2 ...
31 8 10 230 1 525 1 189 1 34 5 80 1 495 2 12 1 506 1 33 1 15 1
156 38 21 310 1 23 2 77 1 72 1 309 1 407 1 189 1 593 1 592 2 18 2 550 1 34 5 487 1 495 1 516 1 520 1 8 1 15 1 20 2 30 1 40 1
171 43 24 94 1 197 1 262 1 120 1 245 1 163 1 375 1 253 1 333 1 545 1 37 1 49 1 189 1 592 1 526 2 516 1 517 1 518 2 520 1 8 1 556 1 15 1 492 2 491 4
252 77 18 151 2 587 1 27 2 333 1 61 1 189 1 594 1 34 5 516 1 520 1 8 1 514 1 585 1 586 1 541 1 42 1 616 1 519 2
69 18 13 151 1 160 1 161 1 158 1 505 1 270 1 473 1 37 1 34 5 43 2 514 1 30 1 521 1
45 12 25 219 1 394 1 179 2 182 1 268 1 102 1 535 1 128 2 417 2 75 1 23 1 27 1 493 1 48 2 539 1 78 1 34 5 261 1 190 1 499 1 43 1 536 1 36 1 30 2 519 1
//IdTournes NbColis
16 6
//IdColis IdCommandeInColis NbProducts IdProd1 QtyProd1 IdProd2 QtyProd2 ...
113 27 27 139 1 424 1 151 1 160 2 161 1 23 2 9 1 72 1 48 1 51 1 527 2 208 1 59 1 34 5 495 1 80 1 190 1 67 1 12 1 689 1 690 1 33 1 62 1 22 1 29 1 35 1 41 2
135 32 15 158 1 61 1 604 1 49 3 592 1 190 1 732 1 24 1 546 1 33 2 42 1 30 2 515 1 492 5 491 4
167 42 31 102 2 175 1 139 1 240 2 535 1 602 1 95 1 207 1 300 1 121 2 462 1 262 1 202 1 460 1 55 2 638 1 72 2 34 5 96 2 190 1 626 1 684 1 686 1 43 1 516 1 517 1 518 2 520 1 8 1 15 2 30 1
214 58 20 300 1 195 1 202 1 158 2 460 1 9 1 208 1 34 3 526 1 190 1 536 1 563 1 560 1 694 1 29 1 35 1 515 1 41 3 617 1 559 1
253 78 23 596 1 201 1 106 1 132 1 133 1 244 1 578 1 252 1 255 2 377 1 378 1 525 1 48 1 190 1 601 3 22 1 29 1 35 1 41 2 492 5 608 2 491 4 519 2
254 79 20 99 1 106 1 111 1 212 1 227 1 349 1 244 1 578 1 252 1 255 1 377 1 378 1 27 1 54 1 318 1 606 1 190 1 15 1 492 5 491 4
//IdTournes NbColis
17 6
//IdColis IdCommandeInColis NbProducts IdProd1 QtyProd1 IdProd2 QtyProd2 ...
255 80 36 605 1 99 1 106 1 389 1 242 1 305 1 371 1 269 1 456 1 599 1 602 1 244 1 578 1 252 1 255 1 377 1 378 1 603 1 316 1 245 1 375 1 598 1 545 2 16 1 59 1 607 1 190 1 518 1 30 1 601 2 22 1 29 1 35 1 41 2 492 5 491 4
257 81 19 69 1 112 1 360 1 227 1 234 1 132 2 374 1 260 1 104 1 211 1 364 1 27 1 58 1 55 1 34 4 190 1 36 1 42 1 519 1
258 82 20 66 1 223 1 288 1 436 1 600 1 227 1 234 1 162 1 278 1 442 1 159 1 198 1 485 1 27 1 604 1 16 1 34 5 190 1 489 1 481 2
122 29 34 570 1 271 1 263 1 90 2 121 1 403 1 160 3 39 2 74 4 642 1 270 1 460 1 163 1 28 1 9 1 525 1 72 1 545 1 61 1 51 1 258 1 550 1 59 1 34 5 487 1 626 1 109 1 544 1 556 1 514 1 585 1 640 1 489 1 56 1
144 35 28 199 1 200 1 104 1 282 1 249 1 159 1 394 1 512 1 351 1 408 1 198 1 207 1 300 1 89 1 165 1 23 2 54 1 158 1 251 1 72 1 581 1 302 1 50 2 539 1 59 1 721 1 34 4 519 1
160 40 22 295 2 179 1 348 2 199 1 269 1 278 1 284 1 394 1 512 1 351 1 580 1 422 1 128 1 151 2 75 1 300 1 89 1 23 1 74 4 330 1 34 1 484 1
//IdTournes NbColis
18 6
//IdColis IdCommandeInColis NbProducts IdProd1 QtyProd1 IdProd2 QtyProd2 ...
179 46 21 374 1 248 2 421 2 295 1 32 1 317 1 159 1 17 1 145 2 102 1 381 1 244 1 252 1 255 2 377 1 378 1 393 1 300 1 27 1 637 1 492 2
19 5 28 16 2 50 1 665 1 208 1 34 4 25 1 167 1 170 1 96 1 666 1 668 1 526 2 13 1 67 1 109 1 63 1 274 1 664 1 43 1 538 1 556 1 45 1 33 1 15 1 20 1 30 1 40 1 617 1
120 29 16 191 1 280 1 509 1 162 2 104 1 278 1 282 1 289 1 291 1 176 2 441 1 154 4 390 1 459 1 348 2 729 1
181 47 18 591 1 501 1 571 1 662 1 663 1 196 1 336 1 106 1 111 1 212 1 222 1 242 1 391 1 113 1 349 1 724 1 191 1 27 1
259 83 20 613 1 614 1 227 1 234 1 344 1 116 1 345 1 183 1 468 1 132 1 231 1 191 1 162 1 512 1 437 1 145 1 277 1 168 1 181 3 520 1
22 6 20 405 1 131 1 416 1 449 1 180 1 234 1 238 1 347 1 183 1 192 1 194 1 132 1 224 1 228 1 125 3 406 1 346 1 34 1 19 1 519 1
//IdTournes NbColis
19 6
//IdColis IdCommandeInColis NbProducts IdProd1 QtyProd1 IdProd2 QtyProd2 ...
30 8 23 66 1 112 1 136 1 232 1 242 1 294 1 113 1 32 1 192 1 213 2 214 1 235 1 350 1 472 1 104 1 317 1 351 1 376 1 23 2 72 1 78 1 514 1 19 1
184 48 23 396 1 99 1 106 1 212 1 360 1 227 1 234 1 389 1 192 1 134 1 224 1 231 1 350 1 295 1 219 1 290 1 394 1 244 1 393 1 252 1 255 1 377 1 378 1
150 36 19 253 1 82 1 48 2 744 2 379 1 67 1 109 1 274 1 690 1 556 1 745 1 482 2 15 1 76 1 675 1 22 1 29 1 35 1 41 2
261 84 15 169 2 140 1 339 1 610 1 611 1 180 1 125 1 609 1 179 1 477 1 175 1 612 1 121 1 379 1 500 1
11 4 16 198 1 422 1 175 3 259 1 126 3 139 2 424 3 240 1 90 2 121 2 89 1 160 2 27 1 646 1 262 1 693 1
18 5 24 181 4 362 1 370 1 422 2 624 1 555 1 562 1 259 1 128 1 39 1 160 1 27 3 54 1 195 1 107 1 230 1 245 1 460 1 253 1 667 1 61 2 493 2 37 1 18 1
//IdTournes NbColis
20 6
//IdColis IdCommandeInColis NbProducts IdProd1 QtyProd1 IdProd2 QtyProd2 ...
186 49 17 698 1 680 1 502 5 296 1 380 1 99 1 201 1 106 1 111 1 212 1 387 1 227 1 238 1 287 1 421 1 679 1 211 1
190 50 31 198 1 364 1 370 1 397 1 555 1 259 1 244 1 393 1 252 1 255 1 110 1 741 1 557 1 51 1 49 4 592 1 59 1 746 3 57 1 67 1 516 1 517 1 518 2 8 1 586 1 541 1 81 1 482 1 15 1 492 4 491 3
192 51 24 408 1 176 1 441 1 348 1 17 1 268 1 370 1 102 2 181 1 420 1 259 1 409 2 410 1 129 1 151 1 535 1 485 1 263 1 411 1 158 1 525 1 604 1 407 1 34 1
182 47 26 162 1 679 1 260 1 388 1 249 1 179 1 182 2 716 1 17 1 364 1 366 1 714 1 715 1 244 1 252 1 255 2 377 1 378 1 393 1 39 1 91 1 108 1 333 1 206 1 481 1 492 1
203 55 23 418 1 105 1 339 1 131 1 347 1 275 1 215 1 227 1 528 1 248 1 421 1 260 1 247 1 168 1 181 1 420 1 422 1 23 1 65 1 48 1 18 2 59 1 34 2
251 77 17 66 1 564 1 141 1 136 1 234 1 344 1 345 1 132 2 134 1 260 1 278 1 17 1 168 2 102 1 181 2 420 2 128 1
//IdTournes NbColis
21 6
//IdColis IdCommandeInColis NbProducts IdProd1 QtyProd1 IdProd2 QtyProd2 ...
178 46 20 498 1 501 1 735 1 66 1 352 1 99 1 106 1 111 1 385 1 212 1 146 1 315 1 227 1 116 1 382 1 305 1 113 1 384 1 43 1 492 1
48 13 22 182 1 394 1 512 1 671 1 145 1 181 2 122 2 128 1 151 1 240 1 466 1 409 1 244 2 255 2 377 1 378 1 393 1 252 1 95 2 89 1 728 1 492 1
14 5 14 4 1 7 1 169 3 178 1 140 2 143 1 502 3 480 1 419 1 296 1 173 2 103 1 34 1 26 1
21 6 16 501 1 14 1 64 1 169 1 140 1 143 1 178 1 112 1 6 1 201 1 222 1 227 1 173 1 105 1 116 2 198 1
24 6 16 176 2 179 3 390 2 459 1 343 1 159 1 351 1 408 1 348 2 168 2 102 2 181 2 466 1 292 1 485 1 494 2
38 10 14 250 1 159 1 394 1 408 1 198 1 277 1 279 1 168 3 102 3 181 3 364 1 175 2 126 5 485 1
//IdTournes NbColis
22 6
//IdColis IdCommandeInColis NbProducts IdProd1 QtyProd1 IdProd2 QtyProd2 ...
56 15 19 169 1 140 1 143 1 141 1 399 1 618 1 118 1 116 1 131 1 416 1 138 1 180 1 347 1 103 1 113 1 342 3 132 1 644 1 481 2
103 25 15 709 1 169 2 140 1 143 3 178 2 201 1 203 1 232 1 105 1 124 1 405 1 131 1 32 1 706 1 481 4
117 29 15 169 1 143 1 178 1 140 2 281 1 399 2 419 1 649 2 264 1 242 1 173 3 105 1 339 1 103 1 519 1
127 30 20 198 1 268 1 168 2 102 3 181 1 729 1 292 1 128 3 151 2 602 1 524 1 655 1 95 1 121 2 27 4 195 1 262 1 110 1 638 1 592 1
149 36 21 17 1 168 2 181 3 364 1 241 1 555 1 175 3 139 2 655 1 115 1 263 1 160 2 462 1 39 1 23 1 27 1 91 1 262 1 202 1 375 1 43 1
153 37 20 104 1 337 1 204 1 219 1 282 1 249 1 179 1 512 1 17 1 168 1 555 1 128 3 151 1 535 1 403 1 160 2 401 1 158 2 34 2 519 2
//IdTournes NbColis
23 6
//IdColis IdCommandeInColis NbProducts IdProd1 QtyProd1 IdProd2 QtyProd2 ...
159 40 17 501 1 169 2 140 1 288 1 173 1 116 2 339 1 345 1 347 1 222 1 227 1 234 1 183 2 342 2 497 1 23 1 519 1
164 42 15 169 3 143 2 178 2 140 1 223 1 419 1 136 1 360 1 232 1 287 1 242 1 402 1 229 1 76 1 19 1
166 42 18 286 1 631 1 162 1 199 1 104 2 176 2 441 1 154 2 390 1 459 1 348 2 461 1 250 1 159 1 394 1 168 2 364 1 682 1
198 53 22 141 1 148 1 136 1 234 1 344 1 287 1 132 1 235 1 579 1 350 1 298 1 226 1 343 1 250 1 645 1 168 1 102 2 181 1 128 1 34 1 481 1 484 1
201 54 26 679 1 199 1 104 1 317 1 17 1 168 1 102 1 181 2 362 1 364 1 129 1 151 2 233 1 240 1 27 1 120 1 311 1 50 3 34 5 561 1 43 1 516 1 520 1 8 1 15 2 30 1
205 56 17 169 2 140 1 143 2 178 1 419 2 223 1 405 1 347 1 136 1 232 1 294 1 471 1 125 2 32 1 23 1 592 1 481 1
//IdTournes NbColis
24 6
//IdColis IdCommandeInColis NbProducts IdProd1 QtyProd1 IdProd2 QtyProd2 ...
212 58 20 498 1 696 1 169 1 143 1 399 1 148 1 288 1 296 1 105 1 423 1 405 1 136 1 234 1 294 1 6 1 347 1 406 1 27 1 34 1 519 1
218 60 26 433 1 127 1 579 1 350 1 317 1 445 1 687 1 198 1 268 1 279 1 362 1 168 1 102 1 181 1 420 2 444 1 562 1 276 1 434 1 244 1 393 1 252 1 255 1 525 1 601 1 19 1
235 68 17 179 1 168 1 181 2 128 1 532 1 82 1 72 1 61 1 550 2 34 5 96 1 52 1 274 1 43 2 541 1 42 1 616 1
262 85 28 288 1 345 1 180 1 183 1 6 1 496 1 382 1 335 1 350 1 446 1 295 1 159 1 394 1 17 1 168 2 102 1 181 1 587 1 27 1 77 1 589 1 638 1 72 1 592 1 550 1 59 1 34 2 494 1
264 86 20 564 1 285 1 2 1 183 1 136 1 232 1 242 1 294 1 342 2 32 1 497 1 211 1 226 1 408 1 376 1 168 2 102 2 181 1 422 1 493 1
266 87 23 620 1 180 1 136 1 234 1 344 1 213 1 32 1 209 1 286 1 154 2 343 1 249 1 168 1 102 2 181 2 420 2 555 1 587 1 263 1 27 1 55 1 16 1 484 2
//IdTournes NbColis
25 6
//IdColis IdCommandeInColis NbProducts IdProd1 QtyProd1 IdProd2 QtyProd2 ...
49 13 34 91 2 94 1 107 1 108 1 110 1 311 1 359 1 316 1 230 1 245 1 467 1 163 1 253 1 473 1 411 1 1 1 51 1 52 1 80 1 109 1 12 1 728 1 556 1 615 1 30 1 734 2 601 2 560 1 22 1 29 1 35 1 41 2 492 3 491 4
131 31 24 376 1 304 1 279 1 397 1 128 3 417 3 236 1 535 1 27 1 91 1 270 1 110 1 120 1 313 1 318 1 321 1 473 1 72 1 48 1 309 1 51 1 59 1 34 4 96 1
216 59 10 239 1 90 2 160 1 161 2 158 1 108 1 120 1 539 1 34 3 516 1
219 60 28 255 1 377 1 378 1 115 2 95 1 160 1 91 1 202 1 158 1 302 1 48 1 49 1 651 1 16 1 43 2 689 1 690 1 33 2 601 1 560 2 22 1 29 1 35 1 41 2 617 1 492 4 697 1 491 4
268 88 22 756 1 630 1 141 1 288 1 293 1 222 1 227 1 234 1 132 2 627 1 628 2 204 1 282 1 249 1 444 1 624 1 27 1 58 1 91 1 55 1 569 1 589 1
88 22 17 131 1 138 2 386 1 452 2 344 1 242 1 650 1 347 1 736 1 739 1 528 1 341 1 430 1 171 1 331 1 312 1 366 1
//IdTournes NbColis
26 6
//IdColis IdCommandeInColis NbProducts IdProd1 QtyProd1 IdProd2 QtyProd2 ...
97 23 18 159 1 394 1 351 1 408 1 376 1 181 2 444 1 175 1 126 3 139 1 424 3 457 1 115 1 193 1 207 2 121 1 160 2 34 1
187 49 27 219 1 226 1 247 1 445 1 624 1 283 1 392 1 128 2 151 1 688 1 599 1 524 1 244 1 377 1 378 1 393 1 252 1 255 2 115 1 193 1 5 1 23 1 27 1 195 1 481 1 492 1 519 1
222 61 25 378 1 393 1 252 1 193 1 207 2 485 1 428 1 161 1 603 1 23 1 27 2 527 2 592 1 274 1 43 1 516 2 517 2 538 1 520 2 8 2 514 1 585 1 30 1 492 2 491 4
7 4 11 4 1 92 2 140 1 143 2 178 2 419 2 173 2 105 2 116 2 103 1 19 1
34 10 13 501 1 73 1 92 2 140 3 143 2 178 1 265 1 419 1 649 2 275 1 136 1 173 1 113 1
60 16 17 498 1 92 1 140 1 143 2 148 1 112 1 124 1 131 1 138 1 136 1 232 1 287 1 242 1 294 1 125 1 295 1 481 1
//IdTournes NbColis
27 6
//IdColis IdCommandeInColis NbProducts IdProd1 QtyProd1 IdProd2 QtyProd2 ...
74 20 9 504 1 92 1 140 2 143 3 178 2 502 6 141 1 436 1 606 1
94 23 14 143 2 92 1 178 2 140 1 223 1 243 1 427 1 620 1 135 1 136 1 232 1 402 2 105 2 519 1
194 52 16 698 1 92 2 140 1 143 2 178 1 288 1 436 1 173 1 136 1 232 1 238 1 242 1 294 1 347 1 183 1 538 1
200 54 17 685 1 419 2 223 1 118 1 136 1 232 1 287 2 435 2 344 1 6 1 342 2 103 1 113 1 194 1 213 1 235 1 55 1
223 62 19 698 1 436 1 511 1 118 1 136 1 360 1 234 1 238 1 344 1 242 1 513 1 426 1 286 1 722 1 314 1 284 1 250 2 437 1 34 1
215 59 20 141 1 360 1 232 1 294 1 513 1 127 1 331 1 340 1 231 1 350 1 472 1 104 1 289 1 623 1 164 1 129 2 424 1 34 2 481 1 519 2
//IdTournes NbColis
28 6
//IdColis IdCommandeInColis NbProducts IdProd1 QtyProd1 IdProd2 QtyProd2 ...
220 61 22 710 1 502 2 281 1 288 1 600 1 99 1 106 1 111 1 212 1 227 1 368 1 116 1 180 1 113 1 672 1 331 1 100 1 350 1 297 1 32 1 497 2 492 2
174 45 19 503 1 630 1 399 1 2 1 116 1 345 1 513 1 113 1 210 1 342 3 496 1 235 1 371 1 295 1 374 1 421 1 579 1 749 1 560 1
54 14 39 244 1 252 1 255 2 377 1 393 1 365 1 160 1 161 1 39 1 27 2 54 1 94 1 110 1 470 1 473 1 114 1 581 1 49 3 550 1 59 1 96 1 487 1 732 1 57 1 727 1 585 1 677 1 42 1 563 1 30 2 601 2 22 1 29 1 35 1 41 2 726 1 492 2 491 4 484 3
267 87 16 195 1 108 1 621 1 592 1 78 1 550 2 34 5 626 1 109 1 43 1 538 1 482 1 15 1 30 1 519 2 494 2
158 39 17 351 1 376 1 437 1 128 2 240 1 530 1 332 3 545 1 34 4 96 1 109 1 516 1 517 1 486 1 520 1 8 1 514 1
1 1 26 66 1 99 1 106 1 111 1 356 1 212 1 149 1 227 1 622 1 287 1 577 1 32 2 579 1 337 1 351 1 366 1 244 1 252 1 255 1 95 1 27 1 65 1 603 1 197 1 120 1 9 1
//IdTournes NbColis
29 6
//IdColis IdCommandeInColis NbProducts IdProd1 QtyProd1 IdProd2 QtyProd2 ...
91 22 31 151 3 240 1 410 1 570 1 244 2 393 1 252 1 255 2 95 1 207 1 27 2 642 1 158 3 9 1 82 1 206 1 604 1 309 1 16 1 592 1 641 1 495 2 723 1 742 1 743 1 556 1 585 2 586 1 33 2 566 1 492 1
224 62 20 123 1 95 1 27 1 311 1 429 1 318 1 375 2 163 1 72 1 51 1 593 1 34 4 483 1 487 1 495 1 24 1 43 1 542 1 15 1 30 2
75 20 24 112 1 105 1 116 1 124 1 196 1 99 1 201 1 106 1 111 1 212 1 431 1 131 1 138 1 347 2 136 1 315 1 150 1 391 1 703 1 103 1 707 1 481 1 19 1 704 1
87 22 21 173 1 177 1 196 1 334 1 336 1 201 1 203 1 106 1 111 1 146 1 147 1 130 1 212 1 135 1 136 1 149 1 368 1 339 1 131 1 103 1 691 1
133 32 21 140 1 178 1 196 1 99 1 201 1 106 1 111 1 212 1 136 1 315 1 319 1 322 1 339 1 180 1 305 1 672 1 633 1 346 1 157 1 421 1 371 1
154 37 8 333 1 50 1 34 3 643 1 516 1 8 1 40 1 519 1
//IdTournes NbColis
30 6
//IdColis IdCommandeInColis NbProducts IdProd1 QtyProd1 IdProd2 QtyProd2 ...
169 43 21 64 1 141 1 196 1 99 1 106 1 111 1 212 1 368 1 227 1 363 1 443 1 736 1 113 1 341 1 469 1 295 1 472 1 350 1 446 1 280 1 394 1
33 9 17 23 1 58 1 27 1 82 1 61 1 49 1 79 1 59 1 261 1 12 1 516 1 634 1 8 1 15 1 30 2 492 3 491 3
43 11 13 27 2 55 1 72 1 493 1 545 1 34 4 261 1 516 1 520 1 8 1 36 1 15 2 40 1
132 31 5 261 1 495 1 556 1 15 2 62 1
12 4 23 311 1 313 1 158 2 230 1 375 1 253 1 50 1 693 2 208 1 47 1 34 4 96 3 495 1 38 1 541 1 15 1 30 2 62 1 647 1 22 1 29 1 35 1 41 2
142 34 14 9 1 568 1 569 1 82 2 72 1 48 2 50 2 34 2 96 1 641 1 12 1 489 1 15 1 515 1
//IdTournes NbColis
31 6
//IdColis IdCommandeInColis NbProducts IdProd1 QtyProd1 IdProd2 QtyProd2 ...
176 45 28 23 2 27 1 107 1 359 1 318 1 411 1 589 1 525 2 61 1 48 1 16 1 475 1 34 5 96 2 495 1 626 1 643 1 109 1 63 1 516 1 8 1 36 1 42 1 15 1 22 1 29 1 35 1 41 2
260 83 29 420 1 422 1 451 1 128 2 417 1 39 2 23 1 82 1 61 1 48 1 34 5 96 1 483 1 495 1 526 1 67 1 109 2 516 1 517 1 518 2 8 1 45 1 81 1 615 1 33 1 482 1 15 1 500 2 484 1
270 89 19 639 1 7 1 135 1 633 1 134 1 510 1 374 1 497 1 211 1 289 1 247 1 408 1 17 1 154 1 126 3 424 1 365 1 301 1 27 1
39 10 20 139 5 424 2 450 1 27 3 54 1 58 1 653 2 413 1 525 1 414 1 454 2 654 1 656 2 61 3 493 1 48 1 412 1 453 1 37 1 16 1
137 33 26 179 1 394 1 373 1 351 1 408 1 145 1 422 1 225 1 283 1 240 1 128 1 417 1 151 2 244 1 393 1 252 1 255 1 377 1 378 1 263 2 307 1 165 1 27 1 34 1 547 1 492 1
163 41 35 671 1 244 1 578 1 252 1 255 1 377 1 378 1 365 1 39 2 681 1 23 1 473 1 55 1 638 1 48 1 309 1 79 1 59 1 354 1 674 1 595 1 42 1 30 1 683 1 675 1 601 2 676 1 22 1 29 1 35 1 41 1 673 1 492 4 491 3 484 2
//IdTournes NbColis
32 6
//IdColis IdCommandeInColis NbProducts IdProd1 QtyProd1 IdProd2 QtyProd2 ...
32 9 26 83 1 99 1 203 1 106 1 111 1 275 1 507 1 238 1 305 1 134 1 32 1 162 1 17 1 226 1 442 1 632 1 512 1 351 1 555 1 244 1 578 1 252 1 255 1 377 1 378 1 492 1
35 10 11 173 1 116 4 105 2 124 1 177 1 138 1 232 1 294 1 347 4 183 3 497 1
81 21 17 756 1 66 1 140 1 178 1 243 1 618 1 173 2 105 2 116 1 264 1 360 1 242 1 131 2 138 1 183 1 481 1 484 1
100 24 16 710 1 173 1 118 2 215 1 222 1 227 1 234 1 180 1 468 1 513 1 134 1 224 1 231 1 248 3 587 1 519 1
139 34 17 14 1 140 1 143 2 178 1 502 1 296 1 306 1 136 1 232 1 287 1 242 1 173 1 105 1 124 2 386 1 32 1 34 2
146 36 21 140 2 265 1 136 1 173 1 105 1 383 1 116 1 124 1 131 1 386 1 232 1 294 1 347 1 183 2 335 1 320 1 213 1 34 1 26 1 481 1 484 1
//IdTournes NbColis
33 6
//IdColis IdCommandeInColis NbProducts IdProd1 QtyProd1 IdProd2 QtyProd2 ...
189 50 22 537 1 698 1 396 1 296 1 99 1 336 1 106 1 111 1 212 1 136 1 232 1 319 1 294 1 224 1 395 1 374 1 567 1 266 1 687 1 737 1 557 1 520 1
217 60 17 591 1 69 1 699 1 502 4 436 1 99 1 336 1 106 1 212 1 215 1 149 1 287 1 180 1 183 1 224 1 204 1 492 1
225 63 21 69 1 523 1 66 1 751 1 439 1 99 1 106 1 111 1 130 1 212 1 227 1 234 1 435 1 443 1 579 1 350 1 104 1 440 1 317 1 442 1 492 1
272 90 30 537 1 293 1 99 1 106 1 111 1 212 1 136 1 134 1 635 1 631 1 162 1 199 1 137 1 229 1 548 1 410 1 244 1 393 1 252 1 255 1 377 1 378 1 485 1 493 1 487 1 438 1 556 1 33 1 492 5 491 4
77 20 19 218 1 162 1 199 1 269 1 211 1 278 1 137 2 461 2 229 2 440 1 254 1 376 1 159 1 533 1 701 1 351 1 17 1 557 1 492 1
82 21 14 347 2 183 1 342 5 320 1 125 1 295 1 455 1 156 1 157 1 425 2 32 1 199 1 104 1 220 1
//IdTournes NbColis
34 6
//IdColis IdCommandeInColis NbProducts IdProd1 QtyProd1 IdProd2 QtyProd2 ...
207 56 26 199 1 282 1 394 1 17 1 102 2 129 2 424 2 410 1 27 2 54 1 158 1 108 1 55 1 78 1 59 2 34 5 483 1 63 1 544 1 24 1 8 1 42 1 15 1 20 1 30 2 637 1
8 4 15 264 1 124 2 131 1 386 2 138 1 347 2 135 1 232 1 183 2 303 1 342 1 213 2 214 1 312 1 404 1
52 14 19 320 1 342 3 100 1 132 2 231 1 235 1 472 1 421 1 395 1 446 1 295 1 32 1 104 1 137 1 229 1 440 1 179 1 492 1 519 1
53 14 18 247 1 154 1 625 1 533 1 725 2 373 1 408 1 101 1 133 1 364 1 102 3 225 1 283 1 233 1 292 1 417 2 151 2 378 1
199 53 13 417 1 151 1 23 2 27 2 401 1 493 1 527 1 34 4 12 1 514 1 36 1 482 1 519 1
274 91 19 136 1 234 1 344 1 103 1 298 1 32 1 432 1 533 1 408 1 254 1 292 1 72 1 34 4 643 1 516 1 520 1 8 1 40 1 481 1
//IdTournes NbColis
35 6
//IdColis IdCommandeInColis NbProducts IdProd1 QtyProd1 IdProd2 QtyProd2 ...
61 16 14 125 2 127 2 446 1 455 1 406 2 346 2 425 1 752 1 32 2 104 1 317 1 249 1 445 1 17 1
105 25 19 217 1 104 2 404 1 154 1 348 1 159 1 512 1 17 1 241 1 181 1 233 1 236 1 129 2 139 2 424 2 410 1 535 1 27 1 519 1
64 17 21 630 1 480 1 367 1 117 1 144 1 223 2 112 1 105 1 116 1 119 1 124 1 131 1 347 1 142 2 471 1 156 1 157 1 497 1 485 1 34 1 481 1
191 51 22 680 1 427 1 419 1 136 1 234 1 344 1 105 1 138 1 180 1 113 1 342 2 213 2 312 1 350 1 295 1 32 1 282 1 229 1 249 1 55 1 561 1 481 1
27 7 16 498 1 504 1 69 1 501 1 293 1 203 1 136 1 232 1 435 1 294 1 341 1 531 1 320 1 421 2 231 1 59 1
138 33 14 107 1 72 1 16 1 50 1 487 1 495 2 516 1 517 1 518 2 691 1 520 1 8 1 492 3 491 3
//IdTournes NbColis
36 6
//IdColis IdCommandeInColis NbProducts IdProd1 QtyProd1 IdProd2 QtyProd2 ...
188 49 19 108 1 206 1 557 1 16 3 50 2 12 1 516 1 517 1 520 1 8 1 640 1 33 2 563 1 15 1 30 1 583 1 492 4 491 4 519 1
40 10 13 16 2 18 1 50 2 78 1 59 2 34 5 626 1 109 2 12 1 45 1 81 1 15 2 30 2
125 30 17 591 1 66 1 285 1 293 1 273 2 287 1 131 1 416 1 347 1 342 2 205 1 134 1 297 1 298 1 127 1 548 1 26 1
2 1 20 359 1 251 1 1 1 525 1 48 1 49 2 60 1 208 1 59 1 34 1 526 1 12 1 24 1 21 1 486 1 36 1 42 1 15 1 492 4 491 3
228 64 23 244 1 393 1 252 1 255 2 377 1 378 1 27 2 54 1 55 2 72 1 61 1 49 1 208 1 487 1 495 1 489 1 490 1 33 1 482 1 15 2 492 1 491 4 484 1
76 20 12 183 1 430 1 342 1 455 2 406 2 346 2 157 2 458 2 700 1 350 1 209 2 217 1
//IdTournes NbColis
37 6
//IdColis IdCommandeInColis NbProducts IdProd1 QtyProd1 IdProd2 QtyProd2 ...
206 56 15 406 1 346 2 455 2 157 1 425 2 295 1 209 1 509 1 176 1 404 1 441 1 154 3 390 1 348 1 250 1
263 85 13 34 3 63 1 274 1 12 1 36 1 42 1 15 1 20 1 616 1 22 1 29 1 35 1 41 2
226 63 28 408 1 444 1 555 1 447 1 244 1 393 1 252 1 255 1 377 1 378 1 39 1 23 1 27 3 230 1 569 1 525 2 72 1 592 1 438 1 556 1 33 1 36 1 15 2 30 2 521 1 492 4 491 4 519 1
236 69 17 591 1 140 1 143 2 288 1 436 1 419 2 136 1 232 1 287 1 242 1 294 1 116 1 183 1 113 1 342 2 32 1 484 1
271 89 16 636 1 27 2 114 1 525 1 34 5 43 1 33 1 42 1 20 2 30 2 40 1 22 1 29 1 35 1 41 2 481 1
95 23 15 138 1 183 1 238 1 242 1 294 1 672 1 224 1 415 3 125 1 448 3 127 1 455 2 670 1 23 1 484 1
//IdTournes NbColis
38 6
//IdColis IdCommandeInColis NbProducts IdProd1 QtyProd1 IdProd2 QtyProd2 ...
265 86 18 362 1 139 1 27 1 589 1 621 1 604 2 309 1 592 1 34 5 483 1 641 1 38 1 514 1 640 1 33 2 30 2 616 1 519 1
129 31 19 757 1 223 1 419 2 293 1 136 1 232 1 180 1 183 2 242 1 294 1 528 1 6 1 132 1 231 1 127 2 346 1 32 1 34 1 494 1
231 65 15 128 1 417 1 151 2 23 1 65 1 642 1 569 1 545 1 34 5 52 1 499 1 8 1 15 1 488 1 500 1
118 29 15 131 1 416 2 138 1 386 2 180 1 345 1 347 3 294 1 183 2 513 1 648 3 342 1 633 1 592 1 519 2
275 92 26 288 1 227 1 234 1 344 1 341 1 579 1 497 1 226 1 289 1 408 1 153 1 370 1 555 1 562 1 292 1 23 2 27 1 375 1 55 1 569 1 61 1 48 1 16 1 34 5 483 1 482 1
72 19 22 283 2 244 1 393 1 252 1 255 2 377 1 378 1 365 1 652 2 318 1 253 1 581 1 651 1 495 1 12 1 33 2 36 2 42 1 20 1 30 1 492 3 491 4
//IdTournes NbColis
39 6
//IdColis IdCommandeInColis NbProducts IdProd1 QtyProd1 IdProd2 QtyProd2 ...
173 44 21 244 1 252 1 255 1 377 1 378 1 393 1 485 1 23 1 568 1 569 1 525 1 61 1 557 1 651 1 50 1 516 1 8 1 15 1 30 1 492 5 491 4
79 20 18 321 1 375 1 527 1 16 2 50 2 79 1 34 1 495 1 561 3 43 1 15 2 30 2 488 1 515 1 492 4 491 4 519 1 494 1
110 26 12 158 3 72 2 61 2 48 1 557 2 49 1 78 1 742 1 33 2 42 1 492 3 491 4
183 47 26 61 2 407 1 651 1 720 1 592 1 18 2 60 1 723 1 24 1 43 1 718 2 689 1 719 1 81 2 33 2 40 1 601 2 717 1 560 1 22 1 29 1 35 1 41 2 492 4 491 4 519 2
180 46 18 27 1 77 1 54 1 163 1 55 1 82 1 525 1 493 1 61 1 731 1 733 1 16 1 33 1 637 1 500 2 492 2 491 4 519 1
128 30 18 375 1 61 2 51 1 18 2 50 2 59 1 34 5 43 1 718 1 36 1 15 2 566 1 40 1 675 1 22 1 29 1 35 1 41 2
//IdTournes NbColis
40 6
//IdColis IdCommandeInColis NbProducts IdProd1 QtyProd1 IdProd2 QtyProd2 ...
116 28 15 747 1 255 1 5 1 72 1 50 1 750 1 52 1 43 3 516 1 517 1 518 2 520 1 8 1 492 3 491 4
193 51 11 37 1 79 1 59 1 34 3 486 1 8 1 33 1 482 1 30 1 40 1 500 1
29 7 8 36 1 42 1 15 1 20 2 62 2 500 1 484 1 519 1
6 3 17 23 1 27 2 525 1 61 1 16 1 18 1 52 1 46 1 516 1 517 1 8 1 518 2 520 1 45 1 33 1 492 4 491 4
145 35 16 34 1 487 1 529 1 63 1 516 1 517 1 518 2 520 1 8 1 42 1 15 2 30 2 22 1 29 1 35 1 41 2
269 88 9 545 1 61 1 79 1 59 2 34 5 495 1 615 1 42 1 560 1
//IdTournes NbColis
41 3
//IdColis IdCommandeInColis NbProducts IdProd1 QtyProd1 IdProd2 QtyProd2 ...
92 22 5 30 1 637 1 683 1 492 2 491 4
63 16 3 26 2 76 1 519 2
85 21 4 22 1 29 1 35 1 41 2
