//NbTournees
3
//IdTournes NbColis
1 6
//IdColis IdCommandeInColis NbProducts IdProd1 QtyProd1 IdProd2 QtyProd2 ...
3 1 7 1 1 28 1 8 2 9 2 20 1 98 1 11 1
1 1 7 2 1 3 1 16 1 24 1 5 1 101 1 31 1
8 2 6 2 1 3 1 16 1 24 1 28 1 63 1
14 3 5 2 1 3 2 12 1 5 1 80 1
5 1 23 52 1 53 1 85 3 36 3 44 3 111 1 71 1 118 1 130 1 59 1 86 1 4 3 22 1 54 2 55 1 62 1 76 3 90 1 15 1 96 2 112 1 116 1 31 1
9 2 6 25 1 27 1 43 1 56 1 5 1 80 1
//IdTournes NbColis
2 6
//IdColis IdCommandeInColis NbProducts IdProd1 QtyProd1 IdProd2 QtyProd2 ...
15 3 5 16 1 24 2 25 1 5 1 13 1
19 3 33 48 1 107 1 111 1 123 2 6 1 46 2 32 1 74 1 49 1 122 2 102 1 109 1 10 1 22 1 55 1 68 2 76 2 79 1 69 1 97 1 64 1 67 2 100 1 115 1 35 1 70 1 106 1 72 1 18 1 95 1 108 1 104 1 75 1
4 1 10 21 3 38 1 39 2 127 1 14 1 7 1 40 1 47 1 48 1 94 1
11 2 21 127 1 84 1 48 1 53 2 111 1 32 1 66 3 30 1 71 1 118 1 57 1 130 1 26 1 59 1 102 3 22 2 54 2 55 1 62 1 76 3 29 1
10 2 7 19 1 20 1 8 2 9 1 21 2 127 1 58 1
17 3 7 42 1 9 1 21 2 37 2 41 1 126 1 45 1
//IdTournes NbColis
3 6
//IdColis IdCommandeInColis NbProducts IdProd1 QtyProd1 IdProd2 QtyProd2 ...
6 1 22 132 2 17 1 67 2 58 1 128 1 125 1 131 1 116 1 72 1 18 1 33 1 51 1 119 1 129 1 87 1 89 1 92 1 105 3 113 1 81 1 83 1 77 2
2 1 7 25 1 27 1 43 1 56 1 34 1 50 1 29 1
16 3 11 27 1 43 1 56 1 34 1 42 1 117 1 29 1 81 1 31 1 83 1 77 1
12 2 17 110 3 124 1 114 1 58 1 67 2 82 1 125 1 72 1 23 1 33 1 91 1 92 1 88 1 81 1 31 1 83 1 77 1
18 3 12 126 1 117 3 120 3 99 2 121 1 60 1 61 1 65 2 73 1 78 2 48 1 133 1
20 3 2 93 1 103 1
