//NbTournees
15
//IdTournes NbColis
1 6
//IdColis IdCommandeInColis NbProducts IdProd1 QtyProd1 IdProd2 QtyProd2 ...
1 1 25 6 1 18 1 47 1 1 1 12 1 66 1 9 1 21 2 114 1 139 1 123 1 124 3 129 1 86 1 226 1 157 1 227 1 69 1 72 1 74 2 112 2 75 2 82 2 225 1 116 1
3 2 23 184 1 101 1 3 1 7 1 47 1 50 1 109 1 1 1 10 2 9 1 139 1 141 1 126 2 190 1 93 1 186 2 70 2 71 2 73 2 82 2 188 1 116 1 185 1
5 3 13 120 1 113 1 3 3 7 1 8 2 11 1 47 1 57 1 1 2 15 2 17 3 69 1 72 1
7 4 16 81 1 147 1 137 1 3 2 50 1 109 1 1 2 133 1 10 3 14 1 26 1 151 1 51 1 9 1 69 1 216 1
9 5 14 79 1 166 1 101 1 138 1 8 2 11 1 13 1 47 1 50 1 1 1 100 1 14 2 15 1 17 3
12 6 16 131 1 101 1 105 1 3 1 7 1 8 1 11 1 13 1 47 1 1 3 96 1 15 1 17 2 45 2 58 1 122 2
//IdTournes NbColis
2 6
//IdColis IdCommandeInColis NbProducts IdProd1 QtyProd1 IdProd2 QtyProd2 ...
14 7 15 120 1 131 2 3 1 8 3 11 2 47 1 50 1 57 1 170 1 109 1 1 1 10 1 15 1 140 1 69 1
17 8 14 131 1 101 1 3 2 8 1 11 2 13 1 103 1 109 1 1 3 102 1 121 2 45 2 49 1 9 1
19 9 16 81 1 32 1 30 1 50 1 57 1 1 2 12 1 14 3 60 1 66 1 34 2 45 1 55 1 58 1 78 1 86 1
21 10 22 228 1 146 1 8 2 57 1 1 1 12 3 14 1 58 1 221 1 223 1 83 3 78 1 86 1 69 1 72 1 70 1 74 2 112 1 75 2 76 1 80 1 82 2
23 11 11 79 2 3 4 8 1 11 2 13 1 97 1 57 1 109 1 1 4 12 2 121 1
26 12 17 147 1 90 1 148 1 31 1 6 1 47 1 57 1 1 2 12 3 135 1 60 1 66 1 51 1 2 1 21 1 114 1 83 1
//IdTournes NbColis
3 6
//IdColis IdCommandeInColis NbProducts IdProd1 QtyProd1 IdProd2 QtyProd2 ...
28 13 19 196 1 1 2 12 2 151 1 58 1 9 2 23 2 221 1 41 1 44 1 222 1 39 1 5 2 72 1 70 2 71 2 73 2 76 1 82 2
40 19 14 79 1 89 3 7 1 1 3 12 2 10 2 54 1 45 1 51 1 53 1 55 1 58 1 21 1 69 1
42 20 18 87 1 91 1 8 1 50 1 57 1 1 1 12 1 52 1 17 1 45 1 9 1 42 1 25 2 48 1 21 2 62 1 4 1 85 1
6 3 15 102 1 107 1 45 2 92 1 25 1 94 1 104 1 4 2 19 2 70 2 74 2 75 2 76 1 80 1 82 2
44 21 15 90 1 47 1 50 1 60 1 45 1 49 1 51 1 58 1 64 1 67 1 65 1 63 1 71 2 73 2 82 2
45 22 25 130 1 106 1 52 1 54 1 121 1 45 1 61 1 83 1 85 1 111 1 86 2 125 1 117 3 126 2 115 1 127 1 69 1 72 1 74 2 112 2 75 2 76 1 80 1 82 2 116 2
//IdTournes NbColis
4 6
//IdColis IdCommandeInColis NbProducts IdProd1 QtyProd1 IdProd2 QtyProd2 ...
46 23 17 97 1 50 1 8 2 11 2 13 1 100 1 107 1 26 1 45 1 9 2 42 1 25 2 2 1 128 1 78 1 86 1 178 1
48 24 17 98 1 45 1 64 1 114 1 123 1 124 3 129 1 86 1 93 1 69 1 72 1 74 2 112 2 75 2 76 1 80 1 82 2
27 12 10 139 1 62 1 22 1 29 1 63 1 86 1 119 1 132 1 93 1 80 1
49 25 22 57 1 64 1 67 1 142 1 83 1 134 1 46 1 86 1 141 1 132 1 145 1 127 1 93 1 69 1 72 1 70 2 74 2 75 2 76 1 80 1 82 2 143 2
50 26 11 150 1 137 1 51 1 139 1 132 1 93 1 72 1 70 2 71 2 73 2 82 2
51 27 14 106 1 55 1 139 1 144 1 132 1 93 1 69 1 72 1 70 2 74 2 75 2 76 1 80 1 82 2
//IdTournes NbColis
5 6
//IdColis IdCommandeInColis NbProducts IdProd1 QtyProd1 IdProd2 QtyProd2 ...
10 5 31 107 1 152 1 121 2 98 1 92 1 151 1 58 1 9 1 25 1 114 1 163 1 22 1 4 1 16 2 24 1 88 1 19 1 164 1 157 2 95 1 155 2 154 1 69 2 72 2 70 2 74 2 75 2 76 2 80 2 82 2 158 1
15 7 23 92 1 49 1 53 1 58 1 64 1 169 1 62 1 29 1 16 1 33 2 123 1 83 4 88 1 46 1 86 2 127 2 72 1 74 2 112 2 75 2 76 1 80 1 82 2
52 28 22 146 1 224 1 11 1 52 1 140 1 92 1 136 1 34 1 9 2 25 1 16 1 83 2 144 1 127 1 69 1 72 1 70 2 74 2 75 2 76 1 80 1 82 2
54 29 7 149 1 138 1 133 1 92 1 71 2 73 2 82 2
55 30 13 153 1 92 1 55 1 58 1 123 2 88 1 86 1 69 1 72 1 74 2 112 2 75 2 82 2
56 31 11 79 1 137 1 47 1 92 1 159 1 124 3 78 1 86 3 119 1 157 1 93 2
//IdTournes NbColis
6 6
//IdColis IdCommandeInColis NbProducts IdProd1 QtyProd1 IdProd2 QtyProd2 ...
57 32 12 57 1 92 1 51 1 127 2 69 1 72 1 70 2 71 2 73 2 76 1 80 1 82 2
58 33 21 131 1 167 1 150 1 156 1 138 1 57 1 92 1 51 1 144 1 160 1 162 1 93 1 69 1 72 1 70 2 74 2 75 2 76 1 80 1 82 2 116 1
59 34 22 79 1 165 1 166 1 113 1 146 1 66 1 92 1 88 1 164 1 111 1 86 1 160 1 93 4 69 1 72 1 70 2 74 2 75 2 76 1 80 1 82 2 161 1
13 6 22 58 1 9 3 2 1 110 1 16 1 19 1 99 1 63 2 78 1 86 1 122 2 5 1 95 1 69 2 72 2 74 2 112 2 75 2 76 2 80 2 82 2 118 1
30 14 25 3 2 8 1 11 1 109 1 10 2 107 1 66 1 2 1 44 1 83 2 180 2 19 1 78 1 86 1 231 1 235 1 69 1 72 1 74 2 112 2 75 2 76 1 80 1 82 2 158 1
32 15 18 131 1 31 1 137 1 8 1 50 1 204 1 58 1 61 1 67 1 9 3 25 1 2 1 139 1 205 1 22 1 38 1 63 1 127 1
//IdTournes NbColis
7 6
//IdColis IdCommandeInColis NbProducts IdProd1 QtyProd1 IdProd2 QtyProd2 ...
34 16 21 79 1 3 1 11 2 47 1 106 1 43 1 52 1 9 1 23 1 42 1 2 1 62 1 65 1 124 4 129 3 86 1 5 2 69 1 72 1 70 2 74 2
61 35 17 23 1 2 1 21 2 94 1 192 1 168 1 46 1 78 2 178 1 69 1 72 1 70 2 74 1 75 2 76 1 80 1 82 2
36 17 14 196 1 40 1 57 1 191 1 10 1 9 1 42 1 25 1 35 1 36 1 46 1 71 2 73 2 82 2
62 36 16 47 1 171 1 180 2 181 1 93 2 172 1 173 1 71 2 73 2 174 2 76 1 80 1 82 2 176 4 179 1 175 3
63 37 12 138 1 66 1 55 1 93 2 69 1 72 1 70 2 74 2 75 2 76 1 80 1 82 2
64 38 10 138 1 151 1 55 1 58 1 93 1 72 1 70 2 71 2 73 2 82 2
//IdTournes NbColis
8 6
//IdColis IdCommandeInColis NbProducts IdProd1 QtyProd1 IdProd2 QtyProd2 ...
65 39 18 140 1 183 1 55 1 58 1 65 1 83 2 78 2 189 1 119 1 93 1 69 1 72 1 74 2 112 2 75 2 76 1 80 1 82 2
66 40 17 120 1 187 1 182 1 57 1 58 1 123 1 124 2 88 1 189 1 93 1 69 1 72 1 74 2 112 2 75 2 80 1 82 2
67 41 12 66 1 53 1 58 1 93 1 69 1 72 1 70 2 71 2 73 2 76 1 80 1 82 2
68 42 11 81 1 58 1 93 2 69 2 72 2 70 2 74 2 75 2 76 2 80 2 82 2
69 43 13 114 1 65 1 78 1 86 1 93 1 69 1 72 1 70 2 74 2 75 2 76 1 80 1 82 2
70 44 7 195 1 193 1 48 1 93 2 71 2 73 2 82 2
//IdTournes NbColis
9 6
//IdColis IdCommandeInColis NbProducts IdProd1 QtyProd1 IdProd2 QtyProd2 ...
71 45 14 94 1 139 1 62 1 78 1 86 2 93 1 69 1 72 1 70 2 74 2 75 2 76 1 80 1 82 2
72 46 23 194 1 12 3 58 1 23 1 42 1 21 1 65 1 230 2 16 1 83 1 88 2 63 1 46 1 86 1 93 1 69 1 72 1 70 2 74 2 75 2 76 1 80 1 82 2
74 47 8 149 1 47 1 93 2 72 1 70 2 71 2 73 2 82 2
18 8 15 9 2 108 1 124 2 99 1 63 1 46 1 86 1 127 1 69 1 72 1 74 2 112 2 75 2 80 1 82 2
33 15 10 46 2 86 2 69 1 72 1 74 2 112 2 75 2 76 1 80 1 82 2
43 20 10 68 1 46 1 69 1 72 1 70 2 74 2 75 2 76 1 80 1 82 2
//IdTournes NbColis
10 6
//IdColis IdCommandeInColis NbProducts IdProd1 QtyProd1 IdProd2 QtyProd2 ...
75 48 10 120 1 46 1 69 1 72 1 70 2 71 2 73 2 76 1 80 1 82 2
76 49 31 198 1 209 1 140 1 51 1 58 1 65 1 83 3 211 1 46 1 111 1 86 2 84 1 214 1 125 1 126 1 210 1 127 1 212 2 154 1 69 1 72 1 186 1 70 2 74 2 75 2 76 1 80 1 82 2 188 1 118 1 213 2
77 50 20 47 1 66 1 151 1 55 1 58 1 139 1 207 2 128 1 123 1 99 1 63 1 46 1 86 2 119 1 69 1 72 1 74 2 112 2 75 2 82 2
78 51 19 101 1 140 1 151 2 55 1 206 1 59 1 83 1 201 1 46 1 86 1 126 1 69 1 72 1 70 2 74 2 75 2 76 1 80 1 82 2
79 52 23 199 1 57 1 12 2 10 1 55 1 61 1 9 2 25 1 36 1 197 1 200 1 202 1 203 1 78 1 69 1 72 1 70 2 71 2 73 2 76 1 80 1 82 2 208 1
20 9 12 67 1 86 2 84 1 27 1 69 2 72 2 70 2 74 2 75 2 76 2 80 2 82 2
//IdTournes NbColis
11 6
//IdColis IdCommandeInColis NbProducts IdProd1 QtyProd1 IdProd2 QtyProd2 ...
38 18 29 146 1 10 1 60 1 58 1 64 1 9 1 42 1 16 1 83 3 211 1 38 1 19 2 164 1 86 2 232 1 117 1 126 2 37 1 127 1 72 1 70 2 71 2 73 2 76 1 80 1 82 2 116 1 213 1 185 1
81 53 18 47 1 54 1 140 1 55 1 58 1 64 1 83 3 129 1 86 1 95 1 69 1 72 1 74 2 112 2 75 2 76 1 80 1 82 2
24 11 24 12 2 17 2 102 1 107 1 121 2 98 1 151 1 58 1 61 1 28 1 110 1 114 1 62 1 123 2 83 3 78 1 119 2 69 1 72 1 74 2 112 2 75 2 80 1 82 2
82 54 8 150 1 153 1 133 1 98 1 139 1 71 2 73 2 82 2
83 55 9 97 1 209 1 215 1 140 1 67 1 201 1 111 1 78 1 86 1
84 56 11 153 1 97 1 67 1 139 1 69 1 72 1 70 2 71 2 73 2 76 1 82 2
//IdTournes NbColis
12 6
//IdColis IdCommandeInColis NbProducts IdProd1 QtyProd1 IdProd2 QtyProd2 ...
60 35 17 131 2 31 1 101 1 177 1 7 1 11 1 47 1 57 1 100 1 10 2 26 1 151 1 51 1 53 1 58 1 67 1 74 1
8 4 13 9 2 23 1 25 2 110 1 16 2 20 1 72 1 70 2 74 2 75 2 76 1 80 1 82 2
85 57 17 147 1 138 1 47 1 107 1 51 1 67 1 62 1 124 3 86 1 69 1 72 1 70 2 74 2 75 2 76 1 80 1 82 2
86 58 14 217 1 47 1 218 1 211 1 220 1 72 1 70 2 71 2 73 2 76 1 80 1 82 2 219 1 213 1
87 59 14 81 1 150 1 182 1 47 1 66 1 67 1 69 1 72 1 70 2 74 2 75 2 76 1 80 1 82 2
88 60 13 79 1 47 1 106 1 66 1 151 1 69 1 72 1 70 2 74 2 75 2 76 1 80 1 82 2
//IdTournes NbColis
13 6
//IdColis IdCommandeInColis NbProducts IdProd1 QtyProd1 IdProd2 QtyProd2 ...
89 61 12 47 1 98 1 53 2 83 2 69 2 72 2 70 2 74 2 75 2 76 2 80 2 82 2
90 62 8 47 1 51 1 64 1 67 1 16 1 71 2 73 2 82 2
41 19 17 61 1 67 1 59 1 56 1 41 2 83 4 88 1 86 2 77 2 69 1 72 2 70 2 74 2 75 2 76 2 80 2 82 2
91 63 11 98 1 83 3 78 1 69 1 72 1 74 2 112 2 75 2 76 1 80 1 82 2
92 64 12 215 1 139 1 83 2 126 2 69 1 72 1 70 2 74 2 75 2 76 1 80 1 82 2
93 65 5 120 1 153 1 187 1 229 1 64 1
//IdTournes NbColis
14 6
//IdColis IdCommandeInColis NbProducts IdProd1 QtyProd1 IdProd2 QtyProd2 ...
94 66 12 79 1 150 1 138 1 57 1 65 1 69 1 72 1 70 2 71 2 73 2 76 1 82 2
95 67 10 150 2 153 1 182 1 57 1 72 1 70 2 71 2 73 2 76 1 82 2
96 68 13 57 1 66 1 139 1 62 1 83 1 69 1 72 1 70 2 74 2 75 2 76 1 80 1 82 2
97 69 10 150 1 146 1 58 1 142 1 117 1 126 1 70 2 71 2 73 2 82 2
98 70 12 147 1 150 1 140 1 211 1 84 1 220 1 235 1 71 2 73 2 82 2 118 1 234 1
99 71 19 131 1 209 1 142 1 205 2 180 1 88 1 125 3 236 1 237 1 69 1 72 1 70 2 74 2 75 2 76 1 80 1 82 2 233 1 116 1
//IdTournes NbColis
15 3
//IdColis IdCommandeInColis NbProducts IdProd1 QtyProd1 IdProd2 QtyProd2 ...
47 23 8 119 1 69 1 72 1 74 2 112 2 75 2 80 1 82 2
100 72 6 120 1 131 1 70 2 71 2 73 2 82 2
35 16 4 75 2 76 1 80 1 82 2
