//NbTournees
18
//IdTournes NbColis
1 6
//IdColis IdCommandeInColis NbProducts IdProd1 QtyProd1 IdProd2 QtyProd2 ...
18 7 20 111 1 109 1 97 1 105 1 107 2 112 1 326 1 98 1 100 1 104 1 294 1 96 1 38 5 110 1 101 1 571 1 106 1 325 1 251 1 26 1
71 21 39 38 4 110 1 101 1 30 1 21 2 114 1 106 1 349 1 258 1 89 1 249 1 342 1 117 1 20 5 260 1 263 1 8 4 48 1 18 1 86 2 9 1 115 1 103 1 4 1 47 1 338 2 14 1 211 1 11 1 257 1 25 1 31 2 62 2 29 1 84 1 256 1 259 1 261 1 19 1
74 22 39 124 1 234 1 273 1 106 1 114 1 223 1 165 1 118 1 268 1 258 1 249 2 3 1 117 1 271 1 20 5 8 5 67 2 233 1 18 1 86 2 48 2 9 1 115 1 103 1 272 1 330 1 331 1 4 1 47 5 28 1 333 1 42 1 71 1 11 1 5 1 44 1 29 1 269 1 26 1
80 24 49 101 1 123 1 114 1 106 1 347 1 165 2 249 1 342 1 3 1 33 1 20 5 260 1 8 4 339 1 9 1 18 1 86 2 48 1 115 1 103 1 83 2 243 1 4 1 346 1 28 2 92 1 338 1 14 2 344 1 60 1 283 1 345 1 247 1 280 1 281 1 284 1 61 2 252 1 11 1 5 2 25 1 341 1 31 1 62 1 57 2 59 1 29 1 84 1 65 1
22 8 24 125 1 237 1 105 1 107 2 162 1 497 1 450 1 126 1 130 1 100 1 129 1 157 1 120 1 121 1 128 1 131 1 38 4 222 1 123 1 119 1 124 1 234 1 19 1 7 1
27 9 22 348 2 134 1 104 1 156 1 135 2 121 1 138 1 38 5 101 1 146 2 301 1 538 1 30 1 124 2 114 1 165 1 492 1 273 1 249 1 239 1 258 1 265 1
//IdTournes NbColis
2 6
//IdColis IdCommandeInColis NbProducts IdProd1 QtyProd1 IdProd2 QtyProd2 ...
31 10 26 319 1 321 1 328 1 154 1 156 1 157 1 147 1 153 1 135 2 121 1 38 5 101 1 358 1 356 1 124 1 493 1 114 1 78 1 21 1 476 1 99 1 150 1 117 1 3 1 48 1 31 1
36 11 21 6 7 101 1 169 1 504 1 168 1 124 1 161 1 165 1 114 1 476 1 89 1 164 1 516 1 3 1 82 1 171 1 508 1 33 2 20 7 80 1 14 1
41 12 23 482 2 483 1 548 2 358 1 267 2 173 1 189 1 124 1 493 1 183 1 114 1 165 1 118 2 117 1 360 1 3 1 516 1 20 4 263 1 36 1 8 3 18 1 31 1
83 25 23 267 1 356 1 358 1 354 1 504 1 124 2 273 1 165 1 114 1 351 1 476 2 3 3 357 1 271 1 20 5 260 1 359 1 379 1 8 5 197 2 67 1 31 1 62 1
101 31 31 6 2 101 1 146 1 123 1 124 1 114 1 21 2 117 1 3 1 20 3 8 4 115 1 103 1 13 1 4 1 28 1 338 1 14 1 42 1 60 1 61 2 11 1 25 1 57 2 59 1 29 1 269 1 303 1 19 1 17 1 7 5
103 32 23 550 1 159 1 98 1 368 1 68 5 364 1 101 1 114 1 21 2 239 1 360 1 76 1 117 1 3 1 33 1 311 1 20 5 367 1 36 1 8 1 18 1 48 1 11 1
//IdTournes NbColis
3 6
//IdColis IdCommandeInColis NbProducts IdProd1 QtyProd1 IdProd2 QtyProd2 ...
40 12 21 155 1 162 2 402 1 278 1 292 1 321 1 549 1 550 1 154 1 130 1 157 1 178 1 179 1 180 2 188 1 131 1 135 1 38 5 101 1 169 1 31 1
28 9 49 488 1 490 1 164 1 3 1 317 1 33 2 20 5 530 1 36 1 8 4 233 1 141 1 163 1 48 2 18 1 86 2 486 1 375 1 335 1 133 1 103 2 115 2 137 1 47 1 4 1 139 1 142 1 28 4 472 1 298 1 248 1 300 2 454 1 487 1 92 1 11 1 5 2 2 2 25 2 44 1 31 2 29 1 84 1 537 1 40 1 45 1 19 1 7 6 27 1
44 13 26 450 1 420 1 162 1 262 1 98 1 266 1 100 1 460 1 481 1 156 1 157 1 38 5 101 1 146 1 267 1 190 1 168 1 191 1 198 1 114 1 478 1 67 1 31 1 62 1 39 1 26 1
68 20 18 162 1 105 1 74 1 387 1 38 5 101 1 146 1 356 1 30 1 386 1 21 2 114 1 521 1 20 5 251 1 36 1 8 4 18 1
105 33 39 10 1 371 1 372 1 381 1 98 1 134 1 104 1 156 1 384 1 179 1 135 1 68 1 370 1 382 1 383 1 385 1 20 1 380 1 379 1 8 1 233 1 86 1 9 1 18 1 48 1 375 1 378 1 142 1 60 1 376 1 373 1 374 1 61 1 59 1 31 1 57 1 84 1 377 1 7 1
23 8 40 493 1 114 1 223 1 165 1 118 2 239 1 476 1 127 1 3 1 495 1 413 1 122 1 20 5 448 1 80 1 8 5 67 1 423 1 233 1 18 1 86 2 48 1 9 1 238 1 103 1 115 1 83 2 498 1 494 1 4 1 47 1 28 1 42 1 14 1 235 1 11 1 25 2 29 1 7 5 27 1
//IdTournes NbColis
4 6
//IdColis IdCommandeInColis NbProducts IdProd1 QtyProd1 IdProd2 QtyProd2 ...
104 32 41 8 3 48 1 15 2 9 1 238 1 525 1 366 1 115 1 103 1 498 1 47 1 4 2 363 1 185 1 369 1 14 2 92 1 60 1 362 1 247 1 71 1 281 2 280 1 61 2 551 1 25 1 59 1 57 2 31 1 29 1 51 1 361 1 322 1 524 1 95 1 19 1 293 1 304 2 22 1 7 6 27 1
86 26 34 121 1 135 1 38 5 101 1 388 1 21 2 114 1 3 1 360 1 20 5 263 2 8 4 48 2 18 1 86 2 9 1 375 1 115 1 103 1 4 1 47 1 389 1 390 1 28 2 248 1 92 1 11 1 25 1 31 1 29 1 293 1 26 1 22 1 7 6
12 5 26 46 1 100 1 213 1 147 1 6 5 101 1 114 1 3 1 82 1 117 2 516 1 395 1 204 1 20 4 80 1 394 1 8 4 186 1 86 2 18 1 48 2 9 1 393 1 115 1 103 1 83 1
48 14 25 240 1 107 2 97 1 245 1 74 1 35 1 46 1 203 1 121 1 38 5 205 2 101 1 30 1 190 1 161 1 114 1 21 1 258 1 117 2 3 1 204 1 201 1 20 1 67 1 19 1
1 1 23 10 1 1 1 16 1 24 1 116 1 102 1 12 1 111 1 109 1 207 1 107 2 181 1 208 1 209 1 105 1 210 1 126 1 120 1 128 1 3 1 9 1 11 1 26 1
97 30 19 10 1 1 1 52 1 309 1 49 1 24 1 116 1 398 2 77 1 12 1 107 2 399 1 97 1 402 1 313 1 54 1 401 1 178 1 48 1
//IdTournes NbColis
5 6
//IdColis IdCommandeInColis NbProducts IdProd1 QtyProd1 IdProd2 QtyProd2 ...
14 6 17 404 1 93 1 405 1 1 1 49 1 88 1 90 1 12 1 107 2 104 1 156 1 410 1 412 1 68 5 101 1 21 1 406 1
49 14 33 20 4 260 2 527 1 263 1 206 1 251 1 8 4 289 1 18 1 48 2 86 2 9 1 103 1 115 1 47 1 4 1 28 1 298 1 63 1 42 1 14 1 247 1 11 1 5 1 2 1 25 1 29 1 41 1 37 1 17 1 7 6 246 1 27 2
52 15 35 33 1 20 4 263 1 8 4 214 1 18 1 86 2 48 2 9 1 486 1 375 2 103 1 115 1 243 1 498 2 4 1 47 1 211 1 212 2 42 1 14 2 513 1 345 1 247 1 11 2 25 1 29 1 407 1 254 1 522 1 19 2 343 1 7 6 246 1 27 1
4 2 20 10 1 340 1 34 1 49 2 24 1 116 1 427 1 102 1 12 1 111 1 125 1 162 1 107 2 105 1 424 1 421 1 35 1 46 1 36 1 37 1
11 5 21 10 1 1 1 485 1 55 1 24 1 116 1 329 1 102 1 12 1 111 1 125 1 107 2 396 1 162 1 105 1 74 1 54 1 79 1 35 2 20 1 39 1
13 5 23 392 1 397 1 391 1 4 1 47 1 28 2 85 1 42 1 338 1 14 2 11 1 2 1 25 1 62 1 84 1 29 1 81 1 50 1 422 1 19 1 7 6 22 1 27 1
//IdTournes NbColis
6 6
//IdColis IdCommandeInColis NbProducts IdProd1 QtyProd1 IdProd2 QtyProd2 ...
26 9 21 285 1 102 1 12 1 236 1 77 2 264 1 111 1 240 1 125 1 105 1 107 2 144 1 489 1 162 2 491 1 278 1 372 1 136 1 140 1 75 1 9 1
35 11 22 484 1 24 2 69 1 102 1 12 1 111 1 240 1 125 1 97 1 162 2 105 1 107 2 509 1 278 1 75 1 54 1 159 1 35 1 170 1 172 1 6 1 562 1
39 12 16 405 1 340 1 510 6 55 1 329 1 102 1 12 1 111 1 125 1 177 1 105 1 107 1 181 1 202 1 20 1 7 1
43 13 17 242 1 10 1 337 1 232 1 116 2 102 1 264 1 236 1 12 1 111 1 125 1 237 2 155 1 107 2 105 1 97 1 137 1
51 15 22 162 1 107 2 105 1 213 1 98 1 100 1 135 1 96 1 38 5 205 2 101 1 301 1 267 1 114 1 21 1 521 1 239 1 476 1 117 1 3 1 520 1 423 1
54 16 22 102 1 264 1 12 1 111 1 125 1 107 2 221 1 97 1 105 1 533 1 54 1 213 1 98 1 266 1 68 5 222 1 267 1 504 1 165 1 18 1 62 1 19 1
//IdTournes NbColis
7 6
//IdColis IdCommandeInColis NbProducts IdProd1 QtyProd1 IdProd2 QtyProd2 ...
58 17 18 510 4 55 1 224 1 227 1 90 2 102 1 264 1 12 2 111 1 109 1 105 1 162 1 107 2 321 1 228 1 536 1 19 1 7 1
61 18 16 242 1 340 1 52 1 16 1 241 2 116 1 329 1 102 1 236 1 12 1 240 2 111 1 125 1 107 2 105 1 38 1
91 28 18 10 1 1 1 49 1 232 1 485 1 116 1 69 1 102 1 236 1 77 1 12 3 111 1 109 1 107 2 105 1 97 1 162 1 248 1
107 34 19 242 1 545 1 1 1 24 1 116 1 90 1 236 1 240 2 107 2 436 1 97 1 313 1 226 1 126 1 428 1 156 1 157 2 180 1 8 1
85 26 19 93 1 10 1 1 1 49 1 55 3 116 1 12 1 107 2 97 1 295 1 296 1 35 1 279 1 294 1 98 1 100 1 104 1 121 1 19 2
92 28 26 162 1 54 1 266 1 98 1 100 1 121 1 135 1 38 5 205 1 30 2 168 1 21 1 114 1 3 1 382 2 99 1 413 1 516 1 33 1 508 1 20 3 251 1 64 1 18 1 31 1 62 1
//IdTournes NbColis
8 6
//IdColis IdCommandeInColis NbProducts IdProd1 QtyProd1 IdProd2 QtyProd2 ...
108 34 34 121 1 6 5 123 1 223 1 165 1 114 1 78 1 430 1 431 1 434 1 360 1 117 1 3 1 33 1 20 4 546 1 8 3 432 1 435 1 18 1 48 1 9 1 15 2 547 1 115 1 103 1 433 1 13 1 4 1 185 1 28 1 544 1 158 2 62 1
110 35 16 242 1 555 1 337 1 1 1 457 1 306 1 12 2 237 1 438 1 107 2 97 1 439 1 157 1 121 1 38 3 101 1
114 36 15 12 1 107 2 54 2 129 1 100 2 294 1 121 2 135 2 38 5 101 1 21 2 99 1 3 3 20 5 80 1
98 30 31 6 5 101 1 356 1 191 1 21 1 114 1 3 1 117 1 311 1 20 5 251 1 36 2 8 4 48 1 18 1 9 1 375 1 91 1 115 1 103 1 243 1 4 1 13 5 400 1 42 2 312 1 60 1 71 1 61 2 252 1 84 1
62 18 25 97 1 420 1 517 1 245 1 417 1 421 1 414 1 415 1 416 1 418 1 419 1 38 4 101 1 356 1 30 2 21 1 114 1 3 1 117 1 360 1 33 2 122 1 423 1 19 2 26 1
117 37 36 68 2 101 1 442 1 123 1 356 1 114 1 21 2 249 1 117 1 444 1 3 1 20 5 263 1 8 4 18 1 48 2 9 1 115 1 103 1 47 5 4 1 28 2 248 1 92 1 60 1 61 2 11 1 25 1 59 1 57 2 31 1 62 1 29 1 95 1 304 1 7 2
//IdTournes NbColis
9 6
//IdColis IdCommandeInColis NbProducts IdProd1 QtyProd1 IdProd2 QtyProd2 ...
119 38 20 242 1 10 1 1 1 49 1 116 1 12 1 107 2 135 1 6 5 101 1 442 1 114 1 21 1 383 1 360 1 33 1 20 4 263 1 9 1 14 1
45 13 44 165 1 480 1 89 1 249 1 117 1 3 1 164 1 199 1 479 1 33 1 20 5 263 1 193 1 8 4 197 1 200 1 265 1 233 1 48 2 18 1 86 2 9 1 335 1 167 1 103 1 115 1 47 1 195 1 175 1 192 1 28 1 196 1 194 1 92 1 411 1 11 1 25 2 29 1 73 2 254 1 65 1 19 1 7 6 27 1
59 17 25 156 1 229 1 38 5 101 1 573 1 30 1 223 1 165 2 114 1 239 1 164 1 3 1 33 1 20 5 448 1 193 1 230 1 36 1 8 4 18 1 23 1 48 1 9 1 15 1 62 2
55 16 48 114 1 529 1 217 1 117 1 99 1 3 1 516 1 33 1 20 5 448 1 530 1 220 1 36 1 8 4 265 1 48 2 9 1 565 1 375 1 103 1 115 1 218 1 532 1 47 1 4 1 215 1 28 2 298 1 219 1 14 2 92 1 376 1 373 1 281 1 71 1 61 1 531 1 32 1 11 1 25 1 29 1 261 1 95 1 39 1 343 1 7 6 246 1 27 1
2 1 28 6 5 101 1 123 1 173 1 21 1 114 1 117 1 20 5 8 5 15 2 18 1 23 2 182 1 103 1 115 1 4 1 13 5 28 1 14 3 5 1 2 1 25 1 29 1 19 1 7 6 17 1 22 2 27 1
15 6 36 21 1 114 1 89 1 87 1 3 3 403 1 33 1 20 5 80 1 8 4 339 1 48 2 18 1 9 1 15 2 91 1 115 1 103 1 4 1 13 1 215 1 28 1 409 1 92 1 14 1 411 1 94 1 11 1 25 1 29 1 408 1 407 1 95 1 19 1 7 6 27 1
//IdTournes NbColis
10 6
//IdColis IdCommandeInColis NbProducts IdProd1 QtyProd1 IdProd2 QtyProd2 ...
111 35 42 38 2 123 1 189 1 168 1 556 1 437 1 21 1 114 1 117 2 3 1 20 5 8 5 67 1 557 1 18 1 48 2 9 1 115 1 103 1 47 1 4 1 28 1 440 1 158 1 187 1 42 1 338 1 14 1 558 1 11 1 2 1 31 1 62 1 29 1 81 1 322 1 269 1 19 1 26 1 7 6 246 2 27 1
8 3 29 20 2 8 4 9 1 18 1 23 1 15 2 446 1 115 1 103 1 447 1 4 1 13 4 28 1 42 1 14 1 60 1 61 1 11 2 25 1 57 2 59 1 56 1 29 2 51 1 53 1 377 1 50 1 19 1 7 6
37 11 51 166 1 36 2 8 5 511 1 507 1 233 1 160 1 163 1 9 1 48 3 18 1 86 3 542 2 375 2 167 1 103 1 115 1 539 1 83 1 243 1 47 1 4 1 28 3 248 1 540 1 14 2 42 1 312 1 513 1 514 1 515 1 541 1 284 1 374 1 512 1 561 1 11 1 25 1 505 2 29 2 53 1 305 1 506 1 41 1 45 1 50 1 269 1 19 1 343 2 7 8 27 2
7 3 20 58 1 1 1 52 1 55 1 116 1 12 1 97 1 107 2 54 1 35 1 6 5 205 1 101 1 168 1 21 1 445 1 114 1 3 1 20 3 61 1
19 7 44 114 1 21 1 323 1 99 1 117 1 3 2 327 1 20 5 570 1 8 4 339 2 67 1 468 1 48 2 18 1 86 2 9 1 238 1 486 1 375 1 103 1 115 1 83 1 108 1 4 3 47 1 113 1 28 1 92 1 338 2 14 3 11 1 25 2 29 1 462 1 81 1 277 1 37 3 254 1 39 1 19 1 7 6 343 1 27 1
30 10 18 314 1 405 1 337 1 340 1 55 1 24 1 116 1 148 1 152 1 502 1 12 1 240 1 97 1 149 1 155 1 107 2 320 1 108 1
//IdTournes NbColis
11 6
//IdColis IdCommandeInColis NbProducts IdProd1 QtyProd1 IdProd2 QtyProd2 ...
64 19 16 93 1 10 1 1 1 52 2 49 1 55 1 88 1 116 1 12 1 97 1 450 1 107 2 54 1 449 1 38 3 115 1
67 20 17 334 1 340 1 52 1 49 2 55 1 250 1 253 1 102 1 236 1 77 1 12 2 111 1 125 1 255 1 107 2 162 1 3 1
70 21 19 242 1 334 1 340 1 52 1 49 1 232 1 88 1 24 1 329 1 12 1 237 1 107 2 97 1 262 1 54 1 350 1 156 1 38 1 92 1
73 22 19 10 1 1 1 329 1 69 1 332 1 77 2 240 2 274 1 107 1 97 1 328 1 126 1 154 1 157 1 135 1 38 5 101 1 189 1 270 1
79 24 16 334 1 337 1 340 1 49 1 232 1 116 1 285 1 12 2 240 1 107 2 97 1 74 1 348 1 104 1 68 5 335 1
82 25 21 340 1 290 1 49 1 264 1 12 1 286 1 107 1 353 1 262 1 292 1 328 1 154 1 130 1 287 1 157 2 355 1 135 1 68 5 352 2 222 1 73 1
//IdTournes NbColis
12 6
//IdColis IdCommandeInColis NbProducts IdProd1 QtyProd1 IdProd2 QtyProd2 ...
88 27 18 340 1 52 1 16 1 232 1 55 1 24 1 90 1 329 1 285 1 152 1 398 3 12 2 436 1 97 1 107 1 421 1 328 1 11 1
94 29 17 334 1 337 1 457 1 340 1 309 1 49 1 24 1 116 1 329 1 458 1 12 1 240 2 255 1 107 2 97 1 461 1 456 1
100 31 15 242 1 337 1 93 1 1 1 16 1 49 1 116 1 90 1 253 1 12 2 107 2 97 1 126 1 6 3 20 1
116 37 17 10 1 93 1 534 1 52 1 49 1 88 2 116 1 77 1 12 2 275 1 443 1 107 2 98 1 157 1 38 2 68 1 19 1
121 39 30 463 1 38 5 464 1 268 1 20 5 80 1 36 2 8 4 265 1 9 1 15 2 18 1 48 2 446 1 137 1 215 1 406 1 300 1 248 1 60 1 291 1 61 2 5 1 62 1 57 2 59 1 462 1 277 1 7 5 22 1
42 12 45 8 2 186 1 423 1 468 1 233 1 176 1 182 1 23 2 9 1 15 2 238 1 525 1 375 1 184 1 115 1 103 1 4 1 13 1 175 1 185 1 151 1 28 1 440 1 187 2 92 1 14 2 174 1 70 2 376 1 281 1 11 1 44 1 25 1 29 1 408 1 462 1 261 1 572 1 422 1 322 1 277 1 254 1 19 1 7 5 27 1
//IdTournes NbColis
13 6
//IdColis IdCommandeInColis NbProducts IdProd1 QtyProd1 IdProd2 QtyProd2 ...
50 15 15 242 1 340 1 485 2 55 2 116 1 306 2 102 1 264 1 236 1 77 3 12 1 111 1 109 1 162 1 20 1
95 29 21 459 1 266 1 279 1 98 1 100 1 401 1 460 1 38 5 101 1 30 2 168 1 114 1 165 2 268 1 89 1 342 1 3 1 33 1 20 4 263 1 31 1
21 8 15 340 1 52 1 16 1 232 1 484 4 88 1 24 1 116 1 496 1 102 1 231 1 236 1 12 2 111 1 38 1
5 2 38 156 1 38 5 101 1 30 1 386 1 114 1 425 1 3 1 33 1 20 4 8 3 423 1 9 1 18 1 48 1 15 2 115 1 103 1 426 1 4 1 47 1 28 1 42 1 14 1 32 1 11 1 44 1 25 2 31 1 29 1 40 1 41 1 45 1 422 1 43 1 39 1 19 2 7 5
65 19 42 38 2 101 1 356 1 21 2 114 1 249 1 342 1 3 1 117 1 20 5 448 1 36 1 8 4 233 1 18 1 48 2 9 1 15 2 176 1 103 1 4 1 13 1 28 1 248 1 42 1 14 2 60 1 247 1 61 2 11 1 25 1 31 1 57 2 59 1 29 1 81 1 37 2 65 1 19 1 7 6 246 1 27 1
77 23 39 68 4 101 1 114 1 165 2 3 1 76 1 465 1 117 1 20 5 8 4 265 1 468 1 18 1 48 2 9 1 15 2 276 1 103 1 115 1 4 1 47 5 28 1 472 1 92 1 338 1 14 1 471 1 60 1 71 2 61 2 467 1 11 2 5 1 25 1 31 2 29 1 95 1 26 1 27 1
//IdTournes NbColis
14 6
//IdColis IdCommandeInColis NbProducts IdProd1 QtyProd1 IdProd2 QtyProd2 ...
89 27 24 452 1 154 1 130 1 451 2 453 1 156 1 157 1 135 1 68 5 222 1 301 1 190 1 234 1 114 1 165 2 249 1 342 1 3 1 299 1 302 1 76 1 117 1 8 1 31 2
113 36 14 242 1 10 1 405 1 340 1 16 1 52 1 49 1 232 1 485 2 55 1 264 3 236 1 114 1 522 1
32 10 42 413 1 317 1 20 5 80 1 318 1 36 2 8 5 316 1 48 1 18 1 86 2 9 1 103 1 115 1 4 1 47 1 151 1 28 1 503 1 406 1 158 1 42 1 14 1 338 1 501 1 315 1 11 1 5 2 2 1 25 3 62 1 29 1 259 1 322 1 277 1 37 1 269 1 304 1 39 1 19 1 7 6 27 1
84 25 33 67 1 289 1 48 2 18 1 86 2 9 1 238 1 335 1 378 1 115 1 103 1 243 1 28 1 63 1 158 1 187 1 526 1 92 1 338 1 475 1 291 1 288 1 11 2 25 1 29 1 408 1 407 1 377 2 254 2 39 1 19 1 7 6 17 1
60 17 21 15 1 225 1 335 1 103 1 115 1 83 1 4 1 13 1 28 1 535 1 92 1 14 1 11 1 25 1 341 1 29 1 84 1 572 1 95 1 7 5 27 1
63 18 23 20 5 80 2 8 4 18 1 48 2 15 2 9 1 375 1 115 1 103 1 243 1 4 1 13 1 28 1 244 1 42 1 11 1 25 2 29 1 81 1 50 1 422 1 7 6
//IdTournes NbColis
15 6
//IdColis IdCommandeInColis NbProducts IdProd1 QtyProd1 IdProd2 QtyProd2 ...
69 20 28 423 1 507 1 48 2 86 2 9 1 115 1 103 1 4 1 47 5 85 1 92 1 338 2 14 1 512 1 252 1 11 1 25 1 31 1 62 1 29 1 50 1 95 1 254 1 65 1 19 1 7 6 343 1 27 1
90 27 30 455 1 20 5 8 4 67 1 423 2 289 1 48 2 18 1 86 2 9 1 297 1 115 1 103 1 4 1 47 1 28 1 151 1 298 1 300 1 454 1 14 2 25 1 29 1 84 2 462 1 259 1 254 1 7 6 343 1 27 2
93 28 35 20 2 8 4 233 2 48 2 86 2 9 1 335 1 115 1 103 1 83 3 498 1 518 1 4 2 47 1 28 2 298 1 406 1 42 1 338 3 14 2 11 1 5 1 25 2 29 1 84 1 305 1 40 1 519 1 73 1 254 1 303 1 304 1 19 1 7 6 27 2
96 29 25 20 1 251 1 8 4 423 1 18 1 48 2 9 1 15 2 276 1 308 1 115 1 103 1 4 1 13 1 307 1 42 1 338 2 14 1 11 1 25 1 29 1 310 1 37 1 39 2 7 6
115 36 42 80 1 263 1 359 1 318 1 8 4 48 2 18 1 86 2 9 1 115 1 103 1 518 1 47 1 4 1 28 3 441 1 92 1 338 1 14 2 60 1 566 1 61 2 569 1 11 1 567 1 25 1 59 1 57 2 29 1 81 1 53 1 261 1 45 1 568 2 73 1 254 1 304 2 19 1 293 1 39 1 7 6 27 3
120 38 22 20 1 8 4 18 1 86 2 48 1 115 1 103 1 243 1 498 1 4 1 47 1 42 1 247 1 11 1 25 2 31 1 29 1 95 1 19 1 7 6 246 1 27 1
//IdTournes NbColis
16 6
//IdColis IdCommandeInColis NbProducts IdProd1 QtyProd1 IdProd2 QtyProd2 ...
17 7 11 324 1 10 1 340 1 241 1 49 1 484 6 485 1 24 1 116 1 102 1 239 1
9 4 21 16 1 49 1 55 1 69 1 329 1 77 1 474 1 72 1 74 1 75 1 98 1 68 5 78 1 430 1 66 1 476 1 76 1 117 1 20 5 8 4 26 1
25 9 12 242 1 52 1 241 1 49 1 484 6 485 1 55 1 88 2 132 1 90 1 143 1 145 1
102 32 15 552 1 334 1 405 1 554 1 340 1 49 2 12 1 275 1 221 1 365 2 97 1 553 1 245 1 523 1 298 1
76 23 19 242 1 93 1 1 1 49 2 232 1 90 1 264 1 12 1 275 1 278 1 470 1 473 1 365 2 97 1 159 1 279 1 469 1 68 1 422 1
10 4 25 67 1 64 1 9 1 18 1 48 2 15 2 47 4 346 1 63 1 475 1 477 1 60 1 70 1 71 1 61 2 2 1 31 2 62 2 57 2 59 1 45 1 73 1 65 1 7 5 26 1
//IdTournes NbColis
17 6
//IdColis IdCommandeInColis NbProducts IdProd1 QtyProd1 IdProd2 QtyProd2 ...
47 14 15 242 1 405 1 337 1 93 1 528 1 49 1 485 3 24 1 253 1 329 1 77 1 12 1 240 1 202 1 269 1
53 16 14 242 1 1 1 564 1 49 1 216 1 232 1 510 6 55 1 88 1 90 1 329 1 156 1 73 1 269 1
123 40 30 232 1 55 1 237 1 499 1 262 1 54 1 156 1 38 5 356 1 33 1 20 5 80 1 263 2 8 4 339 1 265 1 233 2 18 1 48 1 86 2 9 1 47 3 338 1 500 1 62 1 37 1 293 1 7 5 246 1 27 1
109 34 21 429 1 411 1 42 1 338 1 14 1 247 2 281 1 467 1 11 1 5 1 2 1 25 1 29 1 543 1 50 1 422 1 43 1 522 1 19 1 7 5 27 1
57 17 8 563 1 93 1 534 1 340 1 290 5 49 2 510 2 226 1
72 21 8 81 1 95 1 37 1 19 1 7 6 343 1 17 3 246 1
//IdTournes NbColis
18 6
//IdColis IdCommandeInColis NbProducts IdProd1 QtyProd1 IdProd2 QtyProd2 ...
75 22 7 53 1 65 2 39 1 19 2 7 6 246 2 27 2
78 23 8 59 1 57 2 277 1 466 1 65 1 19 1 7 6 27 1
81 24 11 45 1 282 1 95 1 277 1 336 1 19 1 7 6 22 1 343 1 246 1 27 1
99 30 9 11 1 25 1 59 1 57 2 29 3 19 1 39 2 7 6 246 1
118 37 3 277 1 7 4 27 1
34 11 7 559 1 324 1 10 1 1 1 16 1 510 8 560 1
