//NbTournees
25
//IdTournes NbColis
1 6
//IdColis IdCommandeInColis NbProducts IdProd1 QtyProd1 IdProd2 QtyProd2 ...
1 1 8 283 2 434 1 458 1 137 3 186 1 219 1 187 1 185 1
6 2 10 283 1 39 3 186 2 219 1 187 2 248 1 126 1 136 1 25 1 35 1
19 5 9 280 1 283 1 297 1 49 1 128 1 137 3 186 1 187 1 9 1
27 7 7 283 3 128 1 186 1 187 2 248 1 137 2 126 1
32 8 6 283 3 443 1 457 1 137 3 186 2 324 1
38 9 7 377 1 283 2 443 1 45 1 39 3 186 2 77 1
//IdTournes NbColis
2 6
//IdColis IdCommandeInColis NbProducts IdProd1 QtyProd1 IdProd2 QtyProd2 ...
45 10 8 283 2 339 1 137 3 187 2 273 1 186 1 219 1 82 1
72 18 7 436 1 283 2 39 3 45 1 186 1 187 2 108 1
76 19 8 283 2 433 1 371 1 429 1 113 1 137 3 186 1 10 1
82 20 8 283 2 447 1 363 1 148 1 128 1 137 3 187 1 168 1
89 21 7 283 2 113 1 137 3 187 2 219 1 274 2 273 1
101 23 7 310 1 283 2 39 3 186 1 219 1 187 2 296 1
//IdTournes NbColis
3 6
//IdColis IdCommandeInColis NbProducts IdProd1 QtyProd1 IdProd2 QtyProd2 ...
109 25 7 453 1 283 2 452 1 128 1 137 3 186 1 398 1
114 26 9 418 1 283 1 435 1 137 3 186 1 187 2 128 1 126 1 38 1
118 27 7 283 2 326 1 137 3 186 2 219 1 187 1 126 1
124 28 10 283 1 113 1 137 3 186 2 187 2 219 1 136 1 30 1 119 1 295 1
130 29 11 283 1 137 3 186 1 219 1 187 2 136 1 135 1 119 1 146 1 277 1 65 1
133 30 7 283 2 434 1 435 1 140 2 113 1 46 3 229 1
//IdTournes NbColis
4 6
//IdColis IdCommandeInColis NbProducts IdProd1 QtyProd1 IdProd2 QtyProd2 ...
145 32 10 283 1 113 1 137 3 186 2 219 1 187 2 84 1 136 1 74 1 164 1
151 33 13 283 2 327 1 333 1 143 1 146 1 34 1 91 1 65 1 145 1 90 1 4 1 147 1 284 1
50 11 12 344 1 333 1 40 1 45 1 94 1 39 2 187 2 188 1 159 1 61 1 194 1 33 1
153 34 10 353 1 113 1 137 3 186 2 219 1 187 2 126 1 84 1 136 1 74 1
68 17 11 358 1 359 1 39 2 40 1 45 1 187 2 126 1 159 1 188 1 61 2 149 1
162 36 16 358 1 359 1 39 1 187 1 45 1 40 1 67 1 65 1 145 1 34 1 90 1 91 1 207 1 296 1 313 1 315 1
//IdTournes NbColis
5 6
//IdColis IdCommandeInColis NbProducts IdProd1 QtyProd1 IdProd2 QtyProd2 ...
158 35 9 362 1 365 1 363 1 39 3 186 1 187 2 273 1 45 1 161 1
166 38 8 418 1 326 1 380 1 367 1 423 1 137 4 186 1 145 1
35 8 26 315 1 351 1 304 1 455 1 71 1 392 1 393 1 456 1 314 1 316 1 454 1 284 1 286 2 376 1 448 1 44 2 26 1 70 1 13 1 14 1 3 2 63 2 180 1 197 2 154 1 227 1
41 9 19 264 1 243 1 36 2 263 1 4 1 169 1 411 1 183 1 172 1 259 2 156 2 315 2 296 1 313 2 318 1 444 1 316 1 284 1 286 2
48 10 18 24 1 173 1 182 2 260 1 206 1 8 1 85 1 120 3 221 1 83 1 12 1 201 1 214 1 236 1 336 1 334 2 324 1 337 1
75 18 9 206 1 249 2 138 1 120 1 12 1 201 1 300 1 236 1 334 1
//IdTournes NbColis
6 6
//IdColis IdCommandeInColis NbProducts IdProd1 QtyProd1 IdProd2 QtyProd2 ...
107 24 25 314 1 316 1 3 2 14 1 16 1 26 1 44 1 62 1 63 2 366 1 368 1 24 1 182 1 260 1 127 1 50 1 250 1 12 1 222 1 321 1 300 1 2 1 236 1 149 1 324 2
149 32 15 408 1 227 1 366 1 293 1 265 1 173 3 249 2 47 1 120 2 165 1 221 1 226 3 298 1 311 2 322 1
85 20 18 174 1 272 1 224 1 247 2 172 1 156 2 253 2 115 3 356 3 315 2 351 1 304 1 313 2 238 1 445 1 446 1 316 1 284 1
4 1 26 150 1 401 2 11 3 24 1 260 2 5 1 6 1 8 1 250 2 22 1 138 1 12 1 23 3 201 1 19 1 354 2 309 1 300 1 21 2 20 2 298 1 15 1 149 1 220 1 459 1 311 1
22 5 26 63 2 246 1 197 3 292 1 293 1 290 1 291 1 402 2 160 1 31 1 11 4 53 1 54 1 56 1 60 2 216 1 217 1 8 1 12 1 57 1 282 1 285 1 309 1 298 1 236 1 287 1
93 21 24 154 1 197 1 227 1 293 1 441 3 98 1 164 1 276 3 28 2 31 1 173 2 182 1 235 2 121 2 120 1 47 1 165 1 221 3 298 1 236 2 311 2 324 2 337 1 442 1
//IdTournes NbColis
7 6
//IdColis IdCommandeInColis NbProducts IdProd1 QtyProd1 IdProd2 QtyProd2 ...
112 25 18 60 1 54 1 8 1 250 2 129 2 22 1 47 2 138 1 12 1 201 1 19 1 21 2 20 2 298 1 111 1 15 1 214 1 236 2
116 26 25 295 1 284 1 286 2 288 2 294 2 3 2 62 1 63 2 26 1 14 1 16 1 44 1 293 1 24 2 234 1 60 1 206 1 235 2 50 1 12 1 300 1 298 1 2 1 236 1 287 1
80 19 30 402 1 432 1 31 1 53 1 177 1 212 1 173 3 182 2 260 1 51 1 193 1 80 1 249 1 112 1 47 1 165 1 120 5 221 1 83 1 201 1 354 1 309 1 300 1 431 1 110 1 111 1 211 1 414 1 427 1 430 1
128 28 24 164 4 198 1 31 2 24 1 167 1 173 2 182 1 51 1 193 1 60 1 56 1 249 2 47 1 165 1 221 1 239 2 19 1 300 1 309 3 21 2 299 1 20 2 15 1 302 1
105 24 10 367 1 128 1 137 2 186 1 187 2 126 1 81 3 109 1 185 2 204 1
165 37 9 64 1 3 1 62 1 63 1 37 1 150 1 205 1 369 1 221 1
//IdTournes NbColis
8 6
//IdColis IdCommandeInColis NbProducts IdProd1 QtyProd1 IdProd2 QtyProd2 ...
11 3 9 374 1 371 1 39 3 40 1 45 1 202 1 187 2 43 2 146 1
152 33 20 304 1 296 1 313 1 315 1 286 1 329 1 331 1 314 1 316 1 37 1 3 1 62 1 63 1 64 1 330 1 2 1 144 1 328 1 311 1 332 1
77 19 13 186 1 219 1 187 2 273 1 84 1 59 1 210 2 136 1 428 1 30 1 74 1 135 1 146 1
21 5 24 162 1 36 2 4 1 174 1 58 1 1 1 296 1 313 1 317 1 318 1 315 1 295 1 405 1 281 1 284 1 286 1 288 2 294 2 316 1 314 1 3 2 26 1 14 1 55 1
24 6 11 377 1 358 1 39 2 45 1 40 1 187 2 159 1 188 1 61 1 161 1 156 1
65 16 11 310 1 40 1 96 2 45 1 104 1 99 2 136 1 159 1 188 1 61 1 194 1
//IdTournes NbColis
9 6
//IdColis IdCommandeInColis NbProducts IdProd1 QtyProd1 IdProd2 QtyProd2 ...
74 18 26 190 1 42 1 317 1 315 1 303 2 296 1 313 2 318 1 316 1 284 1 286 2 376 1 314 1 16 1 18 1 44 1 37 1 3 2 62 1 63 2 262 1 439 1 437 1 265 1 107 1 2 1
111 25 26 318 1 296 1 295 1 314 1 316 1 284 1 286 2 288 2 294 2 3 2 63 2 26 1 14 1 16 1 44 1 246 1 307 1 293 1 150 1 437 1 72 1 24 1 155 2 260 2 130 1 399 1
10 2 9 226 1 19 1 321 1 21 2 20 2 319 1 322 1 27 1 29 1
8 2 17 4 1 174 4 82 3 395 1 33 2 172 1 259 2 156 2 412 1 304 1 296 1 313 2 315 1 320 1 284 1 286 1 15 1
47 10 25 4 1 271 1 272 1 204 1 86 1 304 1 315 1 238 1 71 2 320 1 335 1 284 1 286 2 314 1 316 1 338 1 44 1 13 1 14 1 16 1 63 2 3 2 154 1 11 1 31 1
52 11 29 313 1 315 1 317 1 318 1 238 1 347 1 342 1 345 1 341 1 284 1 286 1 346 1 314 1 316 1 37 1 3 2 62 1 63 2 64 1 197 1 198 1 160 1 53 1 55 2 88 1 31 1 192 1 193 1 50 1
//IdTournes NbColis
10 6
//IdColis IdCommandeInColis NbProducts IdProd1 QtyProd1 IdProd2 QtyProd2 ...
73 18 15 59 1 188 1 30 3 109 1 146 1 10 1 34 2 65 2 145 1 162 1 4 1 204 1 183 1 190 1 438 1
121 27 24 304 1 315 1 325 1 323 1 284 1 286 1 314 1 316 1 70 1 26 2 14 1 18 2 3 2 63 2 154 1 244 2 227 1 164 1 55 3 31 1 182 1 249 3 22 1 47 1
155 34 22 4 1 174 2 86 1 156 2 172 1 230 1 208 1 351 1 304 1 313 2 315 2 350 1 323 1 284 1 286 2 352 1 314 2 316 1 355 1 14 1 154 1 3 1
13 3 23 3 1 62 1 63 2 64 1 372 1 38 3 150 2 205 2 41 1 11 1 24 1 177 1 203 1 22 1 12 1 201 1 19 1 21 2 20 2 15 1 236 1 348 1 311 1
26 6 14 63 2 64 1 198 1 160 1 205 2 31 1 11 1 53 1 51 1 50 1 221 1 149 1 324 1 375 1
29 7 21 204 1 313 2 315 1 317 1 296 1 318 1 9 2 446 1 295 1 400 1 314 1 316 1 284 1 286 2 288 2 352 1 294 2 44 4 26 1 14 1 66 2
//IdTournes NbColis
11 6
//IdColis IdCommandeInColis NbProducts IdProd1 QtyProd1 IdProd2 QtyProd2 ...
126 28 20 145 2 162 1 4 2 163 1 272 1 308 2 241 1 172 1 156 1 132 1 106 1 115 1 134 1 356 1 303 1 304 2 407 1 315 2 301 1 35 1
127 28 22 301 1 284 2 286 2 288 2 305 2 294 2 316 1 406 1 314 2 70 1 13 2 14 1 66 1 3 2 63 2 197 2 154 1 307 1 227 1 293 1 306 1 22 1
148 32 20 318 1 295 1 316 1 301 1 284 2 286 2 294 2 449 2 450 1 314 2 70 1 13 2 14 1 142 2 44 4 3 2 63 2 197 1 154 1 311 1
92 21 19 108 2 172 1 257 3 259 2 440 1 304 1 315 1 295 1 398 1 284 1 286 2 288 2 294 2 314 1 316 1 13 2 14 1 3 2 63 2
3 1 21 303 2 304 1 9 2 400 3 295 1 314 1 316 1 284 1 286 2 288 2 294 2 3 2 13 1 14 1 16 1 18 1 63 2 154 1 293 1 17 2 150 1
12 3 24 10 1 34 2 65 2 162 1 145 1 4 1 204 1 156 1 42 1 296 1 313 1 315 1 317 1 318 1 284 1 373 1 286 1 314 1 316 1 37 1 16 1 44 1 3 1 2 1
//IdTournes NbColis
12 6
//IdColis IdCommandeInColis NbProducts IdProd1 QtyProd1 IdProd2 QtyProd2 ...
17 4 29 318 1 48 1 391 1 286 1 390 1 314 1 316 1 284 1 37 1 18 2 3 2 62 1 63 2 197 1 160 1 31 1 11 1 53 1 55 1 51 1 50 1 47 1 22 1 120 2 19 1 21 1 20 1 15 1 2 1
25 6 22 65 2 10 1 34 2 145 1 162 1 189 1 296 1 313 1 315 1 317 1 318 1 48 1 238 2 284 1 286 1 376 1 314 1 316 1 361 1 37 1 3 2 62 1
54 12 21 40 1 96 1 45 1 99 1 84 1 65 1 97 1 90 1 91 1 34 1 36 1 156 1 296 1 313 1 315 1 317 1 318 1 286 1 284 1 314 1 316 1
57 13 25 313 1 315 1 317 1 318 1 101 1 286 1 314 1 284 1 316 1 37 1 3 1 62 1 63 2 64 1 197 1 150 1 387 1 205 1 182 1 193 1 12 1 201 1 2 1 214 1 236 1
60 14 27 65 1 93 1 296 1 313 1 315 1 317 1 318 1 286 1 314 1 316 1 361 1 284 1 37 1 3 2 62 1 63 2 64 1 160 1 198 1 53 1 51 1 50 1 22 1 388 1 21 1 20 1 15 1
63 15 24 34 1 145 1 264 1 65 2 93 1 82 1 156 1 313 1 315 1 317 1 318 1 296 1 314 1 284 1 286 1 316 1 361 1 376 1 37 1 3 2 62 1 63 2 64 1 41 1
//IdTournes NbColis
13 6
//IdColis IdCommandeInColis NbProducts IdProd1 QtyProd1 IdProd2 QtyProd2 ...
66 16 21 161 1 146 1 200 1 97 1 90 1 91 1 34 2 65 2 4 1 93 1 100 1 156 1 296 1 313 1 315 1 317 1 318 1 284 1 286 1 314 1 2 1
69 17 20 135 1 161 1 146 1 251 1 97 1 90 1 91 1 34 2 65 2 33 1 106 1 181 1 356 1 296 1 313 1 315 1 360 1 317 1 318 1 284 1
79 19 23 253 1 356 1 315 2 304 1 238 1 398 1 390 2 314 2 316 1 284 1 286 2 352 2 13 2 14 1 66 1 63 2 3 2 197 1 154 1 227 1 35 1 38 1 164 1
98 22 19 183 1 172 1 259 2 156 2 315 2 242 2 286 2 314 2 284 1 316 1 13 2 14 1 124 3 66 1 3 2 63 2 154 1 227 1 386 1
103 23 29 4 1 315 1 317 1 318 1 284 1 286 1 314 1 316 1 3 2 16 1 26 1 37 1 171 1 62 1 63 2 105 1 160 1 31 1 53 1 55 1 51 1 193 1 54 1 50 1 47 1 12 1 2 1 311 1 312 1
106 24 17 146 1 251 1 10 1 34 2 65 2 145 1 162 1 36 2 4 1 296 1 313 2 315 1 317 1 318 1 9 2 284 1 286 2
//IdTournes NbColis
14 6
//IdColis IdCommandeInColis NbProducts IdProd1 QtyProd1 IdProd2 QtyProd2 ...
131 29 25 65 1 10 1 145 1 162 1 4 1 272 1 204 1 139 1 296 1 313 1 315 1 317 1 318 1 284 1 286 1 314 1 316 1 3 2 63 2 13 1 14 1 16 1 154 1 24 1 53 1
136 30 20 232 1 172 1 257 2 156 2 115 2 1 2 178 1 208 1 304 1 315 2 360 1 71 2 284 1 286 2 352 1 314 2 316 1 70 1 13 2 309 1
142 31 20 315 1 71 1 286 2 284 1 314 2 316 1 70 2 13 2 14 1 63 2 3 2 154 1 227 1 381 1 164 1 150 3 382 3 55 2 173 3 182 1
160 35 29 313 1 315 1 317 1 318 1 284 1 364 1 286 1 314 1 316 1 361 1 37 1 3 2 62 1 63 2 64 1 197 1 105 1 160 1 198 1 31 1 53 1 55 3 167 1 260 1 117 1 51 1 193 1 157 1 50 1
163 36 12 317 1 318 1 284 1 286 1 314 1 316 1 361 1 3 1 62 1 63 1 64 1 37 1
164 37 21 45 1 99 1 40 1 39 1 116 1 65 1 97 1 90 1 91 1 34 1 36 1 370 1 296 1 313 1 315 1 317 1 318 1 284 1 286 1 314 1 316 1
//IdTournes NbColis
15 6
//IdColis IdCommandeInColis NbProducts IdProd1 QtyProd1 IdProd2 QtyProd2 ...
169 38 17 233 1 204 1 82 1 247 3 395 1 403 1 156 1 424 1 304 2 315 2 350 3 71 2 415 1 391 4 314 2 284 1 2 1
170 38 21 284 1 286 2 316 1 197 2 154 1 70 1 13 2 14 1 66 1 3 3 63 3 422 1 426 2 419 1 38 2 164 1 198 1 160 1 260 3 114 1 31 2
15 4 12 363 1 49 1 46 1 45 1 52 1 39 2 186 1 187 2 84 1 188 1 159 1 277 1
70 17 25 286 1 314 1 316 1 361 1 37 1 3 2 62 1 63 2 64 1 197 1 306 1 105 1 38 1 160 1 198 1 31 1 53 1 192 1 155 1 260 1 51 2 50 1 157 1 120 1 357 1
139 31 9 383 1 380 1 113 1 137 2 202 2 186 2 219 1 187 2 312 1
53 11 10 47 1 120 1 165 1 221 1 340 1 343 1 92 1 279 1 2 1 348 1
//IdTournes NbColis
16 6
//IdColis IdCommandeInColis NbProducts IdProd1 QtyProd1 IdProd2 QtyProd2 ...
9 2 26 286 1 314 1 316 1 26 1 37 1 3 2 62 1 63 2 197 1 262 1 227 1 164 1 205 2 28 2 31 1 11 3 212 1 182 1 177 2 22 1 47 1 120 2 165 1 221 1 23 2 226 1
86 20 16 286 2 448 1 314 1 26 2 70 4 14 1 3 2 225 3 171 2 63 2 246 1 197 6 227 1 35 1 164 1 114 2
30 7 22 66 2 3 2 62 1 63 1 171 1 16 1 293 1 17 4 11 5 167 1 5 2 249 2 50 1 250 1 157 2 22 1 120 2 138 1 12 1 201 1 19 1 451 1
31 7 8 451 2 321 1 21 2 20 2 15 1 2 1 214 1 324 1
99 22 17 307 1 35 1 164 2 260 3 209 1 22 1 120 3 19 1 21 2 20 2 15 1 2 1 236 1 287 1 311 1 324 2 384 2
125 28 14 74 1 135 1 166 1 194 1 153 1 76 1 245 1 168 2 78 2 10 1 65 3 240 2 243 1 287 1
//IdTournes NbColis
17 6
//IdColis IdCommandeInColis NbProducts IdProd1 QtyProd1 IdProd2 QtyProd2 ...
143 31 9 130 2 209 2 47 4 129 1 120 2 221 3 141 2 413 1 287 1
115 26 19 126 1 109 1 237 1 65 2 10 1 145 1 162 1 4 1 233 1 204 1 156 1 132 2 303 1 304 1 296 1 313 2 238 2 393 1 131 1
95 22 10 385 1 94 1 113 1 137 3 202 1 186 2 187 2 219 1 84 1 304 1
141 31 13 65 2 145 2 162 1 175 3 263 3 4 1 174 1 272 2 125 1 172 1 259 3 208 1 304 1
67 16 18 316 1 37 1 3 2 62 1 63 2 64 1 197 1 276 1 160 1 198 1 31 1 55 1 196 1 199 1 378 1 50 1 149 1 379 1
20 5 14 187 1 59 1 184 1 215 2 188 1 30 1 161 1 146 2 170 1 218 1 10 1 65 2 145 1 289 1
//IdTournes NbColis
18 6
//IdColis IdCommandeInColis NbProducts IdProd1 QtyProd1 IdProd2 QtyProd2 ...
43 9 9 19 1 321 1 21 2 20 2 2 1 15 1 236 1 324 2 311 2
119 27 15 187 1 248 1 126 2 84 1 136 1 30 1 74 1 109 1 146 1 76 1 245 1 133 2 69 1 78 1 311 1
122 27 10 120 4 165 1 239 1 19 1 21 2 20 2 15 1 2 1 311 1 324 2
132 29 10 60 2 8 1 120 1 138 1 12 1 23 1 309 1 2 1 236 1 311 3
146 32 9 30 1 109 1 237 3 409 2 32 5 10 1 65 3 176 1 311 1
171 38 19 177 1 203 3 193 2 6 2 127 1 235 5 121 1 221 1 102 1 47 2 120 3 129 1 340 1 23 3 57 1 311 2 416 4 417 2 312 1
//IdTournes NbColis
19 6
//IdColis IdCommandeInColis NbProducts IdProd1 QtyProd1 IdProd2 QtyProd2 ...
36 8 25 394 1 68 1 35 1 164 1 276 2 31 1 72 2 182 3 260 1 54 2 22 1 47 1 165 1 129 1 221 2 19 1 321 1 21 2 20 2 15 1 414 1 324 1 337 2 312 1 396 1
167 38 12 186 1 219 1 187 3 184 1 188 1 237 2 30 1 74 1 109 1 135 2 166 1 414 1
42 9 25 305 1 314 2 70 1 37 1 3 2 62 1 63 2 262 2 227 1 307 1 35 1 164 1 265 1 11 2 31 1 177 2 80 2 157 1 22 1 47 1 120 2 129 3 165 1 221 1 266 1
16 4 16 30 1 146 2 161 1 10 1 34 2 65 2 145 1 162 1 36 2 4 1 189 1 389 1 296 1 313 1 315 1 317 1
51 11 18 278 1 161 1 146 1 32 1 87 1 90 1 91 1 34 2 65 2 145 1 36 1 4 1 93 1 195 1 156 1 191 1 89 1 296 1
56 13 18 39 1 40 1 96 1 45 1 99 1 84 1 61 1 97 1 90 1 91 1 34 2 65 1 4 1 100 1 156 1 89 1 296 1 12 1
//IdTournes NbColis
20 6
//IdColis IdCommandeInColis NbProducts IdProd1 QtyProd1 IdProd2 QtyProd2 ...
147 32 15 176 1 145 2 162 1 175 2 4 1 174 3 172 1 156 2 254 1 115 3 315 2 296 1 313 2 317 1 318 1
159 35 17 59 1 159 1 188 1 146 1 30 1 32 1 34 2 162 1 65 2 145 1 10 1 36 1 4 1 189 1 158 1 156 1 296 1
34 8 14 153 1 69 2 10 1 65 3 145 2 162 1 175 1 271 1 73 1 395 2 172 2 156 2 181 1 313 2
102 23 13 159 1 188 2 30 1 143 1 146 2 161 1 10 1 34 2 65 2 145 1 162 1 36 2 313 1
110 25 17 187 2 194 1 146 1 397 1 65 2 10 1 145 1 162 1 175 2 4 1 204 1 247 1 156 1 313 2 315 1 317 1 2 1
2 1 16 187 1 146 1 237 3 7 2 10 1 65 2 145 1 162 1 4 1 189 1 271 1 204 1 156 1 1 1 315 1 2 1
//IdTournes NbColis
21 6
//IdColis IdCommandeInColis NbProducts IdProd1 QtyProd1 IdProd2 QtyProd2 ...
64 15 10 55 1 203 1 50 1 102 2 22 1 19 1 321 3 21 1 20 1 15 1
87 20 13 24 3 41 4 55 3 182 3 117 2 118 1 209 2 410 1 223 1 47 1 221 1 348 3 324 4
156 34 28 3 1 63 2 13 2 227 1 150 1 17 1 35 3 164 1 31 1 155 1 173 2 203 1 209 1 130 1 127 1 235 1 157 1 8 1 120 1 129 2 138 2 23 1 354 1 349 1 149 1 151 1 255 1 324 1
137 30 20 14 1 18 4 3 2 63 2 171 2 197 3 154 1 227 1 98 1 35 1 164 1 402 1 198 2 31 1 114 3 177 1 155 2 127 2 47 1 120 2
168 38 13 166 2 270 1 146 2 32 2 425 1 145 1 10 1 65 3 162 1 175 1 421 2 4 1 420 1
55 12 19 361 1 37 1 3 1 62 1 63 1 64 1 98 1 95 1 205 1 182 1 60 1 22 1 12 1 201 1 19 1 21 1 20 1 15 1 214 1
//IdTournes NbColis
22 6
//IdColis IdCommandeInColis NbProducts IdProd1 QtyProd1 IdProd2 QtyProd2 ...
83 20 13 187 1 186 2 248 1 59 1 84 1 136 1 30 1 116 2 119 1 74 2 109 1 135 1 348 1
84 20 11 161 2 146 3 153 1 79 1 10 1 65 3 145 2 162 1 36 3 4 1 309 1
138 30 4 165 1 221 1 309 1 267 1
78 19 15 146 1 275 1 32 1 67 2 65 3 145 2 162 1 213 1 163 1 404 1 252 1 247 1 403 1 172 3 279 1
33 8 13 219 1 187 2 248 1 136 1 179 1 30 1 74 1 75 1 109 2 135 1 166 1 146 2 11 1
40 9 11 76 1 245 1 228 4 78 2 10 1 34 3 65 3 145 2 162 1 264 1 11 1
//IdTournes NbColis
23 6
//IdColis IdCommandeInColis NbProducts IdProd1 QtyProd1 IdProd2 QtyProd2 ...
59 14 14 40 1 96 2 45 1 99 2 159 1 188 1 61 1 161 1 97 1 90 1 91 1 34 2 65 1 19 1
62 15 13 39 2 40 1 45 1 187 2 76 1 245 1 103 2 269 2 228 1 90 1 78 1 91 1 34 1
91 21 11 65 2 145 2 162 1 175 5 263 4 4 1 272 1 86 2 247 2 108 1 120 1
39 9 12 187 2 248 1 136 1 25 1 30 1 135 1 166 3 161 1 275 2 79 1 32 1 174 1
97 22 13 10 1 65 3 145 2 162 1 175 5 4 1 174 1 123 1 207 2 261 1 125 2 183 1 31 1
120 27 15 78 1 10 1 65 3 243 1 145 2 162 1 264 2 263 1 4 1 271 1 411 1 190 1 172 1 156 2 181 3
//IdTournes NbColis
24 6
//IdColis IdCommandeInColis NbProducts IdProd1 QtyProd1 IdProd2 QtyProd2 ...
7 2 13 30 1 109 1 161 1 32 2 277 1 10 1 34 3 65 3 145 2 162 1 36 1 263 1 395 1
46 10 14 84 2 81 1 75 1 30 1 74 1 166 1 270 2 146 1 32 1 10 1 65 2 145 1 162 1 175 1
96 22 9 184 1 136 1 30 1 74 1 109 3 135 1 185 2 146 5 258 1
140 31 13 256 1 84 3 136 1 74 1 109 1 30 1 135 1 166 1 146 2 237 1 67 1 10 1 65 1
154 34 11 109 1 153 2 135 1 146 2 30 1 152 1 145 2 65 3 162 1 10 1 175 3
28 7 12 137 1 126 1 84 3 146 1 67 3 170 1 251 1 10 1 65 2 145 1 162 1 4 1
//IdTournes NbColis
25 4
//IdColis IdCommandeInColis NbProducts IdProd1 QtyProd1 IdProd2 QtyProd2 ...
90 21 13 273 1 210 1 136 1 122 2 74 1 109 1 135 1 146 2 153 1 275 2 67 1 10 1 65 1
134 30 10 137 3 219 1 187 2 186 1 274 1 126 3 136 1 122 1 74 1 10 1
161 35 8 22 1 120 3 23 1 19 1 21 1 20 1 15 1 2 1
135 30 13 135 1 268 1 146 2 65 3 145 2 162 1 175 2 4 1 231 2 174 1 272 1 230 2 232 1
