//NbTournees
18
//IdTournes NbColis
1 6
//IdColis IdCommandeInColis NbProducts IdProd1 QtyProd1 IdProd2 QtyProd2 ...
1 1 29 35 1 82 1 15 1 67 1 97 1 7 1 108 1 66 1 103 1 125 1 674 1 712 1 683 2 22 1 773 1 77 1 714 1 106 2 109 1 433 1 249 2 519 1 320 1 51 2 294 1 348 2 112 1 550 1 1 1
7 2 35 119 1 774 1 70 1 83 1 106 3 177 1 611 1 3 1 762 1 681 1 45 1 51 1 56 1 348 2 639 2 514 1 72 1 245 1 517 1 590 2 585 1 199 1 201 2 10 1 317 2 465 2 1 1 592 1 652 1 593 1 221 1 244 4 457 1 327 1 372 1
62 15 37 4 1 71 1 665 1 90 1 102 1 8 1 13 1 338 1 208 1 341 1 401 1 145 1 61 1 678 2 107 1 249 1 655 1 271 1 201 1 206 1 343 1 408 1 317 1 1 1 244 1 287 1 327 1 672 1 105 1 402 1 2 2 62 1 657 1 94 1 175 1 668 1 675 1
2 1 37 29 1 364 1 322 1 343 4 201 1 212 1 218 1 284 1 73 1 365 1 10 1 248 3 542 3 552 1 287 1 315 1 327 2 237 1 244 1 85 1 182 1 2 2 24 1 32 1 42 1 43 2 88 1 114 1 675 3 706 1 557 2 30 1 99 1 54 1 440 3 275 5 476 1
12 3 57 790 1 262 1 221 1 237 1 287 2 587 1 356 1 105 1 2 2 78 1 94 1 95 1 768 1 670 1 80 1 340 1 59 1 87 1 420 1 266 1 530 1 282 1 286 1 312 1 567 1 544 1 584 1 69 1 118 1 782 1 390 2 582 1 306 1 276 1 324 1 801 2 687 1 241 1 635 1 6 1 264 1 267 1 559 1 478 1 240 1 265 2 321 1 423 1 243 1 367 1 373 2 211 1 436 1 120 1 252 1 281 1 595 1
15 4 43 604 1 319 2 322 1 370 1 178 1 465 1 763 2 237 2 244 1 327 3 596 1 34 1 105 1 463 1 2 2 24 1 43 2 62 1 68 1 78 1 111 2 706 1 402 1 557 1 30 1 60 1 80 1 260 1 228 2 275 4 299 1 307 1 323 2 375 1 382 3 649 1 686 1 410 2 28 1 11 1 31 1 272 1 414 1
//IdTournes NbColis
2 6
//IdColis IdCommandeInColis NbProducts IdProd1 QtyProd1 IdProd2 QtyProd2 ...
19 5 40 517 1 201 1 74 1 464 2 248 1 598 1 318 1 356 2 596 1 542 1 237 1 244 2 182 1 2 2 24 2 32 1 43 1 44 1 57 1 62 1 78 1 675 1 183 1 337 1 557 2 80 1 127 2 260 1 676 1 59 1 40 1 299 2 511 2 358 1 207 2 223 3 489 1 275 4 470 1 518 1
23 6 33 348 3 618 1 633 1 551 2 290 1 343 4 644 1 212 2 284 3 799 1 262 2 248 2 547 1 437 1 287 1 315 1 327 2 776 1 221 1 237 1 431 1 244 4 34 1 2 2 26 1 43 2 44 2 62 1 545 1 402 1 94 1 675 3 264 1
29 7 41 249 1 273 1 147 1 271 1 628 1 550 2 343 1 370 1 551 1 245 1 317 1 437 1 327 2 356 1 552 1 244 2 2 2 26 2 42 2 62 2 175 1 472 1 402 2 675 3 743 1 337 1 30 1 165 1 166 1 99 2 170 1 127 1 515 1 632 1 37 1 220 1 268 3 307 3 323 1 511 1 565 1
33 8 43 274 2 325 1 551 1 322 1 603 1 408 1 585 1 212 1 481 2 284 1 800 1 84 1 178 2 365 1 153 1 262 1 317 1 465 2 151 1 248 4 464 1 431 1 457 1 327 3 596 1 602 1 221 1 486 1 194 1 532 1 2 2 24 1 26 1 139 1 32 1 43 1 57 1 94 1 402 1 668 1 768 1 670 1 707 1
39 9 39 348 4 96 1 517 1 551 1 585 1 290 1 343 1 370 1 47 1 262 1 793 1 248 4 457 1 318 1 602 1 244 3 105 1 2 2 43 1 68 1 158 1 472 1 668 1 675 3 183 1 706 1 741 1 781 1 337 2 80 2 260 1 577 1 308 1 166 1 127 1 37 1 40 2 268 2 275 2
44 10 42 106 1 253 1 249 1 273 1 681 1 56 1 192 1 348 1 550 1 502 1 580 2 343 1 370 1 603 1 245 2 84 1 465 1 547 1 248 2 579 1 804 1 437 1 327 1 602 1 244 2 2 1 12 1 42 2 43 1 111 1 402 1 166 1 99 2 170 1 260 2 802 1 440 2 323 2 567 1 358 1 382 1 410 3
//IdTournes NbColis
3 6
//IdColis IdCommandeInColis NbProducts IdProd1 QtyProd1 IdProd2 QtyProd2 ...
48 11 46 249 1 193 1 710 1 562 2 271 1 294 1 803 2 633 1 325 1 617 1 551 1 408 1 201 2 415 1 218 1 245 1 178 1 143 1 156 1 317 1 287 1 315 2 327 2 356 1 630 1 542 1 221 1 18 1 182 1 2 1 130 1 43 1 62 1 95 1 191 1 472 1 402 1 675 1 743 1 488 1 627 2 167 1 160 1 166 1 260 1 376 1
54 12 50 356 2 85 2 182 2 2 1 12 1 24 1 43 1 161 1 111 2 183 1 184 1 402 1 80 1 308 1 632 1 40 1 87 1 185 1 207 1 282 1 299 2 307 1 312 1 458 1 466 1 323 1 377 1 393 1 46 1 186 1 190 2 272 1 518 1 306 1 326 1 331 2 247 1 609 2 556 1 257 2 324 1 413 1 241 2 283 1 291 1 396 2 637 1 197 1 288 1 425 1
56 13 39 71 1 168 1 169 1 671 1 174 1 13 1 144 1 682 1 48 1 119 1 77 1 401 1 397 1 673 1 192 1 294 1 14 1 199 1 206 1 284 1 322 1 343 2 370 1 72 1 73 1 660 1 221 1 542 1 182 1 402 1 2 1 130 1 24 1 43 2 111 1 114 1 183 1 30 1 80 1
59 14 39 4 1 174 1 338 1 7 1 25 1 144 1 123 1 674 1 683 1 77 1 21 1 320 1 56 1 199 1 245 1 274 2 284 1 322 1 325 1 580 1 585 1 317 1 153 1 547 1 221 1 244 2 287 1 318 1 327 2 542 1 552 1 34 1 2 2 12 1 32 1 42 2 43 1 94 1 111 1
65 16 44 123 1 685 1 667 1 77 1 249 2 253 1 320 1 519 2 666 1 681 1 192 1 294 1 206 1 212 1 290 1 343 1 347 1 408 1 551 1 580 1 47 1 365 1 237 1 244 1 287 1 315 1 542 2 552 1 34 1 105 1 2 1 78 1 661 1 675 1 183 1 676 1 266 1 268 2 275 2 299 1 323 2 375 1 410 1 225 1
67 17 36 689 1 695 1 89 1 164 1 694 1 705 1 690 1 41 1 688 1 77 1 198 1 714 1 75 1 253 1 519 2 710 1 56 1 101 1 673 1 294 1 639 1 633 1 218 1 319 1 322 1 364 2 370 1 178 1 317 1 143 1 248 3 237 1 287 1 327 2 2 1 37 1
//IdTournes NbColis
4 6
//IdColis IdCommandeInColis NbProducts IdProd1 QtyProd1 IdProd2 QtyProd2 ...
68 17 62 2 1 661 1 704 1 308 1 691 1 708 1 127 1 207 1 228 1 268 1 307 1 323 2 410 1 359 1 118 1 126 1 326 2 540 1 247 1 296 1 316 1 346 1 386 1 556 2 257 1 241 1 720 1 576 1 204 1 677 1 297 1 240 1 321 1 574 1 293 1 300 1 367 1 373 2 200 1 521 1 120 1 121 1 289 2 209 1 235 1 254 3 314 2 335 1 342 2 353 2 606 1 520 1 412 1 246 1 255 1 280 1 222 1 258 1 263 1 336 1 362 1 216 1
70 18 42 174 1 669 1 76 1 659 1 98 1 242 1 196 1 109 1 273 1 519 3 673 1 192 1 348 1 322 1 325 1 656 1 551 1 262 1 237 1 244 2 287 1 356 1 542 1 2 1 43 2 62 2 260 1 30 1 170 1 515 1 632 1 37 1 40 1 268 1 275 1 282 1 312 1 323 1 377 1 382 1 393 2 394 1
74 19 47 248 1 464 1 598 1 221 1 237 1 244 2 287 1 327 1 542 1 105 1 182 2 472 2 2 2 704 1 675 3 707 1 337 1 691 1 80 1 87 1 228 1 275 4 282 1 299 1 323 2 377 1 382 1 470 1 619 1 359 1 518 2 190 1 256 1 459 1 556 1 257 3 283 1 396 3 572 1 429 2 277 2 677 2 414 1 416 1 417 2 435 1 450 1
77 20 56 201 1 245 1 284 1 319 1 322 1 178 1 143 1 248 1 547 1 431 1 244 1 437 1 287 1 402 1 2 2 43 1 88 1 111 1 691 1 127 1 468 1 59 1 223 1 268 1 275 1 286 1 299 1 323 2 466 1 377 1 410 4 46 1 126 1 418 1 306 1 331 1 257 3 276 1 355 1 429 2 662 1 425 1 469 1 474 1 475 1 383 1 624 1 297 1 424 1 219 1 423 1 373 2 608 2 330 2 349 1 250 1
79 21 42 658 1 71 1 86 1 168 1 467 1 442 1 679 1 684 1 654 1 471 1 177 1 273 1 477 1 110 1 514 1 415 1 551 1 660 1 317 1 465 1 287 1 356 1 663 1 182 1 472 1 2 1 26 1 43 2 670 1 183 1 184 1 557 1 260 1 308 1 30 1 40 1 420 1 228 1 275 1 299 2 312 1 470 1
81 22 30 168 1 171 1 692 1 154 1 172 1 694 1 22 1 701 1 242 3 433 3 249 2 273 2 611 1 51 1 449 1 112 1 618 1 212 1 245 3 274 1 284 1 343 1 517 2 408 1 325 1 465 1 156 1 248 1 542 2 2 1
//IdTournes NbColis
5 6
//IdColis IdCommandeInColis NbProducts IdProd1 QtyProd1 IdProd2 QtyProd2 ...
82 22 50 542 1 587 1 315 2 318 1 327 1 18 1 182 1 2 1 24 1 26 1 57 1 696 1 114 1 337 1 699 1 99 1 702 1 223 3 228 2 440 1 275 1 448 1 452 1 511 1 375 1 377 2 410 1 307 1 28 1 544 1 272 2 444 1 46 1 116 1 306 3 430 1 447 1 316 1 387 1 257 3 578 1 355 1 546 1 229 1 429 3 267 1 594 2 214 1 450 2 536 1
87 23 41 775 1 201 2 178 1 38 2 153 1 547 1 221 1 486 1 431 1 244 1 315 1 327 1 18 1 663 2 182 3 463 1 532 2 472 2 402 1 2 2 12 1 26 1 32 1 42 1 62 1 111 3 161 2 747 1 557 2 691 1 59 2 207 1 490 1 275 4 448 1 286 1 511 2 299 1 375 1 377 1 735 1
95 25 29 700 1 27 1 91 2 154 1 499 1 208 1 736 1 63 1 738 1 723 1 140 2 98 1 242 1 471 1 106 2 633 1 517 1 551 1 178 1 431 2 315 4 237 2 472 1 2 2 44 1 62 2 657 1 111 2 386 1
99 26 62 431 1 287 1 327 1 356 1 512 1 596 1 725 1 488 1 402 1 2 1 737 1 675 1 183 1 184 1 747 1 337 1 627 1 260 1 702 1 489 1 492 1 282 1 312 1 458 1 323 1 510 1 382 1 393 1 634 1 185 1 748 1 494 2 444 1 620 1 359 1 118 1 306 2 535 2 276 1 645 1 539 1 283 2 339 1 355 1 396 1 572 1 493 1 677 1 197 1 482 1 450 1 469 1 536 1 537 1 646 1 217 1 224 2 455 1 558 1 350 1 391 1 405 1
105 28 36 146 1 689 1 52 1 168 1 100 1 522 1 76 1 58 1 134 1 140 1 693 1 242 1 77 1 109 1 519 2 51 1 56 1 192 1 284 1 343 1 711 1 73 1 262 1 156 1 248 1 547 1 244 2 287 1 327 1 237 2 18 1 85 1 663 1 402 1 2 2 390 1
109 29 50 408 1 317 1 153 1 244 1 287 1 105 1 2 1 26 2 42 1 57 1 175 1 675 3 741 1 709 1 743 1 260 2 308 1 515 1 632 1 691 1 166 1 170 1 59 1 523 1 268 1 299 3 307 2 323 2 382 2 375 2 393 1 571 1 410 1 116 1 535 1 418 1 233 1 528 1 316 1 387 1 276 1 324 1 626 1 241 1 396 1 576 1 429 1 288 1 677 2 197 1
//IdTournes NbColis
6 6
//IdColis IdCommandeInColis NbProducts IdProd1 QtyProd1 IdProd2 QtyProd2 ...
111 30 41 689 1 169 1 671 1 136 1 659 1 124 1 712 1 125 2 55 1 294 1 629 2 319 1 322 2 364 1 212 1 718 1 719 1 697 1 579 1 587 1 596 1 221 1 663 1 2 2 12 1 94 1 111 2 706 1 557 1 337 1 99 1 37 1 59 1 567 1 393 1 410 1 223 1 228 1 440 1 299 1 582 1
34 8 42 557 3 128 1 160 1 166 1 127 1 260 2 54 1 87 2 268 5 440 1 282 1 299 1 323 2 511 1 377 1 382 1 393 2 640 1 410 3 207 1 223 1 228 1 11 1 31 1 69 1 399 1 772 1 306 4 331 1 516 1 233 1 247 2 256 1 316 1 378 2 601 1 387 1 276 2 569 1 283 4 339 1 396 3
115 32 53 721 1 82 1 174 1 89 1 742 1 119 1 242 1 75 1 106 1 320 2 551 1 237 1 431 1 244 1 457 1 182 2 26 1 32 1 42 1 43 1 44 1 668 1 675 1 185 1 312 1 323 1 744 1 257 2 241 1 339 1 264 1 329 1 360 1 367 1 608 1 405 1 230 1 121 1 289 1 285 1 505 1 334 2 335 2 342 1 352 1 353 2 500 1 238 1 258 1 263 1 379 1 636 1 749 1
86 23 36 41 1 693 1 117 1 773 1 480 1 148 1 77 1 92 1 745 1 471 1 196 1 109 2 177 1 433 1 249 1 253 1 273 1 320 2 519 2 3 1 51 1 348 1 633 1 502 1 481 2 245 1 284 1 364 1 274 1 290 1 322 1 343 1 347 1 551 2 580 1 260 1
49 11 39 515 1 492 2 268 2 440 2 275 2 299 3 307 2 466 1 510 1 511 2 375 2 377 2 382 1 393 1 634 1 410 4 207 1 748 1 490 1 530 1 561 1 619 2 620 1 359 1 129 1 306 2 326 2 331 1 535 3 516 1 540 1 418 1 233 1 256 3 351 1 372 1 556 2 430 1 396 1
11 3 33 4 1 19 1 100 1 13 1 89 1 25 1 76 1 50 1 58 1 63 2 104 1 22 2 98 2 798 1 471 1 61 1 196 1 75 1 16 1 55 1 192 1 96 1 110 1 39 1 786 1 290 1 319 1 603 1 47 1 84 1 38 1 53 1 261 1
//IdTournes NbColis
7 6
//IdColis IdCommandeInColis NbProducts IdProd1 QtyProd1 IdProd2 QtyProd2 ...
38 9 25 4 2 64 1 86 2 15 1 97 1 89 1 164 1 49 1 93 2 797 1 17 1 33 1 712 1 141 2 48 1 791 1 792 1 5 1 106 3 519 1 433 1 477 1 794 1 294 1 517 1
43 10 27 4 1 23 1 168 1 600 1 441 2 136 1 25 2 137 2 17 1 135 1 144 1 63 1 66 1 124 1 125 1 9 1 140 1 141 1 98 1 773 1 242 1 77 1 92 1 401 2 471 1 145 1 11 1
108 29 32 4 1 15 1 91 1 527 1 722 1 172 1 49 1 124 1 713 1 9 1 140 1 733 1 77 1 198 1 106 1 433 1 249 1 454 1 16 1 56 1 192 1 449 2 294 2 348 2 633 1 274 1 284 1 319 1 325 2 343 1 517 1 580 2
117 33 12 4 1 103 1 244 1 223 1 228 1 282 1 299 1 306 2 241 1 575 1 423 1 200 1
22 6 28 79 1 27 1 15 1 100 2 91 1 600 1 8 1 522 1 25 1 442 1 36 1 33 1 63 1 104 1 124 1 48 1 119 2 480 1 471 1 5 1 21 1 61 1 106 2 249 1 666 1 55 1 56 1 294 1
101 27 29 756 1 479 1 15 1 67 1 97 1 174 1 176 1 7 1 76 1 506 1 509 1 752 1 766 1 508 1 242 1 180 1 181 1 187 1 188 1 195 1 714 1 253 1 273 2 454 1 519 2 320 2 449 2 639 1 260 1
//IdTournes NbColis
8 6
//IdColis IdCommandeInColis NbProducts IdProd1 QtyProd1 IdProd2 QtyProd2 ...
113 31 44 479 1 100 1 695 1 7 1 133 1 144 1 674 1 751 1 148 1 92 1 780 1 145 1 714 1 710 1 56 2 786 1 47 1 73 1 38 1 53 1 465 1 221 1 244 1 315 1 327 1 182 1 615 1 755 1 43 1 768 1 743 1 376 1 30 1 691 1 323 1 511 2 410 1 785 1 268 1 312 1 518 1 190 1 782 1 350 1
18 5 31 82 1 90 1 102 1 113 1 467 1 91 1 97 1 100 1 8 1 25 1 442 1 49 1 93 1 58 1 777 1 713 1 682 1 22 1 119 1 77 1 92 1 106 2 107 1 611 1 51 1 56 1 294 1 449 1 14 1 290 1 419 1
53 12 33 152 1 91 1 100 1 176 1 8 1 150 1 172 2 123 1 189 1 9 1 141 1 242 1 92 2 198 1 75 1 106 1 177 1 454 1 320 1 397 1 611 1 348 1 641 1 639 1 319 1 325 2 343 1 551 1 422 1 237 1 457 1 327 2 121 1
14 4 29 81 1 52 1 64 1 71 1 86 1 15 1 91 1 108 2 93 1 779 1 17 1 58 1 683 1 9 1 41 2 119 1 791 1 21 2 75 1 106 1 249 1 253 1 477 1 101 1 673 1 271 1 294 1 639 1 18 1
28 7 29 152 1 132 1 71 1 86 1 179 1 467 1 527 1 154 1 522 1 25 1 172 1 133 1 705 1 131 1 712 1 9 1 48 1 792 1 774 1 148 1 780 1 625 1 196 1 75 1 106 3 109 1 519 1 397 1 295 1
73 19 32 27 1 15 1 91 1 13 2 93 1 66 1 713 1 189 1 684 1 9 1 134 1 140 1 119 1 716 1 401 1 678 1 177 1 253 1 273 2 51 1 55 1 348 1 604 1 633 1 290 1 325 2 370 1 551 2 84 1 262 1 10 2 248 1
//IdTournes NbColis
9 6
//IdColis IdCommandeInColis NbProducts IdProd1 QtyProd1 IdProd2 QtyProd2 ...
102 27 54 628 1 550 1 245 2 590 1 325 1 206 1 763 1 248 1 221 1 287 1 615 1 402 1 130 1 753 1 43 1 62 1 661 1 161 1 675 1 781 1 783 1 337 1 557 2 340 1 515 1 758 1 160 1 165 1 764 1 99 1 170 1 268 1 275 1 282 1 299 1 377 2 382 1 571 1 638 1 410 3 754 1 619 2 374 1 31 1 126 1 306 2 331 1 535 1 581 1 418 1 483 1 316 1 351 1 215 1
3 1 41 275 1 511 1 393 1 553 1 410 2 299 1 567 1 375 1 420 1 223 2 228 1 282 1 28 1 11 1 46 1 118 1 126 2 390 1 518 2 190 1 535 1 306 3 331 1 418 3 233 1 556 3 256 1 316 2 372 1 387 1 247 2 539 1 257 4 566 1 291 3 339 1 355 1 241 2 559 1 267 1 558 1
40 9 45 511 1 358 1 571 1 410 4 299 2 458 1 323 2 466 2 375 1 223 3 228 1 544 1 584 1 11 1 390 3 518 2 399 1 535 1 540 1 306 1 311 4 326 2 418 2 256 3 556 2 565 1 372 1 257 3 566 1 599 1 276 1 569 1 355 1 396 1 572 1 291 1 241 1 267 1 559 1 264 1 288 1 677 1 229 1 429 1 277 1
57 13 57 160 2 286 1 393 1 410 4 686 1 390 1 399 1 11 1 118 1 518 2 233 1 306 2 311 2 326 1 516 2 227 1 256 1 296 1 609 1 283 2 332 1 355 1 396 1 267 1 277 1 404 1 677 2 261 2 269 1 366 1 383 1 389 1 398 1 240 1 265 2 575 1 608 2 200 1 333 1 305 1 345 2 371 1 120 1 210 1 252 1 254 2 285 1 412 1 520 2 392 1 259 1 202 1 251 2 258 1 357 1 395 1 400 1
112 30 36 11 1 306 1 581 1 418 1 316 1 372 2 247 1 539 1 429 1 536 1 214 1 491 1 269 1 300 1 330 1 391 1 345 1 443 3 328 2 369 1 549 1 583 2 285 3 392 1 255 1 222 1 259 1 507 1 362 1 555 1 258 1 279 1 381 1 250 1 524 1 234 1
118 34 48 146 1 132 1 27 1 173 1 746 1 91 1 674 1 767 1 180 1 181 1 187 1 188 1 195 1 775 1 415 1 153 1 327 1 663 1 472 1 337 1 764 1 778 1 275 1 282 1 307 2 312 1 787 1 375 1 788 1 393 1 11 1 772 1 744 1 789 1 233 1 306 1 316 1 599 1 355 1 267 1 423 1 243 1 200 1 369 1 246 2 301 1 395 1 225 1
//IdTournes NbColis
10 6
//IdColis IdCommandeInColis NbProducts IdProd1 QtyProd1 IdProd2 QtyProd2 ...
8 2 39 237 1 12 1 44 1 114 1 472 1 95 1 675 3 557 1 30 2 260 1 515 2 99 2 40 2 87 1 420 1 223 3 228 1 490 1 282 1 299 1 307 2 323 1 531 1 375 1 377 2 410 5 46 2 115 1 116 1 118 1 359 2 399 3 744 1 418 2 516 1 306 1 311 5 326 1 392 1
106 28 47 12 1 26 1 43 2 44 1 709 1 260 1 515 1 127 1 530 1 282 1 458 1 531 1 375 1 377 1 393 1 410 3 223 2 28 1 390 3 518 2 399 1 582 2 31 1 306 2 311 1 331 1 535 2 418 2 233 1 256 1 372 1 257 2 241 1 355 1 429 1 559 1 197 1 261 1 450 1 329 1 536 1 474 2 383 1 297 1 321 1 574 1 232 1
91 24 34 91 1 97 1 13 1 759 1 58 1 757 1 119 2 242 2 77 1 471 1 75 1 106 2 109 1 433 1 16 1 51 1 271 1 348 1 110 1 604 1 290 1 517 1 590 2 319 1 370 1 603 1 415 1 206 1 317 2 151 1 598 1 244 3 287 1 451 1
76 20 32 700 1 15 1 441 2 136 1 93 1 17 1 698 1 712 1 22 1 703 1 715 1 242 1 688 1 77 1 401 1 21 1 714 1 106 1 109 1 433 1 320 1 519 2 397 1 611 1 477 1 666 1 681 1 294 1 348 2 641 1 14 1 29 1
47 11 28 138 1 82 1 157 1 173 1 15 1 171 1 174 1 441 2 338 1 136 1 189 1 125 1 777 1 134 1 141 1 155 1 242 1 148 1 180 1 181 1 187 1 188 1 195 1 320 3 397 1 611 1 433 1 51 1
85 23 23 152 1 132 1 71 1 82 1 86 1 760 1 168 1 179 1 671 1 479 1 15 2 91 1 727 2 771 1 779 1 17 1 124 1 761 1 104 2 770 1 777 1 684 2 262 1
//IdTournes NbColis
11 6
//IdColis IdCommandeInColis NbProducts IdProd1 QtyProd1 IdProd2 QtyProd2 ...
6 2 22 23 1 27 1 82 1 122 1 90 2 169 1 102 1 179 1 769 1 479 1 93 2 705 1 17 3 20 1 50 1 123 1 124 1 683 1 589 1 765 2 117 2 429 1
98 26 34 671 1 746 1 467 1 174 1 726 1 728 1 730 1 729 1 688 1 77 1 731 1 180 1 181 1 745 1 187 1 188 1 195 1 198 1 724 1 734 1 740 1 714 1 75 1 249 1 320 1 611 1 604 1 245 2 644 1 201 1 732 1 262 1 317 2 547 1
32 8 27 146 1 19 1 86 1 90 1 169 1 527 1 600 1 164 1 522 1 25 1 149 1 93 1 63 2 134 2 242 2 92 1 745 1 795 1 249 1 273 1 519 1 794 1 192 1 348 2 449 1 618 1 604 2
24 6 44 183 1 184 1 557 1 65 1 577 1 676 1 708 1 127 1 37 1 59 2 525 1 275 1 268 3 299 2 307 1 312 1 382 2 377 1 393 2 571 1 410 3 223 2 228 1 530 1 28 1 544 1 31 1 116 1 518 1 390 2 399 2 582 1 540 1 306 3 311 4 535 1 516 1 581 3 418 2 247 1 296 1 316 1 346 1 330 1
96 25 45 741 1 80 1 699 2 166 1 223 2 440 1 275 2 282 1 299 2 377 1 358 2 410 3 28 1 470 1 495 1 582 1 418 2 306 3 311 4 326 1 535 1 581 2 233 2 609 1 241 1 288 1 677 1 435 1 261 1 269 1 303 1 329 1 474 1 383 1 354 2 389 1 406 1 417 3 297 2 265 2 496 1 360 1 647 1 243 1 367 1
60 14 58 183 1 402 1 30 1 127 1 37 1 275 1 299 1 358 1 377 2 410 1 399 1 306 2 247 1 296 1 257 2 687 1 339 1 635 1 288 1 214 1 239 1 261 1 303 2 478 1 217 2 224 1 265 1 360 2 219 1 243 1 300 1 367 1 373 2 558 4 330 1 349 1 405 1 302 1 305 2 344 1 385 1 543 1 289 1 235 1 363 1 369 1 513 1 403 1 246 2 255 1 270 1 388 1 411 1 213 1 362 2 279 2 295 1 231 1
//IdTournes NbColis
12 6
//IdColis IdCommandeInColis NbProducts IdProd1 QtyProd1 IdProd2 QtyProd2 ...
92 24 50 587 1 315 1 327 2 776 1 34 1 402 1 68 1 88 1 706 1 337 1 260 1 308 1 30 1 170 1 59 1 440 1 275 1 299 1 323 2 511 2 375 1 377 1 382 1 393 1 410 2 207 1 544 1 518 1 399 1 46 1 186 1 190 1 418 2 306 2 326 1 331 1 535 1 540 1 233 1 609 1 276 1 283 4 291 1 355 1 396 1 429 2 267 1 288 1 435 1 261 1
35 8 53 396 1 637 1 241 3 162 1 163 1 197 1 288 1 622 1 559 1 796 1 429 1 261 1 398 1 469 1 354 1 361 1 366 1 623 1 624 1 474 1 389 1 605 1 478 3 214 2 425 1 297 2 265 6 321 1 240 1 243 1 293 1 367 1 373 3 558 2 219 1 423 1 330 2 521 3 405 2 200 1 142 1 159 1 121 1 529 1 305 5 289 1 314 2 505 2 328 2 461 1 462 1 353 1 570 1
30 7 52 375 1 394 1 410 2 207 1 223 2 490 1 275 1 282 1 46 1 619 1 582 1 772 1 272 1 306 2 233 1 351 1 372 2 256 1 257 1 291 2 572 2 546 2 283 2 264 1 559 1 677 2 278 1 261 1 586 2 303 1 469 1 537 1 383 1 406 2 407 1 478 1 367 3 373 2 423 1 243 1 436 1 350 1 405 1 200 2 211 1 121 1 305 2 345 1 443 2 289 4 314 1 505 1
63 15 53 337 1 340 1 376 1 680 1 632 1 220 1 223 1 275 1 307 1 382 1 394 1 410 2 272 1 374 1 399 2 69 1 306 1 331 2 257 1 276 1 291 2 288 1 404 1 664 1 261 1 354 1 361 1 407 1 243 1 300 1 373 1 608 1 200 1 211 1 330 1 405 1 230 1 226 1 345 1 543 1 285 1 334 1 403 1 412 1 549 1 259 1 388 1 238 1 263 1 236 1 379 1 381 1 215 1
71 18 63 272 1 518 1 306 1 326 2 535 1 516 1 581 1 296 1 378 1 387 1 609 1 556 1 276 1 324 1 241 2 572 1 635 1 204 1 264 1 267 1 277 1 384 1 662 1 677 1 313 2 366 1 383 1 297 1 224 2 360 1 243 1 300 1 200 1 330 1 333 1 350 1 548 1 405 2 230 1 302 2 345 1 371 1 543 1 289 1 210 1 285 2 292 2 335 1 369 1 380 1 246 2 255 1 281 1 541 1 411 1 202 1 251 1 301 1 310 1 409 1 236 2 304 2 538 2
80 21 52 323 1 466 1 375 1 410 1 518 1 582 1 306 1 331 2 316 1 257 2 276 1 241 1 291 1 355 2 572 1 204 1 429 1 267 1 664 1 414 1 261 1 329 1 383 1 478 1 265 1 574 1 554 1 446 1 473 1 367 1 405 1 451 1 371 1 385 1 121 1 543 1 289 1 254 1 285 1 460 1 462 1 353 1 403 1 549 1 246 1 453 1 259 2 202 1 205 1 236 1 295 1 419 2
//IdTournes NbColis
13 6
//IdColis IdCommandeInColis NbProducts IdProd1 QtyProd1 IdProd2 QtyProd2 ...
9 2 47 581 1 372 1 601 1 556 1 651 1 257 2 276 1 599 1 291 1 576 1 162 1 677 1 261 4 588 1 383 3 650 1 416 1 297 1 240 1 265 2 496 1 219 1 423 1 558 1 211 1 391 1 521 4 330 3 548 2 405 2 200 2 717 4 120 2 226 1 443 2 302 1 305 5 345 3 427 1 252 1 513 5 520 2 309 1 591 1 505 1 534 3 369 1
45 10 46 207 1 223 5 228 1 525 1 275 1 530 1 282 1 118 1 272 2 518 2 582 1 390 2 782 1 516 1 581 1 306 3 311 5 326 1 331 1 233 1 247 1 257 2 578 1 566 1 576 1 339 1 267 1 677 1 796 1 261 2 329 2 469 1 537 1 366 1 475 1 478 1 425 1 491 1 265 2 455 1 360 2 217 1 240 1 496 1 367 1 373 2
4 1 61 267 1 677 2 537 2 303 1 313 1 329 2 297 1 360 1 554 1 265 1 293 1 300 1 367 4 373 3 243 2 405 2 436 1 298 1 330 1 333 1 350 1 200 3 211 1 717 1 120 1 121 1 371 1 289 1 252 1 254 2 363 1 513 2 520 1 549 1 412 1 462 1 335 1 353 1 380 3 209 1 210 1 428 1 541 1 246 1 281 1 388 1 564 2 251 1 362 1 395 2 258 1 301 1 310 2 568 1 421 1 238 2 432 1 498 1 231 1 419 2 524 1
16 4 59 186 1 306 3 535 1 581 2 556 1 283 2 355 2 396 1 546 1 635 1 204 1 229 1 264 1 277 1 677 1 417 1 361 1 366 1 624 1 475 1 383 2 478 3 297 1 265 1 455 1 219 1 423 1 243 3 367 1 558 1 436 1 391 2 120 1 443 1 302 1 345 1 371 1 289 1 210 1 428 1 252 1 285 3 328 1 461 1 335 2 352 1 380 1 403 3 412 1 270 1 281 1 392 1 259 1 202 2 421 1 432 2 573 1 205 3 216 2
20 5 56 530 2 190 1 782 1 306 2 311 2 326 1 516 1 556 1 483 1 247 2 256 1 257 1 276 1 569 1 291 2 396 2 241 1 283 1 677 1 261 1 450 1 366 2 383 1 605 1 398 1 297 1 321 1 240 1 300 3 373 1 608 1 423 1 436 2 333 1 200 2 232 1 120 1 345 1 543 1 443 1 309 3 352 2 606 1 607 1 235 1 428 1 285 2 246 1 203 1 213 1 432 1 438 1 295 1 304 1 379 2 538 2
25 6 58 372 2 378 1 556 4 257 2 539 1 566 1 546 1 396 3 576 1 241 2 283 1 264 1 288 1 404 1 677 1 197 1 429 1 277 1 261 1 313 1 383 2 536 1 474 1 398 1 478 2 414 1 784 1 297 1 265 1 455 3 321 1 360 1 224 1 240 2 473 1 367 1 373 1 558 1 548 1 436 1 298 1 330 1 349 1 350 1 391 2 200 2 211 1 717 2 120 1 121 1 443 1 451 2 302 1 305 2 345 1 371 1 226 1 289 1
//IdTournes NbColis
14 6
//IdColis IdCommandeInColis NbProducts IdProd1 QtyProd1 IdProd2 QtyProd2 ...
41 9 61 594 1 261 2 537 1 474 1 414 2 297 2 496 1 574 1 575 2 265 1 424 1 240 2 367 3 373 2 219 2 243 1 436 1 405 1 533 1 200 2 211 2 120 1 121 1 302 1 305 2 344 1 345 2 385 1 289 1 254 1 352 1 363 1 583 1 309 1 328 2 334 2 369 1 380 1 210 1 285 1 255 1 392 1 541 1 453 1 281 1 259 2 388 1 560 1 362 1 395 1 573 1 310 2 203 1 421 1 432 1 526 3 295 2 205 2 279 1 250 1 216 1
46 10 34 405 2 350 2 200 3 211 2 232 2 230 1 121 1 305 2 344 2 345 2 289 2 403 2 292 1 334 1 335 1 353 2 363 1 380 1 570 1 392 1 453 1 246 1 501 1 280 1 595 1 411 1 222 1 310 1 203 1 421 1 238 1 295 3 205 3 426 1
50 11 57 247 2 566 1 578 1 276 1 291 2 396 1 572 1 546 1 635 2 241 1 283 2 197 1 267 2 404 1 261 1 563 1 469 1 616 2 536 1 623 1 383 1 631 1 407 1 417 2 297 2 265 4 455 1 321 1 360 1 575 2 554 1 224 1 240 1 806 1 293 1 300 1 473 2 367 3 373 2 608 2 558 2 219 1 243 1 298 1 330 1 349 1 391 2 405 2 211 1 484 1 232 1 230 1 120 1 302 1 305 2 345 1 434 1
66 16 40 410 1 393 1 581 1 351 1 372 1 204 1 229 1 267 1 278 1 368 1 329 1 406 1 243 1 300 1 367 2 373 1 200 3 211 2 232 1 298 1 333 1 391 1 405 1 305 2 371 1 121 2 289 2 210 1 309 2 328 1 342 1 352 1 403 1 412 2 549 2 411 1 203 1 409 1 295 1 234 1
78 20 24 451 1 302 1 305 1 120 2 121 2 209 1 252 1 285 1 328 1 334 1 520 1 549 2 439 1 445 1 541 1 411 1 251 1 310 1 555 1 362 1 395 1 205 1 295 1 476 1
89 23 35 305 4 543 1 120 1 289 1 353 1 363 2 254 1 505 1 462 1 534 2 352 1 380 2 513 2 607 1 549 1 412 3 246 3 445 1 501 1 280 2 281 1 270 1 439 2 541 1 500 2 259 1 560 1 213 1 648 1 203 2 279 1 636 1 205 3 216 2 381 1
//IdTournes NbColis
15 6
//IdColis IdCommandeInColis NbProducts IdProd1 QtyProd1 IdProd2 QtyProd2 ...
93 24 50 269 3 329 1 366 1 474 2 417 1 297 1 240 2 265 1 455 1 360 1 575 1 243 1 367 1 423 1 436 1 298 1 405 1 200 3 211 1 717 1 305 3 345 1 385 1 121 1 289 1 285 1 309 2 328 1 342 1 549 1 583 1 209 1 210 3 235 1 541 2 610 1 222 1 432 1 438 1 336 1 362 2 400 1 409 1 202 1 213 1 295 1 304 1 597 2 750 1 419 1
107 28 26 243 1 373 1 298 1 391 2 717 1 305 1 371 2 543 1 120 1 505 2 328 1 462 1 353 1 380 1 513 2 606 1 520 1 610 1 222 1 362 1 395 1 573 1 213 1 205 1 381 1 215 1
100 26 30 211 1 443 1 305 3 371 1 739 1 505 2 334 1 352 1 353 1 369 1 380 1 549 1 583 1 209 1 280 1 392 2 610 2 259 1 500 1 507 1 504 1 295 1 379 1 476 2 750 1 250 1 419 1 215 1 225 2 234 1
88 23 51 382 1 571 1 649 1 410 1 418 2 306 3 311 1 326 2 331 2 447 1 296 1 565 1 378 2 556 2 653 1 257 3 324 1 241 1 283 1 576 1 429 2 264 1 267 2 288 1 384 1 404 1 677 1 425 1 491 2 354 2 329 1 383 1 398 1 478 1 485 1 240 1 496 1 647 1 575 1 554 1 219 1 423 1 243 1 293 1 330 1 391 2 521 2 548 1 200 2 443 2 305 1
75 19 35 642 1 624 1 406 1 478 1 474 1 297 1 224 2 360 1 200 2 330 1 405 2 230 1 427 1 451 2 305 1 344 1 254 2 456 1 309 1 462 1 335 1 513 1 606 1 549 2 583 1 541 1 388 2 251 1 258 1 336 1 205 2 236 1 304 1 426 1 215 1
97 25 43 367 4 473 1 423 1 436 1 298 1 330 1 349 2 391 3 548 1 405 2 200 2 211 2 345 1 371 1 543 1 285 2 462 1 369 1 363 3 549 1 403 1 412 2 210 1 235 1 428 1 255 2 270 1 445 2 501 1 281 1 438 1 498 1 357 2 648 1 395 1 573 1 202 1 279 1 304 1 538 1 636 1 205 1 381 1
//IdTournes NbColis
16 6
//IdColis IdCommandeInColis NbProducts IdProd1 QtyProd1 IdProd2 QtyProd2 ...
110 29 45 491 1 361 1 537 1 624 1 631 1 407 1 240 1 455 1 321 1 360 3 575 1 224 2 243 1 473 2 373 3 608 1 423 1 330 1 533 1 200 1 302 1 305 1 345 1 543 1 289 3 254 1 285 1 309 1 505 1 342 1 534 1 520 1 607 1 428 1 270 1 280 1 281 1 507 1 388 1 411 1 238 1 251 1 526 1 381 1 419 2
114 31 20 326 1 581 2 372 1 256 2 366 1 243 1 548 1 200 1 717 1 230 1 385 1 369 1 570 1 403 1 453 1 610 1 222 1 202 1 426 1 749 1
31 7 25 352 1 363 1 369 1 513 2 549 1 403 1 412 1 285 1 246 2 255 1 411 1 259 1 560 1 400 1 202 1 203 1 295 1 476 1 205 3 750 1 279 1 216 1 250 1 225 1 234 1
83 22 47 642 1 474 1 383 2 605 2 398 1 478 1 588 1 313 1 240 1 265 2 455 1 243 2 367 2 373 4 608 1 300 2 436 1 349 1 350 2 521 2 405 1 298 2 333 2 443 1 344 1 302 2 289 1 210 1 252 1 254 1 285 1 353 1 369 1 583 1 505 1 462 2 334 2 246 1 255 1 222 1 411 1 203 1 251 1 438 1 357 1 636 1 215 1
26 6 31 289 2 252 2 254 1 549 2 292 2 505 1 328 1 462 2 380 3 570 1 353 1 369 2 513 1 255 1 439 1 259 1 564 1 388 1 258 1 310 2 395 1 555 2 213 1 421 1 238 1 498 1 295 1 304 1 379 1 643 2 205 1
36 8 22 513 1 403 5 209 1 210 3 235 1 428 2 285 2 246 4 255 1 392 2 432 2 434 3 555 1 526 1 503 2 304 1 538 2 205 4 236 4 216 2 524 1 225 1
//IdTournes NbColis
17 6
//IdColis IdCommandeInColis NbProducts IdProd1 QtyProd1 IdProd2 QtyProd2 ...
55 12 39 269 1 450 1 366 2 224 1 321 1 360 1 243 1 300 2 473 2 367 1 558 2 232 2 436 1 521 1 443 3 451 1 289 1 210 2 254 2 309 1 534 1 353 1 380 1 513 2 403 1 412 1 445 1 280 1 541 1 222 1 388 2 432 2 434 1 301 1 310 3 336 1 205 2 295 1 225 2
58 13 3 205 1 295 1 234 1
10 2 28 549 1 403 1 412 1 209 3 246 1 255 1 259 2 388 1 564 1 595 3 213 1 421 1 238 1 432 1 251 2 263 1 362 3 395 1 310 3 336 1 295 1 236 1 216 1 250 1 381 1 419 1 749 2 234 1
51 11 53 371 1 443 1 289 2 252 2 254 1 292 1 462 1 334 2 314 1 505 2 328 2 614 2 353 1 363 1 380 1 549 2 583 1 412 1 209 1 210 1 428 2 285 1 255 1 270 1 392 1 541 1 246 2 259 2 507 1 388 3 411 1 222 1 500 1 251 2 301 1 336 1 504 1 395 1 573 1 238 2 503 2 295 1 304 1 597 2 379 1 476 1 236 2 279 1 250 1 215 1 419 1 225 1 234 1
103 27 61 257 2 612 1 626 1 283 1 355 1 546 1 429 1 277 1 288 1 559 1 594 1 450 1 329 1 536 1 623 1 383 1 631 1 407 2 784 1 455 2 574 1 219 1 243 1 293 1 300 1 367 2 558 2 484 1 330 2 333 1 391 1 305 2 371 2 289 1 254 2 285 1 328 2 621 1 549 1 583 1 210 1 392 1 507 1 487 1 263 1 438 1 310 2 613 1 568 1 395 1 555 1 409 1 279 1 503 1 295 3 379 1 636 1 236 1 749 1 497 1 234 1
42 9 2 215 1 419 1
//IdTournes NbColis
18 5
//IdColis IdCommandeInColis NbProducts IdProd1 QtyProd1 IdProd2 QtyProd2 ...
5 1 3 805 2 749 1 234 1
13 3 2 421 1 258 1
17 4 2 381 2 234 1
21 5 4 236 1 279 1 250 1 749 1
69 17 3 573 2 279 2 250 2
