//NbTournees
15
//IdTournes NbColis
1 6
//IdColis IdCommandeInColis NbProducts IdProd1 QtyProd1 IdProd2 QtyProd2 ...
3 2 27 61 1 148 1 205 1 142 2 204 2 175 1 25 1 133 1 181 1 195 1 172 2 54 1 146 1 166 1 173 1 196 1 190 1 159 1 188 1 200 1 203 1 24 1 136 1 140 2 156 2 180 2 70 1
10 4 21 204 3 153 1 157 1 163 1 186 2 285 1 175 1 306 1 412 1 250 1 22 1 25 1 27 1 34 1 133 1 161 2 191 1 242 1 202 1 336 1 73 1
16 6 17 145 2 205 1 142 3 204 3 153 1 186 2 285 1 316 1 332 1 164 1 183 1 22 1 133 1 150 1 161 2 237 1 141 1
29 10 18 128 1 129 1 130 1 354 1 110 1 145 1 205 1 142 2 212 1 204 2 332 1 133 1 265 1 335 1 351 1 4 1 190 1 346 1
33 12 21 155 1 247 1 145 2 205 1 437 1 142 2 204 2 163 1 175 1 186 1 264 1 250 1 133 1 150 1 191 1 202 1 265 1 454 1 439 1 340 1 47 1
36 13 19 268 1 65 1 61 1 145 1 205 1 177 1 142 2 204 2 153 1 171 1 186 1 197 1 133 1 147 1 198 1 34 1 66 3 459 1 5 1
//IdTournes NbColis
2 6
//IdColis IdCommandeInColis NbProducts IdProd1 QtyProd1 IdProd2 QtyProd2 ...
37 13 28 413 1 436 1 402 1 449 1 178 2 430 1 457 1 438 1 134 1 176 2 170 1 174 1 185 1 189 2 442 1 18 1 165 1 154 1 33 1 136 1 140 2 156 2 180 2 194 2 199 2 160 1 429 1 41 1
39 14 17 268 1 464 1 461 1 385 1 184 1 323 1 247 1 162 1 322 1 287 1 145 1 148 1 205 1 182 1 177 1 386 1 134 1
40 14 27 232 1 142 2 204 2 163 1 175 1 250 1 133 1 237 1 191 1 265 1 269 1 138 1 273 1 195 1 441 1 100 1 172 1 178 1 425 1 245 1 37 1 135 1 158 1 146 1 168 1 176 1 70 1
43 15 24 148 2 225 1 205 1 182 1 88 1 142 2 204 2 186 1 250 1 229 1 133 1 220 1 244 1 458 1 138 1 181 1 172 1 241 1 209 1 176 1 233 1 333 1 136 1 5 1
45 16 21 480 1 243 1 227 1 483 1 145 1 205 1 142 2 204 2 175 1 250 1 482 1 133 1 221 1 206 1 251 1 400 1 172 2 146 2 176 1 70 1 5 2
47 17 24 248 1 145 2 224 1 205 1 124 1 32 1 88 1 142 2 204 2 250 1 133 1 230 1 242 1 435 1 445 1 107 1 134 1 217 1 4 1 168 1 238 1 233 1 43 1 5 1
//IdTournes NbColis
3 6
//IdColis IdCommandeInColis NbProducts IdProd1 QtyProd1 IdProd2 QtyProd2 ...
49 18 22 485 1 486 1 247 1 145 1 205 1 468 1 469 1 32 1 142 2 204 2 175 1 133 1 237 1 470 1 448 1 25 1 246 1 240 1 335 1 426 1 70 1 5 1
54 19 38 430 1 30 1 179 1 37 1 134 2 135 1 158 1 4 1 146 1 168 1 189 1 173 1 118 1 71 1 149 1 139 2 378 1 207 1 144 1 208 2 215 2 263 2 463 1 339 1 76 1 340 1 70 1 72 2 74 2 75 1 58 1 465 1 466 1 59 3 60 2 13 1 41 2 68 5
90 32 38 145 1 205 1 293 1 142 1 204 1 133 1 103 1 336 1 36 1 324 1 18 1 90 1 165 1 334 1 249 1 136 1 140 1 156 1 180 1 194 1 199 1 108 1 70 1 72 2 74 2 75 1 58 1 91 1 1 1 14 1 347 1 120 1 42 1 59 3 60 2 5 2 41 5 68 5
92 33 43 358 1 145 1 205 1 32 1 85 1 88 1 142 1 204 1 133 1 237 1 294 1 233 1 90 1 333 1 96 1 136 1 140 1 156 1 180 1 194 1 199 1 29 1 228 1 15 1 353 1 108 1 340 1 70 1 72 2 74 1 75 1 347 1 359 1 352 1 345 1 355 1 356 1 59 3 60 2 5 3 41 5 68 5 3 2
94 34 33 145 1 205 1 142 2 212 1 204 2 133 1 325 1 265 1 7 1 176 1 327 1 331 1 348 1 350 1 24 1 136 1 140 2 156 2 180 2 194 2 199 2 39 1 228 1 340 1 14 1 10 1 42 2 59 3 60 2 5 1 41 5 68 5 3 1
12 4 31 508 1 135 1 300 1 418 1 67 1 383 1 146 1 176 2 62 1 82 1 185 1 286 1 233 1 313 1 173 1 40 1 18 1 90 1 149 2 398 1 272 1 151 1 136 1 140 3 156 3 180 3 194 3 199 3 39 1 228 1 70 1
//IdTournes NbColis
4 6
//IdColis IdCommandeInColis NbProducts IdProd1 QtyProd1 IdProd2 QtyProd2 ...
57 20 38 318 2 265 1 396 1 269 1 181 1 193 1 135 1 146 1 233 1 390 1 196 1 139 2 200 1 272 1 334 1 407 1 24 1 208 2 215 2 194 2 263 2 39 1 261 1 226 1 406 1 70 1 72 2 74 1 349 1 14 1 28 2 408 1 345 1 356 1 59 3 60 2 5 2 41 3
96 35 29 145 1 205 1 210 2 271 2 186 1 211 1 161 1 329 1 22 1 206 1 66 2 178 1 239 1 179 1 208 2 156 2 194 2 263 2 328 1 326 1 169 1 70 1 59 2 60 2 47 2 48 2 41 4 68 4 338 1
17 6 28 395 1 242 1 198 1 20 1 66 2 138 1 320 1 391 1 400 1 389 1 178 1 179 1 185 1 174 1 196 1 18 1 71 1 165 1 23 1 33 1 139 1 392 1 203 1 144 1 136 1 140 3 156 3 194 1
19 7 22 109 1 145 2 205 1 21 1 177 1 210 2 204 2 267 1 211 1 330 1 99 1 178 1 176 2 238 1 189 1 333 1 207 1 24 2 96 1 140 2 156 2 115 1
30 10 23 24 1 136 1 140 2 156 2 180 2 194 2 199 2 357 1 339 1 70 1 72 2 74 2 75 1 337 1 14 2 342 1 42 1 59 3 60 2 68 5 5 1 41 5 98 1
34 12 37 192 1 36 1 167 1 193 1 172 1 178 1 430 1 137 1 4 1 31 1 146 1 71 1 136 1 140 2 156 2 180 2 194 2 199 2 160 1 70 1 72 2 74 2 75 1 337 1 42 2 50 1 59 3 60 2 126 2 47 2 48 2 5 1 8 2 41 5 68 5 338 1 3 1
//IdTournes NbColis
5 6
//IdColis IdCommandeInColis NbProducts IdProd1 QtyProd1 IdProd2 QtyProd2 ...
41 14 40 238 1 185 1 233 1 189 3 173 2 390 1 196 1 149 1 310 1 398 1 378 1 144 1 249 1 387 1 136 1 140 2 156 2 180 2 194 2 199 2 201 2 228 1 169 1 451 1 6 1 72 2 74 2 75 1 450 1 337 1 14 2 28 1 46 1 452 1 42 1 59 3 60 2 5 5 41 5 68 5
46 16 28 173 2 196 1 236 1 24 1 136 1 140 2 156 2 180 2 194 2 199 2 201 1 346 1 72 2 74 1 75 1 2 2 86 1 43 1 452 1 342 1 59 2 60 2 126 1 47 2 48 2 5 1 41 4 68 4
48 17 31 149 2 165 1 444 1 144 1 136 1 140 2 156 2 180 2 194 2 199 2 201 1 29 1 228 2 169 1 76 1 93 1 70 1 72 2 74 1 75 1 14 2 467 1 466 1 59 3 60 2 376 1 5 3 41 5 68 5 98 1 3 1
50 18 39 172 1 239 1 245 1 234 1 146 1 176 1 233 1 189 1 196 1 231 1 249 1 96 1 136 1 140 2 156 2 180 2 194 2 199 2 201 1 346 2 6 2 72 2 74 2 75 1 349 1 1 1 14 1 28 2 46 2 42 1 466 1 59 3 60 2 473 1 117 1 5 4 41 5 68 5 3 2
56 20 19 223 1 145 1 205 1 232 1 182 1 177 1 210 2 212 1 271 2 214 1 218 1 235 2 316 1 264 1 222 1 164 2 211 1 191 1 207 1
61 21 30 453 1 178 1 239 1 375 1 30 1 179 1 301 1 383 1 189 1 321 1 196 1 71 1 125 1 236 2 444 1 333 1 272 1 96 1 136 1 140 3 156 3 180 3 194 3 199 3 77 1 456 1 39 1 70 1 5 2 98 1
//IdTournes NbColis
6 6
//IdColis IdCommandeInColis NbProducts IdProd1 QtyProd1 IdProd2 QtyProd2 ...
63 22 23 145 1 205 1 404 1 494 1 210 2 271 2 214 1 163 1 183 1 211 1 181 1 239 3 209 1 30 1 95 1 176 2 173 1 196 1 125 1 139 3 207 1 208 1 169 1
66 23 39 383 1 95 1 146 1 176 1 173 1 90 1 491 1 407 1 207 1 140 1 156 2 194 2 199 2 121 2 39 1 260 1 201 1 114 1 64 1 252 1 70 1 72 2 74 2 75 1 119 1 349 1 97 1 43 1 28 2 46 1 466 1 59 3 60 2 126 1 47 3 48 2 5 5 41 5 68 5
69 24 26 176 2 196 1 71 1 255 1 491 1 207 1 24 1 208 2 156 2 194 2 263 2 228 1 15 1 340 1 70 1 72 2 74 2 75 1 337 1 1 2 14 1 59 3 60 2 5 2 41 5 68 5
2 1 27 79 1 96 1 208 2 156 2 194 2 263 2 261 1 93 1 70 1 72 2 74 2 75 1 2 1 11 1 91 1 1 2 45 1 10 1 59 3 60 2 47 3 48 2 5 3 8 2 41 5 68 5 98 1
14 5 23 268 1 65 1 279 1 205 1 177 1 404 1 210 2 271 2 153 1 211 1 147 1 161 1 20 1 393 1 176 1 233 1 49 1 40 1 18 1 55 1 208 2 215 2 58 1
21 8 20 248 1 370 1 277 1 111 1 61 1 124 2 145 2 205 1 210 2 271 2 267 1 211 1 364 1 100 1 362 1 158 1 233 1 365 1 360 1 208 1
//IdTournes NbColis
7 6
//IdColis IdCommandeInColis NbProducts IdProd1 QtyProd1 IdProd2 QtyProd2 ...
22 8 27 96 1 208 1 156 2 194 2 263 1 199 1 121 2 122 1 29 2 344 1 108 1 340 2 70 1 72 2 74 2 75 1 58 1 46 1 59 3 60 2 376 1 126 1 47 3 48 2 117 1 41 5 68 5
31 11 25 397 1 394 1 112 1 124 1 145 1 205 1 32 1 210 2 212 1 271 2 211 1 265 1 402 1 278 1 90 1 139 1 333 1 24 1 208 2 215 2 263 2 226 1 344 1 340 2 9 1
64 22 28 208 1 156 2 194 2 263 2 261 1 228 2 114 1 64 1 340 1 70 1 72 2 74 2 75 1 343 1 2 1 487 1 337 1 14 2 28 2 46 2 342 1 59 3 60 2 9 1 13 1 5 3 41 5 68 5
71 25 30 176 1 189 1 498 1 173 1 18 1 203 1 272 1 33 1 208 2 156 2 194 2 263 2 160 1 489 1 70 1 72 2 74 2 75 1 500 1 92 1 50 1 59 3 60 2 47 3 48 2 26 1 5 1 41 5 68 5 3 2
73 26 35 288 1 276 1 278 1 381 1 189 1 173 1 125 1 139 1 144 1 208 3 156 2 215 1 194 3 263 3 261 1 228 2 169 1 64 1 108 1 70 1 72 2 74 2 75 1 46 2 59 3 60 2 47 3 48 2 117 1 26 1 5 3 41 5 57 1 68 5 98 1
76 27 25 434 1 173 3 416 1 208 3 215 3 263 3 261 2 226 3 169 1 346 1 70 1 72 2 74 2 75 1 42 1 59 3 60 2 126 1 47 3 48 2 8 1 41 5 57 1 68 5 3 1
//IdTournes NbColis
8 6
//IdColis IdCommandeInColis NbProducts IdProd1 QtyProd1 IdProd2 QtyProd2 ...
98 36 37 145 1 205 1 210 2 212 1 271 2 211 1 265 1 239 1 367 1 383 1 176 1 371 1 139 1 272 1 378 1 96 1 208 2 215 2 194 2 263 2 226 1 70 1 72 2 74 2 75 1 58 1 343 1 384 1 59 3 60 2 47 3 48 2 13 1 26 1 5 3 41 5 68 5
100 37 36 363 1 145 1 205 1 210 1 271 1 316 1 211 1 161 1 242 1 361 1 239 1 375 1 278 2 381 1 310 1 208 1 215 1 263 1 261 1 226 1 64 1 382 1 70 1 72 2 74 2 75 1 58 1 42 1 59 3 60 2 117 1 5 2 41 5 68 5 98 2 3 2
102 38 31 380 1 145 1 205 1 379 1 210 1 271 1 153 1 183 2 211 1 259 1 176 1 238 1 170 1 373 1 24 1 208 1 156 1 194 1 263 1 6 1 70 1 72 2 74 1 75 1 59 2 60 2 47 2 48 2 41 5 68 5 3 1
103 39 29 279 1 205 1 210 1 271 1 211 1 368 1 372 1 181 1 298 1 381 1 208 1 215 1 366 1 263 1 261 1 29 1 169 1 76 1 70 1 72 2 74 1 75 1 347 1 59 3 60 2 126 1 41 5 68 5 98 1
104 40 37 145 1 205 1 210 2 212 1 271 2 211 1 364 1 237 1 265 1 239 1 241 1 176 1 371 1 24 1 208 2 215 2 194 1 263 2 39 2 226 1 369 1 169 1 344 1 15 1 339 1 374 1 349 1 1 1 14 1 347 1 28 2 46 1 60 2 377 1 26 1 8 1 41 5
1 1 25 270 1 145 2 205 1 32 1 210 2 271 2 264 1 267 1 38 1 211 1 275 1 138 1 273 1 262 1 19 1 37 1 4 1 95 1 176 1 238 1 170 1 173 1 35 1 15 1 26 1
//IdTournes NbColis
9 6
//IdColis IdCommandeInColis NbProducts IdProd1 QtyProd1 IdProd2 QtyProd2 ...
60 21 27 264 1 302 1 197 1 211 1 147 1 150 1 161 1 191 1 448 1 34 1 455 1 458 1 138 1 320 1 246 1 443 1 254 1 400 1 273 1 216 1 259 2 193 1 195 1 294 1 508 1 304 1 59 1
78 28 21 204 3 157 1 175 1 235 1 315 1 264 1 250 2 211 1 198 1 265 2 329 1 22 1 138 1 432 1 493 2 259 1 401 1 288 1 37 2 6 1 41 2
81 29 20 61 1 145 2 205 1 210 3 204 3 163 1 211 1 191 2 138 1 294 1 289 1 239 1 30 1 288 1 174 1 18 1 140 3 156 3 194 1 376 1
6 3 27 163 1 186 1 315 1 197 1 16 1 211 1 410 1 329 1 181 1 393 1 284 1 289 1 30 1 425 1 288 1 7 1 31 1 176 2 238 1 233 1 139 2 327 1 96 1 421 1 140 3 156 1 39 1
79 28 43 388 1 497 1 95 1 176 1 238 1 286 1 371 1 62 1 173 1 49 1 118 1 71 1 90 1 125 1 139 1 331 1 140 3 156 3 180 1 194 3 199 3 201 1 228 2 64 1 70 1 72 2 74 2 75 1 343 1 80 1 1 1 14 2 359 1 345 1 342 1 504 1 59 3 60 2 47 3 48 2 41 3 68 5 3 1
26 9 26 479 1 105 1 259 1 193 2 294 1 477 1 143 1 178 3 309 1 239 1 241 1 102 1 30 1 417 1 425 1 478 1 179 1 419 1 123 1 276 1 4 1 146 1 176 1 174 1 286 2 97 1
//IdTournes NbColis
10 6
//IdColis IdCommandeInColis NbProducts IdProd1 QtyProd1 IdProd2 QtyProd2 ...
27 9 26 233 1 189 1 373 1 116 1 118 1 125 1 101 1 104 1 55 1 79 2 127 1 154 1 236 1 310 1 411 1 398 2 333 2 334 2 151 1 295 1 24 1 106 2 421 2 140 2 156 2 194 2
44 15 18 140 2 156 2 180 2 194 2 199 2 6 2 70 1 72 2 74 2 75 1 59 3 60 2 47 3 48 2 5 4 41 5 68 5 3 1
65 23 21 502 1 256 1 248 1 253 1 145 1 205 1 210 2 204 2 214 1 163 1 197 1 211 1 492 1 25 1 181 1 259 1 178 1 239 1 245 1 501 1 140 1
85 30 29 165 1 409 1 236 1 310 1 334 1 421 1 140 3 156 3 194 3 199 3 160 1 201 1 369 2 72 2 74 2 75 1 337 1 92 1 50 1 466 1 59 3 60 2 47 3 48 2 5 1 41 5 68 5 338 1 3 1
88 31 27 264 1 267 1 250 1 211 1 237 1 191 1 265 1 269 2 432 1 431 1 178 1 428 1 4 1 31 1 381 1 383 1 176 2 238 2 233 1 331 2 23 1 24 2 299 1 140 3 156 3 70 1 5 1
84 30 28 161 1 191 1 395 1 242 1 329 1 202 1 34 1 336 1 439 1 320 1 400 1 402 1 36 1 259 1 193 1 294 1 143 1 178 1 239 1 430 1 141 1 176 1 185 2 321 1 62 1 196 1 71 1 70 1
//IdTournes NbColis
11 6
//IdColis IdCommandeInColis NbProducts IdProd1 QtyProd1 IdProd2 QtyProd2 ...
9 4 14 509 1 268 1 51 1 52 1 132 1 65 1 305 1 152 1 287 1 145 2 205 1 182 1 142 3 78 1
59 21 16 155 1 291 1 227 1 145 2 319 1 205 1 88 1 317 1 142 3 204 3 153 1 163 1 285 1 315 1 316 2 154 1
77 28 17 503 1 283 1 184 1 399 1 152 1 281 1 287 1 291 1 380 1 145 2 205 1 32 1 88 1 142 1 210 2 212 1 96 1
11 4 23 66 1 269 1 181 2 53 2 187 1 36 1 413 1 426 1 273 1 433 1 314 1 193 1 415 1 143 1 172 1 178 1 289 1 17 1 30 1 425 1 430 1 179 2 57 1
5 3 15 51 1 65 1 422 1 291 2 145 2 205 1 21 1 85 1 88 1 293 1 210 3 204 3 153 1 214 1 83 1
24 9 14 85 2 88 1 210 2 204 2 153 2 214 1 163 3 306 1 235 1 264 4 103 1 34 2 211 1 62 1
//IdTournes NbColis
12 6
//IdColis IdCommandeInColis NbProducts IdProd1 QtyProd1 IdProd2 QtyProd2 ...
52 19 17 268 1 213 1 184 1 323 1 247 1 162 1 322 1 248 1 243 1 145 2 205 1 293 1 210 2 271 2 214 1 5 1 41 1
68 24 20 128 1 496 1 256 1 258 1 145 1 205 1 210 2 271 2 214 1 264 1 211 1 237 1 269 1 181 1 266 1 294 1 239 2 146 1 257 1 173 1
70 25 23 268 1 145 1 205 1 177 1 232 1 495 1 210 2 271 2 214 1 211 1 147 1 161 1 265 1 202 1 34 1 269 1 274 1 449 1 433 1 100 1 241 1 4 1 5 1
72 26 19 287 1 227 1 483 1 145 2 205 1 481 2 210 3 271 3 267 1 197 1 211 1 476 1 484 1 474 1 280 1 100 1 289 1 28 1 5 1
75 27 20 422 1 277 1 152 1 291 1 145 1 279 1 205 1 88 1 210 3 271 3 153 1 285 1 211 1 292 1 193 1 289 1 239 1 288 1 170 1 1 1
83 30 19 291 1 145 2 225 1 205 1 475 1 210 3 204 3 153 1 285 1 186 1 315 1 316 1 264 1 211 1 147 1 150 1 282 1 254 1 5 1
//IdTournes NbColis
13 6
//IdColis IdCommandeInColis NbProducts IdProd1 QtyProd1 IdProd2 QtyProd2 ...
87 31 13 510 1 145 2 205 1 124 4 32 1 210 3 212 1 204 3 153 1 214 2 157 1 163 1 340 1
53 19 25 218 1 163 1 186 1 171 1 316 2 264 1 267 1 211 1 318 1 447 1 303 1 440 1 335 2 273 1 446 1 219 1 216 1 195 1 324 1 441 1 294 1 178 1 239 1 4 1 41 2
23 9 14 131 1 132 1 155 1 110 1 124 4 145 2 205 1 296 1 297 1 182 2 472 1 404 1 21 1 107 1
25 9 19 150 2 161 1 198 2 448 1 22 1 439 1 307 1 320 1 312 1 423 1 420 1 471 1 400 1 298 1 335 1 424 1 426 1 274 2 449 1
7 3 38 156 2 194 3 199 3 77 2 29 2 228 1 6 1 64 1 290 1 76 1 93 2 70 1 72 3 74 3 75 1 56 1 44 2 80 1 86 1 43 1 28 1 45 1 84 1 81 1 12 1 59 5 60 5 87 1 9 1 47 5 48 5 13 1 26 2 5 4 8 1 41 7 68 7 98 1
62 21 21 160 2 72 2 74 2 75 1 43 1 506 1 352 1 452 1 342 1 504 1 92 1 50 1 59 2 60 2 460 1 462 1 47 3 48 2 41 5 68 5 3 2
//IdTournes NbColis
14 6
//IdColis IdCommandeInColis NbProducts IdProd1 QtyProd1 IdProd2 QtyProd2 ...
15 5 21 263 2 261 2 226 3 169 1 346 1 70 1 72 2 74 2 75 1 97 1 92 1 42 1 59 3 60 2 47 3 48 2 26 1 68 5 8 1 41 5 3 1
82 29 32 194 2 199 3 77 1 201 1 228 1 169 1 93 1 70 1 72 2 74 2 75 1 499 1 488 1 91 1 97 1 43 1 347 1 45 1 84 1 120 1 59 2 60 2 490 2 9 1 126 1 47 2 48 2 13 2 5 3 41 5 57 1 68 5
18 6 21 180 3 194 2 199 3 228 2 64 1 70 1 72 2 74 1 75 1 343 1 69 1 43 1 403 1 50 1 59 3 60 2 47 3 48 2 68 4 5 1 41 4
89 31 28 194 3 199 3 121 1 39 1 29 1 228 1 72 2 74 2 75 1 2 1 43 1 427 1 46 2 507 1 467 1 42 1 83 1 466 1 59 3 60 2 505 1 47 3 48 2 5 1 41 5 68 5 98 3 3 2
20 7 29 194 2 199 2 29 1 346 1 344 1 114 1 64 1 308 1 113 1 70 1 72 2 74 2 75 1 343 1 349 1 28 1 14 1 46 1 341 1 59 3 60 2 47 3 48 2 57 1 68 5 8 2 41 5 63 1 3 2
28 9 29 199 2 414 1 121 2 114 2 353 1 308 1 340 2 113 2 70 1 72 2 74 2 75 1 119 1 84 1 120 1 352 1 92 1 83 1 59 3 60 2 126 1 47 3 48 2 26 2 68 5 5 5 41 5 98 1 3 2
//IdTournes NbColis
15 5
//IdColis IdCommandeInColis NbProducts IdProd1 QtyProd1 IdProd2 QtyProd2 ...
13 4 25 108 1 76 1 89 1 93 1 72 2 74 2 75 1 58 1 429 1 84 1 347 1 92 1 50 1 59 3 60 2 47 3 48 2 311 1 57 1 68 5 5 4 8 1 41 5 98 1 3 1
4 2 21 194 2 199 2 201 1 94 1 72 2 74 2 75 1 14 1 28 1 46 1 42 1 59 3 60 2 47 3 48 2 13 1 5 4 41 5 68 5 63 1 3 1
32 11 19 70 1 72 2 74 2 75 1 91 1 2 1 1 1 28 1 46 1 405 1 87 1 59 3 60 2 9 1 47 3 48 2 68 5 5 2 41 5
38 13 12 340 1 465 1 347 1 50 1 59 3 60 2 47 3 48 2 13 1 26 1 41 4 3 1
58 20 2 41 2 68 5
