//NbTournees
27
//IdTournes NbColis
1 6
//IdColis IdCommandeInColis NbProducts IdProd1 QtyProd1 IdProd2 QtyProd2 ...
3 1 7 242 1 111 1 2 1 97 1 98 1 226 1 49 1
5 1 21 93 1 20 1 315 1 319 3 176 1 303 3 240 1 205 1 238 1 318 1 128 2 302 1 295 3 335 1 1 2 54 1 102 1 320 2 342 1 329 1 339 1
10 2 7 44 1 127 1 2 1 17 1 94 1 42 1 163 1
16 3 14 59 2 42 1 93 1 373 1 363 1 346 1 102 1 314 1 3 1 60 1 189 1 230 1 180 1 296 2
22 4 18 217 2 178 1 3 1 32 1 403 1 113 1 171 3 49 1 147 1 60 1 114 1 189 1 414 1 207 1 180 1 209 1 177 1 192 1
28 5 26 4 1 185 1 141 2 244 1 304 1 217 1 178 3 229 1 123 1 171 1 370 1 49 2 309 1 410 1 56 1 301 1 60 1 10 1 21 1 77 1 310 3 239 1 413 1 181 1 202 1 169 2
//IdTournes NbColis
2 6
//IdColis IdCommandeInColis NbProducts IdProd1 QtyProd1 IdProd2 QtyProd2 ...
30 6 6 5 2 8 1 18 1 28 1 379 1 112 1
36 7 7 5 1 8 1 13 1 91 1 28 1 379 1 112 1
182 36 18 29 2 55 1 99 1 201 1 66 2 73 1 348 1 176 1 418 1 419 4 369 1 205 1 255 1 54 1 47 1 102 2 420 1 173 1
42 8 11 24 1 8 1 12 1 19 1 17 1 274 1 260 1 117 1 76 1 118 1 50 1
46 9 8 24 1 8 1 12 1 19 1 79 1 174 1 76 1 78 1
51 10 8 24 1 12 1 19 1 26 1 28 1 136 1 76 1 78 1
//IdTournes NbColis
3 6
//IdColis IdCommandeInColis NbProducts IdProd1 QtyProd1 IdProd2 QtyProd2 ...
60 11 24 94 1 210 1 238 1 205 1 341 3 54 2 47 1 102 2 264 1 293 3 25 1 237 3 244 1 229 1 123 1 49 1 60 1 48 1 21 1 168 1 260 1 169 1 173 1 194 3
1 1 8 7 1 11 1 19 1 12 1 15 1 315 1 76 1 78 1
13 3 8 7 1 12 1 19 1 27 1 15 1 321 1 76 1 78 1
18 4 7 7 1 19 1 23 1 11 1 53 1 61 1 76 1
24 5 6 7 1 11 1 19 1 12 1 299 1 327 1
27 5 16 93 2 75 1 411 1 179 1 306 2 176 1 6 1 338 1 205 1 412 1 279 2 341 2 54 1 102 2 300 3 196 1
//IdTournes NbColis
4 6
//IdColis IdCommandeInColis NbProducts IdProd1 QtyProd1 IdProd2 QtyProd2 ...
62 12 8 7 1 12 1 27 1 19 1 28 1 283 1 76 1 78 1
68 13 6 7 1 11 1 12 1 19 1 67 1 257 1
73 14 8 7 1 11 1 19 1 23 1 72 1 344 1 76 1 78 1
78 15 7 7 1 11 1 19 1 23 1 17 1 407 1 76 1
83 16 7 7 1 11 1 12 1 19 1 17 1 270 1 119 1
87 17 7 7 1 11 1 19 1 23 1 22 1 40 1 314 1
//IdTournes NbColis
5 6
//IdColis IdCommandeInColis NbProducts IdProd1 QtyProd1 IdProd2 QtyProd2 ...
91 18 6 7 1 11 1 12 1 19 1 14 1 49 1
97 19 7 7 1 11 1 19 1 23 1 15 1 206 1 78 1
104 20 7 7 1 11 1 19 1 23 1 72 1 206 1 50 1
109 21 7 7 1 11 1 12 1 19 1 53 1 31 1 117 1
114 22 8 7 1 11 1 19 1 12 1 17 1 66 1 257 1 76 1
119 23 8 7 1 11 1 19 1 12 1 15 1 150 1 76 1 50 1
//IdTournes NbColis
6 6
//IdColis IdCommandeInColis NbProducts IdProd1 QtyProd1 IdProd2 QtyProd2 ...
124 24 7 7 1 11 1 19 1 23 1 42 1 66 1 171 1
128 25 11 7 1 11 1 19 1 12 1 17 1 124 1 112 1 117 1 76 1 118 1 50 1
133 26 6 7 1 11 1 19 1 12 1 45 1 49 1
8 2 8 8 1 13 1 83 1 108 1 14 1 114 1 76 1 50 1
138 27 8 8 1 13 1 83 1 91 1 16 1 152 1 49 1 76 1
142 28 11 8 1 13 1 44 1 83 1 17 1 241 1 112 1 117 1 76 1 118 1 50 1
//IdTournes NbColis
7 6
//IdColis IdCommandeInColis NbProducts IdProd1 QtyProd1 IdProd2 QtyProd2 ...
146 29 6 8 1 13 1 91 1 92 1 299 1 49 1
176 34 10 8 1 13 1 16 1 17 1 29 1 201 1 47 1 102 1 262 1 269 1
21 4 26 201 1 241 3 149 1 150 1 155 1 156 1 204 1 9 1 62 1 153 1 199 1 417 1 154 1 102 2 326 1 185 3 415 1 170 1 182 1 186 1 212 1 416 3 244 1 160 1 217 1 209 1
54 10 15 42 1 29 1 41 2 94 1 68 1 228 1 105 1 176 1 9 1 64 1 103 1 205 1 102 1 47 1 170 1
55 10 16 132 1 200 1 133 1 229 1 171 1 49 1 63 1 138 1 137 2 10 1 21 1 213 1 220 1 166 2 169 1 173 1
117 22 22 197 1 201 2 365 1 369 1 46 1 352 1 47 1 347 2 102 1 320 1 200 2 359 1 360 1 314 1 361 1 246 1 60 1 366 1 120 4 10 2 21 1 350 1
//IdTournes NbColis
8 6
//IdColis IdCommandeInColis NbProducts IdProd1 QtyProd1 IdProd2 QtyProd2 ...
156 30 17 103 1 86 1 102 1 104 1 47 1 144 1 227 1 182 1 229 1 123 1 48 1 10 1 21 1 173 1 191 1 193 1 50 1
57 11 8 12 1 26 1 27 1 19 1 17 1 158 1 76 2 78 2
152 30 7 12 1 26 1 27 1 19 1 28 1 131 1 112 1
158 31 8 12 1 26 1 27 1 19 1 28 1 295 1 76 1 78 1
163 32 6 12 1 26 1 19 1 27 1 67 1 257 1
168 33 6 12 1 26 1 27 1 51 1 67 1 49 1
//IdTournes NbColis
9 6
//IdColis IdCommandeInColis NbProducts IdProd1 QtyProd1 IdProd2 QtyProd2 ...
175 34 11 108 1 109 1 146 1 148 1 94 1 249 1 112 1 117 1 157 1 118 1 50 1
179 36 9 12 1 26 1 27 1 51 1 17 1 424 1 112 1 117 1 157 1
52 10 6 27 1 89 1 83 1 109 1 97 1 129 1
4 1 9 226 1 17 1 42 1 57 1 59 2 101 1 93 1 110 1 30 1
71 13 22 42 1 57 1 93 1 90 1 176 1 357 1 205 1 238 2 54 1 47 1 102 1 244 2 269 1 30 1 229 1 113 1 60 1 169 1 117 1 76 1 118 1 50 1
164 32 8 51 1 89 1 83 1 109 1 17 1 69 1 257 1 76 1
//IdTournes NbColis
10 6
//IdColis IdCommandeInColis NbProducts IdProd1 QtyProd1 IdProd2 QtyProd2 ...
81 15 21 55 1 179 1 31 1 176 1 205 1 401 1 74 1 54 1 102 1 404 1 151 1 229 1 49 1 60 1 48 1 21 1 77 1 406 1 202 1 169 1 173 1
92 18 7 51 1 52 1 83 1 242 1 17 1 31 1 60 1
112 21 28 231 1 143 1 110 1 31 3 73 1 129 1 348 1 176 1 235 1 103 1 205 1 240 2 35 1 295 1 54 1 86 2 343 1 47 1 102 2 196 1 132 1 217 2 345 1 229 1 353 1 370 1 364 1 49 1
76 14 18 93 2 243 1 75 1 218 1 241 1 70 1 300 1 47 1 102 2 227 1 196 1 354 1 368 1 372 1 219 1 269 1 362 4 123 1
79 15 7 51 1 52 1 84 1 96 1 59 1 71 1 78 1
174 34 7 83 1 91 1 92 1 44 1 42 1 250 1 273 1
//IdTournes NbColis
11 6
//IdColis IdCommandeInColis NbProducts IdProd1 QtyProd1 IdProd2 QtyProd2 ...
2 1 6 52 1 51 1 83 1 96 1 15 1 315 1
14 3 6 51 1 52 1 83 1 96 1 97 1 47 1
19 4 7 51 1 52 1 84 1 96 1 22 1 158 1 50 1
25 5 8 51 1 52 1 84 1 96 1 17 1 143 1 76 1 78 1
58 11 7 51 1 89 1 83 1 96 1 42 1 176 1 351 1
63 12 6 51 1 52 1 83 1 242 1 97 1 176 1
//IdTournes NbColis
12 6
//IdColis IdCommandeInColis NbProducts IdProd1 QtyProd1 IdProd2 QtyProd2 ...
69 13 6 51 1 52 1 83 1 96 1 67 1 49 1
74 14 6 51 1 52 1 84 1 96 1 15 1 371 1
85 16 9 51 1 52 1 42 1 57 1 59 2 99 1 47 1 116 1 76 1
98 19 7 51 1 52 1 84 1 96 1 15 1 131 1 76 2
105 20 7 51 1 52 1 84 1 96 1 15 1 176 1 76 1
110 21 9 51 1 52 1 83 1 96 1 17 1 106 1 76 1 118 1 50 1
//IdTournes NbColis
13 6
//IdColis IdCommandeInColis NbProducts IdProd1 QtyProd1 IdProd2 QtyProd2 ...
115 22 8 51 1 52 1 83 1 96 1 59 1 155 1 60 1 78 1
120 23 6 51 1 52 1 84 1 96 1 97 1 129 1
125 24 8 51 1 52 1 84 1 242 1 59 1 199 1 82 1 76 1
129 25 7 51 1 52 1 83 1 96 1 42 1 176 1 273 1
134 26 7 51 1 52 1 83 1 96 1 17 1 176 1 113 1
153 30 9 51 1 89 1 83 1 109 1 79 1 159 1 117 1 76 1 118 1
//IdTournes NbColis
14 6
//IdColis IdCommandeInColis NbProducts IdProd1 QtyProd1 IdProd2 QtyProd2 ...
159 31 6 51 1 89 1 83 1 96 1 97 1 47 1
178 35 19 149 1 103 1 275 1 46 1 54 1 264 1 251 1 253 1 261 1 257 1 49 1 60 1 258 1 48 1 21 1 169 1 173 1 265 1 215 1
88 17 9 52 1 84 1 96 1 111 1 58 1 295 1 317 1 76 1 50 1
169 33 6 52 1 19 1 96 1 111 1 67 1 60 1
147 29 9 44 1 83 1 108 1 109 1 28 1 136 1 117 1 76 1 118 1
170 33 8 242 1 83 1 28 1 97 1 98 1 226 1 65 1 76 1
//IdTournes NbColis
15 6
//IdColis IdCommandeInColis NbProducts IdProd1 QtyProd1 IdProd2 QtyProd2 ...
95 18 23 330 1 32 1 229 1 245 1 113 1 171 1 331 1 311 1 48 1 239 1 325 1 220 1 202 1 322 1 181 1 328 1 180 1 169 1 193 1 340 1 234 1 215 3 177 1
150 29 33 130 1 210 1 122 1 129 1 156 1 282 1 176 1 121 1 103 1 205 1 40 1 43 1 134 2 341 2 54 1 47 1 102 1 400 1 236 1 398 1 37 1 229 1 113 1 273 1 60 2 48 1 21 1 77 1 310 2 169 1 173 1 263 2 177 2
101 19 30 308 1 321 1 176 1 187 1 198 2 175 1 121 1 205 1 323 2 298 1 312 1 224 3 259 1 102 2 47 1 196 1 314 1 229 1 113 2 190 1 214 1 49 1 34 2 60 1 138 2 258 1 284 1 195 3 80 2 307 1
183 36 21 399 1 219 1 229 1 140 1 49 1 147 1 195 2 48 1 80 1 21 1 230 2 423 1 220 2 322 4 339 2 216 1 328 2 180 4 421 2 422 3 215 1
9 2 7 109 1 111 1 91 1 92 1 16 1 379 1 194 1
34 6 15 16 1 29 1 94 1 42 1 55 1 163 1 390 1 162 1 382 1 388 1 385 1 43 1 47 1 102 1 378 1
//IdTournes NbColis
16 6
//IdColis IdCommandeInColis NbProducts IdProd1 QtyProd1 IdProd2 QtyProd2 ...
89 17 19 58 1 93 2 90 1 201 2 102 2 326 1 33 1 170 1 336 2 211 1 113 1 337 1 313 1 322 4 180 2 333 1 334 1 324 2 265 2
94 18 18 101 1 42 1 93 2 99 1 332 1 235 1 176 1 303 1 338 1 205 1 316 1 54 1 47 1 102 1 196 1 33 1 236 1 200 2
106 20 7 111 1 81 1 97 1 221 2 22 1 58 1 198 1
139 27 8 92 1 44 1 108 1 109 1 16 1 176 1 48 1 50 1
141 27 12 401 1 54 1 102 1 33 1 416 1 229 1 21 1 213 2 405 1 408 1 169 1 173 1
149 29 9 226 1 16 1 17 1 29 1 41 1 94 1 42 1 39 1 55 1
//IdTournes NbColis
17 6
//IdColis IdCommandeInColis NbProducts IdProd1 QtyProd1 IdProd2 QtyProd2 ...
15 3 8 111 1 242 1 98 1 226 1 17 1 57 1 99 1 190 1
33 6 9 100 1 97 1 98 1 126 1 226 2 17 1 389 1 118 1 50 1
40 7 16 17 1 29 1 41 1 94 1 42 1 163 1 377 1 197 1 389 1 390 1 382 1 388 1 47 1 102 1 216 1 50 1
47 9 6 89 1 83 1 109 1 111 1 17 1 106 1
53 10 6 111 1 127 1 98 1 226 2 17 1 20 1
64 12 6 96 1 111 1 98 1 226 2 17 1 75 1
//IdTournes NbColis
18 6
//IdColis IdCommandeInColis NbProducts IdProd1 QtyProd1 IdProd2 QtyProd2 ...
70 13 7 111 1 242 1 45 1 17 1 59 2 55 1 21 1
121 23 6 111 1 242 1 98 1 226 2 17 1 55 1
140 27 10 111 1 127 1 17 1 29 1 42 1 94 1 103 1 205 1 401 1 47 1
155 30 9 17 1 42 1 29 2 41 1 94 2 75 1 218 1 205 1 184 1
160 31 8 111 1 127 1 98 1 226 1 17 1 42 1 75 1 287 1
171 33 8 226 1 17 1 29 2 41 2 254 1 94 1 73 1 121 1
//IdTournes NbColis
19 6
//IdColis IdCommandeInColis NbProducts IdProd1 QtyProd1 IdProd2 QtyProd2 ...
180 36 7 19 1 89 1 83 1 96 1 41 1 222 1 169 1
136 26 25 55 1 373 1 38 1 231 1 386 1 205 1 401 4 46 1 371 2 54 1 47 1 102 1 400 2 244 1 229 1 313 1 60 1 48 1 21 1 396 1 220 1 268 1 169 1 173 1 263 1
6 1 9 229 1 125 1 60 1 21 1 260 1 169 1 173 1 296 1 340 1
50 9 15 116 2 229 1 140 1 49 1 142 1 60 1 48 1 21 1 230 1 173 1 169 1 225 1 194 1 215 2 177 1
66 12 18 47 1 102 1 285 1 196 1 236 2 200 1 229 1 49 1 278 1 280 1 48 1 21 1 166 2 288 1 260 1 169 1 173 1 194 1
107 20 19 58 1 93 2 106 1 205 1 312 1 341 2 54 1 102 1 271 2 178 1 314 1 229 1 49 1 195 1 21 1 216 1 268 1 169 1 173 1
//IdTournes NbColis
20 6
//IdColis IdCommandeInColis NbProducts IdProd1 QtyProd1 IdProd2 QtyProd2 ...
113 21 7 60 1 48 1 21 1 288 1 202 1 349 1 356 1
122 23 21 59 2 101 1 42 1 93 1 282 1 176 1 286 1 205 1 35 1 54 2 47 1 102 1 229 1 49 1 48 1 21 1 297 1 292 1 169 1 173 1 296 1
143 28 7 91 1 92 1 108 1 109 1 41 1 274 1 21 1
166 32 18 94 1 42 1 36 1 75 1 197 2 73 1 176 1 205 1 54 1 47 1 102 1 281 1 49 1 60 1 48 1 21 1 169 1 173 1
75 14 7 111 1 97 1 221 2 22 1 58 2 241 1 356 1
116 22 8 242 1 111 1 59 1 42 1 57 1 93 1 36 1 60 1
//IdTournes NbColis
21 6
//IdColis IdCommandeInColis NbProducts IdProd1 QtyProd1 IdProd2 QtyProd2 ...
131 25 18 36 1 75 1 402 1 205 1 54 1 102 1 237 2 178 1 229 1 273 1 49 1 60 2 48 1 322 1 161 2 169 3 173 1 409 1
31 6 7 92 1 44 1 83 1 91 1 87 1 380 1 117 1
37 7 7 92 1 44 1 83 1 108 1 87 1 380 1 117 1
49 9 20 29 2 99 2 75 1 210 1 231 1 252 1 66 1 176 1 205 1 255 1 47 1 102 1 54 1 185 1 267 1 212 1 170 1 219 1 139 1 266 1
38 7 7 109 1 111 1 145 1 374 1 88 1 381 1 157 1
148 29 9 111 1 127 1 88 1 97 1 98 1 226 1 158 1 391 1 50 1
//IdTournes NbColis
22 6
//IdColis IdCommandeInColis NbProducts IdProd1 QtyProd1 IdProd2 QtyProd2 ...
145 28 15 201 1 176 1 205 1 275 1 54 1 47 1 102 1 397 1 399 1 392 1 229 1 331 1 173 1 387 1 194 1
172 33 20 42 1 75 1 129 1 176 1 232 1 205 1 256 1 54 1 47 1 102 1 196 1 266 1 229 1 48 1 213 1 202 1 181 1 233 1 169 1 78 1
144 28 9 111 1 127 1 41 1 29 1 94 1 42 1 55 1 129 1 169 1
43 8 8 89 1 83 1 44 1 109 1 94 1 259 1 172 1 263 1
84 16 7 83 1 96 1 111 1 242 1 93 1 272 1 246 1
44 8 9 111 1 127 1 42 1 29 1 41 1 47 1 102 1 219 1 263 1
//IdTournes NbColis
23 6
//IdColis IdCommandeInColis NbProducts IdProd1 QtyProd1 IdProd2 QtyProd2 ...
48 9 5 127 1 44 1 41 2 94 2 42 1
59 11 5 111 1 127 1 29 2 41 2 94 1
161 31 8 29 2 41 1 94 2 102 1 293 1 290 1 284 1 120 1
165 32 6 111 1 127 1 29 2 41 2 94 1 78 1
181 36 8 111 1 242 1 41 2 94 2 42 1 157 1 118 1 50 2
39 7 8 127 1 100 1 375 1 97 1 98 1 226 1 162 1 118 1
//IdTournes NbColis
24 6
//IdColis IdCommandeInColis NbProducts IdProd1 QtyProd1 IdProd2 QtyProd2 ...
99 19 8 111 1 221 2 226 1 97 1 98 1 58 1 208 1 78 1
154 30 7 111 1 127 1 97 1 98 1 226 2 135 1 211 1
100 19 10 58 2 243 1 42 1 93 2 99 1 188 1 85 1 276 1 222 1 305 1
11 2 20 29 1 188 1 389 1 390 1 162 1 380 1 381 1 382 1 388 1 384 1 393 1 240 1 295 1 47 1 102 1 394 1 395 1 107 1 376 1 383 1
32 6 7 108 1 109 1 146 1 148 1 95 1 381 1 76 1
26 5 5 111 1 242 1 59 2 101 2 42 1
//IdTournes NbColis
25 6
//IdColis IdCommandeInColis NbProducts IdProd1 QtyProd1 IdProd2 QtyProd2 ...
80 15 8 111 1 242 1 59 1 101 1 42 1 93 1 68 1 337 1
93 18 8 96 1 111 1 59 3 101 2 117 1 76 1 118 1 50 1
126 24 17 96 1 111 1 243 1 101 1 93 1 279 1 294 1 47 1 102 1 271 1 247 1 147 1 60 1 192 1 215 1 117 1 50 1
135 26 8 111 1 242 1 59 2 101 1 42 1 93 1 76 1 78 1
65 12 9 59 2 29 2 42 1 57 2 188 1 289 1 205 1 291 1 277 1
111 21 6 242 1 111 1 59 2 42 1 57 1 93 1
//IdTournes NbColis
26 6
//IdColis IdCommandeInColis NbProducts IdProd1 QtyProd1 IdProd2 QtyProd2 ...
20 4 7 111 1 58 1 93 1 243 1 210 1 179 3 201 3
130 25 5 111 1 242 1 57 2 59 1 93 2
86 16 9 102 1 271 1 115 1 268 1 173 1 112 1 117 1 118 1 50 1
102 19 17 307 1 165 2 167 2 223 1 164 1 168 2 181 1 202 1 216 1 248 1 161 1 169 1 172 1 173 1 191 1 192 2 203 1
77 14 8 239 1 367 1 168 1 355 1 181 1 202 1 358 1 209 1
41 7 2 183 1 191 1
//IdTournes NbColis
27 1
//IdColis IdCommandeInColis NbProducts IdProd1 QtyProd1 IdProd2 QtyProd2 ...
90 17 1 234 1
