//NbTournees
5
//IdTournes NbColis
1 6
//IdColis IdCommandeInColis NbProducts IdProd1 QtyProd1 IdProd2 QtyProd2 ...
10 4 26 133 2 245 1 189 1 65 1 253 1 254 1 110 1 56 1 227 1 29 1 71 1 238 1 108 1 225 1 205 1 35 1 46 1 130 1 64 1 84 1 185 1 57 2 59 3 76 3 121 2 13 1
12 5 28 55 1 73 1 85 1 127 1 123 1 23 1 79 1 111 1 144 1 60 1 97 1 19 1 116 1 99 1 56 1 50 1 142 1 82 1 87 1 91 1 104 1 112 1 88 1 61 1 109 1 70 1 3 1 33 1
16 7 19 264 1 73 1 92 1 68 1 93 1 236 1 102 1 218 1 81 1 100 1 119 2 219 1 222 1 144 1 216 1 69 1 239 1 60 1 56 1
6 2 19 57 1 59 1 76 2 121 2 13 1 31 1 129 1 34 1 37 2 39 1 22 2 139 1 138 2 143 1 40 1 147 2 33 4 1 2 20 5
8 3 23 46 1 72 1 109 1 131 1 190 1 185 1 57 1 59 1 76 1 121 1 172 1 34 1 37 2 39 1 22 1 194 1 200 1 45 1 201 1 9 1 33 5 2 5 198 1
19 8 25 73 1 75 1 136 1 126 1 133 2 105 1 134 1 132 1 142 2 88 1 106 1 130 1 145 1 57 1 59 2 76 2 121 2 22 2 34 1 37 2 39 1 143 2 1 3 2 4 33 4
//IdTournes NbColis
2 6
//IdColis IdCommandeInColis NbProducts IdProd1 QtyProd1 IdProd2 QtyProd2 ...
21 9 27 73 1 86 1 120 1 78 1 103 1 125 1 111 1 135 1 148 1 113 1 149 1 88 1 77 1 26 2 57 1 59 1 76 1 121 1 22 2 34 1 37 2 39 1 141 1 137 1 138 1 2 5 33 5
22 10 35 182 1 85 1 47 1 103 1 192 1 174 1 188 1 191 1 133 1 187 1 158 1 168 1 112 1 205 1 109 1 145 1 57 1 59 1 76 1 121 1 22 1 34 1 37 2 39 1 141 1 197 1 143 2 199 2 209 1 208 1 3 1 193 1 1 1 20 5 33 5
24 11 18 206 1 176 1 187 1 112 1 173 1 28 1 57 1 59 1 76 1 121 1 22 1 34 1 37 2 39 1 196 1 3 1 2 4 33 4
30 13 34 158 1 289 1 268 1 276 1 291 1 259 1 29 1 149 1 296 1 266 1 270 1 87 1 104 1 112 1 238 1 269 1 108 1 225 1 277 1 35 2 131 1 242 1 288 1 260 1 294 1 52 1 59 3 76 3 121 3 13 1 297 1 41 1 22 1 198 1
17 7 26 97 2 210 1 98 1 228 1 203 1 19 1 215 1 232 1 254 1 89 1 99 1 71 1 96 2 62 1 88 1 72 1 106 1 58 1 70 1 145 1 59 3 76 3 121 3 262 1 250 1 263 1
3 1 32 224 1 226 1 233 1 235 1 240 1 131 1 242 1 70 1 52 1 59 3 76 3 121 3 223 1 172 1 38 1 22 2 34 1 39 1 51 2 44 1 21 1 138 2 143 1 45 1 32 1 3 1 213 1 9 1 1 2 2 3 20 2 33 5
//IdTournes NbColis
3 6
//IdColis IdCommandeInColis NbProducts IdProd1 QtyProd1 IdProd2 QtyProd2 ...
5 2 25 124 1 14 1 47 2 119 1 24 1 117 1 4 1 95 1 19 1 67 1 74 1 133 1 146 1 128 1 134 1 114 1 104 1 101 1 88 1 72 1 122 1 131 1 52 1 59 1 33 1
13 5 14 59 1 76 1 121 1 30 1 48 1 63 1 34 1 37 2 39 1 22 2 140 1 33 4 1 2 2 5
14 6 24 53 1 207 1 25 1 73 1 92 1 178 1 150 1 100 1 119 1 160 1 181 1 97 1 203 1 187 1 104 1 35 1 46 1 26 1 109 1 190 1 204 1 70 1 59 1 33 1
15 6 11 59 1 76 2 121 2 13 1 195 2 34 1 37 2 39 1 22 2 33 4 2 5
26 12 36 135 1 19 1 258 1 155 1 8 1 255 1 259 1 29 1 266 1 112 1 101 1 238 1 108 1 72 1 61 1 256 1 153 1 64 1 70 1 260 1 261 1 52 1 59 2 76 2 121 2 251 1 246 2 22 2 34 1 37 2 39 1 137 1 138 1 200 1 20 2 33 5
2 1 25 221 1 60 1 97 1 159 1 98 1 133 2 6 1 158 2 8 1 89 1 71 1 104 2 163 2 96 1 238 1 108 1 72 1 5 1 7 1 28 2 61 1 211 1 106 1 70 1 1 1
//IdTournes NbColis
4 6
//IdColis IdCommandeInColis NbProducts IdProd1 QtyProd1 IdProd2 QtyProd2 ...
25 12 22 171 1 183 1 229 1 179 2 166 1 257 1 120 1 184 1 78 1 162 1 123 1 111 1 244 1 243 1 60 1 97 1 165 1 237 1 191 1 133 2 180 1 20 3
29 13 23 272 1 275 1 103 1 36 1 278 1 221 1 281 1 290 1 60 1 273 2 97 2 117 1 274 1 282 1 175 1 283 1 284 1 285 1 19 1 189 1 158 1 286 1 3 1
9 4 23 94 1 92 1 229 1 234 1 83 1 47 1 241 1 120 1 184 1 80 1 12 1 107 2 118 1 220 1 221 1 252 1 90 1 97 1 98 1 115 1 66 1 9 1 33 1
1 1 18 92 1 156 1 161 1 14 2 154 1 217 1 157 1 231 1 151 1 164 1 36 2 212 2 230 1 17 1 18 1 152 1 214 1 10 1
7 3 24 54 1 73 1 127 1 170 1 43 1 151 1 36 2 167 1 27 1 11 1 202 1 169 1 186 1 16 1 175 1 177 1 133 1 15 1 189 1 42 1 142 1 88 1 108 1 49 1
28 13 17 94 1 295 1 302 1 92 1 156 1 161 1 234 1 217 1 293 1 301 2 47 1 280 1 43 2 279 1 271 1 272 1 213 1
//IdTournes NbColis
5 3
//IdColis IdCommandeInColis NbProducts IdProd1 QtyProd1 IdProd2 QtyProd2 ...
11 4 19 121 1 30 1 250 1 41 1 49 1 34 1 37 2 39 1 22 2 140 1 138 1 143 2 200 1 32 1 249 1 247 1 33 4 1 3 20 5
18 7 15 265 1 267 1 22 2 34 1 37 2 39 1 138 1 143 2 200 1 248 1 193 1 1 1 198 1 20 5 33 5
31 13 19 22 1 34 1 37 2 39 1 300 1 194 3 137 1 138 1 200 1 287 1 298 1 305 1 209 1 304 1 303 1 299 1 20 5 292 1 33 5
