//NbTournees
6
//IdTournes NbColis
1 6
//IdColis IdCommandeInColis NbProducts IdProd1 QtyProd1 IdProd2 QtyProd2 ...
4 2 24 65 1 47 1 52 1 108 1 147 1 160 1 27 1 28 1 33 1 150 1 39 1 43 2 54 1 55 1 56 1 62 2 67 1 107 1 111 1 166 1 51 1 21 2 106 1 143 1
11 4 25 81 1 57 1 91 1 82 1 93 2 28 1 33 1 83 2 41 1 48 1 54 1 55 1 62 1 69 1 56 1 73 1 63 1 30 1 106 1 127 1 161 1 94 1 184 1 68 1 72 1
17 6 28 97 1 9 1 179 1 68 1 136 1 144 1 148 1 153 1 125 1 133 1 29 1 134 1 142 1 152 1 157 1 158 1 137 1 59 1 71 1 76 1 86 1 89 1 90 1 117 1 151 1 154 1 45 1 109 1
27 11 21 65 1 118 1 128 1 57 1 228 1 233 1 225 1 155 1 126 1 129 1 114 1 122 1 132 1 28 1 33 1 156 1 41 1 48 1 54 1 110 1 138 1
24 10 10 112 1 130 1 131 2 223 1 65 1 118 1 128 1 224 1 160 1 129 1
20 8 26 113 1 180 1 47 1 26 1 126 1 129 1 28 1 33 1 48 2 41 1 54 1 170 1 51 1 10 1 187 1 68 2 136 1 141 1 144 1 148 1 153 1 125 1 133 1 159 1 134 1 142 1
//IdTournes NbColis
2 6
//IdColis IdCommandeInColis NbProducts IdProd1 QtyProd1 IdProd2 QtyProd2 ...
9 3 30 63 1 195 1 127 1 140 1 10 1 215 1 94 2 214 1 74 1 136 1 144 1 148 2 153 2 125 1 133 2 29 1 188 1 189 1 134 2 142 2 152 2 158 1 164 2 137 1 105 1 59 1 71 2 76 1 210 1 86 2
18 7 27 79 1 128 1 199 1 212 1 191 1 122 1 28 1 33 1 48 1 41 1 54 1 46 1 73 1 63 1 68 1 136 1 144 1 148 1 153 1 125 1 133 1 159 1 189 1 134 1 142 1 152 2 157 2
25 10 31 115 1 132 1 28 1 33 1 41 1 48 1 54 1 67 1 55 1 56 1 62 1 204 1 73 1 63 1 127 1 116 1 119 1 10 1 68 1 72 1 136 1 144 1 148 1 153 1 125 1 133 1 159 1 120 1 134 1 142 1 152 1
3 1 12 71 1 86 2 89 1 90 1 92 2 210 1 59 1 76 1 117 1 151 2 154 2 95 1
5 2 34 99 1 103 1 25 1 136 1 144 1 148 1 153 1 125 1 133 1 2 1 134 2 139 1 142 2 152 2 158 1 164 2 167 2 137 1 105 1 59 1 76 1 71 2 86 3 89 1 90 1 117 1 151 2 154 2 23 1 234 1 6 1 15 1 24 1 168 1
10 3 16 86 1 89 1 90 1 92 2 117 1 151 2 154 2 45 1 217 1 211 1 87 1 208 1 32 1 37 1 3 1 77 1
//IdTournes NbColis
3 6
//IdColis IdCommandeInColis NbProducts IdProd1 QtyProd1 IdProd2 QtyProd2 ...
12 4 40 171 1 136 1 144 1 148 1 153 1 125 1 133 1 64 1 120 1 134 1 142 1 152 2 157 2 158 1 165 1 137 1 59 1 71 1 76 1 86 2 89 1 90 1 117 1 151 2 154 1 162 1 176 1 175 1 169 1 185 1 80 1 172 1 183 1 84 1 87 1 177 1 174 1 181 1 37 1 173 1
14 5 30 78 1 190 1 28 1 33 1 43 1 39 1 54 1 202 1 62 1 67 1 55 1 56 1 204 1 21 1 63 1 30 1 127 1 143 3 74 1 136 1 144 1 148 1 153 1 125 1 133 1 159 1 207 1 134 1 142 1 152 2
15 5 22 158 1 164 2 137 1 59 1 71 1 76 1 86 2 89 1 90 1 92 1 117 1 151 2 154 1 50 1 85 2 88 1 84 1 87 1 174 1 220 1 221 1 77 1
19 7 18 158 1 137 1 59 1 71 1 76 1 86 2 89 1 90 1 117 1 151 2 154 1 20 1 95 1 217 1 209 1 104 1 53 1 174 1
21 8 16 152 1 157 1 158 1 137 1 105 1 59 1 71 1 76 1 86 1 89 1 90 1 117 1 151 1 154 1 96 5 181 1
23 9 13 89 1 90 1 59 1 117 1 151 1 154 1 218 1 206 1 219 1 216 1 11 2 34 1 101 1
//IdTournes NbColis
4 6
//IdColis IdCommandeInColis NbProducts IdProd1 QtyProd1 IdProd2 QtyProd2 ...
26 10 19 158 1 164 1 137 1 71 1 86 1 89 1 90 1 92 1 59 1 76 1 117 1 151 1 154 1 226 1 84 1 227 1 87 1 229 1 232 1
28 11 36 73 1 30 1 63 1 124 1 99 1 119 1 68 2 72 1 74 2 136 1 144 1 148 1 153 1 125 1 133 1 2 1 134 1 142 1 152 2 158 1 164 2 137 1 59 1 71 2 76 1 117 1 151 2 154 1 23 1 183 1 95 1 96 1 217 1 230 1 174 1 231 1
30 12 32 180 1 57 1 197 1 192 1 132 1 28 1 33 1 156 1 41 1 48 1 54 1 203 1 136 1 144 1 148 1 153 1 125 1 133 1 134 1 142 1 152 1 157 1 158 1 167 1 137 1 59 1 71 1 76 1 117 1 151 1 154 1 183 1
34 13 31 64 2 134 2 142 2 152 2 158 2 164 2 137 2 59 1 71 2 76 1 86 3 89 1 90 1 92 2 117 2 151 2 154 2 176 1 254 1 15 1 256 1 20 1 253 1 183 1 255 1 261 2 238 1 85 1 104 1 248 2 258 1
1 1 19 60 1 12 1 42 1 118 1 52 2 1 1 26 1 19 1 5 1 28 1 33 1 39 1 43 2 54 1 201 1 55 1 56 1 62 2 11 1
7 3 16 60 1 75 2 79 2 47 2 52 1 57 1 58 1 70 1 235 1 129 1 192 1 213 1 17 1 28 1 33 1 205 1
//IdTournes NbColis
5 6
//IdColis IdCommandeInColis NbProducts IdProd1 QtyProd1 IdProd2 QtyProd2 ...
32 13 19 237 1 65 1 246 1 79 1 52 1 57 1 233 1 235 1 182 1 93 1 28 1 33 1 245 1 242 2 41 1 48 2 54 2 201 1 2 1
2 1 30 67 1 194 1 193 1 51 2 98 1 30 1 127 1 7 1 44 2 4 1 222 1 119 1 9 1 68 1 74 1 136 1 144 1 31 1 148 1 153 1 125 1 133 1 159 1 134 2 142 2 152 2 158 1 164 2 137 1 71 1
6 2 19 8 1 20 1 135 1 145 1 149 1 121 1 146 1 85 1 22 1 53 1 13 1 34 1 49 1 163 1 18 1 36 1 40 2 3 1 77 1
33 13 28 241 1 55 2 56 1 62 2 67 1 194 1 243 1 239 1 240 1 30 1 63 1 103 1 10 1 187 1 244 1 178 1 68 2 72 2 247 2 136 1 144 1 249 1 251 1 148 2 153 2 125 1 133 2 159 1
16 6 24 60 1 186 1 79 1 81 1 70 1 58 1 182 1 28 1 33 1 123 1 48 1 41 1 54 1 62 1 67 1 100 1 55 1 56 1 46 1 63 1 140 2 99 1 103 1 178 1
22 9 29 196 1 12 1 52 1 102 1 198 1 28 1 33 1 41 1 48 1 54 1 200 1 73 1 63 1 103 1 136 1 144 1 148 1 153 1 125 1 133 1 134 1 142 1 152 1 157 1 158 1 137 1 71 1 76 1 86 1
//IdTournes NbColis
6 2
//IdColis IdCommandeInColis NbProducts IdProd1 QtyProd1 IdProd2 QtyProd2 ...
8 3 17 33 1 16 1 39 2 43 3 54 2 61 1 14 1 55 2 56 2 62 3 66 1 67 2 236 2 38 1 35 1 46 1 30 1
35 13 10 22 1 259 1 177 3 252 1 101 1 37 1 260 1 250 2 257 1 77 1
