//NbTournees
24
//IdTournes NbColis
1 6
//IdColis IdCommandeInColis NbProducts IdProd1 QtyProd1 IdProd2 QtyProd2 ...
55 20 23 14 1 110 1 218 1 120 1 113 1 428 1 417 1 420 2 437 1 441 1 449 1 455 1 93 1 343 1 356 1 131 1 176 2 47 1 247 1 134 1 238 1 429 1 171 1
64 24 16 427 1 423 2 347 1 452 1 430 1 459 1 466 1 417 1 421 1 26 1 221 1 180 1 51 1 454 1 366 1 362 1
72 28 21 418 1 453 1 112 1 206 1 125 1 153 1 437 1 32 1 449 1 226 1 133 1 141 1 462 1 47 1 51 1 213 1 111 2 424 1 138 1 147 1 280 1
88 36 8 96 1 78 1 417 1 326 1 209 1 439 1 116 1 169 1
51 18 26 155 1 144 1 154 1 393 1 458 1 255 1 88 1 178 1 444 1 220 1 306 1 390 1 419 1 378 1 274 1 285 1 383 1 426 1 443 1 457 1 165 1 328 1 194 1 196 2 447 1 384 2
89 37 36 449 1 221 1 460 1 442 1 111 1 244 2 216 1 119 1 139 1 465 1 147 1 155 3 435 1 117 2 130 1 152 1 88 1 464 1 270 1 95 1 463 1 371 1 419 1 245 1 271 1 187 1 467 1 468 1 259 1 469 1 392 1 250 1 361 1 276 1 273 3 341 1
//IdTournes NbColis
2 6
//IdColis IdCommandeInColis NbProducts IdProd1 QtyProd1 IdProd2 QtyProd2 ...
59 21 30 354 1 247 2 99 1 142 1 238 1 424 1 54 1 494 1 126 1 284 1 373 1 115 1 154 1 246 1 344 1 346 1 88 1 362 1 371 1 470 1 500 1 358 1 274 1 360 1 283 1 20 1 364 1 280 1 281 1 273 1
86 35 26 506 1 385 3 420 1 41 1 479 1 486 1 493 1 94 1 501 1 133 1 497 1 179 1 49 1 352 1 481 1 445 1 492 1 175 1 97 1 496 1 119 1 138 1 152 1 346 1 87 1 128 1
91 38 33 120 1 504 2 173 1 487 1 488 1 85 1 81 1 94 1 151 1 141 1 442 1 295 1 475 1 477 1 70 1 471 1 119 1 391 1 89 1 152 1 178 1 470 1 359 1 166 1 388 1 489 1 474 1 35 1 252 1 447 1 184 1 509 1 330 1
93 39 22 473 1 78 1 243 1 472 1 476 1 442 1 484 1 216 1 119 1 505 1 138 1 511 1 332 1 152 1 470 1 306 1 166 1 512 1 250 1 330 1 256 1 192 1
82 33 22 18 1 74 1 351 1 495 1 499 1 102 1 96 1 206 1 421 1 38 1 480 1 455 1 409 1 478 1 209 1 141 1 217 1 502 1 442 1 126 1 311 1 166 1
94 40 10 485 1 421 1 33 1 442 1 510 1 503 1 498 1 240 1 194 1 164 1
//IdTournes NbColis
3 6
//IdColis IdCommandeInColis NbProducts IdProd1 QtyProd1 IdProd2 QtyProd2 ...
95 41 31 98 1 156 1 170 1 131 1 414 1 442 1 51 1 134 1 97 1 552 1 556 1 564 1 88 1 346 1 348 1 128 1 523 1 337 1 135 1 525 1 100 1 67 1 513 1 531 1 318 1 259 1 539 1 361 1 185 1 190 1 341 1
1 1 16 1 1 56 1 14 1 275 1 46 1 200 1 110 1 120 1 233 1 86 1 153 1 101 1 229 1 232 1 141 1 157 1
2 1 38 47 1 49 1 40 1 54 1 2 1 204 1 126 1 139 1 284 1 43 1 60 1 68 1 154 2 255 1 260 1 64 1 234 1 128 1 269 1 5 1 77 1 27 1 274 1 22 1 65 1 286 1 42 1 59 1 73 2 257 1 259 1 249 1 253 1 264 2 279 1 196 1 181 1 276 1
96 42 27 74 1 222 1 129 1 473 1 275 1 472 1 530 1 49 1 213 1 175 1 97 1 548 1 119 1 554 1 152 1 555 1 514 1 566 1 306 1 534 1 517 1 39 1 73 1 318 1 406 1 181 1 273 1
6 2 26 44 1 37 1 791 1 25 1 236 1 799 1 3 1 782 1 133 1 47 1 49 1 781 1 665 1 216 1 119 1 700 1 152 1 255 1 792 1 31 1 245 1 19 1 797 1 20 1 249 1 181 1
9 3 32 57 1 58 1 76 1 221 1 241 1 151 1 212 1 205 1 208 1 62 1 47 1 49 1 235 1 247 1 134 1 53 1 106 1 126 1 231 1 139 1 150 1 263 1 154 1 50 1 246 1 77 1 4 1 261 1 29 1 35 1 73 1 264 1
//IdTournes NbColis
4 6
//IdColis IdCommandeInColis NbProducts IdProd1 QtyProd1 IdProd2 QtyProd2 ...
12 4 32 85 1 123 2 148 1 93 1 133 1 141 2 176 1 47 1 111 1 134 2 142 1 70 1 137 1 121 1 126 1 138 1 147 2 154 1 124 1 5 1 31 1 166 1 159 1 187 1 67 1 177 1 71 1 36 1 69 1 73 1 189 1 167 1
20 7 34 97 1 126 1 147 1 583 1 130 2 144 1 146 1 154 1 168 1 124 1 149 1 163 1 5 1 100 1 516 1 71 1 73 1 199 1 162 1 165 2 392 1 184 1 196 2 272 2 181 1 183 1 185 1 190 1 395 1 160 1 164 1 191 1 192 1 273 1
32 11 40 111 1 445 1 70 2 565 1 83 1 126 2 145 1 536 1 89 1 115 1 117 1 146 1 154 1 540 1 116 1 149 1 178 1 365 1 362 1 77 1 4 1 135 1 390 1 283 1 19 1 171 1 422 1 474 1 546 1 468 1 169 1 533 1 172 1 447 1 542 1 562 1 560 1 160 1 559 1 563 1
71 27 22 237 1 134 1 202 1 97 1 391 1 126 1 398 1 114 1 154 1 393 1 88 1 128 1 463 1 5 1 377 1 516 1 579 1 73 2 165 1 381 1 258 1 395 1
77 30 12 114 1 152 1 532 1 234 1 380 1 4 1 306 1 516 1 258 1 280 1 181 1 395 1
98 43 30 222 1 520 1 557 1 174 1 94 1 122 1 551 1 442 1 49 1 51 1 126 1 150 1 143 1 114 1 130 1 154 1 168 1 543 1 549 1 88 1 561 1 4 1 541 1 333 1 253 1 330 1 164 1 563 1 276 1 192 1
//IdTournes NbColis
5 6
//IdColis IdCommandeInColis NbProducts IdProd1 QtyProd1 IdProd2 QtyProd2 ...
100 44 15 5 1 547 1 518 1 19 1 483 1 249 1 253 1 704 1 272 1 280 2 196 1 267 2 281 1 192 1 273 1
101 45 21 520 1 574 1 581 1 486 1 538 1 528 1 442 1 49 1 137 1 589 1 119 2 138 1 5 1 285 1 282 1 571 1 588 1 165 1 363 1 160 1 256 1
102 46 30 584 1 118 1 459 1 449 1 236 1 596 1 179 1 442 1 51 1 134 1 142 1 548 1 119 1 150 1 68 1 152 1 393 1 379 1 365 1 5 1 254 1 434 1 319 1 188 2 447 1 281 1 384 1 597 1 273 2 341 3
104 47 29 105 1 591 1 218 1 233 1 466 1 568 1 593 1 586 1 592 1 205 1 232 1 287 1 528 1 442 1 49 1 51 1 295 2 573 1 585 1 126 1 114 1 154 1 350 1 5 1 578 1 333 1 249 1 384 1 402 1
14 5 15 10 1 6 1 74 1 222 1 118 1 299 1 13 1 23 1 33 1 34 1 38 1 41 1 75 1 58 1 696 1
34 12 13 575 1 6 1 222 1 112 1 201 1 109 1 90 1 113 2 13 2 441 1 57 1 82 1 91 1
//IdTournes NbColis
6 6
//IdColis IdCommandeInColis NbProducts IdProd1 QtyProd1 IdProd2 QtyProd2 ...
106 48 15 299 1 598 1 236 1 478 1 528 1 442 1 49 1 51 2 119 1 150 2 152 1 334 1 165 3 253 4 621 2
66 25 23 584 1 105 1 619 1 103 1 153 1 113 1 472 1 345 1 82 1 209 1 179 1 51 1 289 1 134 1 202 1 213 1 70 2 615 1 616 1 494 1 126 2 115 1 154 1
107 49 26 18 1 325 1 218 1 472 1 604 1 304 1 123 1 81 1 497 1 442 1 49 1 295 1 142 1 613 1 216 1 605 1 624 1 163 1 600 1 371 1 622 1 390 1 601 1 404 1 338 1 330 1
108 50 23 78 1 472 1 30 1 288 1 47 1 126 1 138 1 60 1 114 1 154 1 108 1 623 1 617 1 28 1 612 1 614 1 467 1 533 1 186 1 250 1 330 2 185 1 341 1
109 51 30 125 1 472 1 602 1 436 1 530 1 449 1 221 1 232 1 287 1 620 1 528 1 442 1 49 1 51 1 618 1 126 1 139 1 625 1 583 1 225 1 154 1 566 1 203 1 360 1 467 1 406 1 169 1 167 1 447 1 281 1
56 20 40 433 1 438 1 445 1 446 1 70 1 175 1 294 1 121 1 126 1 138 1 145 1 353 1 147 1 155 1 456 1 154 1 168 1 458 1 255 1 116 1 124 1 348 1 350 1 220 1 166 1 254 2 425 1 388 1 293 1 322 1 422 1 426 1 73 2 315 1 334 1 165 1 167 1 361 1 363 1 267 2
//IdTournes NbColis
7 6
//IdColis IdCommandeInColis NbProducts IdProd1 QtyProd1 IdProd2 QtyProd2 ...
40 14 26 211 1 223 1 215 1 242 1 214 1 206 1 233 1 243 1 599 1 449 1 81 1 209 1 219 1 226 1 224 1 176 1 134 1 615 1 366 1 126 1 24 1 154 1 265 1 228 1 149 1 240 1
52 19 18 490 1 606 1 298 1 206 1 610 1 86 1 599 1 174 1 291 1 141 1 309 1 331 1 528 2 442 1 49 1 51 1 611 1 245 1
111 52 32 105 1 78 1 568 1 599 1 630 1 631 1 32 1 647 1 93 1 229 1 643 1 21 1 445 1 119 1 231 1 627 1 634 1 648 1 152 1 649 1 346 1 149 2 641 1 163 1 27 1 626 1 69 1 73 1 165 2 167 1 248 1 181 1
5 2 13 450 1 642 1 544 1 18 1 793 1 14 1 636 1 118 1 78 1 218 1 299 1 8 1 7 1
18 6 20 220 1 227 1 245 1 274 1 271 1 268 1 285 1 283 3 282 1 9 1 39 1 277 1 252 1 272 1 280 1 196 2 267 1 190 1 256 1 273 1
79 31 24 121 1 126 1 43 1 154 1 220 2 377 1 601 1 534 1 48 1 403 1 283 1 9 1 426 1 39 1 546 1 394 1 253 1 258 2 182 1 340 1 196 1 181 1 402 1 273 1
//IdTournes NbColis
8 6
//IdColis IdCommandeInColis NbProducts IdProd1 QtyProd1 IdProd2 QtyProd2 ...
113 53 16 292 1 631 1 33 1 638 1 497 1 629 1 442 1 521 1 207 1 346 1 365 1 482 1 9 1 628 1 653 1 181 1
114 54 24 633 1 56 1 495 1 120 1 436 1 41 1 530 1 82 1 462 1 573 1 119 1 114 1 152 1 128 1 371 1 566 1 285 1 314 1 9 1 36 1 406 1 327 1 280 1 281 1
116 55 25 642 1 587 1 652 1 215 1 120 1 602 1 441 1 650 1 651 1 643 1 442 1 119 1 147 2 150 2 144 1 152 1 532 1 128 1 163 1 135 1 639 1 518 1 9 1 588 1 447 1
118 56 27 633 1 452 1 242 1 671 1 218 1 120 1 663 1 33 1 51 1 244 1 654 1 294 1 126 1 139 1 144 1 154 1 677 1 670 1 576 1 516 1 73 3 588 1 165 1 253 1 250 1 340 1 185 1
11 4 11 10 1 794 1 16 1 61 1 14 1 78 1 86 1 26 1 72 1 82 1 24 1
74 29 18 10 1 63 1 636 1 105 1 499 2 78 1 666 1 221 1 132 1 232 1 141 1 644 1 219 1 217 1 176 1 179 1 659 1 528 1
//IdTournes NbColis
9 6
//IdColis IdCommandeInColis NbProducts IdProd1 QtyProd1 IdProd2 QtyProd2 ...
120 57 41 125 1 13 1 537 1 672 1 174 1 131 1 232 1 528 1 442 1 111 1 660 1 658 1 290 1 119 1 147 1 332 1 225 1 152 1 657 1 605 1 678 1 399 1 601 1 283 1 669 1 20 1 474 1 664 1 69 1 329 1 469 1 165 2 167 1 542 1 272 1 194 1 560 1 190 1 195 1 563 1 192 1
122 58 31 98 1 92 2 96 1 120 1 44 1 661 1 674 1 209 1 133 1 49 1 673 1 352 1 668 1 126 1 143 1 154 1 667 1 149 1 444 2 500 1 220 1 601 1 655 1 547 1 71 1 28 1 546 1 588 1 675 1 250 1 258 1
99 44 25 495 2 750 1 102 1 125 1 522 1 527 1 221 1 151 1 515 1 47 1 51 1 111 1 134 1 244 2 545 1 552 1 126 1 751 1 521 1 154 1 393 1 458 1 624 1 301 1 307 1
16 5 26 177 1 388 1 800 1 12 1 333 1 317 1 11 1 28 2 36 1 73 3 329 1 315 1 318 1 392 1 327 1 258 1 262 1 509 1 194 1 330 1 190 1 281 1 256 2 276 1 192 1 273 3
35 12 32 221 1 230 1 151 1 131 1 157 1 179 1 572 1 47 1 51 2 595 1 213 1 111 1 134 1 244 2 21 1 445 1 494 1 216 1 126 1 117 1 146 1 154 2 77 1 220 1 425 1 576 1 570 1 594 1 11 1 468 1 334 1 267 1
124 59 26 636 1 495 1 112 1 619 1 466 1 674 1 179 1 680 1 438 1 175 1 456 1 147 1 662 1 286 1 11 1 635 1 277 1 186 1 182 1 267 1 281 1 160 1 164 1 597 1 563 1 192 1
//IdTournes NbColis
10 6
//IdColis IdCommandeInColis NbProducts IdProd1 QtyProd1 IdProd2 QtyProd2 ...
125 60 20 63 1 82 1 442 1 49 1 136 1 484 1 585 1 366 1 665 1 648 1 355 1 149 1 681 1 337 1 359 1 679 1 11 1 73 3 676 1 165 1
126 61 32 218 1 693 1 230 1 212 1 460 1 442 1 126 1 139 1 145 1 150 1 682 1 154 1 532 1 255 2 543 1 234 1 31 1 285 1 434 1 684 1 635 1 614 1 411 1 249 1 188 1 704 1 161 1 196 1 395 1 256 1 192 1 273 1
127 62 16 452 1 694 1 701 1 224 1 49 1 697 1 465 1 682 1 300 1 388 1 171 1 571 1 689 1 249 1 253 1 273 1
44 16 37 492 1 70 2 83 1 290 1 126 2 147 1 150 2 155 1 251 1 607 1 68 1 89 1 225 1 154 2 458 1 300 1 641 1 87 1 95 2 128 1 337 1 444 1 425 1 67 1 531 1 319 1 20 1 635 1 42 1 73 1 277 1 334 1 328 1 340 1 279 1 267 1 281 2
61 22 16 695 1 690 1 79 1 206 1 13 1 685 1 574 1 441 1 221 1 345 1 236 1 180 1 151 1 91 2 49 1 128 1
128 63 27 102 1 696 1 326 1 133 1 51 1 698 1 699 1 142 1 692 1 147 1 332 1 114 1 130 1 152 1 227 1 377 1 271 1 702 1 516 1 286 1 489 1 171 1 703 1 323 1 411 1 340 1 256 1
//IdTournes NbColis
11 6
//IdColis IdCommandeInColis NbProducts IdProd1 QtyProd1 IdProd2 QtyProd2 ...
129 64 27 495 1 688 1 13 1 23 1 683 1 229 1 219 1 141 1 686 1 528 1 442 1 237 1 697 1 119 2 150 1 700 1 332 1 152 1 168 1 393 1 623 1 508 1 635 1 42 1 334 1 249 1 181 1
67 25 17 603 1 234 1 365 1 350 1 163 1 359 1 500 1 203 1 426 1 39 2 546 1 73 1 165 1 361 1 196 2 192 1 273 1
130 65 20 63 1 349 1 229 1 297 1 111 1 244 1 585 1 715 1 106 1 465 1 255 1 681 1 426 1 323 1 542 1 258 1 509 1 267 1 195 1 384 1
131 66 32 491 1 636 1 717 1 110 1 93 1 501 1 558 1 442 1 238 1 660 1 708 1 145 1 332 1 144 1 270 1 269 1 362 1 220 1 388 1 711 1 426 1 517 1 632 1 579 1 539 1 249 1 193 1 722 1 621 1 340 1 256 1 273 1
75 29 18 442 1 51 1 126 1 130 1 146 1 154 1 656 1 379 1 358 1 227 3 448 1 286 1 315 1 169 1 392 1 280 1 382 1 256 1
133 67 30 693 1 529 1 30 1 528 1 49 1 235 1 202 1 84 1 142 1 706 1 445 1 446 1 692 1 97 1 150 1 155 1 115 1 393 1 656 1 178 1 163 1 271 1 383 1 368 1 404 1 474 1 635 1 196 1 256 1 341 1
//IdTournes NbColis
12 6
//IdColis IdCommandeInColis NbProducts IdProd1 QtyProd1 IdProd2 QtyProd2 ...
8 3 14 15 1 66 1 63 1 14 1 92 1 105 1 140 1 102 1 118 1 78 1 153 1 30 1 33 1 248 1
43 16 19 687 1 16 1 63 1 74 1 14 1 691 1 85 1 123 1 302 1 174 1 131 1 232 1 310 1 640 1 47 1 305 1 134 1 142 1 484 1
46 17 16 705 1 14 1 308 1 96 2 292 1 107 1 153 1 210 1 23 1 436 1 574 1 487 2 455 1 221 1 236 1 293 1
49 18 14 66 1 450 1 14 1 440 1 451 1 92 1 389 1 90 1 218 2 125 1 127 1 299 1 303 1 311 1
68 26 19 15 1 14 1 102 1 459 1 153 1 729 1 527 1 58 1 241 1 236 1 356 1 133 1 141 2 478 1 725 1 91 1 497 1 176 1 49 1
80 32 19 633 1 14 1 349 1 78 2 645 1 466 1 243 1 487 1 85 1 647 1 180 1 91 1 643 1 400 1 49 1 136 1 295 1 660 1 147 1
//IdTournes NbColis
13 6
//IdColis IdCommandeInColis NbProducts IdProd1 QtyProd1 IdProd2 QtyProd2 ...
134 68 11 14 1 716 1 535 1 442 1 142 1 710 1 718 1 707 1 458 1 621 1 509 1
135 69 27 14 1 218 1 33 1 123 1 81 1 229 1 720 1 387 1 640 1 680 1 659 1 528 1 442 1 21 1 150 1 713 1 159 1 388 1 709 1 489 1 317 1 719 1 36 1 443 1 249 1 185 1 191 1
4 2 6 15 1 575 1 795 1 17 1 66 1 43 1
21 8 13 15 1 450 1 727 1 587 2 92 1 118 1 78 1 120 1 113 1 33 1 441 1 449 1 143 1
58 21 12 490 1 15 1 491 1 351 1 349 1 292 1 206 1 81 1 131 1 442 1 49 1 482 1
84 34 22 15 1 275 1 105 1 79 1 206 1 693 2 630 1 734 1 49 1 235 1 142 1 366 1 391 1 284 1 216 1 119 1 150 1 263 1 311 1 225 1 152 1 365 1
//IdTournes NbColis
14 6
//IdColis IdCommandeInColis NbProducts IdProd1 QtyProd1 IdProd2 QtyProd2 ...
136 70 20 705 1 733 1 105 1 524 1 62 1 528 1 49 1 723 1 438 1 147 1 735 1 68 1 393 1 681 1 100 1 737 1 392 1 736 1 382 1 738 1
76 30 21 16 1 544 1 222 1 550 1 173 1 385 1 524 1 527 1 151 1 209 1 232 1 558 1 528 1 47 1 49 1 553 1 134 1 213 1 111 1 284 1 119 1
38 13 32 219 2 141 1 133 1 387 1 217 1 659 1 442 1 202 1 99 1 213 2 142 1 134 1 660 1 445 1 615 1 126 1 139 1 391 1 625 1 751 1 700 1 207 1 114 1 225 2 154 1 124 1 371 1 566 1 166 1 71 1 20 1 36 1
41 14 16 220 1 203 1 254 1 257 1 20 1 632 1 635 1 42 1 169 1 266 1 188 1 250 1 258 1 262 1 281 1 256 1
47 17 37 236 1 288 1 94 1 209 1 287 1 297 1 528 1 51 1 289 1 213 1 134 1 70 1 175 1 126 1 138 1 155 1 665 1 625 1 332 1 154 1 265 1 712 1 307 1 234 1 166 1 296 1 20 1 73 1 315 1 318 1 323 1 467 1 539 1 714 1 721 1 384 1 191 1
137 71 32 642 1 210 1 688 1 604 1 520 1 574 1 221 1 728 1 209 1 217 1 442 1 49 1 235 1 366 1 231 1 146 1 50 1 732 1 124 1 396 1 724 1 187 1 177 1 570 1 383 1 20 1 329 1 259 1 653 1 249 1 258 2 267 1
//IdTournes NbColis
15 6
//IdColis IdCommandeInColis NbProducts IdProd1 QtyProd1 IdProd2 QtyProd2 ...
15 5 30 796 1 55 1 81 1 229 1 326 1 409 1 209 1 217 1 51 1 798 1 134 1 21 1 492 1 70 1 97 1 52 1 216 2 126 2 145 1 143 1 114 1 154 2 246 1 88 1 128 1 163 1 801 1 135 1 512 1 48 1
139 72 35 222 1 349 1 125 1 23 1 631 1 526 1 480 1 141 1 217 2 442 1 51 1 484 1 126 1 751 1 144 1 154 1 255 1 678 1 88 1 124 1 350 1 220 1 396 1 740 1 360 1 404 1 42 1 483 1 749 1 169 1 188 1 250 1 258 1 280 1 267 1
141 73 29 453 1 636 1 292 1 716 1 303 1 23 1 524 1 304 1 123 1 743 1 744 1 232 1 217 1 247 1 142 1 70 1 332 1 89 1 168 1 344 1 108 1 531 1 333 1 249 1 169 1 357 1 621 1 250 1 559 1
143 74 24 74 1 23 1 683 1 631 1 741 1 180 1 442 1 49 1 235 1 438 1 119 1 155 2 152 1 393 1 344 1 128 1 531 1 742 1 283 1 282 1 336 1 249 1 748 1 597 1
144 75 21 74 1 23 1 631 1 57 1 696 1 85 1 221 1 230 1 745 1 219 1 217 1 528 1 49 1 746 1 134 1 138 1 432 1 31 1 368 1 330 1 560 1
29 10 31 138 1 373 1 231 1 521 1 89 1 146 1 154 1 168 1 246 1 88 2 753 1 77 1 372 1 405 1 711 1 408 1 322 1 404 1 628 1 73 2 165 1 188 1 161 1 264 1 412 1 196 1 542 1 330 1 181 1 164 1 273 1
//IdTournes NbColis
16 6
//IdColis IdCommandeInColis NbProducts IdProd1 QtyProd1 IdProd2 QtyProd2 ...
70 27 14 569 1 567 1 544 1 376 1 112 1 223 1 375 1 590 1 374 1 206 1 110 1 577 1 232 1 322 1
145 76 24 584 1 376 1 275 1 92 1 499 1 120 1 113 1 44 1 739 1 151 1 226 1 414 1 734 1 497 1 47 1 51 1 294 1 126 1 24 1 114 1 154 1 116 1 124 1 628 1
147 77 16 637 1 153 1 44 1 752 1 436 1 33 1 119 1 139 1 145 1 150 1 152 1 458 1 274 1 283 1 249 1 395 1
148 78 29 473 1 495 1 694 1 105 1 151 1 415 1 226 1 232 1 442 1 49 1 119 1 759 1 225 1 152 1 255 1 359 1 566 1 177 1 342 1 383 1 408 1 410 1 368 1 762 1 517 1 588 1 394 1 364 1 167 2
149 79 22 473 1 459 1 645 1 437 1 486 1 230 1 596 1 442 1 237 1 585 1 155 1 625 1 143 1 758 1 285 1 482 2 760 1 447 1 248 1 264 1 340 1 330 1
150 80 27 491 1 112 1 619 1 110 1 125 1 86 1 299 1 568 1 387 1 442 1 49 1 51 1 582 1 456 1 126 1 138 1 154 1 255 1 88 1 234 1 220 1 761 1 314 1 315 1 169 1 447 1 250 2
//IdTournes NbColis
17 6
//IdColis IdCommandeInColis NbProducts IdProd1 QtyProd1 IdProd2 QtyProd2 ...
152 81 24 218 1 630 1 647 1 229 1 232 1 442 1 49 1 175 1 143 1 154 1 755 1 128 1 285 1 283 1 171 1 404 1 318 1 411 1 167 1 253 1 714 1 280 1 185 1 192 1
50 18 25 26 1 436 1 441 1 229 3 356 1 180 1 226 1 141 1 387 1 397 1 179 1 47 1 49 1 51 1 84 1 295 2 134 1 431 1 445 1 290 1 294 1 126 2 145 2 147 1 388 1
153 82 32 619 1 103 1 153 1 26 1 768 1 455 1 230 1 151 1 701 2 565 1 119 2 152 1 260 1 649 1 178 1 372 1 177 1 286 1 763 1 367 1 776 1 775 1 186 1 392 1 714 1 774 1 182 1 363 1 272 1 280 1 276 1 273 1
155 83 26 770 1 96 1 459 1 696 1 123 1 596 1 701 1 640 1 442 1 49 1 431 1 97 1 147 1 150 1 332 1 393 1 116 2 346 1 622 1 773 1 283 1 286 1 69 1 165 1 164 1 563 1
28 10 27 602 1 527 1 754 1 480 1 756 1 666 1 757 1 101 1 94 1 415 1 122 1 131 1 141 1 133 1 414 1 640 1 401 1 49 1 134 1 244 1 660 1 481 1 70 2 137 1 126 1 145 1 150 1
73 28 17 126 1 154 1 234 2 461 1 149 1 350 1 77 1 359 1 432 1 159 1 360 1 388 1 73 1 394 1 181 1 192 1 273 1
//IdTournes NbColis
18 6
//IdColis IdCommandeInColis NbProducts IdProd1 QtyProd1 IdProd2 QtyProd2 ...
156 84 18 153 1 768 1 151 1 131 1 232 1 528 1 442 1 477 1 573 1 766 1 216 1 119 1 152 1 379 1 432 1 381 1 167 1 281 1
31 11 20 129 1 102 1 96 1 103 1 78 1 125 1 86 2 529 1 526 2 535 1 537 1 82 1 85 1 519 1 538 1 442 1 49 1 51 2 136 1 84 1
65 24 19 126 1 145 1 216 1 155 1 146 1 154 1 255 1 348 1 178 1 448 1 67 1 434 1 59 1 73 1 330 1 181 1 256 1 192 1 273 1
69 26 24 726 1 247 1 134 1 616 1 494 1 126 1 521 1 152 1 609 1 396 1 254 1 386 1 274 1 730 1 383 1 319 1 73 1 259 1 334 1 184 1 361 1 363 1 395 1 384 1
157 85 22 575 1 642 1 636 1 479 1 241 1 326 1 644 1 217 1 49 1 238 1 660 1 70 1 119 1 503 1 521 1 152 1 771 1 124 1 307 1 359 1 333 1 186 1
159 86 28 727 1 587 1 619 1 118 1 78 1 769 1 688 1 441 1 486 1 76 1 221 1 659 1 438 1 70 1 715 1 126 1 777 1 332 1 154 1 543 1 649 1 149 1 764 1 404 1 447 1 363 1 160 1 341 1
//IdTournes NbColis
19 6
//IdColis IdCommandeInColis NbProducts IdProd1 QtyProd1 IdProd2 QtyProd2 ...
17 6 25 45 1 222 1 218 1 30 1 32 1 72 1 76 1 123 1 81 1 93 1 229 1 151 1 217 1 47 1 51 1 237 1 238 1 119 1 251 1 130 1 146 1 152 1 278 1 239 1 270 1
161 87 28 491 1 129 1 645 1 120 1 30 1 441 1 765 1 93 1 232 1 157 1 558 1 47 1 247 1 290 1 126 1 114 1 146 1 154 1 337 2 448 1 767 1 772 1 317 1 253 2 248 1 250 1 256 1 402 2
163 88 18 584 1 140 1 110 1 30 1 82 1 345 1 229 1 782 1 528 1 442 1 238 1 618 1 290 1 139 1 260 1 124 1 639 1 73 1
164 89 24 544 1 212 1 442 1 553 1 660 1 565 1 119 1 231 1 139 1 155 1 152 1 678 1 240 1 783 1 413 1 323 1 165 2 253 1 392 1 542 1 714 1 250 1 340 1 280 1
165 90 21 779 1 78 1 120 1 466 1 437 1 221 1 442 1 83 1 119 1 139 1 398 1 144 1 152 1 393 1 301 1 380 1 285 1 703 1 784 1 249 1 273 1
78 31 20 633 1 637 1 646 1 636 1 349 1 325 1 645 1 537 1 170 1 141 1 462 1 644 1 640 1 528 1 442 1 235 1 134 1 54 1 175 1 406 1
//IdTournes NbColis
20 6
//IdColis IdCommandeInColis NbProducts IdProd1 QtyProd1 IdProd2 QtyProd2 ...
166 91 15 349 1 308 1 325 1 778 1 113 1 785 1 497 1 528 1 484 1 294 1 88 1 163 1 383 1 357 1 165 1
22 8 35 75 1 197 1 151 1 180 1 91 1 157 1 478 1 179 1 442 1 49 1 51 1 142 1 446 1 175 1 119 2 155 1 115 1 146 1 152 2 124 1 198 1 95 1 135 1 158 1 159 1 482 1 80 1 36 1 73 1 193 1 167 1 182 1 194 1 195 1 164 1
146 76 15 149 1 622 2 525 1 274 1 73 1 257 1 188 1 250 1 272 1 196 1 330 1 160 1 563 2 276 1 192 1
81 32 18 446 1 484 1 399 1 149 1 379 1 220 1 257 1 39 1 42 1 318 1 248 1 407 1 363 1 196 1 714 1 181 1 185 1 395 1
85 34 20 168 1 712 1 458 1 416 1 350 1 77 1 408 1 410 1 413 1 368 1 731 1 39 1 42 1 614 1 367 1 249 1 188 1 182 1 273 1 341 2
167 92 28 222 1 218 1 120 1 44 1 527 1 790 1 781 1 136 1 788 1 142 1 492 1 494 1 565 1 126 1 150 1 154 1 149 1 681 1 240 1 306 1 360 1 253 2 787 1 280 1 196 1 395 1 382 2 273 1
//IdTournes NbColis
21 6
//IdColis IdCommandeInColis NbProducts IdProd1 QtyProd1 IdProd2 QtyProd2 ...
24 9 21 98 1 112 1 105 3 140 1 78 1 120 1 574 1 81 1 170 1 415 1 790 2 51 1 136 1 788 1 99 1 545 1 106 1 126 1 139 1 147 1 150 1
168 93 14 98 1 506 1 374 1 232 1 310 1 620 1 139 1 145 1 71 1 42 1 588 1 167 1 161 1 509 1
19 7 16 580 1 587 1 440 1 451 1 92 1 79 1 96 1 107 1 78 1 173 1 174 1 596 1 132 1 170 1 133 1 582 1
25 9 46 735 1 391 1 789 1 780 1 114 1 130 1 146 1 154 2 278 1 108 1 87 1 95 1 128 1 444 1 158 1 507 1 403 1 388 1 285 1 283 1 286 1 802 2 333 1 413 1 368 1 322 1 719 1 261 1 73 2 676 1 675 1 169 1 252 1 167 1 172 1 775 1 786 1 186 2 392 1 161 1 327 1 184 1 264 1 361 1 280 1 194 1
62 22 18 51 1 352 1 216 1 119 1 204 1 294 1 152 1 458 1 355 1 149 1 350 1 100 1 254 1 367 1 167 1 363 1 369 1 164 1
83 33 11 154 1 124 1 463 1 240 1 396 1 171 1 404 1 483 1 259 1 330 1 341 1
//IdTournes NbColis
22 6
//IdColis IdCommandeInColis NbProducts IdProd1 QtyProd1 IdProd2 QtyProd2 ...
53 19 38 321 1 175 1 126 1 145 1 607 1 536 1 332 1 398 1 117 1 154 1 609 1 255 1 624 1 64 1 88 2 301 1 270 1 163 1 337 1 801 2 274 1 405 1 268 1 608 1 177 1 314 2 316 1 286 1 802 1 171 1 408 1 322 1 324 1 579 1 614 1 73 2 329 1 315 2
27 10 16 56 1 642 1 129 1 105 1 140 1 104 1 109 1 156 1 325 1 78 1 90 1 110 1 127 1 86 1 153 1 245 1
37 13 18 56 1 98 2 750 1 275 1 747 1 218 1 127 1 210 1 691 1 85 1 221 1 230 1 236 1 132 1 170 1 415 1 209 1 285 1
39 13 16 315 1 467 2 539 2 653 1 392 1 184 1 280 2 194 1 196 1 330 1 267 1 395 1 281 1 559 1 738 1 273 1
169 94 12 92 1 230 1 141 1 147 1 207 1 566 1 220 1 65 1 411 1 357 1 258 1 194 1
87 35 14 350 1 77 1 371 2 135 1 274 1 507 1 508 1 67 1 317 1 411 1 363 1 280 1 267 1 160 1
//IdTournes NbColis
23 6
//IdColis IdCommandeInColis NbProducts IdProd1 QtyProd1 IdProd2 QtyProd2 ...
170 95 16 454 1 616 1 216 1 803 1 234 1 270 1 128 1 77 1 135 1 383 1 280 1 196 1 267 1 281 1 273 1 341 1
42 15 16 325 1 82 1 304 1 247 1 155 1 143 1 312 1 116 1 342 1 338 1 328 1 340 1 181 1 339 1 273 1 341 1
171 96 12 102 1 416 1 365 1 679 1 285 1 392 1 188 1 361 1 196 1 185 1 192 1 341 1
63 23 11 136 1 235 1 119 1 152 1 372 1 286 1 368 1 357 1 370 1 181 1 273 1
26 9 10 196 1 330 1 267 2 395 2 190 1 160 1 164 1 384 1 402 1 273 1
54 19 31 318 2 323 1 336 1 394 1 199 2 320 1 189 1 370 1 313 1 162 1 736 1 250 1 340 1 787 1 363 1 272 1 279 1 330 3 181 1 183 1 369 1 560 1 335 1 721 1 195 1 382 1 563 1 192 2 738 3 273 1 341 1
//IdTournes NbColis
24 1
//IdColis IdCommandeInColis NbProducts IdProd1 QtyProd1 IdProd2 QtyProd2 ...
13 4 4 186 1 188 1 182 1 192 1
