//NbTournees
3
//IdTournes NbColis
1 6
//IdColis IdCommandeInColis NbProducts IdProd1 QtyProd1 IdProd2 QtyProd2 ...
1 1 22 169 2 206 1 128 1 163 1 143 1 17 1 21 1 35 1 1 1 61 3 66 2 7 1 81 3 82 3 127 1 182 1 189 1 196 1 37 1 46 2 79 1 126 1
5 2 28 214 1 178 1 169 1 163 2 176 1 54 1 92 1 76 1 8 1 89 1 147 1 181 1 196 1 47 1 72 1 156 1 204 1 95 1 64 1 71 1 77 1 85 1 91 1 39 1 2 2 60 2 80 2 195 1
10 3 17 59 2 69 2 55 3 31 3 49 1 75 1 107 2 110 2 19 1 95 3 32 3 41 3 57 3 104 3 106 3 2 2 4 2
8 3 7 215 2 221 2 222 1 223 2 224 2 3 2 38 1
11 3 22 4 1 6 2 58 1 60 3 63 2 103 3 105 2 80 1 86 3 88 2 90 3 217 3 218 3 219 3 220 3 29 2 20 3 113 2 97 3 114 2 177 3 96 3
2 1 38 67 1 83 1 31 1 70 1 84 1 43 1 40 1 87 1 156 2 204 1 44 1 50 1 94 1 95 1 68 1 71 1 74 1 77 1 85 1 91 1 13 3 173 1 5 1 16 1 86 2 93 2 42 1 201 1 205 1 98 5 29 1 121 1 130 2 137 2 140 1 157 1 164 1 162 1
//IdTournes NbColis
2 6
//IdColis IdCommandeInColis NbProducts IdProd1 QtyProd1 IdProd2 QtyProd2 ...
14 4 37 95 5 74 1 77 1 91 1 85 1 198 1 207 1 22 1 39 2 173 1 5 1 58 1 60 1 88 1 28 2 115 1 191 1 98 12 159 1 15 2 121 1 130 1 137 1 139 1 164 1 170 1 172 2 174 3 183 1 192 2 193 2 197 1 209 1 133 2 132 1 99 3 123 1
17 5 41 51 1 102 1 108 1 18 1 101 1 109 1 138 1 31 1 156 1 204 1 19 2 71 1 77 1 85 1 91 1 198 1 207 1 100 1 5 1 208 1 201 2 28 4 115 1 98 1 30 1 159 1 15 1 121 1 137 1 164 1 165 1 99 1 26 1 114 1 177 2 199 2 11 4 135 4 154 1 162 2 116 1
6 2 46 86 1 88 2 90 1 42 1 205 1 98 1 30 1 159 2 121 1 130 1 137 1 140 2 164 2 165 1 174 3 183 1 197 1 133 2 12 2 27 1 9 1 24 4 14 2 203 1 11 8 96 4 185 2 186 1 187 2 188 1 213 1 135 4 149 1 167 1 158 1 202 1 171 1 119 1 122 1 141 1 161 4 162 2 175 4 179 3 194 1 180 3
3 1 33 174 3 183 2 193 1 197 1 133 1 99 4 10 11 33 7 34 4 97 2 129 1 151 1 11 8 120 1 184 2 185 2 186 1 187 2 188 1 135 4 150 1 168 1 124 1 134 1 155 1 158 1 153 1 125 1 162 3 175 1 179 1 194 1 117 1
15 4 21 99 10 166 1 10 9 26 1 148 2 24 6 152 1 211 1 114 1 11 8 144 1 145 1 160 1 185 2 186 1 187 2 188 1 190 1 135 5 200 1 118 1
9 3 12 38 1 56 2 52 3 18 2 36 3 65 2 45 3 111 3 53 3 48 2 25 1 112 1
//IdTournes NbColis
3 1
//IdColis IdCommandeInColis NbProducts IdProd1 QtyProd1 IdProd2 QtyProd2 ...
13 4 18 210 1 163 2 216 5 51 1 62 1 73 1 78 1 92 1 18 1 136 1 138 3 142 1 146 1 131 1 31 1 212 2 23 3 71 1
