//NbTournees
7
//IdTournes NbColis
1 6
//IdColis IdCommandeInColis NbProducts IdProd1 QtyProd1 IdProd2 QtyProd2 ...
1 1 13 95 1 5 2 12 2 13 1 14 1 154 1 100 1 145 1 1 2 21 3 4 1 83 1 70 1
4 2 13 5 2 12 3 14 1 8 1 11 2 19 1 37 1 39 1 40 1 88 2 1 2 59 1 70 1
7 3 12 120 1 5 2 12 2 14 1 105 1 18 1 26 1 119 1 1 2 21 3 99 1 4 2
16 7 7 58 1 53 1 33 1 44 1 61 1 78 1 48 1
5 2 18 21 2 4 3 47 1 16 1 27 1 32 1 172 1 34 1 45 1 52 1 15 1 50 1 51 1 55 1 71 1 23 1 28 2 70 3
11 4 18 21 1 101 1 25 3 126 2 27 2 38 1 147 1 112 1 20 1 2 2 29 1 116 1 50 1 51 1 23 2 6 1 163 1 57 1
//IdTournes NbColis
2 6
//IdColis IdCommandeInColis NbProducts IdProd1 QtyProd1 IdProd2 QtyProd2 ...
13 5 17 143 1 16 2 27 2 32 3 20 1 2 1 170 1 175 1 65 1 28 3 117 1 177 1 130 1 10 1 56 2 57 2 64 2
17 8 15 120 1 21 3 106 1 83 1 107 1 31 1 2 1 23 2 124 2 6 1 28 2 134 1 97 1 122 1 60 1
19 9 17 5 2 12 1 41 1 76 4 146 1 74 1 21 2 101 1 16 1 144 1 84 1 153 1 2 1 49 1 46 1 55 1 23 1
21 10 22 66 1 77 1 5 1 13 1 14 1 76 2 53 1 35 1 38 1 42 1 79 1 54 1 23 2 65 1 67 1 43 1 6 1 17 1 28 1 73 1 70 5 36 1
15 6 6 21 1 16 1 30 2 20 1 3 1 29 2
23 11 14 159 1 139 1 5 2 12 2 41 2 18 1 37 1 4 1 27 2 52 1 20 1 31 1 122 1 70 1
//IdTournes NbColis
3 6
//IdColis IdCommandeInColis NbProducts IdProd1 QtyProd1 IdProd2 QtyProd2 ...
25 12 10 5 2 12 1 81 1 4 2 20 1 31 1 49 1 89 1 90 1 7 1
26 13 7 95 1 12 2 13 1 4 1 16 1 82 1 20 1
10 4 11 179 2 120 1 164 1 5 2 12 3 14 2 22 1 148 1 182 1 21 1 142 1
27 14 18 5 2 12 2 13 1 169 1 21 1 25 2 44 1 111 1 84 1 52 1 24 1 23 1 87 1 6 1 173 1 70 3 56 2 57 2
29 15 16 121 1 140 1 5 1 12 1 13 1 14 1 41 1 102 1 8 1 88 2 21 2 16 1 86 1 91 1 126 1 80 1
30 15 21 38 1 84 1 113 1 49 1 24 1 89 1 125 1 23 2 71 1 114 1 133 1 134 4 130 2 70 5 92 2 9 2 36 1 129 1 56 2 57 2 64 2
//IdTournes NbColis
4 6
//IdColis IdCommandeInColis NbProducts IdProd1 QtyProd1 IdProd2 QtyProd2 ...
31 16 8 83 1 85 1 84 1 52 1 80 1 93 1 94 1 36 2
32 17 23 139 1 104 1 100 1 21 1 168 1 16 1 25 1 111 1 112 1 20 1 150 2 108 1 46 1 65 2 128 1 123 1 134 1 118 1 70 5 36 2 56 2 57 2 64 2
34 18 8 141 1 101 1 106 1 109 1 96 1 56 2 57 2 64 2
35 19 10 138 1 136 1 103 1 98 1 116 1 132 1 130 1 131 1 115 1 127 1
8 3 22 16 2 110 1 86 1 59 1 150 1 31 2 23 1 71 1 184 2 185 1 186 2 28 1 117 1 135 1 7 1 134 1 70 5 137 1 56 2 57 2 64 2 188 1
12 4 9 17 2 163 1 161 1 70 5 9 1 166 1 64 1 165 1 156 1
//IdTournes NbColis
5 6
//IdColis IdCommandeInColis NbProducts IdProd1 QtyProd1 IdProd2 QtyProd2 ...
36 20 17 95 1 136 1 164 1 76 4 157 1 21 2 30 1 150 2 15 1 49 1 23 1 177 1 70 5 9 1 56 2 57 2 64 2
38 21 8 12 1 143 1 149 1 152 1 160 1 56 1 57 2 64 2
2 1 16 16 1 189 1 42 1 20 2 31 2 49 1 151 1 24 1 124 1 187 1 43 1 70 4 56 2 57 2 64 2 190 1
39 22 10 180 1 154 1 171 1 80 1 108 1 56 2 57 2 64 2 174 1 178 1
20 9 16 71 2 65 2 162 1 132 2 167 2 17 1 28 1 163 2 158 1 134 1 161 2 122 2 70 5 56 2 57 2 64 2
40 23 4 179 1 41 1 21 1 31 1
//IdTournes NbColis
6 6
//IdColis IdCommandeInColis NbProducts IdProd1 QtyProd1 IdProd2 QtyProd2 ...
41 24 9 183 1 144 1 153 1 158 1 70 5 56 2 57 2 64 2 115 1
42 25 13 191 1 53 1 181 1 71 1 117 1 73 1 158 1 177 1 134 1 70 5 56 2 57 2 64 2
24 11 8 31 1 23 3 70 4 60 1 56 2 57 2 64 2 155 1
6 2 5 70 1 56 2 57 2 64 2 75 1
22 10 8 63 1 56 2 57 2 62 1 64 2 69 2 72 1 68 2
28 14 3 64 2 75 1 176 1
//IdTournes NbColis
7 1
//IdColis IdCommandeInColis NbProducts IdProd1 QtyProd1 IdProd2 QtyProd2 ...
33 17 1 75 1
