//NbTournees
13
//IdTournes NbColis
1 6
//IdColis IdCommandeInColis NbProducts IdProd1 QtyProd1 IdProd2 QtyProd2 ...
5 1 13 555 2 611 1 168 1 153 1 176 1 382 2 559 3 547 1 599 1 110 2 114 1 160 1 186 1
24 2 15 517 3 168 1 110 1 160 1 205 1 283 2 37 1 101 1 206 1 241 1 262 1 604 1 523 1 350 1 167 1
45 3 14 607 1 555 1 168 1 568 1 405 1 110 1 160 2 205 1 303 1 283 2 516 2 241 1 101 3 537 1
65 4 14 621 1 405 2 631 3 547 1 110 2 160 3 283 1 632 1 342 1 101 1 523 1 604 1 254 1 59 1
80 5 17 153 1 110 1 114 2 177 1 160 2 205 1 228 1 283 3 342 1 350 1 254 1 637 1 73 1 74 1 132 1 125 1 15 1
13 1 15 321 1 341 1 337 2 317 1 320 1 348 1 352 1 131 1 82 2 162 3 196 2 117 3 227 2 118 5 3 1
//IdTournes NbColis
2 6
//IdColis IdCommandeInColis NbProducts IdProd1 QtyProd1 IdProd2 QtyProd2 ...
26 2 18 214 1 226 1 229 2 232 1 261 1 255 1 256 2 267 1 308 1 296 1 290 1 310 1 292 1 300 1 311 1 313 2 281 1 118 1
35 2 17 117 1 227 2 93 1 121 2 118 4 195 2 266 3 307 1 325 1 338 4 333 2 486 1 373 1 582 1 1 2 4 1 519 1
54 3 11 321 2 360 1 352 4 494 1 131 3 82 1 162 3 196 5 117 3 233 1 118 1
55 3 23 233 1 227 2 121 2 118 2 195 2 237 1 257 1 266 4 307 1 333 1 347 1 441 1 467 1 368 1 373 1 398 1 93 1 588 1 602 2 130 1 140 1 274 1 8 1
70 4 14 321 2 348 1 352 1 494 1 433 5 82 1 162 2 196 2 117 4 227 1 567 1 118 5 121 3 566 1
83 5 19 456 2 179 1 197 2 115 2 216 1 225 1 293 2 135 1 178 1 131 2 137 1 162 2 196 2 227 2 233 2 121 2 118 1 448 1 513 1
//IdTournes NbColis
3 6
//IdColis IdCommandeInColis NbProducts IdProd1 QtyProd1 IdProd2 QtyProd2 ...
84 5 25 118 3 195 1 266 3 333 1 602 1 133 1 134 1 48 1 4 1 578 1 532 1 172 2 43 1 67 1 69 1 71 1 72 1 35 2 231 1 286 1 265 1 287 1 288 1 375 2 513 2
18 1 56 124 1 36 2 26 4 435 1 108 1 191 1 215 1 220 1 275 1 116 4 421 1 458 2 14 2 376 4 539 3 444 1 282 1 371 3 316 3 434 1 381 1 393 1 563 1 595 2 5 4 19 1 159 3 189 2 354 2 392 1 498 3 554 1 512 1 560 1 598 1 6 4 561 1 90 1 536 2 415 3 404 2 86 2 50 1 33 1 594 1 551 1 13 2 386 2 394 1 548 1 526 3 416 4 520 3 643 1 30 1 513 2
59 3 53 508 1 111 1 122 1 163 2 239 1 301 1 302 1 443 1 509 3 510 1 615 1 20 2 596 1 527 3 144 2 445 1 85 2 29 3 31 1 247 1 448 1 151 1 199 1 524 1 120 1 145 1 200 1 204 1 235 1 124 3 26 2 108 1 275 1 116 3 518 1 528 1 458 2 14 2 444 1 507 2 539 2 376 2 272 1 316 3 595 2 5 3 189 2 361 1 477 1 480 1 481 2 512 1 554 1
29 2 20 259 1 298 2 315 1 359 1 440 1 469 1 143 1 203 1 289 2 326 3 339 1 100 1 123 1 170 1 260 1 243 1 218 1 249 1 602 1 605 1
11 1 17 306 1 334 1 327 1 367 1 353 1 399 2 426 1 428 1 56 2 500 1 501 1 112 2 169 2 181 3 344 2 109 1 513 1
32 2 15 506 1 501 2 581 1 112 1 128 1 169 3 152 1 207 1 181 1 344 2 439 1 484 2 109 1 456 8 355 1
//IdTournes NbColis
4 6
//IdColis IdCommandeInColis NbProducts IdProd1 QtyProd1 IdProd2 QtyProd2 ...
52 3 15 501 1 236 1 112 3 152 1 188 1 169 3 181 2 344 3 439 1 484 1 109 1 456 8 127 2 82 1 15 1
69 4 15 181 2 344 3 109 1 456 5 127 2 197 2 252 1 201 1 269 1 479 2 322 1 418 1 317 2 320 2 15 1
17 1 46 240 1 258 2 268 1 155 1 187 1 285 1 384 3 427 1 436 2 546 1 156 1 3 1 324 2 111 1 122 1 239 1 301 1 302 1 8 3 22 2 509 1 510 3 443 2 615 2 20 1 596 1 9 1 527 2 157 1 144 1 556 1 85 1 406 1 184 1 29 3 31 5 247 1 448 1 151 1 199 1 524 1 395 1 120 1 145 1 235 2 124 2
38 2 51 468 1 447 1 193 1 263 1 461 1 47 1 422 1 457 3 10 2 210 1 212 1 142 1 34 1 427 1 164 1 15 1 163 1 8 1 22 1 443 1 615 1 9 4 406 1 31 2 247 1 199 1 120 1 36 1 124 2 26 3 116 3 421 1 626 1 528 1 458 2 14 2 316 2 434 1 563 1 595 2 5 4 477 1 560 1 598 1 6 1 561 1 39 7 90 1 404 2 415 1 570 1
74 4 68 29 1 247 1 448 1 199 1 524 1 540 1 395 1 124 2 26 1 116 3 421 1 528 2 458 1 14 1 539 2 376 3 55 1 316 2 62 2 54 1 595 2 5 3 19 1 194 1 354 2 80 1 392 1 554 1 620 1 512 1 560 1 6 2 561 1 41 1 39 7 404 4 415 4 87 1 543 1 544 1 536 2 61 2 86 2 33 1 594 1 551 1 13 2 416 3 520 3 548 1 526 1 386 1 49 1 30 1 70 1 464 1 42 1 409 3 88 1 89 2 449 1 450 1 608 1 590 1 592 1 534 2 23 2 97 1
85 5 33 357 2 343 1 345 1 318 3 586 1 593 1 454 1 549 1 613 1 81 1 84 1 537 1 138 3 471 1 447 1 452 1 468 3 47 2 422 1 63 2 457 2 463 1 553 1 546 1 443 1 85 1 406 1 550 1 247 1 199 1 524 1 174 1 124 1
//IdTournes NbColis
5 6
//IdColis IdCommandeInColis NbProducts IdProd1 QtyProd1 IdProd2 QtyProd2 ...
6 1 18 160 2 283 1 632 1 241 1 278 1 342 2 101 2 523 1 604 1 350 2 254 1 167 1 125 1 148 1 126 1 132 1 188 1 527 1
7 1 19 132 1 161 1 182 1 165 2 214 1 209 1 232 1 234 1 226 1 279 1 256 2 281 1 267 1 308 1 296 1 290 1 310 1 292 1 192 1
16 1 28 35 1 533 1 574 1 451 1 593 1 454 1 81 4 84 2 537 2 138 3 146 1 437 2 447 1 468 3 119 1 276 1 304 1 387 2 47 1 422 3 457 4 10 1 149 1 154 1 183 1 185 1 190 1 142 1
25 2 20 38 1 637 1 94 1 98 1 73 1 106 1 125 1 126 1 165 3 166 1 161 1 139 1 132 2 209 1 211 1 242 1 234 1 244 1 625 1 29 1
46 3 14 523 1 604 1 350 2 453 1 515 1 254 3 167 1 132 1 125 2 148 2 126 3 139 1 165 2 396 1
58 3 32 531 1 81 4 84 1 146 1 447 2 452 2 468 3 119 1 263 1 276 1 304 1 47 1 422 3 457 3 149 1 154 1 183 1 190 1 240 1 268 1 258 1 155 1 187 1 285 1 463 1 436 2 553 1 546 3 164 1 508 2 443 1 513 2
//IdTournes NbColis
6 6
//IdColis IdCommandeInColis NbProducts IdProd1 QtyProd1 IdProd2 QtyProd2 ...
66 4 22 350 1 250 1 132 2 255 1 234 1 214 1 256 1 351 1 419 1 94 2 420 1 106 1 476 1 45 1 192 1 219 1 323 1 103 1 104 1 625 2 519 1 57 3
10 1 18 147 1 170 1 299 1 100 1 218 1 249 3 113 1 173 1 213 2 171 1 246 2 230 3 280 1 253 1 264 1 306 1 433 1 605 2
50 3 17 359 1 440 4 469 1 143 1 203 2 289 2 326 2 339 1 217 1 147 1 170 1 299 1 100 1 218 1 249 1 171 1 202 1
71 4 22 195 3 266 3 347 1 333 1 602 1 140 1 284 1 355 1 4 3 46 1 48 1 21 1 27 2 532 3 564 1 617 1 578 4 172 2 44 1 35 3 231 2 5 1
12 1 16 456 8 127 2 197 2 201 1 252 1 269 1 479 1 115 3 216 1 293 1 322 2 340 1 488 1 499 1 178 1 15 1
33 2 15 127 2 197 2 201 1 115 1 216 1 322 2 340 1 418 1 488 1 503 1 504 2 585 1 320 4 321 3 513 1
//IdTournes NbColis
7 6
//IdColis IdCommandeInColis NbProducts IdProd1 QtyProd1 IdProd2 QtyProd2 ...
53 3 18 127 2 197 2 201 1 269 1 252 1 479 1 115 5 216 2 293 1 305 1 340 1 503 1 504 2 178 1 317 1 320 2 587 1 513 2
4 1 8 459 2 629 4 517 1 558 1 552 1 571 1 640 1 112 1
30 2 14 335 1 91 1 68 2 56 1 113 2 171 2 173 1 213 2 246 2 230 4 253 2 264 1 112 1 29 1
68 4 18 56 1 171 1 230 1 253 1 213 2 306 2 346 1 349 1 353 1 356 1 399 2 68 1 91 2 112 3 169 2 181 1 605 1 52 2
82 5 24 259 1 143 1 180 1 294 1 223 1 289 1 326 1 217 1 68 1 171 1 173 1 213 1 230 1 470 1 221 1 112 2 169 2 181 3 344 1 456 3 82 1 76 1 605 1 513 1
56 3 20 295 1 284 3 329 2 355 3 363 1 1 2 4 4 46 3 48 1 21 2 25 2 532 1 576 1 578 6 172 2 43 1 44 1 35 3 238 1 116 1
//IdTournes NbColis
8 6
//IdColis IdCommandeInColis NbProducts IdProd1 QtyProd1 IdProd2 QtyProd2 ...
86 5 71 26 1 116 2 458 1 14 1 539 1 376 2 55 1 316 1 54 1 595 2 80 1 5 4 554 1 635 1 512 1 560 1 6 1 561 1 87 1 39 5 41 1 415 2 404 3 543 1 544 1 536 1 86 1 61 1 474 1 33 1 594 1 551 1 13 3 416 2 520 3 548 1 526 2 70 1 88 1 89 1 42 1 409 3 449 2 450 2 608 1 590 1 592 1 534 2 83 1 23 1 411 1 610 1 612 1 77 1 32 1 413 1 609 1 511 1 529 1 79 1 408 2 377 3 379 1 514 1 521 2 11 1 400 2 600 2 51 1 40 1 66 1
34 2 12 337 1 317 4 348 1 352 4 494 3 505 1 580 1 137 1 162 2 196 2 117 2 284 1
79 5 10 577 1 603 2 636 1 459 2 552 1 611 2 136 1 568 1 176 1 317 1
14 1 22 121 3 195 2 257 1 237 1 266 4 307 1 325 1 333 1 368 1 373 1 398 1 423 1 602 1 284 1 355 1 1 1 4 6 21 3 24 1 25 1 27 2 513 1
28 2 17 584 2 103 2 104 1 45 3 129 1 192 2 219 2 309 1 362 2 495 1 65 3 92 1 208 1 496 1 102 1 245 1 605 1
48 3 19 476 1 478 1 482 1 73 1 106 1 589 2 572 1 573 1 584 1 45 2 129 1 192 1 219 1 362 2 483 2 104 1 495 2 188 1 15 1
//IdTournes NbColis
9 6
//IdColis IdCommandeInColis NbProducts IdProd1 QtyProd1 IdProd2 QtyProd2 ...
73 4 39 84 1 537 2 447 2 452 1 468 2 437 2 193 1 47 1 422 1 387 1 63 2 457 3 10 3 141 1 142 1 546 1 553 1 463 1 427 2 384 3 414 2 541 1 623 2 616 1 8 1 22 1 401 2 509 1 510 2 443 1 615 1 20 1 596 1 9 1 527 2 406 1 550 1 85 2 13 1
49 3 15 186 1 270 1 273 2 277 2 372 1 493 1 496 1 92 2 150 1 198 3 297 1 298 1 332 2 294 1 76 1
1 1 9 630 1 639 1 641 1 12 1 432 1 575 1 591 1 627 1 158 1
37 2 22 287 1 319 1 328 1 330 1 331 1 318 4 357 3 366 1 343 1 71 2 375 3 44 1 451 1 574 1 593 1 633 1 312 1 537 1 138 3 437 1 468 2 20 1
78 5 9 75 1 429 3 466 1 462 2 606 2 607 1 175 1 66 1 513 1
81 5 22 139 1 165 1 222 1 224 1 226 1 229 1 232 1 279 1 256 2 290 1 292 1 472 1 569 1 65 1 45 1 78 1 362 1 473 1 277 1 291 1 298 1 20 1
//IdTournes NbColis
10 6
//IdColis IdCommandeInColis NbProducts IdProd1 QtyProd1 IdProd2 QtyProd2 ...
67 4 19 104 1 495 2 186 1 277 2 372 1 493 1 496 1 198 2 248 1 315 1 332 1 369 1 565 2 143 1 249 1 218 1 56 1 76 1 605 2
47 3 17 166 1 234 1 222 2 229 1 232 1 271 1 255 1 256 2 296 1 300 2 281 1 98 1 442 1 74 1 430 2 465 1 587 1
64 4 8 627 1 517 2 462 2 429 2 607 2 552 1 168 1 66 1
44 3 9 517 1 577 1 603 2 459 2 606 2 607 2 176 1 52 1 513 1
9 1 21 270 1 372 1 424 1 493 1 496 1 92 1 198 2 248 1 259 1 297 1 298 1 315 1 369 1 143 2 203 1 289 1 326 1 339 1 217 1 76 2 58 1
43 3 9 614 1 538 1 462 1 429 2 466 2 75 1 517 1 153 1 11 1
//IdTournes NbColis
11 6
//IdColis IdCommandeInColis NbProducts IdProd1 QtyProd1 IdProd2 QtyProd2 ...
8 1 20 313 1 370 1 374 2 94 2 419 1 74 1 430 1 106 1 487 1 569 1 572 1 573 1 219 1 362 2 45 2 495 1 277 1 294 1 389 1 396 2
15 1 22 46 2 48 1 532 3 576 1 578 5 172 2 231 1 330 1 343 1 345 1 318 2 319 1 375 3 357 2 72 1 417 1 71 1 431 1 95 1 490 1 35 1 5 1
36 2 19 4 4 21 2 25 1 46 1 48 3 576 2 578 6 532 2 172 2 35 4 95 1 72 2 107 1 231 1 251 1 265 2 287 1 454 1 15 1
51 3 17 173 2 213 2 230 1 306 2 327 2 358 1 346 1 349 2 353 1 356 1 438 1 428 1 470 1 485 1 68 2 15 1 605 2
57 3 21 231 1 251 1 330 2 331 1 318 3 319 2 357 3 71 1 72 1 451 2 95 1 431 1 475 2 375 2 490 1 533 2 586 1 593 1 613 2 531 1 22 1
72 4 20 251 2 318 2 319 1 330 1 357 4 331 1 417 2 71 1 72 2 490 1 375 3 549 1 431 1 593 1 454 1 633 1 531 2 81 4 84 1 52 1
//IdTournes NbColis
12 6
//IdColis IdCommandeInColis NbProducts IdProd1 QtyProd1 IdProd2 QtyProd2 ...
31 2 13 314 1 327 2 306 3 334 2 336 1 346 3 349 2 353 1 356 1 367 1 470 2 500 1 426 1
27 2 16 364 1 365 1 419 2 74 3 460 1 487 3 476 1 489 1 374 1 502 1 430 1 465 1 442 1 572 1 583 1 76 2
19 1 58 49 1 535 1 464 2 519 1 89 2 570 1 409 2 449 1 450 1 590 1 592 1 638 1 534 2 601 1 23 1 83 1 425 1 597 1 610 1 32 1 77 1 413 1 497 1 380 1 105 1 529 1 511 1 18 1 455 1 377 1 378 4 379 1 79 1 391 1 96 1 521 5 446 1 408 5 11 3 16 2 400 2 600 6 2 2 7 1 17 1 28 2 383 1 385 2 390 1 557 1 642 1 522 1 397 1 525 1 530 1 66 5 388 1 513 3
39 2 52 415 2 536 2 50 1 33 1 594 1 13 3 416 3 520 2 643 1 70 1 49 1 464 2 535 1 409 3 449 1 450 1 590 1 592 1 638 1 534 2 601 1 23 1 425 1 610 1 597 1 32 2 77 2 412 1 97 1 497 1 105 1 511 1 529 1 18 2 455 1 96 1 408 5 446 1 514 1 521 5 11 5 16 2 400 4 600 5 2 4 7 1 17 3 40 1 99 1 642 1 522 1 513 6
60 3 62 6 1 41 1 39 4 536 1 404 4 415 2 87 1 543 1 544 1 50 1 86 1 33 1 594 1 13 2 520 3 526 2 416 3 49 1 30 5 70 1 464 1 535 1 519 1 42 1 449 1 450 1 409 2 88 1 89 1 608 1 534 2 601 2 23 1 411 1 612 1 32 1 77 1 105 1 511 1 529 1 18 1 455 2 96 1 446 2 514 2 521 5 408 5 378 5 379 1 79 1 391 1 11 2 400 3 600 4 17 1 28 1 51 3 383 1 522 1 542 3 525 1 530 2
75 4 53 411 1 83 2 622 1 610 1 612 1 32 1 413 1 77 2 609 2 412 3 403 3 618 1 380 3 529 1 511 1 18 1 455 1 408 5 96 1 377 5 379 1 79 1 521 5 446 1 391 1 514 1 11 2 400 3 600 3 7 1 40 1 385 2 522 1 491 1 542 3 525 1 530 1 407 2 66 6 59 1 60 2 545 2 53 2 64 2 410 2 624 3 634 2 492 3 619 3 388 2 513 7 402 2 58 4
//IdTournes NbColis
13 4
//IdColis IdCommandeInColis NbProducts IdProd1 QtyProd1 IdProd2 QtyProd2 ...
2 1 6 429 2 75 2 466 3 603 3 631 1 66 1
3 1 7 577 1 606 2 628 2 607 4 459 1 631 1 66 1
23 2 8 562 1 429 2 577 1 606 1 607 2 603 3 631 1 66 1
22 2 8 644 1 579 1 459 2 75 1 466 2 462 2 645 1 530 1
