//NbTournees
5
//IdTournes NbColis
1 6
//IdColis IdCommandeInColis NbProducts IdProd1 QtyProd1 IdProd2 QtyProd2 ...
3 1 17 62 1 65 1 93 1 113 3 114 1 163 1 170 1 1 1 63 1 130 2 157 1 184 1 54 1 16 5 64 1 193 1 211 1
1 1 15 221 1 2 2 8 1 27 1 30 1 91 1 98 2 125 2 9 1 10 2 13 1 18 1 40 3 146 1 177 1
6 2 16 66 1 2 2 8 1 27 1 91 1 98 2 115 1 125 2 19 1 50 2 9 1 24 1 40 3 80 1 192 1 196 1
10 3 13 255 1 256 1 258 1 219 1 262 1 260 1 149 1 224 1 2 2 8 1 27 2 30 1 243 1
16 4 15 224 2 2 1 8 1 27 1 91 1 98 2 115 1 125 1 9 1 26 1 40 4 57 1 24 1 92 1 178 1
22 5 12 219 1 212 1 66 1 221 1 2 3 8 1 27 2 30 2 91 1 98 3 125 3 213 1
//IdTournes NbColis
2 6
//IdColis IdCommandeInColis NbProducts IdProd1 QtyProd1 IdProd2 QtyProd2 ...
8 2 18 68 1 129 1 142 1 51 1 72 1 75 3 81 1 102 1 140 1 144 1 3 1 42 1 99 2 143 1 16 1 100 2 33 1 176 1
23 5 14 89 1 50 2 4 2 9 2 10 1 11 1 23 1 35 1 40 3 43 2 70 1 84 1 96 1 106 1
11 3 12 30 1 91 1 98 3 125 2 5 2 9 1 40 3 44 3 70 1 103 2 232 1 233 1
14 3 26 82 1 6 2 52 1 67 1 97 1 107 1 167 1 171 1 58 1 64 1 55 1 227 1 150 1 251 1 261 1 213 1 187 1 259 1 59 1 20 1 204 1 198 1 194 1 206 3 250 2 181 1
26 5 17 101 1 104 1 110 1 144 1 147 4 158 1 160 2 39 3 12 1 46 1 69 1 76 1 82 2 6 1 78 1 99 1 238 1
25 5 18 200 1 116 1 165 1 41 1 45 1 74 2 126 1 151 1 142 1 164 2 38 1 77 2 7 1 72 1 75 1 88 1 39 1 233 1
//IdTournes NbColis
3 6
//IdColis IdCommandeInColis NbProducts IdProd1 QtyProd1 IdProd2 QtyProd2 ...
13 3 17 41 1 62 1 113 1 134 2 77 1 21 1 47 1 71 1 102 1 133 1 140 4 231 1 39 1 12 2 60 1 69 1 188 1
18 4 14 127 1 128 1 131 1 135 1 146 2 141 4 200 1 106 2 122 2 14 2 41 2 45 1 95 1 211 1
28 5 33 124 1 155 1 161 1 168 2 222 2 28 1 29 1 33 1 230 2 248 2 203 3 150 2 261 3 22 1 228 1 213 2 216 3 217 4 187 1 15 2 20 1 235 3 244 2 242 2 189 2 190 1 245 2 252 1 182 1 247 3 254 1 191 1 177 2
27 5 20 107 2 136 3 143 1 237 1 240 1 246 1 192 2 145 2 162 1 16 1 236 1 223 1 229 4 48 2 49 3 73 2 79 1 86 1 249 1 215 1
19 4 16 61 1 114 3 77 1 17 1 21 2 47 3 104 1 118 2 138 1 140 1 69 3 82 1 202 1 214 1 194 2 206 1
2 1 19 53 1 56 1 84 1 96 1 103 1 105 3 117 1 121 2 128 1 108 1 141 2 34 1 132 1 41 1 45 1 183 1 214 1 177 1 194 1
//IdTournes NbColis
4 6
//IdColis IdCommandeInColis NbProducts IdProd1 QtyProd1 IdProd2 QtyProd2 ...
9 2 9 227 2 230 3 22 1 213 2 187 1 199 1 210 3 198 1 218 1
17 4 11 94 2 111 1 112 3 103 2 105 4 117 1 120 2 121 2 123 2 25 1 179 1
20 4 22 202 1 107 1 119 1 154 1 178 2 223 1 49 1 222 1 203 1 214 4 31 2 37 2 205 2 180 1 207 1 36 2 195 1 197 1 225 1 191 1 185 1 206 1
4 1 22 64 3 87 1 156 1 161 3 32 1 214 1 201 1 37 1 204 1 174 1 199 2 226 1 189 1 190 1 182 1 176 1 186 1 198 1 175 1 188 1 206 1 181 1
12 3 17 105 2 127 2 117 1 121 2 135 1 148 1 141 3 166 1 173 1 146 2 257 1 85 1 132 1 41 1 213 1 179 1 194 1
7 2 17 83 1 90 1 103 1 109 1 105 2 121 2 123 1 137 1 139 1 141 2 208 1 122 2 159 1 209 1 45 1 47 1 194 1
//IdTournes NbColis
5 2
//IdColis IdCommandeInColis NbProducts IdProd1 QtyProd1 IdProd2 QtyProd2 ...
24 5 15 96 2 105 3 108 1 117 1 120 1 121 3 123 1 135 1 152 1 153 1 141 2 169 1 172 1 220 1 233 3
29 5 11 191 1 253 4 241 3 211 1 198 1 234 1 239 1 218 1 177 1 194 1 250 5
