//NbTournees
12
//IdTournes NbColis
1 6
//IdColis IdCommandeInColis NbProducts IdProd1 QtyProd1 IdProd2 QtyProd2 ...
2 1 6 9 1 222 1 229 3 223 2 227 2 3 1
15 2 6 241 1 222 1 229 3 223 2 227 2 158 1
27 3 7 276 1 225 1 275 1 274 1 222 1 223 2 27 1
28 3 5 223 1 227 3 237 3 229 2 3 1
49 4 5 230 2 231 3 223 2 237 2 63 1
70 6 7 224 1 225 1 226 1 251 2 222 1 223 1 59 1
//IdTournes NbColis
2 6
//IdColis IdCommandeInColis NbProducts IdProd1 QtyProd1 IdProd2 QtyProd2 ...
71 6 8 223 1 227 1 235 1 229 1 230 2 231 2 239 1 73 1
48 4 7 249 1 154 1 224 1 260 1 241 1 222 1 88 1
59 5 8 176 1 154 1 224 1 251 1 200 1 204 1 232 1 56 1
60 5 5 233 2 234 3 230 2 231 2 63 1
29 3 5 229 1 230 3 242 4 238 1 82 1
3 1 5 242 3 238 3 237 2 230 1 3 1
//IdTournes NbColis
3 6
//IdColis IdCommandeInColis NbProducts IdProd1 QtyProd1 IdProd2 QtyProd2 ...
4 1 9 230 1 239 3 240 1 55 1 23 1 59 1 93 2 118 1 3 1
17 2 9 242 1 237 2 230 2 23 1 55 1 59 2 80 1 18 1 63 1
61 5 8 235 2 242 1 243 1 237 2 244 1 245 1 246 1 63 1
50 4 5 235 2 242 3 238 3 239 1 63 1
16 2 5 238 3 239 3 240 1 242 2 3 1
72 6 5 239 2 242 3 238 3 240 1 96 1
//IdTournes NbColis
4 6
//IdColis IdCommandeInColis NbProducts IdProd1 QtyProd1 IdProd2 QtyProd2 ...
30 3 6 238 3 239 3 240 1 278 1 179 1 24 1
51 4 11 239 1 245 1 246 1 261 1 32 1 93 2 118 1 63 1 90 1 120 1 328 2
62 5 12 246 1 59 1 93 2 118 1 27 1 63 1 67 1 120 1 216 1 18 1 3 3 109 1
73 6 11 255 1 237 2 118 1 296 1 71 2 88 2 283 1 97 1 98 1 101 1 69 1
69 6 7 253 1 249 1 236 1 176 1 224 1 68 1 256 1
1 1 7 154 1 248 1 268 1 176 1 224 1 273 1 6 1
//IdTournes NbColis
5 6
//IdColis IdCommandeInColis NbProducts IdProd1 QtyProd1 IdProd2 QtyProd2 ...
14 2 7 154 1 176 1 175 1 224 1 226 1 170 1 12 1
26 3 6 228 1 249 1 253 1 154 1 176 1 188 1
9 1 25 269 1 193 1 208 1 156 2 157 2 159 1 172 2 271 1 164 1 174 2 259 1 53 1 116 1 310 1 1 1 100 1 166 1 257 1 79 2 207 1 266 1 177 1 30 3 99 1 297 1
21 2 25 152 1 17 1 303 1 308 2 330 1 169 1 171 1 173 1 156 1 157 2 159 1 164 1 165 1 172 2 174 2 310 1 166 2 177 1 210 1 167 1 168 1 178 1 48 2 104 1 105 1
40 3 20 193 2 194 1 195 2 209 1 182 1 164 1 186 1 174 3 190 1 192 1 156 2 157 2 159 1 279 3 280 1 310 1 185 1 166 1 285 5 198 1
55 4 25 45 1 166 1 177 1 210 1 43 1 325 2 356 1 178 1 167 1 33 1 48 1 87 1 217 2 34 3 20 1 44 1 39 4 66 1 126 1 284 1 28 1 50 1 299 2 327 2 31 1
//IdTournes NbColis
6 6
//IdColis IdCommandeInColis NbProducts IdProd1 QtyProd1 IdProd2 QtyProd2 ...
65 5 24 172 2 174 1 156 2 157 2 159 1 203 1 45 2 166 2 177 1 325 1 178 1 168 1 167 1 48 2 217 1 33 1 252 1 58 1 66 1 39 4 122 2 126 1 213 1 123 1
77 6 25 100 1 166 1 257 1 285 3 1 2 177 1 210 1 99 1 133 1 30 1 48 2 295 1 33 1 188 1 58 1 20 1 44 2 66 2 39 4 37 1 95 1 284 1 350 1 34 2 70 1
76 6 23 134 1 290 1 348 1 347 1 215 2 352 1 91 3 219 1 169 1 171 1 194 1 156 2 157 2 254 1 164 1 165 1 258 1 172 2 174 2 259 1 159 1 310 1 349 1
11 1 25 123 1 139 2 205 1 307 1 281 1 313 1 78 2 298 4 8 1 57 4 72 1 103 1 4 1 70 1 206 1 294 1 140 1 267 1 161 1 201 1 270 1 187 1 155 2 160 2 162 1
66 5 30 363 1 34 1 50 1 332 1 62 2 64 1 65 2 333 1 334 1 359 1 123 1 331 1 314 1 313 1 25 1 14 2 16 1 298 1 57 2 291 1 8 2 197 1 161 1 202 1 250 2 201 1 187 1 162 1 155 2 160 2
37 3 13 102 1 92 1 137 3 136 6 6 1 46 1 117 1 15 2 74 1 49 1 60 1 84 5 277 1
//IdTournes NbColis
7 6
//IdColis IdCommandeInColis NbProducts IdProd1 QtyProd1 IdProd2 QtyProd2 ...
41 3 20 189 1 210 1 177 1 30 2 86 2 365 1 178 1 168 1 33 2 48 1 87 4 151 1 184 1 217 6 345 1 312 2 191 1 26 2 34 3 140 1
43 3 27 359 1 288 1 25 3 314 1 323 1 78 3 298 6 146 1 8 1 72 2 142 1 291 3 338 1 181 1 13 1 35 2 70 2 130 1 132 1 322 1 294 1 77 1 89 1 196 1 180 1 183 1 187 1
23 2 17 78 1 298 4 8 1 57 1 72 1 103 1 142 1 329 1 291 1 13 1 294 1 77 1 161 1 163 1 155 1 160 2 162 1
44 3 6 161 1 199 1 163 2 162 1 160 2 155 2
56 4 29 31 1 62 1 69 1 64 1 65 2 302 1 2 3 41 1 123 1 139 1 313 1 25 1 298 2 146 2 8 1 329 1 35 1 145 1 149 1 89 1 202 1 161 1 264 1 262 1 263 1 155 2 160 2 162 1 147 1
78 6 24 34 1 10 1 50 1 138 1 65 5 286 2 2 1 288 2 292 1 281 1 25 1 16 2 57 1 72 1 291 1 8 3 294 2 4 1 13 1 161 1 187 1 162 1 155 2 160 2
//IdTournes NbColis
8 6
//IdColis IdCommandeInColis NbProducts IdProd1 QtyProd1 IdProd2 QtyProd2 ...
75 6 13 293 2 346 1 135 3 287 1 102 1 92 1 136 4 137 4 51 1 289 1 15 2 119 2 163 1
54 4 23 49 1 131 1 124 1 128 1 353 1 355 1 17 1 303 1 308 2 215 2 91 3 247 1 169 1 171 1 193 1 159 1 164 1 172 2 174 2 265 1 192 1 354 1 45 1
64 5 21 148 1 137 2 337 1 46 1 117 1 60 1 119 1 124 1 128 1 353 1 129 1 303 1 308 2 17 1 215 2 330 2 335 1 91 3 169 1 171 1 164 1
10 1 23 300 1 309 1 167 1 48 1 87 3 217 4 312 1 272 1 10 1 34 2 44 1 39 4 58 1 284 1 28 1 299 1 2 1 64 1 65 4 62 2 302 1 123 1 140 2
52 4 12 311 1 357 1 18 2 3 3 12 3 42 1 94 1 47 2 61 1 282 1 211 1 201 1
8 1 18 305 1 117 1 15 1 19 1 49 1 74 1 60 1 81 1 84 4 141 4 152 2 134 1 124 2 303 1 308 1 306 1 195 1 169 1
//IdTournes NbColis
9 6
//IdColis IdCommandeInColis NbProducts IdProd1 QtyProd1 IdProd2 QtyProd2 ...
39 3 8 215 3 340 4 76 5 221 1 341 6 344 3 91 6 169 1
7 1 11 5 1 109 2 7 3 115 2 301 1 21 3 51 1 125 4 148 3 137 2 202 1
18 2 8 311 2 12 5 75 4 107 1 108 2 111 2 153 1 155 1
20 2 12 144 1 136 4 148 3 305 1 15 1 19 1 74 1 49 1 84 4 134 3 141 4 156 1
31 3 6 24 5 220 4 32 1 38 1 68 2 197 1
5 1 11 80 1 88 1 283 1 52 1 63 3 67 2 120 1 214 1 311 1 304 1 12 3
//IdTournes NbColis
10 6
//IdColis IdCommandeInColis NbProducts IdProd1 QtyProd1 IdProd2 QtyProd2 ...
32 3 7 59 1 150 6 339 1 342 3 212 1 283 2 76 1
53 4 13 211 1 326 1 121 3 293 3 40 1 21 1 92 1 125 3 148 3 137 3 289 1 46 1 35 1
42 3 20 34 1 20 2 37 1 39 3 66 1 122 1 126 4 213 3 315 1 324 1 363 1 28 1 138 1 65 5 69 1 64 2 62 2 321 1 358 2 359 1
34 3 6 12 3 75 6 111 4 108 3 316 1 31 1
35 3 12 317 1 364 2 29 1 61 2 211 4 282 2 360 1 361 1 362 1 113 2 5 1 109 1
63 5 16 351 1 52 1 12 1 61 1 282 1 211 2 121 1 293 2 336 2 346 1 40 1 301 1 92 1 125 3 148 1 127 1
//IdTournes NbColis
11 6
//IdColis IdCommandeInColis NbProducts IdProd1 QtyProd1 IdProd2 QtyProd2 ...
74 6 14 101 1 67 2 351 1 12 1 94 1 47 1 61 2 282 1 211 2 109 1 7 1 121 3 293 1 218 1
19 2 11 94 3 61 3 5 1 109 1 7 1 326 2 135 1 301 1 21 3 106 1 137 4
22 2 21 87 3 217 4 312 1 20 1 122 1 126 1 284 1 213 1 2 1 22 1 64 2 65 6 143 2 123 2 139 1 288 1 14 1 16 2 110 2 78 1 322 1
33 3 11 63 2 98 1 90 1 120 1 214 2 216 1 318 1 343 1 357 1 12 5 2 1
38 3 15 84 1 119 3 131 1 134 4 141 6 152 1 319 2 355 1 112 1 36 1 85 1 320 1 303 1 308 1 215 1
36 3 7 7 1 121 6 293 6 135 2 21 4 114 1 83 2
//IdTournes NbColis
12 1
//IdColis IdCommandeInColis NbProducts IdProd1 QtyProd1 IdProd2 QtyProd2 ...
6 1 10 12 3 54 1 75 4 108 2 107 3 153 1 94 1 61 1 47 1 11 1
