//NbTournees
11
//IdTournes NbColis
1 6
//IdColis IdCommandeInColis NbProducts IdProd1 QtyProd1 IdProd2 QtyProd2 ...
2 1 23 1 1 21 1 5 1 26 1 41 1 95 1 89 1 7 2 8 1 9 1 13 2 20 1 27 1 73 1 74 2 98 1 143 1 87 1 113 1 114 1 181 1 108 1 121 2
5 2 29 182 1 206 1 1 1 21 1 69 1 5 2 26 2 41 1 95 2 89 1 8 1 9 2 20 2 78 2 80 2 27 1 191 2 200 2 73 1 74 2 77 1 98 1 67 1 168 1 391 1 108 1 136 2 325 1 147 1
8 3 34 174 1 178 2 179 1 187 1 284 1 238 1 92 1 215 1 328 1 70 1 384 1 221 1 409 1 31 1 232 1 122 1 85 1 234 1 141 1 182 1 206 1 233 1 1 1 21 1 5 1 26 1 41 1 61 1 89 1 83 1 8 1 16 2 78 2 198 1
11 4 21 23 1 57 1 2 1 48 1 54 1 173 1 51 1 79 1 29 1 58 1 134 1 149 1 112 1 148 1 196 1 386 1 174 1 223 1 179 1 187 1 92 1
13 5 16 2 1 48 1 210 2 218 1 40 1 134 1 149 1 196 2 112 2 148 2 223 2 187 1 217 1 220 2 262 2 53 1
18 6 33 277 1 348 1 370 1 364 1 369 1 112 1 148 1 196 1 10 1 44 1 360 1 345 1 174 1 178 1 179 1 187 1 14 1 238 1 4 1 38 1 312 1 378 1 92 1 171 1 66 1 274 1 365 1 366 1 170 1 3 1 6 1 11 1 118 1
//IdTournes NbColis
2 6
//IdColis IdCommandeInColis NbProducts IdProd1 QtyProd1 IdProd2 QtyProd2 ...
26 9 25 56 1 54 1 173 1 250 1 207 1 134 1 149 1 148 1 196 1 112 2 174 1 178 2 179 1 184 1 187 1 243 1 241 1 70 1 122 2 169 1 182 1 1 1 21 1 5 1 136 1
32 11 25 15 1 35 1 231 1 305 1 306 1 134 1 324 1 149 1 214 1 196 1 112 1 174 1 178 1 179 1 187 1 38 1 92 1 66 1 170 1 47 2 122 1 1 1 21 1 5 1 26 1
34 12 26 177 1 56 1 342 1 337 1 134 1 254 1 348 1 214 1 252 1 255 1 174 1 178 1 179 1 187 1 38 1 219 2 6 1 47 1 97 1 122 1 1 1 21 1 5 1 26 1 248 1 27 1
36 13 25 338 1 2 1 218 1 230 1 22 1 197 1 134 1 149 1 267 1 148 1 196 1 112 2 10 1 220 1 174 1 223 2 187 1 238 1 336 1 243 1 53 1 70 1 226 1 182 1 227 1
37 13 24 188 1 1 1 21 1 175 1 5 1 26 1 248 1 95 1 89 1 7 2 8 1 9 2 13 2 20 2 27 1 191 1 73 1 74 2 98 2 341 1 351 1 136 2 108 1 325 1
38 14 28 304 1 56 1 173 1 134 1 149 1 196 1 112 2 148 1 174 1 178 2 179 1 187 1 92 1 161 1 47 1 97 1 206 1 1 1 21 1 5 1 26 1 41 1 61 1 89 1 320 1 8 1 16 1 73 1
//IdTournes NbColis
3 6
//IdColis IdCommandeInColis NbProducts IdProd1 QtyProd1 IdProd2 QtyProd2 ...
40 15 24 210 1 254 1 134 1 252 1 255 1 214 1 1 1 21 1 5 1 26 1 248 1 95 1 7 1 8 1 9 1 13 1 20 1 27 1 73 1 74 1 98 1 251 1 111 1 253 1
41 16 27 2 1 15 1 134 1 149 1 112 1 214 1 196 1 38 1 68 1 1 1 21 1 5 1 26 1 41 1 95 1 7 1 8 1 9 1 13 1 20 1 27 1 73 1 74 1 98 1 242 1 203 1 260 1
42 17 31 134 1 149 1 255 1 214 1 196 1 10 1 174 1 178 1 179 1 187 1 263 1 122 1 1 1 21 1 5 1 26 1 248 1 95 1 7 1 8 1 9 1 13 1 20 1 27 1 73 1 74 1 98 1 261 1 190 1 258 1 257 1
43 18 32 197 1 134 1 149 1 112 1 148 1 196 1 220 1 262 1 223 1 187 1 264 1 38 1 122 1 1 1 21 1 5 1 26 1 41 1 95 1 8 1 16 1 78 1 80 1 86 1 27 1 191 1 200 1 73 1 74 1 77 1 259 1 108 1
45 19 32 56 1 173 1 149 1 185 1 112 1 148 1 196 1 246 1 92 1 122 1 206 1 1 1 21 1 91 1 94 1 41 1 61 1 8 1 16 1 78 2 80 2 86 1 240 1 27 1 73 1 74 2 77 1 19 1 249 1 245 1 142 1 108 1
47 20 37 62 1 278 1 134 1 149 1 277 1 112 1 148 1 284 1 174 1 178 1 179 1 187 1 1 1 21 1 290 1 5 1 26 1 248 1 95 1 7 1 8 1 9 1 13 1 20 1 27 1 73 1 74 1 98 1 292 1 286 1 289 1 176 1 227 1 288 1 295 1 279 1 298 1
//IdTournes NbColis
4 6
//IdColis IdCommandeInColis NbProducts IdProd1 QtyProd1 IdProd2 QtyProd2 ...
49 21 34 177 1 22 1 254 1 134 1 252 1 283 1 214 1 125 1 174 1 178 1 179 1 187 1 272 1 300 1 226 1 301 1 1 1 21 1 5 1 26 1 248 1 95 1 7 1 8 1 9 1 13 1 20 1 27 1 73 1 74 1 98 1 261 1 190 2 139 1
51 22 33 285 1 273 1 254 1 134 1 252 1 255 1 214 1 174 1 178 1 179 1 187 1 202 1 238 1 38 1 42 1 122 2 1 1 21 1 5 1 26 1 41 1 61 1 8 1 16 1 78 1 80 1 86 1 27 1 73 1 74 1 77 1 268 1 418 1
53 23 35 134 1 149 1 267 1 112 1 255 1 214 1 174 1 178 2 179 1 187 1 38 1 161 1 170 1 1 1 21 1 137 1 5 1 26 1 41 1 95 1 89 1 7 1 8 1 9 1 13 1 20 1 27 1 73 1 74 1 98 1 266 1 281 1 294 1 121 1 158 2
55 24 31 270 1 287 1 173 1 134 1 149 1 112 1 148 1 220 1 174 1 122 2 1 1 21 1 175 1 5 1 26 1 41 1 95 1 8 1 9 1 20 1 78 1 80 1 280 1 27 1 73 1 74 1 77 1 275 1 293 1 108 1 136 1
57 25 32 271 1 56 1 296 1 134 1 149 1 252 1 255 1 214 1 299 1 174 1 274 1 170 1 291 1 122 1 1 1 21 1 5 1 26 1 41 1 95 1 265 1 7 2 8 1 9 1 13 2 20 1 27 1 73 1 74 2 98 1 282 1 293 1
59 26 36 15 1 307 1 134 1 149 1 43 1 311 1 252 1 255 1 214 1 302 1 174 1 38 1 314 1 122 1 1 1 21 1 5 1 26 1 41 1 95 1 7 1 8 1 9 1 13 1 20 1 317 1 27 1 73 1 74 1 98 1 116 1 12 1 261 2 323 1 190 1 326 1
//IdTournes NbColis
5 6
//IdColis IdCommandeInColis NbProducts IdProd1 QtyProd1 IdProd2 QtyProd2 ...
61 27 33 32 1 313 1 254 1 134 1 308 1 252 1 283 1 214 1 174 1 178 1 179 1 187 1 38 1 319 1 122 1 330 1 1 1 21 1 5 1 26 1 248 1 95 1 7 1 8 1 9 1 13 1 20 1 27 1 73 1 74 1 98 1 310 1 96 1
63 28 30 303 1 134 1 149 1 112 2 214 1 196 1 309 1 174 1 178 2 179 1 187 1 171 1 170 1 328 1 232 1 329 1 182 1 1 1 21 1 5 1 26 1 41 1 61 1 89 2 8 1 16 1 78 1 80 1 86 1 216 1
65 29 26 56 1 417 1 134 1 149 1 112 2 148 1 196 1 162 1 312 1 92 1 66 1 413 1 70 1 195 2 122 1 300 2 182 2 321 1 1 1 21 1 175 1 5 1 26 1 41 1 95 1 89 2
67 30 26 2 1 254 1 134 1 252 1 255 1 214 1 174 1 178 1 179 1 187 1 352 1 1 1 21 1 5 1 26 1 248 1 95 1 7 1 8 1 9 1 13 1 20 1 27 1 73 1 74 1 98 1
77 36 20 2 1 435 1 32 1 210 1 183 1 296 1 197 1 134 1 149 1 421 1 311 1 112 2 148 2 196 2 420 2 424 1 162 1 217 1 174 2 38 1
78 36 28 223 2 179 2 187 1 238 1 92 1 170 2 46 1 68 1 104 2 395 1 122 1 429 2 188 1 206 1 123 1 428 1 1 1 21 1 5 2 26 2 41 1 95 2 426 1 8 2 9 2 20 2 107 1 431 1
//IdTournes NbColis
6 6
//IdColis IdCommandeInColis NbProducts IdProd1 QtyProd1 IdProd2 QtyProd2 ...
33 11 14 41 1 95 1 7 2 8 1 9 1 13 2 20 1 315 1 27 1 73 1 74 2 98 1 216 1 108 1
35 12 16 95 1 7 2 8 1 9 1 13 2 20 1 205 1 73 1 74 2 98 1 349 1 297 1 90 1 350 1 108 1 121 1
66 29 13 7 2 8 1 9 1 13 2 20 1 27 1 73 1 74 2 98 1 318 1 108 1 115 1 327 1
68 31 33 210 1 353 1 134 1 149 1 112 1 148 1 335 1 345 1 92 1 161 1 354 1 241 1 70 1 182 1 21 1 84 1 91 1 94 1 41 1 61 1 8 1 16 1 78 2 80 2 86 1 27 1 73 1 74 2 77 1 153 1 339 1 71 1 295 1
12 4 25 264 1 66 1 34 1 106 1 21 1 84 1 91 1 94 1 41 1 61 1 8 1 16 1 78 2 80 2 86 1 27 1 73 1 74 2 77 1 393 1 113 1 117 1 326 1 108 1 136 2
19 6 41 46 1 50 1 70 2 361 1 104 1 204 1 103 1 106 1 122 1 105 1 234 1 206 1 21 1 362 1 84 1 91 1 94 1 41 1 61 1 8 1 16 1 25 1 358 1 363 1 78 2 80 2 86 1 377 1 27 1 73 1 74 2 77 1 107 1 19 1 30 1 372 1 71 1 357 1 143 1 251 1 12 1
//IdTournes NbColis
7 6
//IdColis IdCommandeInColis NbProducts IdProd1 QtyProd1 IdProd2 QtyProd2 ...
23 8 31 383 1 15 1 88 1 379 1 149 1 185 1 112 1 148 1 196 1 368 1 162 1 336 1 63 1 243 1 68 1 33 1 122 1 141 1 85 1 64 1 84 1 110 1 137 1 175 2 91 1 94 1 41 1 61 1 16 2 78 1 37 1
27 9 28 26 1 41 1 95 1 135 1 180 1 89 1 83 1 8 1 9 2 20 2 247 1 78 2 80 2 27 1 191 1 73 1 74 2 98 2 256 1 245 1 28 1 244 1 203 1 130 1 139 1 201 1 108 1 152 1
29 10 26 56 1 173 1 183 1 132 1 197 1 134 1 149 1 148 1 196 1 112 2 374 1 174 1 178 2 179 1 187 1 202 1 336 2 243 1 161 1 11 1 359 1 371 1 204 1 104 1 107 1 113 1
70 32 28 134 1 149 1 340 1 112 1 148 1 196 1 174 1 178 1 179 1 187 1 264 1 33 1 21 1 84 1 91 1 94 1 41 1 61 1 8 1 16 1 78 1 80 1 86 1 27 1 73 1 74 1 77 1 346 1
71 33 25 32 1 54 1 230 1 29 1 40 1 149 1 185 1 343 1 24 1 43 1 311 1 112 2 148 1 196 1 347 1 202 1 336 1 243 1 66 1 328 1 195 1 228 1 36 1 399 1 85 1
79 36 30 78 2 80 2 27 2 73 2 74 2 77 2 292 1 286 2 432 2 322 1 422 1 297 1 12 1 423 1 425 1 373 1 203 1 237 1 434 1 391 1 430 1 227 1 108 1 119 1 145 1 433 1 427 1 152 1 154 1 167 1
//IdTournes NbColis
8 6
//IdColis IdCommandeInColis NbProducts IdProd1 QtyProd1 IdProd2 QtyProd2 ...
3 2 17 15 1 416 2 417 1 419 1 48 1 54 1 218 1 183 1 59 1 60 1 132 1 394 1 149 1 185 2 388 1 112 1 68 1
17 6 19 52 1 177 1 15 1 56 1 102 1 32 1 189 1 183 1 367 1 79 1 197 1 39 1 101 1 134 1 149 1 17 1 24 1 43 1 123 1
21 7 27 15 1 342 1 102 1 189 1 183 1 197 1 101 1 207 1 134 1 149 1 355 1 112 1 148 1 196 1 174 1 178 1 179 1 187 1 38 1 356 1 104 1 204 1 100 1 103 1 122 1 105 1 108 1
14 5 31 75 1 238 3 228 1 36 1 33 1 47 1 226 1 122 1 234 1 141 1 206 1 64 1 84 1 175 1 290 1 137 1 91 2 94 2 41 1 61 2 16 2 78 2 80 2 81 1 86 2 194 1 65 1 205 1 73 1 74 1 397 1
22 7 25 182 1 192 2 206 2 64 1 84 1 91 1 94 1 41 1 61 1 16 1 78 1 80 1 81 1 86 1 65 1 205 1 191 1 73 1 74 1 77 1 107 1 318 1 99 1 144 2 158 1
30 10 32 195 1 100 1 103 1 105 1 182 1 188 1 192 1 206 1 21 1 84 1 91 1 94 1 41 1 61 1 89 1 16 2 78 2 80 2 81 1 86 2 27 1 205 1 191 2 73 1 74 2 77 2 153 1 373 1 140 1 157 1 166 1 108 1
//IdTournes NbColis
9 6
//IdColis IdCommandeInColis NbProducts IdProd1 QtyProd1 IdProd2 QtyProd2 ...
72 33 45 226 1 141 1 234 1 182 1 64 1 84 1 110 1 175 1 91 1 94 1 41 1 61 1 89 1 83 1 411 1 16 1 78 1 80 1 81 1 86 1 126 1 194 1 65 1 191 1 73 1 74 1 77 1 387 1 292 1 198 1 116 1 138 1 159 1 209 1 163 1 186 1 146 1 344 2 156 1 193 1 203 1 93 1 237 1 160 1 190 1
74 34 34 210 1 380 1 51 1 134 1 149 1 348 1 112 1 148 1 284 1 385 1 174 1 92 1 171 1 376 1 384 1 221 1 122 2 64 1 84 1 91 1 94 1 41 1 61 1 16 1 78 1 80 1 81 1 86 1 65 1 73 1 74 1 77 1 318 1 108 1
1 1 24 55 1 56 1 54 1 134 1 149 1 112 2 148 1 196 1 125 1 174 1 178 2 179 1 187 1 18 1 63 1 92 1 42 1 68 1 45 1 47 1 97 1 208 1 129 1 182 1
15 5 35 74 1 77 2 198 1 292 1 116 1 138 1 19 1 389 1 82 1 256 1 76 1 203 2 407 1 93 1 225 1 160 2 402 1 235 1 391 1 392 1 111 1 114 1 181 1 401 1 90 1 150 1 212 1 213 1 229 2 382 1 108 2 403 1 166 1 96 1 144 1
7 3 19 177 1 222 1 35 1 56 1 218 1 224 1 412 1 380 1 62 1 72 1 88 1 22 1 134 1 149 1 49 1 196 1 112 2 148 1 217 1
9 3 56 80 2 86 2 194 1 126 1 27 1 191 1 73 1 74 2 77 2 292 1 209 1 163 1 168 1 186 1 116 1 127 1 138 1 159 1 322 1 146 1 156 1 297 1 193 1 203 1 407 1 93 1 237 1 190 1 160 1 211 1 236 1 396 1 124 1 404 1 133 1 142 1 326 1 90 1 239 1 150 1 381 1 108 1 115 1 131 1 257 1 145 1 157 1 199 1 375 1 172 1 279 1 398 1 325 1 405 1 147 1 151 1
//IdTournes NbColis
10 6
//IdColis IdCommandeInColis NbProducts IdProd1 QtyProd1 IdProd2 QtyProd2 ...
39 14 14 78 2 80 2 86 1 27 1 74 2 77 1 318 1 322 1 275 1 203 1 332 1 316 1 136 1 325 1
64 28 13 126 1 27 1 73 1 74 1 77 1 138 1 168 1 331 1 333 1 203 1 334 1 261 2 190 2
20 6 15 28 1 37 1 244 1 118 1 414 1 176 1 90 3 115 1 119 1 121 2 136 3 155 1 144 1 167 1 96 1
52 22 4 276 1 297 1 269 1 96 1
24 8 55 78 1 80 2 81 1 86 2 126 1 194 1 65 1 191 1 200 1 73 1 74 2 77 2 198 1 116 1 127 1 138 1 159 1 163 1 168 1 186 1 146 1 156 1 193 1 93 1 160 1 190 1 111 1 117 1 124 1 133 1 140 1 142 1 165 1 150 1 90 1 131 1 136 1 145 1 157 1 166 1 381 1 382 1 108 2 199 1 375 1 172 1 109 2 128 1 144 1 147 1 151 1 154 1 164 1 279 1 120 1
76 35 9 287 1 210 1 92 1 161 1 68 1 104 1 113 1 325 1 152 1
//IdTournes NbColis
11 3
//IdColis IdCommandeInColis NbProducts IdProd1 QtyProd1 IdProd2 QtyProd2 ...
73 33 20 124 1 133 1 235 1 236 2 400 1 140 1 401 1 90 1 150 1 108 2 131 1 408 1 145 1 375 1 199 1 172 1 147 1 151 1 164 1 120 1
4 2 19 112 2 148 2 196 2 386 1 410 1 220 2 262 2 223 3 187 2 264 1 238 2 415 1 413 1 390 1 395 1 122 1 406 1 300 1 226 2
10 3 1 120 1
