//NbTournees
2
//IdTournes NbColis
1 6
//IdColis IdCommandeInColis NbProducts IdProd1 QtyProd1 IdProd2 QtyProd2 ...
2 1 16 94 1 178 1 13 1 67 3 68 3 195 1 3 1 197 1 154 2 180 1 127 1 207 1 189 1 123 1 97 1 63 1
10 1 28 47 1 58 1 79 1 90 1 101 1 103 1 108 1 114 1 133 2 141 2 166 1 187 1 188 2 193 1 202 1 205 1 144 1 171 2 113 1 147 2 119 1 156 1 209 1 112 1 36 1 43 3 50 1 10 1
8 1 13 159 1 167 1 106 1 72 4 73 4 157 4 164 1 183 1 25 1 153 1 199 2 1 3 142 1
9 1 22 1 7 122 3 38 1 53 2 110 1 14 1 182 1 198 2 16 2 49 3 146 1 155 1 201 1 12 2 151 1 45 2 191 1 9 1 44 2 148 1 4 1 19 1
7 1 17 98 2 168 1 69 2 109 2 162 1 185 1 190 1 206 1 92 1 160 1 170 1 121 1 28 2 137 2 159 4 118 1 54 1
11 1 39 50 2 60 1 88 1 175 1 93 1 95 4 131 1 46 1 48 1 80 1 10 1 11 2 117 1 196 2 208 1 29 4 59 7 62 1 35 1 41 1 82 1 111 1 37 2 65 1 66 1 55 3 52 1 78 1 177 1 51 2 57 1 64 1 83 1 173 1 77 1 140 1 61 1 34 2 63 1
//IdTournes NbColis
2 6
//IdColis IdCommandeInColis NbProducts IdProd1 QtyProd1 IdProd2 QtyProd2 ...
5 1 21 20 1 91 1 2 1 17 1 21 1 200 1 76 1 24 2 26 3 84 1 143 1 169 1 71 1 134 1 172 1 145 1 8 2 102 1 42 2 23 2 152 1
1 1 12 39 1 40 1 129 1 85 2 158 1 70 1 150 1 87 2 181 1 186 2 5 1 56 1
3 1 17 105 1 107 1 125 2 130 1 126 1 128 1 6 1 7 2 15 1 18 2 27 1 30 2 74 2 75 1 81 1 100 2 118 1
4 1 15 100 2 104 4 115 2 116 1 124 3 132 1 163 1 179 1 192 1 194 1 204 1 20 2 24 1 149 1 63 1
56 2 7 161 1 96 1 165 1 80 1 176 1 89 1 120 1
6 1 14 23 2 31 2 32 2 33 1 86 2 99 3 135 1 136 1 138 1 139 1 174 1 184 1 203 1 22 1
