//NbTournees
2
//IdTournes NbColis
1 6
//IdColis IdCommandeInColis NbProducts IdProd1 QtyProd1 IdProd2 QtyProd2 ...
1 1 21 125 1 1 1 5 1 13 1 17 1 35 1 61 1 117 1 2 1 3 1 4 1 6 2 14 2 15 1 19 1 29 1 32 1 33 1 36 1 37 1 112 1
6 2 18 34 1 7 1 12 1 14 2 19 1 27 1 29 1 36 1 50 1 52 1 71 2 57 1 100 1 101 1 108 1 92 1 93 1 126 1
9 3 16 7 1 14 2 29 1 80 1 92 1 93 1 82 1 18 2 25 1 58 2 83 1 84 1 79 1 94 1 91 4 88 1
4 1 14 111 1 116 1 8 1 9 1 31 1 40 1 43 1 54 1 49 1 60 1 69 1 72 1 110 1 58 1
10 4 19 33 1 56 1 57 1 63 1 66 1 28 1 41 1 67 1 10 1 48 2 81 1 39 1 64 1 83 1 77 1 89 1 87 1 91 7 90 1
7 2 20 11 1 16 1 28 1 53 1 95 1 98 1 104 1 122 1 20 1 23 1 59 1 96 1 99 2 103 1 78 1 109 1 119 1 86 1 107 1 120 1
//IdTournes NbColis
2 3
//IdColis IdCommandeInColis NbProducts IdProd1 QtyProd1 IdProd2 QtyProd2 ...
3 1 20 113 1 114 1 75 1 21 1 22 1 24 1 30 1 38 1 44 1 51 1 59 1 62 1 68 1 70 1 74 1 78 1 86 1 105 1 109 1 91 1
2 1 20 42 1 45 1 46 1 47 1 50 1 55 1 57 1 65 1 73 1 76 1 85 1 106 1 115 1 121 1 123 1 92 1 124 1 26 1 53 1 91 4
8 2 5 60 1 97 1 102 1 118 1 91 7
