//NbTournees
9
//IdTournes NbColis
1 6
//IdColis IdCommandeInColis NbProducts IdProd1 QtyProd1 IdProd2 QtyProd2 ...
2 1 7 81 3 99 4 84 2 131 1 90 2 253 1 142 1
7 1 21 143 1 168 1 171 1 190 1 199 2 200 1 202 1 232 1 240 1 250 1 257 1 314 3 185 1 192 1 214 1 229 1 217 1 244 1 223 1 189 1 2 1
11 1 20 211 3 96 2 222 3 307 3 141 2 154 1 266 1 289 2 144 4 61 1 152 1 42 4 45 1 123 5 35 3 80 9 153 2 58 1 60 3 150 1
25 2 22 144 3 61 2 132 2 63 3 23 1 42 5 123 5 78 2 165 4 55 2 80 9 153 2 150 6 151 11 39 5 40 6 167 2 21 4 6 2 51 1 66 1 1 1
37 3 19 263 3 50 1 12 2 32 1 120 1 62 1 116 1 145 1 149 3 155 2 158 1 174 3 176 1 177 1 178 1 183 3 201 1 205 2 225 1
52 4 19 269 1 89 1 218 3 277 3 38 1 47 1 145 1 155 2 158 1 176 1 177 2 195 1 198 3 205 1 225 1 230 3 238 1 57 1 54 1
//IdTournes NbColis
2 6
//IdColis IdCommandeInColis NbProducts IdProd1 QtyProd1 IdProd2 QtyProd2 ...
4 1 15 101 2 67 1 146 1 157 1 163 2 173 2 180 2 186 1 187 1 188 2 193 1 206 1 207 1 208 1 164 1
51 4 15 280 2 216 2 147 1 194 1 278 1 293 1 295 1 308 2 312 2 284 3 304 1 311 1 269 1 89 1 66 1
36 3 15 280 2 282 1 295 1 308 2 312 2 284 3 148 1 169 1 209 2 296 1 218 3 277 3 263 1 80 1 54 1
12 1 37 150 5 151 11 39 5 40 6 44 1 139 1 136 1 130 1 21 5 13 1 18 5 71 2 75 3 122 2 26 1 27 1 19 1 115 1 4 3 33 1 48 2 52 4 36 1 126 3 118 2 41 1 65 2 77 3 129 5 91 6 30 1 69 1 124 1 102 6 15 2 16 1 11 1
41 3 28 80 5 60 1 150 6 151 11 58 2 39 7 40 7 136 2 21 6 13 1 122 2 75 4 27 1 31 2 49 1 5 1 115 1 4 3 8 1 33 2 48 1 52 5 317 1 14 5 94 4 118 2 65 1 128 1
55 4 27 266 1 42 2 123 5 80 8 17 2 60 1 150 6 151 11 39 5 40 6 21 5 6 1 75 3 122 2 4 3 3 1 52 4 14 1 94 3 118 2 126 2 65 2 77 3 91 5 129 6 102 1 54 1
//IdTournes NbColis
3 6
//IdColis IdCommandeInColis NbProducts IdProd1 QtyProd1 IdProd2 QtyProd2 ...
9 1 20 258 1 89 2 218 3 263 1 184 1 237 1 12 5 37 1 127 1 155 5 161 1 177 2 183 1 225 1 233 1 236 1 239 2 28 1 54 1 2 1
18 2 14 99 2 107 1 319 2 100 2 227 2 67 1 156 2 157 1 163 1 170 1 172 2 180 2 89 1 54 1
31 3 11 112 1 131 2 133 4 134 1 85 1 70 1 43 1 227 2 175 1 157 1 298 1
47 4 15 67 2 157 1 159 1 163 2 166 1 173 2 193 1 180 2 206 1 207 1 208 2 210 2 212 1 91 1 2 1
8 1 15 267 1 259 2 280 2 68 1 278 2 295 1 308 2 312 2 160 1 284 2 234 1 311 1 181 1 89 1 24 1
22 2 16 308 1 312 2 160 1 215 1 284 2 260 3 72 1 89 2 218 3 226 3 297 3 12 6 32 2 87 1 120 1 66 1
//IdTournes NbColis
4 6
//IdColis IdCommandeInColis NbProducts IdProd1 QtyProd1 IdProd2 QtyProd2 ...
23 2 15 120 5 37 3 62 2 127 2 161 2 225 2 239 2 246 1 276 4 310 1 261 2 286 3 74 1 97 1 25 1
32 3 13 162 2 163 1 170 3 173 2 180 2 186 2 187 2 188 3 206 1 208 1 89 1 80 1 2 1
21 2 14 306 1 309 1 315 2 214 2 217 1 223 1 244 1 259 2 280 2 194 1 197 1 220 1 265 1 295 1
35 3 14 309 1 315 2 179 1 240 1 250 1 314 2 192 2 217 2 223 2 259 3 313 1 280 1 89 1 54 1
50 4 15 281 2 283 2 285 1 301 1 192 2 196 2 204 1 217 1 223 1 270 1 259 2 313 1 42 1 66 1 22 1
6 1 11 283 2 285 1 287 2 290 2 309 1 315 2 281 2 299 2 303 2 306 2 182 1
//IdTournes NbColis
5 6
//IdColis IdCommandeInColis NbProducts IdProd1 QtyProd1 IdProd2 QtyProd2 ...
40 3 16 97 4 211 4 235 1 34 2 96 2 203 1 222 4 307 3 289 2 266 1 300 1 61 1 42 4 123 6 80 4 10 1
54 4 11 97 4 211 3 235 6 96 1 203 4 222 3 307 3 316 2 289 2 66 1 22 1
19 2 15 206 1 207 1 208 1 210 2 212 2 186 1 187 1 188 2 193 1 219 2 221 1 224 1 242 1 243 1 72 1
5 1 14 208 1 210 2 212 2 224 2 242 1 243 2 249 1 251 1 254 2 219 2 264 1 268 1 63 1 20 1
33 3 12 208 1 210 2 212 2 242 1 249 1 254 2 219 3 221 1 224 2 243 2 281 1 91 1
24 2 15 97 8 25 2 46 2 117 2 119 2 211 3 34 4 57 2 96 1 222 3 307 3 266 1 289 2 54 1 10 1
//IdTournes NbColis
6 6
//IdColis IdCommandeInColis NbProducts IdProd1 QtyProd1 IdProd2 QtyProd2 ...
48 4 15 212 1 213 1 186 1 187 1 188 2 224 2 254 2 255 1 219 2 221 1 242 1 243 2 249 1 89 1 80 1
44 4 7 95 2 140 2 98 2 137 1 114 1 81 2 191 1
38 3 15 225 1 228 1 231 3 233 2 236 1 239 3 241 1 245 1 246 2 247 5 248 1 252 1 272 3 74 1 10 1
53 4 15 239 2 246 1 271 3 273 3 275 1 276 1 288 1 291 2 286 3 261 3 97 5 96 1 42 1 66 1 22 1
46 4 8 131 1 99 4 134 4 83 1 85 1 227 2 101 1 269 1
10 1 13 247 1 256 1 276 3 310 2 305 1 261 3 286 3 79 2 29 2 97 9 46 1 42 1 129 1
//IdTournes NbColis
7 6
//IdColis IdCommandeInColis NbProducts IdProd1 QtyProd1 IdProd2 QtyProd2 ...
20 2 14 249 1 251 1 254 2 264 1 268 1 281 2 283 1 285 1 287 1 290 2 299 2 303 2 306 1 72 1
49 4 13 251 1 274 1 287 2 290 2 292 1 268 1 299 2 302 2 303 2 306 2 309 1 315 2 42 1
3 1 9 112 2 133 4 83 1 262 2 100 2 319 3 227 2 64 1 66 1
39 3 11 275 1 276 2 279 1 291 2 294 3 305 1 310 3 286 3 261 3 97 7 42 1
34 3 13 281 2 283 2 285 1 287 2 290 2 268 1 299 3 302 1 303 2 306 2 89 1 42 1 2 1
13 1 10 66 8 93 9 92 9 54 8 1 9 10 1 22 9 138 1 53 10 59 4
//IdTournes NbColis
8 6
//IdColis IdCommandeInColis NbProducts IdProd1 QtyProd1 IdProd2 QtyProd2 ...
26 2 24 51 1 75 3 122 2 26 2 27 2 31 2 5 2 19 2 33 1 118 2 126 3 77 3 7 1 129 6 91 6 102 6 66 7 93 9 92 9 54 7 1 8 10 1 22 9 59 1
42 3 19 125 4 77 3 91 6 129 7 76 1 30 1 69 2 318 1 102 7 15 1 16 1 66 11 93 11 92 10 54 8 1 11 22 11 53 1 59 2
56 4 9 102 5 15 1 66 5 93 9 92 8 54 7 1 9 22 6 53 3
1 1 8 98 2 135 1 104 2 95 2 114 1 9 1 73 1 34 1
16 2 9 81 2 88 1 105 3 84 3 86 1 106 1 108 1 43 1 35 1
30 3 7 98 2 114 1 81 3 84 3 90 2 83 1 54 1
//IdTournes NbColis
9 4
//IdColis IdCommandeInColis NbProducts IdProd1 QtyProd1 IdProd2 QtyProd2 ...
15 2 9 103 1 98 1 104 1 113 1 95 2 114 1 121 1 56 1 81 1
29 3 8 95 2 109 1 110 1 111 1 135 1 140 3 70 1 92 1
45 4 9 81 1 82 2 84 3 86 1 90 2 112 2 131 1 70 1 92 1
17 2 8 108 1 112 2 131 1 90 2 133 4 99 2 319 1 78 1
