//NbTournees
4
//IdTournes NbColis
1 6
//IdColis IdCommandeInColis NbProducts IdProd1 QtyProd1 IdProd2 QtyProd2 ...
1 1 15 9 1 86 1 40 2 103 1 110 1 16 1 197 1 33 1 51 2 56 3 124 1 1 2 30 2 32 1 255 1
5 2 17 40 1 105 1 176 3 1 1 6 1 24 1 263 1 177 1 225 1 266 1 279 1 166 1 64 1 77 1 109 1 141 1 180 1
6 2 20 75 1 78 1 106 1 121 1 130 1 159 1 264 1 231 1 82 1 271 1 107 1 173 2 2 1 13 2 39 5 4 1 67 1 5 1 171 1 259 1
10 3 22 198 2 226 1 231 1 275 1 10 1 22 1 153 1 89 2 27 1 2 1 287 1 25 1 39 4 57 1 90 1 268 1 162 1 132 1 61 1 69 1 139 1 149 2
15 4 14 181 1 150 4 172 1 219 1 3 1 252 1 205 1 180 1 260 1 179 2 170 2 282 1 168 1 289 1
18 5 25 165 1 36 1 55 1 154 1 173 1 221 1 7 1 60 2 162 1 269 1 18 1 135 1 139 1 149 1 3 1 34 1 62 2 252 1 206 1 254 1 180 1 288 1 179 2 170 2 168 1
//IdTournes NbColis
2 6
//IdColis IdCommandeInColis NbProducts IdProd1 QtyProd1 IdProd2 QtyProd2 ...
22 6 26 154 1 12 2 5 3 63 1 114 1 116 1 117 1 232 1 131 4 3 1 28 2 234 1 171 1 261 1 257 1 208 1 206 1 180 1 215 2 179 2 212 2 168 1 214 1 209 1 258 1 70 1
25 7 31 192 1 157 2 218 1 222 1 118 1 140 1 199 1 165 1 227 1 115 1 134 1 203 1 63 1 193 1 172 1 228 1 72 1 3 1 253 1 234 2 252 1 171 1 167 1 208 1 206 1 180 1 179 2 170 2 168 1 245 1 258 1
14 4 20 198 1 226 1 241 1 187 1 202 1 183 1 146 1 76 1 184 2 154 3 221 1 274 1 276 1 290 1 4 1 31 1 52 1 61 1 181 1 206 1
27 8 27 93 1 92 1 68 1 175 1 177 1 95 1 45 1 130 1 164 1 178 1 118 1 163 1 60 1 94 2 5 1 149 1 156 1 174 1 131 1 91 2 100 1 167 1 180 1 179 2 170 2 168 1 169 1
11 3 24 232 1 72 2 131 1 8 1 272 1 252 1 167 1 284 1 206 1 213 1 286 1 204 1 180 1 207 1 238 1 211 2 179 2 285 1 170 2 283 1 168 1 245 1 258 1 259 4
16 5 14 280 1 291 1 9 1 292 1 29 1 40 2 129 1 133 1 128 1 58 1 127 1 26 1 54 1 111 1
//IdTournes NbColis
3 6
//IdColis IdCommandeInColis NbProducts IdProd1 QtyProd1 IdProd2 QtyProd2 ...
9 3 20 40 1 191 1 58 2 20 2 47 1 68 1 80 1 148 1 216 1 220 1 223 1 225 1 236 1 11 1 267 1 143 1 189 1 239 1 208 1 259 1
20 6 17 247 1 262 1 86 1 40 2 38 1 105 1 191 1 81 3 59 2 14 1 137 1 148 1 244 1 188 1 229 1 235 1 239 1
2 1 22 84 1 80 1 136 2 200 1 223 1 240 1 248 1 255 4 201 1 142 1 164 1 241 1 101 2 113 1 144 1 218 1 43 1 15 1 151 1 256 1 208 1 210 2
13 4 19 17 1 47 1 54 1 185 1 195 1 200 1 236 1 279 1 188 1 235 1 71 1 79 1 46 1 45 1 182 1 21 1 73 1 106 1 194 1
17 5 22 265 1 278 1 255 5 83 1 53 1 42 1 102 1 143 1 19 1 65 1 106 1 112 1 152 1 164 1 85 1 82 1 147 1 218 1 66 1 140 1 146 1 239 1
21 6 21 160 1 255 5 98 1 23 1 96 1 119 1 120 1 158 1 159 1 231 1 22 1 48 1 49 2 153 1 217 2 222 1 161 1 41 1 36 1 107 1 237 1
//IdTournes NbColis
4 4
//IdColis IdCommandeInColis NbProducts IdProd1 QtyProd1 IdProd2 QtyProd2 ...
12 4 16 273 1 242 1 277 1 29 1 86 1 129 1 186 2 35 1 110 1 176 1 243 1 37 2 44 1 50 1 124 1 205 1
24 7 19 40 1 126 1 122 2 125 1 81 2 196 1 233 1 255 5 143 1 189 1 99 1 142 1 96 1 104 1 106 1 123 1 130 1 190 1 153 1
7 2 17 63 1 74 1 87 1 88 1 117 1 135 1 139 2 149 2 150 1 172 1 270 1 131 1 281 1 179 2 170 2 168 1 245 1
3 1 34 108 1 97 1 115 2 173 2 256 1 132 1 69 1 117 1 138 1 139 1 145 1 150 1 155 1 172 1 230 1 253 1 246 1 252 1 171 1 206 1 249 1 254 1 180 1 260 1 179 2 212 2 168 1 251 1 214 1 250 1 70 1 224 3 210 1 259 2
