//NbTournees
16
//IdTournes NbColis
1 6
//IdColis IdCommandeInColis NbProducts IdProd1 QtyProd1 IdProd2 QtyProd2 ...
69 24 14 82 1 92 1 97 1 53 1 76 1 83 1 84 1 51 1 63 1 103 1 130 1 138 1 139 1 161 1
7 3 25 149 1 166 1 172 1 261 1 158 1 115 1 105 1 277 1 327 1 318 1 279 1 120 1 123 1 118 1 127 2 174 1 62 1 16 1 141 1 11 1 27 1 54 1 161 1 64 2 28 1
30 10 15 146 1 170 1 172 1 104 1 145 1 153 1 174 1 60 1 141 1 161 1 175 1 177 1 85 5 58 2 23 1
34 12 18 49 1 40 1 76 1 117 1 128 1 130 1 131 1 133 1 136 1 138 1 159 2 168 1 169 1 173 1 105 1 160 1 167 1 64 1
60 21 13 177 1 196 1 113 1 107 2 106 2 114 1 64 5 65 3 33 2 341 1 58 2 52 3 66 3
67 23 30 279 1 17 1 18 2 59 1 61 1 134 1 150 1 151 1 163 3 283 1 284 1 126 1 47 1 119 1 174 1 60 1 351 1 16 1 141 1 161 2 278 1 175 1 177 1 113 1 107 2 106 2 114 1 85 3 33 2 65 3
//IdTournes NbColis
2 6
//IdColis IdCommandeInColis NbProducts IdProd1 QtyProd1 IdProd2 QtyProd2 ...
73 25 16 43 1 46 1 53 1 82 1 51 1 83 1 84 1 63 1 116 1 122 1 124 1 125 1 139 1 162 1 105 1 35 1
71 24 20 172 1 319 1 111 1 277 1 318 2 279 1 112 1 47 1 127 2 174 1 60 1 141 1 161 1 278 2 177 1 175 1 108 1 85 5 313 1 58 1
79 26 22 318 2 279 1 353 1 143 1 344 1 185 1 200 1 290 1 127 2 174 1 60 1 16 1 141 1 161 2 278 2 100 1 175 1 177 1 108 1 312 1 85 5 58 2
11 4 18 318 2 279 2 287 2 337 1 123 1 178 1 193 2 44 1 184 1 198 1 127 3 174 1 48 3 62 1 141 1 161 3 99 1 4 1
55 20 18 166 1 172 2 55 1 277 1 318 2 279 2 123 1 178 1 344 1 199 1 272 1 127 3 174 1 48 2 60 1 141 1 161 3 101 1
81 27 15 43 1 46 1 53 1 82 1 51 1 83 1 84 1 63 1 14 1 130 1 138 1 139 1 212 1 157 1 178 1
//IdTournes NbColis
3 6
//IdColis IdCommandeInColis NbProducts IdProd1 QtyProd1 IdProd2 QtyProd2 ...
10 4 17 168 2 260 1 243 1 245 1 203 1 26 1 142 1 149 1 166 2 172 2 180 1 182 1 215 1 277 1 282 1 4 1 7 1
86 28 19 245 1 190 1 295 1 183 1 142 1 149 1 166 2 172 1 205 1 277 1 318 2 279 1 145 1 294 1 179 1 112 1 126 1 201 1 187 1
58 21 17 244 2 142 1 149 1 154 1 156 1 242 1 166 1 172 1 319 1 181 1 232 1 236 2 296 2 277 1 327 1 343 1 4 1
18 6 26 318 1 279 1 123 1 126 1 184 1 119 1 201 1 153 1 235 1 317 1 127 2 174 1 9 1 48 1 60 1 141 1 161 2 278 1 175 1 177 1 30 1 32 1 64 6 29 1 58 2 35 1
53 20 15 97 1 82 1 92 1 53 1 83 1 84 1 63 1 51 1 188 1 189 1 130 1 197 1 131 1 132 1 184 1
70 24 16 157 1 162 1 165 2 320 1 260 1 243 1 244 2 245 1 155 1 109 1 142 1 149 1 164 1 166 2 123 1 58 1
//IdTournes NbColis
4 6
//IdColis IdCommandeInColis NbProducts IdProd1 QtyProd1 IdProd2 QtyProd2 ...
74 25 18 240 1 165 1 280 1 245 1 336 1 109 1 140 1 142 1 149 1 271 1 166 2 172 1 350 1 346 1 129 1 135 1 147 1 58 1
104 34 20 77 1 130 1 133 1 136 1 138 1 159 1 168 1 302 1 17 2 18 2 59 1 61 1 184 1 264 2 60 1 312 1 85 5 58 2 52 3 66 3
89 29 18 42 1 46 1 188 1 218 1 220 1 216 1 222 1 130 1 138 1 206 1 229 1 162 1 240 1 165 2 243 1 244 2 245 1 54 1
51 19 22 77 1 102 1 220 1 116 1 130 1 133 1 136 1 138 1 152 2 168 1 173 1 300 1 301 1 255 1 59 1 61 1 17 2 18 2 60 1 298 1 85 6 58 2
4 2 15 133 1 136 1 138 1 157 1 159 1 165 2 168 1 142 1 149 1 166 2 172 1 160 1 277 1 318 2 110 1
12 4 19 278 2 100 2 101 1 175 2 177 1 15 2 12 1 192 1 21 1 110 1 64 4 6 1 22 1 29 1 10 1 58 3 5 1 25 1 23 1
//IdTournes NbColis
5 6
//IdColis IdCommandeInColis NbProducts IdProd1 QtyProd1 IdProd2 QtyProd2 ...
56 20 15 278 2 175 2 177 1 32 1 78 1 31 1 110 1 64 3 85 3 8 1 338 1 342 2 313 1 10 1 58 2
76 25 7 177 1 70 1 110 1 356 1 64 4 58 1 23 1
32 11 26 242 1 166 1 170 1 172 1 232 1 236 1 277 1 318 1 279 1 296 1 120 1 174 1 72 1 48 1 60 1 89 4 141 1 161 1 278 1 175 1 177 1 15 1 73 1 217 1 81 1 88 1
59 21 26 318 1 279 1 59 1 17 2 18 2 123 1 112 1 134 1 150 2 163 3 151 1 283 1 284 1 339 1 340 1 331 1 348 1 127 2 174 1 62 1 141 1 27 1 161 2 278 2 175 1 186 1
2 1 18 18 1 59 1 61 1 150 1 126 1 200 1 48 2 60 1 89 3 31 1 187 1 1 1 37 1 22 1 58 2 52 3 66 3 35 1
23 8 16 86 1 77 1 53 1 82 1 74 1 51 1 83 1 14 1 130 1 138 1 139 1 238 1 240 1 162 1 165 1 187 1
//IdTournes NbColis
6 6
//IdColis IdCommandeInColis NbProducts IdProd1 QtyProd1 IdProd2 QtyProd2 ...
90 29 18 336 1 308 1 280 1 260 1 285 1 142 1 149 1 286 1 166 2 246 1 172 1 346 1 160 1 277 1 318 2 194 1 187 1 58 1
5 2 17 279 1 226 1 123 1 112 1 127 2 174 1 48 1 60 1 141 1 54 1 161 2 278 2 100 1 177 1 175 1 64 6 58 2
14 5 18 34 1 239 1 17 2 18 2 59 1 61 1 123 1 112 1 47 1 127 2 60 1 64 5 33 2 65 3 8 1 58 2 52 3 66 3
21 7 29 244 2 245 1 357 1 359 2 255 1 17 2 18 2 59 1 61 1 123 1 112 1 252 1 119 1 253 1 127 2 9 1 48 2 62 1 16 1 11 1 100 1 32 1 68 1 64 6 69 1 71 2 80 1 58 2 66 3
25 8 16 233 1 230 1 112 1 127 2 174 1 60 1 141 1 161 2 278 2 175 1 177 1 70 1 219 1 85 5 10 1 58 2
28 9 18 318 1 279 1 123 1 112 1 127 2 174 1 60 1 141 1 161 2 278 2 100 2 177 1 175 1 31 1 78 1 64 6 13 1 58 2
//IdTournes NbColis
7 6
//IdColis IdCommandeInColis NbProducts IdProd1 QtyProd1 IdProd2 QtyProd2 ...
42 15 23 245 1 142 1 149 1 166 2 172 1 318 2 279 1 120 1 329 1 123 1 112 1 332 1 262 1 333 1 127 2 174 1 48 2 60 1 141 1 161 1 99 1 64 1 58 1
47 17 17 139 1 157 1 165 2 168 1 260 1 245 1 142 1 149 1 166 2 172 1 277 1 318 2 279 1 112 1 48 1 85 1 7 2
75 25 22 270 1 276 1 277 1 279 1 318 2 354 1 137 1 349 1 123 1 112 1 119 1 213 1 281 1 127 2 174 1 62 1 141 1 161 2 278 2 100 1 175 1 64 1
78 26 17 165 1 168 1 260 1 243 1 244 1 245 1 202 1 142 1 149 1 234 1 166 2 291 1 172 1 209 1 292 1 277 1 112 1
91 29 21 279 1 227 1 282 1 231 1 241 1 176 1 326 1 123 1 112 1 127 2 174 1 48 2 141 1 161 1 278 2 175 1 177 1 87 1 345 1 58 1 347 1
93 30 15 49 1 53 1 82 1 51 1 63 1 83 1 84 1 316 1 321 1 258 1 218 1 128 1 130 1 133 2 21 1
//IdTournes NbColis
8 6
//IdColis IdCommandeInColis NbProducts IdProd1 QtyProd1 IdProd2 QtyProd2 ...
44 16 21 93 1 94 1 304 1 189 1 130 1 133 1 136 1 138 1 238 1 159 2 168 1 260 1 294 1 59 1 61 1 17 2 18 2 126 1 274 1 60 1 85 2
24 8 16 280 1 260 1 245 1 228 1 142 1 149 1 286 1 166 2 172 1 115 1 225 1 167 1 277 1 318 2 279 1 123 1
41 15 17 49 1 92 1 77 1 75 1 247 1 248 1 130 1 133 1 138 1 254 1 207 1 157 1 165 2 168 1 260 1 243 1 277 1
77 26 18 53 1 82 1 51 1 63 1 83 1 84 1 14 1 191 1 128 1 195 1 130 1 138 1 139 1 207 1 208 1 157 1 165 1 190 1
16 6 14 42 1 46 1 53 1 67 1 82 1 51 1 63 1 83 1 84 1 14 1 221 1 224 1 130 1 23 1
97 31 18 43 1 46 1 355 1 221 1 130 1 133 2 136 1 138 1 159 2 168 1 146 1 166 1 172 1 170 1 277 1 257 1 85 1 7 1
//IdTournes NbColis
9 6
//IdColis IdCommandeInColis NbProducts IdProd1 QtyProd1 IdProd2 QtyProd2 ...
6 3 18 41 1 43 1 46 1 67 1 45 1 335 1 116 1 130 1 138 1 144 1 157 1 165 1 168 1 280 1 244 1 245 1 55 1 142 1
36 13 22 90 1 299 1 130 1 133 1 136 1 138 1 159 2 305 1 168 1 276 1 143 1 310 1 59 1 61 1 17 2 18 2 126 1 306 1 281 1 127 1 60 1 85 1
63 22 24 166 1 170 1 172 1 277 1 318 1 279 1 263 1 267 1 123 1 126 1 331 1 119 1 268 1 273 1 274 1 325 1 328 1 281 1 127 2 174 1 60 1 141 1 161 1 2 1
3 2 12 49 1 43 2 46 1 53 1 82 1 51 1 83 1 63 1 223 1 130 1 133 1 2 1
66 23 17 293 1 142 1 148 1 154 1 156 1 242 1 166 1 172 1 170 1 121 1 232 2 236 2 296 2 277 1 318 1 239 1 85 1
95 30 22 256 1 167 1 277 1 318 1 279 1 239 1 249 1 123 1 126 1 201 1 317 1 127 2 174 1 60 1 141 1 161 2 278 1 101 1 175 1 177 1 85 5 58 2
//IdTournes NbColis
10 6
//IdColis IdCommandeInColis NbProducts IdProd1 QtyProd1 IdProd2 QtyProd2 ...
35 12 16 143 1 176 1 17 2 18 2 59 1 61 1 123 1 126 1 127 2 60 1 89 1 87 1 64 4 58 2 52 3 66 3
83 27 21 277 1 318 2 279 2 194 1 123 1 126 1 153 1 211 1 213 1 214 1 281 1 127 3 174 1 48 1 60 1 141 1 161 3 278 2 101 1 175 1 362 1
85 28 16 49 1 43 1 46 1 366 1 288 1 130 1 204 1 138 1 139 1 162 1 157 1 165 2 260 1 243 1 244 2 123 1
100 32 21 158 1 275 1 265 1 267 1 17 2 18 2 59 1 61 1 123 1 126 1 127 2 60 1 16 1 70 1 192 1 33 2 65 3 361 1 58 2 52 3 66 3
39 14 18 168 1 146 1 154 1 156 1 242 1 166 1 170 1 172 1 269 1 232 1 236 2 277 1 318 1 279 1 296 2 326 1 126 1 48 1
40 14 12 210 1 264 2 174 1 60 1 89 4 141 1 54 1 161 1 278 1 175 1 177 1 330 1
//IdTournes NbColis
11 6
//IdColis IdCommandeInColis NbProducts IdProd1 QtyProd1 IdProd2 QtyProd2 ...
98 31 15 318 1 279 1 126 1 127 2 174 1 48 2 60 1 141 1 161 1 278 1 175 1 177 1 85 4 58 2 7 1
103 33 14 318 1 279 1 296 1 47 1 264 2 174 1 60 1 89 4 141 1 161 1 278 1 175 1 177 1 352 1
106 35 19 77 1 130 1 133 1 136 1 138 1 152 2 168 1 308 1 17 2 18 2 59 1 61 1 264 2 60 1 85 4 22 1 58 2 52 3 66 3
87 28 16 210 1 235 1 297 1 127 2 174 1 60 1 141 1 161 2 278 2 99 1 175 1 177 1 64 6 342 1 364 1 58 2
94 30 17 138 1 139 1 259 1 157 1 165 2 168 1 280 1 243 1 245 1 322 1 250 1 140 1 142 1 149 1 166 1 172 1 100 1
1 1 21 43 1 46 1 38 1 14 1 56 1 130 1 133 1 136 1 138 1 159 1 168 1 203 1 303 1 55 1 307 1 172 1 239 1 267 1 309 1 17 2 18 1
//IdTournes NbColis
12 6
//IdColis IdCommandeInColis NbProducts IdProd1 QtyProd1 IdProd2 QtyProd2 ...
9 4 14 53 1 82 1 39 1 45 1 51 1 63 1 83 1 84 1 130 2 138 1 207 2 157 1 165 2 64 1
13 5 16 40 1 43 1 46 1 130 1 138 1 139 1 212 1 157 1 162 1 165 2 243 1 244 2 245 1 140 2 246 1 64 1
20 7 14 43 1 46 2 67 1 79 1 14 1 56 1 130 1 138 1 139 1 240 1 162 1 165 3 260 1 243 1
26 9 12 49 1 42 1 46 1 77 1 53 1 82 1 51 1 83 1 84 1 63 1 130 1 29 1
29 10 17 53 1 82 1 74 1 75 1 51 1 83 1 84 1 14 1 130 1 132 1 133 1 136 1 138 1 152 1 168 1 171 1 166 1
31 11 17 53 1 82 1 51 1 83 1 84 1 63 1 130 1 133 1 136 1 138 1 152 1 168 1 146 1 154 1 156 1 234 1 231 1
//IdTournes NbColis
13 6
//IdColis IdCommandeInColis NbProducts IdProd1 QtyProd1 IdProd2 QtyProd2 ...
38 14 14 82 1 53 1 91 1 51 1 83 1 84 1 63 1 334 1 130 1 266 1 133 2 136 1 138 1 152 2
46 17 13 42 1 77 1 97 1 82 1 53 1 83 1 63 1 51 1 14 1 130 1 133 2 136 1 138 1
49 18 24 95 1 130 1 133 2 136 1 138 1 159 2 168 2 59 1 61 1 17 2 18 2 47 1 314 1 210 1 315 1 60 1 48 1 100 1 64 5 65 3 33 2 58 1 323 1 96 1
57 21 15 82 1 53 1 51 1 83 1 84 1 63 1 130 1 138 1 139 1 206 1 162 1 240 1 165 3 243 1 61 1
62 22 17 82 1 53 1 83 1 84 1 63 1 51 1 130 1 132 1 133 1 136 1 138 1 139 1 159 1 168 1 203 1 142 1 256 1
65 23 16 82 1 53 1 83 1 84 1 63 1 51 1 130 1 133 2 136 1 138 1 159 3 289 1 168 1 17 1 85 1 58 1
//IdTournes NbColis
14 6
//IdColis IdCommandeInColis NbProducts IdProd1 QtyProd1 IdProd2 QtyProd2 ...
99 32 17 92 1 365 1 14 2 130 1 138 1 139 1 157 1 165 2 168 1 243 1 244 2 245 1 358 1 360 1 260 1 147 1 23 1
102 33 18 130 1 133 1 136 1 138 1 152 1 238 1 168 1 146 1 154 1 156 1 242 1 166 1 170 1 172 1 232 1 236 1 277 1 327 1
48 17 12 251 2 174 1 48 1 60 1 141 1 161 2 278 2 100 1 177 1 175 1 85 5 58 2
82 27 14 165 2 168 2 260 1 243 1 244 2 245 1 202 1 142 1 149 1 166 2 172 2 147 1 363 1 7 1
17 6 15 133 2 136 1 138 1 157 1 165 3 168 1 260 1 245 1 55 1 142 1 149 1 166 1 172 1 277 1 237 1
27 9 14 133 2 136 1 138 1 159 3 168 1 142 1 166 2 261 1 170 1 172 1 256 1 277 1 318 1 47 1
//IdTournes NbColis
15 6
//IdColis IdCommandeInColis NbProducts IdProd1 QtyProd1 IdProd2 QtyProd2 ...
54 20 13 138 1 139 1 162 2 240 1 165 3 260 1 243 1 244 2 245 1 142 1 149 1 271 1 166 1
8 3 17 161 1 278 1 100 1 101 1 177 1 175 1 64 3 13 1 20 1 57 1 29 1 50 1 24 1 36 1 58 2 3 1 19 1
43 15 6 161 1 278 2 177 1 175 1 64 5 58 1
64 22 7 278 1 99 1 177 1 175 1 32 1 85 5 58 2
84 27 4 175 1 177 1 64 6 58 2
37 13 8 98 1 15 2 31 1 85 4 311 1 58 2 52 3 66 3
//IdTournes NbColis
16 5
//IdColis IdCommandeInColis NbProducts IdProd1 QtyProd1 IdProd2 QtyProd2 ...
68 23 4 58 1 52 3 66 3 19 1
50 18 4 58 1 52 3 66 3 324 1
45 16 8 85 4 65 3 33 2 313 1 37 1 58 2 52 3 66 3
22 7 2 52 3 81 1
52 19 2 52 3 66 3
