//NbTournees
2
//IdTournes NbColis
1 6
//IdColis IdCommandeInColis NbProducts IdProd1 QtyProd1 IdProd2 QtyProd2 ...
10 1 35 158 1 159 3 167 1 24 4 52 3 124 1 71 1 149 1 64 1 70 3 78 1 12 1 118 2 148 1 27 1 182 1 34 2 54 1 55 1 144 1 214 2 134 3 233 1 51 1 92 1 220 1 185 3 101 2 225 2 229 2 46 1 77 1 162 1 166 4 186 1
4 1 18 111 1 201 1 202 1 119 2 114 1 210 1 128 2 79 1 83 1 212 1 59 2 112 3 1 1 57 1 109 1 113 1 17 1 68 1
5 1 15 17 2 66 2 215 1 138 1 187 1 190 1 85 1 146 2 151 1 222 1 38 1 58 1 3 2 6 3 191 1
2 1 8 142 1 145 1 56 1 103 1 137 1 188 1 5 1 231 1
9 1 28 189 1 193 1 197 1 30 2 33 2 41 2 73 3 121 1 129 2 211 1 228 1 230 1 96 3 123 2 29 1 44 3 45 3 133 2 153 1 161 2 164 1 232 1 141 1 10 1 14 5 31 3 42 1 115 1
56 2 9 177 1 80 1 172 1 174 1 180 1 29 1 14 2 87 1 166 1
//IdTournes NbColis
2 6
//IdColis IdCommandeInColis NbProducts IdProd1 QtyProd1 IdProd2 QtyProd2 ...
3 1 13 2 1 35 1 104 1 136 1 206 1 135 1 107 1 19 2 76 1 156 2 169 1 63 2 15 1
7 1 22 120 1 172 2 195 1 25 1 198 1 165 1 199 1 204 1 23 2 178 1 75 2 94 1 81 2 108 1 110 2 170 1 4 2 61 2 22 1 26 3 90 1 174 1
1 1 5 60 1 139 1 143 1 142 1 106 1
8 1 26 208 1 216 1 218 1 13 2 88 2 132 2 16 1 102 2 223 1 226 1 9 1 82 1 140 1 20 4 21 2 43 1 86 2 91 1 97 1 160 1 15 1 37 3 117 1 7 3 150 1 131 1
11 1 50 68 1 69 2 95 2 98 1 227 1 48 1 157 2 221 1 18 1 39 1 67 1 89 2 127 1 217 1 50 1 53 2 105 1 168 1 184 1 130 1 28 1 62 1 65 2 72 1 122 1 126 1 175 1 203 2 219 1 224 1 11 3 40 3 93 3 231 1 32 1 49 1 84 1 125 1 131 1 152 2 154 1 163 2 179 3 183 1 205 1 176 2 207 1 155 1 181 1 234 1
6 1 17 6 6 36 1 116 2 173 1 192 1 194 3 8 1 147 2 171 1 196 1 200 2 213 1 47 1 74 3 99 1 100 2 209 1
