//NbTournees
37
//IdTournes NbColis
1 6
//IdColis IdCommandeInColis NbProducts IdProd1 QtyProd1 IdProd2 QtyProd2 ...
1 1 13 22 1 60 1 6 1 213 1 179 1 222 1 215 1 216 1 245 1 12 1 1 1 4 1 254 1
3 1 28 203 1 348 1 13 1 419 1 358 1 672 1 230 1 242 1 425 1 436 1 675 1 359 1 265 1 311 1 596 1 276 1 427 1 270 1 2 1 18 2 36 1 131 2 507 1 119 1 365 1 402 1 318 2 405 1
5 2 13 11 1 32 1 58 1 6 1 205 1 224 1 216 1 245 1 12 1 1 1 4 1 8 1 270 1
6 2 30 25 1 28 1 39 1 43 1 44 1 648 1 219 1 14 1 16 1 338 1 225 1 237 1 254 1 581 1 595 2 38 1 211 1 220 1 5 1 34 1 203 1 13 1 206 1 242 1 212 1 251 1 2 1 36 1 45 1 256 1
9 3 22 225 1 254 1 261 1 38 1 191 1 220 1 23 1 34 1 46 1 323 1 242 1 265 1 311 1 276 1 2 1 24 1 36 1 45 1 319 1 326 1 324 1 322 1
11 4 30 219 1 14 1 16 1 226 1 227 1 287 1 254 1 261 1 356 1 30 1 191 1 211 1 220 1 5 1 23 1 34 1 364 1 203 1 358 1 206 1 242 1 251 1 29 1 359 1 276 1 270 1 2 1 36 1 361 1 322 1
//IdTournes NbColis
2 6
//IdColis IdCommandeInColis NbProducts IdProd1 QtyProd1 IdProd2 QtyProd2 ...
15 5 15 364 1 203 1 340 1 358 1 206 1 242 1 251 1 359 1 508 1 265 1 708 1 276 1 270 1 2 1 36 1
17 6 27 245 1 4 1 8 1 17 1 25 1 39 1 43 1 44 1 280 1 219 1 14 1 16 1 225 2 287 1 254 1 261 1 696 1 35 1 38 1 217 1 220 1 232 1 5 1 10 2 20 1 34 1 2 1
20 7 34 65 1 44 1 278 1 219 1 14 1 16 1 226 1 227 1 254 1 261 1 38 1 191 2 194 2 211 1 220 1 5 1 23 1 34 1 203 1 13 1 64 1 206 1 242 1 246 1 67 1 251 1 265 1 270 1 2 1 36 1 249 1 255 1 279 1 263 1
23 8 32 39 1 43 1 44 1 229 1 219 1 14 1 16 1 226 1 437 1 254 1 261 1 38 1 411 1 211 1 220 1 49 1 23 1 34 1 203 1 206 1 242 1 251 1 274 1 265 1 276 1 270 1 2 1 36 1 256 1 273 1 435 1 275 1
27 9 21 23 1 34 1 314 1 203 1 230 1 242 1 67 1 85 1 484 1 376 1 48 1 436 1 231 1 359 1 265 1 276 1 270 1 2 1 36 1 684 1 275 1
29 10 35 178 1 219 1 9 1 16 1 225 1 254 1 261 1 54 1 35 1 38 1 217 1 220 1 221 2 53 1 34 1 203 1 13 1 230 1 242 1 212 1 247 1 67 1 290 1 518 1 265 1 276 1 270 1 2 1 36 1 697 1 256 1 273 1 397 1 275 1 318 1
//IdTournes NbColis
3 6
//IdColis IdCommandeInColis NbProducts IdProd1 QtyProd1 IdProd2 QtyProd2 ...
32 11 38 219 1 14 1 16 1 225 2 373 1 254 1 261 1 380 1 398 1 35 1 369 1 38 1 220 1 23 1 34 1 13 1 303 1 242 1 67 1 376 1 56 1 401 1 274 1 265 1 55 1 66 1 276 1 270 1 2 1 62 1 36 1 256 1 362 1 404 1 393 1 275 1 318 1 405 2
36 12 13 529 1 265 1 276 1 310 1 270 1 2 1 36 1 321 1 256 1 362 1 275 1 407 1 318 1
39 13 24 323 1 230 1 238 1 239 1 242 1 198 1 212 1 247 1 67 1 425 1 529 1 265 1 276 1 673 1 270 1 2 1 68 1 77 1 36 1 552 1 131 1 644 1 322 1 263 1
42 14 30 38 1 195 1 217 1 220 1 221 1 391 1 5 1 23 1 34 1 203 1 13 1 323 1 230 1 242 1 392 1 67 1 265 1 55 1 276 1 270 1 2 1 76 1 36 1 686 1 685 1 684 1 322 1 353 1 263 1 502 1
45 15 35 25 1 39 1 43 1 44 1 219 1 14 1 16 1 225 1 254 1 261 1 291 1 63 1 211 1 220 1 483 1 5 1 23 1 34 1 546 1 364 1 203 1 206 1 242 1 82 1 251 1 274 1 265 1 276 1 270 1 2 1 79 1 36 1 360 1 322 1 275 1
48 16 35 39 1 41 1 65 1 9 1 16 1 225 1 227 1 390 1 456 1 254 1 261 1 72 1 83 1 220 1 221 1 453 1 5 1 23 1 34 1 13 1 323 1 441 1 242 1 86 1 265 1 459 1 276 1 87 1 270 1 2 1 18 1 36 1 438 1 322 1 407 1
//IdTournes NbColis
4 6
//IdColis IdCommandeInColis NbProducts IdProd1 QtyProd1 IdProd2 QtyProd2 ...
51 17 35 27 1 37 1 43 1 387 1 219 1 300 1 14 1 16 1 371 1 285 1 225 1 384 1 261 1 262 1 599 1 220 1 5 1 23 1 34 1 13 1 242 1 85 1 67 1 627 1 292 1 274 1 265 1 276 1 270 1 2 1 36 1 256 1 354 1 362 1 275 1
55 18 34 334 1 217 1 220 1 339 1 483 1 5 2 23 1 34 1 203 1 348 1 358 1 645 1 230 1 242 1 67 1 352 1 359 1 661 1 649 1 265 1 537 1 276 1 629 1 270 1 2 2 70 1 36 1 279 1 354 1 365 2 322 1 656 1 628 1 619 1
58 19 32 12 1 4 1 7 1 27 1 95 1 39 1 43 1 569 1 219 1 14 1 16 1 225 1 254 1 261 1 38 1 633 1 220 1 5 1 23 1 34 1 238 1 242 1 67 1 92 1 274 1 265 1 270 1 2 1 36 1 256 1 362 1 275 1
61 20 34 43 1 44 1 690 1 219 1 14 1 16 1 285 1 691 1 226 1 345 1 395 1 63 1 38 1 211 1 220 1 452 1 5 1 23 1 34 1 188 1 203 1 340 1 13 1 206 1 242 1 67 1 85 1 251 1 120 1 265 1 270 1 2 1 36 1 256 1
65 21 31 227 1 286 1 254 1 261 1 291 1 47 1 595 1 38 1 191 1 217 1 220 1 5 1 88 1 23 1 34 1 532 1 203 2 323 1 230 2 242 1 657 1 67 1 617 1 659 1 265 1 276 1 270 1 2 1 91 1 93 1 36 1
69 22 18 171 1 215 1 216 1 245 1 4 1 7 1 25 1 44 3 219 1 9 1 16 1 225 1 227 1 296 1 254 1 261 1 35 1 2 1
//IdTournes NbColis
5 6
//IdColis IdCommandeInColis NbProducts IdProd1 QtyProd1 IdProd2 QtyProd2 ...
73 23 25 208 1 254 1 261 1 35 1 220 1 5 1 23 1 34 1 13 1 97 1 323 1 242 1 67 1 484 1 272 1 485 1 265 1 276 1 270 1 2 1 62 1 36 1 273 1 365 1 322 1
75 24 26 371 1 374 1 225 1 227 1 254 1 261 1 293 1 38 1 220 1 23 1 34 1 242 1 67 1 223 1 274 1 265 1 276 1 270 1 2 1 36 1 99 3 256 1 273 1 275 1 489 1 482 1
77 25 31 285 1 225 1 254 1 261 1 474 1 38 1 217 1 220 1 5 1 23 1 34 1 314 1 203 1 13 1 64 1 206 1 242 1 251 1 104 1 265 1 276 1 270 1 2 1 112 1 36 1 481 1 119 1 256 1 273 1 322 1 275 1
80 26 35 225 1 261 1 218 1 268 1 234 1 38 1 217 1 220 1 232 1 5 1 23 1 34 1 188 1 203 1 230 1 242 1 260 1 67 1 251 1 193 1 274 1 265 1 276 1 235 1 270 1 2 1 70 1 113 1 36 1 269 1 256 1 277 1 259 1 271 1 273 1
83 27 30 225 1 345 1 395 1 254 1 261 1 35 1 220 1 221 1 389 1 406 1 5 1 20 1 23 1 34 1 368 1 242 1 106 1 117 1 274 1 120 1 265 1 276 1 270 1 2 1 102 1 36 1 256 1 362 1 275 1 407 1
86 28 28 65 1 517 2 219 1 9 1 16 1 225 1 105 1 254 1 261 1 38 1 220 1 406 1 23 1 34 1 13 1 323 1 242 1 436 1 518 1 265 1 525 1 276 1 270 1 2 1 36 1 430 1 393 1 322 1
//IdTournes NbColis
6 6
//IdColis IdCommandeInColis NbProducts IdProd1 QtyProd1 IdProd2 QtyProd2 ...
91 29 28 226 2 262 1 234 1 35 1 211 1 220 1 221 1 5 1 20 1 23 1 175 1 34 1 203 1 100 1 206 1 242 1 67 1 251 1 272 1 274 1 265 1 266 1 270 1 2 1 112 1 36 1 256 1 275 1
98 30 23 67 1 302 1 48 1 92 1 107 1 703 1 265 1 181 1 276 1 310 1 637 1 396 1 447 1 270 1 2 1 62 1 119 1 470 1 322 1 275 1 705 1 353 1 263 1
101 31 31 410 1 225 1 254 1 261 1 356 1 433 1 63 1 220 1 5 1 23 2 34 1 13 1 238 1 242 1 67 2 420 1 359 1 274 1 265 1 276 1 270 1 2 1 36 1 131 1 430 1 426 1 256 1 428 1 362 1 438 1 275 1
107 32 35 23 1 53 1 34 1 203 1 233 1 248 2 13 1 323 1 230 1 242 1 223 1 48 1 508 1 190 1 265 1 693 1 596 1 276 1 267 1 270 1 2 1 18 1 45 1 257 1 36 1 131 1 315 1 277 1 365 1 438 1 695 1 322 1 318 1 429 1 694 1
109 33 13 59 1 32 1 6 1 21 1 213 1 222 1 341 1 215 1 216 1 288 1 245 1 450 1 2 1
116 34 29 16 1 371 1 225 1 254 1 261 1 35 1 180 1 38 1 217 1 220 1 5 1 20 1 23 1 34 1 203 1 13 1 177 1 230 1 242 2 274 1 265 1 276 1 270 1 2 1 36 1 707 1 273 1 275 1 694 1
//IdTournes NbColis
7 6
//IdColis IdCommandeInColis NbProducts IdProd1 QtyProd1 IdProd2 QtyProd2 ...
119 35 32 39 1 133 1 65 1 178 1 9 1 16 1 225 2 572 1 683 1 254 1 211 1 220 1 453 1 432 1 125 1 23 1 34 1 203 1 206 1 682 1 242 1 67 1 251 1 129 1 317 1 524 1 265 1 270 1 2 1 76 1 36 1 256 1
122 36 8 169 1 171 1 172 1 224 1 216 1 245 1 4 1 2 1
128 37 30 219 1 14 1 16 1 225 1 254 1 261 1 356 1 63 1 35 1 220 1 5 1 20 1 23 1 34 1 203 1 206 1 242 1 251 1 627 1 274 1 265 1 270 1 2 1 135 1 36 1 706 1 256 1 704 1 362 1 275 1
132 38 30 261 1 510 1 63 1 217 1 220 1 468 1 23 1 34 1 203 1 13 1 303 1 137 1 230 1 242 1 274 1 508 1 276 1 258 1 267 1 270 1 498 1 2 1 68 1 18 2 36 1 493 1 256 1 492 1 273 1 275 1
137 39 17 323 1 230 1 242 1 198 1 67 1 265 1 276 1 497 1 499 1 491 1 270 1 2 1 36 1 256 1 362 1 275 1 509 1
140 40 26 224 1 189 1 241 1 4 1 8 1 136 1 25 1 27 1 39 1 43 1 44 1 219 1 14 1 16 1 226 2 254 1 261 1 356 1 35 1 38 1 412 1 220 1 211 1 5 1 20 1 2 1
//IdTournes NbColis
8 6
//IdColis IdCommandeInColis NbProducts IdProd1 QtyProd1 IdProd2 QtyProd2 ...
145 41 23 34 1 203 2 248 1 478 1 13 1 323 1 230 1 421 1 242 1 85 1 67 1 48 1 265 1 139 1 276 1 266 1 270 1 2 1 36 1 322 1 509 1 656 1 503 1
149 42 24 34 1 203 1 13 1 192 1 206 1 242 1 67 1 251 1 231 1 274 1 265 1 276 1 258 1 270 1 667 1 2 1 91 1 36 1 119 1 256 1 186 1 275 1 264 3 318 1
184 51 36 372 1 475 1 219 1 225 1 227 1 467 1 14 1 16 1 254 1 261 1 217 1 220 1 23 1 34 1 314 1 203 1 478 1 323 1 230 1 242 2 48 1 265 1 270 1 18 2 36 1 131 5 2 1 471 1 476 1 558 1 470 1 426 2 256 1 479 2 557 1 435 1
187 52 37 343 1 219 1 225 1 227 1 14 1 16 1 244 1 254 1 261 1 539 1 330 1 211 1 220 2 38 1 5 1 23 1 34 1 546 1 203 1 340 1 13 1 323 1 206 1 242 1 67 1 251 1 106 1 140 1 265 1 270 1 2 2 36 1 279 1 365 1 322 1 275 1 482 1
190 53 35 121 1 344 1 342 1 549 1 240 1 346 1 219 1 300 1 338 1 225 1 9 1 16 1 336 1 261 1 550 1 63 1 334 1 217 1 220 1 34 1 203 1 13 1 303 1 242 1 230 1 251 1 265 1 270 1 2 1 548 1 113 1 36 1 45 1 256 1 273 1
196 55 32 16 1 287 1 261 1 262 1 356 1 234 1 35 1 194 2 334 1 211 1 220 1 5 1 20 1 23 1 34 1 203 1 13 1 206 1 242 1 251 1 399 1 547 1 265 1 276 1 270 1 2 1 76 1 36 1 256 1 273 1 275 1 502 1
//IdTournes NbColis
9 6
//IdColis IdCommandeInColis NbProducts IdProd1 QtyProd1 IdProd2 QtyProd2 ...
199 56 35 39 1 65 1 178 1 219 1 225 1 227 1 9 1 16 1 554 1 254 1 261 1 234 1 217 1 220 1 377 1 74 1 38 1 23 1 34 1 457 1 442 1 203 1 233 1 13 1 230 1 242 1 313 1 67 1 556 1 265 1 270 1 2 1 36 1 552 1 393 1
205 58 26 287 1 254 1 261 1 220 1 38 1 5 1 23 1 34 1 13 1 323 1 506 1 512 1 239 1 242 1 290 1 48 2 265 1 276 1 270 1 2 1 93 1 36 1 361 2 355 1 494 1 322 1
207 59 27 14 1 16 1 371 1 287 1 261 1 262 1 583 1 220 1 211 1 5 1 34 1 203 1 13 1 242 1 206 1 352 1 274 1 514 1 504 1 270 1 2 1 36 1 256 1 354 1 273 1 360 1 275 1
209 60 32 219 1 225 1 227 1 9 1 16 1 254 1 261 1 220 1 496 1 38 1 568 1 5 1 23 1 34 1 13 1 242 1 439 1 67 1 274 1 265 1 505 1 276 1 495 1 270 1 2 1 93 1 36 1 256 1 273 1 275 1 353 1 502 1
212 61 25 336 1 254 1 261 1 551 1 63 1 220 1 5 1 23 1 34 1 314 1 242 1 67 1 223 1 529 1 274 1 265 1 276 1 270 1 2 1 36 1 119 1 256 1 362 1 275 1 502 1
214 62 31 7 1 563 1 39 1 65 1 187 1 219 1 225 1 9 1 16 1 261 1 220 1 5 1 23 1 34 1 13 1 323 1 512 1 242 1 67 1 265 1 311 1 276 1 270 1 2 1 36 1 256 1 307 1 273 1 404 1 275 1 407 1
//IdTournes NbColis
10 6
//IdColis IdCommandeInColis NbProducts IdProd1 QtyProd1 IdProd2 QtyProd2 ...
217 63 31 219 1 225 2 390 1 14 1 16 1 254 1 261 1 527 1 38 1 211 1 5 1 23 1 34 1 203 1 528 1 242 1 206 1 251 1 352 1 274 1 524 1 265 1 276 1 270 1 2 1 36 1 256 1 273 1 438 1 275 1 264 1
223 65 37 516 1 351 1 278 1 225 1 227 1 521 1 9 1 16 1 574 1 254 1 261 1 356 1 217 1 220 1 221 1 522 1 5 1 23 1 34 1 314 1 236 1 340 1 230 1 242 1 85 1 67 1 359 1 573 1 265 1 276 1 270 1 2 1 113 1 167 1 36 1 255 1 322 1
226 66 24 16 1 371 1 254 1 261 1 35 1 220 1 5 1 10 1 20 1 23 1 34 1 531 1 64 1 242 1 274 1 265 1 276 1 270 1 2 1 36 1 533 1 256 1 273 1 275 1
228 67 27 254 1 261 1 550 1 35 1 217 1 220 2 38 1 194 2 411 1 20 1 23 1 34 1 203 1 230 1 242 1 67 1 534 1 265 1 276 1 270 1 2 1 62 1 36 1 273 1 162 1 275 1 482 1
230 68 22 220 1 211 1 5 1 20 1 23 1 34 1 532 1 203 1 13 1 242 1 206 1 251 1 223 1 265 1 276 1 270 1 2 1 62 1 36 1 255 1 170 1 482 1
232 69 22 20 1 23 1 34 1 585 1 586 1 13 1 238 1 242 1 198 1 85 1 274 1 265 1 499 1 270 1 2 1 36 1 256 1 535 1 362 1 275 1 264 1 405 1
//IdTournes NbColis
11 6
//IdColis IdCommandeInColis NbProducts IdProd1 QtyProd1 IdProd2 QtyProd2 ...
234 70 25 232 1 211 1 5 1 20 1 23 1 34 1 203 1 13 1 206 1 242 1 67 1 251 1 485 1 399 1 265 1 525 1 276 1 270 1 2 1 36 1 119 1 256 1 273 1 538 1 275 1
236 71 25 217 1 5 1 23 1 34 1 364 1 203 1 13 1 230 1 242 1 265 1 537 1 276 1 270 1 2 1 36 1 481 1 119 1 256 1 277 1 271 1 273 1 275 1 407 1 536 1 540 1
238 72 22 254 1 261 1 218 1 581 1 220 1 23 1 34 1 13 1 246 1 541 1 242 1 29 1 274 1 265 1 276 1 270 1 2 1 36 1 256 1 273 1 275 1 482 1
240 73 16 13 1 580 1 242 1 67 1 274 1 265 1 575 1 276 1 270 1 2 1 36 1 256 1 492 1 355 1 273 1 275 1
242 74 14 13 1 242 1 274 1 561 1 265 1 276 1 270 1 2 1 564 1 36 1 119 1 256 1 362 1 275 1
244 75 22 34 1 546 1 364 1 13 1 242 1 85 1 67 1 274 1 265 1 276 1 270 1 2 1 36 1 544 1 256 1 277 1 273 1 404 1 402 1 275 1 407 1 503 1
//IdTournes NbColis
12 6
//IdColis IdCommandeInColis NbProducts IdProd1 QtyProd1 IdProd2 QtyProd2 ...
246 76 25 63 1 539 1 38 1 5 1 23 1 34 1 546 1 248 2 348 1 242 1 543 1 562 1 274 1 265 1 276 1 270 1 2 1 36 1 256 1 277 1 400 1 273 1 275 1 407 1 264 1
247 77 28 205 1 222 1 215 1 216 1 245 1 12 1 4 1 39 1 43 1 219 1 14 1 16 1 225 1 572 1 35 1 330 1 570 1 220 1 5 1 560 1 20 1 23 1 34 1 13 1 242 1 82 1 2 1 36 1
8 3 23 205 1 224 1 215 1 216 1 288 1 207 1 245 1 12 1 3 1 4 1 7 1 39 1 43 1 312 1 304 1 280 1 299 1 219 1 300 1 14 1 16 1 285 1 270 1
10 4 18 6 1 42 1 214 1 33 1 224 1 216 1 241 1 12 1 3 1 4 1 8 1 25 1 26 1 37 1 43 1 44 1 351 1 265 1
13 5 15 15 1 6 1 31 1 205 1 349 1 329 1 224 1 341 1 328 1 215 1 473 1 245 1 4 1 7 1 627 1
19 7 14 57 1 6 1 214 1 196 1 224 1 189 2 207 1 241 1 12 1 3 1 4 1 7 1 25 1 39 1
//IdTournes NbColis
13 6
//IdColis IdCommandeInColis NbProducts IdProd1 QtyProd1 IdProd2 QtyProd2 ...
22 8 15 59 1 61 1 6 1 214 1 224 1 216 1 423 1 370 1 241 1 4 1 8 1 52 1 25 1 27 1 436 1
26 9 25 288 1 245 1 417 1 12 1 4 1 7 1 25 1 27 1 39 1 41 1 65 1 178 1 219 1 9 1 16 1 225 1 227 1 254 1 261 1 458 2 356 1 688 1 47 1 217 1 220 1
28 10 15 58 1 60 1 6 1 213 1 222 1 215 1 216 1 245 1 4 1 7 1 25 1 39 1 40 1 65 1 23 1
31 11 15 22 1 58 1 213 1 378 1 222 1 215 1 216 1 379 1 245 1 12 1 4 1 27 1 39 1 43 1 20 1
35 12 31 12 1 4 1 8 1 39 1 43 1 240 1 219 1 14 1 16 1 225 1 227 1 208 1 254 1 261 1 293 1 63 1 191 1 220 1 406 1 5 1 23 1 34 1 314 1 13 1 46 1 323 1 512 1 242 1 313 1 283 1 320 1
38 13 28 202 1 3 1 4 1 7 1 71 1 25 1 39 1 178 1 671 1 219 1 9 1 16 1 199 1 225 1 227 1 237 1 244 1 254 1 261 1 63 1 74 1 217 1 220 1 23 1 34 1 314 1 236 1 13 1
//IdTournes NbColis
14 6
//IdColis IdCommandeInColis NbProducts IdProd1 QtyProd1 IdProd2 QtyProd2 ...
41 14 24 460 1 422 1 245 1 316 1 417 1 3 1 4 1 7 1 73 1 25 1 39 1 65 1 44 2 219 1 9 1 16 1 225 1 345 1 521 1 254 1 261 1 381 1 69 1 518 1
44 15 13 59 1 61 1 6 1 84 1 214 1 196 1 224 1 328 1 216 1 245 1 12 1 4 1 7 1
47 16 16 58 1 60 1 213 1 197 1 222 1 215 1 216 1 423 1 460 1 245 1 12 1 4 1 7 1 27 1 81 1 219 1
50 17 12 80 1 59 1 61 1 624 1 205 1 224 1 216 1 245 1 12 1 4 1 75 1 616 1
54 18 25 337 1 298 1 245 1 176 1 316 1 3 1 4 1 7 1 73 1 78 1 25 1 39 1 65 1 44 1 335 1 219 1 9 1 16 1 199 1 225 1 227 1 254 1 261 1 356 1 326 1
60 20 14 58 1 32 1 6 1 94 1 214 1 224 1 189 1 241 1 669 1 4 1 7 1 25 1 39 1 380 1
//IdTournes NbColis
15 6
//IdColis IdCommandeInColis NbProducts IdProd1 QtyProd1 IdProd2 QtyProd2 ...
64 21 21 205 1 222 1 224 1 306 1 215 1 216 1 316 1 243 1 4 1 7 1 25 1 39 1 43 1 44 1 284 1 308 1 219 1 14 1 16 1 225 2 303 1
72 23 22 205 1 98 1 224 1 462 1 215 1 216 1 245 1 12 1 4 1 39 1 43 1 343 1 480 1 409 1 219 1 14 1 16 1 89 1 285 1 289 1 225 2 486 1
74 24 18 60 1 213 1 431 1 33 1 222 1 472 1 215 1 216 1 473 1 245 1 12 1 4 1 39 1 43 1 464 1 219 1 14 1 16 1
76 25 20 6 1 205 1 477 1 224 1 215 1 216 1 245 1 243 1 12 1 4 1 7 1 25 1 39 1 65 1 44 1 372 1 219 1 14 1 16 1 487 1
79 26 21 6 1 205 1 224 1 215 1 216 1 245 1 12 1 4 1 7 1 25 1 114 1 39 1 65 1 44 1 121 1 229 1 219 1 9 1 16 1 109 1 275 1
82 27 21 205 1 33 1 224 1 215 1 216 1 408 1 116 1 245 1 12 1 4 1 7 1 103 1 27 1 39 1 43 1 409 2 219 1 14 1 16 1 225 1 13 1
//IdTournes NbColis
16 6
//IdColis IdCommandeInColis NbProducts IdProd1 QtyProd1 IdProd2 QtyProd2 ...
85 28 16 60 1 115 1 253 1 205 1 431 1 222 1 215 1 216 1 515 1 245 1 12 1 118 1 3 1 4 1 39 1 122 1
90 29 20 6 1 253 1 214 1 204 1 241 1 250 1 201 1 12 1 4 1 8 1 25 1 27 1 39 1 43 1 44 1 219 1 14 1 16 1 226 1 261 1
96 30 20 183 1 245 1 309 1 12 1 3 1 4 1 101 1 7 1 103 1 25 1 39 1 65 1 178 1 185 1 424 1 409 1 229 2 182 1 219 4 454 1
100 31 16 59 1 61 1 213 1 222 1 215 1 216 1 245 1 12 1 4 1 7 1 39 1 65 1 132 2 219 1 9 1 16 1
105 32 11 213 1 98 3 179 5 197 1 209 1 222 1 215 1 216 1 245 1 3 1 35 1
106 32 24 4 1 123 1 7 1 126 1 25 1 39 1 173 2 184 1 65 1 44 1 689 1 210 1 219 2 9 1 16 1 225 1 227 1 254 1 261 1 124 1 195 1 217 1 220 1 232 1
//IdTournes NbColis
17 6
//IdColis IdCommandeInColis NbProducts IdProd1 QtyProd1 IdProd2 QtyProd2 ...
110 33 24 12 1 118 1 4 1 7 1 128 1 25 1 27 1 39 1 41 1 65 1 178 1 663 1 184 1 665 1 229 1 219 1 9 1 16 1 371 1 289 1 225 2 227 1 254 1 38 1
115 34 18 6 1 698 1 213 1 215 1 216 1 245 1 417 1 118 1 4 1 8 1 25 1 26 1 39 1 163 1 44 1 43 1 219 1 14 1
118 35 13 58 1 60 1 6 1 676 1 205 1 224 1 216 1 245 1 4 1 7 1 25 1 130 1 219 1
127 37 17 6 1 699 1 205 1 215 1 216 1 176 1 245 1 12 1 669 1 118 1 4 1 8 1 25 1 39 1 43 2 44 1 211 1
131 38 21 90 1 205 1 98 1 222 1 215 1 216 1 245 1 12 1 4 1 7 1 71 1 25 1 39 1 65 1 44 1 335 1 219 1 9 1 16 1 225 1 254 1
136 39 28 245 1 4 1 7 1 25 1 39 1 43 1 44 1 578 1 650 1 187 1 219 1 14 1 16 1 225 1 208 1 254 1 261 1 35 1 369 1 38 1 217 1 220 1 377 1 5 1 20 1 23 1 34 1 203 1
//IdTournes NbColis
18 6
//IdColis IdCommandeInColis NbProducts IdProd1 QtyProd1 IdProd2 QtyProd2 ...
143 41 15 646 1 6 1 127 1 213 1 197 1 222 1 382 1 215 1 216 1 200 1 288 1 245 1 363 1 3 1 63 1
144 41 24 4 1 7 1 25 1 39 2 65 1 44 1 424 1 702 1 219 1 9 1 16 1 225 2 227 1 437 1 208 3 254 1 261 1 38 1 195 1 217 1 220 1 5 1 23 1 230 1
152 43 27 466 1 245 1 147 1 3 1 4 1 7 1 141 1 25 1 178 1 210 1 219 1 9 1 16 1 225 1 227 1 467 1 463 1 254 1 261 1 380 1 433 1 35 1 234 1 217 1 220 1 468 1 53 1
156 44 18 33 1 197 1 222 1 295 1 281 1 216 1 301 1 134 1 207 1 297 1 298 1 245 2 309 1 118 2 3 1 4 1 39 1 65 1
160 45 22 222 1 215 1 216 1 12 1 3 1 4 1 7 1 25 1 27 1 39 1 41 1 173 1 65 1 178 1 132 2 385 1 674 1 475 1 219 1 9 1 16 1 289 1
164 46 23 328 1 215 1 216 1 337 1 297 1 245 1 363 2 12 1 3 1 4 1 39 1 65 1 219 1 9 1 16 1 225 1 227 1 254 1 261 2 47 1 220 1 221 1 265 1
//IdTournes NbColis
19 6
//IdColis IdCommandeInColis NbProducts IdProd1 QtyProd1 IdProd2 QtyProd2 ...
168 47 25 215 1 386 1 245 1 309 1 3 1 4 1 7 1 25 1 39 1 65 1 178 1 375 1 372 1 9 1 16 1 371 1 199 1 225 1 227 1 373 1 154 1 254 1 261 1 381 1 35 1
171 48 16 157 1 60 1 213 1 222 1 215 1 216 1 386 1 245 1 12 1 147 1 4 1 27 1 39 1 65 1 219 1 256 1
175 49 23 245 1 159 1 12 2 632 1 118 1 4 1 7 1 25 1 39 1 65 1 178 1 335 1 375 1 631 1 219 1 9 1 16 1 225 1 227 1 254 1 261 1 218 2 35 1
183 51 18 21 1 127 1 213 1 228 1 222 1 215 1 216 1 245 1 12 1 39 1 41 1 43 1 4 1 7 1 25 1 27 1 44 1 424 1
186 52 17 6 1 94 1 205 1 224 1 328 1 216 1 298 1 245 1 201 2 3 1 4 1 8 1 25 1 39 1 43 1 584 1 44 1
189 53 18 6 1 205 1 224 1 328 1 204 2 215 1 216 1 245 1 201 1 3 1 4 1 7 1 17 1 25 1 39 1 65 1 44 1 254 1
//IdTournes NbColis
20 6
//IdColis IdCommandeInColis NbProducts IdProd1 QtyProd1 IdProd2 QtyProd2 ...
192 54 16 60 1 594 1 51 1 213 1 222 1 367 1 215 1 216 1 370 1 288 1 245 1 309 1 12 1 4 1 7 1 400 1
195 55 20 6 1 214 1 224 1 216 1 241 1 309 1 4 1 7 1 25 1 27 1 39 1 65 1 44 1 555 1 387 1 219 1 226 2 390 1 14 1 272 1
198 56 16 60 1 6 1 213 1 416 1 222 1 446 1 215 1 216 1 297 1 298 1 245 1 243 1 3 1 4 1 7 1 25 1
201 57 21 6 1 205 1 224 1 216 1 245 1 12 1 3 1 4 1 7 1 25 1 39 1 43 1 44 1 351 1 219 1 285 1 225 1 227 1 390 1 14 1 254 1
204 58 18 161 1 214 1 490 1 224 1 189 1 241 1 12 1 3 1 4 1 7 1 582 1 39 1 43 1 501 1 219 1 226 1 14 1 16 1
206 59 18 6 1 19 1 214 1 513 1 224 1 189 1 241 1 386 1 4 1 8 1 25 1 27 1 39 1 43 1 44 1 219 1 226 2 251 1
//IdTournes NbColis
21 6
//IdColis IdCommandeInColis NbProducts IdProd1 QtyProd1 IdProd2 QtyProd2 ...
208 60 16 58 1 32 1 205 1 224 1 462 1 215 1 216 1 245 2 12 1 3 1 4 1 7 1 39 1 65 1 375 1 511 1
211 61 20 213 1 416 1 222 1 215 1 216 1 515 1 245 1 12 1 4 1 39 1 65 1 553 1 335 1 375 2 219 1 225 1 227 1 523 2 9 1 16 1
213 62 14 59 1 61 1 213 1 142 1 513 1 566 1 222 1 215 1 216 2 515 1 245 1 12 1 4 1 254 1
216 63 16 22 1 6 1 214 1 224 1 216 1 241 1 520 1 316 1 4 1 7 1 25 1 27 1 39 1 65 1 44 1 220 1
219 64 14 598 1 593 1 213 1 222 2 204 2 215 1 216 1 245 1 12 1 4 1 7 1 39 1 65 1 555 1
222 65 19 6 1 213 1 222 1 295 1 215 1 216 1 386 1 245 1 363 1 417 1 12 1 3 1 4 1 7 1 25 1 39 1 65 1 178 1 219 1
//IdTournes NbColis
22 6
//IdColis IdCommandeInColis NbProducts IdProd1 QtyProd1 IdProd2 QtyProd2 ...
225 66 18 58 1 205 1 416 1 222 1 215 1 216 1 422 1 245 1 12 1 4 1 7 1 27 1 39 1 65 1 375 1 219 1 225 2 14 1
227 67 21 6 1 213 1 222 1 215 1 216 1 587 1 245 1 12 1 4 1 7 1 25 1 39 1 43 1 44 1 530 1 219 1 225 1 14 1 16 1 384 1 256 1
229 68 22 6 1 205 1 224 1 216 1 515 1 245 1 4 1 8 1 25 1 39 1 43 1 44 1 219 1 225 1 14 1 16 1 254 1 261 1 576 1 35 1 577 1 539 1
231 69 24 51 1 205 1 224 1 216 1 215 1 288 1 245 1 12 1 4 1 7 1 39 1 65 1 219 1 225 1 9 1 16 1 254 1 261 1 35 1 220 1 38 1 411 1 5 1 276 1
233 70 21 6 1 214 1 224 1 216 1 241 1 4 1 8 1 25 1 39 1 43 1 44 1 219 1 226 2 14 1 16 1 285 1 261 1 262 1 218 1 35 1 220 1
235 71 22 6 1 205 1 222 1 215 1 216 1 245 1 4 1 7 1 25 1 27 1 39 1 44 1 219 1 225 1 14 1 16 1 89 1 254 1 261 1 220 1 339 1 274 1
//IdTournes NbColis
23 6
//IdColis IdCommandeInColis NbProducts IdProd1 QtyProd1 IdProd2 QtyProd2 ...
237 72 21 228 1 205 1 224 1 216 1 207 1 245 1 12 1 4 1 7 1 128 1 130 2 39 1 65 1 578 1 351 1 219 1 225 1 9 1 16 1 285 1 384 1
239 73 23 59 1 214 1 224 1 216 1 241 1 12 1 4 1 27 1 43 1 219 1 226 1 456 1 14 1 16 1 261 1 262 1 35 1 180 1 220 1 5 1 20 1 23 1 34 1
241 74 25 205 1 222 1 215 1 216 1 245 1 12 1 4 1 7 1 39 1 65 1 569 1 219 1 225 1 16 1 254 2 261 1 35 1 38 1 220 1 5 1 559 1 20 1 23 1 34 1 364 1
243 75 25 205 1 222 1 215 1 216 1 245 1 12 1 4 1 7 1 75 1 39 1 43 1 219 1 225 1 14 1 16 1 208 1 579 1 254 1 261 1 63 1 527 1 539 1 220 1 5 1 23 1
245 76 23 214 1 224 1 571 1 216 1 134 1 243 1 3 1 4 1 8 1 39 1 565 1 567 1 43 1 542 1 545 1 219 1 226 1 14 1 16 1 286 1 254 1 261 1 356 1
249 78 17 161 1 58 1 32 1 597 1 370 1 3 1 128 1 344 1 219 1 63 1 211 1 203 1 206 1 238 1 251 1 525 1 259 1
//IdTournes NbColis
24 6
//IdColis IdCommandeInColis NbProducts IdProd1 QtyProd1 IdProd2 QtyProd2 ...
251 79 19 60 1 253 1 205 1 701 1 451 1 224 1 216 1 245 1 12 1 4 1 39 1 65 1 219 1 9 1 16 1 225 1 254 1 261 1 274 1
169 47 27 664 1 217 1 220 1 394 1 53 1 34 1 236 1 325 1 13 2 282 1 323 1 230 1 242 1 272 1 274 1 529 1 388 1 265 1 276 1 396 1 270 1 68 1 62 1 36 1 400 1 397 1 322 1
180 50 24 653 1 17 1 27 1 651 1 480 1 38 1 194 2 217 1 125 1 203 1 531 1 230 1 659 1 274 1 660 1 658 1 498 1 68 1 77 1 167 1 256 1 307 1 273 1 275 1
14 5 27 25 1 27 1 39 1 40 2 41 1 43 1 44 1 333 1 350 1 219 1 14 1 16 1 199 1 289 1 338 1 225 1 227 1 345 1 254 1 261 1 356 1 211 1 220 1 5 1 23 1 34 1 273 1
70 22 23 174 1 217 1 220 1 5 2 20 1 23 1 164 1 34 1 236 1 325 1 282 1 323 1 230 1 242 1 290 1 294 1 317 1 265 1 276 1 62 1 36 1 307 1 322 1
97 30 32 9 1 16 1 225 1 227 1 336 1 254 1 261 1 380 1 458 1 111 1 35 1 122 2 217 1 220 1 452 1 38 1 483 1 406 1 5 2 23 1 110 1 53 1 34 1 236 1 13 1 323 1 108 1 242 1 230 1 246 1 313 1 85 1
//IdTournes NbColis
25 6
//IdColis IdCommandeInColis NbProducts IdProd1 QtyProd1 IdProd2 QtyProd2 ...
123 36 30 8 1 25 1 27 1 37 1 43 1 44 1 219 1 14 1 16 1 338 1 225 2 254 1 261 1 35 1 232 1 211 1 220 1 5 1 20 1 23 1 34 1 340 1 203 1 348 1 13 1 206 1 242 1 247 1 251 1 274 1
148 42 26 243 1 101 1 7 1 25 1 27 1 39 1 43 1 44 1 187 1 240 1 219 1 14 1 16 1 225 2 208 1 254 1 261 1 35 1 195 1 217 1 220 1 483 2 5 1 10 1 20 1 23 1
220 64 31 219 1 225 1 9 1 16 1 254 1 261 1 599 1 519 1 35 1 220 1 377 1 38 1 560 1 10 1 20 1 23 1 592 1 34 1 13 1 242 1 67 1 425 1 265 1 276 1 270 1 36 1 256 1 526 1 273 1 275 1 482 1
253 80 29 379 1 27 1 226 1 599 1 380 1 38 1 211 1 546 1 364 1 203 1 206 1 238 1 239 1 601 1 376 1 251 1 223 1 588 1 589 1 292 1 274 1 190 1 256 1 307 1 603 1 273 1 438 2 275 1 602 1
16 6 12 6 1 21 1 19 1 205 1 33 1 224 1 204 4 215 1 216 1 305 1 692 1 207 1
25 9 12 50 1 60 1 6 1 42 1 213 1 440 1 222 1 455 1 446 1 215 1 288 1 299 1
//IdTournes NbColis
26 6
//IdColis IdCommandeInColis NbProducts IdProd1 QtyProd1 IdProd2 QtyProd2 ...
37 13 12 6 1 21 2 94 1 213 1 33 1 222 1 204 2 215 1 216 1 200 1 245 1 187 1
40 14 12 59 1 61 1 6 1 205 1 416 1 209 1 222 1 418 2 215 1 216 1 460 1 415 1
53 18 11 11 1 32 1 58 1 6 1 332 1 213 1 566 1 222 1 215 1 216 1 327 1
63 21 8 646 1 32 1 58 1 647 1 6 1 21 1 90 1 245 1
67 22 5 96 2 165 1 6 1 213 1 270 1
94 30 5 171 1 169 1 96 1 6 1 700 1
//IdTournes NbColis
27 6
//IdColis IdCommandeInColis NbProducts IdProd1 QtyProd1 IdProd2 QtyProd2 ...
104 32 5 168 1 169 1 96 1 6 1 127 1
121 36 5 96 1 166 2 6 1 205 1 270 1
130 38 8 57 1 630 1 58 1 32 1 6 1 19 1 127 1 265 1
135 39 8 169 1 171 1 32 1 6 1 205 1 215 1 423 1 290 1
139 40 6 169 1 171 1 172 1 6 1 214 1 270 1
151 43 10 15 1 6 1 21 1 94 2 213 1 98 1 566 1 222 2 215 1 216 1
//IdTournes NbColis
28 6
//IdColis IdCommandeInColis NbProducts IdProd1 QtyProd1 IdProd2 QtyProd2 ...
159 45 9 60 1 6 1 21 1 127 1 51 1 670 3 179 2 566 1 245 1
166 47 5 96 1 165 2 6 1 222 1 539 1
174 49 12 158 1 6 1 213 1 451 1 179 1 98 1 197 1 222 1 215 1 216 2 638 1 77 1
182 51 7 161 1 58 1 32 1 50 1 11 1 6 1 98 1
157 44 35 229 1 475 1 219 1 9 1 16 1 199 1 289 2 225 1 227 1 254 1 261 1 144 1 35 1 680 1 220 1 53 1 34 1 13 1 303 1 242 1 85 1 302 1 56 1 140 1 143 1 149 1 150 1 265 1 679 1 270 1 62 1 36 1 119 1 397 1 322 1
2 1 27 7 1 25 1 27 1 39 1 41 1 65 1 178 1 668 1 578 1 424 1 414 1 413 1 219 1 9 1 16 1 285 1 225 1 227 1 261 1 356 1 38 1 412 1 334 1 217 1 220 1 432 1 34 1
//IdTournes NbColis
29 6
//IdColis IdCommandeInColis NbProducts IdProd1 QtyProd1 IdProd2 QtyProd2 ...
254 81 22 157 1 418 1 616 1 371 1 539 1 38 1 211 1 203 1 340 1 323 1 206 1 251 1 193 1 274 1 388 1 604 1 319 1 256 1 273 1 275 1 618 1 619 1
111 33 30 261 1 445 1 635 1 356 1 217 1 220 1 468 1 23 1 34 1 203 2 248 1 13 1 303 1 666 1 439 1 230 2 242 1 85 1 48 4 359 1 265 1 427 1 270 1 18 2 36 1 131 3 347 1 256 1 322 1 357 1
153 43 28 34 1 532 1 203 1 465 1 443 1 469 1 323 1 230 1 242 1 85 1 290 1 48 2 29 2 444 1 274 1 265 1 662 1 596 2 276 1 461 1 270 1 18 3 36 1 131 1 119 1 430 1 426 2 322 1
161 45 33 374 1 225 1 227 1 384 1 254 1 152 1 217 1 220 1 377 1 383 1 389 1 391 1 34 1 236 1 340 1 13 1 282 1 672 1 368 1 230 1 242 1 212 1 67 1 376 1 283 1 223 1 302 2 48 4 270 1 36 1 131 4 353 1 656 1
165 46 26 483 1 148 1 34 1 331 1 323 1 242 1 302 1 48 1 596 1 276 1 270 1 18 2 151 1 36 1 131 1 347 1 321 1 354 1 355 1 360 1 362 2 365 1 322 1 275 1 353 1 357 1
202 57 33 16 1 261 1 356 1 35 1 595 1 220 1 38 1 211 1 20 1 34 1 203 1 358 1 242 1 600 1 206 1 212 1 251 1 48 1 359 1 265 1 500 1 66 1 276 1 270 1 138 1 36 1 552 1 507 1 119 1 486 1 355 1 489 1 503 1
//IdTournes NbColis
30 6
//IdColis IdCommandeInColis NbProducts IdProd1 QtyProd1 IdProd2 QtyProd2 ...
255 82 19 27 1 610 1 225 1 613 1 211 1 203 1 614 1 206 1 313 1 617 1 290 1 251 1 605 1 274 1 76 1 256 1 273 1 360 1 275 1
256 83 8 612 1 607 1 211 1 203 1 206 1 251 1 605 1 407 1
147 42 8 169 1 171 1 172 1 215 1 216 1 134 1 250 1 252 1
257 84 12 59 1 134 1 187 1 475 1 38 1 211 1 203 1 206 1 251 1 552 1 318 1 482 1
258 85 14 422 1 606 1 27 1 611 1 187 1 226 1 211 1 203 1 206 1 251 1 274 1 256 1 273 1 275 1
141 40 23 23 1 34 1 203 1 13 1 242 1 192 1 206 1 82 1 376 1 251 1 274 1 265 1 276 1 135 1 138 1 167 1 36 1 434 1 256 1 273 1 275 1 263 2 429 2
//IdTournes NbColis
31 6
//IdColis IdCommandeInColis NbProducts IdProd1 QtyProd1 IdProd2 QtyProd2 ...
172 48 29 9 1 16 1 371 1 289 1 225 1 156 1 254 1 261 1 146 1 35 1 155 1 220 1 483 1 53 1 34 1 13 1 488 1 239 1 242 1 153 1 265 1 276 1 270 1 403 1 62 1 36 1 362 1 275 1 429 1
193 54 28 590 1 39 1 65 1 132 1 219 1 225 1 227 1 9 1 261 1 591 1 220 1 38 1 406 1 239 1 242 1 392 1 212 2 290 1 276 1 366 1 403 1 18 2 36 1 131 3 271 1 365 1 393 1 402 1
155 44 7 646 3 145 1 127 1 51 1 142 1 678 1 12 1
259 86 28 11 1 462 1 215 1 176 1 608 1 609 1 41 1 375 1 346 1 615 1 523 1 607 1 234 1 539 1 191 1 330 1 217 1 203 1 233 1 531 1 206 1 85 1 294 1 251 1 352 1 256 1 273 1 482 1
93 30 4 165 2 168 1 646 1 12 1
103 32 4 171 1 166 2 11 1 98 1
//IdTournes NbColis
32 6
//IdColis IdCommandeInColis NbProducts IdProd1 QtyProd1 IdProd2 QtyProd2 ...
252 79 17 38 1 220 1 34 1 364 1 13 1 242 1 150 1 265 1 596 2 276 1 270 1 167 1 256 1 279 1 273 1 275 1 618 1
261 87 18 59 1 61 1 621 1 464 1 343 1 285 1 227 1 38 1 221 1 532 1 13 1 246 1 274 1 544 1 256 1 273 1 275 1 628 1
163 46 11 57 1 60 1 593 1 127 1 51 1 213 1 179 1 98 2 677 1 222 1 256 1
262 88 22 337 1 545 1 285 1 199 1 225 1 227 1 105 1 211 1 432 1 203 1 206 1 251 1 231 1 274 1 620 1 190 1 629 1 79 1 256 1 273 1 275 1 318 1
34 12 13 58 1 60 1 42 1 51 1 213 1 513 1 222 1 215 1 216 1 245 1 316 2 202 1 315 1
176 49 34 38 1 217 1 220 1 53 1 34 1 449 1 236 1 348 1 443 1 137 1 634 1 230 1 242 1 67 1 444 1 274 2 160 1 265 1 537 1 276 1 310 1 270 1 36 1 131 1 269 1 256 1 277 1 162 1 362 1 275 1 636 1 618 1 628 2 642 1
//IdTournes NbColis
33 6
//IdColis IdCommandeInColis NbProducts IdProd1 QtyProd1 IdProd2 QtyProd2 ...
263 89 19 58 1 32 1 623 1 215 1 17 1 27 1 225 1 217 1 364 1 203 1 580 1 230 1 274 1 626 1 396 1 151 1 256 1 273 1 275 1
57 19 11 57 1 80 1 59 1 32 1 205 1 222 1 328 1 215 1 216 1 245 1 429 1
264 90 14 416 1 625 1 305 1 27 2 211 1 203 1 206 1 290 1 251 1 622 1 310 1 256 1 273 1 275 1
265 91 24 27 1 578 1 385 1 338 1 226 1 38 1 211 1 220 1 377 1 232 1 453 1 468 1 546 1 203 1 206 1 543 1 251 1 274 1 487 1 326 1 256 1 273 1 275 1 318 2
266 92 14 624 1 367 1 215 1 27 1 208 1 237 1 217 1 203 1 230 1 627 1 274 1 256 1 273 1 275 1
267 93 27 58 1 32 1 424 1 225 1 454 1 38 1 211 1 148 1 34 1 203 1 206 1 543 1 251 1 627 1 274 1 643 1 311 1 514 1 637 1 258 1 640 1 641 1 256 1 644 1 273 1 275 1 407 1
//IdTournes NbColis
34 6
//IdColis IdCommandeInColis NbProducts IdProd1 QtyProd1 IdProd2 QtyProd2 ...
268 94 14 39 1 639 1 635 1 234 1 38 1 358 1 85 1 290 1 274 1 564 1 256 1 538 1 362 1 275 1
125 37 6 96 1 171 1 172 1 58 1 224 1 170 1
113 34 4 96 1 166 2 58 1 33 1
134 39 6 96 1 172 1 166 1 58 1 224 1 435 1
138 40 4 96 1 166 2 58 1 431 1
179 50 6 96 1 171 1 172 1 58 1 215 1 276 1
//IdTournes NbColis
35 6
//IdColis IdCommandeInColis NbProducts IdProd1 QtyProd1 IdProd2 QtyProd2 ...
269 95 18 58 1 60 1 215 1 654 1 345 1 217 1 221 1 203 1 655 1 230 1 274 1 544 1 326 1 256 1 273 1 275 1 509 1 264 1
88 29 6 96 1 171 1 172 1 59 1 224 1 273 1
114 34 6 169 1 171 1 172 1 60 1 222 1 273 1
167 47 6 168 1 169 1 171 1 42 1 382 1 219 1
89 29 5 166 2 169 1 32 1 189 1 276 1
126 37 5 166 2 169 1 32 1 204 1 276 1
//IdTournes NbColis
36 6
//IdColis IdCommandeInColis NbProducts IdProd1 QtyProd1 IdProd2 QtyProd2 ...
178 50 5 166 2 169 1 32 1 652 1 525 1
68 22 7 165 1 168 1 169 1 33 1 197 1 222 1 280 1
146 42 6 96 1 166 2 205 1 228 1 224 1 266 1
18 6 17 203 1 248 1 303 1 206 1 242 1 251 1 518 1 292 1 274 1 660 1 265 1 276 1 270 1 36 1 256 1 273 1 275 1
124 36 7 265 1 276 1 36 1 256 1 400 1 273 1 275 1
95 30 12 96 1 179 3 197 1 222 1 418 1 341 1 295 1 448 1 215 1 216 1 176 1 450 1
//IdTournes NbColis
37 3
//IdColis IdCommandeInColis NbProducts IdProd1 QtyProd1 IdProd2 QtyProd2 ...
270 96 15 179 1 382 1 215 1 300 1 681 1 38 1 232 1 655 1 274 1 596 1 687 1 131 2 256 1 273 1 275 1
271 97 3 217 2 236 3 230 3
185 51 2 322 1 275 1
