//NbTournees
24
//IdTournes NbColis
1 6
//IdColis IdCommandeInColis NbProducts IdProd1 QtyProd1 IdProd2 QtyProd2 ...
2 1 35 214 1 277 1 84 1 381 1 324 1 281 1 405 1 49 1 272 1 377 1 58 1 274 1 218 1 256 1 268 1 401 1 279 1 355 1 330 1 67 1 403 1 384 1 406 1 64 1 402 1 391 1 1 1 59 1 387 1 398 1 380 1 393 1 404 1 392 3 400 1
6 2 43 246 1 266 1 272 1 369 1 491 1 515 1 20 1 25 1 285 1 523 1 287 2 528 1 470 1 577 1 256 1 532 1 796 1 670 1 41 1 250 1 510 1 436 1 731 1 62 1 47 1 65 1 496 1 1 1 43 1 50 1 477 2 649 1 308 1 310 1 442 2 393 2 444 2 478 1 651 2 784 1 404 1 667 1 561 1
10 3 25 240 1 285 1 287 2 343 1 505 1 227 1 376 1 433 1 249 2 628 1 443 1 510 1 627 1 27 1 608 2 1 1 389 1 477 2 629 1 474 1 630 1 444 1 595 1 520 1 625 1
13 4 20 301 2 2 1 33 1 54 1 55 1 754 1 75 1 84 1 776 1 690 1 765 1 290 2 253 1 569 1 621 1 238 1 262 2 263 1 281 2 511 1
19 5 21 434 2 56 1 2 1 11 1 19 1 21 1 54 1 57 1 40 1 198 1 199 1 764 1 252 1 290 1 257 2 215 1 213 1 342 1 299 2 603 1 394 1
24 6 13 45 1 8 1 76 1 127 1 80 1 425 1 302 1 229 1 269 1 488 1 329 1 2 2 251 1
//IdTournes NbColis
2 6
//IdColis IdCommandeInColis NbProducts IdProd1 QtyProd1 IdProd2 QtyProd2 ...
29 7 20 790 1 212 2 294 1 258 1 277 1 300 1 2 1 91 1 96 1 54 1 754 1 68 1 239 1 290 1 88 1 124 1 213 1 263 1 265 1 281 1
32 8 20 38 1 18 1 418 1 483 1 260 1 453 1 341 1 446 1 137 1 2 1 21 1 105 1 54 1 116 1 135 1 140 1 499 1 458 1 35 1 104 1
35 9 17 114 1 129 1 81 1 139 1 260 1 375 1 341 1 122 1 259 1 2 2 93 1 105 1 54 1 119 1 141 1 368 1 352 1
40 10 22 341 1 322 1 334 1 259 1 336 1 771 1 779 1 2 1 7 1 9 1 89 1 93 1 95 1 40 1 111 1 132 1 199 1 75 1 83 1 290 1 262 1 275 1
45 11 29 2 1 93 1 111 1 132 1 251 1 431 2 263 1 281 1 461 1 741 1 359 1 291 1 475 1 450 1 49 1 113 1 293 1 467 1 243 1 272 1 369 1 460 1 378 1 109 1 204 1 244 1 473 1 274 1 668 1
48 12 23 214 1 341 1 224 1 269 1 300 1 2 1 97 1 44 1 54 1 55 1 132 1 68 1 175 1 381 1 228 1 331 1 324 1 281 1 349 1 614 1 284 1 379 1 597 1
//IdTournes NbColis
3 6
//IdColis IdCommandeInColis NbProducts IdProd1 QtyProd1 IdProd2 QtyProd2 ...
53 13 21 225 1 556 1 241 1 229 1 255 1 432 1 143 1 2 2 144 1 149 1 157 1 754 1 44 1 111 1 75 1 254 1 290 1 253 1 257 2 621 1 442 1
122 28 18 214 1 338 1 453 1 341 1 225 1 446 1 437 1 259 2 269 2 301 1 329 1 2 2 144 1 89 1 149 1 21 1 157 1 316 1
130 30 16 693 1 72 1 127 1 81 1 375 1 407 1 259 1 300 1 146 1 677 1 2 1 7 1 17 1 228 1 347 1 354 1
136 32 19 714 1 76 1 38 1 335 1 309 1 80 1 341 1 437 1 2 1 711 1 54 1 141 1 381 1 414 1 331 1 499 1 262 1 263 1 395 1
144 34 29 266 1 460 1 695 1 29 1 82 1 240 1 285 1 286 1 287 3 575 1 558 2 317 1 357 1 527 1 268 1 572 1 493 1 501 1 507 1 511 1 685 1 164 1 694 1 568 1 1 1 197 1 477 1 592 2 478 2
146 35 19 715 1 70 1 248 1 260 1 334 1 459 1 259 1 434 1 2 1 157 1 231 1 458 1 242 1 284 1 373 1 346 1 692 1 320 1 325 1
//IdTournes NbColis
4 6
//IdColis IdCommandeInColis NbProducts IdProd1 QtyProd1 IdProd2 QtyProd2 ...
151 37 34 499 1 262 1 265 1 485 1 504 1 696 1 266 2 325 1 286 1 500 1 226 1 626 1 401 2 493 1 439 1 391 1 1 1 22 1 117 1 123 1 389 1 592 1 468 1 502 1 514 1 78 1 494 1 393 1 444 2 404 1 520 1 392 2 561 1 625 1
155 39 25 418 1 719 1 484 1 264 1 367 1 713 1 716 1 143 1 2 1 290 1 486 1 263 1 281 1 534 1 614 1 284 1 291 1 504 1 187 1 340 1 292 1 718 1 692 1 234 1 181 1
158 40 18 195 2 248 1 260 1 367 1 269 2 366 1 2 1 188 1 33 1 75 1 680 1 557 1 544 1 266 2 272 1 683 1 528 1 274 1
160 41 38 260 1 214 1 453 1 258 1 277 1 2 1 44 1 569 1 213 1 602 1 461 1 234 1 272 1 704 1 699 1 274 1 376 1 495 1 401 1 493 1 670 1 700 1 684 1 394 1 112 1 142 1 386 1 506 1 52 1 593 1 474 1 630 1 393 2 404 1 392 1 537 1 703 1 561 1
162 42 33 366 1 432 1 2 1 228 1 727 1 324 1 262 1 636 1 723 1 373 1 539 1 25 1 296 1 708 1 551 1 663 1 501 1 725 1 674 1 449 1 712 1 465 1 5 1 387 1 313 1 652 1 512 1 514 1 623 1 305 1 591 1 561 1 625 1
17 5 9 4 1 45 1 8 1 16 1 129 1 81 1 230 1 547 1 35 1
//IdTournes NbColis
5 6
//IdColis IdCommandeInColis NbProducts IdProd1 QtyProd1 IdProd2 QtyProd2 ...
25 6 25 7 1 9 1 788 1 421 1 290 1 381 1 257 1 238 1 265 1 281 2 426 1 298 1 284 2 461 1 570 1 319 1 427 2 371 1 3 1 79 1 415 1 293 1 692 1 794 1 249 1
55 13 34 292 1 3 1 49 1 763 1 150 1 234 1 266 1 369 1 377 1 29 2 755 1 244 1 382 1 280 2 285 1 287 1 672 1 744 1 768 1 226 1 218 1 256 1 376 2 532 2 495 1 268 1 245 1 511 1 670 1 250 1 344 1 469 1 646 1 684 1
58 14 8 4 1 39 1 791 1 38 1 176 2 81 1 454 1 290 1
110 25 11 4 1 114 1 126 1 16 1 205 1 214 1 225 1 302 1 258 1 269 2 301 1
133 31 12 4 1 110 1 710 1 418 1 205 1 294 2 408 1 225 1 423 1 277 1 429 1 178 1
163 43 33 214 1 277 1 323 1 301 1 54 1 132 1 720 1 525 2 326 1 524 1 370 2 273 1 3 1 113 1 266 1 278 1 286 1 721 1 722 1 15 1 709 1 670 1 609 1 637 1 27 1 726 1 51 1 59 1 649 1 724 1 442 1 393 1 561 1
//IdTournes NbColis
6 6
//IdColis IdCommandeInColis NbProducts IdProd1 QtyProd1 IdProd2 QtyProd2 ...
9 3 27 381 1 13 1 348 1 238 2 265 1 281 1 534 1 26 1 316 1 242 2 284 2 298 1 461 1 291 1 292 1 85 1 293 1 327 1 266 1 543 1 544 1 515 1 6 1 23 1 28 1 82 1 541 1
15 4 38 558 1 500 1 505 1 594 1 577 1 451 1 527 1 345 2 249 2 579 1 663 2 53 2 125 1 730 1 731 1 34 1 812 1 814 1 5 2 14 1 22 1 32 1 46 1 50 1 51 2 781 1 589 1 389 1 632 1 629 1 388 2 630 3 393 1 444 3 311 1 623 1 818 1 561 1
30 7 44 282 1 284 1 173 1 219 1 272 1 276 1 661 1 118 1 755 1 473 1 240 1 274 1 285 1 296 1 490 1 500 1 462 2 218 1 256 1 245 1 289 1 223 1 295 1 178 1 507 1 511 1 53 1 64 1 669 1 496 1 5 1 133 1 800 1 589 1 795 1 592 1 629 1 78 1 466 1 640 1 652 1 797 1 393 1 623 1
41 10 25 281 2 339 1 299 2 282 1 283 1 636 1 614 1 723 1 284 1 525 2 326 1 524 1 370 2 635 1 273 1 340 1 374 1 292 1 320 1 233 2 266 1 491 1 516 1 6 1 115 1
64 15 40 509 1 267 1 435 1 288 1 492 1 145 1 49 1 170 1 171 1 158 1 266 1 491 1 515 1 516 1 518 1 154 1 134 1 226 1 495 1 441 2 507 1 511 2 510 2 406 1 517 1 513 1 503 1 5 1 46 1 115 1 506 1 312 1 466 1 508 1 512 1 393 1 444 1 478 1 404 1 497 1
67 16 27 161 1 175 1 745 1 141 1 368 1 381 1 228 1 361 1 281 1 242 2 426 1 284 1 461 1 379 1 236 1 374 1 173 1 219 2 266 1 278 1 516 1 6 1 12 1 28 1 29 1 134 1 164 1
//IdTournes NbColis
7 6
//IdColis IdCommandeInColis NbProducts IdProd1 QtyProd1 IdProd2 QtyProd2 ...
120 27 36 285 1 287 1 268 1 249 1 493 1 330 1 15 1 511 2 655 2 666 1 250 1 344 1 469 1 637 1 395 1 476 1 62 1 669 1 465 1 645 1 5 1 94 1 386 1 641 1 477 1 592 1 508 1 512 1 630 1 73 1 393 1 623 1 404 1 392 1 660 1 561 1
129 29 25 527 1 245 1 746 1 249 1 330 1 507 1 180 1 159 1 125 1 674 1 717 1 384 1 658 1 513 1 385 1 439 1 363 1 5 1 737 1 584 1 474 2 442 1 478 3 623 1 497 1
69 17 14 48 2 338 1 356 1 258 1 366 1 367 1 383 2 328 1 146 1 63 1 144 1 147 1 89 1 172 1
76 18 26 284 1 298 2 379 2 405 1 519 1 321 1 221 1 247 2 747 1 599 2 358 1 530 1 373 1 622 1 752 2 145 1 170 1 415 1 293 1 200 1 687 1 780 1 794 1 763 1 539 1 217 1
85 19 45 249 1 15 1 180 1 511 1 655 1 666 2 628 1 670 2 510 2 535 1 384 1 588 1 792 1 207 1 662 1 51 1 396 1 654 1 479 1 389 1 641 1 477 1 649 2 540 1 466 1 640 1 397 2 545 1 652 1 514 1 630 1 388 2 310 1 813 1 474 1 393 3 651 2 442 3 444 3 404 1 536 3 305 1 400 2 561 2 625 1
150 37 16 110 1 126 1 688 1 375 1 341 1 484 1 255 1 269 2 151 1 144 1 44 1 54 1 231 1 368 1 372 1 65 1
//IdTournes NbColis
8 6
//IdColis IdCommandeInColis NbProducts IdProd1 QtyProd1 IdProd2 QtyProd2 ...
63 15 17 166 1 114 1 174 1 487 1 341 1 146 1 17 1 165 1 44 1 54 1 55 1 179 1 84 1 372 1 486 1 349 1 78 1
82 19 18 259 3 264 1 521 1 328 1 301 2 137 1 146 1 63 1 9 1 97 1 40 1 44 2 116 1 175 1 208 1 209 1 135 1 805 1
37 9 31 23 1 25 1 120 1 130 1 240 1 285 1 287 2 134 1 390 1 577 1 527 1 376 1 268 1 493 1 53 1 125 1 384 1 395 1 588 1 598 1 585 1 590 1 86 1 115 1 131 1 471 1 593 1 540 1 442 1 587 1 591 1
88 20 22 425 1 302 2 807 1 259 1 264 1 301 2 7 1 40 1 54 1 198 1 201 1 772 1 257 1 621 1 534 1 298 1 802 1 420 1 236 1 340 1 170 1 618 1
90 20 20 181 1 800 1 589 1 463 1 649 1 593 1 78 1 388 2 474 1 630 1 393 2 444 1 478 1 587 1 404 1 595 1 305 1 660 1 561 1 625 1
95 21 39 551 1 576 1 268 1 249 1 663 3 330 2 295 2 655 1 628 1 670 1 53 1 436 1 164 1 384 1 184 1 394 1 86 1 197 1 610 1 498 1 389 1 471 1 477 1 705 1 380 1 310 1 474 1 313 1 545 1 648 1 652 1 514 1 630 1 520 1 404 1 392 1 537 1 660 1 561 2
//IdTournes NbColis
9 6
//IdColis IdCommandeInColis NbProducts IdProd1 QtyProd1 IdProd2 QtyProd2 ...
159 40 14 562 1 376 1 261 1 223 1 121 1 469 1 384 1 385 1 86 1 197 1 560 1 393 1 404 1 561 2
46 11 17 481 1 218 1 469 1 102 1 465 1 87 1 94 1 46 1 479 1 654 1 463 1 471 1 466 1 512 1 393 2 311 1 404 1
141 33 23 476 1 402 1 513 1 385 1 391 1 417 1 87 1 46 1 50 1 117 1 388 1 308 1 648 1 652 1 514 1 751 1 397 1 442 1 444 1 651 1 393 2 404 1 667 1
5 2 23 760 1 63 1 9 1 17 1 40 1 44 1 788 1 776 1 83 1 368 1 499 2 324 2 486 1 262 1 263 1 435 1 602 1 371 1 292 2 49 1 66 1 293 1 233 1
8 3 16 61 1 81 1 36 1 596 1 453 1 322 1 367 1 429 1 323 1 9 1 40 2 44 1 54 1 68 1 75 1 83 1
66 16 15 39 1 114 1 129 1 454 1 80 1 341 1 447 1 259 1 456 1 383 1 9 1 89 1 97 1 161 1 53 1
//IdTournes NbColis
10 6
//IdColis IdCommandeInColis NbProducts IdProd1 QtyProd1 IdProd2 QtyProd2 ...
72 18 10 8 1 195 2 127 1 176 1 36 1 487 2 643 1 260 1 375 1 321 1
81 19 16 8 1 790 1 335 1 454 1 643 1 206 1 248 1 375 1 808 1 214 1 341 1 322 1 425 1 459 1 241 1 530 1
114 26 16 195 1 72 1 38 1 214 1 341 1 225 1 229 1 259 1 329 2 182 1 137 1 9 1 97 1 105 1 132 1 690 1
142 34 15 681 1 8 1 195 1 418 1 596 1 248 1 229 1 255 1 259 1 269 1 367 1 235 1 40 1 44 1 223 1
98 22 21 225 1 423 1 264 1 367 1 457 1 182 1 186 1 147 1 40 1 167 1 68 1 75 1 132 1 775 1 776 1 368 2 290 1 486 1 281 2 284 1 247 1
21 5 33 428 1 491 1 177 1 515 1 518 1 10 1 29 1 285 1 287 1 296 1 528 1 672 1 134 1 762 2 210 1 462 1 505 1 626 1 668 1 631 1 232 1 261 1 345 1 376 1 532 1 576 1 295 3 507 1 796 1 628 1 670 2 250 1 510 1
//IdTournes NbColis
11 6
//IdColis IdCommandeInColis NbProducts IdProd1 QtyProd1 IdProd2 QtyProd2 ...
70 17 28 44 1 111 1 54 1 119 1 132 1 789 1 764 1 252 1 372 1 216 1 262 1 265 1 379 2 359 1 346 1 467 1 177 1 234 1 266 1 276 1 303 1 378 1 766 1 515 1 10 1 29 1 168 1 46 1
89 20 38 200 1 79 1 692 1 763 1 293 1 243 1 266 1 278 2 377 1 515 1 10 1 58 1 120 1 793 1 626 1 376 2 279 1 706 1 15 1 666 1 53 1 510 1 627 1 731 1 194 1 352 1 395 1 476 2 440 1 538 1 62 1 65 2 394 1 402 1 590 1 634 1 608 1 51 1
103 23 44 314 1 10 1 12 1 29 2 755 1 240 1 285 1 286 1 287 1 296 1 505 1 647 1 626 1 218 1 511 1 670 1 53 1 598 1 64 1 669 1 581 1 94 1 117 2 138 1 312 1 477 2 480 1 308 1 310 1 313 1 545 1 630 1 797 1 393 1 651 1 311 1 520 1 305 1 306 1 307 1 537 1 561 1 817 1 625 1
26 6 34 539 1 233 1 266 1 369 1 428 2 460 1 518 2 799 1 12 1 29 1 82 1 240 1 362 1 280 1 285 1 286 1 287 1 77 1 744 1 390 1 594 1 586 1 218 1 376 1 576 1 580 1 249 1 579 1 223 1 15 1 42 1 41 1 250 1 125 1
77 18 30 217 1 320 1 219 2 266 2 246 1 278 2 369 2 661 1 518 1 12 1 148 1 23 1 104 1 168 1 118 1 120 1 280 2 160 1 721 1 762 1 357 1 801 1 227 1 232 1 256 1 376 2 297 1 527 1 532 2 659 1
105 24 11 39 1 202 1 195 1 424 1 454 1 419 1 260 1 408 1 411 1 416 1 11 1
//IdTournes NbColis
12 6
//IdColis IdCommandeInColis NbProducts IdProd1 QtyProd1 IdProd2 QtyProd2 ...
106 24 18 484 1 554 1 122 1 229 4 269 1 606 1 328 1 11 1 57 1 201 2 754 1 787 1 788 1 83 1 290 1 381 1 414 1 187 1
59 14 22 309 1 214 1 224 1 322 1 334 1 264 1 269 1 429 1 323 1 301 1 147 1 91 1 95 1 40 1 68 1 786 1 83 1 257 1 347 1 348 1 220 1 798 1
131 30 35 350 1 238 1 275 1 298 2 373 1 752 1 371 1 374 1 191 1 687 1 692 1 219 1 266 1 278 2 515 1 148 1 382 1 390 1 594 1 330 1 41 2 53 2 627 1 352 1 678 1 686 1 395 1 394 1 385 1 816 1 14 1 386 1 800 1 396 1 312 1
118 27 14 110 1 76 1 176 1 81 1 710 1 375 2 214 1 338 1 225 1 301 1 89 1 40 1 54 1 251 1
143 34 25 175 1 691 1 697 1 252 1 290 1 13 1 228 1 350 1 238 1 262 1 525 2 461 1 284 1 247 1 370 2 698 1 292 1 340 1 320 1 219 1 233 2 234 2 246 1 327 1 497 1
49 12 42 101 1 741 1 635 1 752 1 293 2 200 1 467 1 234 1 327 1 278 1 544 1 661 1 315 1 343 1 345 1 245 1 493 1 330 1 90 1 41 1 344 1 469 1 627 1 730 1 665 1 476 1 658 1 726 1 517 1 541 1 477 1 649 1 632 1 468 1 313 1 512 1 393 2 651 1 784 1 404 1 591 2 561 1
//IdTournes NbColis
13 6
//IdColis IdCommandeInColis NbProducts IdProd1 QtyProd1 IdProd2 QtyProd2 ...
61 14 33 287 2 500 1 470 1 505 1 801 1 668 1 232 1 527 1 574 1 493 1 223 1 15 1 41 1 250 1 455 1 125 1 510 1 627 1 395 1 440 1 563 1 581 1 32 1 46 1 117 1 128 1 582 1 584 1 477 1 442 1 393 2 651 1 595 1
125 28 39 558 1 672 1 357 1 232 1 261 1 495 2 441 1 701 1 268 1 249 2 493 1 663 2 707 1 706 1 15 1 250 1 125 2 443 1 665 1 384 1 406 1 440 1 585 1 513 1 496 1 608 1 605 1 689 1 138 1 142 1 312 1 479 1 705 2 474 2 630 1 494 1 442 1 393 1 444 1
140 33 34 191 1 79 1 243 1 327 1 369 1 428 1 378 1 544 1 409 1 287 2 500 1 744 1 631 1 594 1 505 1 586 1 345 2 297 1 495 2 441 1 15 1 738 1 511 1 250 1 436 1 653 1 627 1 535 2 684 1 659 1 673 1 395 1 62 1 630 1
156 39 39 272 1 452 1 378 1 543 1 729 1 325 2 362 1 500 1 586 1 527 2 345 1 433 1 533 1 495 1 249 1 663 1 15 1 510 1 717 1 384 1 65 1 402 1 439 1 391 1 529 1 634 1 560 1 582 1 396 1 649 1 508 1 611 1 444 2 494 2 442 1 393 1 478 1 651 1 311 1
165 44 20 735 1 248 1 341 1 229 1 277 1 132 1 431 1 337 1 281 1 284 1 752 1 28 1 285 1 528 1 15 1 656 1 440 1 385 1 506 1 630 1
166 45 15 45 1 81 1 269 2 277 1 429 1 606 1 758 1 756 1 368 1 234 1 266 1 766 1 280 1 226 1 15 1
//IdTournes NbColis
14 6
//IdColis IdCommandeInColis NbProducts IdProd1 QtyProd1 IdProd2 QtyProd2 ...
84 19 32 273 1 292 1 293 1 217 1 150 1 193 1 219 1 233 1 234 2 266 2 246 1 276 1 369 1 515 2 378 1 20 1 118 1 196 1 130 1 332 1 285 1 287 1 210 1 804 1 664 1 668 1 594 1 577 1 218 1 227 1 433 1 642 2
47 12 9 99 1 100 1 106 1 174 1 92 1 108 1 260 1 294 2 220 1
28 7 7 785 1 110 1 778 1 126 2 16 1 127 1 385 1
39 10 10 778 1 106 2 16 1 108 1 782 1 567 1 80 1 351 1 375 1 214 1
73 18 15 375 1 214 2 425 1 554 1 360 1 600 1 151 1 229 1 259 2 264 1 488 2 300 2 429 2 235 2 590 1
56 13 14 71 1 644 1 384 1 64 1 152 1 396 1 654 1 657 1 388 1 650 1 630 1 770 1 520 1 591 2
//IdTournes NbColis
15 6
//IdColis IdCommandeInColis NbProducts IdProd1 QtyProd1 IdProd2 QtyProd2 ...
93 21 22 434 1 93 1 165 1 57 1 175 2 132 1 789 1 83 1 697 1 231 1 368 1 290 1 381 1 331 1 499 1 621 1 727 1 263 1 281 1 339 1 282 2 539 1
139 33 24 688 1 229 1 259 1 264 1 336 1 732 1 329 1 93 1 97 1 188 1 54 1 736 1 68 1 720 1 381 1 251 1 431 1 263 1 284 1 379 1 748 1 346 1 413 1 656 1
169 47 13 827 1 596 1 17 1 350 1 828 1 670 1 510 1 598 1 477 1 630 1 404 1 595 1 520 1
12 4 16 38 1 782 1 18 1 230 1 688 2 445 1 446 1 416 1 334 1 810 1 565 1 229 1 336 1 300 2 122 1 285 1
78 18 38 441 1 607 1 245 1 746 1 249 2 153 1 159 1 511 1 628 1 250 1 125 1 510 1 685 1 665 1 395 2 476 1 27 1 517 1 598 2 669 1 385 1 439 3 391 2 816 1 363 1 581 1 822 1 112 1 50 1 51 1 386 1 610 1 464 2 506 2 312 1 826 1 479 1 389 1
99 22 32 435 1 236 1 292 1 183 1 170 1 200 1 763 1 293 1 233 1 234 1 266 2 428 1 285 1 296 1 287 2 77 1 376 2 245 1 249 1 443 1 717 1 449 1 777 1 207 1 51 1 43 1 641 1 770 1 388 1 308 1 474 1 311 1
//IdTournes NbColis
16 6
//IdColis IdCommandeInColis NbProducts IdProd1 QtyProd1 IdProd2 QtyProd2 ...
14 4 26 564 1 603 1 534 1 267 2 435 1 284 2 298 1 570 1 60 1 806 1 373 1 811 1 292 1 24 1 293 1 692 1 219 2 233 1 327 1 266 2 272 1 428 3 20 1 287 1 558 1 391 1
36 9 25 228 1 347 1 361 1 263 2 281 1 342 1 316 1 284 3 597 1 321 1 247 1 599 1 371 1 374 1 566 1 49 1 219 2 243 1 246 1 327 1 266 1 276 1 369 2 428 1 20 1
116 26 27 428 1 516 1 20 1 325 2 287 2 490 1 296 1 285 1 562 2 631 1 376 1 441 1 330 1 53 1 395 1 476 2 47 1 615 1 391 1 616 1 624 1 742 1 632 1 78 1 442 1 623 1 561 1
107 24 27 347 1 431 1 281 2 526 1 534 1 319 1 292 1 24 1 190 1 191 1 192 1 113 1 170 1 66 1 293 2 173 1 217 1 234 1 243 1 266 3 246 1 327 1 278 2 491 1 559 1 661 1 256 1
108 24 38 518 1 204 1 82 1 240 1 285 1 287 1 490 1 296 1 558 1 500 1 793 1 721 1 470 1 376 2 576 1 401 1 249 1 663 1 507 1 511 1 628 1 250 1 344 1 194 2 665 1 384 1 185 1 792 1 112 1 51 1 589 1 477 1 649 1 388 1 308 1 630 1 393 2 520 1
68 16 20 449 1 169 1 439 1 615 1 816 1 207 1 156 1 43 1 46 1 312 1 649 1 78 1 388 1 474 1 512 1 630 1 478 1 651 1 623 1 392 1
//IdTournes NbColis
17 6
//IdColis IdCommandeInColis NbProducts IdProd1 QtyProd1 IdProd2 QtyProd2 ...
74 18 21 56 1 155 1 105 1 165 1 167 1 54 1 116 1 132 1 119 1 68 1 175 1 772 1 773 1 774 1 84 1 819 1 690 1 252 1 290 3 228 1 172 1
137 32 23 275 1 438 1 614 1 422 1 365 1 435 1 26 1 430 1 217 1 272 2 276 1 683 1 353 1 325 2 280 1 376 1 433 1 249 1 443 1 510 1 730 1 731 1 393 1
153 38 20 45 1 341 1 229 1 521 1 264 1 277 1 300 1 383 1 760 1 97 1 44 1 54 1 68 1 132 1 298 1 379 1 26 1 247 1 539 1 541 1
22 5 36 510 1 609 1 469 1 627 1 618 1 619 1 395 1 476 1 588 1 27 1 820 1 440 1 538 1 726 1 402 2 513 1 385 1 617 1 32 1 582 1 477 1 480 1 304 1 308 1 611 1 648 1 652 1 442 1 393 1 651 1 784 1 307 1 537 1 400 1 660 1 561 2
33 8 38 37 1 519 1 30 1 346 1 103 1 271 1 66 1 136 1 31 1 234 1 246 1 266 1 278 1 109 1 58 1 244 1 490 1 226 1 505 1 345 1 249 1 223 1 121 1 501 1 507 1 395 1 27 1 47 1 496 1 46 1 112 1 128 1 138 1 142 2 498 1 471 1 78 1 393 1
60 14 26 265 1 162 1 461 1 379 1 578 1 802 1 430 2 583 1 236 1 346 1 292 1 49 1 293 2 173 2 718 1 219 1 243 1 246 1 266 3 278 3 377 1 378 1 515 1 28 1 285 1 537 1
//IdTournes NbColis
18 6
//IdColis IdCommandeInColis NbProducts IdProd1 QtyProd1 IdProd2 QtyProd2 ...
102 23 26 161 1 188 1 40 1 55 1 119 1 199 1 75 1 132 1 697 1 231 1 290 1 262 1 281 1 283 1 298 1 288 1 291 1 292 1 49 1 293 2 233 2 266 1 276 1 303 1 661 1 304 1
119 27 27 75 1 132 1 231 1 253 1 331 1 216 1 263 1 265 1 337 1 281 1 342 1 614 1 242 1 583 1 236 1 740 1 741 1 492 1 292 1 743 1 234 1 276 1 278 1 544 2 29 1 318 1 280 2
149 36 22 509 1 489 1 298 2 461 1 359 1 234 1 266 1 278 1 303 1 29 1 318 1 462 1 227 1 376 1 495 1 395 1 389 1 632 1 629 1 393 1 478 1 404 1
42 10 40 244 1 382 1 280 2 285 1 523 1 286 1 287 1 490 1 98 1 317 1 462 1 668 1 631 1 577 1 268 1 579 1 223 1 769 1 628 1 455 2 573 1 403 1 406 1 517 1 394 1 439 1 624 1 117 1 123 1 506 1 396 1 477 1 783 1 380 1 442 1 237 1 305 1 497 1 392 2 537 2
20 5 26 614 1 823 1 37 1 267 1 435 2 821 1 430 2 601 1 247 1 30 1 583 1 757 1 346 1 291 1 103 1 271 1 292 1 293 1 173 1 85 1 31 1 234 1 246 1 266 4 549 1 428 1
75 18 16 331 2 350 1 213 3 216 1 220 1 263 2 265 1 238 1 281 3 342 1 534 1 162 1 267 2 242 3 435 2 284 1
//IdTournes NbColis
19 6
//IdColis IdCommandeInColis NbProducts IdProd1 QtyProd1 IdProd2 QtyProd2 ...
54 13 24 213 1 238 1 265 1 275 1 281 1 526 1 534 1 267 1 525 2 298 2 435 1 379 3 638 1 550 1 370 2 101 1 583 1 599 1 635 1 671 1 273 1 427 1 371 1 123 1
71 17 18 362 1 280 2 668 1 345 1 178 1 511 1 163 1 391 1 645 1 474 1 630 1 393 3 651 1 767 1 623 1 404 2 497 1 818 1
83 19 25 745 1 368 1 809 1 499 1 621 1 220 1 238 1 265 1 339 1 189 1 316 1 525 2 298 1 435 1 461 2 522 1 247 1 524 1 370 2 749 1 504 1 373 1 622 1 319 1 647 1
127 29 19 38 1 81 1 750 1 633 1 360 1 269 3 301 1 235 1 713 1 63 1 733 1 734 1 739 1 209 1 290 1 216 1 238 1 265 1 102 1
4 2 9 39 1 45 1 203 1 72 1 531 1 322 1 425 1 323 1 684 1
11 4 6 39 1 202 1 61 1 195 1 174 2 64 1
//IdTournes NbColis
20 6
//IdColis IdCommandeInColis NbProducts IdProd1 QtyProd1 IdProd2 QtyProd2 ...
44 11 8 39 1 45 1 107 1 715 1 448 1 407 1 457 1 439 1
51 13 5 39 2 202 1 203 1 114 1 242 1
97 22 6 39 2 45 1 114 1 759 1 341 1 224 1
101 23 10 39 1 203 1 126 1 803 1 309 1 643 1 596 1 815 1 235 1 213 1
167 46 30 753 1 688 1 453 1 229 1 269 1 366 1 301 1 119 1 141 1 265 1 267 1 284 1 374 1 191 1 293 1 243 1 266 1 278 1 369 1 544 1 274 1 500 1 41 1 476 1 51 1 541 1 506 1 389 1 313 1 444 1
123 28 21 679 1 682 1 199 1 690 1 290 1 381 1 347 1 350 1 216 1 238 1 265 2 281 2 342 1 526 1 349 1 534 1 438 1 242 1 365 1 284 2 435 2
//IdTournes NbColis
21 6
//IdColis IdCommandeInColis NbProducts IdProd1 QtyProd1 IdProd2 QtyProd2 ...
111 25 27 44 1 54 1 132 1 381 1 290 1 213 1 251 1 281 1 299 1 636 1 298 1 461 1 236 1 373 2 222 1 293 2 66 1 233 1 234 1 243 1 266 2 278 1 303 1 661 1 516 1 473 1 386 1
134 31 27 432 1 122 1 301 1 434 1 44 1 54 2 132 1 179 1 275 1 299 3 291 1 219 1 266 1 276 1 278 1 343 1 511 1 628 1 53 1 410 1 403 1 728 1 440 1 439 1 393 2 404 1 561 1
148 36 20 735 1 248 1 260 1 453 1 341 1 225 1 484 1 258 1 264 1 488 1 606 1 44 1 54 1 132 1 765 1 368 1 372 1 228 1 172 1 610 1
52 13 10 110 1 48 1 759 1 195 1 553 1 176 1 260 1 248 1 552 1 224 1
91 21 6 785 1 203 1 110 2 129 1 230 1 548 1
94 21 26 282 1 283 1 299 4 298 1 379 1 620 1 485 1 599 1 359 1 292 1 66 1 233 1 452 1 377 1 612 1 613 1 109 1 58 1 473 1 285 2 287 3 500 1 317 1 505 1 668 1 477 1
//IdTournes NbColis
22 6
//IdColis IdCommandeInColis NbProducts IdProd1 QtyProd1 IdProd2 QtyProd2 ...
115 26 24 745 1 252 1 350 1 251 1 265 1 281 1 526 1 438 1 284 4 321 1 747 1 599 1 374 1 293 1 191 1 217 1 219 1 333 1 266 3 272 1 276 1 369 2 428 1 626 1
112 25 32 280 2 296 1 594 2 211 1 297 1 376 1 268 1 249 1 279 1 493 1 663 1 223 1 510 1 665 1 656 1 634 1 639 1 46 1 610 1 506 1 398 1 675 2 388 1 393 1 623 1 404 1 237 1 307 1 660 1 676 1 561 1 625 1
1 1 9 69 1 48 1 74 1 70 1 335 1 309 1 80 1 260 2 358 1
124 28 26 602 1 461 2 321 1 364 1 247 1 702 1 374 1 292 1 293 4 680 1 687 1 217 1 219 1 233 2 266 1 246 1 327 2 278 1 428 2 378 1 559 1 518 1 353 1 240 1 287 1 558 1
27 6 18 510 2 71 1 384 1 395 1 658 1 62 1 439 1 412 1 363 1 529 1 571 1 59 1 742 1 589 1 52 1 471 1 73 2 78 1
128 29 27 281 1 284 1 298 1 461 2 525 2 221 1 247 1 370 2 635 1 749 1 293 2 113 1 79 1 217 1 234 1 246 1 369 2 377 1 428 2 518 1 332 1 240 1 280 1 575 1 357 1 376 1 389 1
//IdTournes NbColis
23 6
//IdColis IdCommandeInColis NbProducts IdProd1 QtyProd1 IdProd2 QtyProd2 ...
87 20 11 202 1 693 1 195 1 81 1 205 1 230 1 418 1 643 1 260 1 341 1 263 1
170 48 6 785 1 499 1 458 1 332 1 433 1 476 1
154 38 30 266 1 378 1 544 1 755 1 240 1 287 1 296 2 721 1 390 1 470 1 670 2 535 1 403 1 440 1 538 1 471 1 398 1 540 1 304 1 308 1 474 1 545 1 546 1 393 1 444 1 767 1 404 1 536 2 537 2 542 1
18 5 16 688 2 80 1 248 1 260 1 270 1 555 2 604 1 214 1 338 1 554 1 264 1 269 1 383 1 301 1 434 2 761 1
147 35 27 320 1 219 1 272 1 452 1 357 1 462 1 470 1 178 1 628 1 250 1 455 1 476 1 517 1 472 1 464 1 477 1 480 1 466 1 308 2 468 1 397 1 442 1 393 1 478 1 404 2 561 1 625 1
92 21 16 454 1 351 1 555 1 338 1 341 1 334 1 407 1 229 1 255 1 259 2 269 1 300 1 606 1 482 1 434 4 426 1
//IdTournes NbColis
24 5
//IdColis IdCommandeInColis NbProducts IdProd1 QtyProd1 IdProd2 QtyProd2 ...
34 8 3 380 1 502 1 305 1
132 30 20 589 1 654 1 826 1 657 1 389 1 477 1 649 3 388 1 397 1 399 1 512 1 393 1 587 1 651 2 305 1 400 1 591 1 660 1 667 1 561 1
79 18 26 389 1 641 1 649 1 593 2 632 1 480 1 629 1 474 3 388 2 308 1 724 1 397 1 630 2 442 1 478 1 587 2 311 1 623 2 825 1 306 1 307 1 536 2 392 2 824 1 660 1 667 1
65 15 1 497 1
126 28 5 478 1 311 1 392 2 400 2 561 2
