//NbTournees
6
//IdTournes NbColis
1 6
//IdColis IdCommandeInColis NbProducts IdProd1 QtyProd1 IdProd2 QtyProd2 ...
1 1 6 43 1 9 2 2 1 71 2 114 4 149 1
10 2 5 14 1 17 1 9 2 38 1 114 4
26 3 9 18 1 20 1 114 4 181 1 203 2 230 1 249 1 250 1 85 1
38 4 19 233 1 231 1 69 1 96 1 152 1 10 2 36 2 29 1 32 2 27 1 5 2 19 2 21 2 31 2 102 3 136 3 140 1 199 1 94 1
7 1 21 126 1 129 2 153 2 115 1 73 1 125 4 122 3 147 1 6 5 12 1 241 4 251 1 177 1 179 1 52 3 1 1 3 4 51 2 256 1 253 2 255 1
22 2 18 125 1 165 3 107 2 122 2 133 1 159 3 164 3 186 2 63 2 12 5 6 3 241 5 158 1 13 1 39 2 179 3 218 2 235 1
//IdTournes NbColis
2 6
//IdColis IdCommandeInColis NbProducts IdProd1 QtyProd1 IdProd2 QtyProd2 ...
32 3 22 247 2 122 1 133 1 147 1 186 3 87 2 142 1 6 4 12 1 187 3 204 3 13 1 76 3 94 1 134 1 177 4 202 1 218 1 3 4 51 2 246 1 248 1
2 1 10 149 2 151 1 203 2 66 2 55 2 65 1 74 2 127 2 170 1 1 1
23 2 8 243 2 1 3 3 2 40 1 51 3 34 3 53 2 62 1
30 3 16 24 2 15 2 5 2 19 2 21 2 23 2 245 1 31 2 48 2 102 3 136 3 184 4 199 2 214 1 201 1 1 1
40 4 13 187 1 204 2 95 1 134 1 138 1 177 2 179 4 33 2 1 1 34 1 35 1 37 1 30 1
18 2 14 257 1 258 3 15 3 27 1 5 2 19 2 42 3 23 2 21 3 31 3 48 1 244 1 108 2 102 4
//IdTournes NbColis
3 6
//IdColis IdCommandeInColis NbProducts IdProd1 QtyProd1 IdProd2 QtyProd2 ...
35 4 7 25 1 28 1 99 1 114 4 171 3 203 2 77 1
12 2 11 203 2 230 1 57 1 137 1 166 1 192 1 16 1 55 3 77 3 74 1 110 1
39 4 33 199 1 200 1 201 1 100 1 26 1 172 1 197 1 116 1 123 3 168 1 217 1 232 1 92 1 161 2 89 1 129 1 193 1 234 1 90 1 91 1 78 1 73 1 101 1 130 1 167 1 165 1 122 1 133 1 63 1 87 2 6 2 187 1 202 1
5 1 15 64 2 24 4 4 1 5 2 8 2 44 2 21 3 46 2 48 2 49 1 23 2 252 1 102 3 136 3 200 1
6 1 21 201 1 220 2 7 4 45 2 47 2 22 1 145 1 215 1 11 2 68 1 72 2 116 1 123 3 174 2 175 1 176 3 211 2 232 1 67 1 126 1 122 1
19 2 13 102 2 136 6 140 2 184 3 199 1 200 2 201 3 220 3 7 3 22 1 103 2 132 2 224 2
//IdTournes NbColis
4 6
//IdColis IdCommandeInColis NbProducts IdProd1 QtyProd1 IdProd2 QtyProd2 ...
31 3 21 7 1 22 1 47 3 145 1 215 1 197 2 86 1 116 1 68 4 123 3 217 4 232 2 161 2 67 1 119 1 182 1 78 1 81 1 82 2 125 1 247 1
4 1 14 198 2 139 3 156 1 254 1 227 2 236 1 180 1 69 2 124 2 152 2 70 2 10 2 50 1 36 2
17 2 13 195 1 210 2 56 4 223 2 10 4 36 3 242 2 58 2 113 2 41 3 24 1 238 1 257 1
29 3 14 185 1 156 1 183 1 216 2 144 1 84 2 239 3 88 3 120 1 124 3 10 2 36 2 64 2 79 1
16 2 10 139 2 156 1 227 2 236 3 180 3 239 3 54 4 104 2 69 2 195 2
11 2 7 114 3 149 4 151 2 171 2 207 1 203 2 237 1
//IdTournes NbColis
5 6
//IdColis IdCommandeInColis NbProducts IdProd1 QtyProd1 IdProd2 QtyProd2 ...
20 2 18 224 1 259 2 189 1 172 1 206 1 237 1 240 1 105 3 68 3 123 4 174 3 211 2 212 1 60 3 161 3 61 2 109 1 129 3
27 3 12 77 1 65 1 117 2 135 1 141 3 170 2 118 1 80 2 213 1 228 1 121 1 56 1
14 2 10 219 1 59 3 148 2 178 3 111 2 157 1 154 1 169 3 75 1 70 1
36 4 15 226 1 230 1 137 1 166 1 135 1 170 2 163 1 225 1 229 1 80 2 228 1 97 1 169 1 93 1 68 1
28 3 10 143 1 93 3 146 3 173 2 188 1 196 1 198 3 205 3 83 2 185 1
37 4 15 93 1 128 1 146 2 173 2 196 1 198 3 205 2 194 1 83 2 139 1 185 1 156 1 227 1 98 1 158 1
//IdTournes NbColis
6 4
//IdColis IdCommandeInColis NbProducts IdProd1 QtyProd1 IdProd2 QtyProd2 ...
21 2 17 129 1 160 3 162 2 153 2 191 3 193 2 209 1 221 3 106 3 115 1 222 3 73 3 82 2 101 3 112 2 130 1 125 3
13 2 8 74 2 131 1 141 2 163 1 170 4 190 2 208 2 219 2
3 1 9 170 6 178 1 155 1 154 2 75 1 128 1 150 3 173 2 198 1
15 2 6 75 2 128 2 150 1 173 4 194 5 198 6
