//NbTournees
16
//IdTournes NbColis
1 6
//IdColis IdCommandeInColis NbProducts IdProd1 QtyProd1 IdProd2 QtyProd2 ...
11 5 20 23 1 227 1 193 1 179 1 44 1 51 1 53 1 54 1 56 1 64 1 91 2 77 1 80 2 191 2 192 1 87 2 196 1 198 1 429 1 363 1
18 7 19 227 1 44 1 51 1 53 1 54 1 56 1 64 1 77 1 80 2 87 2 91 2 191 2 192 1 196 1 198 2 201 1 222 1 385 1 49 1
23 8 22 358 2 411 1 49 1 93 1 108 1 111 2 185 1 100 1 401 1 98 1 107 1 35 1 52 1 92 1 50 1 62 1 45 1 40 2 272 1 273 1 28 2 31 2
70 25 21 74 1 240 1 254 1 255 1 234 1 128 1 178 1 232 1 137 1 155 1 177 1 279 2 122 1 45 1 259 1 272 1 273 1 28 2 31 2 2 1 14 1
26 9 23 373 1 425 1 234 1 213 1 214 1 219 1 141 1 223 1 236 1 443 1 29 1 68 1 79 1 202 1 46 1 47 1 209 1 221 1 184 1 225 1 32 1 28 1 363 1
29 10 20 410 1 59 1 73 1 75 1 90 1 113 1 146 1 375 1 234 1 403 1 189 1 69 1 112 2 358 1 379 1 46 1 48 1 55 1 415 1 263 1
//IdTournes NbColis
2 6
//IdColis IdCommandeInColis NbProducts IdProd1 QtyProd1 IdProd2 QtyProd2 ...
33 11 21 358 2 379 1 46 1 49 1 93 1 94 1 101 1 111 1 185 1 83 1 103 1 142 1 32 1 33 2 144 1 275 1 378 2 82 1 86 1 28 1 31 2
4 2 23 425 1 361 1 213 1 298 1 29 1 141 1 223 1 443 1 121 1 79 1 47 1 184 1 290 1 252 1 356 1 105 1 84 1 98 1 137 1 139 1 132 1 170 1 43 1
7 3 22 19 1 21 1 39 1 96 1 280 1 114 1 153 1 243 1 10 1 140 1 112 1 289 1 47 1 284 1 252 1 100 1 83 1 103 1 286 1 142 1 253 1 33 1
13 5 19 216 1 189 1 153 1 154 2 375 1 424 1 234 1 89 1 233 1 390 1 358 2 379 1 48 1 49 1 57 1 93 1 241 1 25 1 28 1
35 12 23 149 1 96 1 76 1 130 1 106 1 151 1 114 1 128 1 140 1 150 1 10 1 79 1 47 1 48 1 147 1 120 1 401 1 83 1 103 1 142 1 25 1 28 2 363 1
38 13 26 425 1 188 1 298 1 141 1 390 1 223 1 299 1 47 1 356 1 132 1 137 1 126 1 296 1 33 2 25 1 32 2 37 1 124 1 136 1 279 1 122 1 432 1 28 2 31 2 27 1 42 2
//IdTournes NbColis
3 6
//IdColis IdCommandeInColis NbProducts IdProd1 QtyProd1 IdProd2 QtyProd2 ...
40 14 21 96 1 73 1 75 1 85 1 90 1 146 1 113 1 114 1 154 1 375 1 234 1 189 1 128 1 226 1 379 1 48 1 55 1 93 1 94 1 145 1 117 1
42 15 21 456 1 73 1 75 1 85 1 90 1 129 1 146 1 113 1 154 1 373 1 375 1 234 1 189 1 112 1 358 1 235 1 379 1 79 1 48 1 116 1 454 1
71 26 25 96 1 114 1 248 1 243 1 237 1 140 1 10 1 47 1 83 1 103 1 137 1 138 1 142 1 245 1 134 1 276 1 257 1 264 1 263 1 28 2 31 2 266 3 271 1 34 1 260 1
72 27 22 96 1 159 1 146 1 114 1 256 1 243 1 140 1 10 1 47 1 239 1 252 1 83 1 103 1 142 1 144 1 229 1 268 1 277 1 267 1 28 2 31 2 274 1
73 28 25 96 1 72 1 114 1 247 1 154 1 243 1 140 1 10 1 68 1 47 1 55 1 83 1 103 1 142 1 265 1 52 1 165 1 92 1 275 1 276 1 272 1 273 1 28 2 31 2 270 1
75 29 24 96 1 76 1 238 1 161 1 162 1 114 1 243 1 140 1 249 1 250 1 258 1 10 1 68 1 47 1 83 1 103 1 142 1 246 1 40 1 272 1 273 1 28 2 31 2 262 1
//IdTournes NbColis
4 6
//IdColis IdCommandeInColis NbProducts IdProd1 QtyProd1 IdProd2 QtyProd2 ...
77 30 24 278 1 96 1 113 1 114 1 186 1 243 1 140 1 215 1 10 1 47 1 241 1 251 1 83 1 103 1 142 1 244 1 253 1 242 1 229 2 261 1 269 1 272 1 28 2 31 2
79 31 26 96 1 131 1 114 1 243 1 298 1 237 1 140 1 112 1 47 1 241 1 288 1 184 1 290 1 297 1 83 1 103 1 142 1 166 1 144 1 295 1 303 1 305 1 283 1 264 1 266 1 302 1
81 32 21 96 1 70 1 287 1 114 1 291 1 243 1 140 1 10 1 47 1 49 1 293 1 181 1 83 1 103 1 142 1 32 2 33 2 144 1 28 2 31 2 27 2
83 33 35 39 1 96 1 114 1 282 1 243 1 223 1 10 1 47 1 232 1 83 1 103 1 142 1 294 1 296 1 300 1 32 2 33 2 25 1 35 1 285 1 12 1 62 1 309 1 469 1 40 3 259 1 263 1 31 2 28 2 2 2 14 1 271 1 34 1 42 1 308 1
85 34 13 281 1 292 1 233 1 299 1 47 1 301 1 105 1 115 1 272 1 273 1 28 1 31 1 308 2
86 35 15 96 1 152 1 114 1 243 1 140 1 10 1 47 1 232 1 83 1 103 1 142 1 4 1 272 1 28 2 31 2
//IdTournes NbColis
5 6
//IdColis IdCommandeInColis NbProducts IdProd1 QtyProd1 IdProd2 QtyProd2 ...
87 36 18 333 1 313 1 140 1 10 1 79 1 47 1 173 1 178 1 137 1 314 1 325 1 36 1 82 1 156 1 272 1 273 1 28 2 31 2
88 37 19 96 1 114 1 243 1 140 1 10 1 47 2 315 1 322 1 181 1 83 1 103 1 142 1 319 1 324 1 330 1 272 1 28 2 31 2 331 1
89 38 13 317 1 320 1 312 1 79 1 48 1 232 1 332 1 118 1 272 1 273 1 28 2 31 2 308 1
30 10 23 93 1 94 1 102 1 111 1 230 1 110 1 109 1 61 1 325 3 52 1 66 1 92 1 396 1 402 1 50 1 414 1 86 1 28 2 31 2 2 1 412 1 34 1 328 1
45 16 21 227 1 64 1 58 1 73 1 81 1 85 1 90 1 95 1 113 1 153 1 418 1 398 1 375 1 189 1 89 1 233 1 358 1 411 1 49 1 93 1 101 1
48 17 19 49 1 101 1 111 1 185 1 290 1 120 1 98 1 138 1 107 1 25 1 32 2 33 2 35 1 165 1 377 1 28 2 31 2 27 3 42 3
//IdTournes NbColis
6 6
//IdColis IdCommandeInColis NbProducts IdProd1 QtyProd1 IdProd2 QtyProd2 ...
50 18 22 428 1 73 1 81 1 85 1 90 1 95 1 180 1 113 1 186 1 189 1 398 1 375 1 233 1 358 1 411 1 49 1 93 1 168 1 101 1 185 1 458 1 363 1
53 19 23 435 1 39 1 179 1 73 1 81 1 85 1 90 1 146 1 113 1 188 1 189 1 154 1 375 1 167 1 182 1 358 1 379 1 49 1 94 1 101 1 25 1 438 1 308 1
55 20 21 227 1 64 1 58 1 73 1 81 1 85 1 90 1 146 1 113 1 398 1 375 1 189 1 153 1 89 1 233 1 358 1 411 1 49 1 93 1 94 1 185 1
12 5 22 198 1 201 1 385 2 386 2 389 2 392 1 222 1 397 1 420 1 423 1 404 1 428 1 58 1 70 1 72 1 73 1 75 1 90 1 85 1 113 1 146 1 52 1
36 12 11 115 1 32 2 33 2 37 1 462 1 52 1 92 1 461 1 31 2 27 3 42 3
43 15 21 55 1 94 1 102 1 111 1 225 1 251 1 230 1 109 1 126 2 25 1 32 2 33 2 52 1 92 1 229 1 60 1 28 2 31 2 27 3 42 3 274 1
//IdTournes NbColis
7 6
//IdColis IdCommandeInColis NbProducts IdProd1 QtyProd1 IdProd2 QtyProd2 ...
51 18 25 184 1 457 1 181 1 109 1 187 2 25 2 32 2 33 2 35 1 332 1 52 1 92 1 166 1 459 1 276 1 303 1 330 1 264 1 15 3 41 3 28 2 31 2 380 1 27 3 42 3
54 19 18 101 1 111 1 185 1 109 1 126 1 32 2 33 2 35 1 436 1 52 1 92 1 28 2 31 2 27 3 367 1 42 3 427 1 308 1
59 21 26 394 1 120 1 83 1 98 1 170 1 107 1 321 1 341 1 231 1 124 1 52 1 92 1 384 1 395 1 279 1 276 1 408 1 409 1 156 1 407 1 263 1 28 2 31 2 306 1 271 1 412 1
62 22 24 232 1 105 1 98 1 107 1 183 1 25 1 32 2 33 2 35 1 52 1 92 2 444 1 295 1 279 1 11 1 156 1 86 1 264 1 28 2 31 2 451 1 27 3 42 3 331 2
90 39 27 471 1 16 1 227 1 39 1 64 1 58 1 159 1 73 1 153 1 69 1 89 1 233 1 174 1 29 1 173 1 105 1 98 1 107 1 32 2 33 2 25 1 35 1 52 1 92 1 318 1 42 1 308 1
92 40 18 88 1 63 1 74 1 85 1 317 1 326 1 140 1 329 1 311 1 178 1 232 1 137 1 115 1 40 1 272 1 273 1 28 2 31 2
//IdTournes NbColis
8 6
//IdColis IdCommandeInColis NbProducts IdProd1 QtyProd1 IdProd2 QtyProd2 ...
1 1 22 227 1 64 1 58 1 159 1 73 1 199 1 153 1 89 1 233 1 29 2 174 1 215 1 235 1 173 1 111 1 225 1 98 1 107 1 204 1 25 1 32 2 33 2
19 7 23 385 1 386 2 389 2 392 1 397 1 404 1 420 1 423 1 58 1 73 1 85 1 90 1 81 1 200 1 113 1 146 1 189 1 153 1 398 1 375 1 89 1 233 1 35 1
22 8 21 88 1 227 1 64 1 58 1 73 1 81 1 85 1 90 1 104 1 113 1 388 1 146 1 186 1 375 1 189 1 153 1 154 1 89 1 233 1 393 1 101 1
47 17 21 227 1 64 1 58 1 70 1 73 1 81 1 163 1 85 1 164 1 95 1 113 1 153 1 398 1 447 1 375 1 189 1 89 1 233 1 358 1 411 1 94 1
58 21 23 391 1 227 1 64 1 58 1 159 1 73 1 160 1 169 2 399 1 153 1 69 1 89 1 243 1 233 1 174 1 29 1 94 1 171 1 173 1 284 1 120 1 406 1 405 1
61 22 22 227 1 64 1 58 1 159 1 73 1 161 1 162 1 153 1 89 1 167 1 233 1 176 1 112 1 441 1 374 1 235 1 411 1 101 1 172 1 173 1 178 1 452 1
//IdTournes NbColis
9 6
//IdColis IdCommandeInColis NbProducts IdProd1 QtyProd1 IdProd2 QtyProd2 ...
64 23 21 227 1 64 1 58 1 73 1 85 1 164 1 95 1 207 1 212 1 220 1 113 1 398 1 375 2 189 1 153 1 89 1 233 1 387 1 358 1 98 1 405 1
56 20 21 101 1 448 1 158 1 98 1 107 1 126 1 449 1 25 1 32 2 33 2 157 1 124 1 155 1 175 1 177 1 442 1 402 1 28 2 31 2 27 3 42 3
68 24 18 208 1 211 1 178 1 228 2 230 1 232 1 137 1 205 1 32 2 33 2 35 1 13 1 155 1 467 1 27 2 42 2 308 1 331 1
93 41 26 96 1 74 1 114 2 255 1 128 1 310 1 323 1 140 1 79 1 178 1 232 1 181 1 83 1 103 1 142 1 321 1 155 1 316 1 304 1 272 1 273 1 28 2 31 2 327 1 328 1 334 1
95 42 18 74 1 255 1 178 1 184 1 232 1 137 1 25 1 32 2 33 2 35 1 155 1 60 1 28 2 31 2 260 1 27 3 42 3 308 2
96 43 21 343 1 96 1 159 1 74 1 337 1 114 1 248 1 128 1 241 1 178 1 232 1 83 1 103 1 142 1 253 1 32 2 33 2 155 1 28 2 31 2 27 1
//IdTournes NbColis
10 6
//IdColis IdCommandeInColis NbProducts IdProd1 QtyProd1 IdProd2 QtyProd2 ...
98 44 15 74 1 248 1 215 1 178 1 232 1 137 1 341 1 155 1 65 1 338 1 272 1 273 1 28 2 31 2 308 1
99 45 17 88 1 336 1 197 1 173 1 25 1 32 1 33 1 35 1 155 1 272 1 273 1 28 1 31 1 344 2 27 2 42 2 308 1
100 46 20 74 1 114 1 248 1 112 1 178 1 230 1 232 1 137 1 109 1 339 1 340 1 155 1 165 1 275 1 43 1 338 1 272 1 273 1 28 2 31 2
32 11 22 96 1 59 1 71 1 73 1 75 2 76 1 85 1 90 1 99 1 113 1 114 1 370 1 146 1 254 1 373 1 375 1 189 1 154 1 243 1 32 1 28 1 331 1
37 13 21 16 1 67 1 59 1 73 1 74 1 76 1 78 1 123 1 97 1 131 1 133 1 148 1 152 1 216 1 217 1 248 1 419 1 373 1 421 2 425 1 84 1
14 5 23 185 1 434 1 98 1 107 1 32 2 33 2 35 1 92 1 242 1 426 1 60 1 11 1 41 3 15 2 28 1 31 2 26 1 431 1 433 1 27 3 367 1 42 3 307 1
//IdTournes NbColis
11 6
//IdColis IdCommandeInColis NbProducts IdProd1 QtyProd1 IdProd2 QtyProd2 ...
27 9 23 356 1 446 1 434 1 105 1 83 1 84 1 132 1 103 1 321 1 253 1 32 1 33 2 25 2 37 2 218 1 60 2 450 1 15 3 41 3 28 1 342 1 27 3 42 3
5 2 29 244 1 119 2 183 2 253 1 341 1 25 2 32 2 33 2 37 2 9 1 92 1 134 1 175 1 371 1 177 1 319 1 377 1 12 1 118 1 7 1 15 2 41 3 28 2 2 1 3 1 5 1 17 1 27 1 42 2
8 3 22 296 1 25 1 32 2 33 1 35 1 13 1 144 1 177 1 36 1 38 1 190 1 40 5 28 2 31 2 304 1 14 1 2 1 306 1 34 1 3 1 27 3 42 3
65 23 21 411 1 93 1 94 1 168 1 101 1 111 1 184 1 185 1 107 1 126 1 25 1 32 2 33 2 144 1 365 1 413 1 190 1 28 2 31 2 27 3 42 3
101 47 15 74 1 114 1 255 1 178 1 232 1 137 1 144 1 177 1 335 1 40 1 272 1 273 1 28 2 31 2 342 1
25 9 21 455 1 63 1 445 1 64 2 67 1 195 1 72 1 73 1 74 1 78 1 95 1 97 1 106 1 131 1 216 1 217 1 152 1 114 1 188 1 248 2 453 1
//IdTournes NbColis
12 6
//IdColis IdCommandeInColis NbProducts IdProd1 QtyProd1 IdProd2 QtyProd2 ...
3 2 21 18 1 22 1 16 1 64 1 67 1 73 1 74 2 78 1 97 1 135 1 106 1 131 1 216 1 217 1 152 1 248 1 188 1 376 1 373 1 421 1 8 1
20 7 26 112 1 358 1 411 1 203 1 93 1 94 1 101 1 111 1 185 2 251 1 401 1 98 1 107 1 25 1 32 2 33 2 194 1 265 1 460 1 463 1 275 1 400 1 65 1 15 2 41 3 28 2
102 48 11 357 1 142 1 360 1 296 1 157 1 351 1 272 1 273 1 28 1 31 1 308 1
16 6 27 96 1 159 1 73 1 114 1 167 1 354 1 243 1 29 1 174 1 150 1 94 1 355 1 356 1 158 1 83 1 103 1 142 2 109 1 25 1 32 2 33 2 35 1 349 1 24 1 267 1 362 1 30 1
103 49 18 70 1 74 1 248 1 361 1 206 1 108 1 178 1 252 1 232 1 137 1 345 1 359 1 144 1 272 1 273 1 28 2 31 2 369 1
104 50 23 88 1 72 1 159 1 73 1 85 1 99 1 350 1 247 1 213 1 174 1 358 1 10 1 29 1 173 1 252 1 301 1 142 1 136 1 348 1 365 1 338 1 31 2 368 1
//IdTournes NbColis
13 6
//IdColis IdCommandeInColis NbProducts IdProd1 QtyProd1 IdProd2 QtyProd2 ...
9 4 23 18 1 20 1 159 1 346 1 174 1 29 1 172 1 173 1 105 1 353 1 109 2 294 2 25 2 35 2 32 2 33 2 347 1 268 1 36 1 86 1 41 3 15 2 363 1
67 24 19 464 1 465 1 466 1 468 1 470 1 88 1 74 1 162 1 197 1 234 1 255 1 206 1 210 1 215 1 224 1 226 1 208 1 25 1 262 1
106 51 13 74 1 248 1 352 1 178 1 232 1 137 1 82 1 366 1 338 1 263 1 28 2 31 2 2 1
107 52 14 74 1 248 1 372 1 173 1 178 1 232 1 137 1 229 1 86 1 272 1 273 1 28 2 31 2 383 1
108 53 13 74 1 248 1 188 1 89 1 233 1 178 1 232 1 137 1 9 1 28 2 31 2 3 1 380 1
41 14 16 111 1 230 1 83 1 103 1 142 1 25 1 32 2 33 2 35 1 144 1 365 1 264 1 28 2 31 2 27 3 42 3
//IdTournes NbColis
14 6
//IdColis IdCommandeInColis NbProducts IdProd1 QtyProd1 IdProd2 QtyProd2 ...
46 16 16 94 1 111 1 185 1 98 1 127 1 138 1 107 1 143 1 134 1 402 1 377 1 1 1 125 1 272 1 28 2 31 2
109 54 13 96 1 137 1 378 1 272 1 273 1 28 2 31 2 306 1 381 1 260 1 380 1 26 1 308 1
110 55 10 382 1 374 1 311 1 184 1 305 1 272 1 273 1 28 2 31 2 308 2
17 6 6 144 1 40 5 28 2 31 2 27 3 42 3
111 56 14 422 1 416 1 178 1 252 1 316 1 36 3 303 1 272 1 273 1 28 2 31 2 334 2 440 1 308 1
112 57 11 437 1 439 1 279 1 417 1 272 1 273 1 28 2 31 2 381 1 430 1 334 1
//IdTournes NbColis
15 6
//IdColis IdCommandeInColis NbProducts IdProd1 QtyProd1 IdProd2 QtyProd2 ...
2 1 12 35 1 231 1 229 1 4 1 11 1 1 1 6 1 28 2 31 2 5 1 27 3 42 3
21 7 6 31 2 2 1 327 1 334 1 27 3 42 3
10 4 8 15 1 28 2 31 2 364 1 369 1 27 3 367 1 42 3
84 33 3 27 3 42 2 307 1
91 39 6 40 2 28 2 31 2 27 3 42 2 308 1
6 2 2 27 2 42 1
//IdTournes NbColis
16 1
//IdColis IdCommandeInColis NbProducts IdProd1 QtyProd1 IdProd2 QtyProd2 ...
39 13 2 27 2 42 1
